43,1,300
86,1,300
129,1,300
172,1,300
215,1,300
258,1,300
301,1,300
344,1,300
387,1,300
430,1,300
473,1,300
516,1,300
559,1,300
602,1,300
645,1,300
688,1,300
731,1,300
774,1,300
817,1,300
860,1,300
903,1,300
946,1,300
989,1,300
1032,1,300
1075,1,300
1118,1,300
1161,1,300
1204,1,300
1247,1,300
1290,1,300
1333,1,300
1376,1,300
1419,1,300
1462,1,300
1505,1,300
1548,1,300
1591,1,300
1634,1,300
1677,1,300
1720,1,300
1763,1,300
1806,1,300
1849,1,300
1892,1,300
1935,1,300
1978,1,300
2021,1,300
2064,1,300
2107,1,300
2150,1,300
2193,1,300
2236,1,300
2279,1,300
2322,1,300
2365,1,300
2408,1,300
2451,1,300
2494,1,300
2537,1,300
2580,1,300
2623,1,300
2666,1,300
2709,1,300
2752,1,300
2795,1,300
2838,1,300
2881,1,300
2924,1,300
2967,1,300
3010,1,300
3053,1,300
3096,1,300
3139,1,300
3182,1,300
3225,1,300
3268,1,300
3311,1,300
3354,1,300
3397,1,300
3440,1,300
3483,1,300
3526,1,300
3569,1,300
3612,1,300
3655,1,300
3698,1,300
3741,1,300
3784,1,300
3827,1,300
3870,1,300
3913,1,300
3956,1,300
3999,1,300
4042,1,300
4085,1,300
4128,1,300
4171,1,300
4214,1,300
4257,1,300
4300,1,300
4343,1,300
4386,1,300
4429,1,300
4472,1,300
4515,1,300
4558,1,300
4601,1,300
4644,1,300
4687,1,300
4730,1,300
4773,1,300
4816,1,300
4859,1,300
4902,1,300
4945,1,300
4988,1,300
5031,1,300
5074,1,300
5117,1,300
5160,1,300
5203,1,300
5246,1,300
5289,1,300
5332,1,300
5375,1,300
5418,1,300
5461,1,300
5504,1,300
5547,1,300
5590,1,300
5633,1,300
5676,1,300
5719,1,300
5762,1,300
5805,1,300
5848,1,300
5891,1,300
5934,1,300
5977,1,300
6020,1,300
6063,1,300
6106,1,300
6149,1,300
6192,1,300
6235,1,300
6278,1,300
6321,1,300
6364,1,300
6407,1,300
6450,1,300
6493,1,300
6536,1,300
6579,1,300
6622,1,300
6665,1,300
6708,1,300
6751,1,300
6794,1,300
6837,1,300
6880,1,300
6923,1,300
6966,1,300
7009,1,300
7052,1,300
7095,1,300
7138,1,300
7181,1,300
7224,1,300
7267,1,300
7310,1,300
7353,1,300
7396,1,300
7439,1,300
7482,1,300
7525,1,300
7568,1,300
7611,1,300
7654,1,300
7697,1,300
7740,1,300
7783,1,300
7826,1,300
7869,1,300
7912,1,300
7955,1,300
7998,1,300
8041,1,300
8084,1,300
8127,1,300
8170,1,300
8213,1,300
8256,1,300
8299,1,300
8342,1,300
8385,1,300
8428,1,300
8471,1,300
8514,1,300
8557,1,300
8600,1,300
8643,1,300
8686,1,300
8729,1,300
8772,1,300
8815,1,300
8858,1,300
8901,1,300
8944,1,300
8987,1,300
9030,1,300
9073,1,300
9116,1,300
9159,1,300
9202,1,300
9245,1,300
9288,1,300
9331,1,300
9374,1,300
9417,1,300
9460,1,300
9503,1,300
9546,1,300
9589,1,300
9632,1,300
9675,1,300
9718,1,300
9761,1,300
9804,1,300
9847,1,300
9890,1,300
9933,1,300
9976,1,300
10019,1,300
10062,1,300
10105,1,300
10148,1,300
10191,1,300
10234,1,300
10277,1,300
10320,1,300
10363,1,300
10406,1,300
10449,1,300
10492,1,300
10535,1,300
10578,1,300
10621,1,300
10664,1,300
10707,1,300
10750,1,300
10793,1,300
10836,1,300
10879,1,300
10922,1,300
10965,1,300
11008,1,300
11051,1,300
11094,1,300
11137,1,300
11180,1,300
11223,1,300
11266,1,300
11309,1,300
11352,1,300
11395,1,300
11438,1,300
11481,1,300
11524,1,300
11567,1,300
11610,1,300
11653,1,300
11696,1,300
11739,1,300
11782,1,300
11825,1,300
11868,1,300
11911,1,300
11954,1,300
11997,1,300
12040,1,300
12083,1,300
12126,1,300
12169,1,300
12212,1,300
12255,1,300
12298,1,300
12341,1,300
12384,1,300
12427,1,300
12470,1,300
12513,1,300
12556,1,300
12599,1,300
12642,1,300
12685,1,300
12728,1,300
12771,1,300
12814,1,300
12857,1,300
12900,1,300
12943,1,300
12986,1,300
13029,1,300
13072,1,300
13115,1,300
13158,1,300
13201,1,300
13244,1,300
13287,1,300
13330,1,300
13373,1,300
13416,1,300
13459,1,300
13502,1,300
13545,1,300
13588,1,300
13631,1,300
13674,1,300
13717,1,300
13760,1,300
13803,1,300
13846,1,300
13889,1,300
13932,1,300
13975,1,300
14018,1,300
14061,1,300
14104,1,300
14147,1,300
14190,1,300
14233,1,300
14276,1,300
14319,1,300
14362,1,300
14405,1,300
14448,1,300
14491,1,300
14534,1,300
14577,1,300
14620,1,300
14663,1,300
14706,1,300
14749,1,300
14792,1,300
14835,1,300
14878,1,300
14921,1,300
14964,1,300
15007,1,300
15050,1,300
15093,1,300
15136,1,300
15179,1,300
15222,1,300
15265,1,300
15308,1,300
15351,1,300
15394,1,300
15437,1,300
15480,1,300
15523,1,300
15566,1,300
15609,1,300
15652,1,300
15695,1,300
15738,1,300
15781,1,300
15824,1,300
15867,1,300
15910,1,300
15953,1,300
15996,1,300
16039,1,300
16082,1,300
16125,1,300
16168,1,300
16211,1,300
16254,1,300
16297,1,300
16340,1,300
16383,1,300
16426,1,300
16469,1,300
16512,1,300
16555,1,300
16598,1,300
16641,1,300
16684,1,300
16727,1,300
16770,1,300
16813,1,300
16856,1,300
16899,1,300
16942,1,300
16985,1,300
17028,1,300
17071,1,300
17114,1,300
17157,1,300
17200,1,300
17243,1,300
17286,1,300
17329,1,300
17372,1,300
17415,1,300
17458,1,300
17501,1,300
17544,1,300
17587,1,300
17630,1,300
17673,1,300
17716,1,300
17759,1,300
17802,1,300
17845,1,300
17888,1,300
17931,1,300
17974,1,300
18017,1,300
18060,1,300
18103,1,300
18146,1,300
18189,1,300
18232,1,300
18275,1,300
18318,1,300
18361,1,300
18404,1,300
18447,1,300
18490,1,300
18533,1,300
18576,1,300
18619,1,300
18662,1,300
18705,1,300
18748,1,300
18791,1,300
18834,1,300
18877,1,300
18920,1,300
18963,1,300
19006,1,300
19049,1,300
19092,1,300
19135,1,300
19178,1,300
19221,1,300
19264,1,300
19307,1,300
19350,1,300
19393,1,300
19436,1,300
19479,1,300
19522,1,300
19565,1,300
19608,1,300
19651,1,300
19694,1,300
19737,1,300
19780,1,300
19823,1,300
19866,1,300
19909,1,300
19952,1,300
19995,1,300
20038,1,300
20081,1,300
20124,1,300
20167,1,300
20210,1,300
20253,1,300
20296,1,300
20339,1,300
20382,1,300
20425,1,300
20468,1,300
20511,1,300
20554,1,300
20597,1,300
20640,1,300
20683,1,300
20726,1,300
20769,1,300
20812,1,300
20855,1,300
20898,1,300
20941,1,300
20984,1,300
21027,1,300
21070,1,300
21113,1,300
21156,1,300
21199,1,300
21242,1,300
21285,1,300
21328,1,300
21371,1,300
21414,1,300
21457,1,300
21500,1,300
21543,1,300
21586,1,300
21629,1,300
21672,1,300
21715,1,300
21758,1,300
21801,1,300
21844,1,300
21887,1,300
21930,1,300
21973,1,300
22016,1,300
22059,1,300
22102,1,300
22145,1,300
22188,1,300
22231,1,300
22274,1,300
22317,1,300
22360,1,300
22403,1,300
22446,1,300
22489,1,300
22532,1,300
22575,1,300
22618,1,300
22661,1,300
22704,1,300
22747,1,300
22790,1,300
22833,1,300
22876,1,300
22919,1,300
22962,1,300
23005,1,300
23048,1,300
23091,1,300
23134,1,300
23177,1,300
23220,1,300
23263,1,300
23306,1,300
23349,1,300
23392,1,300
23435,1,300
23478,1,300
23521,1,300
23564,1,300
23607,1,300
23650,1,300
23693,1,300
23736,1,300
23779,1,300
23822,1,300
23865,1,300
23908,1,300
23951,1,300
23994,1,300
24037,1,300
24080,1,300
24123,1,300
24166,1,300
24209,1,300
24252,1,300
24295,1,300
24338,1,300
24381,1,300
24424,1,300
24467,1,300
24510,1,300
24553,1,300
24596,1,300
24639,1,300
24682,1,300
24725,1,300
24768,1,300
24811,1,300
24854,1,300
24897,1,300
24940,1,300
24983,1,300
25026,1,300
25069,1,300
25112,1,300
25155,1,300
25198,1,300
25241,1,300
25284,1,300
25327,1,300
25370,1,300
25413,1,300
25456,1,300
25499,1,300
25542,1,300
25585,1,300
25628,1,300
25671,1,300
25714,1,300
25757,1,300
25800,1,300
25843,1,300
25886,1,300
25929,1,300
25972,1,300
26015,1,300
26058,1,300
26101,1,300
26144,1,300
26187,1,300
26230,1,300
26273,1,300
26316,1,300
26359,1,300
26402,1,300
26445,1,300
26488,1,300
26531,1,300
26574,1,300
26617,1,300
26660,1,300
26703,1,300
26746,1,300
26789,1,300
26832,1,300
26875,1,300
26918,1,300
26961,1,300
27004,1,300
27047,1,300
27090,1,300
27133,1,300
27176,1,300
27219,1,300
27262,1,300
27305,1,300
27348,1,300
27391,1,300
27434,1,300
27477,1,300
27520,1,300
27563,1,300
27606,1,300
27649,1,300
27692,1,300
27735,1,300
27778,1,300
27821,1,300
27864,1,300
27907,1,300
27950,1,300
27993,1,300
28036,1,300
28079,1,300
28122,1,300
28165,1,300
28208,1,300
28251,1,300
28294,1,300
28337,1,300
28380,1,300
28423,1,300
28466,1,300
28509,1,300
28552,1,300
28595,1,300
28638,1,300
28681,1,300
28724,1,300
28767,1,300
28810,1,300
28853,1,300
28896,1,300
28939,1,300
28982,1,300
29025,1,300
29068,1,300
29111,1,300
29154,1,300
29197,1,300
29240,1,300
29283,1,300
29326,1,300
29369,1,300
29412,1,300
29455,1,300
29498,1,300
29541,1,300
29584,1,300
29627,1,300
29670,1,300
29713,1,300
29756,1,300
29799,1,300
29842,1,300
29885,1,300
29928,1,300
29971,1,300
30014,1,300
30057,1,300
30100,1,300
30143,1,300
30186,1,300
30229,1,300
30272,1,300
30315,1,300
30358,1,300
30401,1,300
30444,1,300
30487,1,300
30530,1,300
30573,1,300
30616,1,300
30659,1,300
30702,1,300
30745,1,300
30788,1,300
30831,1,300
30874,1,300
30917,1,300
30960,1,300
31003,1,300
31046,1,300
31089,1,300
31132,1,300
31175,1,300
31218,1,300
31261,1,300
31304,1,300
31347,1,300
31390,1,300
31433,1,300
31476,1,300
31519,1,300
31562,1,300
31605,1,300
31648,1,300
31691,1,300
31734,1,300
31777,1,300
31820,1,300
31863,1,300
31906,1,300
31949,1,300
31992,1,300
32035,1,300
32078,1,300
32121,1,300
32164,1,300
32207,1,300
32250,1,300
32293,1,300
32336,1,300
32379,1,300
32422,1,300
32465,1,300
32508,1,300
32551,1,300
32594,1,300
32637,1,300
32680,1,300
32723,1,300
32766,1,300
32809,1,300
32852,1,300
32895,1,300
32938,1,300
32981,1,300
33024,1,300
33067,1,300
33110,1,300
33153,1,300
33196,1,300
33239,1,300
33282,1,300
33325,1,300
33368,1,300
33411,1,300
33454,1,300
33497,1,300
33540,1,300
33583,1,300
33626,1,300
33669,1,300
33712,1,300
33755,1,300
33798,1,300
33841,1,300
33884,1,300
33927,1,300
33970,1,300
34013,1,300
34056,1,300
34099,1,300
34142,1,300
34185,1,300
34228,1,300
34271,1,300
34314,1,300
34357,1,300
34400,1,300
34443,1,300
34486,1,300
34529,1,300
34572,1,300
34615,1,300
34658,1,300
34701,1,300
34744,1,300
34787,1,300
34830,1,300
34873,1,300
34916,1,300
34959,1,300
35002,1,300
35045,1,300
35088,1,300
35131,1,300
35174,1,300
35217,1,300
35260,1,300
35303,1,300
35346,1,300
35389,1,300
35432,1,300
35475,1,300
35518,1,300
35561,1,300
35604,1,300
35647,1,300
35690,1,300
35733,1,300
35776,1,300
35819,1,300
35862,1,300
35905,1,300
35948,1,300
35991,1,300
36034,1,300
36077,1,300
36120,1,300
36163,1,300
36206,1,300
36249,1,300
36292,1,300
36335,1,300
36378,1,300
36421,1,300
36464,1,300
36507,1,300
36550,1,300
36593,1,300
36636,1,300
36679,1,300
36722,1,300
36765,1,300
36808,1,300
36851,1,300
36894,1,300
36937,1,300
36980,1,300
37023,1,300
37066,1,300
37109,1,300
37152,1,300
37195,1,300
37238,1,300
37281,1,300
37324,1,300
37367,1,300
37410,1,300
37453,1,300
37496,1,300
37539,1,300
37582,1,300
37625,1,300
37668,1,300
37711,1,300
37754,1,300
37797,1,300
37840,1,300
37883,1,300
37926,1,300
37969,1,300
38012,1,300
38055,1,300
38098,1,300
38141,1,300
38184,1,300
38227,1,300
38270,1,300
38313,1,300
38356,1,300
38399,1,300
38442,1,300
38485,1,300
38528,1,300
38571,1,300
38614,1,300
38657,1,300
38700,1,300
38743,1,300
38786,1,300
38829,1,300
38872,1,300
38915,1,300
38958,1,300
39001,1,300
39044,1,300
39087,1,300
39130,1,300
39173,1,300
39216,1,300
39259,1,300
39302,1,300
39345,1,300
39388,1,300
39431,1,300
39474,1,300
39517,1,300
39560,1,300
39603,1,300
39646,1,300
39689,1,300
39732,1,300
39775,1,300
39818,1,300
39861,1,300
39904,1,300
39947,1,300
39990,1,300
40033,1,300
40076,1,300
40119,1,300
40162,1,300
40205,1,300
40248,1,300
40291,1,300
40334,1,300
40377,1,300
40420,1,300
40463,1,300
40506,1,300
40549,1,300
40592,1,300
40635,1,300
40678,1,300
40721,1,300
40764,1,300
40807,1,300
40850,1,300
40893,1,300
40936,1,300
40979,1,300
41022,1,300
41065,1,300
41108,1,300
41151,1,300
41194,1,300
41237,1,300
41280,1,300
41323,1,300
41366,1,300
41409,1,300
41452,1,300
41495,1,300
41538,1,300
41581,1,300
41624,1,300
41667,1,300
41710,1,300
41753,1,300
41796,1,300
41839,1,300
41882,1,300
41925,1,300
41968,1,300
42011,1,300
42054,1,300
42097,1,300
42140,1,300
42183,1,300
42226,1,300
42269,1,300
42312,1,300
42355,1,300
42398,1,300
42441,1,300
42484,1,300
42527,1,300
42570,1,300
42613,1,300
42656,1,300
42699,1,300
42742,1,300
42785,1,300
42828,1,300
42871,1,300
42914,1,300
42957,1,300
43000,1,300
43043,1,300
43086,1,300
43129,1,300
43172,1,300
43215,1,300
43258,1,300
43301,1,300
43344,1,300
43387,1,300
43430,1,300
43473,1,300
43516,1,300
43559,1,300
43602,1,300
43645,1,300
43688,1,300
43731,1,300
43774,1,300
43817,1,300
43860,1,300
43903,1,300
43946,1,300
43989,1,300
44032,1,300
44075,1,300
44118,1,300
44161,1,300
44204,1,300
44247,1,300
44290,1,300
44333,1,300
44376,1,300
44419,1,300
44462,1,300
44505,1,300
44548,1,300
44591,1,300
44634,1,300
44677,1,300
44720,1,300
44763,1,300
44806,1,300
44849,1,300
44892,1,300
44935,1,300
44978,1,300
45021,1,300
45064,1,300
45107,1,300
45150,1,300
45193,1,300
45236,1,300
45279,1,300
45322,1,300
45365,1,300
45408,1,300
45451,1,300
45494,1,300
45537,1,300
45580,1,300
45623,1,300
45666,1,300
45709,1,300
45752,1,300
45795,1,300
45838,1,300
45881,1,300
45924,1,300
45967,1,300
46010,1,300
46053,1,300
46096,1,300
46139,1,300
46182,1,300
46225,1,300
46268,1,300
46311,1,300
46354,1,300
46397,1,300
46440,1,300
46483,1,300
46526,1,300
46569,1,300
46612,1,300
46655,1,300
46698,1,300
46741,1,300
46784,1,300
46827,1,300
46870,1,300
46913,1,300
46956,1,300
46999,1,300
47042,1,300
47085,1,300
47128,1,300
47171,1,300
47214,1,300
47257,1,300
47300,1,300
47343,1,300
47386,1,300
47429,1,300
47472,1,300
47515,1,300
47558,1,300
47601,1,300
47644,1,300
47687,1,300
47730,1,300
47773,1,300
47816,1,300
47859,1,300
47902,1,300
47945,1,300
47988,1,300
48031,1,300
48074,1,300
48117,1,300
48160,1,300
48203,1,300
48246,1,300
48289,1,300
48332,1,300
48375,1,300
48418,1,300
48461,1,300
48504,1,300
48547,1,300
48590,1,300
48633,1,300
48676,1,300
48719,1,300
48762,1,300
48805,1,300
48848,1,300
48891,1,300
48934,1,300
48977,1,300
49020,1,300
49063,1,300
49106,1,300
49149,1,300
49192,1,300
49235,1,300
49278,1,300
49321,1,300
49364,1,300
49407,1,300
49450,1,300
49493,1,300
49536,1,300
49579,1,300
49622,1,300
49665,1,300
49708,1,300
49751,1,300
49794,1,300
49837,1,300
49880,1,300
49923,1,300
49966,1,300
50009,1,300
50052,1,300
50095,1,300
50138,1,300
50181,1,300
50224,1,300
50267,1,300
50310,1,300
50353,1,300
50396,1,300
50439,1,300
50482,1,300
50525,1,300
50568,1,300
50611,1,300
50654,1,300
50697,1,300
50740,1,300
50783,1,300
50826,1,300
50869,1,300
50912,1,300
50955,1,300
50998,1,300
51041,1,300
51084,1,300
51127,1,300
51170,1,300
51213,1,300
51256,1,300
51299,1,300
51342,1,300
51385,1,300
51428,1,300
51471,1,300
51514,1,300
51557,1,300
51600,1,300
51643,1,300
51686,1,300
51729,1,300
51772,1,300
51815,1,300
51858,1,300
51901,1,300
51944,1,300
51987,1,300
52030,1,300
52073,1,300
52116,1,300
52159,1,300
52202,1,300
52245,1,300
52288,1,300
52331,1,300
52374,1,300
52417,1,300
52460,1,300
52503,1,300
52546,1,300
52589,1,300
52632,1,300
52675,1,300
52718,1,300
52761,1,300
52804,1,300
52847,1,300
52890,1,300
52933,1,300
52976,1,300
53019,1,300
53062,1,300
53105,1,300
53148,1,300
53191,1,300
53234,1,300
53277,1,300
53320,1,300
53363,1,300
53406,1,300
53449,1,300
53492,1,300
53535,1,300
53578,1,300
53621,1,300
53664,1,300
53707,1,300
53750,1,300
53793,1,300
53836,1,300
53879,1,300
53922,1,300
53965,1,300
54008,1,300
54051,1,300
54094,1,300
54137,1,300
54180,1,300
54223,1,300
54266,1,300
54309,1,300
54352,1,300
54395,1,300
54438,1,300
54481,1,300
54524,1,300
54567,1,300
54610,1,300
54653,1,300
54696,1,300
54739,1,300
54782,1,300
54825,1,300
54868,1,300
54911,1,300
54954,1,300
54997,1,300
55040,1,300
55083,1,300
55126,1,300
55169,1,300
55212,1,300
55255,1,300
55298,1,300
55341,1,300
55384,1,300
55427,1,300
55470,1,300
55513,1,300
55556,1,300
55599,1,300
55642,1,300
55685,1,300
55728,1,300
55771,1,300
55814,1,300
55857,1,300
55900,1,300
55943,1,300
55986,1,300
56029,1,300
56072,1,300
56115,1,300
56158,1,300
56201,1,300
56244,1,300
56287,1,300
56330,1,300
56373,1,300
56416,1,300
56459,1,300
56502,1,300
56545,1,300
56588,1,300
56631,1,300
56674,1,300
56717,1,300
56760,1,300
56803,1,300
56846,1,300
56889,1,300
56932,1,300
56975,1,300
57018,1,300
57061,1,300
57104,1,300
57147,1,300
57190,1,300
57233,1,300
57276,1,300
57319,1,300
57362,1,300
57405,1,300
57448,1,300
57491,1,300
57534,1,300
57577,1,300
57620,1,300
57663,1,300
57706,1,300
57749,1,300
57792,1,300
57835,1,300
57878,1,300
57921,1,300
57964,1,300
58007,1,300
58050,1,300
58093,1,300
58136,1,300
58179,1,300
58222,1,300
58265,1,300
58308,1,300
58351,1,300
58394,1,300
58437,1,300
58480,1,300
58523,1,300
58566,1,300
58609,1,300
58652,1,300
58695,1,300
58738,1,300
58781,1,300
58824,1,300
58867,1,300
58910,1,300
58953,1,300
58996,1,300
59039,1,300
59082,1,300
59125,1,300
59168,1,300
59211,1,300
59254,1,300
59297,1,300
59340,1,300
59383,1,300
59426,1,300
59469,1,300
59512,1,300
59555,1,300
59598,1,300
59641,1,300
59684,1,300
59727,1,300
59770,1,300
59813,1,300
59856,1,300
59899,1,300
59942,1,300
59985,1,300
60028,1,300
60071,1,300
60114,1,300
60157,1,300
60200,1,300
60243,1,300
60286,1,300
60329,1,300
60372,1,300
60415,1,300
60458,1,300
60501,1,300
60544,1,300
60587,1,300
60630,1,300
60673,1,300
60716,1,300
60759,1,300
60802,1,300
60845,1,300
60888,1,300
60931,1,300
60974,1,300
61017,1,300
61060,1,300
61103,1,300
61146,1,300
61189,1,300
61232,1,300
61275,1,300
61318,1,300
61361,1,300
61404,1,300
61447,1,300
61490,1,300
61533,1,300
61576,1,300
61619,1,300
61662,1,300
61705,1,300
61748,1,300
61791,1,300
61834,1,300
61877,1,300
61920,1,300
61963,1,300
62006,1,300
62049,1,300
62092,1,300
62135,1,300
62178,1,300
62221,1,300
62264,1,300
62307,1,300
62350,1,300
62393,1,300
62436,1,300
62479,1,300
62522,1,300
62565,1,300
62608,1,300
62651,1,300
62694,1,300
62737,1,300
62780,1,300
62823,1,300
62866,1,300
62909,1,300
62952,1,300
62995,1,300
63038,1,300
63081,1,300
63124,1,300
63167,1,300
63210,1,300
63253,1,300
63296,1,300
63339,1,300
63382,1,300
63425,1,300
63468,1,300
63511,1,300
63554,1,300
63597,1,300
63640,1,300
63683,1,300
63726,1,300
63769,1,300
63812,1,300
63855,1,300
63898,1,300
63941,1,300
63984,1,300
64027,1,300
64070,1,300
64113,1,300
64156,1,300
64199,1,300
64242,1,300
64285,1,300
64328,1,300
64371,1,300
64414,1,300
64457,1,300
64500,1,300
64543,1,300
64586,1,300
64629,1,300
64672,1,300
64715,1,300
64758,1,300
64801,1,300
64844,1,300
64887,1,300
64930,1,300
64973,1,300
65016,1,300
65059,1,300
65102,1,300
65145,1,300
65188,1,300
65231,1,300
65274,1,300
65317,1,300
65360,1,300
65403,1,300
65446,1,300
65489,1,300
65532,1,300
65575,1,300
65618,1,300
65661,1,300
65704,1,300
65747,1,300
65790,1,300
65833,1,300
65876,1,300
65919,1,300
65962,1,300
66005,1,300
66048,1,300
66091,1,300
66134,1,300
66177,1,300
66220,1,300
66263,1,300
66306,1,300
66349,1,300
66392,1,300
66435,1,300
66478,1,300
66521,1,300
66564,1,300
66607,1,300
66650,1,300
66693,1,300
66736,1,300
66779,1,300
66822,1,300
66865,1,300
66908,1,300
66951,1,300
66994,1,300
67037,1,300
67080,1,300
67123,1,300
67166,1,300
67209,1,300
67252,1,300
67295,1,300
67338,1,300
67381,1,300
67424,1,300
67467,1,300
67510,1,300
67553,1,300
67596,1,300
67639,1,300
67682,1,300
67725,1,300
67768,1,300
67811,1,300
67854,1,300
67897,1,300
67940,1,300
67983,1,300
68026,1,300
68069,1,300
68112,1,300
68155,1,300
68198,1,300
68241,1,300
68284,1,300
68327,1,300
68370,1,300
68413,1,300
68456,1,300
68499,1,300
68542,1,300
68585,1,300
68628,1,300
68671,1,300
68714,1,300
68757,1,300
68800,1,300
68843,1,300
68886,1,300
68929,1,300
68972,1,300
69015,1,300
69058,1,300
69101,1,300
69144,1,300
69187,1,300
69230,1,300
69273,1,300
69316,1,300
69359,1,300
69402,1,300
69445,1,300
69488,1,300
69531,1,300
69574,1,300
69617,1,300
69660,1,300
69703,1,300
69746,1,300
69789,1,300
69832,1,300
69875,1,300
69918,1,300
69961,1,300
70004,1,300
70047,1,300
70090,1,300
70133,1,300
70176,1,300
70219,1,300
70262,1,300
70305,1,300
70348,1,300
70391,1,300
70434,1,300
70477,1,300
70520,1,300
70563,1,300
70606,1,300
70649,1,300
70692,1,300
70735,1,300
70778,1,300
70821,1,300
70864,1,300
70907,1,300
70950,1,300
70993,1,300
71036,1,300
71079,1,300
71122,1,300
71165,1,300
71208,1,300
71251,1,300
71294,1,300
71337,1,300
71380,1,300
71423,1,300
71466,1,300
71509,1,300
71552,1,300
71595,1,300
71638,1,300
71681,1,300
71724,1,300
71767,1,300
71810,1,300
71853,1,300
71896,1,300
71939,1,300
71982,1,300
72025,1,300
72068,1,300
72111,1,300
72154,1,300
72197,1,300
72240,1,300
72283,1,300
72326,1,300
72369,1,300
72412,1,300
72455,1,300
72498,1,300
72541,1,300
72584,1,300
72627,1,300
72670,1,300
72713,1,300
72756,1,300
72799,1,300
72842,1,300
72885,1,300
72928,1,300
72971,1,300
73014,1,300
73057,1,300
73100,1,300
73143,1,300
73186,1,300
73229,1,300
73272,1,300
73315,1,300
73358,1,300
73401,1,300
73444,1,300
73487,1,300
73530,1,300
73573,1,300
73616,1,300
73659,1,300
73702,1,300
73745,1,300
73788,1,300
73831,1,300
73874,1,300
73917,1,300
73960,1,300
74003,1,300
74046,1,300
74089,1,300
74132,1,300
74175,1,300
74218,1,300
74261,1,300
74304,1,300
74347,1,300
74390,1,300
74433,1,300
74476,1,300
74519,1,300
74562,1,300
74605,1,300
74648,1,300
74691,1,300
74734,1,300
74777,1,300
74820,1,300
74863,1,300
74906,1,300
74949,1,300
74992,1,300
75035,1,300
75078,1,300
75121,1,300
75164,1,300
75207,1,300
75250,1,300
75293,1,300
75336,1,300
75379,1,300
75422,1,300
75465,1,300
75508,1,300
75551,1,300
75594,1,300
75637,1,300
75680,1,300
75723,1,300
75766,1,300
75809,1,300
75852,1,300
75895,1,300
75938,1,300
75981,1,300
76024,1,300
76067,1,300
76110,1,300
76153,1,300
76196,1,300
76239,1,300
76282,1,300
76325,1,300
76368,1,300
76411,1,300
76454,1,300
76497,1,300
76540,1,300
76583,1,300
76626,1,300
76669,1,300
76712,1,300
76755,1,300
76798,1,300
76841,1,300
76884,1,300
76927,1,300
76970,1,300
77013,1,300
77056,1,300
77099,1,300
77142,1,300
77185,1,300
77228,1,300
77271,1,300
77314,1,300
77357,1,300
77400,1,300
77443,1,300
77486,1,300
77529,1,300
77572,1,300
77615,1,300
77658,1,300
77701,1,300
77744,1,300
77787,1,300
77830,1,300
77873,1,300
77916,1,300
77959,1,300
78002,1,300
78045,1,300
78088,1,300
78131,1,300
78174,1,300
78217,1,300
78260,1,300
78303,1,300
78346,1,300
78389,1,300
78432,1,300
78475,1,300
78518,1,300
78561,1,300
78604,1,300
78647,1,300
78690,1,300
78733,1,300
78776,1,300
78819,1,300
78862,1,300
78905,1,300
78948,1,300
78991,1,300
79034,1,300
79077,1,300
79120,1,300
79163,1,300
79206,1,300
79249,1,300
79292,1,300
79335,1,300
79378,1,300
79421,1,300
79464,1,300
79507,1,300
79550,1,300
79593,1,300
79636,1,300
79679,1,300
79722,1,300
79765,1,300
79808,1,300
79851,1,300
79894,1,300
79937,1,300
79980,1,300
80023,1,300
80066,1,300
80109,1,300
80152,1,300
80195,1,300
80238,1,300
80281,1,300
80324,1,300
80367,1,300
80410,1,300
80453,1,300
80496,1,300
80539,1,300
80582,1,300
80625,1,300
80668,1,300
80711,1,300
80754,1,300
80797,1,300
80840,1,300
80883,1,300
80926,1,300
80969,1,300
81012,1,300
81055,1,300
81098,1,300
81141,1,300
81184,1,300
81227,1,300
81270,1,300
81313,1,300
81356,1,300
81399,1,300
81442,1,300
81485,1,300
81528,1,300
81571,1,300
81614,1,300
81657,1,300
81700,1,300
81743,1,300
81786,1,300
81829,1,300
81872,1,300
81915,1,300
81958,1,300
82001,1,300
82044,1,300
82087,1,300
82130,1,300
82173,1,300
82216,1,300
82259,1,300
82302,1,300
82345,1,300
82388,1,300
82431,1,300
82474,1,300
82517,1,300
82560,1,300
82603,1,300
82646,1,300
82689,1,300
82732,1,300
82775,1,300
82818,1,300
82861,1,300
82904,1,300
82947,1,300
82990,1,300
83033,1,300
83076,1,300
83119,1,300
83162,1,300
83205,1,300
83248,1,300
83291,1,300
83334,1,300
83377,1,300
83420,1,300
83463,1,300
83506,1,300
83549,1,300
83592,1,300
83635,1,300
83678,1,300
83721,1,300
83764,1,300
83807,1,300
83850,1,300
83893,1,300
83936,1,300
83979,1,300
84022,1,300
84065,1,300
84108,1,300
84151,1,300
84194,1,300
84237,1,300
84280,1,300
84323,1,300
84366,1,300
84409,1,300
84452,1,300
84495,1,300
84538,1,300
84581,1,300
84624,1,300
84667,1,300
84710,1,300
84753,1,300
84796,1,300
84839,1,300
84882,1,300
84925,1,300
84968,1,300
85011,1,300
85054,1,300
85097,1,300
85140,1,300
85183,1,300
85226,1,300
85269,1,300
85312,1,300
85355,1,300
85398,1,300
85441,1,300
85484,1,300
85527,1,300
85570,1,300
85613,1,300
85656,1,300
85699,1,300
85742,1,300
85785,1,300
85828,1,300
85871,1,300
85914,1,300
85957,1,300
86000,1,300
86043,1,300
86086,1,300
86129,1,300
86172,1,300
86215,1,300
86258,1,300
86301,1,300
86344,1,300
86387,1,300
86430,1,300
86473,1,300
86516,1,300
86559,1,300
86602,1,300
86645,1,300
86688,1,300
86731,1,300
86774,1,300
86817,1,300
86860,1,300
86903,1,300
86946,1,300
86989,1,300
87032,1,300
87075,1,300
87118,1,300
87161,1,300
87204,1,300
87247,1,300
87290,1,300
87333,1,300
87376,1,300
87419,1,300
87462,1,300
87505,1,300
87548,1,300
87591,1,300
87634,1,300
87677,1,300
87720,1,300
87763,1,300
87806,1,300
87849,1,300
87892,1,300
87935,1,300
87978,1,300
88021,1,300
88064,1,300
88107,1,300
88150,1,300
88193,1,300
88236,1,300
88279,1,300
88322,1,300
88365,1,300
88408,1,300
88451,1,300
88494,1,300
88537,1,300
88580,1,300
88623,1,300
88666,1,300
88709,1,300
88752,1,300
88795,1,300
88838,1,300
88881,1,300
88924,1,300
88967,1,300
89010,1,300
89053,1,300
89096,1,300
89139,1,300
89182,1,300
89225,1,300
89268,1,300
89311,1,300
89354,1,300
89397,1,300
89440,1,300
89483,1,300
89526,1,300
89569,1,300
89612,1,300
89655,1,300
89698,1,300
89741,1,300
89784,1,300
89827,1,300
89870,1,300
89913,1,300
89956,1,300
89999,1,300
90042,1,300
90085,1,300
90128,1,300
90171,1,300
90214,1,300
90257,1,300
90300,1,300
90343,1,300
90386,1,300
90429,1,300
90472,1,300
90515,1,300
90558,1,300
90601,1,300
90644,1,300
90687,1,300
90730,1,300
90773,1,300
90816,1,300
90859,1,300
90902,1,300
90945,1,300
90988,1,300
91031,1,300
91074,1,300
91117,1,300
91160,1,300
91203,1,300
91246,1,300
91289,1,300
91332,1,300
91375,1,300
91418,1,300
91461,1,300
91504,1,300
91547,1,300
91590,1,300
91633,1,300
91676,1,300
91719,1,300
91762,1,300
91805,1,300
91848,1,300
91891,1,300
91934,1,300
91977,1,300
92020,1,300
92063,1,300
92106,1,300
92149,1,300
92192,1,300
92235,1,300
92278,1,300
92321,1,300
92364,1,300
92407,1,300
92450,1,300
92493,1,300
92536,1,300
92579,1,300
92622,1,300
92665,1,300
92708,1,300
92751,1,300
92794,1,300
92837,1,300
92880,1,300
92923,1,300
92966,1,300
93009,1,300
93052,1,300
93095,1,300
93138,1,300
93181,1,300
93224,1,300
93267,1,300
93310,1,300
93353,1,300
93396,1,300
93439,1,300
93482,1,300
93525,1,300
93568,1,300
93611,1,300
93654,1,300
93697,1,300
93740,1,300
93783,1,300
93826,1,300
93869,1,300
93912,1,300
93955,1,300
93998,1,300
94041,1,300
94084,1,300
94127,1,300
94170,1,300
94213,1,300
94256,1,300
94299,1,300
94342,1,300
94385,1,300
94428,1,300
94471,1,300
94514,1,300
94557,1,300
94600,1,300
94643,1,300
94686,1,300
94729,1,300
94772,1,300
94815,1,300
94858,1,300
94901,1,300
94944,1,300
94987,1,300
95030,1,300
95073,1,300
95116,1,300
95159,1,300
95202,1,300
95245,1,300
95288,1,300
95331,1,300
95374,1,300
95417,1,300
95460,1,300
95503,1,300
95546,1,300
95589,1,300
95632,1,300
95675,1,300
95718,1,300
95761,1,300
95804,1,300
95847,1,300
95890,1,300
95933,1,300
95976,1,300
96019,1,300
96062,1,300
96105,1,300
96148,1,300
96191,1,300
96234,1,300
96277,1,300
96320,1,300
96363,1,300
96406,1,300
96449,1,300
96492,1,300
96535,1,300
96578,1,300
96621,1,300
96664,1,300
96707,1,300
96750,1,300
96793,1,300
96836,1,300
96879,1,300
96922,1,300
96965,1,300
97008,1,300
97051,1,300
97094,1,300
97137,1,300
97180,1,300
97223,1,300
97266,1,300
97309,1,300
97352,1,300
97395,1,300
97438,1,300
97481,1,300
97524,1,300
97567,1,300
97610,1,300
97653,1,300
97696,1,300
97739,1,300
97782,1,300
97825,1,300
97868,1,300
97911,1,300
97954,1,300
97997,1,300
98040,1,300
98083,1,300
98126,1,300
98169,1,300
98212,1,300
98255,1,300
98298,1,300
98341,1,300
98384,1,300
98427,1,300
98470,1,300
98513,1,300
98556,1,300
98599,1,300
98642,1,300
98685,1,300
98728,1,300
98771,1,300
98814,1,300
98857,1,300
98900,1,300
98943,1,300
98986,1,300
99029,1,300
99072,1,300
99115,1,300
99158,1,300
99201,1,300
99244,1,300
99287,1,300
99330,1,300
99373,1,300
99416,1,300
99459,1,300
99502,1,300
99545,1,300
99588,1,300
99631,1,300
99674,1,300
99717,1,300
99760,1,300
99803,1,300
99846,1,300
99889,1,300
99932,1,300
99975,1,300
100018,1,300
100061,1,300
100104,1,300
100147,1,300
100190,1,300
100233,1,300
100276,1,300
100319,1,300
100362,1,300
100405,1,300
100448,1,300
100491,1,300
100534,1,300
100577,1,300
100620,1,300
100663,1,300
100706,1,300
100749,1,300
100792,1,300
100835,1,300
100878,1,300
100921,1,300
100964,1,300
101007,1,300
101050,1,300
101093,1,300
101136,1,300
101179,1,300
101222,1,300
101265,1,300
101308,1,300
101351,1,300
101394,1,300
101437,1,300
101480,1,300
101523,1,300
101566,1,300
101609,1,300
101652,1,300
101695,1,300
101738,1,300
101781,1,300
101824,1,300
101867,1,300
101910,1,300
101953,1,300
101996,1,300
102039,1,300
102082,1,300
102125,1,300
102168,1,300
102211,1,300
102254,1,300
102297,1,300
102340,1,300
102383,1,300
102426,1,300
102469,1,300
102512,1,300
102555,1,300
102598,1,300
102641,1,300
102684,1,300
102727,1,300
102770,1,300
102813,1,300
102856,1,300
102899,1,300
102942,1,300
102985,1,300
103028,1,300
103071,1,300
103114,1,300
103157,1,300
103200,1,300
103243,1,300
103286,1,300
103329,1,300
103372,1,300
103415,1,300
103458,1,300
103501,1,300
103544,1,300
103587,1,300
103630,1,300
103673,1,300
103716,1,300
103759,1,300
103802,1,300
103845,1,300
103888,1,300
103931,1,300
103974,1,300
104017,1,300
104060,1,300
104103,1,300
104146,1,300
104189,1,300
104232,1,300
104275,1,300
104318,1,300
104361,1,300
104404,1,300
104447,1,300
104490,1,300
104533,1,300
104576,1,300
104619,1,300
104662,1,300
104705,1,300
104748,1,300
104791,1,300
104834,1,300
104877,1,300
104920,1,300
104963,1,300
105006,1,300
105049,1,300
105092,1,300
105135,1,300
105178,1,300
105221,1,300
105264,1,300
105307,1,300
105350,1,300
105393,1,300
105436,1,300
105479,1,300
105522,1,300
105565,1,300
105608,1,300
105651,1,300
105694,1,300
105737,1,300
105780,1,300
105823,1,300
105866,1,300
105909,1,300
105952,1,300
105995,1,300
106038,1,300
106081,1,300
106124,1,300
106167,1,300
106210,1,300
106253,1,300
106296,1,300
106339,1,300
106382,1,300
106425,1,300
106468,1,300
106511,1,300
106554,1,300
106597,1,300
106640,1,300
106683,1,300
106726,1,300
106769,1,300
106812,1,300
106855,1,300
106898,1,300
106941,1,300
106984,1,300
107027,1,300
107070,1,300
107113,1,300
107156,1,300
107199,1,300
107242,1,300
107285,1,300
107328,1,300
107371,1,300
107414,1,300
107457,1,300
107500,1,300
107543,1,300
107586,1,300
107629,1,300
107672,1,300
107715,1,300
107758,1,300
107801,1,300
107844,1,300
107887,1,300
107930,1,300
107973,1,300
108016,1,300
108059,1,300
108102,1,300
108145,1,300
108188,1,300
108231,1,300
108274,1,300
108317,1,300
108360,1,300
108403,1,300
108446,1,300
108489,1,300
108532,1,300
108575,1,300
108618,1,300
108661,1,300
108704,1,300
108747,1,300
108790,1,300
108833,1,300
108876,1,300
108919,1,300
108962,1,300
109005,1,300
109048,1,300
109091,1,300
109134,1,300
109177,1,300
109220,1,300
109263,1,300
109306,1,300
109349,1,300
109392,1,300
109435,1,300
109478,1,300
109521,1,300
109564,1,300
109607,1,300
109650,1,300
109693,1,300
109736,1,300
109779,1,300
109822,1,300
109865,1,300
109908,1,300
109951,1,300
109994,1,300
110037,1,300
110080,1,300
110123,1,300
110166,1,300
110209,1,300
110252,1,300
110295,1,300
110338,1,300
110381,1,300
110424,1,300
110467,1,300
110510,1,300
110553,1,300
110596,1,300
110639,1,300
110682,1,300
110725,1,300
110768,1,300
110811,1,300
110854,1,300
110897,1,300
110940,1,300
110983,1,300
111026,1,300
111069,1,300
111112,1,300
111155,1,300
111198,1,300
111241,1,300
111284,1,300
111327,1,300
111370,1,300
111413,1,300
111456,1,300
111499,1,300
111542,1,300
111585,1,300
111628,1,300
111671,1,300
111714,1,300
111757,1,300
111800,1,300
111843,1,300
111886,1,300
111929,1,300
111972,1,300
112015,1,300
112058,1,300
112101,1,300
112144,1,300
112187,1,300
112230,1,300
112273,1,300
112316,1,300
112359,1,300
112402,1,300
112445,1,300
112488,1,300
112531,1,300
112574,1,300
112617,1,300
112660,1,300
112703,1,300
112746,1,300
112789,1,300
112832,1,300
112875,1,300
112918,1,300
112961,1,300
113004,1,300
113047,1,300
113090,1,300
113133,1,300
113176,1,300
113219,1,300
113262,1,300
113305,1,300
113348,1,300
113391,1,300
113434,1,300
113477,1,300
113520,1,300
113563,1,300
113606,1,300
113649,1,300
113692,1,300
113735,1,300
113778,1,300
113821,1,300
113864,1,300
113907,1,300
113950,1,300
113993,1,300
114036,1,300
114079,1,300
114122,1,300
114165,1,300
114208,1,300
114251,1,300
114294,1,300
114337,1,300
114380,1,300
114423,1,300
114466,1,300
114509,1,300
114552,1,300
114595,1,300
114638,1,300
114681,1,300
114724,1,300
114767,1,300
114810,1,300
114853,1,300
114896,1,300
114939,1,300
114982,1,300
115025,1,300
115068,1,300
115111,1,300
115154,1,300
115197,1,300
115240,1,300
115283,1,300
115326,1,300
115369,1,300
115412,1,300
115455,1,300
115498,1,300
115541,1,300
115584,1,300
115627,1,300
115670,1,300
115713,1,300
115756,1,300
115799,1,300
115842,1,300
115885,1,300
115928,1,300
115971,1,300
116014,1,300
116057,1,300
116100,1,300
116143,1,300
116186,1,300
116229,1,300
116272,1,300
116315,1,300
116358,1,300
116401,1,300
116444,1,300
116487,1,300
116530,1,300
116573,1,300
116616,1,300
116659,1,300
116702,1,300
116745,1,300
116788,1,300
116831,1,300
116874,1,300
116917,1,300
116960,1,300
117003,1,300
117046,1,300
117089,1,300
117132,1,300
117175,1,300
117218,1,300
117261,1,300
117304,1,300
117347,1,300
117390,1,300
117433,1,300
117476,1,300
117519,1,300
117562,1,300
117605,1,300
117648,1,300
117691,1,300
117734,1,300
117777,1,300
117820,1,300
117863,1,300
117906,1,300
117949,1,300
117992,1,300
118035,1,300
118078,1,300
118121,1,300
118164,1,300
118207,1,300
118250,1,300
118293,1,300
118336,1,300
118379,1,300
118422,1,300
118465,1,300
118508,1,300
118551,1,300
118594,1,300
118637,1,300
118680,1,300
118723,1,300
118766,1,300
118809,1,300
118852,1,300
118895,1,300
118938,1,300
118981,1,300
119024,1,300
119067,1,300
119110,1,300
119153,1,300
119196,1,300
119239,1,300
119282,1,300
119325,1,300
119368,1,300
119411,1,300
119454,1,300
119497,1,300
119540,1,300
119583,1,300
119626,1,300
119669,1,300
119712,1,300
119755,1,300
119798,1,300
119841,1,300
119884,1,300
119927,1,300
119970,1,300
120013,1,300
120056,1,300
120099,1,300
120142,1,300
120185,1,300
120228,1,300
120271,1,300
120314,1,300
120357,1,300
120400,1,300
120443,1,300
120486,1,300
120529,1,300
120572,1,300
120615,1,300
120658,1,300
120701,1,300
120744,1,300
120787,1,300
120830,1,300
120873,1,300
120916,1,300
120959,1,300
121002,1,300
121045,1,300
121088,1,300
121131,1,300
121174,1,300
121217,1,300
121260,1,300
121303,1,300
121346,1,300
121389,1,300
121432,1,300
121475,1,300
121518,1,300
121561,1,300
121604,1,300
121647,1,300
121690,1,300
121733,1,300
121776,1,300
121819,1,300
121862,1,300
121905,1,300
121948,1,300
121991,1,300
122034,1,300
122077,1,300
122120,1,300
122163,1,300
122206,1,300
122249,1,300
122292,1,300
122335,1,300
122378,1,300
122421,1,300
122464,1,300
122507,1,300
122550,1,300
122593,1,300
122636,1,300
122679,1,300
122722,1,300
122765,1,300
122808,1,300
122851,1,300
122894,1,300
122937,1,300
122980,1,300
123023,1,300
123066,1,300
123109,1,300
123152,1,300
123195,1,300
123238,1,300
123281,1,300
123324,1,300
123367,1,300
123410,1,300
123453,1,300
123496,1,300
123539,1,300
123582,1,300
123625,1,300
123668,1,300
123711,1,300
123754,1,300
123797,1,300
123840,1,300
123883,1,300
123926,1,300
123969,1,300
124012,1,300
124055,1,300
124098,1,300
124141,1,300
124184,1,300
124227,1,300
124270,1,300
124313,1,300
124356,1,300
124399,1,300
124442,1,300
124485,1,300
124528,1,300
124571,1,300
124614,1,300
124657,1,300
124700,1,300
124743,1,300
124786,1,300
124829,1,300
124872,1,300
124915,1,300
124958,1,300
125001,1,300
125044,1,300
125087,1,300
125130,1,300
125173,1,300
125216,1,300
125259,1,300
125302,1,300
125345,1,300
125388,1,300
125431,1,300
125474,1,300
125517,1,300
125560,1,300
125603,1,300
125646,1,300
125689,1,300
125732,1,300
125775,1,300
125818,1,300
125861,1,300
125904,1,300
125947,1,300
125990,1,300
126033,1,300
126076,1,300
126119,1,300
126162,1,300
126205,1,300
126248,1,300
126291,1,300
126334,1,300
126377,1,300
126420,1,300
126463,1,300
126506,1,300
126549,1,300
126592,1,300
126635,1,300
126678,1,300
126721,1,300
126764,1,300
126807,1,300
126850,1,300
126893,1,300
126936,1,300
126979,1,300
127022,1,300
127065,1,300
127108,1,300
127151,1,300
127194,1,300
127237,1,300
127280,1,300
127323,1,300
127366,1,300
127409,1,300
127452,1,300
127495,1,300
127538,1,300
127581,1,300
127624,1,300
127667,1,300
127710,1,300
127753,1,300
127796,1,300
127839,1,300
127882,1,300
127925,1,300
127968,1,300
128011,1,300
128054,1,300
128097,1,300
128140,1,300
128183,1,300
128226,1,300
128269,1,300
128312,1,300
128355,1,300
128398,1,300
128441,1,300
128484,1,300
128527,1,300
128570,1,300
128613,1,300
128656,1,300
128699,1,300
128742,1,300
128785,1,300
128828,1,300
128871,1,300
128914,1,300
128957,1,300
129000,1,300
129043,1,300
129086,1,300
129129,1,300
129172,1,300
129215,1,300
129258,1,300
129301,1,300
129344,1,300
129387,1,300
129430,1,300
129473,1,300
129516,1,300
129559,1,300
129602,1,300
129645,1,300
129688,1,300
129731,1,300
129774,1,300
129817,1,300
129860,1,300
129903,1,300
129946,1,300
129989,1,300
130032,1,300
130075,1,300
130118,1,300
130161,1,300
130204,1,300
130247,1,300
130290,1,300
130333,1,300
130376,1,300
130419,1,300
130462,1,300
130505,1,300
130548,1,300
130591,1,300
130634,1,300
130677,1,300
130720,1,300
130763,1,300
130806,1,300
130849,1,300
130892,1,300
130935,1,300
130978,1,300
131021,1,300
131064,1,300
131107,1,300
131150,1,300
131193,1,300
131236,1,300
131279,1,300
131322,1,300
131365,1,300
131408,1,300
131451,1,300
131494,1,300
131537,1,300
131580,1,300
131623,1,300
131666,1,300
131709,1,300
131752,1,300
131795,1,300
131838,1,300
131881,1,300
131924,1,300
131967,1,300
132010,1,300
132053,1,300
132096,1,300
132139,1,300
132182,1,300
132225,1,300
132268,1,300
132311,1,300
132354,1,300
132397,1,300
132440,1,300
132483,1,300
132526,1,300
132569,1,300
132612,1,300
132655,1,300
132698,1,300
132741,1,300
132784,1,300
132827,1,300
132870,1,300
132913,1,300
132956,1,300
132999,1,300
133042,1,300
133085,1,300
133128,1,300
133171,1,300
133214,1,300
133257,1,300
133300,1,300
133343,1,300
133386,1,300
133429,1,300
133472,1,300
133515,1,300
133558,1,300
133601,1,300
133644,1,300
133687,1,300
133730,1,300
133773,1,300
133816,1,300
133859,1,300
133902,1,300
133945,1,300
133988,1,300
134031,1,300
134074,1,300
134117,1,300
134160,1,300
134203,1,300
134246,1,300
134289,1,300
134332,1,300
134375,1,300
134418,1,300
134461,1,300
134504,1,300
134547,1,300
134590,1,300
134633,1,300
134676,1,300
134719,1,300
134762,1,300
134805,1,300
134848,1,300
134891,1,300
134934,1,300
134977,1,300
135020,1,300
135063,1,300
135106,1,300
135149,1,300
135192,1,300
135235,1,300
135278,1,300
135321,1,300
135364,1,300
135407,1,300
135450,1,300
135493,1,300
135536,1,300
135579,1,300
135622,1,300
135665,1,300
135708,1,300
135751,1,300
135794,1,300
135837,1,300
135880,1,300
135923,1,300
135966,1,300
136009,1,300
136052,1,300
136095,1,300
136138,1,300
136181,1,300
136224,1,300
136267,1,300
136310,1,300
136353,1,300
136396,1,300
136439,1,300
136482,1,300
136525,1,300
136568,1,300
136611,1,300
136654,1,300
136697,1,300
136740,1,300
136783,1,300
136826,1,300
136869,1,300
136912,1,300
136955,1,300
136998,1,300
137041,1,300
137084,1,300
137127,1,300
137170,1,300
137213,1,300
137256,1,300
137299,1,300
137342,1,300
137385,1,300
137428,1,300
137471,1,300
137514,1,300
137557,1,300
137600,1,300
137643,1,300
137686,1,300
137729,1,300
137772,1,300
137815,1,300
137858,1,300
137901,1,300
137944,1,300
137987,1,300
138030,1,300
138073,1,300
138116,1,300
138159,1,300
138202,1,300
138245,1,300
138288,1,300
138331,1,300
138374,1,300
138417,1,300
138460,1,300
138503,1,300
138546,1,300
138589,1,300
138632,1,300
138675,1,300
138718,1,300
138761,1,300
138804,1,300
138847,1,300
138890,1,300
138933,1,300
138976,1,300
139019,1,300
139062,1,300
139105,1,300
139148,1,300
139191,1,300
139234,1,300
139277,1,300
139320,1,300
139363,1,300
139406,1,300
139449,1,300
139492,1,300
139535,1,300
139578,1,300
139621,1,300
139664,1,300
139707,1,300
139750,1,300
139793,1,300
139836,1,300
139879,1,300
139922,1,300
139965,1,300
140008,1,300
140051,1,300
140094,1,300
140137,1,300
140180,1,300
140223,1,300
140266,1,300
140309,1,300
140352,1,300
140395,1,300
140438,1,300
140481,1,300
140524,1,300
140567,1,300
140610,1,300
140653,1,300
140696,1,300
140739,1,300
140782,1,300
140825,1,300
140868,1,300
140911,1,300
140954,1,300
140997,1,300
141040,1,300
141083,1,300
141126,1,300
141169,1,300
141212,1,300
141255,1,300
141298,1,300
141341,1,300
141384,1,300
141427,1,300
141470,1,300
141513,1,300
141556,1,300
141599,1,300
141642,1,300
141685,1,300
141728,1,300
141771,1,300
141814,1,300
141857,1,300
141900,1,300
141943,1,300
141986,1,300
142029,1,300
142072,1,300
142115,1,300
142158,1,300
142201,1,300
142244,1,300
142287,1,300
142330,1,300
142373,1,300
142416,1,300
142459,1,300
142502,1,300
142545,1,300
142588,1,300
142631,1,300
142674,1,300
142717,1,300
142760,1,300
142803,1,300
142846,1,300
142889,1,300
142932,1,300
142975,1,300
143018,1,300
143061,1,300
143104,1,300
143147,1,300
143190,1,300
143233,1,300
143276,1,300
143319,1,300
143362,1,300
143405,1,300
143448,1,300
143491,1,300
143534,1,300
143577,1,300
143620,1,300
143663,1,300
143706,1,300
143749,1,300
143792,1,300
143835,1,300
143878,1,300
143921,1,300
143964,1,300
144007,1,300
144050,1,300
144093,1,300
144136,1,300
144179,1,300
144222,1,300
144265,1,300
144308,1,300
144351,1,300
144394,1,300
144437,1,300
144480,1,300
144523,1,300
144566,1,300
144609,1,300
144652,1,300
144695,1,300
144738,1,300
144781,1,300
144824,1,300
144867,1,300
144910,1,300
144953,1,300
144996,1,300
145039,1,300
145082,1,300
145125,1,300
145168,1,300
145211,1,300
145254,1,300
145297,1,300
145340,1,300
145383,1,300
145426,1,300
145469,1,300
145512,1,300
145555,1,300
145598,1,300
145641,1,300
145684,1,300
145727,1,300
145770,1,300
145813,1,300
145856,1,300
145899,1,300
145942,1,300
145985,1,300
146028,1,300
146071,1,300
146114,1,300
146157,1,300
146200,1,300
146243,1,300
146286,1,300
146329,1,300
146372,1,300
146415,1,300
146458,1,300
146501,1,300
146544,1,300
146587,1,300
146630,1,300
146673,1,300
146716,1,300
146759,1,300
146802,1,300
146845,1,300
146888,1,300
146931,1,300
146974,1,300
147017,1,300
147060,1,300
147103,1,300
147146,1,300
147189,1,300
147232,1,300
147275,1,300
147318,1,300
147361,1,300
147404,1,300
147447,1,300
147490,1,300
147533,1,300
147576,1,300
147619,1,300
147662,1,300
147705,1,300
147748,1,300
147791,1,300
147834,1,300
147877,1,300
147920,1,300
147963,1,300
148006,1,300
148049,1,300
148092,1,300
148135,1,300
148178,1,300
148221,1,300
148264,1,300
148307,1,300
148350,1,300
148393,1,300
148436,1,300
148479,1,300
148522,1,300
148565,1,300
148608,1,300
148651,1,300
148694,1,300
148737,1,300
148780,1,300
148823,1,300
148866,1,300
148909,1,300
148952,1,300
148995,1,300
149038,1,300
149081,1,300
149124,1,300
149167,1,300
149210,1,300
149253,1,300
149296,1,300
149339,1,300
149382,1,300
149425,1,300
149468,1,300
149511,1,300
149554,1,300
149597,1,300
149640,1,300
149683,1,300
149726,1,300
149769,1,300
149812,1,300
149855,1,300
149898,1,300
149941,1,300
149984,1,300
150027,1,300
150070,1,300
150113,1,300
150156,1,300
150199,1,300
150242,1,300
150285,1,300
150328,1,300
150371,1,300
150414,1,300
150457,1,300
150500,1,300
150543,1,300
150586,1,300
150629,1,300
150672,1,300
150715,1,300
150758,1,300
150801,1,300
150844,1,300
150887,1,300
150930,1,300
150973,1,300
151016,1,300
151059,1,300
151102,1,300
151145,1,300
151188,1,300
151231,1,300
151274,1,300
151317,1,300
151360,1,300
151403,1,300
151446,1,300
151489,1,300
151532,1,300
151575,1,300
151618,1,300
151661,1,300
151704,1,300
151747,1,300
151790,1,300
151833,1,300
151876,1,300
151919,1,300
151962,1,300
152005,1,300
152048,1,300
152091,1,300
152134,1,300
152177,1,300
152220,1,300
152263,1,300
152306,1,300
152349,1,300
152392,1,300
152435,1,300
152478,1,300
152521,1,300
152564,1,300
152607,1,300
152650,1,300
152693,1,300
152736,1,300
152779,1,300
152822,1,300
152865,1,300
152908,1,300
152951,1,300
152994,1,300
153037,1,300
153080,1,300
153123,1,300
153166,1,300
153209,1,300
153252,1,300
153295,1,300
153338,1,300
153381,1,300
153424,1,300
153467,1,300
153510,1,300
153553,1,300
153596,1,300
153639,1,300
153682,1,300
153725,1,300
153768,1,300
153811,1,300
153854,1,300
153897,1,300
153940,1,300
153983,1,300
154026,1,300
154069,1,300
154112,1,300
154155,1,300
154198,1,300
154241,1,300
154284,1,300
154327,1,300
154370,1,300
154413,1,300
154456,1,300
154499,1,300
154542,1,300
154585,1,300
154628,1,300
154671,1,300
154714,1,300
154757,1,300
154800,1,300
154843,1,300
154886,1,300
154929,1,300
154972,1,300
155015,1,300
155058,1,300
155101,1,300
155144,1,300
155187,1,300
155230,1,300
155273,1,300
155316,1,300
155359,1,300
155402,1,300
155445,1,300
155488,1,300
155531,1,300
155574,1,300
155617,1,300
155660,1,300
155703,1,300
155746,1,300
155789,1,300
155832,1,300
155875,1,300
155918,1,300
155961,1,300
156004,1,300
156047,1,300
156090,1,300
156133,1,300
156176,1,300
156219,1,300
156262,1,300
156305,1,300
156348,1,300
156391,1,300
156434,1,300
156477,1,300
156520,1,300
156563,1,300
156606,1,300
156649,1,300
156692,1,300
156735,1,300
156778,1,300
156821,1,300
156864,1,300
156907,1,300
156950,1,300
156993,1,300
157036,1,300
157079,1,300
157122,1,300
157165,1,300
157208,1,300
157251,1,300
157294,1,300
157337,1,300
157380,1,300
157423,1,300
157466,1,300
157509,1,300
157552,1,300
157595,1,300
157638,1,300
157681,1,300
157724,1,300
157767,1,300
157810,1,300
157853,1,300
157896,1,300
157939,1,300
157982,1,300
158025,1,300
158068,1,300
158111,1,300
158154,1,300
158197,1,300
158240,1,300
158283,1,300
158326,1,300
158369,1,300
158412,1,300
158455,1,300
158498,1,300
158541,1,300
158584,1,300
158627,1,300
158670,1,300
158713,1,300
158756,1,300
158799,1,300
158842,1,300
158885,1,300
158928,1,300
158971,1,300
159014,1,300
159057,1,300
159100,1,300
159143,1,300
159186,1,300
159229,1,300
159272,1,300
159315,1,300
159358,1,300
159401,1,300
159444,1,300
159487,1,300
159530,1,300
159573,1,300
159616,1,300
159659,1,300
159702,1,300
159745,1,300
159788,1,300
159831,1,300
159874,1,300
159917,1,300
159960,1,300
160003,1,300
160046,1,300
160089,1,300
160132,1,300
160175,1,300
160218,1,300
160261,1,300
160304,1,300
160347,1,300
160390,1,300
160433,1,300
160476,1,300
160519,1,300
160562,1,300
160605,1,300
160648,1,300
160691,1,300
160734,1,300
160777,1,300
160820,1,300
160863,1,300
160906,1,300
160949,1,300
160992,1,300
161035,1,300
161078,1,300
161121,1,300
161164,1,300
161207,1,300
161250,1,300
161293,1,300
161336,1,300
161379,1,300
161422,1,300
161465,1,300
161508,1,300
161551,1,300
161594,1,300
161637,1,300
161680,1,300
161723,1,300
161766,1,300
161809,1,300
161852,1,300
161895,1,300
161938,1,300
161981,1,300
162024,1,300
162067,1,300
162110,1,300
162153,1,300
162196,1,300
162239,1,300
162282,1,300
162325,1,300
162368,1,300
162411,1,300
162454,1,300
162497,1,300
162540,1,300
162583,1,300
162626,1,300
162669,1,300
162712,1,300
162755,1,300
162798,1,300
162841,1,300
162884,1,300
162927,1,300
162970,1,300
163013,1,300
163056,1,300
163099,1,300
163142,1,300
163185,1,300
163228,1,300
163271,1,300
163314,1,300
163357,1,300
163400,1,300
163443,1,300
163486,1,300
163529,1,300
163572,1,300
163615,1,300
163658,1,300
163701,1,300
163744,1,300
163787,1,300
163830,1,300
163873,1,300
163916,1,300
163959,1,300
164002,1,300
164045,1,300
164088,1,300
164131,1,300
164174,1,300
164217,1,300
164260,1,300
164303,1,300
164346,1,300
164389,1,300
164432,1,300
164475,1,300
164518,1,300
164561,1,300
164604,1,300
164647,1,300
164690,1,300
164733,1,300
164776,1,300
164819,1,300
164862,1,300
164905,1,300
164948,1,300
164991,1,300
165034,1,300
165077,1,300
165120,1,300
165163,1,300
165206,1,300
165249,1,300
165292,1,300
165335,1,300
165378,1,300
165421,1,300
165464,1,300
165507,1,300
165550,1,300
165593,1,300
165636,1,300
165679,1,300
165722,1,300
165765,1,300
165808,1,300
165851,1,300
165894,1,300
165937,1,300
165980,1,300
166023,1,300
166066,1,300
166109,1,300
166152,1,300
166195,1,300
166238,1,300
166281,1,300
166324,1,300
166367,1,300
166410,1,300
166453,1,300
166496,1,300
166539,1,300
166582,1,300
166625,1,300
166668,1,300
166711,1,300
166754,1,300
166797,1,300
166840,1,300
166883,1,300
166926,1,300
166969,1,300
167012,1,300
167055,1,300
167098,1,300
167141,1,300
167184,1,300
167227,1,300
167270,1,300
167313,1,300
167356,1,300
167399,1,300
167442,1,300
167485,1,300
167528,1,300
167571,1,300
167614,1,300
167657,1,300
167700,1,300
167743,1,300
167786,1,300
167829,1,300
167872,1,300
167915,1,300
167958,1,300
168001,1,300
168044,1,300
168087,1,300
168130,1,300
168173,1,300
168216,1,300
168259,1,300
168302,1,300
168345,1,300
168388,1,300
168431,1,300
168474,1,300
168517,1,300
168560,1,300
168603,1,300
168646,1,300
168689,1,300
168732,1,300
168775,1,300
168818,1,300
168861,1,300
168904,1,300
168947,1,300
168990,1,300
169033,1,300
169076,1,300
169119,1,300
169162,1,300
169205,1,300
169248,1,300
169291,1,300
169334,1,300
169377,1,300
169420,1,300
169463,1,300
169506,1,300
169549,1,300
169592,1,300
169635,1,300
169678,1,300
169721,1,300
169764,1,300
169807,1,300
169850,1,300
169893,1,300
169936,1,300
169979,1,300
170022,1,300
170065,1,300
170108,1,300
170151,1,300
170194,1,300
170237,1,300
170280,1,300
170323,1,300
170366,1,300
170409,1,300
170452,1,300
170495,1,300
170538,1,300
170581,1,300
170624,1,300
170667,1,300
170710,1,300
170753,1,300
170796,1,300
170839,1,300
170882,1,300
170925,1,300
170968,1,300
171011,1,300
171054,1,300
171097,1,300
171140,1,300
171183,1,300
171226,1,300
171269,1,300
171312,1,300
171355,1,300
171398,1,300
171441,1,300
171484,1,300
171527,1,300
171570,1,300
171613,1,300
171656,1,300
171699,1,300
171742,1,300
171785,1,300
171828,1,300
171871,1,300
171914,1,300
171957,1,300
172000,1,300
172043,1,300
172086,1,300
172129,1,300
172172,1,300
172215,1,300
172258,1,300
172301,1,300
172344,1,300
172387,1,300
172430,1,300
172473,1,300
172516,1,300
172559,1,300
172602,1,300
172645,1,300
172688,1,300
172731,1,300
172774,1,300
172817,1,300
172860,1,300
172903,1,300
172946,1,300
172989,1,300
173032,1,300
173075,1,300
173118,1,300
173161,1,300
173204,1,300
173247,1,300
173290,1,300
173333,1,300
173376,1,300
173419,1,300
173462,1,300
173505,1,300
173548,1,300
173591,1,300
173634,1,300
173677,1,300
173720,1,300
173763,1,300
173806,1,300
173849,1,300
173892,1,300
173935,1,300
173978,1,300
174021,1,300
174064,1,300
174107,1,300
174150,1,300
174193,1,300
174236,1,300
174279,1,300
174322,1,300
174365,1,300
174408,1,300
174451,1,300
174494,1,300
174537,1,300
174580,1,300
174623,1,300
174666,1,300
174709,1,300
174752,1,300
174795,1,300
174838,1,300
174881,1,300
174924,1,300
174967,1,300
175010,1,300
175053,1,300
175096,1,300
175139,1,300
175182,1,300
175225,1,300
175268,1,300
175311,1,300
175354,1,300
175397,1,300
175440,1,300
175483,1,300
175526,1,300
175569,1,300
175612,1,300
175655,1,300
175698,1,300
175741,1,300
175784,1,300
175827,1,300
175870,1,300
175913,1,300
175956,1,300
175999,1,300
176042,1,300
176085,1,300
176128,1,300
176171,1,300
176214,1,300
176257,1,300
176300,1,300
176343,1,300
176386,1,300
176429,1,300
176472,1,300
176515,1,300
176558,1,300
176601,1,300
176644,1,300
176687,1,300
176730,1,300
176773,1,300
176816,1,300
176859,1,300
176902,1,300
176945,1,300
176988,1,300
177031,1,300
177074,1,300
177117,1,300
177160,1,300
177203,1,300
177246,1,300
177289,1,300
177332,1,300
177375,1,300
177418,1,300
177461,1,300
177504,1,300
177547,1,300
177590,1,300
177633,1,300
177676,1,300
177719,1,300
177762,1,300
177805,1,300
177848,1,300
177891,1,300
177934,1,300
177977,1,300
178020,1,300
178063,1,300
178106,1,300
178149,1,300
178192,1,300
178235,1,300
178278,1,300
178321,1,300
178364,1,300
178407,1,300
178450,1,300
178493,1,300
178536,1,300
178579,1,300
178622,1,300
178665,1,300
178708,1,300
178751,1,300
178794,1,300
178837,1,300
178880,1,300
178923,1,300
178966,1,300
179009,1,300
179052,1,300
179095,1,300
179138,1,300
179181,1,300
179224,1,300
179267,1,300
179310,1,300
179353,1,300
179396,1,300
179439,1,300
179482,1,300
179525,1,300
179568,1,300
179611,1,300
179654,1,300
179697,1,300
179740,1,300
179783,1,300
179826,1,300
179869,1,300
179912,1,300
179955,1,300
179998,1,300
180041,1,300
180084,1,300
180127,1,300
180170,1,300
180213,1,300
180256,1,300
180299,1,300
180342,1,300
180385,1,300
180428,1,300
180471,1,300
180514,1,300
180557,1,300
180600,1,300
180643,1,300
180686,1,300
180729,1,300
180772,1,300
180815,1,300
180858,1,300
180901,1,300
180944,1,300
180987,1,300
181030,1,300
181073,1,300
181116,1,300
181159,1,300
181202,1,300
181245,1,300
181288,1,300
181331,1,300
181374,1,300
181417,1,300
181460,1,300
181503,1,300
181546,1,300
181589,1,300
181632,1,300
181675,1,300
181718,1,300
181761,1,300
181804,1,300
181847,1,300
181890,1,300
181933,1,300
181976,1,300
182019,1,300
182062,1,300
182105,1,300
182148,1,300
182191,1,300
182234,1,300
182277,1,300
182320,1,300
182363,1,300
182406,1,300
182449,1,300
182492,1,300
182535,1,300
182578,1,300
182621,1,300
182664,1,300
182707,1,300
182750,1,300
182793,1,300
182836,1,300
182879,1,300
182922,1,300
182965,1,300
183008,1,300
183051,1,300
183094,1,300
183137,1,300
183180,1,300
183223,1,300
183266,1,300
183309,1,300
183352,1,300
183395,1,300
183438,1,300
183481,1,300
183524,1,300
183567,1,300
183610,1,300
183653,1,300
183696,1,300
183739,1,300
183782,1,300
183825,1,300
183868,1,300
183911,1,300
183954,1,300
183997,1,300
184040,1,300
184083,1,300
184126,1,300
184169,1,300
184212,1,300
184255,1,300
184298,1,300
184341,1,300
184384,1,300
184427,1,300
184470,1,300
184513,1,300
184556,1,300
184599,1,300
184642,1,300
184685,1,300
184728,1,300
184771,1,300
184814,1,300
184857,1,300
184900,1,300
184943,1,300
184986,1,300
185029,1,300
185072,1,300
185115,1,300
185158,1,300
185201,1,300
185244,1,300
185287,1,300
185330,1,300
185373,1,300
185416,1,300
185459,1,300
185502,1,300
185545,1,300
185588,1,300
185631,1,300
185674,1,300
185717,1,300
185760,1,300
185803,1,300
185846,1,300
185889,1,300
185932,1,300
185975,1,300
186018,1,300
186061,1,300
186104,1,300
186147,1,300
186190,1,300
186233,1,300
186276,1,300
186319,1,300
186362,1,300
186405,1,300
186448,1,300
186491,1,300
186534,1,300
186577,1,300
186620,1,300
186663,1,300
186706,1,300
186749,1,300
186792,1,300
186835,1,300
186878,1,300
186921,1,300
186964,1,300
187007,1,300
187050,1,300
187093,1,300
187136,1,300
187179,1,300
187222,1,300
187265,1,300
187308,1,300
187351,1,300
187394,1,300
187437,1,300
187480,1,300
187523,1,300
187566,1,300
187609,1,300
187652,1,300
187695,1,300
187738,1,300
187781,1,300
187824,1,300
187867,1,300
187910,1,300
187953,1,300
187996,1,300
188039,1,300
188082,1,300
188125,1,300
188168,1,300
188211,1,300
188254,1,300
188297,1,300
188340,1,300
188383,1,300
188426,1,300
188469,1,300
188512,1,300
188555,1,300
188598,1,300
188641,1,300
188684,1,300
188727,1,300
188770,1,300
188813,1,300
188856,1,300
188899,1,300
188942,1,300
188985,1,300
189028,1,300
189071,1,300
189114,1,300
189157,1,300
189200,1,300
189243,1,300
189286,1,300
189329,1,300
189372,1,300
189415,1,300
189458,1,300
189501,1,300
189544,1,300
189587,1,300
189630,1,300
189673,1,300
189716,1,300
189759,1,300
189802,1,300
189845,1,300
189888,1,300
189931,1,300
189974,1,300
190017,1,300
190060,1,300
190103,1,300
190146,1,300
190189,1,300
190232,1,300
190275,1,300
190318,1,300
190361,1,300
190404,1,300
190447,1,300
190490,1,300
190533,1,300
190576,1,300
190619,1,300
190662,1,300
190705,1,300
190748,1,300
190791,1,300
190834,1,300
190877,1,300
190920,1,300
190963,1,300
191006,1,300
191049,1,300
191092,1,300
191135,1,300
191178,1,300
191221,1,300
191264,1,300
191307,1,300
191350,1,300
191393,1,300
191436,1,300
191479,1,300
191522,1,300
191565,1,300
191608,1,300
191651,1,300
191694,1,300
191737,1,300
191780,1,300
191823,1,300
191866,1,300
191909,1,300
191952,1,300
191995,1,300
192038,1,300
192081,1,300
192124,1,300
192167,1,300
192210,1,300
192253,1,300
192296,1,300
192339,1,300
192382,1,300
192425,1,300
192468,1,300
192511,1,300
192554,1,300
192597,1,300
192640,1,300
192683,1,300
192726,1,300
192769,1,300
192812,1,300
192855,1,300
192898,1,300
192941,1,300
192984,1,300
193027,1,300
193070,1,300
193113,1,300
193156,1,300
193199,1,300
193242,1,300
193285,1,300
193328,1,300
193371,1,300
193414,1,300
193457,1,300
193500,1,300
193543,1,300
193586,1,300
193629,1,300
193672,1,300
193715,1,300
193758,1,300
193801,1,300
193844,1,300
193887,1,300
193930,1,300
193973,1,300
194016,1,300
194059,1,300
194102,1,300
194145,1,300
194188,1,300
194231,1,300
194274,1,300
194317,1,300
194360,1,300
194403,1,300
194446,1,300
194489,1,300
194532,1,300
194575,1,300
194618,1,300
194661,1,300
194704,1,300
194747,1,300
194790,1,300
194833,1,300
194876,1,300
194919,1,300
194962,1,300
195005,1,300
195048,1,300
195091,1,300
195134,1,300
195177,1,300
195220,1,300
195263,1,300
195306,1,300
195349,1,300
195392,1,300
195435,1,300
195478,1,300
195521,1,300
195564,1,300
195607,1,300
195650,1,300
195693,1,300
195736,1,300
195779,1,300
195822,1,300
195865,1,300
195908,1,300
195951,1,300
195994,1,300
196037,1,300
196080,1,300
196123,1,300
196166,1,300
196209,1,300
196252,1,300
196295,1,300
196338,1,300
196381,1,300
196424,1,300
196467,1,300
196510,1,300
196553,1,300
196596,1,300
196639,1,300
196682,1,300
196725,1,300
196768,1,300
196811,1,300
196854,1,300
196897,1,300
196940,1,300
196983,1,300
197026,1,300
197069,1,300
197112,1,300
197155,1,300
197198,1,300
197241,1,300
197284,1,300
197327,1,300
197370,1,300
197413,1,300
197456,1,300
197499,1,300
197542,1,300
197585,1,300
197628,1,300
197671,1,300
197714,1,300
197757,1,300
197800,1,300
197843,1,300
197886,1,300
197929,1,300
197972,1,300
198015,1,300
198058,1,300
198101,1,300
198144,1,300
198187,1,300
198230,1,300
198273,1,300
198316,1,300
198359,1,300
198402,1,300
198445,1,300
198488,1,300
198531,1,300
198574,1,300
198617,1,300
198660,1,300
198703,1,300
198746,1,300
198789,1,300
198832,1,300
198875,1,300
198918,1,300
198961,1,300
199004,1,300
199047,1,300
199090,1,300
199133,1,300
199176,1,300
199219,1,300
199262,1,300
199305,1,300
199348,1,300
199391,1,300
199434,1,300
199477,1,300
199520,1,300
199563,1,300
199606,1,300
199649,1,300
199692,1,300
199735,1,300
199778,1,300
199821,1,300
199864,1,300
199907,1,300
199950,1,300
199993,1,300
200036,1,300
200079,1,300
200122,1,300
200165,1,300
200208,1,300
200251,1,300
200294,1,300
200337,1,300
200380,1,300
200423,1,300
200466,1,300
200509,1,300
200552,1,300
200595,1,300
200638,1,300
200681,1,300
200724,1,300
200767,1,300
200810,1,300
200853,1,300
200896,1,300
200939,1,300
200982,1,300
201025,1,300
201068,1,300
201111,1,300
201154,1,300
201197,1,300
201240,1,300
201283,1,300
201326,1,300
201369,1,300
201412,1,300
201455,1,300
201498,1,300
201541,1,300
201584,1,300
201627,1,300
201670,1,300
201713,1,300
201756,1,300
201799,1,300
201842,1,300
201885,1,300
201928,1,300
201971,1,300
202014,1,300
202057,1,300
202100,1,300
202143,1,300
202186,1,300
202229,1,300
202272,1,300
202315,1,300
202358,1,300
202401,1,300
202444,1,300
202487,1,300
202530,1,300
202573,1,300
202616,1,300
202659,1,300
202702,1,300
202745,1,300
202788,1,300
202831,1,300
202874,1,300
202917,1,300
202960,1,300
203003,1,300
203046,1,300
203089,1,300
203132,1,300
203175,1,300
203218,1,300
203261,1,300
203304,1,300
203347,1,300
203390,1,300
203433,1,300
203476,1,300
203519,1,300
203562,1,300
203605,1,300
203648,1,300
203691,1,300
203734,1,300
203777,1,300
203820,1,300
203863,1,300
203906,1,300
203949,1,300
203992,1,300
204035,1,300
204078,1,300
204121,1,300
204164,1,300
204207,1,300
204250,1,300
204293,1,300
204336,1,300
204379,1,300
204422,1,300
204465,1,300
204508,1,300
204551,1,300
204594,1,300
204637,1,300
204680,1,300
204723,1,300
204766,1,300
204809,1,300
204852,1,300
204895,1,300
204938,1,300
204981,1,300
205024,1,300
205067,1,300
205110,1,300
205153,1,300
205196,1,300
205239,1,300
205282,1,300
205325,1,300
205368,1,300
205411,1,300
205454,1,300
205497,1,300
205540,1,300
205583,1,300
205626,1,300
205669,1,300
205712,1,300
205755,1,300
205798,1,300
205841,1,300
205884,1,300
205927,1,300
205970,1,300
206013,1,300
206056,1,300
206099,1,300
206142,1,300
206185,1,300
206228,1,300
206271,1,300
206314,1,300
206357,1,300
206400,1,300
206443,1,300
206486,1,300
206529,1,300
206572,1,300
206615,1,300
206658,1,300
206701,1,300
206744,1,300
206787,1,300
206830,1,300
206873,1,300
206916,1,300
206959,1,300
207002,1,300
207045,1,300
207088,1,300
207131,1,300
207174,1,300
207217,1,300
207260,1,300
207303,1,300
207346,1,300
207389,1,300
207432,1,300
207475,1,300
207518,1,300
207561,1,300
207604,1,300
207647,1,300
207690,1,300
207733,1,300
207776,1,300
207819,1,300
207862,1,300
207905,1,300
207948,1,300
207991,1,300
208034,1,300
208077,1,300
208120,1,300
208163,1,300
208206,1,300
208249,1,300
208292,1,300
208335,1,300
208378,1,300
208421,1,300
208464,1,300
208507,1,300
208550,1,300
208593,1,300
208636,1,300
208679,1,300
208722,1,300
208765,1,300
208808,1,300
208851,1,300
208894,1,300
208937,1,300
208980,1,300
209023,1,300
209066,1,300
209109,1,300
209152,1,300
209195,1,300
209238,1,300
209281,1,300
209324,1,300
209367,1,300
209410,1,300
209453,1,300
209496,1,300
209539,1,300
209582,1,300
209625,1,300
209668,1,300
209711,1,300
209754,1,300
209797,1,300
209840,1,300
209883,1,300
209926,1,300
209969,1,300
210012,1,300
210055,1,300
210098,1,300
210141,1,300
210184,1,300
210227,1,300
210270,1,300
210313,1,300
210356,1,300
210399,1,300
210442,1,300
210485,1,300
210528,1,300
210571,1,300
210614,1,300
210657,1,300
210700,1,300
210743,1,300
210786,1,300
210829,1,300
210872,1,300
210915,1,300
210958,1,300
211001,1,300
211044,1,300
211087,1,300
211130,1,300
211173,1,300
211216,1,300
211259,1,300
211302,1,300
211345,1,300
211388,1,300
211431,1,300
211474,1,300
211517,1,300
211560,1,300
211603,1,300
211646,1,300
211689,1,300
211732,1,300
211775,1,300
211818,1,300
211861,1,300
211904,1,300
211947,1,300
211990,1,300
212033,1,300
212076,1,300
212119,1,300
212162,1,300
212205,1,300
212248,1,300
212291,1,300
212334,1,300
212377,1,300
212420,1,300
212463,1,300
212506,1,300
212549,1,300
212592,1,300
212635,1,300
212678,1,300
212721,1,300
212764,1,300
212807,1,300
212850,1,300
212893,1,300
212936,1,300
212979,1,300
213022,1,300
213065,1,300
213108,1,300
213151,1,300
213194,1,300
213237,1,300
213280,1,300
213323,1,300
213366,1,300
213409,1,300
213452,1,300
213495,1,300
213538,1,300
213581,1,300
213624,1,300
213667,1,300
213710,1,300
213753,1,300
213796,1,300
213839,1,300
213882,1,300
213925,1,300
213968,1,300
214011,1,300
214054,1,300
214097,1,300
214140,1,300
214183,1,300
214226,1,300
214269,1,300
214312,1,300
214355,1,300
214398,1,300
214441,1,300
214484,1,300
214527,1,300
214570,1,300
214613,1,300
214656,1,300
214699,1,300
214742,1,300
214785,1,300
214828,1,300
214871,1,300
214914,1,300
214957,1,300
215000,1,300
215043,1,300
215086,1,300
215129,1,300
215172,1,300
215215,1,300
215258,1,300
215301,1,300
215344,1,300
215387,1,300
215430,1,300
215473,1,300
215516,1,300
215559,1,300
215602,1,300
215645,1,300
215688,1,300
215731,1,300
215774,1,300
215817,1,300
215860,1,300
215903,1,300
215946,1,300
215989,1,300
216032,1,300
216075,1,300
216118,1,300
216161,1,300
216204,1,300
216247,1,300
216290,1,300
216333,1,300
216376,1,300
216419,1,300
216462,1,300
216505,1,300
216548,1,300
216591,1,300
216634,1,300
216677,1,300
216720,1,300
216763,1,300
216806,1,300
216849,1,300
216892,1,300
216935,1,300
216978,1,300
217021,1,300
217064,1,300
217107,1,300
217150,1,300
217193,1,300
217236,1,300
217279,1,300
217322,1,300
217365,1,300
217408,1,300
217451,1,300
217494,1,300
217537,1,300
217580,1,300
217623,1,300
217666,1,300
217709,1,300
217752,1,300
217795,1,300
217838,1,300
217881,1,300
217924,1,300
217967,1,300
218010,1,300
218053,1,300
218096,1,300
218139,1,300
218182,1,300
218225,1,300
218268,1,300
218311,1,300
218354,1,300
218397,1,300
218440,1,300
218483,1,300
218526,1,300
218569,1,300
218612,1,300
218655,1,300
218698,1,300
218741,1,300
218784,1,300
218827,1,300
218870,1,300
218913,1,300
218956,1,300
218999,1,300
219042,1,300
219085,1,300
219128,1,300
219171,1,300
219214,1,300
219257,1,300
219300,1,300
219343,1,300
219386,1,300
219429,1,300
219472,1,300
219515,1,300
219558,1,300
219601,1,300
219644,1,300
219687,1,300
219730,1,300
219773,1,300
219816,1,300
219859,1,300
219902,1,300
219945,1,300
219988,1,300
220031,1,300
220074,1,300
220117,1,300
220160,1,300
220203,1,300
220246,1,300
220289,1,300
220332,1,300
220375,1,300
220418,1,300
220461,1,300
220504,1,300
220547,1,300
220590,1,300
220633,1,300
220676,1,300
220719,1,300
220762,1,300
220805,1,300
220848,1,300
220891,1,300
220934,1,300
220977,1,300
221020,1,300
221063,1,300
221106,1,300
221149,1,300
221192,1,300
221235,1,300
221278,1,300
221321,1,300
221364,1,300
221407,1,300
221450,1,300
221493,1,300
221536,1,300
221579,1,300
221622,1,300
221665,1,300
221708,1,300
221751,1,300
221794,1,300
221837,1,300
221880,1,300
221923,1,300
221966,1,300
222009,1,300
222052,1,300
222095,1,300
222138,1,300
222181,1,300
222224,1,300
222267,1,300
222310,1,300
222353,1,300
222396,1,300
222439,1,300
222482,1,300
222525,1,300
222568,1,300
222611,1,300
222654,1,300
222697,1,300
222740,1,300
222783,1,300
222826,1,300
222869,1,300
222912,1,300
222955,1,300
222998,1,300
223041,1,300
223084,1,300
223127,1,300
223170,1,300
223213,1,300
223256,1,300
223299,1,300
223342,1,300
223385,1,300
223428,1,300
223471,1,300
223514,1,300
223557,1,300
223600,1,300
223643,1,300
223686,1,300
223729,1,300
223772,1,300
223815,1,300
223858,1,300
223901,1,300
223944,1,300
223987,1,300
224030,1,300
224073,1,300
224116,1,300
224159,1,300
224202,1,300
224245,1,300
224288,1,300
224331,1,300
224374,1,300
224417,1,300
224460,1,300
224503,1,300
224546,1,300
224589,1,300
224632,1,300
224675,1,300
224718,1,300
224761,1,300
224804,1,300
224847,1,300
224890,1,300
224933,1,300
224976,1,300
225019,1,300
225062,1,300
225105,1,300
225148,1,300
225191,1,300
225234,1,300
225277,1,300
225320,1,300
225363,1,300
225406,1,300
225449,1,300
225492,1,300
225535,1,300
225578,1,300
225621,1,300
225664,1,300
225707,1,300
225750,1,300
225793,1,300
225836,1,300
225879,1,300
225922,1,300
225965,1,300
226008,1,300
226051,1,300
226094,1,300
226137,1,300
226180,1,300
226223,1,300
226266,1,300
226309,1,300
226352,1,300
226395,1,300
226438,1,300
226481,1,300
226524,1,300
226567,1,300
226610,1,300
226653,1,300
226696,1,300
226739,1,300
226782,1,300
226825,1,300
226868,1,300
226911,1,300
226954,1,300
226997,1,300
227040,1,300
227083,1,300
227126,1,300
227169,1,300
227212,1,300
227255,1,300
227298,1,300
227341,1,300
227384,1,300
227427,1,300
227470,1,300
227513,1,300
227556,1,300
227599,1,300
227642,1,300
227685,1,300
227728,1,300
227771,1,300
227814,1,300
227857,1,300
227900,1,300
227943,1,300
227986,1,300
228029,1,300
228072,1,300
228115,1,300
228158,1,300
228201,1,300
228244,1,300
228287,1,300
228330,1,300
228373,1,300
228416,1,300
228459,1,300
228502,1,300
228545,1,300
228588,1,300
228631,1,300
228674,1,300
228717,1,300
228760,1,300
228803,1,300
228846,1,300
228889,1,300
228932,1,300
228975,1,300
229018,1,300
229061,1,300
229104,1,300
229147,1,300
229190,1,300
229233,1,300
229276,1,300
229319,1,300
229362,1,300
229405,1,300
229448,1,300
229491,1,300
229534,1,300
229577,1,300
229620,1,300
229663,1,300
229706,1,300
229749,1,300
229792,1,300
229835,1,300
229878,1,300
229921,1,300
229964,1,300
230007,1,300
230050,1,300
230093,1,300
230136,1,300
230179,1,300
230222,1,300
230265,1,300
230308,1,300
230351,1,300
230394,1,300
230437,1,300
230480,1,300
230523,1,300
230566,1,300
230609,1,300
230652,1,300
230695,1,300
230738,1,300
230781,1,300
230824,1,300
230867,1,300
230910,1,300
230953,1,300
230996,1,300
231039,1,300
231082,1,300
231125,1,300
231168,1,300
231211,1,300
231254,1,300
231297,1,300
231340,1,300
231383,1,300
231426,1,300
231469,1,300
231512,1,300
231555,1,300
231598,1,300
231641,1,300
231684,1,300
231727,1,300
231770,1,300
231813,1,300
231856,1,300
231899,1,300
231942,1,300
231985,1,300
232028,1,300
232071,1,300
232114,1,300
232157,1,300
232200,1,300
232243,1,300
232286,1,300
232329,1,300
232372,1,300
232415,1,300
232458,1,300
232501,1,300
232544,1,300
232587,1,300
232630,1,300
232673,1,300
232716,1,300
232759,1,300
232802,1,300
232845,1,300
232888,1,300
232931,1,300
232974,1,300
233017,1,300
233060,1,300
233103,1,300
233146,1,300
233189,1,300
233232,1,300
233275,1,300
233318,1,300
233361,1,300
233404,1,300
233447,1,300
233490,1,300
233533,1,300
233576,1,300
233619,1,300
233662,1,300
233705,1,300
233748,1,300
233791,1,300
233834,1,300
233877,1,300
233920,1,300
233963,1,300
234006,1,300
234049,1,300
234092,1,300
234135,1,300
234178,1,300
234221,1,300
234264,1,300
234307,1,300
234350,1,300
234393,1,300
234436,1,300
234479,1,300
234522,1,300
234565,1,300
234608,1,300
234651,1,300
234694,1,300
234737,1,300
234780,1,300
234823,1,300
234866,1,300
234909,1,300
234952,1,300
234995,1,300
235038,1,300
235081,1,300
235124,1,300
235167,1,300
235210,1,300
235253,1,300
235296,1,300
235339,1,300
235382,1,300
235425,1,300
235468,1,300
235511,1,300
235554,1,300
235597,1,300
235640,1,300
235683,1,300
235726,1,300
235769,1,300
235812,1,300
235855,1,300
235898,1,300
235941,1,300
235984,1,300
236027,1,300
236070,1,300
236113,1,300
236156,1,300
236199,1,300
236242,1,300
236285,1,300
236328,1,300
236371,1,300
236414,1,300
236457,1,300
236500,1,300
236543,1,300
236586,1,300
236629,1,300
236672,1,300
236715,1,300
236758,1,300
236801,1,300
236844,1,300
236887,1,300
236930,1,300
236973,1,300
237016,1,300
237059,1,300
237102,1,300
237145,1,300
237188,1,300
237231,1,300
237274,1,300
237317,1,300
237360,1,300
237403,1,300
237446,1,300
237489,1,300
237532,1,300
237575,1,300
237618,1,300
237661,1,300
237704,1,300
237747,1,300
237790,1,300
237833,1,300
237876,1,300
237919,1,300
237962,1,300
238005,1,300
238048,1,300
238091,1,300
238134,1,300
238177,1,300
238220,1,300
238263,1,300
238306,1,300
238349,1,300
238392,1,300
238435,1,300
238478,1,300
238521,1,300
238564,1,300
238607,1,300
238650,1,300
238693,1,300
238736,1,300
238779,1,300
238822,1,300
238865,1,300
238908,1,300
238951,1,300
238994,1,300
239037,1,300
239080,1,300
239123,1,300
239166,1,300
239209,1,300
239252,1,300
239295,1,300
239338,1,300
239381,1,300
239424,1,300
239467,1,300
239510,1,300
239553,1,300
239596,1,300
239639,1,300
239682,1,300
239725,1,300
239768,1,300
239811,1,300
239854,1,300
239897,1,300
239940,1,300
239983,1,300
240026,1,300
240069,1,300
240112,1,300
240155,1,300
240198,1,300
240241,1,300
240284,1,300
240327,1,300
240370,1,300
240413,1,300
240456,1,300
240499,1,300
240542,1,300
240585,1,300
240628,1,300
240671,1,300
240714,1,300
240757,1,300
240800,1,300
240843,1,300
240886,1,300
240929,1,300
240972,1,300
241015,1,300
241058,1,300
241101,1,300
241144,1,300
241187,1,300
241230,1,300
241273,1,300
241316,1,300
241359,1,300
241402,1,300
241445,1,300
241488,1,300
241531,1,300
241574,1,300
241617,1,300
241660,1,300
241703,1,300
241746,1,300
241789,1,300
241832,1,300
241875,1,300
241918,1,300
241961,1,300
242004,1,300
242047,1,300
242090,1,300
242133,1,300
242176,1,300
242219,1,300
242262,1,300
242305,1,300
242348,1,300
242391,1,300
242434,1,300
242477,1,300
242520,1,300
242563,1,300
242606,1,300
242649,1,300
242692,1,300
242735,1,300
242778,1,300
242821,1,300
242864,1,300
242907,1,300
242950,1,300
242993,1,300
243036,1,300
243079,1,300
243122,1,300
243165,1,300
243208,1,300
243251,1,300
243294,1,300
243337,1,300
243380,1,300
243423,1,300
243466,1,300
243509,1,300
243552,1,300
243595,1,300
243638,1,300
243681,1,300
243724,1,300
243767,1,300
243810,1,300
243853,1,300
243896,1,300
243939,1,300
243982,1,300
244025,1,300
244068,1,300
244111,1,300
244154,1,300
244197,1,300
244240,1,300
244283,1,300
244326,1,300
244369,1,300
244412,1,300
244455,1,300
244498,1,300
244541,1,300
244584,1,300
244627,1,300
244670,1,300
244713,1,300
244756,1,300
244799,1,300
244842,1,300
244885,1,300
244928,1,300
244971,1,300
245014,1,300
245057,1,300
245100,1,300
245143,1,300
245186,1,300
245229,1,300
245272,1,300
245315,1,300
245358,1,300
245401,1,300
245444,1,300
245487,1,300
245530,1,300
245573,1,300
245616,1,300
245659,1,300
245702,1,300
245745,1,300
245788,1,300
245831,1,300
245874,1,300
245917,1,300
245960,1,300
246003,1,300
246046,1,300
246089,1,300
246132,1,300
246175,1,300
246218,1,300
246261,1,300
246304,1,300
246347,1,300
246390,1,300
246433,1,300
246476,1,300
246519,1,300
246562,1,300
246605,1,300
246648,1,300
246691,1,300
246734,1,300
246777,1,300
246820,1,300
246863,1,300
246906,1,300
246949,1,300
246992,1,300
247035,1,300
247078,1,300
247121,1,300
247164,1,300
247207,1,300
247250,1,300
247293,1,300
247336,1,300
247379,1,300
247422,1,300
247465,1,300
247508,1,300
247551,1,300
247594,1,300
247637,1,300
247680,1,300
247723,1,300
247766,1,300
247809,1,300
247852,1,300
247895,1,300
247938,1,300
247981,1,300
248024,1,300
248067,1,300
248110,1,300
248153,1,300
248196,1,300
248239,1,300
248282,1,300
248325,1,300
248368,1,300
248411,1,300
248454,1,300
248497,1,300
248540,1,300
248583,1,300
248626,1,300
248669,1,300
248712,1,300
248755,1,300
248798,1,300
248841,1,300
248884,1,300
248927,1,300
248970,1,300
249013,1,300
249056,1,300
249099,1,300
249142,1,300
249185,1,300
249228,1,300
249271,1,300
249314,1,300
249357,1,300
249400,1,300
249443,1,300
249486,1,300
249529,1,300
249572,1,300
249615,1,300
249658,1,300
249701,1,300
249744,1,300
249787,1,300
249830,1,300
249873,1,300
249916,1,300
249959,1,300
250002,1,300
250045,1,300
250088,1,300
250131,1,300
250174,1,300
250217,1,300
250260,1,300
250303,1,300
250346,1,300
250389,1,300
250432,1,300
250475,1,300
250518,1,300
250561,1,300
250604,1,300
250647,1,300
250690,1,300
250733,1,300
250776,1,300
250819,1,300
250862,1,300
250905,1,300
250948,1,300
250991,1,300
251034,1,300
251077,1,300
251120,1,300
251163,1,300
251206,1,300
251249,1,300
251292,1,300
251335,1,300
251378,1,300
251421,1,300
251464,1,300
251507,1,300
251550,1,300
251593,1,300
251636,1,300
251679,1,300
251722,1,300
251765,1,300
251808,1,300
251851,1,300
251894,1,300
251937,1,300
251980,1,300
252023,1,300
252066,1,300
252109,1,300
252152,1,300
252195,1,300
252238,1,300
252281,1,300
252324,1,300
252367,1,300
252410,1,300
252453,1,300
252496,1,300
252539,1,300
252582,1,300
252625,1,300
252668,1,300
252711,1,300
252754,1,300
252797,1,300
252840,1,300
252883,1,300
252926,1,300
252969,1,300
253012,1,300
253055,1,300
253098,1,300
253141,1,300
253184,1,300
253227,1,300
253270,1,300
253313,1,300
253356,1,300
253399,1,300
253442,1,300
253485,1,300
253528,1,300
253571,1,300
253614,1,300
253657,1,300
253700,1,300
253743,1,300
253786,1,300
253829,1,300
253872,1,300
253915,1,300
253958,1,300
254001,1,300
254044,1,300
254087,1,300
254130,1,300
254173,1,300
254216,1,300
254259,1,300
254302,1,300
254345,1,300
254388,1,300
254431,1,300
254474,1,300
254517,1,300
254560,1,300
254603,1,300
254646,1,300
254689,1,300
254732,1,300
254775,1,300
254818,1,300
254861,1,300
254904,1,300
254947,1,300
254990,1,300
255033,1,300
255076,1,300
255119,1,300
255162,1,300
255205,1,300
255248,1,300
255291,1,300
255334,1,300
255377,1,300
255420,1,300
255463,1,300
255506,1,300
255549,1,300
255592,1,300
255635,1,300
255678,1,300
255721,1,300
255764,1,300
255807,1,300
255850,1,300
255893,1,300
255936,1,300
255979,1,300
256022,1,300
256065,1,300
256108,1,300
256151,1,300
256194,1,300
256237,1,300
256280,1,300
256323,1,300
256366,1,300
256409,1,300
256452,1,300
256495,1,300
256538,1,300
256581,1,300
256624,1,300
256667,1,300
256710,1,300
256753,1,300
256796,1,300
256839,1,300
256882,1,300
256925,1,300
256968,1,300
257011,1,300
257054,1,300
257097,1,300
257140,1,300
257183,1,300
257226,1,300
257269,1,300
257312,1,300
257355,1,300
257398,1,300
257441,1,300
257484,1,300
257527,1,300
257570,1,300
257613,1,300
257656,1,300
257699,1,300
257742,1,300
257785,1,300
257828,1,300
257871,1,300
257914,1,300
257957,1,300
258000,1,300
258043,1,300
258086,1,300
258129,1,300
258172,1,300
258215,1,300
258258,1,300
258301,1,300
258344,1,300
258387,1,300
258430,1,300
258473,1,300
258516,1,300
258559,1,300
258602,1,300
258645,1,300
258688,1,300
258731,1,300
258774,1,300
258817,1,300
258860,1,300
258903,1,300
258946,1,300
258989,1,300
259032,1,300
259075,1,300
259118,1,300
259161,1,300
259204,1,300
259247,1,300
259290,1,300
259333,1,300
259376,1,300
259419,1,300
259462,1,300
259505,1,300
259548,1,300
259591,1,300
259634,1,300
259677,1,300
259720,1,300
259763,1,300
259806,1,300
259849,1,300
259892,1,300
259935,1,300
259978,1,300
260021,1,300
260064,1,300
260107,1,300
260150,1,300
260193,1,300
260236,1,300
260279,1,300
260322,1,300
260365,1,300
260408,1,300
260451,1,300
260494,1,300
260537,1,300
260580,1,300
260623,1,300
260666,1,300
260709,1,300
260752,1,300
260795,1,300
260838,1,300
260881,1,300
260924,1,300
260967,1,300
261010,1,300
261053,1,300
261096,1,300
261139,1,300
261182,1,300
261225,1,300
261268,1,300
261311,1,300
261354,1,300
261397,1,300
261440,1,300
261483,1,300
261526,1,300
261569,1,300
261612,1,300
261655,1,300
261698,1,300
261741,1,300
261784,1,300
261827,1,300
261870,1,300
261913,1,300
261956,1,300
261999,1,300
262042,1,300
262085,1,300
262128,1,300
262171,1,300
262214,1,300
262257,1,300
262300,1,300
262343,1,300
262386,1,300
262429,1,300
262472,1,300
262515,1,300
262558,1,300
262601,1,300
262644,1,300
262687,1,300
262730,1,300
262773,1,300
262816,1,300
262859,1,300
262902,1,300
262945,1,300
262988,1,300
263031,1,300
263074,1,300
263117,1,300
263160,1,300
263203,1,300
263246,1,300
263289,1,300
263332,1,300
263375,1,300
263418,1,300
263461,1,300
263504,1,300
263547,1,300
263590,1,300
263633,1,300
263676,1,300
263719,1,300
263762,1,300
263805,1,300
263848,1,300
263891,1,300
263934,1,300
263977,1,300
264020,1,300
264063,1,300
264106,1,300
264149,1,300
264192,1,300
264235,1,300
264278,1,300
264321,1,300
264364,1,300
264407,1,300
264450,1,300
264493,1,300
264536,1,300
264579,1,300
264622,1,300
264665,1,300
264708,1,300
264751,1,300
264794,1,300
264837,1,300
264880,1,300
264923,1,300
264966,1,300
265009,1,300
265052,1,300
265095,1,300
265138,1,300
265181,1,300
265224,1,300
265267,1,300
265310,1,300
265353,1,300
265396,1,300
265439,1,300
265482,1,300
265525,1,300
265568,1,300
265611,1,300
265654,1,300
265697,1,300
265740,1,300
265783,1,300
265826,1,300
265869,1,300
265912,1,300
265955,1,300
265998,1,300
266041,1,300
266084,1,300
266127,1,300
266170,1,300
266213,1,300
266256,1,300
266299,1,300
266342,1,300
266385,1,300
266428,1,300
266471,1,300
266514,1,300
266557,1,300
266600,1,300
266643,1,300
266686,1,300
266729,1,300
266772,1,300
266815,1,300
266858,1,300
266901,1,300
266944,1,300
266987,1,300
267030,1,300
267073,1,300
267116,1,300
267159,1,300
267202,1,300
267245,1,300
267288,1,300
267331,1,300
267374,1,300
267417,1,300
267460,1,300
267503,1,300
267546,1,300
267589,1,300
267632,1,300
267675,1,300
267718,1,300
267761,1,300
267804,1,300
267847,1,300
267890,1,300
267933,1,300
267976,1,300
268019,1,300
268062,1,300
268105,1,300
268148,1,300
268191,1,300
268234,1,300
268277,1,300
268320,1,300
268363,1,300
268406,1,300
268449,1,300
268492,1,300
268535,1,300
268578,1,300
268621,1,300
268664,1,300
268707,1,300
268750,1,300
268793,1,300
268836,1,300
268879,1,300
268922,1,300
268965,1,300
269008,1,300
269051,1,300
269094,1,300
269137,1,300
269180,1,300
269223,1,300
269266,1,300
269309,1,300
269352,1,300
269395,1,300
269438,1,300
269481,1,300
269524,1,300
269567,1,300
269610,1,300
269653,1,300
269696,1,300
269739,1,300
269782,1,300
269825,1,300
269868,1,300
269911,1,300
269954,1,300
269997,1,300
270040,1,300
270083,1,300
270126,1,300
270169,1,300
270212,1,300
270255,1,300
270298,1,300
270341,1,300
270384,1,300
270427,1,300
270470,1,300
270513,1,300
270556,1,300
270599,1,300
270642,1,300
270685,1,300
270728,1,300
270771,1,300
270814,1,300
270857,1,300
270900,1,300
270943,1,300
270986,1,300
271029,1,300
271072,1,300
271115,1,300
271158,1,300
271201,1,300
271244,1,300
271287,1,300
271330,1,300
271373,1,300
271416,1,300
271459,1,300
271502,1,300
271545,1,300
271588,1,300
271631,1,300
271674,1,300
271717,1,300
271760,1,300
271803,1,300
271846,1,300
271889,1,300
271932,1,300
271975,1,300
272018,1,300
272061,1,300
272104,1,300
272147,1,300
272190,1,300
272233,1,300
272276,1,300
272319,1,300
272362,1,300
272405,1,300
272448,1,300
272491,1,300
272534,1,300
272577,1,300
272620,1,300
272663,1,300
272706,1,300
272749,1,300
272792,1,300
272835,1,300
272878,1,300
272921,1,300
272964,1,300
273007,1,300
273050,1,300
273093,1,300
273136,1,300
273179,1,300
273222,1,300
273265,1,300
273308,1,300
273351,1,300
273394,1,300
273437,1,300
273480,1,300
273523,1,300
273566,1,300
273609,1,300
273652,1,300
273695,1,300
273738,1,300
273781,1,300
273824,1,300
273867,1,300
273910,1,300
273953,1,300
273996,1,300
274039,1,300
274082,1,300
274125,1,300
274168,1,300
274211,1,300
274254,1,300
274297,1,300
274340,1,300
274383,1,300
274426,1,300
274469,1,300
274512,1,300
274555,1,300
274598,1,300
274641,1,300
274684,1,300
274727,1,300
274770,1,300
274813,1,300
274856,1,300
274899,1,300
274942,1,300
274985,1,300
275028,1,300
275071,1,300
275114,1,300
275157,1,300
275200,1,300
275243,1,300
275286,1,300
275329,1,300
275372,1,300
275415,1,300
275458,1,300
275501,1,300
275544,1,300
275587,1,300
275630,1,300
275673,1,300
275716,1,300
275759,1,300
275802,1,300
275845,1,300
275888,1,300
275931,1,300
275974,1,300
276017,1,300
276060,1,300
276103,1,300
276146,1,300
276189,1,300
276232,1,300
276275,1,300
276318,1,300
276361,1,300
276404,1,300
276447,1,300
276490,1,300
276533,1,300
276576,1,300
276619,1,300
276662,1,300
276705,1,300
276748,1,300
276791,1,300
276834,1,300
276877,1,300
276920,1,300
276963,1,300
277006,1,300
277049,1,300
277092,1,300
277135,1,300
277178,1,300
277221,1,300
277264,1,300
277307,1,300
277350,1,300
277393,1,300
277436,1,300
277479,1,300
277522,1,300
277565,1,300
277608,1,300
277651,1,300
277694,1,300
277737,1,300
277780,1,300
277823,1,300
277866,1,300
277909,1,300
277952,1,300
277995,1,300
278038,1,300
278081,1,300
278124,1,300
278167,1,300
278210,1,300
278253,1,300
278296,1,300
278339,1,300
278382,1,300
278425,1,300
278468,1,300
278511,1,300
278554,1,300
278597,1,300
278640,1,300
278683,1,300
278726,1,300
278769,1,300
278812,1,300
278855,1,300
278898,1,300
278941,1,300
278984,1,300
279027,1,300
279070,1,300
279113,1,300
279156,1,300
279199,1,300
279242,1,300
279285,1,300
279328,1,300
279371,1,300
279414,1,300
279457,1,300
279500,1,300
279543,1,300
279586,1,300
279629,1,300
279672,1,300
279715,1,300
279758,1,300
279801,1,300
279844,1,300
279887,1,300
279930,1,300
279973,1,300
280016,1,300
280059,1,300
280102,1,300
280145,1,300
280188,1,300
280231,1,300
280274,1,300
280317,1,300
280360,1,300
280403,1,300
280446,1,300
280489,1,300
280532,1,300
280575,1,300
280618,1,300
280661,1,300
280704,1,300
280747,1,300
280790,1,300
280833,1,300
280876,1,300
280919,1,300
280962,1,300
281005,1,300
281048,1,300
281091,1,300
281134,1,300
281177,1,300
281220,1,300
281263,1,300
281306,1,300
281349,1,300
281392,1,300
281435,1,300
281478,1,300
281521,1,300
281564,1,300
281607,1,300
281650,1,300
281693,1,300
281736,1,300
281779,1,300
281822,1,300
281865,1,300
281908,1,300
281951,1,300
281994,1,300
282037,1,300
282080,1,300
282123,1,300
282166,1,300
282209,1,300
282252,1,300
282295,1,300
282338,1,300
282381,1,300
282424,1,300
282467,1,300
282510,1,300
282553,1,300
282596,1,300
282639,1,300
282682,1,300
282725,1,300
282768,1,300
282811,1,300
282854,1,300
282897,1,300
282940,1,300
282983,1,300
283026,1,300
283069,1,300
283112,1,300
283155,1,300
283198,1,300
283241,1,300
283284,1,300
283327,1,300
283370,1,300
283413,1,300
283456,1,300
283499,1,300
283542,1,300
283585,1,300
283628,1,300
283671,1,300
283714,1,300
283757,1,300
283800,1,300
283843,1,300
283886,1,300
283929,1,300
283972,1,300
284015,1,300
284058,1,300
284101,1,300
284144,1,300
284187,1,300
284230,1,300
284273,1,300
284316,1,300
284359,1,300
284402,1,300
284445,1,300
284488,1,300
284531,1,300
284574,1,300
284617,1,300
284660,1,300
284703,1,300
284746,1,300
284789,1,300
284832,1,300
284875,1,300
284918,1,300
284961,1,300
285004,1,300
285047,1,300
285090,1,300
285133,1,300
285176,1,300
285219,1,300
285262,1,300
285305,1,300
285348,1,300
285391,1,300
285434,1,300
285477,1,300
285520,1,300
285563,1,300
285606,1,300
285649,1,300
285692,1,300
285735,1,300
285778,1,300
285821,1,300
285864,1,300
285907,1,300
285950,1,300
285993,1,300
286036,1,300
286079,1,300
286122,1,300
286165,1,300
286208,1,300
286251,1,300
286294,1,300
286337,1,300
286380,1,300
286423,1,300
286466,1,300
286509,1,300
286552,1,300
286595,1,300
286638,1,300
286681,1,300
286724,1,300
286767,1,300
286810,1,300
286853,1,300
286896,1,300
286939,1,300
286982,1,300
287025,1,300
287068,1,300
287111,1,300
287154,1,300
287197,1,300
287240,1,300
287283,1,300
287326,1,300
287369,1,300
287412,1,300
287455,1,300
287498,1,300
287541,1,300
287584,1,300
287627,1,300
287670,1,300
287713,1,300
287756,1,300
287799,1,300
287842,1,300
287885,1,300
287928,1,300
287971,1,300
288014,1,300
288057,1,300
288100,1,300
288143,1,300
288186,1,300
288229,1,300
288272,1,300
288315,1,300
288358,1,300
288401,1,300
288444,1,300
288487,1,300
288530,1,300
288573,1,300
288616,1,300
288659,1,300
288702,1,300
288745,1,300
288788,1,300
288831,1,300
288874,1,300
288917,1,300
288960,1,300
289003,1,300
289046,1,300
289089,1,300
289132,1,300
289175,1,300
289218,1,300
289261,1,300
289304,1,300
289347,1,300
289390,1,300
289433,1,300
289476,1,300
289519,1,300
289562,1,300
289605,1,300
289648,1,300
289691,1,300
289734,1,300
289777,1,300
289820,1,300
289863,1,300
289906,1,300
289949,1,300
289992,1,300
290035,1,300
290078,1,300
290121,1,300
290164,1,300
290207,1,300
290250,1,300
290293,1,300
290336,1,300
290379,1,300
290422,1,300
290465,1,300
290508,1,300
290551,1,300
290594,1,300
290637,1,300
290680,1,300
290723,1,300
290766,1,300
290809,1,300
290852,1,300
290895,1,300
290938,1,300
290981,1,300
291024,1,300
291067,1,300
291110,1,300
291153,1,300
291196,1,300
291239,1,300
291282,1,300
291325,1,300
291368,1,300
291411,1,300
291454,1,300
291497,1,300
291540,1,300
291583,1,300
291626,1,300
291669,1,300
291712,1,300
291755,1,300
291798,1,300
291841,1,300
291884,1,300
291927,1,300
291970,1,300
292013,1,300
292056,1,300
292099,1,300
292142,1,300
292185,1,300
292228,1,300
292271,1,300
292314,1,300
292357,1,300
292400,1,300
292443,1,300
292486,1,300
292529,1,300
292572,1,300
292615,1,300
292658,1,300
292701,1,300
292744,1,300
292787,1,300
292830,1,300
292873,1,300
292916,1,300
292959,1,300
293002,1,300
293045,1,300
293088,1,300
293131,1,300
293174,1,300
293217,1,300
293260,1,300
293303,1,300
293346,1,300
293389,1,300
293432,1,300
293475,1,300
293518,1,300
293561,1,300
293604,1,300
293647,1,300
293690,1,300
293733,1,300
293776,1,300
293819,1,300
293862,1,300
293905,1,300
293948,1,300
293991,1,300
294034,1,300
294077,1,300
294120,1,300
294163,1,300
294206,1,300
294249,1,300
294292,1,300
294335,1,300
294378,1,300
294421,1,300
294464,1,300
294507,1,300
294550,1,300
294593,1,300
294636,1,300
294679,1,300
294722,1,300
294765,1,300
294808,1,300
294851,1,300
294894,1,300
294937,1,300
294980,1,300
295023,1,300
295066,1,300
295109,1,300
295152,1,300
295195,1,300
295238,1,300
295281,1,300
295324,1,300
295367,1,300
295410,1,300
295453,1,300
295496,1,300
295539,1,300
295582,1,300
295625,1,300
295668,1,300
295711,1,300
295754,1,300
295797,1,300
295840,1,300
295883,1,300
295926,1,300
295969,1,300
296012,1,300
296055,1,300
296098,1,300
296141,1,300
296184,1,300
296227,1,300
296270,1,300
296313,1,300
296356,1,300
296399,1,300
296442,1,300
296485,1,300
296528,1,300
296571,1,300
296614,1,300
296657,1,300
296700,1,300
296743,1,300
296786,1,300
296829,1,300
296872,1,300
296915,1,300
296958,1,300
297001,1,300
297044,1,300
297087,1,300
297130,1,300
297173,1,300
297216,1,300
297259,1,300
297302,1,300
297345,1,300
297388,1,300
297431,1,300
297474,1,300
297517,1,300
297560,1,300
297603,1,300
297646,1,300
297689,1,300
297732,1,300
297775,1,300
297818,1,300
297861,1,300
297904,1,300
297947,1,300
297990,1,300
298033,1,300
298076,1,300
298119,1,300
298162,1,300
298205,1,300
298248,1,300
298291,1,300
298334,1,300
298377,1,300
298377,1,300
298420,1,300
298463,1,300
298506,1,300
298549,1,300
298592,1,300
298635,1,300
298678,1,300
298721,1,300
298764,1,300
298807,1,300
298850,1,300
298893,1,300
298936,1,300
298979,1,300
299022,1,300
299065,1,300
299108,1,300
299151,1,300
299194,1,300
299237,1,300
299280,1,300
299323,1,300
299366,1,300
299409,1,300
299452,1,300
299495,1,300
299538,1,300
299581,1,300
299624,1,300
299667,1,300
299710,1,300
299753,1,300
299796,1,300
299839,1,300
299882,1,300
299925,1,300
299968,1,300
