47,1,300
94,1,300
141,1,300
188,1,300
235,1,300
282,1,300
329,1,300
376,1,300
423,1,300
470,1,300
517,1,300
564,1,300
611,1,300
658,1,300
705,1,300
752,1,300
799,1,300
846,1,300
893,1,300
940,1,300
987,1,300
1034,1,300
1081,1,300
1128,1,300
1175,1,300
1222,1,300
1269,1,300
1316,1,300
1363,1,300
1410,1,300
1457,1,300
1504,1,300
1551,1,300
1598,1,300
1645,1,300
1692,1,300
1739,1,300
1786,1,300
1833,1,300
1880,1,300
1927,1,300
1974,1,300
2021,1,300
2068,1,300
2115,1,300
2162,1,300
2209,1,300
2256,1,300
2303,1,300
2350,1,300
2397,1,300
2444,1,300
2491,1,300
2538,1,300
2585,1,300
2632,1,300
2679,1,300
2726,1,300
2773,1,300
2820,1,300
2867,1,300
2914,1,300
2961,1,300
3008,1,300
3055,1,300
3102,1,300
3149,1,300
3196,1,300
3243,1,300
3290,1,300
3337,1,300
3384,1,300
3431,1,300
3478,1,300
3525,1,300
3572,1,300
3619,1,300
3666,1,300
3713,1,300
3760,1,300
3807,1,300
3854,1,300
3901,1,300
3948,1,300
3995,1,300
4042,1,300
4089,1,300
4136,1,300
4183,1,300
4230,1,300
4277,1,300
4324,1,300
4371,1,300
4418,1,300
4465,1,300
4512,1,300
4559,1,300
4606,1,300
4653,1,300
4700,1,300
4747,1,300
4794,1,300
4841,1,300
4888,1,300
4935,1,300
4982,1,300
5029,1,300
5076,1,300
5123,1,300
5170,1,300
5217,1,300
5264,1,300
5311,1,300
5358,1,300
5405,1,300
5452,1,300
5499,1,300
5546,1,300
5593,1,300
5640,1,300
5687,1,300
5734,1,300
5781,1,300
5828,1,300
5875,1,300
5922,1,300
5969,1,300
6016,1,300
6063,1,300
6110,1,300
6157,1,300
6204,1,300
6251,1,300
6298,1,300
6345,1,300
6392,1,300
6439,1,300
6486,1,300
6533,1,300
6580,1,300
6627,1,300
6674,1,300
6721,1,300
6768,1,300
6815,1,300
6862,1,300
6909,1,300
6956,1,300
7003,1,300
7050,1,300
7097,1,300
7144,1,300
7191,1,300
7238,1,300
7285,1,300
7332,1,300
7379,1,300
7426,1,300
7473,1,300
7520,1,300
7567,1,300
7614,1,300
7661,1,300
7708,1,300
7755,1,300
7802,1,300
7849,1,300
7896,1,300
7943,1,300
7990,1,300
8037,1,300
8084,1,300
8131,1,300
8178,1,300
8225,1,300
8272,1,300
8319,1,300
8366,1,300
8413,1,300
8460,1,300
8507,1,300
8554,1,300
8601,1,300
8648,1,300
8695,1,300
8742,1,300
8789,1,300
8836,1,300
8883,1,300
8930,1,300
8977,1,300
9024,1,300
9071,1,300
9118,1,300
9165,1,300
9212,1,300
9259,1,300
9306,1,300
9353,1,300
9400,1,300
9447,1,300
9494,1,300
9541,1,300
9588,1,300
9635,1,300
9682,1,300
9729,1,300
9776,1,300
9823,1,300
9870,1,300
9917,1,300
9964,1,300
10011,1,300
10058,1,300
10105,1,300
10152,1,300
10199,1,300
10246,1,300
10293,1,300
10340,1,300
10387,1,300
10434,1,300
10481,1,300
10528,1,300
10575,1,300
10622,1,300
10669,1,300
10716,1,300
10763,1,300
10810,1,300
10857,1,300
10904,1,300
10951,1,300
10998,1,300
11045,1,300
11092,1,300
11139,1,300
11186,1,300
11233,1,300
11280,1,300
11327,1,300
11374,1,300
11421,1,300
11468,1,300
11515,1,300
11562,1,300
11609,1,300
11656,1,300
11703,1,300
11750,1,300
11797,1,300
11844,1,300
11891,1,300
11938,1,300
11985,1,300
12032,1,300
12079,1,300
12126,1,300
12173,1,300
12220,1,300
12267,1,300
12314,1,300
12361,1,300
12408,1,300
12455,1,300
12502,1,300
12549,1,300
12596,1,300
12643,1,300
12690,1,300
12737,1,300
12784,1,300
12831,1,300
12878,1,300
12925,1,300
12972,1,300
13019,1,300
13066,1,300
13113,1,300
13160,1,300
13207,1,300
13254,1,300
13301,1,300
13348,1,300
13395,1,300
13442,1,300
13489,1,300
13536,1,300
13583,1,300
13630,1,300
13677,1,300
13724,1,300
13771,1,300
13818,1,300
13865,1,300
13912,1,300
13959,1,300
14006,1,300
14053,1,300
14100,1,300
14147,1,300
14194,1,300
14241,1,300
14288,1,300
14335,1,300
14382,1,300
14429,1,300
14476,1,300
14523,1,300
14570,1,300
14617,1,300
14664,1,300
14711,1,300
14758,1,300
14805,1,300
14852,1,300
14899,1,300
14946,1,300
14993,1,300
15040,1,300
15087,1,300
15134,1,300
15181,1,300
15228,1,300
15275,1,300
15322,1,300
15369,1,300
15416,1,300
15463,1,300
15510,1,300
15557,1,300
15604,1,300
15651,1,300
15698,1,300
15745,1,300
15792,1,300
15839,1,300
15886,1,300
15933,1,300
15980,1,300
16027,1,300
16074,1,300
16121,1,300
16168,1,300
16215,1,300
16262,1,300
16309,1,300
16356,1,300
16403,1,300
16450,1,300
16497,1,300
16544,1,300
16591,1,300
16638,1,300
16685,1,300
16732,1,300
16779,1,300
16826,1,300
16873,1,300
16920,1,300
16967,1,300
17014,1,300
17061,1,300
17108,1,300
17155,1,300
17202,1,300
17249,1,300
17296,1,300
17343,1,300
17390,1,300
17437,1,300
17484,1,300
17531,1,300
17578,1,300
17625,1,300
17672,1,300
17719,1,300
17766,1,300
17813,1,300
17860,1,300
17907,1,300
17954,1,300
18001,1,300
18048,1,300
18095,1,300
18142,1,300
18189,1,300
18236,1,300
18283,1,300
18330,1,300
18377,1,300
18424,1,300
18471,1,300
18518,1,300
18565,1,300
18612,1,300
18659,1,300
18706,1,300
18753,1,300
18800,1,300
18847,1,300
18894,1,300
18941,1,300
18988,1,300
19035,1,300
19082,1,300
19129,1,300
19176,1,300
19223,1,300
19270,1,300
19317,1,300
19364,1,300
19411,1,300
19458,1,300
19505,1,300
19552,1,300
19599,1,300
19646,1,300
19693,1,300
19740,1,300
19787,1,300
19834,1,300
19881,1,300
19928,1,300
19975,1,300
20022,1,300
20069,1,300
20116,1,300
20163,1,300
20210,1,300
20257,1,300
20304,1,300
20351,1,300
20398,1,300
20445,1,300
20492,1,300
20539,1,300
20586,1,300
20633,1,300
20680,1,300
20727,1,300
20774,1,300
20821,1,300
20868,1,300
20915,1,300
20962,1,300
21009,1,300
21056,1,300
21103,1,300
21150,1,300
21197,1,300
21244,1,300
21291,1,300
21338,1,300
21385,1,300
21432,1,300
21479,1,300
21526,1,300
21573,1,300
21620,1,300
21667,1,300
21714,1,300
21761,1,300
21808,1,300
21855,1,300
21902,1,300
21949,1,300
21996,1,300
22043,1,300
22090,1,300
22137,1,300
22184,1,300
22231,1,300
22278,1,300
22325,1,300
22372,1,300
22419,1,300
22466,1,300
22513,1,300
22560,1,300
22607,1,300
22654,1,300
22701,1,300
22748,1,300
22795,1,300
22842,1,300
22889,1,300
22936,1,300
22983,1,300
23030,1,300
23077,1,300
23124,1,300
23171,1,300
23218,1,300
23265,1,300
23312,1,300
23359,1,300
23406,1,300
23453,1,300
23500,1,300
23547,1,300
23594,1,300
23641,1,300
23688,1,300
23735,1,300
23782,1,300
23829,1,300
23876,1,300
23923,1,300
23970,1,300
24017,1,300
24064,1,300
24111,1,300
24158,1,300
24205,1,300
24252,1,300
24299,1,300
24346,1,300
24393,1,300
24440,1,300
24487,1,300
24534,1,300
24581,1,300
24628,1,300
24675,1,300
24722,1,300
24769,1,300
24816,1,300
24863,1,300
24910,1,300
24957,1,300
25004,1,300
25051,1,300
25098,1,300
25145,1,300
25192,1,300
25239,1,300
25286,1,300
25333,1,300
25380,1,300
25427,1,300
25474,1,300
25521,1,300
25568,1,300
25615,1,300
25662,1,300
25709,1,300
25756,1,300
25803,1,300
25850,1,300
25897,1,300
25944,1,300
25991,1,300
26038,1,300
26085,1,300
26132,1,300
26179,1,300
26226,1,300
26273,1,300
26320,1,300
26367,1,300
26414,1,300
26461,1,300
26508,1,300
26555,1,300
26602,1,300
26649,1,300
26696,1,300
26743,1,300
26790,1,300
26837,1,300
26884,1,300
26931,1,300
26978,1,300
27025,1,300
27072,1,300
27119,1,300
27166,1,300
27213,1,300
27260,1,300
27307,1,300
27354,1,300
27401,1,300
27448,1,300
27495,1,300
27542,1,300
27589,1,300
27636,1,300
27683,1,300
27730,1,300
27777,1,300
27824,1,300
27871,1,300
27918,1,300
27965,1,300
28012,1,300
28059,1,300
28106,1,300
28153,1,300
28200,1,300
28247,1,300
28294,1,300
28341,1,300
28388,1,300
28435,1,300
28482,1,300
28529,1,300
28576,1,300
28623,1,300
28670,1,300
28717,1,300
28764,1,300
28811,1,300
28858,1,300
28905,1,300
28952,1,300
28999,1,300
29046,1,300
29093,1,300
29140,1,300
29187,1,300
29234,1,300
29281,1,300
29328,1,300
29375,1,300
29422,1,300
29469,1,300
29516,1,300
29563,1,300
29610,1,300
29657,1,300
29704,1,300
29751,1,300
29798,1,300
29845,1,300
29892,1,300
29939,1,300
29986,1,300
30033,1,300
30080,1,300
30127,1,300
30174,1,300
30221,1,300
30268,1,300
30315,1,300
30362,1,300
30409,1,300
30456,1,300
30503,1,300
30550,1,300
30597,1,300
30644,1,300
30691,1,300
30738,1,300
30785,1,300
30832,1,300
30879,1,300
30926,1,300
30973,1,300
31020,1,300
31067,1,300
31114,1,300
31161,1,300
31208,1,300
31255,1,300
31302,1,300
31349,1,300
31396,1,300
31443,1,300
31490,1,300
31537,1,300
31584,1,300
31631,1,300
31678,1,300
31725,1,300
31772,1,300
31819,1,300
31866,1,300
31913,1,300
31960,1,300
32007,1,300
32054,1,300
32101,1,300
32148,1,300
32195,1,300
32242,1,300
32289,1,300
32336,1,300
32383,1,300
32430,1,300
32477,1,300
32524,1,300
32571,1,300
32618,1,300
32665,1,300
32712,1,300
32759,1,300
32806,1,300
32853,1,300
32900,1,300
32947,1,300
32994,1,300
33041,1,300
33088,1,300
33135,1,300
33182,1,300
33229,1,300
33276,1,300
33323,1,300
33370,1,300
33417,1,300
33464,1,300
33511,1,300
33558,1,300
33605,1,300
33652,1,300
33699,1,300
33746,1,300
33793,1,300
33840,1,300
33887,1,300
33934,1,300
33981,1,300
34028,1,300
34075,1,300
34122,1,300
34169,1,300
34216,1,300
34263,1,300
34310,1,300
34357,1,300
34404,1,300
34451,1,300
34498,1,300
34545,1,300
34592,1,300
34639,1,300
34686,1,300
34733,1,300
34780,1,300
34827,1,300
34874,1,300
34921,1,300
34968,1,300
35015,1,300
35062,1,300
35109,1,300
35156,1,300
35203,1,300
35250,1,300
35297,1,300
35344,1,300
35391,1,300
35438,1,300
35485,1,300
35532,1,300
35579,1,300
35626,1,300
35673,1,300
35720,1,300
35767,1,300
35814,1,300
35861,1,300
35908,1,300
35955,1,300
36002,1,300
36049,1,300
36096,1,300
36143,1,300
36190,1,300
36237,1,300
36284,1,300
36331,1,300
36378,1,300
36425,1,300
36472,1,300
36519,1,300
36566,1,300
36613,1,300
36660,1,300
36707,1,300
36754,1,300
36801,1,300
36848,1,300
36895,1,300
36942,1,300
36989,1,300
37036,1,300
37083,1,300
37130,1,300
37177,1,300
37224,1,300
37271,1,300
37318,1,300
37365,1,300
37412,1,300
37459,1,300
37506,1,300
37553,1,300
37600,1,300
37647,1,300
37694,1,300
37741,1,300
37788,1,300
37835,1,300
37882,1,300
37929,1,300
37976,1,300
38023,1,300
38070,1,300
38117,1,300
38164,1,300
38211,1,300
38258,1,300
38305,1,300
38352,1,300
38399,1,300
38446,1,300
38493,1,300
38540,1,300
38587,1,300
38634,1,300
38681,1,300
38728,1,300
38775,1,300
38822,1,300
38869,1,300
38916,1,300
38963,1,300
39010,1,300
39057,1,300
39104,1,300
39151,1,300
39198,1,300
39245,1,300
39292,1,300
39339,1,300
39386,1,300
39433,1,300
39480,1,300
39527,1,300
39574,1,300
39621,1,300
39668,1,300
39715,1,300
39762,1,300
39809,1,300
39856,1,300
39903,1,300
39950,1,300
39997,1,300
40044,1,300
40091,1,300
40138,1,300
40185,1,300
40232,1,300
40279,1,300
40326,1,300
40373,1,300
40420,1,300
40467,1,300
40514,1,300
40561,1,300
40608,1,300
40655,1,300
40702,1,300
40749,1,300
40796,1,300
40843,1,300
40890,1,300
40937,1,300
40984,1,300
41031,1,300
41078,1,300
41125,1,300
41172,1,300
41219,1,300
41266,1,300
41313,1,300
41360,1,300
41407,1,300
41454,1,300
41501,1,300
41548,1,300
41595,1,300
41642,1,300
41689,1,300
41736,1,300
41783,1,300
41830,1,300
41877,1,300
41924,1,300
41971,1,300
42018,1,300
42065,1,300
42112,1,300
42159,1,300
42206,1,300
42253,1,300
42300,1,300
42347,1,300
42394,1,300
42441,1,300
42488,1,300
42535,1,300
42582,1,300
42629,1,300
42676,1,300
42723,1,300
42770,1,300
42817,1,300
42864,1,300
42911,1,300
42958,1,300
43005,1,300
43052,1,300
43099,1,300
43146,1,300
43193,1,300
43240,1,300
43287,1,300
43334,1,300
43381,1,300
43428,1,300
43475,1,300
43522,1,300
43569,1,300
43616,1,300
43663,1,300
43710,1,300
43757,1,300
43804,1,300
43851,1,300
43898,1,300
43945,1,300
43992,1,300
44039,1,300
44086,1,300
44133,1,300
44180,1,300
44227,1,300
44274,1,300
44321,1,300
44368,1,300
44415,1,300
44462,1,300
44509,1,300
44556,1,300
44603,1,300
44650,1,300
44697,1,300
44744,1,300
44791,1,300
44838,1,300
44885,1,300
44932,1,300
44979,1,300
45026,1,300
45073,1,300
45120,1,300
45167,1,300
45214,1,300
45261,1,300
45308,1,300
45355,1,300
45402,1,300
45449,1,300
45496,1,300
45543,1,300
45590,1,300
45637,1,300
45684,1,300
45731,1,300
45778,1,300
45825,1,300
45872,1,300
45919,1,300
45966,1,300
46013,1,300
46060,1,300
46107,1,300
46154,1,300
46201,1,300
46248,1,300
46295,1,300
46342,1,300
46389,1,300
46436,1,300
46483,1,300
46530,1,300
46577,1,300
46624,1,300
46671,1,300
46718,1,300
46765,1,300
46812,1,300
46859,1,300
46906,1,300
46953,1,300
47000,1,300
47047,1,300
47094,1,300
47141,1,300
47188,1,300
47235,1,300
47282,1,300
47329,1,300
47376,1,300
47423,1,300
47470,1,300
47517,1,300
47564,1,300
47611,1,300
47658,1,300
47705,1,300
47752,1,300
47799,1,300
47846,1,300
47893,1,300
47940,1,300
47987,1,300
48034,1,300
48081,1,300
48128,1,300
48175,1,300
48222,1,300
48269,1,300
48316,1,300
48363,1,300
48410,1,300
48457,1,300
48504,1,300
48551,1,300
48598,1,300
48645,1,300
48692,1,300
48739,1,300
48786,1,300
48833,1,300
48880,1,300
48927,1,300
48974,1,300
49021,1,300
49068,1,300
49115,1,300
49162,1,300
49209,1,300
49256,1,300
49303,1,300
49350,1,300
49397,1,300
49444,1,300
49491,1,300
49538,1,300
49585,1,300
49632,1,300
49679,1,300
49726,1,300
49773,1,300
49820,1,300
49867,1,300
49914,1,300
49961,1,300
50008,1,300
50055,1,300
50102,1,300
50149,1,300
50196,1,300
50243,1,300
50290,1,300
50337,1,300
50384,1,300
50431,1,300
50478,1,300
50525,1,300
50572,1,300
50619,1,300
50666,1,300
50713,1,300
50760,1,300
50807,1,300
50854,1,300
50901,1,300
50948,1,300
50995,1,300
51042,1,300
51089,1,300
51136,1,300
51183,1,300
51230,1,300
51277,1,300
51324,1,300
51371,1,300
51418,1,300
51465,1,300
51512,1,300
51559,1,300
51606,1,300
51653,1,300
51700,1,300
51747,1,300
51794,1,300
51841,1,300
51888,1,300
51935,1,300
51982,1,300
52029,1,300
52076,1,300
52123,1,300
52170,1,300
52217,1,300
52264,1,300
52311,1,300
52358,1,300
52405,1,300
52452,1,300
52499,1,300
52546,1,300
52593,1,300
52640,1,300
52687,1,300
52734,1,300
52781,1,300
52828,1,300
52875,1,300
52922,1,300
52969,1,300
53016,1,300
53063,1,300
53110,1,300
53157,1,300
53204,1,300
53251,1,300
53298,1,300
53345,1,300
53392,1,300
53439,1,300
53486,1,300
53533,1,300
53580,1,300
53627,1,300
53674,1,300
53721,1,300
53768,1,300
53815,1,300
53862,1,300
53909,1,300
53956,1,300
54003,1,300
54050,1,300
54097,1,300
54144,1,300
54191,1,300
54238,1,300
54285,1,300
54332,1,300
54379,1,300
54426,1,300
54473,1,300
54520,1,300
54567,1,300
54614,1,300
54661,1,300
54708,1,300
54755,1,300
54802,1,300
54849,1,300
54896,1,300
54943,1,300
54990,1,300
55037,1,300
55084,1,300
55131,1,300
55178,1,300
55225,1,300
55272,1,300
55319,1,300
55366,1,300
55413,1,300
55460,1,300
55507,1,300
55554,1,300
55601,1,300
55648,1,300
55695,1,300
55742,1,300
55789,1,300
55836,1,300
55883,1,300
55930,1,300
55977,1,300
56024,1,300
56071,1,300
56118,1,300
56165,1,300
56212,1,300
56259,1,300
56306,1,300
56353,1,300
56400,1,300
56447,1,300
56494,1,300
56541,1,300
56588,1,300
56635,1,300
56682,1,300
56729,1,300
56776,1,300
56823,1,300
56870,1,300
56917,1,300
56964,1,300
57011,1,300
57058,1,300
57105,1,300
57152,1,300
57199,1,300
57246,1,300
57293,1,300
57340,1,300
57387,1,300
57434,1,300
57481,1,300
57528,1,300
57575,1,300
57622,1,300
57669,1,300
57716,1,300
57763,1,300
57810,1,300
57857,1,300
57904,1,300
57951,1,300
57998,1,300
58045,1,300
58092,1,300
58139,1,300
58186,1,300
58233,1,300
58280,1,300
58327,1,300
58374,1,300
58421,1,300
58468,1,300
58515,1,300
58562,1,300
58609,1,300
58656,1,300
58703,1,300
58750,1,300
58797,1,300
58844,1,300
58891,1,300
58938,1,300
58985,1,300
59032,1,300
59079,1,300
59126,1,300
59173,1,300
59220,1,300
59267,1,300
59314,1,300
59361,1,300
59408,1,300
59455,1,300
59502,1,300
59549,1,300
59596,1,300
59643,1,300
59690,1,300
59737,1,300
59784,1,300
59831,1,300
59878,1,300
59925,1,300
59972,1,300
60019,1,300
60066,1,300
60113,1,300
60160,1,300
60207,1,300
60254,1,300
60301,1,300
60348,1,300
60395,1,300
60442,1,300
60489,1,300
60536,1,300
60583,1,300
60630,1,300
60677,1,300
60724,1,300
60771,1,300
60818,1,300
60865,1,300
60912,1,300
60959,1,300
61006,1,300
61053,1,300
61100,1,300
61147,1,300
61194,1,300
61241,1,300
61288,1,300
61335,1,300
61382,1,300
61429,1,300
61476,1,300
61523,1,300
61570,1,300
61617,1,300
61664,1,300
61711,1,300
61758,1,300
61805,1,300
61852,1,300
61899,1,300
61946,1,300
61993,1,300
62040,1,300
62087,1,300
62134,1,300
62181,1,300
62228,1,300
62275,1,300
62322,1,300
62369,1,300
62416,1,300
62463,1,300
62510,1,300
62557,1,300
62604,1,300
62651,1,300
62698,1,300
62745,1,300
62792,1,300
62839,1,300
62886,1,300
62933,1,300
62980,1,300
63027,1,300
63074,1,300
63121,1,300
63168,1,300
63215,1,300
63262,1,300
63309,1,300
63356,1,300
63403,1,300
63450,1,300
63497,1,300
63544,1,300
63591,1,300
63638,1,300
63685,1,300
63732,1,300
63779,1,300
63826,1,300
63873,1,300
63920,1,300
63967,1,300
64014,1,300
64061,1,300
64108,1,300
64155,1,300
64202,1,300
64249,1,300
64296,1,300
64343,1,300
64390,1,300
64437,1,300
64484,1,300
64531,1,300
64578,1,300
64625,1,300
64672,1,300
64719,1,300
64766,1,300
64813,1,300
64860,1,300
64907,1,300
64954,1,300
65001,1,300
65048,1,300
65095,1,300
65142,1,300
65189,1,300
65236,1,300
65283,1,300
65330,1,300
65377,1,300
65424,1,300
65471,1,300
65518,1,300
65565,1,300
65612,1,300
65659,1,300
65706,1,300
65753,1,300
65800,1,300
65847,1,300
65894,1,300
65941,1,300
65988,1,300
66035,1,300
66082,1,300
66129,1,300
66176,1,300
66223,1,300
66270,1,300
66317,1,300
66364,1,300
66411,1,300
66458,1,300
66505,1,300
66552,1,300
66599,1,300
66646,1,300
66693,1,300
66740,1,300
66787,1,300
66834,1,300
66881,1,300
66928,1,300
66975,1,300
67022,1,300
67069,1,300
67116,1,300
67163,1,300
67210,1,300
67257,1,300
67304,1,300
67351,1,300
67398,1,300
67445,1,300
67492,1,300
67539,1,300
67586,1,300
67633,1,300
67680,1,300
67727,1,300
67774,1,300
67821,1,300
67868,1,300
67915,1,300
67962,1,300
68009,1,300
68056,1,300
68103,1,300
68150,1,300
68197,1,300
68244,1,300
68291,1,300
68338,1,300
68385,1,300
68432,1,300
68479,1,300
68526,1,300
68573,1,300
68620,1,300
68667,1,300
68714,1,300
68761,1,300
68808,1,300
68855,1,300
68902,1,300
68949,1,300
68996,1,300
69043,1,300
69090,1,300
69137,1,300
69184,1,300
69231,1,300
69278,1,300
69325,1,300
69372,1,300
69419,1,300
69466,1,300
69513,1,300
69560,1,300
69607,1,300
69654,1,300
69701,1,300
69748,1,300
69795,1,300
69842,1,300
69889,1,300
69936,1,300
69983,1,300
70030,1,300
70077,1,300
70124,1,300
70171,1,300
70218,1,300
70265,1,300
70312,1,300
70359,1,300
70406,1,300
70453,1,300
70500,1,300
70547,1,300
70594,1,300
70641,1,300
70688,1,300
70735,1,300
70782,1,300
70829,1,300
70876,1,300
70923,1,300
70970,1,300
71017,1,300
71064,1,300
71111,1,300
71158,1,300
71205,1,300
71252,1,300
71299,1,300
71346,1,300
71393,1,300
71440,1,300
71487,1,300
71534,1,300
71581,1,300
71628,1,300
71675,1,300
71722,1,300
71769,1,300
71816,1,300
71863,1,300
71910,1,300
71957,1,300
72004,1,300
72051,1,300
72098,1,300
72145,1,300
72192,1,300
72239,1,300
72286,1,300
72333,1,300
72380,1,300
72427,1,300
72474,1,300
72521,1,300
72568,1,300
72615,1,300
72662,1,300
72709,1,300
72756,1,300
72803,1,300
72850,1,300
72897,1,300
72944,1,300
72991,1,300
73038,1,300
73085,1,300
73132,1,300
73179,1,300
73226,1,300
73273,1,300
73320,1,300
73367,1,300
73414,1,300
73461,1,300
73508,1,300
73555,1,300
73602,1,300
73649,1,300
73696,1,300
73743,1,300
73790,1,300
73837,1,300
73884,1,300
73931,1,300
73978,1,300
74025,1,300
74072,1,300
74119,1,300
74166,1,300
74213,1,300
74260,1,300
74307,1,300
74354,1,300
74401,1,300
74448,1,300
74495,1,300
74542,1,300
74589,1,300
74636,1,300
74683,1,300
74730,1,300
74777,1,300
74824,1,300
74871,1,300
74918,1,300
74965,1,300
75012,1,300
75059,1,300
75106,1,300
75153,1,300
75200,1,300
75247,1,300
75294,1,300
75341,1,300
75388,1,300
75435,1,300
75482,1,300
75529,1,300
75576,1,300
75623,1,300
75670,1,300
75717,1,300
75764,1,300
75811,1,300
75858,1,300
75905,1,300
75952,1,300
75999,1,300
76046,1,300
76093,1,300
76140,1,300
76187,1,300
76234,1,300
76281,1,300
76328,1,300
76375,1,300
76422,1,300
76469,1,300
76516,1,300
76563,1,300
76610,1,300
76657,1,300
76704,1,300
76751,1,300
76798,1,300
76845,1,300
76892,1,300
76939,1,300
76986,1,300
77033,1,300
77080,1,300
77127,1,300
77174,1,300
77221,1,300
77268,1,300
77315,1,300
77362,1,300
77409,1,300
77456,1,300
77503,1,300
77550,1,300
77597,1,300
77644,1,300
77691,1,300
77738,1,300
77785,1,300
77832,1,300
77879,1,300
77926,1,300
77973,1,300
78020,1,300
78067,1,300
78114,1,300
78161,1,300
78208,1,300
78255,1,300
78302,1,300
78349,1,300
78396,1,300
78443,1,300
78490,1,300
78537,1,300
78584,1,300
78631,1,300
78678,1,300
78725,1,300
78772,1,300
78819,1,300
78866,1,300
78913,1,300
78960,1,300
79007,1,300
79054,1,300
79101,1,300
79148,1,300
79195,1,300
79242,1,300
79289,1,300
79336,1,300
79383,1,300
79430,1,300
79477,1,300
79524,1,300
79571,1,300
79618,1,300
79665,1,300
79712,1,300
79759,1,300
79806,1,300
79853,1,300
79900,1,300
79947,1,300
79994,1,300
80041,1,300
80088,1,300
80135,1,300
80182,1,300
80229,1,300
80276,1,300
80323,1,300
80370,1,300
80417,1,300
80464,1,300
80511,1,300
80558,1,300
80605,1,300
80652,1,300
80699,1,300
80746,1,300
80793,1,300
80840,1,300
80887,1,300
80934,1,300
80981,1,300
81028,1,300
81075,1,300
81122,1,300
81169,1,300
81216,1,300
81263,1,300
81310,1,300
81357,1,300
81404,1,300
81451,1,300
81498,1,300
81545,1,300
81592,1,300
81639,1,300
81686,1,300
81733,1,300
81780,1,300
81827,1,300
81874,1,300
81921,1,300
81968,1,300
82015,1,300
82062,1,300
82109,1,300
82156,1,300
82203,1,300
82250,1,300
82297,1,300
82344,1,300
82391,1,300
82438,1,300
82485,1,300
82532,1,300
82579,1,300
82626,1,300
82673,1,300
82720,1,300
82767,1,300
82814,1,300
82861,1,300
82908,1,300
82955,1,300
83002,1,300
83049,1,300
83096,1,300
83143,1,300
83190,1,300
83237,1,300
83284,1,300
83331,1,300
83378,1,300
83425,1,300
83472,1,300
83519,1,300
83566,1,300
83613,1,300
83660,1,300
83707,1,300
83754,1,300
83801,1,300
83848,1,300
83895,1,300
83942,1,300
83989,1,300
84036,1,300
84083,1,300
84130,1,300
84177,1,300
84224,1,300
84271,1,300
84318,1,300
84365,1,300
84412,1,300
84459,1,300
84506,1,300
84553,1,300
84600,1,300
84647,1,300
84694,1,300
84741,1,300
84788,1,300
84835,1,300
84882,1,300
84929,1,300
84976,1,300
85023,1,300
85070,1,300
85117,1,300
85164,1,300
85211,1,300
85258,1,300
85305,1,300
85352,1,300
85399,1,300
85446,1,300
85493,1,300
85540,1,300
85587,1,300
85634,1,300
85681,1,300
85728,1,300
85775,1,300
85822,1,300
85869,1,300
85916,1,300
85963,1,300
86010,1,300
86057,1,300
86104,1,300
86151,1,300
86198,1,300
86245,1,300
86292,1,300
86339,1,300
86386,1,300
86433,1,300
86480,1,300
86527,1,300
86574,1,300
86621,1,300
86668,1,300
86715,1,300
86762,1,300
86809,1,300
86856,1,300
86903,1,300
86950,1,300
86997,1,300
87044,1,300
87091,1,300
87138,1,300
87185,1,300
87232,1,300
87279,1,300
87326,1,300
87373,1,300
87420,1,300
87467,1,300
87514,1,300
87561,1,300
87608,1,300
87655,1,300
87702,1,300
87749,1,300
87796,1,300
87843,1,300
87890,1,300
87937,1,300
87984,1,300
88031,1,300
88078,1,300
88125,1,300
88172,1,300
88219,1,300
88266,1,300
88313,1,300
88360,1,300
88407,1,300
88454,1,300
88501,1,300
88548,1,300
88595,1,300
88642,1,300
88689,1,300
88736,1,300
88783,1,300
88830,1,300
88877,1,300
88924,1,300
88971,1,300
89018,1,300
89065,1,300
89112,1,300
89159,1,300
89206,1,300
89253,1,300
89300,1,300
89347,1,300
89394,1,300
89441,1,300
89488,1,300
89535,1,300
89582,1,300
89629,1,300
89676,1,300
89723,1,300
89770,1,300
89817,1,300
89864,1,300
89911,1,300
89958,1,300
90005,1,300
90052,1,300
90099,1,300
90146,1,300
90193,1,300
90240,1,300
90287,1,300
90334,1,300
90381,1,300
90428,1,300
90475,1,300
90522,1,300
90569,1,300
90616,1,300
90663,1,300
90710,1,300
90757,1,300
90804,1,300
90851,1,300
90898,1,300
90945,1,300
90992,1,300
91039,1,300
91086,1,300
91133,1,300
91180,1,300
91227,1,300
91274,1,300
91321,1,300
91368,1,300
91415,1,300
91462,1,300
91509,1,300
91556,1,300
91603,1,300
91650,1,300
91697,1,300
91744,1,300
91791,1,300
91838,1,300
91885,1,300
91932,1,300
91979,1,300
92026,1,300
92073,1,300
92120,1,300
92167,1,300
92214,1,300
92261,1,300
92308,1,300
92355,1,300
92402,1,300
92449,1,300
92496,1,300
92543,1,300
92590,1,300
92637,1,300
92684,1,300
92731,1,300
92778,1,300
92825,1,300
92872,1,300
92919,1,300
92966,1,300
93013,1,300
93060,1,300
93107,1,300
93154,1,300
93201,1,300
93248,1,300
93295,1,300
93342,1,300
93389,1,300
93436,1,300
93483,1,300
93530,1,300
93577,1,300
93624,1,300
93671,1,300
93718,1,300
93765,1,300
93812,1,300
93859,1,300
93906,1,300
93953,1,300
94000,1,300
94047,1,300
94094,1,300
94141,1,300
94188,1,300
94235,1,300
94282,1,300
94329,1,300
94376,1,300
94423,1,300
94470,1,300
94517,1,300
94564,1,300
94611,1,300
94658,1,300
94705,1,300
94752,1,300
94799,1,300
94846,1,300
94893,1,300
94940,1,300
94987,1,300
95034,1,300
95081,1,300
95128,1,300
95175,1,300
95222,1,300
95269,1,300
95316,1,300
95363,1,300
95410,1,300
95457,1,300
95504,1,300
95551,1,300
95598,1,300
95645,1,300
95692,1,300
95739,1,300
95786,1,300
95833,1,300
95880,1,300
95927,1,300
95974,1,300
96021,1,300
96068,1,300
96115,1,300
96162,1,300
96209,1,300
96256,1,300
96303,1,300
96350,1,300
96397,1,300
96444,1,300
96491,1,300
96538,1,300
96585,1,300
96632,1,300
96679,1,300
96726,1,300
96773,1,300
96820,1,300
96867,1,300
96914,1,300
96961,1,300
97008,1,300
97055,1,300
97102,1,300
97149,1,300
97196,1,300
97243,1,300
97290,1,300
97337,1,300
97384,1,300
97431,1,300
97478,1,300
97525,1,300
97572,1,300
97619,1,300
97666,1,300
97713,1,300
97760,1,300
97807,1,300
97854,1,300
97901,1,300
97948,1,300
97995,1,300
98042,1,300
98089,1,300
98136,1,300
98183,1,300
98230,1,300
98277,1,300
98324,1,300
98371,1,300
98418,1,300
98465,1,300
98512,1,300
98559,1,300
98606,1,300
98653,1,300
98700,1,300
98747,1,300
98794,1,300
98841,1,300
98888,1,300
98935,1,300
98982,1,300
99029,1,300
99076,1,300
99123,1,300
99170,1,300
99217,1,300
99264,1,300
99311,1,300
99358,1,300
99405,1,300
99452,1,300
99499,1,300
99546,1,300
99593,1,300
99640,1,300
99687,1,300
99734,1,300
99781,1,300
99828,1,300
99875,1,300
99922,1,300
99969,1,300
100016,1,300
100063,1,300
100110,1,300
100157,1,300
100204,1,300
100251,1,300
100298,1,300
100345,1,300
100392,1,300
100439,1,300
100486,1,300
100533,1,300
100580,1,300
100627,1,300
100674,1,300
100721,1,300
100768,1,300
100815,1,300
100862,1,300
100909,1,300
100956,1,300
101003,1,300
101050,1,300
101097,1,300
101144,1,300
101191,1,300
101238,1,300
101285,1,300
101332,1,300
101379,1,300
101426,1,300
101473,1,300
101520,1,300
101567,1,300
101614,1,300
101661,1,300
101708,1,300
101755,1,300
101802,1,300
101849,1,300
101896,1,300
101943,1,300
101990,1,300
102037,1,300
102084,1,300
102131,1,300
102178,1,300
102225,1,300
102272,1,300
102319,1,300
102366,1,300
102413,1,300
102460,1,300
102507,1,300
102554,1,300
102601,1,300
102648,1,300
102695,1,300
102742,1,300
102789,1,300
102836,1,300
102883,1,300
102930,1,300
102977,1,300
103024,1,300
103071,1,300
103118,1,300
103165,1,300
103212,1,300
103259,1,300
103306,1,300
103353,1,300
103400,1,300
103447,1,300
103494,1,300
103541,1,300
103588,1,300
103635,1,300
103682,1,300
103729,1,300
103776,1,300
103823,1,300
103870,1,300
103917,1,300
103964,1,300
104011,1,300
104058,1,300
104105,1,300
104152,1,300
104199,1,300
104246,1,300
104293,1,300
104340,1,300
104387,1,300
104434,1,300
104481,1,300
104528,1,300
104575,1,300
104622,1,300
104669,1,300
104716,1,300
104763,1,300
104810,1,300
104857,1,300
104904,1,300
104951,1,300
104998,1,300
105045,1,300
105092,1,300
105139,1,300
105186,1,300
105233,1,300
105280,1,300
105327,1,300
105374,1,300
105421,1,300
105468,1,300
105515,1,300
105562,1,300
105609,1,300
105656,1,300
105703,1,300
105750,1,300
105797,1,300
105844,1,300
105891,1,300
105938,1,300
105985,1,300
106032,1,300
106079,1,300
106126,1,300
106173,1,300
106220,1,300
106267,1,300
106314,1,300
106361,1,300
106408,1,300
106455,1,300
106502,1,300
106549,1,300
106596,1,300
106643,1,300
106690,1,300
106737,1,300
106784,1,300
106831,1,300
106878,1,300
106925,1,300
106972,1,300
107019,1,300
107066,1,300
107113,1,300
107160,1,300
107207,1,300
107254,1,300
107301,1,300
107348,1,300
107395,1,300
107442,1,300
107489,1,300
107536,1,300
107583,1,300
107630,1,300
107677,1,300
107724,1,300
107771,1,300
107818,1,300
107865,1,300
107912,1,300
107959,1,300
108006,1,300
108053,1,300
108100,1,300
108147,1,300
108194,1,300
108241,1,300
108288,1,300
108335,1,300
108382,1,300
108429,1,300
108476,1,300
108523,1,300
108570,1,300
108617,1,300
108664,1,300
108711,1,300
108758,1,300
108805,1,300
108852,1,300
108899,1,300
108946,1,300
108993,1,300
109040,1,300
109087,1,300
109134,1,300
109181,1,300
109228,1,300
109275,1,300
109322,1,300
109369,1,300
109416,1,300
109463,1,300
109510,1,300
109557,1,300
109604,1,300
109651,1,300
109698,1,300
109745,1,300
109792,1,300
109839,1,300
109886,1,300
109933,1,300
109980,1,300
110027,1,300
110074,1,300
110121,1,300
110168,1,300
110215,1,300
110262,1,300
110309,1,300
110356,1,300
110403,1,300
110450,1,300
110497,1,300
110544,1,300
110591,1,300
110638,1,300
110685,1,300
110732,1,300
110779,1,300
110826,1,300
110873,1,300
110920,1,300
110967,1,300
111014,1,300
111061,1,300
111108,1,300
111155,1,300
111202,1,300
111249,1,300
111296,1,300
111343,1,300
111390,1,300
111437,1,300
111484,1,300
111531,1,300
111578,1,300
111625,1,300
111672,1,300
111719,1,300
111766,1,300
111813,1,300
111860,1,300
111907,1,300
111954,1,300
112001,1,300
112048,1,300
112095,1,300
112142,1,300
112189,1,300
112236,1,300
112283,1,300
112330,1,300
112377,1,300
112424,1,300
112471,1,300
112518,1,300
112565,1,300
112612,1,300
112659,1,300
112706,1,300
112753,1,300
112800,1,300
112847,1,300
112894,1,300
112941,1,300
112988,1,300
113035,1,300
113082,1,300
113129,1,300
113176,1,300
113223,1,300
113270,1,300
113317,1,300
113364,1,300
113411,1,300
113458,1,300
113505,1,300
113552,1,300
113599,1,300
113646,1,300
113693,1,300
113740,1,300
113787,1,300
113834,1,300
113881,1,300
113928,1,300
113975,1,300
114022,1,300
114069,1,300
114116,1,300
114163,1,300
114210,1,300
114257,1,300
114304,1,300
114351,1,300
114398,1,300
114445,1,300
114492,1,300
114539,1,300
114586,1,300
114633,1,300
114680,1,300
114727,1,300
114774,1,300
114821,1,300
114868,1,300
114915,1,300
114962,1,300
115009,1,300
115056,1,300
115103,1,300
115150,1,300
115197,1,300
115244,1,300
115291,1,300
115338,1,300
115385,1,300
115432,1,300
115479,1,300
115526,1,300
115573,1,300
115620,1,300
115667,1,300
115714,1,300
115761,1,300
115808,1,300
115855,1,300
115902,1,300
115949,1,300
115996,1,300
116043,1,300
116090,1,300
116137,1,300
116184,1,300
116231,1,300
116278,1,300
116325,1,300
116372,1,300
116419,1,300
116466,1,300
116513,1,300
116560,1,300
116607,1,300
116654,1,300
116701,1,300
116748,1,300
116795,1,300
116842,1,300
116889,1,300
116936,1,300
116983,1,300
117030,1,300
117077,1,300
117124,1,300
117171,1,300
117218,1,300
117265,1,300
117312,1,300
117359,1,300
117406,1,300
117453,1,300
117500,1,300
117547,1,300
117594,1,300
117641,1,300
117688,1,300
117735,1,300
117782,1,300
117829,1,300
117876,1,300
117923,1,300
117970,1,300
118017,1,300
118064,1,300
118111,1,300
118158,1,300
118205,1,300
118252,1,300
118299,1,300
118346,1,300
118393,1,300
118440,1,300
118487,1,300
118534,1,300
118581,1,300
118628,1,300
118675,1,300
118722,1,300
118769,1,300
118816,1,300
118863,1,300
118910,1,300
118957,1,300
119004,1,300
119051,1,300
119098,1,300
119145,1,300
119192,1,300
119239,1,300
119286,1,300
119333,1,300
119380,1,300
119427,1,300
119474,1,300
119521,1,300
119568,1,300
119615,1,300
119662,1,300
119709,1,300
119756,1,300
119803,1,300
119850,1,300
119897,1,300
119944,1,300
119991,1,300
120038,1,300
120085,1,300
120132,1,300
120179,1,300
120226,1,300
120273,1,300
120320,1,300
120367,1,300
120414,1,300
120461,1,300
120508,1,300
120555,1,300
120602,1,300
120649,1,300
120696,1,300
120743,1,300
120790,1,300
120837,1,300
120884,1,300
120931,1,300
120978,1,300
121025,1,300
121072,1,300
121119,1,300
121166,1,300
121213,1,300
121260,1,300
121307,1,300
121354,1,300
121401,1,300
121448,1,300
121495,1,300
121542,1,300
121589,1,300
121636,1,300
121683,1,300
121730,1,300
121777,1,300
121824,1,300
121871,1,300
121918,1,300
121965,1,300
122012,1,300
122059,1,300
122106,1,300
122153,1,300
122200,1,300
122247,1,300
122294,1,300
122341,1,300
122388,1,300
122435,1,300
122482,1,300
122529,1,300
122576,1,300
122623,1,300
122670,1,300
122717,1,300
122764,1,300
122811,1,300
122858,1,300
122905,1,300
122952,1,300
122999,1,300
123046,1,300
123093,1,300
123140,1,300
123187,1,300
123234,1,300
123281,1,300
123328,1,300
123375,1,300
123422,1,300
123469,1,300
123516,1,300
123563,1,300
123610,1,300
123657,1,300
123704,1,300
123751,1,300
123798,1,300
123845,1,300
123892,1,300
123939,1,300
123986,1,300
124033,1,300
124080,1,300
124127,1,300
124174,1,300
124221,1,300
124268,1,300
124315,1,300
124362,1,300
124409,1,300
124456,1,300
124503,1,300
124550,1,300
124597,1,300
124644,1,300
124691,1,300
124738,1,300
124785,1,300
124832,1,300
124879,1,300
124926,1,300
124973,1,300
125020,1,300
125067,1,300
125114,1,300
125161,1,300
125208,1,300
125255,1,300
125302,1,300
125349,1,300
125396,1,300
125443,1,300
125490,1,300
125537,1,300
125584,1,300
125631,1,300
125678,1,300
125725,1,300
125772,1,300
125819,1,300
125866,1,300
125913,1,300
125960,1,300
126007,1,300
126054,1,300
126101,1,300
126148,1,300
126195,1,300
126242,1,300
126289,1,300
126336,1,300
126383,1,300
126430,1,300
126477,1,300
126524,1,300
126571,1,300
126618,1,300
126665,1,300
126712,1,300
126759,1,300
126806,1,300
126853,1,300
126900,1,300
126947,1,300
126994,1,300
127041,1,300
127088,1,300
127135,1,300
127182,1,300
127229,1,300
127276,1,300
127323,1,300
127370,1,300
127417,1,300
127464,1,300
127511,1,300
127558,1,300
127605,1,300
127652,1,300
127699,1,300
127746,1,300
127793,1,300
127840,1,300
127887,1,300
127934,1,300
127981,1,300
128028,1,300
128075,1,300
128122,1,300
128169,1,300
128216,1,300
128263,1,300
128310,1,300
128357,1,300
128404,1,300
128451,1,300
128498,1,300
128545,1,300
128592,1,300
128639,1,300
128686,1,300
128733,1,300
128780,1,300
128827,1,300
128874,1,300
128921,1,300
128968,1,300
129015,1,300
129062,1,300
129109,1,300
129156,1,300
129203,1,300
129250,1,300
129297,1,300
129344,1,300
129391,1,300
129438,1,300
129485,1,300
129532,1,300
129579,1,300
129626,1,300
129673,1,300
129720,1,300
129767,1,300
129814,1,300
129861,1,300
129908,1,300
129955,1,300
130002,1,300
130049,1,300
130096,1,300
130143,1,300
130190,1,300
130237,1,300
130284,1,300
130331,1,300
130378,1,300
130425,1,300
130472,1,300
130519,1,300
130566,1,300
130613,1,300
130660,1,300
130707,1,300
130754,1,300
130801,1,300
130848,1,300
130895,1,300
130942,1,300
130989,1,300
131036,1,300
131083,1,300
131130,1,300
131177,1,300
131224,1,300
131271,1,300
131318,1,300
131365,1,300
131412,1,300
131459,1,300
131506,1,300
131553,1,300
131600,1,300
131647,1,300
131694,1,300
131741,1,300
131788,1,300
131835,1,300
131882,1,300
131929,1,300
131976,1,300
132023,1,300
132070,1,300
132117,1,300
132164,1,300
132211,1,300
132258,1,300
132305,1,300
132352,1,300
132399,1,300
132446,1,300
132493,1,300
132540,1,300
132587,1,300
132634,1,300
132681,1,300
132728,1,300
132775,1,300
132822,1,300
132869,1,300
132916,1,300
132963,1,300
133010,1,300
133057,1,300
133104,1,300
133151,1,300
133198,1,300
133245,1,300
133292,1,300
133339,1,300
133386,1,300
133433,1,300
133480,1,300
133527,1,300
133574,1,300
133621,1,300
133668,1,300
133715,1,300
133762,1,300
133809,1,300
133856,1,300
133903,1,300
133950,1,300
133997,1,300
134044,1,300
134091,1,300
134138,1,300
134185,1,300
134232,1,300
134279,1,300
134326,1,300
134373,1,300
134420,1,300
134467,1,300
134514,1,300
134561,1,300
134608,1,300
134655,1,300
134702,1,300
134749,1,300
134796,1,300
134843,1,300
134890,1,300
134937,1,300
134984,1,300
135031,1,300
135078,1,300
135125,1,300
135172,1,300
135219,1,300
135266,1,300
135313,1,300
135360,1,300
135407,1,300
135454,1,300
135501,1,300
135548,1,300
135595,1,300
135642,1,300
135689,1,300
135736,1,300
135783,1,300
135830,1,300
135877,1,300
135924,1,300
135971,1,300
136018,1,300
136065,1,300
136112,1,300
136159,1,300
136206,1,300
136253,1,300
136300,1,300
136347,1,300
136394,1,300
136441,1,300
136488,1,300
136535,1,300
136582,1,300
136629,1,300
136676,1,300
136723,1,300
136770,1,300
136817,1,300
136864,1,300
136911,1,300
136958,1,300
137005,1,300
137052,1,300
137099,1,300
137146,1,300
137193,1,300
137240,1,300
137287,1,300
137334,1,300
137381,1,300
137428,1,300
137475,1,300
137522,1,300
137569,1,300
137616,1,300
137663,1,300
137710,1,300
137757,1,300
137804,1,300
137851,1,300
137898,1,300
137945,1,300
137992,1,300
138039,1,300
138086,1,300
138133,1,300
138180,1,300
138227,1,300
138274,1,300
138321,1,300
138368,1,300
138415,1,300
138462,1,300
138509,1,300
138556,1,300
138603,1,300
138650,1,300
138697,1,300
138744,1,300
138791,1,300
138838,1,300
138885,1,300
138932,1,300
138979,1,300
139026,1,300
139073,1,300
139120,1,300
139167,1,300
139214,1,300
139261,1,300
139308,1,300
139355,1,300
139402,1,300
139449,1,300
139496,1,300
139543,1,300
139590,1,300
139637,1,300
139684,1,300
139731,1,300
139778,1,300
139825,1,300
139872,1,300
139919,1,300
139966,1,300
140013,1,300
140060,1,300
140107,1,300
140154,1,300
140201,1,300
140248,1,300
140295,1,300
140342,1,300
140389,1,300
140436,1,300
140483,1,300
140530,1,300
140577,1,300
140624,1,300
140671,1,300
140718,1,300
140765,1,300
140812,1,300
140859,1,300
140906,1,300
140953,1,300
141000,1,300
141047,1,300
141094,1,300
141141,1,300
141188,1,300
141235,1,300
141282,1,300
141329,1,300
141376,1,300
141423,1,300
141470,1,300
141517,1,300
141564,1,300
141611,1,300
141658,1,300
141705,1,300
141752,1,300
141799,1,300
141846,1,300
141893,1,300
141940,1,300
141987,1,300
142034,1,300
142081,1,300
142128,1,300
142175,1,300
142222,1,300
142269,1,300
142316,1,300
142363,1,300
142410,1,300
142457,1,300
142504,1,300
142551,1,300
142598,1,300
142645,1,300
142692,1,300
142739,1,300
142786,1,300
142833,1,300
142880,1,300
142927,1,300
142974,1,300
143021,1,300
143068,1,300
143115,1,300
143162,1,300
143209,1,300
143256,1,300
143303,1,300
143350,1,300
143397,1,300
143444,1,300
143491,1,300
143538,1,300
143585,1,300
143632,1,300
143679,1,300
143726,1,300
143773,1,300
143820,1,300
143867,1,300
143914,1,300
143961,1,300
144008,1,300
144055,1,300
144102,1,300
144149,1,300
144196,1,300
144243,1,300
144290,1,300
144337,1,300
144384,1,300
144431,1,300
144478,1,300
144525,1,300
144572,1,300
144619,1,300
144666,1,300
144713,1,300
144760,1,300
144807,1,300
144854,1,300
144901,1,300
144948,1,300
144995,1,300
145042,1,300
145089,1,300
145136,1,300
145183,1,300
145230,1,300
145277,1,300
145324,1,300
145371,1,300
145418,1,300
145465,1,300
145512,1,300
145559,1,300
145606,1,300
145653,1,300
145700,1,300
145747,1,300
145794,1,300
145841,1,300
145888,1,300
145935,1,300
145982,1,300
146029,1,300
146076,1,300
146123,1,300
146170,1,300
146217,1,300
146264,1,300
146311,1,300
146358,1,300
146405,1,300
146452,1,300
146499,1,300
146546,1,300
146593,1,300
146640,1,300
146687,1,300
146734,1,300
146781,1,300
146828,1,300
146875,1,300
146922,1,300
146969,1,300
147016,1,300
147063,1,300
147110,1,300
147157,1,300
147204,1,300
147251,1,300
147298,1,300
147345,1,300
147392,1,300
147439,1,300
147486,1,300
147533,1,300
147580,1,300
147627,1,300
147674,1,300
147721,1,300
147768,1,300
147815,1,300
147862,1,300
147909,1,300
147956,1,300
148003,1,300
148050,1,300
148097,1,300
148144,1,300
148191,1,300
148238,1,300
148285,1,300
148332,1,300
148379,1,300
148426,1,300
148473,1,300
148520,1,300
148567,1,300
148614,1,300
148661,1,300
148708,1,300
148755,1,300
148802,1,300
148849,1,300
148896,1,300
148943,1,300
148990,1,300
149037,1,300
149084,1,300
149131,1,300
149178,1,300
149225,1,300
149272,1,300
149319,1,300
149366,1,300
149413,1,300
149460,1,300
149507,1,300
149554,1,300
149601,1,300
149648,1,300
149695,1,300
149742,1,300
149789,1,300
149836,1,300
149883,1,300
149930,1,300
149977,1,300
150024,1,300
150071,1,300
150118,1,300
150165,1,300
150212,1,300
150259,1,300
150306,1,300
150353,1,300
150400,1,300
150447,1,300
150494,1,300
150541,1,300
150588,1,300
150635,1,300
150682,1,300
150729,1,300
150776,1,300
150823,1,300
150870,1,300
150917,1,300
150964,1,300
151011,1,300
151058,1,300
151105,1,300
151152,1,300
151199,1,300
151246,1,300
151293,1,300
151340,1,300
151387,1,300
151434,1,300
151481,1,300
151528,1,300
151575,1,300
151622,1,300
151669,1,300
151716,1,300
151763,1,300
151810,1,300
151857,1,300
151904,1,300
151951,1,300
151998,1,300
152045,1,300
152092,1,300
152139,1,300
152186,1,300
152233,1,300
152280,1,300
152327,1,300
152374,1,300
152421,1,300
152468,1,300
152515,1,300
152562,1,300
152609,1,300
152656,1,300
152703,1,300
152750,1,300
152797,1,300
152844,1,300
152891,1,300
152938,1,300
152985,1,300
153032,1,300
153079,1,300
153126,1,300
153173,1,300
153220,1,300
153267,1,300
153314,1,300
153361,1,300
153408,1,300
153455,1,300
153502,1,300
153549,1,300
153596,1,300
153643,1,300
153690,1,300
153737,1,300
153784,1,300
153831,1,300
153878,1,300
153925,1,300
153972,1,300
154019,1,300
154066,1,300
154113,1,300
154160,1,300
154207,1,300
154254,1,300
154301,1,300
154348,1,300
154395,1,300
154442,1,300
154489,1,300
154536,1,300
154583,1,300
154630,1,300
154677,1,300
154724,1,300
154771,1,300
154818,1,300
154865,1,300
154912,1,300
154959,1,300
155006,1,300
155053,1,300
155100,1,300
155147,1,300
155194,1,300
155241,1,300
155288,1,300
155335,1,300
155382,1,300
155429,1,300
155476,1,300
155523,1,300
155570,1,300
155617,1,300
155664,1,300
155711,1,300
155758,1,300
155805,1,300
155852,1,300
155899,1,300
155946,1,300
155993,1,300
156040,1,300
156087,1,300
156134,1,300
156181,1,300
156228,1,300
156275,1,300
156322,1,300
156369,1,300
156416,1,300
156463,1,300
156510,1,300
156557,1,300
156604,1,300
156651,1,300
156698,1,300
156745,1,300
156792,1,300
156839,1,300
156886,1,300
156933,1,300
156980,1,300
157027,1,300
157074,1,300
157121,1,300
157168,1,300
157215,1,300
157262,1,300
157309,1,300
157356,1,300
157403,1,300
157450,1,300
157497,1,300
157544,1,300
157591,1,300
157638,1,300
157685,1,300
157732,1,300
157779,1,300
157826,1,300
157873,1,300
157920,1,300
157967,1,300
158014,1,300
158061,1,300
158108,1,300
158155,1,300
158202,1,300
158249,1,300
158296,1,300
158343,1,300
158390,1,300
158437,1,300
158484,1,300
158531,1,300
158578,1,300
158625,1,300
158672,1,300
158719,1,300
158766,1,300
158813,1,300
158860,1,300
158907,1,300
158954,1,300
159001,1,300
159048,1,300
159095,1,300
159142,1,300
159189,1,300
159236,1,300
159283,1,300
159330,1,300
159377,1,300
159424,1,300
159471,1,300
159518,1,300
159565,1,300
159612,1,300
159659,1,300
159706,1,300
159753,1,300
159800,1,300
159847,1,300
159894,1,300
159941,1,300
159988,1,300
160035,1,300
160082,1,300
160129,1,300
160176,1,300
160223,1,300
160270,1,300
160317,1,300
160364,1,300
160411,1,300
160458,1,300
160505,1,300
160552,1,300
160599,1,300
160646,1,300
160693,1,300
160740,1,300
160787,1,300
160834,1,300
160881,1,300
160928,1,300
160975,1,300
161022,1,300
161069,1,300
161116,1,300
161163,1,300
161210,1,300
161257,1,300
161304,1,300
161351,1,300
161398,1,300
161445,1,300
161492,1,300
161539,1,300
161586,1,300
161633,1,300
161680,1,300
161727,1,300
161774,1,300
161821,1,300
161868,1,300
161915,1,300
161962,1,300
162009,1,300
162056,1,300
162103,1,300
162150,1,300
162197,1,300
162244,1,300
162291,1,300
162338,1,300
162385,1,300
162432,1,300
162479,1,300
162526,1,300
162573,1,300
162620,1,300
162667,1,300
162714,1,300
162761,1,300
162808,1,300
162855,1,300
162902,1,300
162949,1,300
162996,1,300
163043,1,300
163090,1,300
163137,1,300
163184,1,300
163231,1,300
163278,1,300
163325,1,300
163372,1,300
163419,1,300
163466,1,300
163513,1,300
163560,1,300
163607,1,300
163654,1,300
163701,1,300
163748,1,300
163795,1,300
163842,1,300
163889,1,300
163936,1,300
163983,1,300
164030,1,300
164077,1,300
164124,1,300
164171,1,300
164218,1,300
164265,1,300
164312,1,300
164359,1,300
164406,1,300
164453,1,300
164500,1,300
164547,1,300
164594,1,300
164641,1,300
164688,1,300
164735,1,300
164782,1,300
164829,1,300
164876,1,300
164923,1,300
164970,1,300
165017,1,300
165064,1,300
165111,1,300
165158,1,300
165205,1,300
165252,1,300
165299,1,300
165346,1,300
165393,1,300
165440,1,300
165487,1,300
165534,1,300
165581,1,300
165628,1,300
165675,1,300
165722,1,300
165769,1,300
165816,1,300
165863,1,300
165910,1,300
165957,1,300
166004,1,300
166051,1,300
166098,1,300
166145,1,300
166192,1,300
166239,1,300
166286,1,300
166333,1,300
166380,1,300
166427,1,300
166474,1,300
166521,1,300
166568,1,300
166615,1,300
166662,1,300
166709,1,300
166756,1,300
166803,1,300
166850,1,300
166897,1,300
166944,1,300
166991,1,300
167038,1,300
167085,1,300
167132,1,300
167179,1,300
167226,1,300
167273,1,300
167320,1,300
167367,1,300
167414,1,300
167461,1,300
167508,1,300
167555,1,300
167602,1,300
167649,1,300
167696,1,300
167743,1,300
167790,1,300
167837,1,300
167884,1,300
167931,1,300
167978,1,300
168025,1,300
168072,1,300
168119,1,300
168166,1,300
168213,1,300
168260,1,300
168307,1,300
168354,1,300
168401,1,300
168448,1,300
168495,1,300
168542,1,300
168589,1,300
168636,1,300
168683,1,300
168730,1,300
168777,1,300
168824,1,300
168871,1,300
168918,1,300
168965,1,300
169012,1,300
169059,1,300
169106,1,300
169153,1,300
169200,1,300
169247,1,300
169294,1,300
169341,1,300
169388,1,300
169435,1,300
169482,1,300
169529,1,300
169576,1,300
169623,1,300
169670,1,300
169717,1,300
169764,1,300
169811,1,300
169858,1,300
169905,1,300
169952,1,300
169999,1,300
170046,1,300
170093,1,300
170140,1,300
170187,1,300
170234,1,300
170281,1,300
170328,1,300
170375,1,300
170422,1,300
170469,1,300
170516,1,300
170563,1,300
170610,1,300
170657,1,300
170704,1,300
170751,1,300
170798,1,300
170845,1,300
170892,1,300
170939,1,300
170986,1,300
171033,1,300
171080,1,300
171127,1,300
171174,1,300
171221,1,300
171268,1,300
171315,1,300
171362,1,300
171409,1,300
171456,1,300
171503,1,300
171550,1,300
171597,1,300
171644,1,300
171691,1,300
171738,1,300
171785,1,300
171832,1,300
171879,1,300
171926,1,300
171973,1,300
172020,1,300
172067,1,300
172114,1,300
172161,1,300
172208,1,300
172255,1,300
172302,1,300
172349,1,300
172396,1,300
172443,1,300
172490,1,300
172537,1,300
172584,1,300
172631,1,300
172678,1,300
172725,1,300
172772,1,300
172819,1,300
172866,1,300
172913,1,300
172960,1,300
173007,1,300
173054,1,300
173101,1,300
173148,1,300
173195,1,300
173242,1,300
173289,1,300
173336,1,300
173383,1,300
173430,1,300
173477,1,300
173524,1,300
173571,1,300
173618,1,300
173665,1,300
173712,1,300
173759,1,300
173806,1,300
173853,1,300
173900,1,300
173947,1,300
173994,1,300
174041,1,300
174088,1,300
174135,1,300
174182,1,300
174229,1,300
174276,1,300
174323,1,300
174370,1,300
174417,1,300
174464,1,300
174511,1,300
174558,1,300
174605,1,300
174652,1,300
174699,1,300
174746,1,300
174793,1,300
174840,1,300
174887,1,300
174934,1,300
174981,1,300
175028,1,300
175075,1,300
175122,1,300
175169,1,300
175216,1,300
175263,1,300
175310,1,300
175357,1,300
175404,1,300
175451,1,300
175498,1,300
175545,1,300
175592,1,300
175639,1,300
175686,1,300
175733,1,300
175780,1,300
175827,1,300
175874,1,300
175921,1,300
175968,1,300
176015,1,300
176062,1,300
176109,1,300
176156,1,300
176203,1,300
176250,1,300
176297,1,300
176344,1,300
176391,1,300
176438,1,300
176485,1,300
176532,1,300
176579,1,300
176626,1,300
176673,1,300
176720,1,300
176767,1,300
176814,1,300
176861,1,300
176908,1,300
176955,1,300
177002,1,300
177049,1,300
177096,1,300
177143,1,300
177190,1,300
177237,1,300
177284,1,300
177331,1,300
177378,1,300
177425,1,300
177472,1,300
177519,1,300
177566,1,300
177613,1,300
177660,1,300
177707,1,300
177754,1,300
177801,1,300
177848,1,300
177895,1,300
177942,1,300
177989,1,300
178036,1,300
178083,1,300
178130,1,300
178177,1,300
178224,1,300
178271,1,300
178318,1,300
178365,1,300
178412,1,300
178459,1,300
178506,1,300
178553,1,300
178600,1,300
178647,1,300
178694,1,300
178741,1,300
178788,1,300
178835,1,300
178882,1,300
178929,1,300
178976,1,300
179023,1,300
179070,1,300
179117,1,300
179164,1,300
179211,1,300
179258,1,300
179305,1,300
179352,1,300
179399,1,300
179446,1,300
179493,1,300
179540,1,300
179587,1,300
179634,1,300
179681,1,300
179728,1,300
179775,1,300
179822,1,300
179869,1,300
179916,1,300
179963,1,300
180010,1,300
180057,1,300
180104,1,300
180151,1,300
180198,1,300
180245,1,300
180292,1,300
180339,1,300
180386,1,300
180433,1,300
180480,1,300
180527,1,300
180574,1,300
180621,1,300
180668,1,300
180715,1,300
180762,1,300
180809,1,300
180856,1,300
180903,1,300
180950,1,300
180997,1,300
181044,1,300
181091,1,300
181138,1,300
181185,1,300
181232,1,300
181279,1,300
181326,1,300
181373,1,300
181420,1,300
181467,1,300
181514,1,300
181561,1,300
181608,1,300
181655,1,300
181702,1,300
181749,1,300
181796,1,300
181843,1,300
181890,1,300
181937,1,300
181984,1,300
182031,1,300
182078,1,300
182125,1,300
182172,1,300
182219,1,300
182266,1,300
182313,1,300
182360,1,300
182407,1,300
182454,1,300
182501,1,300
182548,1,300
182595,1,300
182642,1,300
182689,1,300
182736,1,300
182783,1,300
182830,1,300
182877,1,300
182924,1,300
182971,1,300
183018,1,300
183065,1,300
183112,1,300
183159,1,300
183206,1,300
183253,1,300
183300,1,300
183347,1,300
183394,1,300
183441,1,300
183488,1,300
183535,1,300
183582,1,300
183629,1,300
183676,1,300
183723,1,300
183770,1,300
183817,1,300
183864,1,300
183911,1,300
183958,1,300
184005,1,300
184052,1,300
184099,1,300
184146,1,300
184193,1,300
184240,1,300
184287,1,300
184334,1,300
184381,1,300
184428,1,300
184475,1,300
184522,1,300
184569,1,300
184616,1,300
184663,1,300
184710,1,300
184757,1,300
184804,1,300
184851,1,300
184898,1,300
184945,1,300
184992,1,300
185039,1,300
185086,1,300
185133,1,300
185180,1,300
185227,1,300
185274,1,300
185321,1,300
185368,1,300
185415,1,300
185462,1,300
185509,1,300
185556,1,300
185603,1,300
185650,1,300
185697,1,300
185744,1,300
185791,1,300
185838,1,300
185885,1,300
185932,1,300
185979,1,300
186026,1,300
186073,1,300
186120,1,300
186167,1,300
186214,1,300
186261,1,300
186308,1,300
186355,1,300
186402,1,300
186449,1,300
186496,1,300
186543,1,300
186590,1,300
186637,1,300
186684,1,300
186731,1,300
186778,1,300
186825,1,300
186872,1,300
186919,1,300
186966,1,300
187013,1,300
187060,1,300
187107,1,300
187154,1,300
187201,1,300
187248,1,300
187295,1,300
187342,1,300
187389,1,300
187436,1,300
187483,1,300
187530,1,300
187577,1,300
187624,1,300
187671,1,300
187718,1,300
187765,1,300
187812,1,300
187859,1,300
187906,1,300
187953,1,300
188000,1,300
188047,1,300
188094,1,300
188141,1,300
188188,1,300
188235,1,300
188282,1,300
188329,1,300
188376,1,300
188423,1,300
188470,1,300
188517,1,300
188564,1,300
188611,1,300
188658,1,300
188705,1,300
188752,1,300
188799,1,300
188846,1,300
188893,1,300
188940,1,300
188987,1,300
189034,1,300
189081,1,300
189128,1,300
189175,1,300
189222,1,300
189269,1,300
189316,1,300
189363,1,300
189410,1,300
189457,1,300
189504,1,300
189551,1,300
189598,1,300
189645,1,300
189692,1,300
189739,1,300
189786,1,300
189833,1,300
189880,1,300
189927,1,300
189974,1,300
190021,1,300
190068,1,300
190115,1,300
190162,1,300
190209,1,300
190256,1,300
190303,1,300
190350,1,300
190397,1,300
190444,1,300
190491,1,300
190538,1,300
190585,1,300
190632,1,300
190679,1,300
190726,1,300
190773,1,300
190820,1,300
190867,1,300
190914,1,300
190961,1,300
191008,1,300
191055,1,300
191102,1,300
191149,1,300
191196,1,300
191243,1,300
191290,1,300
191337,1,300
191384,1,300
191431,1,300
191478,1,300
191525,1,300
191572,1,300
191619,1,300
191666,1,300
191713,1,300
191760,1,300
191807,1,300
191854,1,300
191901,1,300
191948,1,300
191995,1,300
192042,1,300
192089,1,300
192136,1,300
192183,1,300
192230,1,300
192277,1,300
192324,1,300
192371,1,300
192418,1,300
192465,1,300
192512,1,300
192559,1,300
192606,1,300
192653,1,300
192700,1,300
192747,1,300
192794,1,300
192841,1,300
192888,1,300
192935,1,300
192982,1,300
193029,1,300
193076,1,300
193123,1,300
193170,1,300
193217,1,300
193264,1,300
193311,1,300
193358,1,300
193405,1,300
193452,1,300
193499,1,300
193546,1,300
193593,1,300
193640,1,300
193687,1,300
193734,1,300
193781,1,300
193828,1,300
193875,1,300
193922,1,300
193969,1,300
194016,1,300
194063,1,300
194110,1,300
194157,1,300
194204,1,300
194251,1,300
194298,1,300
194345,1,300
194392,1,300
194439,1,300
194486,1,300
194533,1,300
194580,1,300
194627,1,300
194674,1,300
194721,1,300
194768,1,300
194815,1,300
194862,1,300
194909,1,300
194956,1,300
195003,1,300
195050,1,300
195097,1,300
195144,1,300
195191,1,300
195238,1,300
195285,1,300
195332,1,300
195379,1,300
195426,1,300
195473,1,300
195520,1,300
195567,1,300
195614,1,300
195661,1,300
195708,1,300
195755,1,300
195802,1,300
195849,1,300
195896,1,300
195943,1,300
195990,1,300
196037,1,300
196084,1,300
196131,1,300
196178,1,300
196225,1,300
196272,1,300
196319,1,300
196366,1,300
196413,1,300
196460,1,300
196507,1,300
196554,1,300
196601,1,300
196648,1,300
196695,1,300
196742,1,300
196789,1,300
196836,1,300
196883,1,300
196930,1,300
196977,1,300
197024,1,300
197071,1,300
197118,1,300
197165,1,300
197212,1,300
197259,1,300
197306,1,300
197353,1,300
197400,1,300
197447,1,300
197494,1,300
197541,1,300
197588,1,300
197635,1,300
197682,1,300
197729,1,300
197776,1,300
197823,1,300
197870,1,300
197917,1,300
197964,1,300
198011,1,300
198058,1,300
198105,1,300
198152,1,300
198199,1,300
198246,1,300
198293,1,300
198340,1,300
198387,1,300
198434,1,300
198481,1,300
198528,1,300
198575,1,300
198622,1,300
198669,1,300
198716,1,300
198763,1,300
198810,1,300
198857,1,300
198904,1,300
198951,1,300
198998,1,300
199045,1,300
199092,1,300
199139,1,300
199186,1,300
199233,1,300
199280,1,300
199327,1,300
199374,1,300
199421,1,300
199468,1,300
199515,1,300
199562,1,300
199609,1,300
199656,1,300
199703,1,300
199750,1,300
199797,1,300
199844,1,300
199891,1,300
199938,1,300
199985,1,300
200032,1,300
200079,1,300
200126,1,300
200173,1,300
200220,1,300
200267,1,300
200314,1,300
200361,1,300
200408,1,300
200455,1,300
200502,1,300
200549,1,300
200596,1,300
200643,1,300
200690,1,300
200737,1,300
200784,1,300
200831,1,300
200878,1,300
200925,1,300
200972,1,300
201019,1,300
201066,1,300
201113,1,300
201160,1,300
201207,1,300
201254,1,300
201301,1,300
201348,1,300
201395,1,300
201442,1,300
201489,1,300
201536,1,300
201583,1,300
201630,1,300
201677,1,300
201724,1,300
201771,1,300
201818,1,300
201865,1,300
201912,1,300
201959,1,300
202006,1,300
202053,1,300
202100,1,300
202147,1,300
202194,1,300
202241,1,300
202288,1,300
202335,1,300
202382,1,300
202429,1,300
202476,1,300
202523,1,300
202570,1,300
202617,1,300
202664,1,300
202711,1,300
202758,1,300
202805,1,300
202852,1,300
202899,1,300
202946,1,300
202993,1,300
203040,1,300
203087,1,300
203134,1,300
203181,1,300
203228,1,300
203275,1,300
203322,1,300
203369,1,300
203416,1,300
203463,1,300
203510,1,300
203557,1,300
203604,1,300
203651,1,300
203698,1,300
203745,1,300
203792,1,300
203839,1,300
203886,1,300
203933,1,300
203980,1,300
204027,1,300
204074,1,300
204121,1,300
204168,1,300
204215,1,300
204262,1,300
204309,1,300
204356,1,300
204403,1,300
204450,1,300
204497,1,300
204544,1,300
204591,1,300
204638,1,300
204685,1,300
204732,1,300
204779,1,300
204826,1,300
204873,1,300
204920,1,300
204967,1,300
205014,1,300
205061,1,300
205108,1,300
205155,1,300
205202,1,300
205249,1,300
205296,1,300
205343,1,300
205390,1,300
205437,1,300
205484,1,300
205531,1,300
205578,1,300
205625,1,300
205672,1,300
205719,1,300
205766,1,300
205813,1,300
205860,1,300
205907,1,300
205954,1,300
206001,1,300
206048,1,300
206095,1,300
206142,1,300
206189,1,300
206236,1,300
206283,1,300
206330,1,300
206377,1,300
206424,1,300
206471,1,300
206518,1,300
206565,1,300
206612,1,300
206659,1,300
206706,1,300
206753,1,300
206800,1,300
206847,1,300
206894,1,300
206941,1,300
206988,1,300
207035,1,300
207082,1,300
207129,1,300
207176,1,300
207223,1,300
207270,1,300
207317,1,300
207364,1,300
207411,1,300
207458,1,300
207505,1,300
207552,1,300
207599,1,300
207646,1,300
207693,1,300
207740,1,300
207787,1,300
207834,1,300
207881,1,300
207928,1,300
207975,1,300
208022,1,300
208069,1,300
208116,1,300
208163,1,300
208210,1,300
208257,1,300
208304,1,300
208351,1,300
208398,1,300
208445,1,300
208492,1,300
208539,1,300
208586,1,300
208633,1,300
208680,1,300
208727,1,300
208774,1,300
208821,1,300
208868,1,300
208915,1,300
208962,1,300
209009,1,300
209056,1,300
209103,1,300
209150,1,300
209197,1,300
209244,1,300
209291,1,300
209338,1,300
209385,1,300
209432,1,300
209479,1,300
209526,1,300
209573,1,300
209620,1,300
209667,1,300
209714,1,300
209761,1,300
209808,1,300
209855,1,300
209902,1,300
209949,1,300
209996,1,300
210043,1,300
210090,1,300
210137,1,300
210184,1,300
210231,1,300
210278,1,300
210325,1,300
210372,1,300
210419,1,300
210466,1,300
210513,1,300
210560,1,300
210607,1,300
210654,1,300
210701,1,300
210748,1,300
210795,1,300
210842,1,300
210889,1,300
210936,1,300
210983,1,300
211030,1,300
211077,1,300
211124,1,300
211171,1,300
211218,1,300
211265,1,300
211312,1,300
211359,1,300
211406,1,300
211453,1,300
211500,1,300
211547,1,300
211594,1,300
211641,1,300
211688,1,300
211735,1,300
211782,1,300
211829,1,300
211876,1,300
211923,1,300
211970,1,300
212017,1,300
212064,1,300
212111,1,300
212158,1,300
212205,1,300
212252,1,300
212299,1,300
212346,1,300
212393,1,300
212440,1,300
212487,1,300
212534,1,300
212581,1,300
212628,1,300
212675,1,300
212722,1,300
212769,1,300
212816,1,300
212863,1,300
212910,1,300
212957,1,300
213004,1,300
213051,1,300
213098,1,300
213145,1,300
213192,1,300
213239,1,300
213286,1,300
213333,1,300
213380,1,300
213427,1,300
213474,1,300
213521,1,300
213568,1,300
213615,1,300
213662,1,300
213709,1,300
213756,1,300
213803,1,300
213850,1,300
213897,1,300
213944,1,300
213991,1,300
214038,1,300
214085,1,300
214132,1,300
214179,1,300
214226,1,300
214273,1,300
214320,1,300
214367,1,300
214414,1,300
214461,1,300
214508,1,300
214555,1,300
214602,1,300
214649,1,300
214696,1,300
214743,1,300
214790,1,300
214837,1,300
214884,1,300
214931,1,300
214978,1,300
215025,1,300
215072,1,300
215119,1,300
215166,1,300
215213,1,300
215260,1,300
215307,1,300
215354,1,300
215401,1,300
215448,1,300
215495,1,300
215542,1,300
215589,1,300
215636,1,300
215683,1,300
215730,1,300
215777,1,300
215824,1,300
215871,1,300
215918,1,300
215965,1,300
216012,1,300
216059,1,300
216106,1,300
216153,1,300
216200,1,300
216247,1,300
216294,1,300
216341,1,300
216388,1,300
216435,1,300
216482,1,300
216529,1,300
216576,1,300
216623,1,300
216670,1,300
216717,1,300
216764,1,300
216811,1,300
216858,1,300
216905,1,300
216952,1,300
216999,1,300
217046,1,300
217093,1,300
217140,1,300
217187,1,300
217234,1,300
217281,1,300
217328,1,300
217375,1,300
217422,1,300
217469,1,300
217516,1,300
217563,1,300
217610,1,300
217657,1,300
217704,1,300
217751,1,300
217798,1,300
217845,1,300
217892,1,300
217939,1,300
217986,1,300
218033,1,300
218080,1,300
218127,1,300
218174,1,300
218221,1,300
218268,1,300
218315,1,300
218362,1,300
218409,1,300
218456,1,300
218503,1,300
218550,1,300
218597,1,300
218644,1,300
218691,1,300
218738,1,300
218785,1,300
218832,1,300
218879,1,300
218926,1,300
218973,1,300
219020,1,300
219067,1,300
219114,1,300
219161,1,300
219208,1,300
219255,1,300
219302,1,300
219349,1,300
219396,1,300
219443,1,300
219490,1,300
219537,1,300
219584,1,300
219631,1,300
219678,1,300
219725,1,300
219772,1,300
219819,1,300
219866,1,300
219913,1,300
219960,1,300
220007,1,300
220054,1,300
220101,1,300
220148,1,300
220195,1,300
220242,1,300
220289,1,300
220336,1,300
220383,1,300
220430,1,300
220477,1,300
220524,1,300
220571,1,300
220618,1,300
220665,1,300
220712,1,300
220759,1,300
220806,1,300
220853,1,300
220900,1,300
220947,1,300
220994,1,300
221041,1,300
221088,1,300
221135,1,300
221182,1,300
221229,1,300
221276,1,300
221323,1,300
221370,1,300
221417,1,300
221464,1,300
221511,1,300
221558,1,300
221605,1,300
221652,1,300
221699,1,300
221746,1,300
221793,1,300
221840,1,300
221887,1,300
221934,1,300
221981,1,300
222028,1,300
222075,1,300
222122,1,300
222169,1,300
222216,1,300
222263,1,300
222310,1,300
222357,1,300
222404,1,300
222451,1,300
222498,1,300
222545,1,300
222592,1,300
222639,1,300
222686,1,300
222733,1,300
222780,1,300
222827,1,300
222874,1,300
222921,1,300
222968,1,300
223015,1,300
223062,1,300
223109,1,300
223156,1,300
223203,1,300
223250,1,300
223297,1,300
223344,1,300
223391,1,300
223438,1,300
223485,1,300
223532,1,300
223579,1,300
223626,1,300
223673,1,300
223720,1,300
223767,1,300
223814,1,300
223861,1,300
223908,1,300
223955,1,300
224002,1,300
224049,1,300
224096,1,300
224143,1,300
224190,1,300
224237,1,300
224284,1,300
224331,1,300
224378,1,300
224425,1,300
224472,1,300
224519,1,300
224566,1,300
224613,1,300
224660,1,300
224707,1,300
224754,1,300
224801,1,300
224848,1,300
224895,1,300
224942,1,300
224989,1,300
225036,1,300
225083,1,300
225130,1,300
225177,1,300
225224,1,300
225271,1,300
225318,1,300
225365,1,300
225412,1,300
225459,1,300
225506,1,300
225553,1,300
225600,1,300
225647,1,300
225694,1,300
225741,1,300
225788,1,300
225835,1,300
225882,1,300
225929,1,300
225976,1,300
226023,1,300
226070,1,300
226117,1,300
226164,1,300
226211,1,300
226258,1,300
226305,1,300
226352,1,300
226399,1,300
226446,1,300
226493,1,300
226540,1,300
226587,1,300
226634,1,300
226681,1,300
226728,1,300
226775,1,300
226822,1,300
226869,1,300
226916,1,300
226963,1,300
227010,1,300
227057,1,300
227104,1,300
227151,1,300
227198,1,300
227245,1,300
227292,1,300
227339,1,300
227386,1,300
227433,1,300
227480,1,300
227527,1,300
227574,1,300
227621,1,300
227668,1,300
227715,1,300
227762,1,300
227809,1,300
227856,1,300
227903,1,300
227950,1,300
227997,1,300
228044,1,300
228091,1,300
228138,1,300
228185,1,300
228232,1,300
228279,1,300
228326,1,300
228373,1,300
228420,1,300
228467,1,300
228514,1,300
228561,1,300
228608,1,300
228655,1,300
228702,1,300
228749,1,300
228796,1,300
228843,1,300
228890,1,300
228937,1,300
228984,1,300
229031,1,300
229078,1,300
229125,1,300
229172,1,300
229219,1,300
229266,1,300
229313,1,300
229360,1,300
229407,1,300
229454,1,300
229501,1,300
229548,1,300
229595,1,300
229642,1,300
229689,1,300
229736,1,300
229783,1,300
229830,1,300
229877,1,300
229924,1,300
229971,1,300
230018,1,300
230065,1,300
230112,1,300
230159,1,300
230206,1,300
230253,1,300
230300,1,300
230347,1,300
230394,1,300
230441,1,300
230488,1,300
230535,1,300
230582,1,300
230629,1,300
230676,1,300
230723,1,300
230770,1,300
230817,1,300
230864,1,300
230911,1,300
230958,1,300
231005,1,300
231052,1,300
231099,1,300
231146,1,300
231193,1,300
231240,1,300
231287,1,300
231334,1,300
231381,1,300
231428,1,300
231475,1,300
231522,1,300
231569,1,300
231616,1,300
231663,1,300
231710,1,300
231757,1,300
231804,1,300
231851,1,300
231898,1,300
231945,1,300
231992,1,300
232039,1,300
232086,1,300
232133,1,300
232180,1,300
232227,1,300
232274,1,300
232321,1,300
232368,1,300
232415,1,300
232462,1,300
232509,1,300
232556,1,300
232603,1,300
232650,1,300
232697,1,300
232744,1,300
232791,1,300
232838,1,300
232885,1,300
232932,1,300
232979,1,300
233026,1,300
233073,1,300
233120,1,300
233167,1,300
233214,1,300
233261,1,300
233308,1,300
233355,1,300
233402,1,300
233449,1,300
233496,1,300
233543,1,300
233590,1,300
233637,1,300
233684,1,300
233731,1,300
233778,1,300
233825,1,300
233872,1,300
233919,1,300
233966,1,300
234013,1,300
234060,1,300
234107,1,300
234154,1,300
234201,1,300
234248,1,300
234295,1,300
234342,1,300
234389,1,300
234436,1,300
234483,1,300
234530,1,300
234577,1,300
234624,1,300
234671,1,300
234718,1,300
234765,1,300
234812,1,300
234859,1,300
234906,1,300
234953,1,300
235000,1,300
235047,1,300
235094,1,300
235141,1,300
235188,1,300
235235,1,300
235282,1,300
235329,1,300
235376,1,300
235423,1,300
235470,1,300
235517,1,300
235564,1,300
235611,1,300
235658,1,300
235705,1,300
235752,1,300
235799,1,300
235846,1,300
235893,1,300
235940,1,300
235987,1,300
236034,1,300
236081,1,300
236128,1,300
236175,1,300
236222,1,300
236269,1,300
236316,1,300
236363,1,300
236410,1,300
236457,1,300
236504,1,300
236551,1,300
236598,1,300
236645,1,300
236692,1,300
236739,1,300
236786,1,300
236833,1,300
236880,1,300
236927,1,300
236974,1,300
237021,1,300
237068,1,300
237115,1,300
237162,1,300
237209,1,300
237256,1,300
237303,1,300
237350,1,300
237397,1,300
237444,1,300
237491,1,300
237538,1,300
237585,1,300
237632,1,300
237679,1,300
237726,1,300
237773,1,300
237820,1,300
237867,1,300
237914,1,300
237961,1,300
238008,1,300
238055,1,300
238102,1,300
238149,1,300
238196,1,300
238243,1,300
238290,1,300
238337,1,300
238384,1,300
238431,1,300
238478,1,300
238525,1,300
238572,1,300
238619,1,300
238666,1,300
238713,1,300
238760,1,300
238807,1,300
238854,1,300
238901,1,300
238948,1,300
238995,1,300
239042,1,300
239089,1,300
239136,1,300
239183,1,300
239230,1,300
239277,1,300
239324,1,300
239371,1,300
239418,1,300
239465,1,300
239512,1,300
239559,1,300
239606,1,300
239653,1,300
239700,1,300
239747,1,300
239794,1,300
239841,1,300
239888,1,300
239935,1,300
239982,1,300
240029,1,300
240076,1,300
240123,1,300
240170,1,300
240217,1,300
240264,1,300
240311,1,300
240358,1,300
240405,1,300
240452,1,300
240499,1,300
240546,1,300
240593,1,300
240640,1,300
240687,1,300
240734,1,300
240781,1,300
240828,1,300
240875,1,300
240922,1,300
240969,1,300
241016,1,300
241063,1,300
241110,1,300
241157,1,300
241204,1,300
241251,1,300
241298,1,300
241345,1,300
241392,1,300
241439,1,300
241486,1,300
241533,1,300
241580,1,300
241627,1,300
241674,1,300
241721,1,300
241768,1,300
241815,1,300
241862,1,300
241909,1,300
241956,1,300
242003,1,300
242050,1,300
242097,1,300
242144,1,300
242191,1,300
242238,1,300
242285,1,300
242332,1,300
242379,1,300
242426,1,300
242473,1,300
242520,1,300
242567,1,300
242614,1,300
242661,1,300
242708,1,300
242755,1,300
242802,1,300
242849,1,300
242896,1,300
242943,1,300
242990,1,300
243037,1,300
243084,1,300
243131,1,300
243178,1,300
243225,1,300
243272,1,300
243319,1,300
243366,1,300
243413,1,300
243460,1,300
243507,1,300
243554,1,300
243601,1,300
243648,1,300
243695,1,300
243742,1,300
243789,1,300
243836,1,300
243883,1,300
243930,1,300
243977,1,300
244024,1,300
244071,1,300
244118,1,300
244165,1,300
244212,1,300
244259,1,300
244306,1,300
244353,1,300
244400,1,300
244447,1,300
244494,1,300
244541,1,300
244588,1,300
244635,1,300
244682,1,300
244729,1,300
244776,1,300
244823,1,300
244870,1,300
244917,1,300
244964,1,300
245011,1,300
245058,1,300
245105,1,300
245152,1,300
245199,1,300
245246,1,300
245293,1,300
245340,1,300
245387,1,300
245434,1,300
245481,1,300
245528,1,300
245575,1,300
245622,1,300
245669,1,300
245716,1,300
245763,1,300
245810,1,300
245857,1,300
245904,1,300
245951,1,300
245998,1,300
246045,1,300
246092,1,300
246139,1,300
246186,1,300
246233,1,300
246280,1,300
246327,1,300
246374,1,300
246421,1,300
246468,1,300
246515,1,300
246562,1,300
246609,1,300
246656,1,300
246703,1,300
246750,1,300
246797,1,300
246844,1,300
246891,1,300
246938,1,300
246985,1,300
247032,1,300
247079,1,300
247126,1,300
247173,1,300
247220,1,300
247267,1,300
247314,1,300
247361,1,300
247408,1,300
247455,1,300
247502,1,300
247549,1,300
247596,1,300
247643,1,300
247690,1,300
247737,1,300
247784,1,300
247831,1,300
247878,1,300
247925,1,300
247972,1,300
248019,1,300
248066,1,300
248113,1,300
248160,1,300
248207,1,300
248254,1,300
248301,1,300
248348,1,300
248395,1,300
248442,1,300
248489,1,300
248536,1,300
248583,1,300
248630,1,300
248677,1,300
248724,1,300
248771,1,300
248818,1,300
248865,1,300
248912,1,300
248959,1,300
249006,1,300
249053,1,300
249100,1,300
249147,1,300
249194,1,300
249241,1,300
249288,1,300
249335,1,300
249382,1,300
249429,1,300
249476,1,300
249523,1,300
249570,1,300
249617,1,300
249664,1,300
249711,1,300
249758,1,300
249805,1,300
249852,1,300
249899,1,300
249946,1,300
249993,1,300
250040,1,300
250087,1,300
250134,1,300
250181,1,300
250228,1,300
250275,1,300
250322,1,300
250369,1,300
250416,1,300
250463,1,300
250510,1,300
250557,1,300
250604,1,300
250651,1,300
250698,1,300
250745,1,300
250792,1,300
250839,1,300
250886,1,300
250933,1,300
250980,1,300
251027,1,300
251074,1,300
251121,1,300
251168,1,300
251215,1,300
251262,1,300
251309,1,300
251356,1,300
251403,1,300
251450,1,300
251497,1,300
251544,1,300
251591,1,300
251638,1,300
251685,1,300
251732,1,300
251779,1,300
251826,1,300
251873,1,300
251920,1,300
251967,1,300
252014,1,300
252061,1,300
252108,1,300
252155,1,300
252202,1,300
252249,1,300
252296,1,300
252343,1,300
252390,1,300
252437,1,300
252484,1,300
252531,1,300
252578,1,300
252625,1,300
252672,1,300
252719,1,300
252766,1,300
252813,1,300
252860,1,300
252907,1,300
252954,1,300
253001,1,300
253048,1,300
253095,1,300
253142,1,300
253189,1,300
253236,1,300
253283,1,300
253330,1,300
253377,1,300
253424,1,300
253471,1,300
253518,1,300
253565,1,300
253612,1,300
253659,1,300
253706,1,300
253753,1,300
253800,1,300
253847,1,300
253894,1,300
253941,1,300
253988,1,300
254035,1,300
254082,1,300
254129,1,300
254176,1,300
254223,1,300
254270,1,300
254317,1,300
254364,1,300
254411,1,300
254458,1,300
254505,1,300
254552,1,300
254599,1,300
254646,1,300
254693,1,300
254740,1,300
254787,1,300
254834,1,300
254881,1,300
254928,1,300
254975,1,300
255022,1,300
255069,1,300
255116,1,300
255163,1,300
255210,1,300
255257,1,300
255304,1,300
255351,1,300
255398,1,300
255445,1,300
255492,1,300
255539,1,300
255586,1,300
255633,1,300
255680,1,300
255727,1,300
255774,1,300
255821,1,300
255868,1,300
255915,1,300
255962,1,300
256009,1,300
256056,1,300
256103,1,300
256150,1,300
256197,1,300
256244,1,300
256291,1,300
256338,1,300
256385,1,300
256432,1,300
256479,1,300
256526,1,300
256573,1,300
256620,1,300
256667,1,300
256714,1,300
256761,1,300
256808,1,300
256855,1,300
256902,1,300
256949,1,300
256996,1,300
257043,1,300
257090,1,300
257137,1,300
257184,1,300
257231,1,300
257278,1,300
257325,1,300
257372,1,300
257419,1,300
257466,1,300
257513,1,300
257560,1,300
257607,1,300
257654,1,300
257701,1,300
257748,1,300
257795,1,300
257842,1,300
257889,1,300
257936,1,300
257983,1,300
258030,1,300
258077,1,300
258124,1,300
258171,1,300
258218,1,300
258265,1,300
258312,1,300
258359,1,300
258406,1,300
258453,1,300
258500,1,300
258547,1,300
258594,1,300
258641,1,300
258688,1,300
258735,1,300
258782,1,300
258829,1,300
258876,1,300
258923,1,300
258970,1,300
259017,1,300
259064,1,300
259111,1,300
259158,1,300
259205,1,300
259252,1,300
259299,1,300
259346,1,300
259393,1,300
259440,1,300
259487,1,300
259534,1,300
259581,1,300
259628,1,300
259675,1,300
259722,1,300
259769,1,300
259816,1,300
259863,1,300
259910,1,300
259957,1,300
260004,1,300
260051,1,300
260098,1,300
260145,1,300
260192,1,300
260239,1,300
260286,1,300
260333,1,300
260380,1,300
260427,1,300
260474,1,300
260521,1,300
260568,1,300
260615,1,300
260662,1,300
260709,1,300
260756,1,300
260803,1,300
260850,1,300
260897,1,300
260944,1,300
260991,1,300
261038,1,300
261085,1,300
261132,1,300
261179,1,300
261226,1,300
261273,1,300
261320,1,300
261367,1,300
261414,1,300
261461,1,300
261508,1,300
261555,1,300
261602,1,300
261649,1,300
261696,1,300
261743,1,300
261790,1,300
261837,1,300
261884,1,300
261931,1,300
261978,1,300
262025,1,300
262072,1,300
262119,1,300
262166,1,300
262213,1,300
262260,1,300
262307,1,300
262354,1,300
262401,1,300
262448,1,300
262495,1,300
262542,1,300
262589,1,300
262636,1,300
262683,1,300
262730,1,300
262777,1,300
262824,1,300
262871,1,300
262918,1,300
262965,1,300
263012,1,300
263059,1,300
263106,1,300
263153,1,300
263200,1,300
263247,1,300
263294,1,300
263341,1,300
263388,1,300
263435,1,300
263482,1,300
263529,1,300
263576,1,300
263623,1,300
263670,1,300
263717,1,300
263764,1,300
263811,1,300
263858,1,300
263905,1,300
263952,1,300
263999,1,300
264046,1,300
264093,1,300
264140,1,300
264187,1,300
264234,1,300
264281,1,300
264328,1,300
264375,1,300
264422,1,300
264469,1,300
264516,1,300
264563,1,300
264610,1,300
264657,1,300
264704,1,300
264751,1,300
264798,1,300
264845,1,300
264892,1,300
264939,1,300
264986,1,300
265033,1,300
265080,1,300
265127,1,300
265174,1,300
265221,1,300
265268,1,300
265315,1,300
265362,1,300
265409,1,300
265456,1,300
265503,1,300
265550,1,300
265597,1,300
265644,1,300
265691,1,300
265738,1,300
265785,1,300
265832,1,300
265879,1,300
265926,1,300
265973,1,300
266020,1,300
266067,1,300
266114,1,300
266161,1,300
266208,1,300
266255,1,300
266302,1,300
266349,1,300
266396,1,300
266443,1,300
266490,1,300
266537,1,300
266584,1,300
266631,1,300
266678,1,300
266725,1,300
266772,1,300
266819,1,300
266866,1,300
266913,1,300
266960,1,300
267007,1,300
267054,1,300
267101,1,300
267148,1,300
267195,1,300
267242,1,300
267289,1,300
267336,1,300
267383,1,300
267430,1,300
267477,1,300
267524,1,300
267571,1,300
267618,1,300
267665,1,300
267712,1,300
267759,1,300
267806,1,300
267853,1,300
267900,1,300
267947,1,300
267994,1,300
268041,1,300
268088,1,300
268135,1,300
268182,1,300
268229,1,300
268276,1,300
268323,1,300
268370,1,300
268417,1,300
268464,1,300
268511,1,300
268558,1,300
268605,1,300
268652,1,300
268699,1,300
268746,1,300
268793,1,300
268840,1,300
268887,1,300
268934,1,300
268981,1,300
269028,1,300
269075,1,300
269122,1,300
269169,1,300
269216,1,300
269263,1,300
269310,1,300
269357,1,300
269404,1,300
269451,1,300
269498,1,300
269545,1,300
269592,1,300
269639,1,300
269686,1,300
269733,1,300
269780,1,300
269827,1,300
269874,1,300
269921,1,300
269968,1,300
270015,1,300
270062,1,300
270109,1,300
270156,1,300
270203,1,300
270250,1,300
270297,1,300
270344,1,300
270391,1,300
270438,1,300
270485,1,300
270532,1,300
270579,1,300
270626,1,300
270673,1,300
270720,1,300
270767,1,300
270814,1,300
270861,1,300
270908,1,300
270955,1,300
271002,1,300
271049,1,300
271096,1,300
271143,1,300
271190,1,300
271237,1,300
271284,1,300
271331,1,300
271378,1,300
271425,1,300
271472,1,300
271519,1,300
271566,1,300
271613,1,300
271660,1,300
271707,1,300
271754,1,300
271801,1,300
271848,1,300
271895,1,300
271942,1,300
271989,1,300
272036,1,300
272083,1,300
272130,1,300
272177,1,300
272224,1,300
272271,1,300
272318,1,300
272365,1,300
272412,1,300
272459,1,300
272506,1,300
272553,1,300
272600,1,300
272647,1,300
272694,1,300
272741,1,300
272788,1,300
272835,1,300
272882,1,300
272929,1,300
272976,1,300
273023,1,300
273070,1,300
273117,1,300
273164,1,300
273211,1,300
273258,1,300
273305,1,300
273352,1,300
273399,1,300
273446,1,300
273493,1,300
273540,1,300
273587,1,300
273634,1,300
273681,1,300
273728,1,300
273775,1,300
273822,1,300
273869,1,300
273916,1,300
273963,1,300
274010,1,300
274057,1,300
274104,1,300
274151,1,300
274198,1,300
274245,1,300
274292,1,300
274339,1,300
274386,1,300
274433,1,300
274480,1,300
274527,1,300
274574,1,300
274621,1,300
274668,1,300
274715,1,300
274762,1,300
274809,1,300
274856,1,300
274903,1,300
274950,1,300
274997,1,300
275044,1,300
275091,1,300
275138,1,300
275185,1,300
275232,1,300
275279,1,300
275326,1,300
275373,1,300
275420,1,300
275467,1,300
275514,1,300
275561,1,300
275608,1,300
275655,1,300
275702,1,300
275749,1,300
275796,1,300
275843,1,300
275890,1,300
275937,1,300
275984,1,300
276031,1,300
276078,1,300
276125,1,300
276172,1,300
276219,1,300
276266,1,300
276313,1,300
276360,1,300
276407,1,300
276454,1,300
276501,1,300
276548,1,300
276595,1,300
276642,1,300
276689,1,300
276736,1,300
276783,1,300
276830,1,300
276877,1,300
276924,1,300
276971,1,300
277018,1,300
277065,1,300
277112,1,300
277159,1,300
277206,1,300
277253,1,300
277300,1,300
277347,1,300
277394,1,300
277441,1,300
277488,1,300
277535,1,300
277582,1,300
277629,1,300
277676,1,300
277723,1,300
277770,1,300
277817,1,300
277864,1,300
277911,1,300
277958,1,300
278005,1,300
278052,1,300
278099,1,300
278146,1,300
278193,1,300
278240,1,300
278287,1,300
278334,1,300
278381,1,300
278428,1,300
278475,1,300
278522,1,300
278569,1,300
278616,1,300
278663,1,300
278710,1,300
278757,1,300
278804,1,300
278851,1,300
278898,1,300
278945,1,300
278992,1,300
279039,1,300
279086,1,300
279133,1,300
279180,1,300
279227,1,300
279274,1,300
279321,1,300
279368,1,300
279415,1,300
279462,1,300
279509,1,300
279556,1,300
279603,1,300
279650,1,300
279697,1,300
279744,1,300
279791,1,300
279838,1,300
279885,1,300
279932,1,300
279979,1,300
280026,1,300
280073,1,300
280120,1,300
280167,1,300
280214,1,300
280261,1,300
280308,1,300
280355,1,300
280402,1,300
280449,1,300
280496,1,300
280543,1,300
280590,1,300
280637,1,300
280684,1,300
280731,1,300
280778,1,300
280825,1,300
280872,1,300
280919,1,300
280966,1,300
281013,1,300
281060,1,300
281107,1,300
281154,1,300
281201,1,300
281248,1,300
281295,1,300
281342,1,300
281389,1,300
281436,1,300
281483,1,300
281530,1,300
281577,1,300
281624,1,300
281671,1,300
281718,1,300
281765,1,300
281812,1,300
281859,1,300
281906,1,300
281953,1,300
282000,1,300
282047,1,300
282094,1,300
282141,1,300
282188,1,300
282235,1,300
282282,1,300
282329,1,300
282376,1,300
282423,1,300
282470,1,300
282517,1,300
282564,1,300
282611,1,300
282658,1,300
282705,1,300
282752,1,300
282799,1,300
282846,1,300
282893,1,300
282940,1,300
282987,1,300
283034,1,300
283081,1,300
283128,1,300
283175,1,300
283222,1,300
283269,1,300
283316,1,300
283363,1,300
283410,1,300
283457,1,300
283504,1,300
283551,1,300
283598,1,300
283645,1,300
283692,1,300
283739,1,300
283786,1,300
283833,1,300
283880,1,300
283927,1,300
283974,1,300
284021,1,300
284068,1,300
284115,1,300
284162,1,300
284209,1,300
284256,1,300
284303,1,300
284350,1,300
284397,1,300
284444,1,300
284491,1,300
284538,1,300
284585,1,300
284632,1,300
284679,1,300
284726,1,300
284773,1,300
284820,1,300
284867,1,300
284914,1,300
284961,1,300
285008,1,300
285055,1,300
285102,1,300
285149,1,300
285196,1,300
285243,1,300
285290,1,300
285337,1,300
285384,1,300
285431,1,300
285478,1,300
285525,1,300
285572,1,300
285619,1,300
285666,1,300
285713,1,300
285760,1,300
285807,1,300
285854,1,300
285901,1,300
285948,1,300
285995,1,300
286042,1,300
286089,1,300
286136,1,300
286183,1,300
286230,1,300
286277,1,300
286324,1,300
286371,1,300
286418,1,300
286465,1,300
286512,1,300
286559,1,300
286606,1,300
286653,1,300
286700,1,300
286747,1,300
286794,1,300
286841,1,300
286888,1,300
286935,1,300
286982,1,300
287029,1,300
287076,1,300
287123,1,300
287170,1,300
287217,1,300
287264,1,300
287311,1,300
287358,1,300
287405,1,300
287452,1,300
287499,1,300
287546,1,300
287593,1,300
287640,1,300
287687,1,300
287734,1,300
287781,1,300
287828,1,300
287875,1,300
287922,1,300
287969,1,300
288016,1,300
288063,1,300
288110,1,300
288157,1,300
288204,1,300
288251,1,300
288298,1,300
288345,1,300
288392,1,300
288439,1,300
288486,1,300
288533,1,300
288580,1,300
288627,1,300
288674,1,300
288721,1,300
288768,1,300
288815,1,300
288862,1,300
288909,1,300
288956,1,300
289003,1,300
289050,1,300
289097,1,300
289144,1,300
289191,1,300
289238,1,300
289285,1,300
289332,1,300
289379,1,300
289426,1,300
289473,1,300
289520,1,300
289567,1,300
289614,1,300
289661,1,300
289708,1,300
289755,1,300
289802,1,300
289849,1,300
289896,1,300
289943,1,300
289990,1,300
290037,1,300
290084,1,300
290131,1,300
290178,1,300
290225,1,300
290272,1,300
290319,1,300
290366,1,300
290413,1,300
290460,1,300
290507,1,300
290554,1,300
290601,1,300
290648,1,300
290695,1,300
290742,1,300
290789,1,300
290836,1,300
290883,1,300
290930,1,300
290977,1,300
291024,1,300
291071,1,300
291118,1,300
291165,1,300
291212,1,300
291259,1,300
291306,1,300
291353,1,300
291400,1,300
291447,1,300
291494,1,300
291541,1,300
291588,1,300
291635,1,300
291682,1,300
291729,1,300
291776,1,300
291823,1,300
291870,1,300
291917,1,300
291964,1,300
292011,1,300
292058,1,300
292105,1,300
292152,1,300
292199,1,300
292246,1,300
292293,1,300
292340,1,300
292387,1,300
292434,1,300
292481,1,300
292528,1,300
292575,1,300
292622,1,300
292669,1,300
292716,1,300
292763,1,300
292810,1,300
292857,1,300
292904,1,300
292951,1,300
292998,1,300
293045,1,300
293092,1,300
293139,1,300
293186,1,300
293233,1,300
293280,1,300
293327,1,300
293374,1,300
293421,1,300
293468,1,300
293515,1,300
293562,1,300
293609,1,300
293656,1,300
293703,1,300
293750,1,300
293797,1,300
293844,1,300
293891,1,300
293938,1,300
293985,1,300
294032,1,300
294079,1,300
294126,1,300
294173,1,300
294220,1,300
294267,1,300
294314,1,300
294361,1,300
294408,1,300
294455,1,300
294502,1,300
294549,1,300
294549,1,300
294596,1,300
294643,1,300
294690,1,300
294737,1,300
294784,1,300
294831,1,300
294878,1,300
294925,1,300
294972,1,300
295019,1,300
295066,1,300
295113,1,300
295160,1,300
295207,1,300
295254,1,300
295301,1,300
295348,1,300
295395,1,300
295442,1,300
295489,1,300
295536,1,300
295583,1,300
295630,1,300
295677,1,300
295724,1,300
295771,1,300
295818,1,300
295865,1,300
295912,1,300
295959,1,300
296006,1,300
296053,1,300
296100,1,300
296147,1,300
296194,1,300
296241,1,300
296288,1,300
296335,1,300
296382,1,300
296429,1,300
296476,1,300
296523,1,300
296570,1,300
296617,1,300
296664,1,300
296711,1,300
296758,1,300
296805,1,300
296852,1,300
296899,1,300
296946,1,300
296993,1,300
297040,1,300
297087,1,300
297134,1,300
297181,1,300
297228,1,300
297275,1,300
297322,1,300
297369,1,300
297416,1,300
297463,1,300
297510,1,300
297557,1,300
297604,1,300
297651,1,300
297698,1,300
297745,1,300
297792,1,300
297839,1,300
297886,1,300
297933,1,300
297980,1,300
298027,1,300
298074,1,300
298121,1,300
298168,1,300
298215,1,300
298262,1,300
298309,1,300
298356,1,300
298403,1,300
298450,1,300
298497,1,300
298544,1,300
298591,1,300
298638,1,300
298685,1,300
298732,1,300
298779,1,300
298826,1,300
298873,1,300
298920,1,300
298967,1,300
299014,1,300
299061,1,300
299108,1,300
299155,1,300
299202,1,300
299249,1,300
299296,1,300
299343,1,300
299390,1,300
299437,1,300
299484,1,300
299531,1,300
299578,1,300
299625,1,300
299672,1,300
299719,1,300
299766,1,300
299813,1,300
299860,1,300
299907,1,300
299954,1,300
