140,1,300
155,1,300
264,1,300
357,1,300
388,1,300
528,1,300
621,1,300
652,1,300
808,1,300
901,1,300
994,1,300
1131,1,300
1288,1,300
1472,1,300
1682,1,300
1708,1,300
1813,1,300
1839,1,300
1970,1,300
1996,1,300
2212,1,300
2333,1,300
2423,1,300
2483,1,300
2483,1,300
2664,1,300
2876,1,300
2997,1,300
3259,1,300
3518,1,300
3592,1,300
3592,1,300
3740,1,300
3777,1,300
3888,1,300
3999,1,300
3999,1,300
4134,1,300
4148,1,300
4297,1,300
4431,1,300
4490,1,300
4609,1,300
4773,1,300
4802,1,300
4936,1,300
4950,1,300
4994,1,300
5047,1,300
5142,1,300
5284,1,300
5617,1,300
5807,1,300
5949,1,300
5996,1,300
6156,1,300
6249,1,300
6436,1,300
6561,1,300
6592,1,300
6810,1,300
6997,1,300
7187,1,300
7249,1,300
7436,1,300
7654,1,300
7654,1,300
7747,1,300
7903,1,300
7996,1,300
8066,1,300
8332,1,300
8398,1,300
8731,1,300
8997,1,300
8997,1,300
9000,1,300
9092,1,300
9157,1,300
9162,1,300
9216,1,300
9313,1,300
9383,1,300
9415,1,300
9458,1,300
9534,1,300
9620,1,300
9620,1,300
9636,1,300
9722,1,300
9738,1,300
9781,1,300
9791,1,300
9872,1,300
9899,1,300
9991,1,300
10070,1,300
10081,1,300
10198,1,300
10327,1,300
10444,1,300
10561,1,300
10713,1,300
10736,1,300
10771,1,300
10806,1,300
10947,1,300
10958,1,300
10993,1,300
11017,1,300
11139,1,300
11244,1,300
11349,1,300
11436,1,300
11541,1,300
11611,1,300
11663,1,300
11820,1,300
11995,1,300
12116,1,300
12149,1,300
12149,1,300
12215,1,300
12215,1,300
12381,1,300
12547,1,300
12663,1,300
12763,1,300
12813,1,300
12996,1,300
13157,1,300
13157,1,300
13183,1,300
13367,1,300
13577,1,300
13787,1,300
13839,1,300
13970,1,300
13996,1,300
14081,1,300
14181,1,300
14262,1,300
14324,1,300
14386,1,300
14398,1,300
14442,1,300
14517,1,300
14542,1,300
14642,1,300
14660,1,300
14722,1,300
14759,1,300
14821,1,300
14909,1,300
14990,1,300
15170,1,300
15191,1,300
15361,1,300
15531,1,300
15679,1,300
15870,1,300
15912,1,300
15933,1,300
15996,1,300
16041,1,300
16124,1,300
16165,1,300
16290,1,300
16456,1,300
16664,1,300
16955,1,300
16996,1,300
17000,1,300
17750,1,300
18000,1,300
18090,1,300
18271,1,300
18452,1,300
18815,1,300
18996,1,300
19666,1,300
19666,1,300
19666,1,300
19666,1,300
19999,1,300
20066,1,300
20146,1,300
20164,1,300
20237,1,300
20248,1,300
20306,1,300
20309,1,300
20331,1,300
20375,1,300
20393,1,300
20429,1,300
20495,1,300
20520,1,300
20545,1,300
20574,1,300
20618,1,300
20691,1,300
20749,1,300
20807,1,300
20840,1,300
20895,1,300
20895,1,300
20924,1,300
20990,1,300
21100,1,300
21138,1,300
21145,1,300
21221,1,300
21259,1,300
21359,1,300
21466,1,300
21550,1,300
21650,1,300
21750,1,300
21803,1,300
21864,1,300
21894,1,300
21924,1,300
21993,1,300
22128,1,300
22243,1,300
22294,1,300
22422,1,300
22511,1,300
22600,1,300
22651,1,300
22766,1,300
22804,1,300
22842,1,300
22867,1,300
22995,1,300
23130,1,300
23147,1,300
23268,1,300
23354,1,300
23388,1,300
23457,1,300
23517,1,300
23543,1,300
23629,1,300
23672,1,300
23785,1,300
23819,1,300
23871,1,300
23888,1,300
23992,1,300
24172,1,300
24344,1,300
24481,1,300
24515,1,300
24721,1,300
24824,1,300
24996,1,300
25056,1,300
25131,1,300
25281,1,300
25394,1,300
25469,1,300
25469,1,300
25601,1,300
25789,1,300
25864,1,300
25996,1,300
26022,1,300
26110,1,300
26243,1,300
26365,1,300
26376,1,300
26509,1,300
26597,1,300
26674,1,300
26785,1,300
26829,1,300
26873,1,300
26995,1,300
27075,1,300
27125,1,300
27262,1,300
27274,1,300
27286,1,300
27323,1,300
27448,1,300
27598,1,300
27673,1,300
27735,1,300
27847,1,300
27847,1,300
27997,1,300
28098,1,300
28278,1,300
28441,1,300
28539,1,300
28571,1,300
28718,1,300
28734,1,300
28815,1,300
28847,1,300
28994,1,300
28994,1,300
29125,1,300
29375,1,300
29500,1,300
29625,1,300
29750,1,300
29937,1,300
29999,1,300
30076,1,300
30076,1,300
30287,1,300
30402,1,300
30555,1,300
30593,1,300
30727,1,300
30803,1,300
30937,1,300
30937,1,300
30994,1,300
31333,1,300
31444,1,300
31555,1,300
31610,1,300
31887,1,300
31998,1,300
32042,1,300
32052,1,300
32082,1,300
32134,1,300
32188,1,300
32254,1,300
32296,1,300
32340,1,300
32386,1,300
32412,1,300
32432,1,300
32456,1,300
32480,1,300
32506,1,300
32522,1,300
32586,1,300
32594,1,300
32632,1,300
32670,1,300
32730,1,300
32758,1,300
32762,1,300
32768,1,300
32780,1,300
32830,1,300
32842,1,300
32878,1,300
32888,1,300
32920,1,300
32948,1,300
32962,1,300
32974,1,300
33000,1,300
33023,1,300
33088,1,300
33141,1,300
33188,1,300
33265,1,300
33324,1,300
33335,1,300
33352,1,300
33387,1,300
33470,1,300
33553,1,300
33666,1,300
33683,1,300
33742,1,300
33771,1,300
33884,1,300
33901,1,300
33966,1,300
33989,1,300
34030,1,300
34091,1,300
34152,1,300
34264,1,300
34294,1,300
34355,1,300
34406,1,300
34497,1,300
34517,1,300
34649,1,300
34720,1,300
34862,1,300
34913,1,300
34953,1,300
34993,1,300
35018,1,300
35099,1,300
35216,1,300
35270,1,300
35351,1,300
35468,1,300
35504,1,300
35504,1,300
35585,1,300
35711,1,300
35729,1,300
35792,1,300
35873,1,300
35918,1,300
35999,1,300
36051,1,300
36223,1,300
36291,1,300
36411,1,300
36411,1,300
36411,1,300
36548,1,300
36599,1,300
36719,1,300
36805,1,300
36994,1,300
37017,1,300
37095,1,300
37112,1,300
37112,1,300
37207,1,300
37320,1,300
37337,1,300
37397,1,300
37510,1,300
37605,1,300
37665,1,300
37743,1,300
37786,1,300
37907,1,300
37993,1,300
38066,1,300
38099,1,300
38165,1,300
38240,1,300
38306,1,300
38397,1,300
38513,1,300
38563,1,300
38679,1,300
38695,1,300
38803,1,300
38828,1,300
38919,1,300
38960,1,300
38976,1,300
38992,1,300
39074,1,300
39123,1,300
39222,1,300
39238,1,300
39370,1,300
39386,1,300
39402,1,300
39418,1,300
39558,1,300
39599,1,300
39640,1,300
39739,1,300
39796,1,300
39820,1,300
39877,1,300
39959,1,300
39967,1,300
39991,1,300
40065,1,300
40173,1,300
40238,1,300
40259,1,300
40302,1,300
40345,1,300
40388,1,300
40431,1,300
40572,1,300
40691,1,300
40712,1,300
40853,1,300
40994,1,300
40994,1,300
41000,1,300
41029,1,300
41043,1,300
41145,1,300
41233,1,300
41350,1,300
41364,1,300
41525,1,300
41642,1,300
41803,1,300
41832,1,300
41993,1,300
42017,1,300
42087,1,300
42174,1,300
42252,1,300
42339,1,300
42444,1,300
42505,1,300
42592,1,300
42706,1,300
42741,1,300
42758,1,300
42766,1,300
42871,1,300
42993,1,300
43092,1,300
43134,1,300
43184,1,300
43293,1,300
43402,1,300
43477,1,300
43477,1,300
43535,1,300
43593,1,300
43668,1,300
43768,1,300
43810,1,300
43894,1,300
43994,1,300
44018,1,300
44021,1,300
44062,1,300
44065,1,300
44119,1,300
44153,1,300
44164,1,300
44165,1,300
44198,1,300
44217,1,300
44250,1,300
44266,1,300
44310,1,300
44333,1,300
44357,1,300
44406,1,300
44437,1,300
44491,1,300
44497,1,300
44520,1,300
44574,1,300
44590,1,300
44614,1,300
44617,1,300
44643,1,300
44691,1,300
44750,1,300
44754,1,300
44780,1,300
44798,1,300
44819,1,300
44827,1,300
44833,1,300
44866,1,300
44884,1,300
44928,1,300
44982,1,300
45023,1,300
45065,1,300
45096,1,300
45140,1,300
45186,1,300
45186,1,300
45239,1,300
45239,1,300
45300,1,300
45346,1,300
45405,1,300
45411,1,300
45453,1,300
45459,1,300
45484,1,300
45520,1,300
45541,1,300
45549,1,300
45553,1,300
45608,1,300
45616,1,300
45675,1,300
45726,1,300
45732,1,300
45787,1,300
45801,1,300
45860,1,300
45913,1,300
45930,1,300
45985,1,300
45987,1,300
46055,1,300
46058,1,300
46113,1,300
46118,1,300
46159,1,300
46181,1,300
46218,1,300
46242,1,300
46281,1,300
46313,1,300
46360,1,300
46415,1,300
46422,1,300
46463,1,300
46516,1,300
46571,1,300
46614,1,300
46636,1,300
46639,1,300
46652,1,300
46678,1,300
46704,1,300
46745,1,300
46784,1,300
46806,1,300
46853,1,300
46873,1,300
46899,1,300
46929,1,300
46984,1,300
47032,1,300
47052,1,300
47104,1,300
47177,1,300
47191,1,300
47229,1,300
47281,1,300
47295,1,300
47300,1,300
47335,1,300
47408,1,300
47410,1,300
47468,1,300
47532,1,300
47570,1,300
47596,1,300
47631,1,300
47654,1,300
47686,1,300
47703,1,300
47726,1,300
47746,1,300
47819,1,300
47821,1,300
47885,1,300
47887,1,300
47919,1,300
47989,1,300
48054,1,300
48072,1,300
48076,1,300
48116,1,300
48174,1,300
48197,1,300
48248,1,300
48280,1,300
48305,1,300
48323,1,300
48344,1,300
48372,1,300
48430,1,300
48484,1,300
48549,1,300
48560,1,300
48604,1,300
48662,1,300
48704,1,300
48720,1,300
48734,1,300
48762,1,300
48794,1,300
48812,1,300
48875,1,300
48903,1,300
48961,1,300
48984,1,300
49016,1,300
49046,1,300
49095,1,300
49096,1,300
49138,1,300
49162,1,300
49202,1,300
49237,1,300
49292,1,300
49293,1,300
49316,1,300
49355,1,300
49401,1,300
49457,1,300
49494,1,300
49504,1,300
49555,1,300
49565,1,300
49609,1,300
49657,1,300
49687,1,300
49703,1,300
49717,1,300
49768,1,300
49787,1,300
49835,1,300
49879,1,300
49912,1,300
49945,1,300
49968,1,300
49969,1,300
49985,1,300
50028,1,300
50076,1,300
50114,1,300
50162,1,300
50169,1,300
50214,1,300
50270,1,300
50331,1,300
50348,1,300
50406,1,300
50444,1,300
50505,1,300
50533,1,300
50548,1,300
50596,1,300
50618,1,300
50633,1,300
50686,1,300
50724,1,300
50785,1,300
50815,1,300
50866,1,300
50878,1,300
50921,1,300
50926,1,300
50946,1,300
50989,1,300
51002,1,300
51002,1,300
51002,1,300
51064,1,300
51137,1,300
51166,1,300
51171,1,300
51181,1,300
51240,1,300
51264,1,300
51339,1,300
51341,1,300
51395,1,300
51454,1,300
51470,1,300
51502,1,300
51518,1,300
51547,1,300
51555,1,300
51595,1,300
51632,1,300
51680,1,300
51723,1,300
51774,1,300
51820,1,300
51855,1,300
51882,1,300
51936,1,300
51954,1,300
51986,1,300
52056,1,300
52064,1,300
52076,1,300
52144,1,300
52152,1,300
52164,1,300
52204,1,300
52296,1,300
52376,1,300
52376,1,300
52440,1,300
52460,1,300
52472,1,300
52492,1,300
52496,1,300
52540,1,300
52628,1,300
52708,1,300
52728,1,300
52796,1,300
52868,1,300
52876,1,300
52964,1,300
52968,1,300
52996,1,300
53077,1,300
53102,1,300
53158,1,300
53168,1,300
53209,1,300
53255,1,300
53260,1,300
53280,1,300
53316,1,300
53321,1,300
53434,1,300
53480,1,300
53547,1,300
53552,1,300
53649,1,300
53654,1,300
53757,1,300
53808,1,300
53911,1,300
53957,1,300
53957,1,300
53993,1,300
54002,1,300
54024,1,300
54080,1,300
54093,1,300
54111,1,300
54131,1,300
54142,1,300
54155,1,300
54202,1,300
54258,1,300
54309,1,300
54309,1,300
54315,1,300
54366,1,300
54417,1,300
54455,1,300
54486,1,300
54513,1,300
54544,1,300
54591,1,300
54651,1,300
54682,1,300
54718,1,300
54756,1,300
54794,1,300
54839,1,300
54854,1,300
54899,1,300
54935,1,300
54989,1,300
55079,1,300
55085,1,300
55098,1,300
55144,1,300
55210,1,300
55213,1,300
55272,1,300
55318,1,300
55394,1,300
55450,1,300
55456,1,300
55492,1,300
55501,1,300
55524,1,300
55557,1,300
55613,1,300
55619,1,300
55645,1,300
55681,1,300
55757,1,300
55826,1,300
55895,1,300
55928,1,300
55931,1,300
55987,1,300
56029,1,300
56060,1,300
56089,1,300
56127,1,300
56159,1,300
56161,1,300
56185,1,300
56191,1,300
56196,1,300
56210,1,300
56230,1,300
56232,1,300
56245,1,300
56269,1,300
56287,1,300
56290,1,300
56303,1,300
56308,1,300
56338,1,300
56358,1,300
56397,1,300
56421,1,300
56449,1,300
56482,1,300
56520,1,300
56522,1,300
56537,1,300
56550,1,300
56578,1,300
56617,1,300
56623,1,300
56631,1,300
56639,1,300
56662,1,300
56695,1,300
56705,1,300
56716,1,300
56735,1,300
56738,1,300
56760,1,300
56789,1,300
56815,1,300
56817,1,300
56833,1,300
56839,1,300
56856,1,300
56888,1,300
56889,1,300
56890,1,300
56894,1,300
56915,1,300
56938,1,300
56971,1,300
57007,1,300
57048,1,300
57064,1,300
57071,1,300
57087,1,300
57094,1,300
57133,1,300
57160,1,300
57192,1,300
57235,1,300
57245,1,300
57277,1,300
57286,1,300
57293,1,300
57320,1,300
57352,1,300
57388,1,300
57421,1,300
57446,1,300
57477,1,300
57515,1,300
57522,1,300
57547,1,300
57547,1,300
57589,1,300
57632,1,300
57640,1,300
57675,1,300
57716,1,300
57742,1,300
57761,1,300
57785,1,300
57821,1,300
57839,1,300
57874,1,300
57901,1,300
57936,1,300
57962,1,300
57983,1,300
58025,1,300
58053,1,300
58056,1,300
58089,1,300
58122,1,300
58166,1,300
58210,1,300
58222,1,300
58253,1,300
58254,1,300
58299,1,300
58333,1,300
58364,1,300
58366,1,300
58390,1,300
58427,1,300
58447,1,300
58466,1,300
58484,1,300
58496,1,300
58538,1,300
58555,1,300
58591,1,300
58620,1,300
58648,1,300
58670,1,300
58684,1,300
58704,1,300
58743,1,300
58766,1,300
58792,1,300
58814,1,300
58848,1,300
58862,1,300
58887,1,300
58918,1,300
58926,1,300
58962,1,300
58980,1,300
58983,1,300
59037,1,300
59042,1,300
59084,1,300
59138,1,300
59148,1,300
59167,1,300
59167,1,300
59200,1,300
59238,1,300
59245,1,300
59274,1,300
59321,1,300
59342,1,300
59343,1,300
59401,1,300
59406,1,300
59458,1,300
59480,1,300
59527,1,300
59530,1,300
59552,1,300
59581,1,300
59598,1,300
59603,1,300
59655,1,300
59692,1,300
59711,1,300
59756,1,300
59791,1,300
59824,1,300
59875,1,300
59933,1,300
59982,1,300
59983,1,300
60006,1,300
60015,1,300
60031,1,300
60059,1,300
60078,1,300
60091,1,300
60129,1,300
60181,1,300
60221,1,300
60249,1,300
60249,1,300
60261,1,300
60312,1,300
60343,1,300
60372,1,300
60376,1,300
60419,1,300
60420,1,300
60432,1,300
60448,1,300
60473,1,300
60519,1,300
60523,1,300
60547,1,300
60580,1,300
60618,1,300
60630,1,300
60662,1,300
60689,1,300
60725,1,300
60767,1,300
60784,1,300
60803,1,300
60830,1,300
60869,1,300
60874,1,300
60906,1,300
60933,1,300
60984,1,300
61029,1,300
61062,1,300
61085,1,300
61085,1,300
61139,1,300
61177,1,300
61181,1,300
61221,1,300
61266,1,300
61298,1,300
61349,1,300
61391,1,300
61410,1,300
61434,1,300
61480,1,300
61487,1,300
61507,1,300
61507,1,300
61543,1,300
61544,1,300
61599,1,300
61631,1,300
61660,1,300
61684,1,300
61698,1,300
61733,1,300
61769,1,300
61788,1,300
61807,1,300
61820,1,300
61828,1,300
61839,1,300
61872,1,300
61879,1,300
61911,1,300
61947,1,300
61979,1,300
61984,1,300
62030,1,300
62055,1,300
62101,1,300
62143,1,300
62164,1,300
62196,1,300
62221,1,300
62221,1,300
62261,1,300
62293,1,300
62298,1,300
62341,1,300
62362,1,300
62380,1,300
62381,1,300
62420,1,300
62456,1,300
62496,1,300
62517,1,300
62538,1,300
62566,1,300
62577,1,300
62598,1,300
62644,1,300
62690,1,300
62736,1,300
62778,1,300
62803,1,300
62811,1,300
62850,1,300
62857,1,300
62866,1,300
62896,1,300
62901,1,300
62912,1,300
62956,1,300
62988,1,300
63016,1,300
63048,1,300
63092,1,300
63120,1,300
63148,1,300
63159,1,300
63191,1,300
63209,1,300
63219,1,300
63263,1,300
63270,1,300
63303,1,300
63314,1,300
63317,1,300
63360,1,300
63379,1,300
63411,1,300
63429,1,300
63447,1,300
63470,1,300
63508,1,300
63530,1,300
63575,1,300
63596,1,300
63631,1,300
63659,1,300
63694,1,300
63708,1,300
63731,1,300
63750,1,300
63778,1,300
63820,1,300
63864,1,300
63880,1,300
63888,1,300
63921,1,300
63951,1,300
63963,1,300
63980,1,300
64058,1,300
64086,1,300
64098,1,300
64115,1,300
64134,1,300
64178,1,300
64209,1,300
64213,1,300
64217,1,300
64256,1,300
64262,1,300
64269,1,300
64269,1,300
64326,1,300
64359,1,300
64403,1,300
64452,1,300
64466,1,300
64518,1,300
64549,1,300
64556,1,300
64603,1,300
64634,1,300
64640,1,300
64641,1,300
64690,1,300
64705,1,300
64735,1,300
64741,1,300
64798,1,300
64805,1,300
64824,1,300
64874,1,300
64913,1,300
64917,1,300
64951,1,300
64952,1,300
64982,1,300
65036,1,300
65082,1,300
65094,1,300
65144,1,300
65145,1,300
65175,1,300
65176,1,300
65188,1,300
65206,1,300
65215,1,300
65256,1,300
65259,1,300
65280,1,300
65298,1,300
65337,1,300
65360,1,300
65407,1,300
65428,1,300
65432,1,300
65461,1,300
65496,1,300
65512,1,300
65535,1,300
65545,1,300
65584,1,300
65611,1,300
65627,1,300
65659,1,300
65712,1,300
65736,1,300
65757,1,300
65809,1,300
65836,1,300
65872,1,300
65901,1,300
65945,1,300
65981,1,300
66026,1,300
66037,1,300
66039,1,300
66045,1,300
66085,1,300
66132,1,300
66150,1,300
66194,1,300
66234,1,300
66283,1,300
66287,1,300
66299,1,300
66343,1,300
66348,1,300
66372,1,300
66414,1,300
66430,1,300
66479,1,300
66519,1,300
66550,1,300
66556,1,300
66600,1,300
66641,1,300
66681,1,300
66726,1,300
66766,1,300
66777,1,300
66792,1,300
66828,1,300
66866,1,300
66879,1,300
66892,1,300
66901,1,300
66920,1,300
66921,1,300
66965,1,300
66981,1,300
67044,1,300
67064,1,300
67082,1,300
67086,1,300
67120,1,300
67145,1,300
67169,1,300
67197,1,300
67230,1,300
67276,1,300
67296,1,300
67307,1,300
67307,1,300
67356,1,300
67375,1,300
67398,1,300
67447,1,300
67497,1,300
67511,1,300
67511,1,300
67515,1,300
67522,1,300
67542,1,300
67581,1,300
67630,1,300
67645,1,300
67663,1,300
67691,1,300
67706,1,300
67730,1,300
67770,1,300
67813,1,300
67849,1,300
67860,1,300
67867,1,300
67869,1,300
67887,1,300
67920,1,300
67938,1,300
67966,1,300
67980,1,300
68010,1,300
68033,1,300
68052,1,300
68057,1,300
68072,1,300
68086,1,300
68107,1,300
68126,1,300
68141,1,300
68165,1,300
68171,1,300
68196,1,300
68201,1,300
68207,1,300
68231,1,300
68233,1,300
68257,1,300
68272,1,300
68281,1,300
68282,1,300
68285,1,300
68295,1,300
68304,1,300
68310,1,300
68321,1,300
68327,1,300
68347,1,300
68350,1,300
68369,1,300
68376,1,300
68390,1,300
68401,1,300
68410,1,300
68414,1,300
68422,1,300
68439,1,300
68456,1,300
68457,1,300
68482,1,300
68488,1,300
68504,1,300
68526,1,300
68552,1,300
68578,1,300
68587,1,300
68601,1,300
68608,1,300
68620,1,300
68634,1,300
68661,1,300
68670,1,300
68680,1,300
68696,1,300
68701,1,300
68712,1,300
68736,1,300
68757,1,300
68764,1,300
68792,1,300
68812,1,300
68840,1,300
68860,1,300
68863,1,300
68879,1,300
68898,1,300
68916,1,300
68926,1,300
68938,1,300
68954,1,300
68966,1,300
69000,1,300
69025,1,300
69051,1,300
69058,1,300
69076,1,300
69109,1,300
69134,1,300
69153,1,300
69168,1,300
69168,1,300
69183,1,300
69213,1,300
69227,1,300
69236,1,300
69250,1,300
69280,1,300
69293,1,300
69319,1,300
69350,1,300
69369,1,300
69376,1,300
69394,1,300
69408,1,300
69428,1,300
69450,1,300
69479,1,300
69487,1,300
69510,1,300
69533,1,300
69534,1,300
69540,1,300
69545,1,300
69560,1,300
69563,1,300
69569,1,300
69584,1,300
69594,1,300
69613,1,300
69639,1,300
69652,1,300
69683,1,300
69700,1,300
69733,1,300
69757,1,300
69765,1,300
69796,1,300
69821,1,300
69844,1,300
69859,1,300
69865,1,300
69881,1,300
69900,1,300
69910,1,300
69923,1,300
69929,1,300
69953,1,300
69971,1,300
70011,1,300
70045,1,300
70062,1,300
70090,1,300
70090,1,300
70091,1,300
70111,1,300
70134,1,300
70155,1,300
70172,1,300
70206,1,300
70243,1,300
70266,1,300
70293,1,300
70332,1,300
70343,1,300
70355,1,300
70386,1,300
70404,1,300
70419,1,300
70427,1,300
70429,1,300
70432,1,300
70455,1,300
70455,1,300
70483,1,300
70512,1,300
70512,1,300
70524,1,300
70542,1,300
70560,1,300
70578,1,300
70586,1,300
70625,1,300
70651,1,300
70659,1,300
70671,1,300
70702,1,300
70712,1,300
70724,1,300
70728,1,300
70765,1,300
70778,1,300
70791,1,300
70830,1,300
70839,1,300
70844,1,300
70844,1,300
70854,1,300
70856,1,300
70865,1,300
70888,1,300
70915,1,300
70945,1,300
70968,1,300
71014,1,300
71032,1,300
71035,1,300
71039,1,300
71042,1,300
71055,1,300
71082,1,300
71117,1,300
71148,1,300
71164,1,300
71177,1,300
71207,1,300
71242,1,300
71263,1,300
71279,1,300
71302,1,300
71323,1,300
71327,1,300
71351,1,300
71384,1,300
71422,1,300
71452,1,300
71490,1,300
71493,1,300
71495,1,300
71515,1,300
71541,1,300
71554,1,300
71581,1,300
71585,1,300
71593,1,300
71623,1,300
71642,1,300
71650,1,300
71652,1,300
71655,1,300
71664,1,300
71695,1,300
71708,1,300
71712,1,300
71717,1,300
71740,1,300
71740,1,300
71752,1,300
71754,1,300
71778,1,300
71792,1,300
71817,1,300
71835,1,300
71848,1,300
71850,1,300
71865,1,300
71903,1,300
71916,1,300
71930,1,300
71961,1,300
71974,1,300
72000,1,300
72015,1,300
72045,1,300
72080,1,300
72093,1,300
72096,1,300
72117,1,300
72159,1,300
72195,1,300
72224,1,300
72226,1,300
72229,1,300
72264,1,300
72274,1,300
72296,1,300
72304,1,300
72330,1,300
72364,1,300
72374,1,300
72385,1,300
72424,1,300
72424,1,300
72430,1,300
72459,1,300
72477,1,300
72500,1,300
72515,1,300
72523,1,300
72535,1,300
72545,1,300
72580,1,300
72584,1,300
72596,1,300
72604,1,300
72646,1,300
72656,1,300
72674,1,300
72700,1,300
72710,1,300
72738,1,300
72771,1,300
72796,1,300
72796,1,300
72806,1,300
72812,1,300
72849,1,300
72874,1,300
72890,1,300
72924,1,300
72932,1,300
72963,1,300
72979,1,300
73018,1,300
73036,1,300
73041,1,300
73053,1,300
73069,1,300
73085,1,300
73103,1,300
73136,1,300
73140,1,300
73168,1,300
73197,1,300
73197,1,300
73217,1,300
73228,1,300
73249,1,300
73284,1,300
73312,1,300
73314,1,300
73327,1,300
73329,1,300
73332,1,300
73358,1,300
73369,1,300
73404,1,300
73420,1,300
73434,1,300
73464,1,300
73477,1,300
73505,1,300
73510,1,300
73519,1,300
73552,1,300
73577,1,300
73590,1,300
73594,1,300
73599,1,300
73606,1,300
73632,1,300
73645,1,300
73665,1,300
73700,1,300
73709,1,300
73730,1,300
73754,1,300
73755,1,300
73786,1,300
73793,1,300
73828,1,300
73862,1,300
73889,1,300
73898,1,300
73908,1,300
73937,1,300
73942,1,300
73971,1,300
74027,1,300
74037,1,300
74040,1,300
74063,1,300
74086,1,300
74119,1,300
74123,1,300
74156,1,300
74176,1,300
74182,1,300
74211,1,300
74244,1,300
74251,1,300
74275,1,300
74275,1,300
74293,1,300
74302,1,300
74319,1,300
74322,1,300
74329,1,300
74332,1,300
74349,1,300
74369,1,300
74402,1,300
74408,1,300
74418,1,300
74445,1,300
74472,1,300
74496,1,300
74519,1,300
74551,1,300
74577,1,300
74595,1,300
74623,1,300
74635,1,300
74657,1,300
74668,1,300
74681,1,300
74709,1,300
74715,1,300
74741,1,300
74772,1,300
74781,1,300
74782,1,300
74805,1,300
74834,1,300
74858,1,300
74888,1,300
74917,1,300
74931,1,300
74952,1,300
74967,1,300
74973,1,300
74974,1,300
75003,1,300
75007,1,300
75026,1,300
75049,1,300
75054,1,300
75068,1,300
75093,1,300
75129,1,300
75140,1,300
75160,1,300
75168,1,300
75168,1,300
75181,1,300
75190,1,300
75226,1,300
75249,1,300
75262,1,300
75297,1,300
75311,1,300
75323,1,300
75333,1,300
75338,1,300
75354,1,300
75381,1,300
75408,1,300
75410,1,300
75448,1,300
75464,1,300
75466,1,300
75490,1,300
75526,1,300
75548,1,300
75564,1,300
75587,1,300
75591,1,300
75593,1,300
75615,1,300
75631,1,300
75663,1,300
75690,1,300
75716,1,300
75738,1,300
75761,1,300
75772,1,300
75777,1,300
75804,1,300
75837,1,300
75862,1,300
75881,1,300
75912,1,300
75942,1,300
75972,1,300
75972,1,300
76029,1,300
76037,1,300
76064,1,300
76096,1,300
76099,1,300
76107,1,300
76116,1,300
76133,1,300
76144,1,300
76177,1,300
76207,1,300
76234,1,300
76250,1,300
76250,1,300
76268,1,300
76292,1,300
76323,1,300
76339,1,300
76362,1,300
76363,1,300
76401,1,300
76418,1,300
76438,1,300
76439,1,300
76440,1,300
76449,1,300
76478,1,300
76486,1,300
76488,1,300
76507,1,300
76524,1,300
76551,1,300
76578,1,300
76583,1,300
76596,1,300
76632,1,300
76662,1,300
76698,1,300
76706,1,300
76741,1,300
76767,1,300
76784,1,300
76785,1,300
76820,1,300
76846,1,300
76851,1,300
76878,1,300
76893,1,300
76898,1,300
76905,1,300
76937,1,300
76974,1,300
76974,1,300
77022,1,300
77034,1,300
77046,1,300
77065,1,300
77080,1,300
77096,1,300
77113,1,300
77125,1,300
77153,1,300
77187,1,300
77195,1,300
77226,1,300
77245,1,300
77280,1,300
77299,1,300
77335,1,300
77367,1,300
77392,1,300
77422,1,300
77456,1,300
77463,1,300
77464,1,300
77487,1,300
77509,1,300
77538,1,300
77556,1,300
77568,1,300
77576,1,300
77593,1,300
77598,1,300
77628,1,300
77630,1,300
77636,1,300
77640,1,300
77644,1,300
77649,1,300
77682,1,300
77689,1,300
77716,1,300
77746,1,300
77776,1,300
77786,1,300
77786,1,300
77812,1,300
77818,1,300
77835,1,300
77854,1,300
77882,1,300
77882,1,300
77905,1,300
77928,1,300
77949,1,300
77974,1,300
78022,1,300
78026,1,300
78030,1,300
78055,1,300
78068,1,300
78072,1,300
78101,1,300
78146,1,300
78174,1,300
78206,1,300
78211,1,300
78228,1,300
78270,1,300
78278,1,300
78322,1,300
78322,1,300
78333,1,300
78333,1,300
78363,1,300
78373,1,300
78394,1,300
78403,1,300
78415,1,300
78421,1,300
78442,1,300
78473,1,300
78504,1,300
78526,1,300
78528,1,300
78532,1,300
78553,1,300
78556,1,300
78556,1,300
78559,1,300
78604,1,300
78616,1,300
78642,1,300
78680,1,300
78705,1,300
78748,1,300
78792,1,300
78802,1,300
78828,1,300
78843,1,300
78846,1,300
78847,1,300
78874,1,300
78911,1,300
78954,1,300
78971,1,300
79026,1,300
79062,1,300
79073,1,300
79109,1,300
79145,1,300
79176,1,300
79186,1,300
79207,1,300
79210,1,300
79232,1,300
79235,1,300
79254,1,300
79288,1,300
79304,1,300
79322,1,300
79348,1,300
79364,1,300
79382,1,300
79408,1,300
79412,1,300
79434,1,300
79463,1,300
79473,1,300
79489,1,300
79507,1,300
79517,1,300
79544,1,300
79549,1,300
79553,1,300
79571,1,300
79605,1,300
79633,1,300
79641,1,300
79652,1,300
79656,1,300
79661,1,300
79682,1,300
79712,1,300
79713,1,300
79743,1,300
79743,1,300
79778,1,300
79780,1,300
79799,1,300
79819,1,300
79848,1,300
79876,1,300
79883,1,300
79888,1,300
79914,1,300
79942,1,300
79973,1,300
80012,1,300
80031,1,300
80041,1,300
80058,1,300
80077,1,300
80098,1,300
80099,1,300
80123,1,300
80137,1,300
80142,1,300
80157,1,300
80183,1,300
80185,1,300
80206,1,300
80220,1,300
80226,1,300
80244,1,300
80250,1,300
80267,1,300
80280,1,300
80288,1,300
80293,1,300
80311,1,300
80326,1,300
80327,1,300
80339,1,300
80340,1,300
80354,1,300
80359,1,300
80370,1,300
80382,1,300
80383,1,300
80385,1,300
80385,1,300
80396,1,300
80420,1,300
80437,1,300
80437,1,300
80457,1,300
80482,1,300
80487,1,300
80492,1,300
80514,1,300
80540,1,300
80540,1,300
80560,1,300
80570,1,300
80573,1,300
80597,1,300
80622,1,300
80646,1,300
80672,1,300
80677,1,300
80683,1,300
80700,1,300
80723,1,300
80736,1,300
80744,1,300
80753,1,300
80762,1,300
80765,1,300
80790,1,300
80814,1,300
80817,1,300
80818,1,300
80836,1,300
80860,1,300
80878,1,300
80885,1,300
80909,1,300
80915,1,300
80937,1,300
80961,1,300
80962,1,300
81007,1,300
81008,1,300
81009,1,300
81017,1,300
81020,1,300
81029,1,300
81056,1,300
81059,1,300
81089,1,300
81107,1,300
81120,1,300
81150,1,300
81174,1,300
81207,1,300
81240,1,300
81250,1,300
81267,1,300
81274,1,300
81279,1,300
81311,1,300
81322,1,300
81338,1,300
81341,1,300
81358,1,300
81362,1,300
81372,1,300
81404,1,300
81413,1,300
81423,1,300
81439,1,300
81448,1,300
81479,1,300
81479,1,300
81491,1,300
81512,1,300
81518,1,300
81536,1,300
81539,1,300
81565,1,300
81574,1,300
81581,1,300
81604,1,300
81624,1,300
81641,1,300
81645,1,300
81668,1,300
81678,1,300
81701,1,300
81728,1,300
81758,1,300
81787,1,300
81803,1,300
81830,1,300
81835,1,300
81835,1,300
81859,1,300
81868,1,300
81883,1,300
81904,1,300
81913,1,300
81942,1,300
81969,1,300
82018,1,300
82026,1,300
82038,1,300
82049,1,300
82055,1,300
82057,1,300
82085,1,300
82101,1,300
82126,1,300
82140,1,300
82146,1,300
82159,1,300
82159,1,300
82187,1,300
82191,1,300
82199,1,300
82224,1,300
82244,1,300
82273,1,300
82290,1,300
82317,1,300
82341,1,300
82370,1,300
82393,1,300
82407,1,300
82414,1,300
82442,1,300
82466,1,300
82466,1,300
82467,1,300
82482,1,300
82499,1,300
82512,1,300
82514,1,300
82526,1,300
82543,1,300
82551,1,300
82571,1,300
82597,1,300
82609,1,300
82617,1,300
82641,1,300
82658,1,300
82669,1,300
82694,1,300
82719,1,300
82743,1,300
82754,1,300
82782,1,300
82792,1,300
82792,1,300
82804,1,300
82828,1,300
82853,1,300
82860,1,300
82866,1,300
82886,1,300
82904,1,300
82913,1,300
82942,1,300
82967,1,300
83004,1,300
83023,1,300
83033,1,300
83038,1,300
83040,1,300
83048,1,300
83080,1,300
83107,1,300
83122,1,300
83138,1,300
83168,1,300
83191,1,300
83216,1,300
83235,1,300
83243,1,300
83271,1,300
83300,1,300
83327,1,300
83332,1,300
83336,1,300
83354,1,300
83370,1,300
83389,1,300
83406,1,300
83434,1,300
83439,1,300
83461,1,300
83488,1,300
83489,1,300
83489,1,300
83493,1,300
83499,1,300
83531,1,300
83550,1,300
83562,1,300
83583,1,300
83600,1,300
83615,1,300
83621,1,300
83646,1,300
83677,1,300
83690,1,300
83719,1,300
83737,1,300
83756,1,300
83783,1,300
83788,1,300
83820,1,300
83824,1,300
83833,1,300
83834,1,300
83846,1,300
83875,1,300
83883,1,300
83896,1,300
83896,1,300
83911,1,300
83926,1,300
83937,1,300
83939,1,300
83971,1,300
84024,1,300
84058,1,300
84088,1,300
84090,1,300
84115,1,300
84132,1,300
84163,1,300
84186,1,300
84201,1,300
84211,1,300
84244,1,300
84252,1,300
84277,1,300
84277,1,300
84293,1,300
84297,1,300
84311,1,300
84335,1,300
84357,1,300
84364,1,300
84387,1,300
84404,1,300
84429,1,300
84448,1,300
84451,1,300
84483,1,300
84487,1,300
84506,1,300
84536,1,300
84562,1,300
84563,1,300
84588,1,300
84623,1,300
84653,1,300
84667,1,300
84689,1,300
84689,1,300
84696,1,300
84701,1,300
84715,1,300
84746,1,300
84763,1,300
84792,1,300
84799,1,300
84813,1,300
84831,1,300
84835,1,300
84866,1,300
84880,1,300
84882,1,300
84910,1,300
84925,1,300
84940,1,300
84945,1,300
84958,1,300
84969,1,300
85011,1,300
85041,1,300
85053,1,300
85054,1,300
85073,1,300
85074,1,300
85097,1,300
85108,1,300
85114,1,300
85120,1,300
85121,1,300
85142,1,300
85172,1,300
85181,1,300
85194,1,300
85213,1,300
85222,1,300
85249,1,300
85278,1,300
85287,1,300
85312,1,300
85314,1,300
85324,1,300
85328,1,300
85341,1,300
85359,1,300
85366,1,300
85381,1,300
85406,1,300
85433,1,300
85449,1,300
85460,1,300
85486,1,300
85498,1,300
85525,1,300
85552,1,300
85571,1,300
85574,1,300
85581,1,300
85600,1,300
85621,1,300
85640,1,300
85655,1,300
85669,1,300
85696,1,300
85717,1,300
85732,1,300
85738,1,300
85756,1,300
85768,1,300
85798,1,300
85802,1,300
85817,1,300
85846,1,300
85871,1,300
85877,1,300
85890,1,300
85894,1,300
85918,1,300
85943,1,300
85966,1,300
86012,1,300
86034,1,300
86059,1,300
86066,1,300
86070,1,300
86095,1,300
86106,1,300
86131,1,300
86156,1,300
86185,1,300
86191,1,300
86191,1,300
86215,1,300
86237,1,300
86265,1,300
86289,1,300
86305,1,300
86314,1,300
86333,1,300
86347,1,300
86354,1,300
86357,1,300
86377,1,300
86405,1,300
86410,1,300
86426,1,300
86451,1,300
86473,1,300
86489,1,300
86494,1,300
86513,1,300
86537,1,300
86557,1,300
86587,1,300
86613,1,300
86640,1,300
86659,1,300
86681,1,300
86700,1,300
86709,1,300
86722,1,300
86731,1,300
86754,1,300
86775,1,300
86777,1,300
86801,1,300
86802,1,300
86810,1,300
86830,1,300
86837,1,300
86857,1,300
86864,1,300
86891,1,300
86897,1,300
86922,1,300
86932,1,300
86936,1,300
86946,1,300
86975,1,300
87031,1,300
87054,1,300
87076,1,300
87103,1,300
87116,1,300
87125,1,300
87140,1,300
87160,1,300
87160,1,300
87189,1,300
87189,1,300
87189,1,300
87199,1,300
87221,1,300
87224,1,300
87237,1,300
87266,1,300
87281,1,300
87284,1,300
87290,1,300
87320,1,300
87343,1,300
87372,1,300
87374,1,300
87377,1,300
87391,1,300
87394,1,300
87401,1,300
87412,1,300
87424,1,300
87442,1,300
87465,1,300
87474,1,300
87484,1,300
87511,1,300
87534,1,300
87547,1,300
87548,1,300
87560,1,300
87582,1,300
87611,1,300
87635,1,300
87666,1,300
87670,1,300
87686,1,300
87695,1,300
87724,1,300
87734,1,300
87761,1,300
87779,1,300
87810,1,300
87812,1,300
87842,1,300
87870,1,300
87881,1,300
87894,1,300
87905,1,300
87911,1,300
87939,1,300
87962,1,300
87970,1,300
88007,1,300
88029,1,300
88040,1,300
88048,1,300
88059,1,300
88065,1,300
88087,1,300
88115,1,300
88133,1,300
88162,1,300
88169,1,300
88185,1,300
88192,1,300
88218,1,300
88231,1,300
88262,1,300
88295,1,300
88318,1,300
88342,1,300
88347,1,300
88354,1,300
88366,1,300
88377,1,300
88410,1,300
88435,1,300
88439,1,300
88455,1,300
88472,1,300
88480,1,300
88489,1,300
88501,1,300
88532,1,300
88535,1,300
88552,1,300
88562,1,300
88584,1,300
88610,1,300
88636,1,300
88636,1,300
88645,1,300
88677,1,300
88708,1,300
88721,1,300
88726,1,300
88749,1,300
88768,1,300
88801,1,300
88807,1,300
88808,1,300
88838,1,300
88861,1,300
88894,1,300
88920,1,300
88933,1,300
88954,1,300
88973,1,300
88973,1,300
88973,1,300
89021,1,300
89029,1,300
89039,1,300
89057,1,300
89080,1,300
89088,1,300
89119,1,300
89133,1,300
89160,1,300
89186,1,300
89211,1,300
89213,1,300
89217,1,300
89243,1,300
89259,1,300
89269,1,300
89279,1,300
89280,1,300
89303,1,300
89317,1,300
89336,1,300
89366,1,300
89380,1,300
89382,1,300
89406,1,300
89427,1,300
89435,1,300
89449,1,300
89481,1,300
89483,1,300
89511,1,300
89524,1,300
89524,1,300
89538,1,300
89562,1,300
89583,1,300
89606,1,300
89629,1,300
89644,1,300
89662,1,300
89674,1,300
89701,1,300
89731,1,300
89744,1,300
89768,1,300
89783,1,300
89815,1,300
89846,1,300
89855,1,300
89862,1,300
89889,1,300
89917,1,300
89933,1,300
89947,1,300
89971,1,300
90024,1,300
90024,1,300
90057,1,300
90061,1,300
90091,1,300
90125,1,300
90155,1,300
90187,1,300
90222,1,300
90252,1,300
90277,1,300
90278,1,300
90278,1,300
90279,1,300
90291,1,300
90316,1,300
90343,1,300
90349,1,300
90355,1,300
90376,1,300
90406,1,300
90416,1,300
90426,1,300
90438,1,300
90451,1,300
90485,1,300
90492,1,300
90513,1,300
90544,1,300
90560,1,300
90563,1,300
90567,1,300
90574,1,300
90579,1,300
90614,1,300
90648,1,300
90680,1,300
90689,1,300
90698,1,300
90703,1,300
90733,1,300
90752,1,300
90752,1,300
90759,1,300
90773,1,300
90774,1,300
90804,1,300
90804,1,300
90829,1,300
90846,1,300
90862,1,300
90880,1,300
90900,1,300
90903,1,300
90919,1,300
90934,1,300
90941,1,300
90971,1,300
91013,1,300
91031,1,300
91054,1,300
91059,1,300
91093,1,300
91097,1,300
91122,1,300
91149,1,300
91172,1,300
91206,1,300
91216,1,300
91220,1,300
91226,1,300
91252,1,300
91256,1,300
91273,1,300
91291,1,300
91305,1,300
91316,1,300
91348,1,300
91349,1,300
91351,1,300
91387,1,300
91421,1,300
91442,1,300
91463,1,300
91495,1,300
91524,1,300
91535,1,300
91559,1,300
91577,1,300
91588,1,300
91623,1,300
91626,1,300
91637,1,300
91663,1,300
91694,1,300
91711,1,300
91731,1,300
91749,1,300
91759,1,300
91783,1,300
91809,1,300
91819,1,300
91819,1,300
91829,1,300
91830,1,300
91851,1,300
91859,1,300
91859,1,300
91875,1,300
91904,1,300
91917,1,300
91944,1,300
91959,1,300
91976,1,300
92016,1,300
92036,1,300
92052,1,300
92061,1,300
92062,1,300
92070,1,300
92086,1,300
92106,1,300
92121,1,300
92122,1,300
92136,1,300
92137,1,300
92137,1,300
92146,1,300
92150,1,300
92161,1,300
92170,1,300
92172,1,300
92194,1,300
92205,1,300
92219,1,300
92220,1,300
92232,1,300
92232,1,300
92236,1,300
92253,1,300
92270,1,300
92281,1,300
92293,1,300
92313,1,300
92321,1,300
92330,1,300
92331,1,300
92351,1,300
92359,1,300
92376,1,300
92378,1,300
92396,1,300
92403,1,300
92408,1,300
92421,1,300
92425,1,300
92428,1,300
92444,1,300
92465,1,300
92470,1,300
92476,1,300
92480,1,300
92490,1,300
92507,1,300
92521,1,300
92543,1,300
92551,1,300
92565,1,300
92568,1,300
92579,1,300
92592,1,300
92601,1,300
92613,1,300
92627,1,300
92636,1,300
92636,1,300
92644,1,300
92654,1,300
92665,1,300
92687,1,300
92706,1,300
92717,1,300
92718,1,300
92732,1,300
92738,1,300
92754,1,300
92766,1,300
92782,1,300
92803,1,300
92822,1,300
92830,1,300
92834,1,300
92841,1,300
92863,1,300
92881,1,300
92883,1,300
92903,1,300
92912,1,300
92930,1,300
92940,1,300
92953,1,300
92955,1,300
93011,1,300
93013,1,300
93024,1,300
93045,1,300
93059,1,300
93070,1,300
93080,1,300
93107,1,300
93137,1,300
93166,1,300
93182,1,300
93183,1,300
93191,1,300
93198,1,300
93210,1,300
93221,1,300
93245,1,300
93250,1,300
93271,1,300
93280,1,300
93290,1,300
93320,1,300
93333,1,300
93362,1,300
93363,1,300
93386,1,300
93412,1,300
93419,1,300
93432,1,300
93440,1,300
93445,1,300
93467,1,300
93495,1,300
93523,1,300
93548,1,300
93561,1,300
93565,1,300
93587,1,300
93608,1,300
93635,1,300
93651,1,300
93656,1,300
93672,1,300
93676,1,300
93682,1,300
93688,1,300
93714,1,300
93715,1,300
93717,1,300
93718,1,300
93728,1,300
93730,1,300
93755,1,300
93773,1,300
93777,1,300
93793,1,300
93818,1,300
93839,1,300
93861,1,300
93886,1,300
93891,1,300
93894,1,300
93922,1,300
93944,1,300
93964,1,300
94024,1,300
94026,1,300
94030,1,300
94040,1,300
94049,1,300
94056,1,300
94079,1,300
94096,1,300
94115,1,300
94143,1,300
94162,1,300
94171,1,300
94194,1,300
94199,1,300
94214,1,300
94223,1,300
94248,1,300
94278,1,300
94289,1,300
94309,1,300
94334,1,300
94335,1,300
94361,1,300
94383,1,300
94394,1,300
94419,1,300
94439,1,300
94448,1,300
94448,1,300
94469,1,300
94498,1,300
94528,1,300
94539,1,300
94542,1,300
94550,1,300
94570,1,300
94593,1,300
94599,1,300
94607,1,300
94634,1,300
94649,1,300
94652,1,300
94654,1,300
94657,1,300
94669,1,300
94688,1,300
94716,1,300
94739,1,300
94768,1,300
94785,1,300
94794,1,300
94819,1,300
94820,1,300
94820,1,300
94820,1,300
94840,1,300
94858,1,300
94884,1,300
94887,1,300
94901,1,300
94915,1,300
94924,1,300
94953,1,300
94966,1,300
95007,1,300
95031,1,300
95034,1,300
95047,1,300
95064,1,300
95070,1,300
95091,1,300
95105,1,300
95130,1,300
95151,1,300
95169,1,300
95184,1,300
95191,1,300
95215,1,300
95221,1,300
95239,1,300
95239,1,300
95248,1,300
95266,1,300
95296,1,300
95317,1,300
95330,1,300
95333,1,300
95360,1,300
95391,1,300
95398,1,300
95402,1,300
95407,1,300
95421,1,300
95439,1,300
95442,1,300
95473,1,300
95498,1,300
95510,1,300
95530,1,300
95530,1,300
95560,1,300
95582,1,300
95602,1,300
95620,1,300
95624,1,300
95632,1,300
95635,1,300
95650,1,300
95657,1,300
95659,1,300
95665,1,300
95684,1,300
95714,1,300
95726,1,300
95755,1,300
95777,1,300
95803,1,300
95819,1,300
95843,1,300
95849,1,300
95867,1,300
95893,1,300
95908,1,300
95914,1,300
95944,1,300
95971,1,300
96027,1,300
96038,1,300
96052,1,300
96054,1,300
96066,1,300
96078,1,300
96090,1,300
96119,1,300
96140,1,300
96145,1,300
96155,1,300
96166,1,300
96191,1,300
96217,1,300
96228,1,300
96249,1,300
96267,1,300
96297,1,300
96303,1,300
96329,1,300
96337,1,300
96343,1,300
96355,1,300
96363,1,300
96387,1,300
96407,1,300
96432,1,300
96446,1,300
96459,1,300
96488,1,300
96513,1,300
96527,1,300
96530,1,300
96555,1,300
96578,1,300
96598,1,300
96625,1,300
96638,1,300
96649,1,300
96662,1,300
96685,1,300
96687,1,300
96698,1,300
96700,1,300
96711,1,300
96717,1,300
96739,1,300
96761,1,300
96776,1,300
96778,1,300
96807,1,300
96822,1,300
96851,1,300
96874,1,300
96879,1,300
96903,1,300
96915,1,300
96943,1,300
96972,1,300
97021,1,300
97056,1,300
97073,1,300
97085,1,300
97103,1,300
97138,1,300
97159,1,300
97187,1,300
97187,1,300
97207,1,300
97217,1,300
97240,1,300
97245,1,300
97257,1,300
97263,1,300
97291,1,300
97311,1,300
97335,1,300
97347,1,300
97368,1,300
97382,1,300
97405,1,300
97411,1,300
97429,1,300
97445,1,300
97474,1,300
97491,1,300
97519,1,300
97536,1,300
97557,1,300
97580,1,300
97585,1,300
97590,1,300
97593,1,300
97607,1,300
97607,1,300
97627,1,300
97646,1,300
97652,1,300
97653,1,300
97667,1,300
97680,1,300
97710,1,300
97725,1,300
97752,1,300
97786,1,300
97816,1,300
97820,1,300
97821,1,300
97835,1,300
97835,1,300
97837,1,300
97872,1,300
97896,1,300
97918,1,300
97933,1,300
97947,1,300
97956,1,300
97962,1,300
97969,1,300
98016,1,300
98035,1,300
98045,1,300
98056,1,300
98079,1,300
98102,1,300
98106,1,300
98135,1,300
98149,1,300
98152,1,300
98156,1,300
98180,1,300
98209,1,300
98229,1,300
98229,1,300
98247,1,300
98264,1,300
98292,1,300
98300,1,300
98322,1,300
98324,1,300
98352,1,300
98369,1,300
98392,1,300
98398,1,300
98414,1,300
98429,1,300
98453,1,300
98469,1,300
98489,1,300
98515,1,300
98541,1,300
98545,1,300
98552,1,300
98572,1,300
98594,1,300
98618,1,300
98640,1,300
98662,1,300
98673,1,300
98674,1,300
98700,1,300
98711,1,300
98734,1,300
98762,1,300
98781,1,300
98797,1,300
98821,1,300
98832,1,300
98848,1,300
98873,1,300
98891,1,300
98898,1,300
98913,1,300
98915,1,300
98947,1,300
98964,1,300
98964,1,300
98969,1,300
99001,1,300
99005,1,300
99017,1,300
99024,1,300
99039,1,300
99055,1,300
99088,1,300
99107,1,300
99108,1,300
99134,1,300
99167,1,300
99172,1,300
99184,1,300
99191,1,300
99225,1,300
99233,1,300
99247,1,300
99255,1,300
99259,1,300
99264,1,300
99269,1,300
99271,1,300
99297,1,300
99308,1,300
99334,1,300
99367,1,300
99387,1,300
99409,1,300
99433,1,300
99450,1,300
99483,1,300
99488,1,300
99518,1,300
99520,1,300
99521,1,300
99555,1,300
99559,1,300
99566,1,300
99587,1,300
99608,1,300
99616,1,300
99618,1,300
99628,1,300
99640,1,300
99674,1,300
99697,1,300
99708,1,300
99736,1,300
99737,1,300
99758,1,300
99781,1,300
99811,1,300
99837,1,300
99868,1,300
99873,1,300
99900,1,300
99929,1,300
99944,1,300
99945,1,300
99971,1,300
100025,1,300
100044,1,300
100049,1,300
100059,1,300
100069,1,300
100085,1,300
100104,1,300
100127,1,300
100146,1,300
100183,1,300
100193,1,300
100217,1,300
100247,1,300
100264,1,300
100297,1,300
100330,1,300
100354,1,300
100387,1,300
100399,1,300
100434,1,300
100464,1,300
100496,1,300
100499,1,300
100510,1,300
100526,1,300
100530,1,300
100544,1,300
100552,1,300
100581,1,300
100614,1,300
100649,1,300
100657,1,300
100671,1,300
100673,1,300
100692,1,300
100731,1,300
100760,1,300
100788,1,300
100793,1,300
100800,1,300
100822,1,300
100850,1,300
100864,1,300
100875,1,300
100906,1,300
100907,1,300
100910,1,300
100915,1,300
100931,1,300
100940,1,300
100968,1,300
100973,1,300
100974,1,300
101018,1,300
101027,1,300
101041,1,300
101073,1,300
101074,1,300
101080,1,300
101090,1,300
101092,1,300
101124,1,300
101156,1,300
101169,1,300
101184,1,300
101189,1,300
101189,1,300
101204,1,300
101239,1,300
101250,1,300
101284,1,300
101316,1,300
101335,1,300
101342,1,300
101351,1,300
101381,1,300
101416,1,300
101433,1,300
101447,1,300
101447,1,300
101454,1,300
101473,1,300
101503,1,300
101517,1,300
101550,1,300
101577,1,300
101592,1,300
101627,1,300
101652,1,300
101666,1,300
101673,1,300
101680,1,300
101716,1,300
101735,1,300
101741,1,300
101748,1,300
101773,1,300
101784,1,300
101804,1,300
101820,1,300
101841,1,300
101860,1,300
101864,1,300
101881,1,300
101900,1,300
101902,1,300
101935,1,300
101936,1,300
101967,1,300
102000,1,300
102011,1,300
102016,1,300
102023,1,300
102054,1,300
102087,1,300
102093,1,300
102113,1,300
102146,1,300
102177,1,300
102206,1,300
102215,1,300
102215,1,300
102222,1,300
102234,1,300
102256,1,300
102274,1,300
102281,1,300
102316,1,300
102336,1,300
102344,1,300
102378,1,300
102388,1,300
102406,1,300
102442,1,300
102478,1,300
102514,1,300
102516,1,300
102534,1,300
102534,1,300
102571,1,300
102598,1,300
102634,1,300
102663,1,300
102673,1,300
102705,1,300
102733,1,300
102743,1,300
102754,1,300
102757,1,300
102764,1,300
102772,1,300
102793,1,300
102813,1,300
102832,1,300
102855,1,300
102876,1,300
102897,1,300
102912,1,300
102928,1,300
102947,1,300
102976,1,300
103015,1,300
103032,1,300
103055,1,300
103056,1,300
103098,1,300
103129,1,300
103132,1,300
103155,1,300
103177,1,300
103207,1,300
103238,1,300
103238,1,300
103262,1,300
103288,1,300
103290,1,300
103299,1,300
103322,1,300
103348,1,300
103348,1,300
103363,1,300
103395,1,300
103428,1,300
103439,1,300
103444,1,300
103463,1,300
103467,1,300
103500,1,300
103506,1,300
103526,1,300
103554,1,300
103575,1,300
103597,1,300
103625,1,300
103647,1,300
103686,1,300
103709,1,300
103713,1,300
103722,1,300
103744,1,300
103750,1,300
103785,1,300
103794,1,300
103823,1,300
103823,1,300
103850,1,300
103866,1,300
103877,1,300
103903,1,300
103943,1,300
103960,1,300
103969,1,300
103974,1,300
104007,1,300
104029,1,300
104029,1,300
104050,1,300
104080,1,300
104092,1,300
104093,1,300
104120,1,300
104128,1,300
104129,1,300
104158,1,300
104185,1,300
104185,1,300
104217,1,300
104240,1,300
104264,1,300
104285,1,300
104297,1,300
104326,1,300
104346,1,300
104351,1,300
104352,1,300
104372,1,300
104384,1,300
104402,1,300
104422,1,300
104440,1,300
104470,1,300
104471,1,300
104490,1,300
104511,1,300
104530,1,300
104544,1,300
104574,1,300
104590,1,300
104592,1,300
104610,1,300
104621,1,300
104634,1,300
104635,1,300
104642,1,300
104666,1,300
104683,1,300
104699,1,300
104716,1,300
104719,1,300
104722,1,300
104726,1,300
104751,1,300
104764,1,300
104772,1,300
104782,1,300
104795,1,300
104805,1,300
104807,1,300
104829,1,300
104830,1,300
104842,1,300
104872,1,300
104888,1,300
104916,1,300
104944,1,300
104973,1,300
104975,1,300
104975,1,300
105014,1,300
105019,1,300
105035,1,300
105059,1,300
105076,1,300
105077,1,300
105082,1,300
105083,1,300
105100,1,300
105101,1,300
105130,1,300
105142,1,300
105146,1,300
105154,1,300
105168,1,300
105199,1,300
105222,1,300
105259,1,300
105273,1,300
105298,1,300
105301,1,300
105337,1,300
105353,1,300
105365,1,300
105390,1,300
105402,1,300
105414,1,300
105450,1,300
105486,1,300
105523,1,300
105534,1,300
105562,1,300
105587,1,300
105617,1,300
105642,1,300
105674,1,300
105699,1,300
105727,1,300
105753,1,300
105768,1,300
105782,1,300
105794,1,300
105819,1,300
105826,1,300
105861,1,300
105892,1,300
105906,1,300
105942,1,300
105978,1,300
106013,1,300
106023,1,300
106076,1,300
106106,1,300
106139,1,300
106140,1,300
106193,1,300
106236,1,300
106290,1,300
106291,1,300
106303,1,300
106333,1,300
106364,1,300
106398,1,300
106431,1,300
106441,1,300
106477,1,300
106493,1,300
106510,1,300
106530,1,300
106532,1,300
106535,1,300
106570,1,300
106597,1,300
106637,1,300
106663,1,300
106665,1,300
106676,1,300
106684,1,300
106692,1,300
106740,1,300
106742,1,300
106742,1,300
106743,1,300
106753,1,300
106777,1,300
106784,1,300
106792,1,300
106794,1,300
106825,1,300
106870,1,300
106873,1,300
106895,1,300
106949,1,300
106971,1,300
106972,1,300
106974,1,300
107016,1,300
107032,1,300
107038,1,300
107060,1,300
107066,1,300
107069,1,300
107097,1,300
107103,1,300
107136,1,300
107155,1,300
107171,1,300
107184,1,300
107216,1,300
107230,1,300
107235,1,300
107256,1,300
107270,1,300
107303,1,300
107330,1,300
107373,1,300
107413,1,300
107435,1,300
107446,1,300
107459,1,300
107483,1,300
107491,1,300
107519,1,300
107523,1,300
107543,1,300
107587,1,300
107603,1,300
107643,1,300
107683,1,300
107711,1,300
107733,1,300
107752,1,300
107768,1,300
107778,1,300
107786,1,300
107823,1,300
107868,1,300
107908,1,300
107944,1,300
107960,1,300
107981,1,300
108040,1,300
108051,1,300
108061,1,300
108097,1,300
108106,1,300
108125,1,300
108137,1,300
108177,1,300
108195,1,300
108234,1,300
108249,1,300
108285,1,300
108294,1,300
108310,1,300
108310,1,300
108312,1,300
108348,1,300
108355,1,300
108385,1,300
108393,1,300
108428,1,300
108452,1,300
108485,1,300
108524,1,300
108524,1,300
108552,1,300
108584,1,300
108588,1,300
108592,1,300
108602,1,300
108640,1,300
108665,1,300
108705,1,300
108714,1,300
108754,1,300
108780,1,300
108824,1,300
108874,1,300
108891,1,300
108941,1,300
108955,1,300
108962,1,300
108978,1,300
109018,1,300
109035,1,300
109036,1,300
109073,1,300
109101,1,300
109103,1,300
109137,1,300
109141,1,300
109158,1,300
109197,1,300
109208,1,300
109210,1,300
109237,1,300
109251,1,300
109289,1,300
109319,1,300
109325,1,300
109362,1,300
109392,1,300
109426,1,300
109461,1,300
109461,1,300
109497,1,300
109526,1,300
109542,1,300
109569,1,300
109604,1,300
109622,1,300
109631,1,300
109663,1,300
109703,1,300
109734,1,300
109751,1,300
109753,1,300
109765,1,300
109771,1,300
109782,1,300
109802,1,300
109811,1,300
109834,1,300
109870,1,300
109912,1,300
109919,1,300
109934,1,300
109935,1,300
109976,1,300
110000,1,300
110008,1,300
110022,1,300
110022,1,300
110043,1,300
110061,1,300
110064,1,300
110092,1,300
110114,1,300
110138,1,300
110168,1,300
110208,1,300
110229,1,300
110249,1,300
110263,1,300
110264,1,300
110290,1,300
110307,1,300
110321,1,300
110346,1,300
110376,1,300
110385,1,300
110421,1,300
110438,1,300
110446,1,300
110461,1,300
110470,1,300
110485,1,300
110526,1,300
110559,1,300
110596,1,300
110616,1,300
110658,1,300
110667,1,300
110673,1,300
110711,1,300
110729,1,300
110753,1,300
110776,1,300
110800,1,300
110842,1,300
110844,1,300
110858,1,300
110896,1,300
110938,1,300
110978,1,300
111013,1,300
111013,1,300
111033,1,300
111063,1,300
111095,1,300
111122,1,300
111125,1,300
111155,1,300
111169,1,300
111194,1,300
111242,1,300
111242,1,300
111245,1,300
111290,1,300
111315,1,300
111320,1,300
111332,1,300
111363,1,300
111404,1,300
111430,1,300
111435,1,300
111446,1,300
111447,1,300
111452,1,300
111457,1,300
111465,1,300
111492,1,300
111493,1,300
111507,1,300
111533,1,300
111582,1,300
111583,1,300
111620,1,300
111643,1,300
111658,1,300
111670,1,300
111695,1,300
111742,1,300
111773,1,300
111807,1,300
111849,1,300
111861,1,300
111889,1,300
111897,1,300
111922,1,300
111941,1,300
111983,1,300
112015,1,300
112066,1,300
112075,1,300
112098,1,300
112137,1,300
112166,1,300
112173,1,300
112202,1,300
112223,1,300
112237,1,300
112243,1,300
112282,1,300
112325,1,300
112359,1,300
112376,1,300
112406,1,300
112412,1,300
112418,1,300
112469,1,300
112509,1,300
112538,1,300
112570,1,300
112616,1,300
112622,1,300
112668,1,300
112673,1,300
112703,1,300
112704,1,300
112721,1,300
112736,1,300
112745,1,300
112797,1,300
112803,1,300
112826,1,300
112849,1,300
112868,1,300
112898,1,300
112912,1,300
112929,1,300
112931,1,300
112981,1,300
113031,1,300
113069,1,300
113107,1,300
113144,1,300
113163,1,300
113188,1,300
113198,1,300
113227,1,300
113255,1,300
113274,1,300
113282,1,300
113304,1,300
113312,1,300
113355,1,300
113392,1,300
113423,1,300
113462,1,300
113462,1,300
113486,1,300
113518,1,300
113520,1,300
113540,1,300
113578,1,300
113585,1,300
113598,1,300
113633,1,300
113641,1,300
113647,1,300
113668,1,300
113712,1,300
113712,1,300
113736,1,300
113748,1,300
113783,1,300
113789,1,300
113832,1,300
113856,1,300
113883,1,300
113901,1,300
113933,1,300
113968,1,300
113981,1,300
114023,1,300
114035,1,300
114072,1,300
114077,1,300
114078,1,300
114095,1,300
114124,1,300
114156,1,300
114167,1,300
114184,1,300
114222,1,300
114262,1,300
114299,1,300
114309,1,300
114346,1,300
114351,1,300
114373,1,300
114406,1,300
114439,1,300
114465,1,300
114474,1,300
114516,1,300
114533,1,300
114578,1,300
114583,1,300
114584,1,300
114618,1,300
114665,1,300
114704,1,300
114719,1,300
114719,1,300
114751,1,300
114776,1,300
114788,1,300
114818,1,300
114849,1,300
114886,1,300
114901,1,300
114930,1,300
114948,1,300
114982,1,300
115038,1,300
115066,1,300
115092,1,300
115111,1,300
115137,1,300
115144,1,300
115153,1,300
115192,1,300
115218,1,300
115221,1,300
115237,1,300
115267,1,300
115277,1,300
115313,1,300
115348,1,300
115386,1,300
115419,1,300
115449,1,300
115490,1,300
115514,1,300
115542,1,300
115544,1,300
115578,1,300
115578,1,300
115595,1,300
115615,1,300
115650,1,300
115687,1,300
115693,1,300
115694,1,300
115714,1,300
115732,1,300
115732,1,300
115764,1,300
115794,1,300
115818,1,300
115852,1,300
115869,1,300
115898,1,300
115932,1,300
115966,1,300
115972,1,300
116030,1,300
116061,1,300
116080,1,300
116101,1,300
116139,1,300
116171,1,300
116177,1,300
116209,1,300
116241,1,300
116265,1,300
116292,1,300
116309,1,300
116329,1,300
116347,1,300
116350,1,300
116363,1,300
116387,1,300
116424,1,300
116432,1,300
116465,1,300
116490,1,300
116505,1,300
116547,1,300
116562,1,300
116583,1,300
116601,1,300
116605,1,300
116621,1,300
116659,1,300
116675,1,300
116682,1,300
116690,1,300
116701,1,300
116722,1,300
116748,1,300
116752,1,300
116773,1,300
116808,1,300
116824,1,300
116864,1,300
116876,1,300
116896,1,300
116929,1,300
116935,1,300
116938,1,300
116975,1,300
117010,1,300
117047,1,300
117101,1,300
117162,1,300
117167,1,300
117177,1,300
117196,1,300
117253,1,300
117278,1,300
117321,1,300
117358,1,300
117383,1,300
117384,1,300
117389,1,300
117396,1,300
117437,1,300
117471,1,300
117485,1,300
117506,1,300
117554,1,300
117579,1,300
117622,1,300
117661,1,300
117662,1,300
117671,1,300
117705,1,300
117732,1,300
117737,1,300
117783,1,300
117838,1,300
117877,1,300
117929,1,300
117952,1,300
117984,1,300
118041,1,300
118058,1,300
118065,1,300
118088,1,300
118113,1,300
118150,1,300
118189,1,300
118221,1,300
118242,1,300
118297,1,300
118327,1,300
118335,1,300
118365,1,300
118390,1,300
118415,1,300
118468,1,300
118521,1,300
118563,1,300
118580,1,300
118580,1,300
118633,1,300
118688,1,300
118716,1,300
118771,1,300
118772,1,300
118813,1,300
118861,1,300
118902,1,300
118919,1,300
118970,1,300
118977,1,300
118985,1,300
119057,1,300
119118,1,300
119167,1,300
119180,1,300
119183,1,300
119224,1,300
119277,1,300
119316,1,300
119355,1,300
119400,1,300
119451,1,300
119466,1,300
119511,1,300
119514,1,300
119533,1,300
119536,1,300
119577,1,300
119584,1,300
119601,1,300
119604,1,300
119633,1,300
119672,1,300
119729,1,300
119744,1,300
119761,1,300
119810,1,300
119839,1,300
119862,1,300
119921,1,300
119921,1,300
119980,1,300
120036,1,300
120092,1,300
120125,1,300
120148,1,300
120148,1,300
120196,1,300
120242,1,300
120286,1,300
120338,1,300
120347,1,300
120405,1,300
120434,1,300
120445,1,300
120474,1,300
120510,1,300
120529,1,300
120542,1,300
120571,1,300
120625,1,300
120644,1,300
120700,1,300
120711,1,300
120763,1,300
120764,1,300
120771,1,300
120819,1,300
120861,1,300
120894,1,300
120929,1,300
120946,1,300
120984,1,300
121028,1,300
121047,1,300
121059,1,300
121100,1,300
121100,1,300
121138,1,300
121161,1,300
121176,1,300
121206,1,300
121266,1,300
121319,1,300
121327,1,300
121393,1,300
121434,1,300
121444,1,300
121444,1,300
121474,1,300
121476,1,300
121536,1,300
121548,1,300
121601,1,300
121626,1,300
121690,1,300
121724,1,300
121788,1,300
121811,1,300
121823,1,300
121825,1,300
121887,1,300
121921,1,300
121983,1,300
122032,1,300
122073,1,300
122129,1,300
122209,1,300
122229,1,300
122246,1,300
122254,1,300
122301,1,300
122312,1,300
122362,1,300
122433,1,300
122477,1,300
122497,1,300
122497,1,300
122532,1,300
122534,1,300
122551,1,300
122592,1,300
122612,1,300
122659,1,300
122673,1,300
122693,1,300
122710,1,300
122715,1,300
122750,1,300
122788,1,300
122862,1,300
122894,1,300
122974,1,300
123047,1,300
123088,1,300
123133,1,300
123176,1,300
123200,1,300
123243,1,300
123284,1,300
123299,1,300
123340,1,300
123373,1,300
123388,1,300
123422,1,300
123437,1,300
123470,1,300
123513,1,300
123532,1,300
123565,1,300
123596,1,300
123632,1,300
123656,1,300
123666,1,300
123702,1,300
123740,1,300
123752,1,300
123781,1,300
123801,1,300
123839,1,300
123865,1,300
123905,1,300
123939,1,300
123982,1,300
124035,1,300
124097,1,300
124099,1,300
124149,1,300
124187,1,300
124192,1,300
124263,1,300
124319,1,300
124392,1,300
124394,1,300
124408,1,300
124479,1,300
124479,1,300
124541,1,300
124594,1,300
124599,1,300
124670,1,300
124717,1,300
124717,1,300
124725,1,300
124769,1,300
124786,1,300
124859,1,300
124876,1,300
124920,1,300
124988,1,300
125009,1,300
125070,1,300
125084,1,300
125147,1,300
125154,1,300
125205,1,300
125254,1,300
125303,1,300
125322,1,300
125336,1,300
125353,1,300
125387,1,300
125421,1,300
125484,1,300
125547,1,300
125556,1,300
125622,1,300
125673,1,300
125685,1,300
125709,1,300
125723,1,300
125791,1,300
125820,1,300
125871,1,300
125873,1,300
125895,1,300
125958,1,300
125985,1,300
126046,1,300
126107,1,300
126140,1,300
126176,1,300
126230,1,300
126245,1,300
126299,1,300
126366,1,300
126409,1,300
126457,1,300
126462,1,300
126505,1,300
126572,1,300
126626,1,300
126669,1,300
126705,1,300
126751,1,300
126779,1,300
126797,1,300
126817,1,300
126853,1,300
126858,1,300
126899,1,300
126911,1,300
126918,1,300
126925,1,300
126976,1,300
126988,1,300
127079,1,300
127115,1,300
127194,1,300
127236,1,300
127262,1,300
127295,1,300
127308,1,300
127380,1,300
127403,1,300
127406,1,300
127455,1,300
127530,1,300
127599,1,300
127661,1,300
127680,1,300
127729,1,300
127745,1,300
127754,1,300
127816,1,300
127822,1,300
127861,1,300
127903,1,300
127909,1,300
127935,1,300
127987,1,300
128033,1,300
128048,1,300
128088,1,300
128089,1,300
128137,1,300
128138,1,300
128186,1,300
128191,1,300
128237,1,300
128280,1,300
128330,1,300
128368,1,300
128388,1,300
128401,1,300
128454,1,300
128509,1,300
128517,1,300
128567,1,300
128603,1,300
128618,1,300
128671,1,300
128686,1,300
128696,1,300
128729,1,300
128734,1,300
128754,1,300
128775,1,300
128813,1,300
128828,1,300
128879,1,300
128880,1,300
128895,1,300
128950,1,300
128990,1,300
129084,1,300
129159,1,300
129212,1,300
129265,1,300
129336,1,300
129344,1,300
129393,1,300
129437,1,300
129472,1,300
129480,1,300
129502,1,300
129573,1,300
129599,1,300
129630,1,300
129656,1,300
129678,1,300
129771,1,300
129775,1,300
129806,1,300
129819,1,300
129863,1,300
129889,1,300
129987,1,300
130000,1,300
130065,1,300
130078,1,300
130104,1,300
130169,1,300
130216,1,300
130289,1,300
130384,1,300
130410,1,300
130418,1,300
130431,1,300
130522,1,300
130530,1,300
130590,1,300
130681,1,300
130702,1,300
130736,1,300
130770,1,300
130843,1,300
130929,1,300
130942,1,300
130959,1,300
130989,1,300
131049,1,300
131087,1,300
131094,1,300
131128,1,300
131196,1,300
131230,1,300
131283,1,300
131336,1,300
131358,1,300
131422,1,300
131482,1,300
131523,1,300
131564,1,300
131643,1,300
131681,1,300
131749,1,300
131813,1,300
131843,1,300
131862,1,300
131930,1,300
131933,1,300
131990,1,300
132006,1,300
132066,1,300
132099,1,300
132185,1,300
132271,1,300
132304,1,300
132377,1,300
132463,1,300
132556,1,300
132602,1,300
132675,1,300
132728,1,300
132821,1,300
132821,1,300
132921,1,300
132994,1,300
133088,1,300
133166,1,300
133244,1,300
133244,1,300
133244,1,300
133258,1,300
133346,1,300
133380,1,300
133433,1,300
133501,1,300
133569,1,300
133642,1,300
133715,1,300
133759,1,300
133768,1,300
133851,1,300
133924,1,300
133992,1,300
133992,1,300
134107,1,300
134176,1,300
134206,1,300
134313,1,300
134328,1,300
134366,1,300
134389,1,300
134465,1,300
134541,1,300
134587,1,300
134610,1,300
134671,1,300
134740,1,300
134793,1,300
134893,1,300
134977,1,300
134984,1,300
134991,1,300
135031,1,300
135093,1,300
135129,1,300
135149,1,300
135211,1,300
135236,1,300
135339,1,300
135359,1,300
135379,1,300
135472,1,300
135492,1,300
135512,1,300
135594,1,300
135614,1,300
135681,1,300
135706,1,300
135783,1,300
135871,1,300
135917,1,300
135989,1,300
136091,1,300
136177,1,300
136222,1,300
136227,1,300
136249,1,300
136300,1,300
136397,1,300
136442,1,300
136510,1,300
136555,1,300
136612,1,300
136692,1,300
136697,1,300
136800,1,300
136845,1,300
136936,1,300
136947,1,300
136987,1,300
137021,1,300
137073,1,300
137136,1,300
137178,1,300
137215,1,300
137289,1,300
137373,1,300
137457,1,300
137531,1,300
137562,1,300
137614,1,300
137693,1,300
137730,1,300
137761,1,300
137845,1,300
137903,1,300
137992,1,300
138083,1,300
138087,1,300
138150,1,300
138199,1,300
138257,1,300
138345,1,300
138374,1,300
138403,1,300
138456,1,300
138490,1,300
138514,1,300
138592,1,300
138606,1,300
138689,1,300
138777,1,300
138816,1,300
138899,1,300
138987,1,300
138991,1,300
139160,1,300
139213,1,300
139319,1,300
139332,1,300
139425,1,300
139545,1,300
139598,1,300
139638,1,300
139718,1,300
139824,1,300
139930,1,300
139943,1,300
139996,1,300
140062,1,300
140124,1,300
140155,1,300
140227,1,300
140282,1,300
140337,1,300
140402,1,300
140415,1,300
140432,1,300
140435,1,300
140438,1,300
140513,1,300
140564,1,300
140612,1,300
140618,1,300
140642,1,300
140666,1,300
140700,1,300
140734,1,300
140758,1,300
140830,1,300
140905,1,300
140973,1,300
140990,1,300
141029,1,300
141146,1,300
141204,1,300
141218,1,300
141320,1,300
141393,1,300
141437,1,300
141510,1,300
141642,1,300
141789,1,300
141847,1,300
141994,1,300
142057,1,300
142071,1,300
142215,1,300
142359,1,300
142474,1,300
142517,1,300
142618,1,300
142704,1,300
142732,1,300
142818,1,300
142875,1,300
142990,1,300
143138,1,300
143193,1,300
143331,1,300
143372,1,300
143524,1,300
143593,1,300
143620,1,300
143661,1,300
143744,1,300
143744,1,300
143869,1,300
143994,1,300
144112,1,300
144123,1,300
144145,1,300
144167,1,300
144324,1,300
144458,1,300
144491,1,300
144614,1,300
144681,1,300
144692,1,300
144781,1,300
144814,1,300
144847,1,300
144936,1,300
144992,1,300
145043,1,300
145075,1,300
145096,1,300
145106,1,300
145235,1,300
145299,1,300
145352,1,300
145384,1,300
145502,1,300
145588,1,300
145695,1,300
145770,1,300
145856,1,300
145995,1,300
146113,1,300
146150,1,300
146276,1,300
146326,1,300
146427,1,300
146540,1,300
146603,1,300
146628,1,300
146767,1,300
146880,1,300
146993,1,300
147000,1,300
147114,1,300
147220,1,300
147242,1,300
147341,1,300
147447,1,300
147492,1,300
147537,1,300
147620,1,300
147711,1,300
147817,1,300
147847,1,300
147908,1,300
147969,1,300
147991,1,300
148160,1,300
148240,1,300
148420,1,300
148460,1,300
148600,1,300
148660,1,300
148760,1,300
148860,1,300
149000,1,300
149086,1,300
149258,1,300
149430,1,300
149533,1,300
149653,1,300
149739,1,300
149807,1,300
149875,1,300
149943,1,300
149994,1,300
150089,1,300
150191,1,300
150280,1,300
150395,1,300
150523,1,300
150638,1,300
150766,1,300
150791,1,300
150867,1,300
150969,1,300
150994,1,300
151052,1,300
151262,1,300
151419,1,300
151576,1,300
151786,1,300
151996,1,300
152021,1,300
152068,1,300
152115,1,300
152204,1,300
152246,1,300
152309,1,300
152346,1,300
152430,1,300
152509,1,300
152588,1,300
152662,1,300
152720,1,300
152799,1,300
152820,1,300
152867,1,300
152925,1,300
152925,1,300
152962,1,300
152993,1,300
153011,1,300
153011,1,300
153140,1,300
153292,1,300
153386,1,300
153527,1,300
153562,1,300
153620,1,300
153749,1,300
153819,1,300
153901,1,300
153971,1,300
153994,1,300
154195,1,300
154325,1,300
154433,1,300
154563,1,300
154584,1,300
154627,1,300
154627,1,300
154627,1,300
154822,1,300
154995,1,300
155206,1,300
155274,1,300
155411,1,300
155411,1,300
155479,1,300
155582,1,300
155719,1,300
155787,1,300
155993,1,300
156000,1,300
156312,1,300
156312,1,300
156624,1,300
156686,1,300
156998,1,300
157122,1,300
157297,1,300
157332,1,300
157349,1,300
157489,1,300
157489,1,300
157524,1,300
157681,1,300
157821,1,300
157996,1,300
158044,1,300
158176,1,300
158293,1,300
158307,1,300
158380,1,300
158527,1,300
158600,1,300
158761,1,300
158849,1,300
158922,1,300
158995,1,300
159009,1,300
159085,1,300
159189,1,300
159255,1,300
159388,1,300
159388,1,300
159511,1,300
159634,1,300
159672,1,300
159691,1,300
159729,1,300
159738,1,300
159766,1,300
159899,1,300
159994,1,300
160363,1,300
160635,1,300
160725,1,300
160997,1,300
161142,1,300
161320,1,300
161462,1,300
161640,1,300
161854,1,300
161996,1,300
162181,1,300
162181,1,300
162635,1,300
162907,1,300
162997,1,300
163130,1,300
163390,1,300
163563,1,300
163606,1,300
163823,1,300
163996,1,300
164035,1,300
164083,1,300
164089,1,300
164140,1,300
164156,1,300
164194,1,300
164239,1,300
164300,1,300
164358,1,300
164400,1,300
164464,1,300
164531,1,300
164586,1,300
164624,1,300
164691,1,300
164755,1,300
164803,1,300
164841,1,300
164892,1,300
164950,1,300
164988,1,300
165150,1,300
165216,1,300
165332,1,300
165365,1,300
165465,1,300
165498,1,300
165614,1,300
165680,1,300
165813,1,300
165879,1,300
165995,1,300
166102,1,300
166224,1,300
166305,1,300
166305,1,300
166386,1,300
166447,1,300
166610,1,300
166773,1,300
166793,1,300
166956,1,300
166996,1,300
167074,1,300
167148,1,300
167222,1,300
167333,1,300
167370,1,300
167555,1,300
167666,1,300
167851,1,300
167999,1,300
168111,1,300
168444,1,300
168444,1,300
168666,1,300
168999,1,300
169090,1,300
169294,1,300
169475,1,300
169656,1,300
169701,1,300
169814,1,300
169859,1,300
169904,1,300
169949,1,300
169994,1,300
170052,1,300
170262,1,300
170630,1,300
170630,1,300
170682,1,300
170892,1,300
170997,1,300
171040,1,300
171080,1,300
171284,1,300
171304,1,300
171508,1,300
171569,1,300
171589,1,300
171731,1,300
171771,1,300
171873,1,300
171995,1,300
172058,1,300
172352,1,300
172587,1,300
172587,1,300
172763,1,300
172998,1,300
173363,1,300
173544,1,300
173634,1,300
173906,1,300
173996,1,300
174200,1,300
174250,1,300
174350,1,300
174450,1,300
174650,1,300
174700,1,300
175000,1,300
175333,1,300
175666,1,300
175832,1,300
175998,1,300
176009,1,300
176025,1,300
176031,1,300
176034,1,300
176069,1,300
176143,1,300
176168,1,300
176232,1,300
176238,1,300
176315,1,300
176353,1,300
176385,1,300
176414,1,300
176488,1,300
176555,1,300
176619,1,300
176638,1,300
176702,1,300
176766,1,300
176836,1,300
176881,1,300
176893,1,300
176934,1,300
176988,1,300
177097,1,300
177182,1,300
177255,1,300
177303,1,300
177437,1,300
177449,1,300
177546,1,300
177631,1,300
177716,1,300
177837,1,300
177897,1,300
177994,1,300
178080,1,300
178093,1,300
178199,1,300
178305,1,300
178371,1,300
178411,1,300
178504,1,300
178637,1,300
178770,1,300
178890,1,300
178996,1,300
179147,1,300
179264,1,300
179469,1,300
179616,1,300
179821,1,300
179821,1,300
179909,1,300
179997,1,300
180166,1,300
180499,1,300
180665,1,300
180831,1,300
180997,1,300
181190,1,300
181190,1,300
181213,1,300
181427,1,300
181569,1,300
181640,1,300
181759,1,300
181901,1,300
181996,1,300
182139,1,300
182278,1,300
182347,1,300
182533,1,300
182649,1,300
182788,1,300
182834,1,300
182973,1,300
182996,1,300
183127,1,300
183215,1,300
183322,1,300
183341,1,300
183458,1,300
183536,1,300
183643,1,300
183672,1,300
183799,1,300
183799,1,300
183838,1,300
183916,1,300
183994,1,300
184071,1,300
184213,1,300
184379,1,300
184521,1,300
184687,1,300
184853,1,300
184900,1,300
184995,1,300
185000,1,300
185294,1,300
185529,1,300
185529,1,300
185764,1,300
185940,1,300
185998,1,300
186088,1,300
186176,1,300
186198,1,300
186309,1,300
186353,1,300
186530,1,300
186730,1,300
186796,1,300
186907,1,300
186995,1,300
187133,1,300
187399,1,300
187665,1,300
187931,1,300
187997,1,300
188027,1,300
188057,1,300
188101,1,300
188169,1,300
188233,1,300
188284,1,300
188335,1,300
188386,1,300
188396,1,300
188426,1,300
188500,1,300
188537,1,300
188581,1,300
188642,1,300
188686,1,300
188713,1,300
188787,1,300
188848,1,300
188916,1,300
188926,1,300
188956,1,300
188993,1,300
189235,1,300
189499,1,300
189616,1,300
189616,1,300
189645,1,300
189792,1,300
189997,1,300
189997,1,300
189997,1,300
190035,1,300
190177,1,300
190212,1,300
190354,1,300
190639,1,300
190674,1,300
190888,1,300
190995,1,300
191142,1,300
191213,1,300
191272,1,300
191414,1,300
191556,1,300
191686,1,300
191757,1,300
191768,1,300
191768,1,300
191791,1,300
191826,1,300
191968,1,300
191991,1,300
192000,1,300
192280,1,300
192320,1,300
192320,1,300
192440,1,300
192600,1,300
192800,1,300
193000,1,300
193156,1,300
193281,1,300
193281,1,300
193531,1,300
193593,1,300
193749,1,300
193842,1,300
193904,1,300
193997,1,300
194036,1,300
194217,1,300
194235,1,300
194362,1,300
194416,1,300
194597,1,300
194724,1,300
194869,1,300
194978,1,300
194996,1,300
195177,1,300
195257,1,300
195321,1,300
195337,1,300
195482,1,300
195627,1,300
195659,1,300
195723,1,300
195819,1,300
195948,1,300
195996,1,300
196083,1,300
196208,1,300
196291,1,300
196416,1,300
196457,1,300
196582,1,300
196790,1,300
196998,1,300
197047,1,300
197094,1,300
197332,1,300
197522,1,300
197807,1,300
197807,1,300
197997,1,300
198222,1,300
198416,1,300
198443,1,300
198470,1,300
198470,1,300
198608,1,300
198830,1,300
198885,1,300
198996,1,300
199214,1,300
199356,1,300
199713,1,300
199998,1,300
199998,1,300
200009,1,300
200035,1,300
200068,1,300
200105,1,300
200127,1,300
200168,1,300
200213,1,300
200241,1,300
200282,1,300
200308,1,300
200341,1,300
200374,1,300
200419,1,300
200467,1,300
200514,1,300
200562,1,300
200614,1,300
200653,1,300
200707,1,300
200757,1,300
200770,1,300
200770,1,300
200805,1,300
200859,1,300
200859,1,300
200907,1,300
200944,1,300
200962,1,300
200980,1,300
200983,1,300
201020,1,300
201113,1,300
201206,1,300
201320,1,300
201392,1,300
201496,1,300
201610,1,300
201693,1,300
201818,1,300
201870,1,300
201901,1,300
201994,1,300
202076,1,300
202152,1,300
202325,1,300
202382,1,300
202574,1,300
202650,1,300
202688,1,300
202803,1,300
202822,1,300
202879,1,300
202994,1,300
203083,1,300
203124,1,300
203249,1,300
203304,1,300
203470,1,300
203567,1,300
203608,1,300
203635,1,300
203690,1,300
203870,1,300
203870,1,300
203995,1,300
203995,1,300
204173,1,300
204326,1,300
204402,1,300
204421,1,300
204497,1,300
204573,1,300
204573,1,300
204630,1,300
204803,1,300
204803,1,300
204995,1,300
205044,1,300
205191,1,300
205308,1,300
205381,1,300
205439,1,300
205497,1,300
205511,1,300
205555,1,300
205687,1,300
205834,1,300
205995,1,300
206100,1,300
206177,1,300
206265,1,300
206365,1,300
206453,1,300
206530,1,300
206563,1,300
206685,1,300
206696,1,300
206829,1,300
206906,1,300
206983,1,300
206994,1,300
207061,1,300
207113,1,300
207227,1,300
207332,1,300
207358,1,300
207436,1,300
207506,1,300
207611,1,300
207646,1,300
207760,1,300
207838,1,300
207943,1,300
207995,1,300
208111,1,300
208444,1,300
208666,1,300
208832,1,300
208887,1,300
208998,1,300
209028,1,300
209113,1,300
209198,1,300
209226,1,300
209426,1,300
209654,1,300
209796,1,300
209996,1,300
210023,1,300
210185,1,300
210208,1,300
210347,1,300
210556,1,300
210765,1,300
210834,1,300
210950,1,300
210996,1,300
211109,1,300
211236,1,300
211326,1,300
211453,1,300
211580,1,300
211689,1,300
211725,1,300
211815,1,300
211869,1,300
211941,1,300
211995,1,300
212074,1,300
212107,1,300
212181,1,300
212230,1,300
212287,1,300
212287,1,300
212333,1,300
212377,1,300
212443,1,300
212459,1,300
212527,1,300
212532,1,300
212581,1,300
212586,1,300
212643,1,300
212709,1,300
212711,1,300
212749,1,300
212765,1,300
212776,1,300
212792,1,300
212803,1,300
212860,1,300
212862,1,300
212906,1,300
212914,1,300
212988,1,300
213024,1,300
213112,1,300
213112,1,300
213152,1,300
213248,1,300
213352,1,300
213424,1,300
213488,1,300
213528,1,300
213584,1,300
213680,1,300
213728,1,300
213792,1,300
213880,1,300
213944,1,300
213960,1,300
214000,1,300
214043,1,300
214173,1,300
214227,1,300
214237,1,300
214269,1,300
214399,1,300
214453,1,300
214572,1,300
214691,1,300
214777,1,300
214842,1,300
214907,1,300
214993,1,300
214993,1,300
215075,1,300
215226,1,300
215263,1,300
215275,1,300
215312,1,300
215362,1,300
215488,1,300
215513,1,300
215588,1,300
215727,1,300
215777,1,300
215928,1,300
215991,1,300
216094,1,300
216128,1,300
216231,1,300
216317,1,300
216429,1,300
216532,1,300
216549,1,300
216609,1,300
216712,1,300
216772,1,300
216815,1,300
216892,1,300
216995,1,300
217026,1,300
217026,1,300
217104,1,300
217156,1,300
217300,1,300
217431,1,300
217562,1,300
217680,1,300
217824,1,300
217889,1,300
217941,1,300
217993,1,300
218099,1,300
218135,1,300
218207,1,300
218288,1,300
218378,1,300
218432,1,300
218504,1,300
218603,1,300
218684,1,300
218720,1,300
218828,1,300
218927,1,300
218999,1,300
218999,1,300
219072,1,300
219150,1,300
219169,1,300
219261,1,300
219293,1,300
219378,1,300
219456,1,300
219528,1,300
219560,1,300
219645,1,300
219697,1,300
219736,1,300
219808,1,300
219867,1,300
219919,1,300
219991,1,300
220023,1,300
220165,1,300
220260,1,300
220402,1,300
220437,1,300
220544,1,300
220663,1,300
220734,1,300
220781,1,300
220840,1,300
220911,1,300
220994,1,300
221086,1,300
221160,1,300
221258,1,300
221369,1,300
221504,1,300
221590,1,300
221713,1,300
221750,1,300
221787,1,300
221824,1,300
221972,1,300
221996,1,300
222061,1,300
222110,1,300
222233,1,300
222331,1,300
222442,1,300
222503,1,300
222614,1,300
222614,1,300
222651,1,300
222725,1,300
222799,1,300
222873,1,300
222996,1,300
223017,1,300
223043,1,300
223138,1,300
223164,1,300
223259,1,300
223380,1,300
223475,1,300
223561,1,300
223674,1,300
223682,1,300
223777,1,300
223846,1,300
223880,1,300
223993,1,300
224068,1,300
224074,1,300
224124,1,300
224158,1,300
224173,1,300
224177,1,300
224181,1,300
224228,1,300
224248,1,300
224300,1,300
224331,1,300
224346,1,300
224396,1,300
224402,1,300
224438,1,300
224451,1,300
224485,1,300
224489,1,300
224507,1,300
224554,1,300
224572,1,300
224608,1,300
224642,1,300
224683,1,300
224728,1,300
224780,1,300
224834,1,300
224834,1,300
224863,1,300
224897,1,300
224942,1,300
224983,1,300
225018,1,300
225089,1,300
225096,1,300
225133,1,300
225151,1,300
225166,1,300
225173,1,300
225233,1,300
225251,1,300
225284,1,300
225359,1,300
225396,1,300
225437,1,300
225444,1,300
225447,1,300
225533,1,300
225544,1,300
225593,1,300
225611,1,300
225709,1,300
225754,1,300
225810,1,300
225851,1,300
225892,1,300
225907,1,300
225986,1,300
226022,1,300
226092,1,300
226101,1,300
226178,1,300
226206,1,300
226222,1,300
226231,1,300
226304,1,300
226358,1,300
226386,1,300
226418,1,300
226491,1,300
226523,1,300
226558,1,300
226635,1,300
226696,1,300
226753,1,300
226753,1,300
226781,1,300
226784,1,300
226845,1,300
226870,1,300
226931,1,300
226979,1,300
226988,1,300
227040,1,300
227115,1,300
227187,1,300
227196,1,300
227249,1,300
227261,1,300
227261,1,300
227286,1,300
227348,1,300
227388,1,300
227400,1,300
227425,1,300
227447,1,300
227484,1,300
227512,1,300
227546,1,300
227605,1,300
227620,1,300
227664,1,300
227711,1,300
227773,1,300
227813,1,300
227860,1,300
227938,1,300
227985,1,300
227988,1,300
228032,1,300
228096,1,300
228120,1,300
228180,1,300
228208,1,300
228260,1,300
228328,1,300
228364,1,300
228400,1,300
228420,1,300
228464,1,300
228496,1,300
228564,1,300
228636,1,300
228684,1,300
228724,1,300
228772,1,300
228800,1,300
228880,1,300
228940,1,300
228992,1,300
229057,1,300
229102,1,300
229143,1,300
229165,1,300
229187,1,300
229217,1,300
229293,1,300
229323,1,300
229399,1,300
229456,1,300
229478,1,300
229527,1,300
229587,1,300
229647,1,300
229715,1,300
229756,1,300
229794,1,300
229839,1,300
229880,1,300
229929,1,300
229989,1,300
230005,1,300
230049,1,300
230054,1,300
230067,1,300
230125,1,300
230180,1,300
230230,1,300
230256,1,300
230303,1,300
230363,1,300
230413,1,300
230426,1,300
230473,1,300
230531,1,300
230581,1,300
230588,1,300
230656,1,300
230703,1,300
230745,1,300
230792,1,300
230802,1,300
230852,1,300
230920,1,300
230956,1,300
230961,1,300
230990,1,300
231000,1,300
231009,1,300
231090,1,300
231190,1,300
231228,1,300
231309,1,300
231332,1,300
231351,1,300
231417,1,300
231493,1,300
231502,1,300
231583,1,300
231616,1,300
231673,1,300
231706,1,300
231758,1,300
231767,1,300
231833,1,300
231904,1,300
231966,1,300
231989,1,300
232033,1,300
232110,1,300
232126,1,300
232225,1,300
232296,1,300
232373,1,300
232466,1,300
232559,1,300
232636,1,300
232729,1,300
232806,1,300
232888,1,300
232893,1,300
232898,1,300
232936,1,300
232958,1,300
232963,1,300
232974,1,300
232990,1,300
233115,1,300
233187,1,300
233247,1,300
233277,1,300
233289,1,300
233349,1,300
233355,1,300
233379,1,300
233409,1,300
233481,1,300
233565,1,300
233607,1,300
233716,1,300
233819,1,300
233849,1,300
233861,1,300
233933,1,300
233945,1,300
233993,1,300
234053,1,300
234067,1,300
234081,1,300
234168,1,300
234221,1,300
234240,1,300
234293,1,300
234302,1,300
234380,1,300
234423,1,300
234486,1,300
234510,1,300
234510,1,300
234597,1,300
234645,1,300
234723,1,300
234737,1,300
234776,1,300
234849,1,300
234892,1,300
234950,1,300
234989,1,300
235012,1,300
235016,1,300
235088,1,300
235156,1,300
235220,1,300
235272,1,300
235276,1,300
235328,1,300
235388,1,300
235452,1,300
235512,1,300
235552,1,300
235560,1,300
235640,1,300
235648,1,300
235728,1,300
235760,1,300
235828,1,300
235900,1,300
235964,1,300
235988,1,300
236029,1,300
236050,1,300
236062,1,300
236063,1,300
236084,1,300
236085,1,300
236120,1,300
236142,1,300
236189,1,300
236237,1,300
236274,1,300
236279,1,300
236298,1,300
236314,1,300
236357,1,300
236369,1,300
236407,1,300
236421,1,300
236447,1,300
236476,1,300
236484,1,300
236519,1,300
236525,1,300
236549,1,300
236593,1,300
236608,1,300
236636,1,300
236636,1,300
236685,1,300
236730,1,300
236738,1,300
236776,1,300
236827,1,300
236872,1,300
236915,1,300
236916,1,300
236932,1,300
236947,1,300
236952,1,300
236958,1,300
236980,1,300
237003,1,300
237012,1,300
237034,1,300
237069,1,300
237100,1,300
237173,1,300
237230,1,300
237271,1,300
237293,1,300
237347,1,300
237423,1,300
237458,1,300
237524,1,300
237555,1,300
237602,1,300
237640,1,300
237665,1,300
237677,1,300
237743,1,300
237819,1,300
237834,1,300
237888,1,300
237929,1,300
237932,1,300
237989,1,300
238020,1,300
238022,1,300
238048,1,300
238110,1,300
238121,1,300
238150,1,300
238170,1,300
238232,1,300
238294,1,300
238335,1,300
238388,1,300
238438,1,300
238473,1,300
238475,1,300
238531,1,300
238602,1,300
238640,1,300
238705,1,300
238722,1,300
238760,1,300
238810,1,300
238815,1,300
238877,1,300
238936,1,300
238944,1,300
238985,1,300
239011,1,300
239050,1,300
239055,1,300
239057,1,300
239118,1,300
239182,1,300
239198,1,300
239262,1,300
239267,1,300
239323,1,300
239387,1,300
239431,1,300
239470,1,300
239498,1,300
239542,1,300
239572,1,300
239594,1,300
239630,1,300
239641,1,300
239711,1,300
239778,1,300
239783,1,300
239830,1,300
239874,1,300
239890,1,300
239937,1,300
239945,1,300
239984,1,300
240072,1,300
240082,1,300
240161,1,300
240229,1,300
240266,1,300
240296,1,300
240306,1,300
240309,1,300
240353,1,300
240370,1,300
240397,1,300
240465,1,300
240519,1,300
240573,1,300
240597,1,300
240672,1,300
240733,1,300
240812,1,300
240829,1,300
240859,1,300
240872,1,300
240940,1,300
240943,1,300
240987,1,300
241000,1,300
241034,1,300
241072,1,300
241072,1,300
241102,1,300
241170,1,300
241246,1,300
241257,1,300
241302,1,300
241343,1,300
241388,1,300
241433,1,300
241490,1,300
241543,1,300
241577,1,300
241653,1,300
241653,1,300
241694,1,300
241758,1,300
241830,1,300
241910,1,300
241936,1,300
241989,1,300
242062,1,300
242081,1,300
242083,1,300
242134,1,300
242188,1,300
242222,1,300
242236,1,300
242284,1,300
242315,1,300
242354,1,300
242393,1,300
242458,1,300
242480,1,300
242508,1,300
242564,1,300
242569,1,300
242603,1,300
242605,1,300
242656,1,300
242704,1,300
242778,1,300
242826,1,300
242848,1,300
242867,1,300
242918,1,300
242955,1,300
242986,1,300
243068,1,300
243115,1,300
243138,1,300
243151,1,300
243182,1,300
243237,1,300
243260,1,300
243267,1,300
243319,1,300
243385,1,300
243456,1,300
243506,1,300
243545,1,300
243552,1,300
243581,1,300
243607,1,300
243651,1,300
243719,1,300
243766,1,300
243818,1,300
243878,1,300
243893,1,300
243922,1,300
243929,1,300
243952,1,300
243967,1,300
243982,1,300
244051,1,300
244085,1,300
244166,1,300
244204,1,300
244208,1,300
244272,1,300
244319,1,300
244331,1,300
244378,1,300
244395,1,300
244407,1,300
244467,1,300
244497,1,300
244583,1,300
244630,1,300
244642,1,300
244654,1,300
244748,1,300
244791,1,300
244872,1,300
244919,1,300
244962,1,300
244987,1,300
245106,1,300
245126,1,300
245131,1,300
245136,1,300
245181,1,300
245196,1,300
245251,1,300
245336,1,300
245351,1,300
245436,1,300
245476,1,300
245501,1,300
245546,1,300
245571,1,300
245571,1,300
245672,1,300
245727,1,300
245737,1,300
245757,1,300
245827,1,300
245933,1,300
245993,1,300
246041,1,300
246052,1,300
246159,1,300
246206,1,300
246277,1,300
246294,1,300
246299,1,300
246304,1,300
246357,1,300
246404,1,300
246511,1,300
246564,1,300
246593,1,300
246652,1,300
246663,1,300
246710,1,300
246793,1,300
246882,1,300
246989,1,300
246989,1,300
247063,1,300
247110,1,300
247149,1,300
247188,1,300
247219,1,300
247250,1,300
247337,1,300
247416,1,300
247447,1,300
247566,1,300
247605,1,300
247676,1,300
247802,1,300
247928,1,300
247943,1,300
247950,1,300
247989,1,300
248042,1,300
248056,1,300
248089,1,300
248124,1,300
248181,1,300
248231,1,300
248266,1,300
248308,1,300
248309,1,300
248321,1,300
248365,1,300
248398,1,300
248419,1,300
248474,1,300
248504,1,300
248527,1,300
248527,1,300
248555,1,300
248599,1,300
248647,1,300
248688,1,300
248721,1,300
248729,1,300
248771,1,300
248801,1,300
248827,1,300
248880,1,300
248935,1,300
248940,1,300
248959,1,300
248960,1,300
248974,1,300
248981,1,300
249089,1,300
249093,1,300
249101,1,300
249163,1,300
249180,1,300
249246,1,300
249286,1,300
249348,1,300
249410,1,300
249432,1,300
249467,1,300
249475,1,300
249528,1,300
249599,1,300
249674,1,300
249736,1,300
249825,1,300
249829,1,300
249904,1,300
249957,1,300
249988,1,300
250102,1,300
250145,1,300
250214,1,300
250305,1,300
250369,1,300
250390,1,300
250427,1,300
250448,1,300
250480,1,300
250533,1,300
250570,1,300
250645,1,300
250698,1,300
250741,1,300
250843,1,300
250843,1,300
250886,1,300
250902,1,300
250993,1,300
251008,1,300
251081,1,300
251163,1,300
251210,1,300
251274,1,300
251317,1,300
251351,1,300
251398,1,300
251449,1,300
251479,1,300
251548,1,300
251565,1,300
251642,1,300
251702,1,300
251710,1,300
251710,1,300
251718,1,300
251722,1,300
251795,1,300
251855,1,300
251898,1,300
251988,1,300
252005,1,300
252042,1,300
252148,1,300
252227,1,300
252248,1,300
252317,1,300
252343,1,300
252369,1,300
252470,1,300
252501,1,300
252554,1,300
252559,1,300
252638,1,300
252685,1,300
252722,1,300
252753,1,300
252832,1,300
252922,1,300
252932,1,300
252990,1,300
253104,1,300
253173,1,300
253213,1,300
253224,1,300
253229,1,300
253298,1,300
253373,1,300
253373,1,300
253466,1,300
253518,1,300
253605,1,300
253686,1,300
253686,1,300
253732,1,300
253766,1,300
253835,1,300
253904,1,300
253991,1,300
253991,1,300
254084,1,300
254133,1,300
254157,1,300
254181,1,300
254250,1,300
254339,1,300
254353,1,300
254447,1,300
254476,1,300
254510,1,300
254534,1,300
254553,1,300
254617,1,300
254631,1,300
254675,1,300
254689,1,300
254783,1,300
254877,1,300
254896,1,300
254990,1,300
255062,1,300
255065,1,300
255099,1,300
255102,1,300
255153,1,300
255177,1,300
255225,1,300
255266,1,300
255304,1,300
255348,1,300
255358,1,300
255402,1,300
255460,1,300
255511,1,300
255559,1,300
255631,1,300
255714,1,300
255738,1,300
255748,1,300
255827,1,300
255871,1,300
255922,1,300
255928,1,300
255986,1,300
256042,1,300
256126,1,300
256216,1,300
256270,1,300
256342,1,300
256451,1,300
256481,1,300
256493,1,300
256499,1,300
256529,1,300
256613,1,300
256673,1,300
256733,1,300
256823,1,300
256919,1,300
256949,1,300
256955,1,300
256991,1,300
257044,1,300
257178,1,300
257289,1,300
257333,1,300
257400,1,300
257452,1,300
257496,1,300
257622,1,300
257696,1,300
257763,1,300
257800,1,300
257800,1,300
257859,1,300
257866,1,300
257918,1,300
257925,1,300
257962,1,300
257976,1,300
257990,1,300
258027,1,300
258125,1,300
258168,1,300
258200,1,300
258260,1,300
258281,1,300
258302,1,300
258389,1,300
258389,1,300
258394,1,300
258475,1,300
258562,1,300
258572,1,300
258653,1,300
258745,1,300
258837,1,300
258924,1,300
258989,1,300
259112,1,300
259120,1,300
259160,1,300
259168,1,300
259176,1,300
259272,1,300
259320,1,300
259416,1,300
259424,1,300
259496,1,300
259625,1,300
259641,1,300
259649,1,300
259737,1,300
259793,1,300
259897,1,300
259993,1,300
260018,1,300
260058,1,300
260061,1,300
260133,1,300
260205,1,300
260261,1,300
260333,1,300
260348,1,300
260404,1,300
260454,1,300
260510,1,300
260578,1,300
260584,1,300
260590,1,300
260630,1,300
260677,1,300
260708,1,300
260767,1,300
260773,1,300
260776,1,300
260848,1,300
260873,1,300
260904,1,300
260941,1,300
260991,1,300
261109,1,300
261179,1,300
261264,1,300
261373,1,300
261443,1,300
261536,1,300
261621,1,300
261628,1,300
261667,1,300
261713,1,300
261783,1,300
261861,1,300
261923,1,300
261993,1,300
262111,1,300
262125,1,300
262214,1,300
262273,1,300
262340,1,300
262369,1,300
262458,1,300
262510,1,300
262569,1,300
262636,1,300
262725,1,300
262762,1,300
262844,1,300
262911,1,300
262948,1,300
262992,1,300
263011,1,300
263145,1,300
263167,1,300
263256,1,300
263312,1,300
263345,1,300
263468,1,300
263524,1,300
263625,1,300
263658,1,300
263714,1,300
263871,1,300
263938,1,300
263982,1,300
263993,1,300
264033,1,300
264168,1,300
264286,1,300
264370,1,300
264437,1,300
264538,1,300
264690,1,300
264774,1,300
264875,1,300
264993,1,300
265102,1,300
265175,1,300
265219,1,300
265366,1,300
265498,1,300
265600,1,300
265688,1,300
265761,1,300
265849,1,300
265878,1,300
265995,1,300
265995,1,300
266158,1,300
266284,1,300
266410,1,300
266441,1,300
266472,1,300
266503,1,300
266629,1,300
266724,1,300
266803,1,300
266898,1,300
266993,1,300
267109,1,300
267218,1,300
267236,1,300
267417,1,300
267580,1,300
267670,1,300
267706,1,300
267760,1,300
267850,1,300
267904,1,300
267994,1,300
268190,1,300
268285,1,300
268475,1,300
268570,1,300
268736,1,300
268759,1,300
268854,1,300
268996,1,300
269071,1,300
269249,1,300
269463,1,300
269713,1,300
269891,1,300
269926,1,300
269997,1,300
270100,1,300
270100,1,300
270275,1,300
270475,1,300
270600,1,300
270625,1,300
270800,1,300
271000,1,300
271100,1,300
271250,1,300
271300,1,300
271500,1,300
271750,1,300
271750,1,300
272000,1,300
272136,1,300
272226,1,300
272407,1,300
272679,1,300
272724,1,300
272860,1,300
272996,1,300
273157,1,300
273314,1,300
273524,1,300
273681,1,300
273944,1,300
273996,1,300
273996,1,300
274130,1,300
274347,1,300
274520,1,300
274520,1,300
274693,1,300
274997,1,300
274997,1,300
275142,1,300
275427,1,300
275617,1,300
275664,1,300
275711,1,300
275996,1,300
275996,1,300
276142,1,300
276213,1,300
276427,1,300
276784,1,300
276998,1,300
277500,1,300
277666,1,300
277999,1,300
278285,1,300
278570,1,300
278855,1,300
278997,1,300
279200,1,300
279600,1,300
279600,1,300
280000,1,300
280136,1,300
280363,1,300
280635,1,300
280771,1,300
280907,1,300
280997,1,300
281085,1,300
281227,1,300
281398,1,300
281426,1,300
281597,1,300
281739,1,300
281796,1,300
281996,1,300
282025,1,300
282083,1,300
282160,1,300
282243,1,300
282249,1,300
282249,1,300
282281,1,300
282313,1,300
282358,1,300
282467,1,300
282499,1,300
282537,1,300
282614,1,300
282704,1,300
282729,1,300
282793,1,300
282818,1,300
282901,1,300
282991,1,300
283063,1,300
283254,1,300
283360,1,300
283530,1,300
283615,1,300
283721,1,300
283742,1,300
283890,1,300
283975,1,300
283996,1,300
284187,1,300
284312,1,300
284624,1,300
284686,1,300
284811,1,300
284998,1,300
285263,1,300
285315,1,300
285525,1,300
285682,1,300
285945,1,300
285997,1,300
286074,1,300
286111,1,300
286111,1,300
286333,1,300
286592,1,300
286777,1,300
286999,1,300
287210,1,300
287315,1,300
287367,1,300
287682,1,300
287734,1,300
287997,1,300
288083,1,300
288249,1,300
288332,1,300
288748,1,300
288998,1,300
289000,1,300
289222,1,300
289333,1,300
289666,1,300
289999,1,300
289999,1,300
