208,1,300
333,1,300
583,1,300
624,1,300
749,1,300
999,1,300
999,1,300
1100,1,300
1100,1,300
1200,1,300
1400,1,300
1500,1,300
2000,1,300
2166,1,300
2499,1,300
2832,1,300
2915,1,300
2998,1,300
3090,1,300
3271,1,300
3452,1,300
3724,1,300
3905,1,300
3995,1,300
4071,1,300
4249,1,300
4284,1,300
4534,1,300
4748,1,300
4926,1,300
4997,1,300
5000,1,300
5125,1,300
5250,1,300
5750,1,300
6000,1,300
6000,1,300
6111,1,300
6111,1,300
6444,1,300
6999,1,300
7153,1,300
7460,1,300
7767,1,300
7843,1,300
7996,1,300
8083,1,300
8333,1,300
8666,1,300
8999,1,300
9048,1,300
9084,1,300
9096,1,300
9192,1,300
9192,1,300
9360,1,300
9396,1,300
9516,1,300
9552,1,300
9708,1,300
9804,1,300
9912,1,300
9948,1,300
9996,1,300
10166,1,300
10308,1,300
10427,1,300
10641,1,300
10712,1,300
10759,1,300
10830,1,300
10972,1,300
10995,1,300
11250,1,300
11500,1,300
11750,1,300
11900,1,300
11900,1,300
11950,1,300
12000,1,300
12194,1,300
12360,1,300
12387,1,300
12498,1,300
12609,1,300
12803,1,300
12997,1,300
13000,1,300
13076,1,300
13460,1,300
13536,1,300
13612,1,300
13996,1,300
14016,1,300
14016,1,300
14166,1,300
14332,1,300
14382,1,300
14465,1,300
14565,1,300
14698,1,300
14731,1,300
14847,1,300
14997,1,300
15238,1,300
15380,1,300
15665,1,300
15760,1,300
15855,1,300
15997,1,300
16133,1,300
16133,1,300
16333,1,300
16733,1,300
16933,1,300
16999,1,300
17000,1,300
18000,1,300
18250,1,300
18500,1,300
19000,1,300
19428,1,300
19428,1,300
19856,1,300
19998,1,300
20052,1,300
20128,1,300
20186,1,300
20244,1,300
20290,1,300
20377,1,300
20394,1,300
20452,1,300
20504,1,300
20597,1,300
20608,1,300
20707,1,300
20712,1,300
20799,1,300
20845,1,300
20897,1,300
20990,1,300
21200,1,300
21288,1,300
21421,1,300
21443,1,300
21487,1,300
21553,1,300
21730,1,300
21841,1,300
21929,1,300
21995,1,300
22162,1,300
22278,1,300
22440,1,300
22579,1,300
22648,1,300
22671,1,300
22717,1,300
22903,1,300
22996,1,300
23068,1,300
23102,1,300
23170,1,300
23445,1,300
23479,1,300
23651,1,300
23685,1,300
23857,1,300
23925,1,300
23993,1,300
24125,1,300
24250,1,300
24625,1,300
24875,1,300
25000,1,300
25205,1,300
25352,1,300
25557,1,300
25645,1,300
25733,1,300
25791,1,300
25996,1,300
26194,1,300
26388,1,300
26471,1,300
26637,1,300
26664,1,300
26719,1,300
26774,1,300
26996,1,300
27138,1,300
27360,1,300
27387,1,300
27581,1,300
27608,1,300
27608,1,300
27608,1,300
27774,1,300
27996,1,300
28208,1,300
28333,1,300
28499,1,300
28540,1,300
28665,1,300
28915,1,300
28998,1,300
29400,1,300
29400,1,300
29600,1,300
29800,1,300
30000,1,300
30068,1,300
30102,1,300
30308,1,300
30376,1,300
30582,1,300
30582,1,300
30857,1,300
30994,1,300
31375,1,300
31500,1,300
31875,1,300
32000,1,300
32076,1,300
32119,1,300
32195,1,300
32256,1,300
32274,1,300
32277,1,300
32298,1,300
32370,1,300
32420,1,300
32430,1,300
32433,1,300
32483,1,300
32541,1,300
32559,1,300
32584,1,300
32624,1,300
32693,1,300
32769,1,300
32801,1,300
32808,1,300
32833,1,300
32913,1,300
32989,1,300
33048,1,300
33156,1,300
33204,1,300
33348,1,300
33444,1,300
33480,1,300
33624,1,300
33660,1,300
33792,1,300
33900,1,300
33972,1,300
33996,1,300
33996,1,300
34063,1,300
34094,1,300
34189,1,300
34220,1,300
34315,1,300
34410,1,300
34584,1,300
34742,1,300
34868,1,300
34963,1,300
34994,1,300
35024,1,300
35145,1,300
35169,1,300
35290,1,300
35533,1,300
35606,1,300
35801,1,300
35849,1,300
35946,1,300
35994,1,300
36171,1,300
36171,1,300
36199,1,300
36399,1,300
36541,1,300
36683,1,300
36883,1,300
36997,1,300
37000,1,300
37092,1,300
37092,1,300
37110,1,300
37239,1,300
37313,1,300
37461,1,300
37646,1,300
37794,1,300
37849,1,300
37997,1,300
38150,1,300
38286,1,300
38354,1,300
38463,1,300
38476,1,300
38530,1,300
38653,1,300
38776,1,300
38817,1,300
38940,1,300
38994,1,300
39103,1,300
39206,1,300
39274,1,300
39386,1,300
39454,1,300
39505,1,300
39617,1,300
39668,1,300
39693,1,300
39805,1,300
39830,1,300
39924,1,300
39992,1,300
40163,1,300
40235,1,300
40271,1,300
40343,1,300
40433,1,300
40451,1,300
40632,1,300
40795,1,300
40904,1,300
40994,1,300
41075,1,300
41250,1,300
41425,1,300
41525,1,300
41675,1,300
41775,1,300
41900,1,300
42000,1,300
42035,1,300
42213,1,300
42338,1,300
42355,1,300
42372,1,300
42550,1,300
42710,1,300
42763,1,300
42923,1,300
42994,1,300
43047,1,300
43094,1,300
43236,1,300
43362,1,300
43504,1,300
43599,1,300
43725,1,300
43725,1,300
43867,1,300
43993,1,300
44003,1,300
44013,1,300
44045,1,300
44121,1,300
44150,1,300
44190,1,300
44200,1,300
44221,1,300
44294,1,300
44334,1,300
44385,1,300
44432,1,300
44494,1,300
44537,1,300
44555,1,300
44617,1,300
44638,1,300
44638,1,300
44645,1,300
44703,1,300
44732,1,300
44808,1,300
44903,1,300
44921,1,300
44950,1,300
44986,1,300
45081,1,300
45115,1,300
45119,1,300
45205,1,300
45205,1,300
45239,1,300
45307,1,300
45341,1,300
45431,1,300
45465,1,300
45516,1,300
45550,1,300
45631,1,300
45656,1,300
45694,1,300
45750,1,300
45806,1,300
45810,1,300
45878,1,300
45908,1,300
45959,1,300
45989,1,300
46070,1,300
46155,1,300
46205,1,300
46225,1,300
46250,1,300
46310,1,300
46375,1,300
46410,1,300
46500,1,300
46560,1,300
46570,1,300
46575,1,300
46600,1,300
46610,1,300
46655,1,300
46750,1,300
46775,1,300
46815,1,300
46825,1,300
46915,1,300
46995,1,300
47071,1,300
47164,1,300
47219,1,300
47224,1,300
47235,1,300
47312,1,300
47383,1,300
47465,1,300
47509,1,300
47547,1,300
47591,1,300
47629,1,300
47711,1,300
47782,1,300
47798,1,300
47880,1,300
47929,1,300
47984,1,300
47989,1,300
48108,1,300
48156,1,300
48216,1,300
48264,1,300
48342,1,300
48354,1,300
48402,1,300
48456,1,300
48516,1,300
48606,1,300
48612,1,300
48726,1,300
48732,1,300
48792,1,300
48822,1,300
48840,1,300
48906,1,300
48984,1,300
48996,1,300
49048,1,300
49144,1,300
49168,1,300
49168,1,300
49254,1,300
49268,1,300
49292,1,300
49383,1,300
49426,1,300
49527,1,300
49570,1,300
49656,1,300
49689,1,300
49746,1,300
49750,1,300
49783,1,300
49783,1,300
49821,1,300
49859,1,300
49892,1,300
49978,1,300
49987,1,300
50082,1,300
50125,1,300
50174,1,300
50212,1,300
50299,1,300
50375,1,300
50418,1,300
50428,1,300
50455,1,300
50471,1,300
50547,1,300
50590,1,300
50628,1,300
50699,1,300
50786,1,300
50846,1,300
50884,1,300
50905,1,300
50987,1,300
51101,1,300
51112,1,300
51117,1,300
51117,1,300
51224,1,300
51274,1,300
51386,1,300
51448,1,300
51549,1,300
51645,1,300
51678,1,300
51711,1,300
51711,1,300
51727,1,300
51834,1,300
51896,1,300
51907,1,300
51907,1,300
51918,1,300
51991,1,300
51991,1,300
52046,1,300
52085,1,300
52186,1,300
52256,1,300
52271,1,300
52325,1,300
52403,1,300
52465,1,300
52582,1,300
52652,1,300
52730,1,300
52769,1,300
52808,1,300
52831,1,300
52846,1,300
52885,1,300
52994,1,300
53053,1,300
53106,1,300
53132,1,300
53194,1,300
53265,1,300
53318,1,300
53344,1,300
53442,1,300
53575,1,300
53717,1,300
53752,1,300
53778,1,300
53849,1,300
53902,1,300
53919,1,300
53990,1,300
54021,1,300
54075,1,300
54118,1,300
54128,1,300
54165,1,300
54267,1,300
54337,1,300
54347,1,300
54411,1,300
54454,1,300
54545,1,300
54577,1,300
54609,1,300
54695,1,300
54738,1,300
54775,1,300
54791,1,300
54791,1,300
54861,1,300
54969,1,300
54990,1,300
55032,1,300
55097,1,300
55146,1,300
55228,1,300
55304,1,300
55325,1,300
55374,1,300
55379,1,300
55466,1,300
55537,1,300
55630,1,300
55690,1,300
55755,1,300
55831,1,300
55852,1,300
55901,1,300
55988,1,300
56002,1,300
56049,1,300
56077,1,300
56119,1,300
56146,1,300
56194,1,300
56231,1,300
56273,1,300
56289,1,300
56326,1,300
56344,1,300
56391,1,300
56419,1,300
56469,1,300
56506,1,300
56516,1,300
56551,1,300
56578,1,300
56586,1,300
56614,1,300
56653,1,300
56665,1,300
56677,1,300
56719,1,300
56720,1,300
56733,1,300
56756,1,300
56761,1,300
56807,1,300
56832,1,300
56863,1,300
56868,1,300
56886,1,300
56933,1,300
56942,1,300
56967,1,300
56983,1,300
57068,1,300
57124,1,300
57141,1,300
57197,1,300
57233,1,300
57264,1,300
57312,1,300
57314,1,300
57353,1,300
57372,1,300
57443,1,300
57454,1,300
57499,1,300
57530,1,300
57555,1,300
57569,1,300
57614,1,300
57625,1,300
57687,1,300
57760,1,300
57822,1,300
57824,1,300
57838,1,300
57872,1,300
57883,1,300
57917,1,300
57988,1,300
58009,1,300
58051,1,300
58093,1,300
58142,1,300
58184,1,300
58214,1,300
58258,1,300
58312,1,300
58356,1,300
58407,1,300
58451,1,300
58514,1,300
58530,1,300
58572,1,300
58612,1,300
58640,1,300
58687,1,300
58691,1,300
58721,1,300
58735,1,300
58786,1,300
58802,1,300
58856,1,300
58860,1,300
58871,1,300
58892,1,300
58927,1,300
58988,1,300
59043,1,300
59109,1,300
59155,1,300
59181,1,300
59230,1,300
59258,1,300
59292,1,300
59344,1,300
59378,1,300
59433,1,300
59456,1,300
59467,1,300
59498,1,300
59550,1,300
59616,1,300
59633,1,300
59676,1,300
59722,1,300
59756,1,300
59782,1,300
59845,1,300
59908,1,300
59968,1,300
59988,1,300
60056,1,300
60123,1,300
60171,1,300
60203,1,300
60205,1,300
60261,1,300
60269,1,300
60309,1,300
60349,1,300
60392,1,300
60438,1,300
60508,1,300
60573,1,300
60583,1,300
60620,1,300
60647,1,300
60690,1,300
60746,1,300
60751,1,300
60816,1,300
60856,1,300
60874,1,300
60941,1,300
60965,1,300
60965,1,300
60981,1,300
60986,1,300
61044,1,300
61072,1,300
61145,1,300
61179,1,300
61207,1,300
61260,1,300
61336,1,300
61374,1,300
61380,1,300
61430,1,300
61493,1,300
61496,1,300
61502,1,300
61508,1,300
61561,1,300
61586,1,300
61620,1,300
61658,1,300
61689,1,300
61765,1,300
61790,1,300
61831,1,300
61856,1,300
61894,1,300
61967,1,300
61989,1,300
62035,1,300
62076,1,300
62090,1,300
62107,1,300
62151,1,300
62183,1,300
62194,1,300
62244,1,300
62255,1,300
62293,1,300
62307,1,300
62318,1,300
62362,1,300
62433,1,300
62495,1,300
62572,1,300
62583,1,300
62633,1,300
62707,1,300
62748,1,300
62777,1,300
62830,1,300
62895,1,300
62903,1,300
62968,1,300
62982,1,300
63065,1,300
63112,1,300
63192,1,300
63263,1,300
63265,1,300
63321,1,300
63341,1,300
63403,1,300
63456,1,300
63458,1,300
63472,1,300
63504,1,300
63521,1,300
63529,1,300
63537,1,300
63584,1,300
63589,1,300
63651,1,300
63674,1,300
63679,1,300
63679,1,300
63717,1,300
63779,1,300
63814,1,300
63876,1,300
63923,1,300
63982,1,300
64031,1,300
64103,1,300
64154,1,300
64217,1,300
64257,1,300
64277,1,300
64337,1,300
64354,1,300
64388,1,300
64442,1,300
64465,1,300
64522,1,300
64565,1,300
64602,1,300
64622,1,300
64627,1,300
64661,1,300
64692,1,300
64740,1,300
64791,1,300
64802,1,300
64874,1,300
64899,1,300
64910,1,300
64935,1,300
64986,1,300
65067,1,300
65080,1,300
65117,1,300
65168,1,300
65235,1,300
65259,1,300
65275,1,300
65288,1,300
65349,1,300
65365,1,300
65421,1,300
65437,1,300
65496,1,300
65536,1,300
65552,1,300
65608,1,300
65651,1,300
65702,1,300
65728,1,300
65744,1,300
65789,1,300
65832,1,300
65853,1,300
65898,1,300
65951,1,300
65988,1,300
66062,1,300
66081,1,300
66130,1,300
66192,1,300
66227,1,300
66246,1,300
66288,1,300
66310,1,300
66355,1,300
66381,1,300
66416,1,300
66445,1,300
66520,1,300
66546,1,300
66555,1,300
66597,1,300
66623,1,300
66623,1,300
66639,1,300
66701,1,300
66776,1,300
66831,1,300
66873,1,300
66912,1,300
66990,1,300
67035,1,300
67094,1,300
67108,1,300
67158,1,300
67172,1,300
67217,1,300
67276,1,300
67287,1,300
67339,1,300
67384,1,300
67395,1,300
67409,1,300
67432,1,300
67463,1,300
67494,1,300
67513,1,300
67565,1,300
67591,1,300
67617,1,300
67643,1,300
67700,1,300
67733,1,300
67797,1,300
67797,1,300
67835,1,300
67899,1,300
67951,1,300
67984,1,300
68017,1,300
68031,1,300
68056,1,300
68088,1,300
68121,1,300
68142,1,300
68172,1,300
68176,1,300
68201,1,300
68217,1,300
68240,1,300
68274,1,300
68297,1,300
68326,1,300
68352,1,300
68371,1,300
68405,1,300
68408,1,300
68413,1,300
68416,1,300
68422,1,300
68440,1,300
68461,1,300
68482,1,300
68498,1,300
68510,1,300
68519,1,300
68547,1,300
68561,1,300
68574,1,300
68609,1,300
68615,1,300
68650,1,300
68680,1,300
68702,1,300
68721,1,300
68746,1,300
68765,1,300
68792,1,300
68808,1,300
68818,1,300
68851,1,300
68876,1,300
68883,1,300
68908,1,300
68934,1,300
68968,1,300
68975,1,300
69039,1,300
69049,1,300
69056,1,300
69070,1,300
69104,1,300
69139,1,300
69172,1,300
69205,1,300
69216,1,300
69239,1,300
69244,1,300
69292,1,300
69321,1,300
69340,1,300
69384,1,300
69432,1,300
69460,1,300
69488,1,300
69536,1,300
69566,1,300
69573,1,300
69622,1,300
69652,1,300
69653,1,300
69669,1,300
69679,1,300
69691,1,300
69698,1,300
69738,1,300
69777,1,300
69784,1,300
69809,1,300
69857,1,300
69887,1,300
69899,1,300
69902,1,300
69948,1,300
69969,1,300
69975,1,300
69980,1,300
70031,1,300
70070,1,300
70079,1,300
70082,1,300
70091,1,300
70132,1,300
70167,1,300
70178,1,300
70188,1,300
70209,1,300
70244,1,300
70281,1,300
70296,1,300
70327,1,300
70371,1,300
70403,1,300
70444,1,300
70470,1,300
70493,1,300
70513,1,300
70526,1,300
70551,1,300
70586,1,300
70599,1,300
70621,1,300
70664,1,300
70664,1,300
70708,1,300
70739,1,300
70777,1,300
70820,1,300
70854,1,300
70874,1,300
70911,1,300
70950,1,300
70951,1,300
70968,1,300
70983,1,300
71031,1,300
71040,1,300
71080,1,300
71099,1,300
71114,1,300
71116,1,300
71130,1,300
71155,1,300
71187,1,300
71224,1,300
71256,1,300
71292,1,300
71327,1,300
71330,1,300
71378,1,300
71400,1,300
71435,1,300
71455,1,300
71455,1,300
71490,1,300
71518,1,300
71553,1,300
71580,1,300
71628,1,300
71628,1,300
71648,1,300
71673,1,300
71721,1,300
71732,1,300
71748,1,300
71757,1,300
71775,1,300
71802,1,300
71835,1,300
71855,1,300
71883,1,300
71916,1,300
71952,1,300
71984,1,300
72049,1,300
72050,1,300
72059,1,300
72124,1,300
72129,1,300
72165,1,300
72212,1,300
72235,1,300
72249,1,300
72299,1,300
72299,1,300
72328,1,300
72338,1,300
72338,1,300
72399,1,300
72404,1,300
72460,1,300
72470,1,300
72506,1,300
72547,1,300
72548,1,300
72555,1,300
72578,1,300
72630,1,300
72695,1,300
72705,1,300
72766,1,300
72809,1,300
72830,1,300
72871,1,300
72876,1,300
72914,1,300
72941,1,300
72960,1,300
72976,1,300
72983,1,300
73042,1,300
73049,1,300
73063,1,300
73087,1,300
73119,1,300
73167,1,300
73194,1,300
73212,1,300
73246,1,300
73290,1,300
73317,1,300
73332,1,300
73343,1,300
73391,1,300
73392,1,300
73419,1,300
73467,1,300
73501,1,300
73540,1,300
73567,1,300
73618,1,300
73660,1,300
73665,1,300
73677,1,300
73702,1,300
73754,1,300
73778,1,300
73803,1,300
73828,1,300
73832,1,300
73833,1,300
73844,1,300
73868,1,300
73880,1,300
73915,1,300
73930,1,300
73948,1,300
73983,1,300
74049,1,300
74101,1,300
74148,1,300
74191,1,300
74198,1,300
74223,1,300
74266,1,300
74315,1,300
74323,1,300
74366,1,300
74406,1,300
74419,1,300
74429,1,300
74472,1,300
74494,1,300
74496,1,300
74507,1,300
74514,1,300
74558,1,300
74560,1,300
74576,1,300
74629,1,300
74660,1,300
74695,1,300
74697,1,300
74749,1,300
74753,1,300
74755,1,300
74784,1,300
74812,1,300
74823,1,300
74824,1,300
74844,1,300
74873,1,300
74917,1,300
74958,1,300
74975,1,300
75035,1,300
75059,1,300
75091,1,300
75122,1,300
75141,1,300
75165,1,300
75203,1,300
75242,1,300
75261,1,300
75300,1,300
75344,1,300
75350,1,300
75369,1,300
75381,1,300
75416,1,300
75459,1,300
75495,1,300
75535,1,300
75573,1,300
75594,1,300
75623,1,300
75652,1,300
75661,1,300
75685,1,300
75720,1,300
75736,1,300
75752,1,300
75792,1,300
75796,1,300
75831,1,300
75847,1,300
75870,1,300
75880,1,300
75914,1,300
75937,1,300
75983,1,300
76044,1,300
76057,1,300
76071,1,300
76095,1,300
76101,1,300
76144,1,300
76192,1,300
76224,1,300
76230,1,300
76258,1,300
76288,1,300
76333,1,300
76373,1,300
76416,1,300
76431,1,300
76453,1,300
76459,1,300
76500,1,300
76513,1,300
76558,1,300
76561,1,300
76577,1,300
76620,1,300
76659,1,300
76702,1,300
76728,1,300
76764,1,300
76769,1,300
76814,1,300
76842,1,300
76888,1,300
76931,1,300
76934,1,300
76936,1,300
76937,1,300
76977,1,300
76983,1,300
77012,1,300
77042,1,300
77080,1,300
77113,1,300
77151,1,300
77153,1,300
77190,1,300
77208,1,300
77249,1,300
77249,1,300
77256,1,300
77292,1,300
77323,1,300
77341,1,300
77379,1,300
77385,1,300
77414,1,300
77426,1,300
77449,1,300
77463,1,300
77471,1,300
77511,1,300
77549,1,300
77575,1,300
77606,1,300
77620,1,300
77649,1,300
77690,1,300
77733,1,300
77774,1,300
77800,1,300
77826,1,300
77853,1,300
77897,1,300
77934,1,300
77961,1,300
77982,1,300
78039,1,300
78090,1,300
78123,1,300
78167,1,300
78180,1,300
78209,1,300
78221,1,300
78239,1,300
78258,1,300
78280,1,300
78322,1,300
78351,1,300
78355,1,300
78364,1,300
78377,1,300
78419,1,300
78431,1,300
78458,1,300
78499,1,300
78538,1,300
78544,1,300
78565,1,300
78618,1,300
78659,1,300
78703,1,300
78748,1,300
78751,1,300
78769,1,300
78814,1,300
78820,1,300
78845,1,300
78870,1,300
78895,1,300
78936,1,300
78983,1,300
79036,1,300
79099,1,300
79099,1,300
79115,1,300
79122,1,300
79140,1,300
79196,1,300
79232,1,300
79266,1,300
79304,1,300
79361,1,300
79379,1,300
79380,1,300
79387,1,300
79401,1,300
79404,1,300
79438,1,300
79448,1,300
79464,1,300
79489,1,300
79489,1,300
79517,1,300
79520,1,300
79565,1,300
79583,1,300
79624,1,300
79685,1,300
79703,1,300
79746,1,300
79760,1,300
79817,1,300
79844,1,300
79862,1,300
79921,1,300
79948,1,300
79986,1,300
80018,1,300
80020,1,300
80024,1,300
80031,1,300
80055,1,300
80067,1,300
80100,1,300
80103,1,300
80117,1,300
80125,1,300
80144,1,300
80167,1,300
80197,1,300
80206,1,300
80233,1,300
80251,1,300
80275,1,300
80284,1,300
80302,1,300
80307,1,300
80329,1,300
80350,1,300
80353,1,300
80391,1,300
80424,1,300
80446,1,300
80484,1,300
80505,1,300
80515,1,300
80521,1,300
80528,1,300
80543,1,300
80564,1,300
80579,1,300
80604,1,300
80640,1,300
80647,1,300
80664,1,300
80666,1,300
80689,1,300
80725,1,300
80727,1,300
80749,1,300
80770,1,300
80777,1,300
80802,1,300
80836,1,300
80869,1,300
80874,1,300
80904,1,300
80941,1,300
80976,1,300
81016,1,300
81037,1,300
81078,1,300
81091,1,300
81100,1,300
81130,1,300
81161,1,300
81179,1,300
81220,1,300
81232,1,300
81260,1,300
81271,1,300
81275,1,300
81294,1,300
81296,1,300
81304,1,300
81331,1,300
81341,1,300
81355,1,300
81382,1,300
81417,1,300
81459,1,300
81499,1,300
81532,1,300
81558,1,300
81589,1,300
81620,1,300
81661,1,300
81690,1,300
81704,1,300
81728,1,300
81746,1,300
81789,1,300
81811,1,300
81834,1,300
81871,1,300
81910,1,300
81926,1,300
81934,1,300
81935,1,300
81960,1,300
81979,1,300
82000,1,300
82004,1,300
82023,1,300
82044,1,300
82062,1,300
82084,1,300
82115,1,300
82126,1,300
82159,1,300
82187,1,300
82194,1,300
82197,1,300
82224,1,300
82263,1,300
82275,1,300
82311,1,300
82335,1,300
82372,1,300
82419,1,300
82439,1,300
82450,1,300
82491,1,300
82529,1,300
82540,1,300
82576,1,300
82580,1,300
82609,1,300
82621,1,300
82627,1,300
82666,1,300
82692,1,300
82701,1,300
82745,1,300
82774,1,300
82801,1,300
82804,1,300
82808,1,300
82856,1,300
82867,1,300
82888,1,300
82914,1,300
82932,1,300
82979,1,300
82981,1,300
83000,1,300
83029,1,300
83060,1,300
83096,1,300
83096,1,300
83138,1,300
83181,1,300
83212,1,300
83238,1,300
83281,1,300
83282,1,300
83320,1,300
83362,1,300
83374,1,300
83406,1,300
83419,1,300
83431,1,300
83454,1,300
83475,1,300
83502,1,300
83506,1,300
83510,1,300
83527,1,300
83542,1,300
83584,1,300
83622,1,300
83641,1,300
83645,1,300
83671,1,300
83704,1,300
83713,1,300
83746,1,300
83763,1,300
83797,1,300
83838,1,300
83874,1,300
83879,1,300
83898,1,300
83926,1,300
83947,1,300
83958,1,300
83978,1,300
84019,1,300
84065,1,300
84099,1,300
84141,1,300
84177,1,300
84196,1,300
84226,1,300
84235,1,300
84245,1,300
84252,1,300
84290,1,300
84319,1,300
84348,1,300
84385,1,300
84414,1,300
84441,1,300
84479,1,300
84517,1,300
84562,1,300
84580,1,300
84597,1,300
84623,1,300
84629,1,300
84632,1,300
84634,1,300
84672,1,300
84718,1,300
84719,1,300
84728,1,300
84732,1,300
84766,1,300
84811,1,300
84823,1,300
84837,1,300
84866,1,300
84870,1,300
84907,1,300
84944,1,300
84981,1,300
85032,1,300
85056,1,300
85086,1,300
85137,1,300
85147,1,300
85165,1,300
85169,1,300
85192,1,300
85238,1,300
85240,1,300
85258,1,300
85294,1,300
85299,1,300
85331,1,300
85332,1,300
85336,1,300
85372,1,300
85402,1,300
85454,1,300
85478,1,300
85511,1,300
85563,1,300
85570,1,300
85577,1,300
85600,1,300
85620,1,300
85637,1,300
85690,1,300
85708,1,300
85715,1,300
85744,1,300
85787,1,300
85792,1,300
85810,1,300
85820,1,300
85830,1,300
85863,1,300
85884,1,300
85902,1,300
85944,1,300
85958,1,300
85978,1,300
86052,1,300
86094,1,300
86126,1,300
86144,1,300
86191,1,300
86241,1,300
86267,1,300
86270,1,300
86277,1,300
86279,1,300
86296,1,300
86301,1,300
86311,1,300
86338,1,300
86351,1,300
86386,1,300
86391,1,300
86408,1,300
86413,1,300
86455,1,300
86477,1,300
86488,1,300
86531,1,300
86565,1,300
86615,1,300
86642,1,300
86669,1,300
86723,1,300
86750,1,300
86761,1,300
86805,1,300
86832,1,300
86833,1,300
86834,1,300
86834,1,300
86856,1,300
86867,1,300
86901,1,300
86929,1,300
86946,1,300
86981,1,300
87017,1,300
87059,1,300
87067,1,300
87090,1,300
87117,1,300
87130,1,300
87171,1,300
87199,1,300
87237,1,300
87280,1,300
87285,1,300
87291,1,300
87332,1,300
87373,1,300
87407,1,300
87416,1,300
87423,1,300
87430,1,300
87442,1,300
87451,1,300
87466,1,300
87470,1,300
87504,1,300
87544,1,300
87560,1,300
87578,1,300
87609,1,300
87641,1,300
87681,1,300
87709,1,300
87710,1,300
87740,1,300
87745,1,300
87761,1,300
87776,1,300
87799,1,300
87844,1,300
87863,1,300
87904,1,300
87945,1,300
87976,1,300
87980,1,300
88033,1,300
88074,1,300
88113,1,300
88122,1,300
88151,1,300
88154,1,300
88171,1,300
88188,1,300
88223,1,300
88225,1,300
88244,1,300
88254,1,300
88270,1,300
88302,1,300
88313,1,300
88334,1,300
88335,1,300
88372,1,300
88393,1,300
88433,1,300
88475,1,300
88508,1,300
88522,1,300
88559,1,300
88596,1,300
88604,1,300
88624,1,300
88670,1,300
88695,1,300
88705,1,300
88717,1,300
88746,1,300
88780,1,300
88816,1,300
88821,1,300
88862,1,300
88865,1,300
88908,1,300
88944,1,300
88979,1,300
89002,1,300
89008,1,300
89028,1,300
89076,1,300
89082,1,300
89098,1,300
89131,1,300
89154,1,300
89163,1,300
89211,1,300
89249,1,300
89286,1,300
89324,1,300
89353,1,300
89384,1,300
89414,1,300
89449,1,300
89468,1,300
89510,1,300
89515,1,300
89531,1,300
89557,1,300
89595,1,300
89619,1,300
89624,1,300
89659,1,300
89706,1,300
89715,1,300
89734,1,300
89774,1,300
89794,1,300
89834,1,300
89882,1,300
89897,1,300
89917,1,300
89922,1,300
89946,1,300
89979,1,300
90024,1,300
90052,1,300
90069,1,300
90107,1,300
90112,1,300
90118,1,300
90146,1,300
90188,1,300
90196,1,300
90223,1,300
90248,1,300
90252,1,300
90282,1,300
90308,1,300
90317,1,300
90335,1,300
90370,1,300
90371,1,300
90408,1,300
90409,1,300
90454,1,300
90501,1,300
90513,1,300
90517,1,300
90551,1,300
90575,1,300
90595,1,300
90640,1,300
90683,1,300
90722,1,300
90741,1,300
90746,1,300
90780,1,300
90815,1,300
90825,1,300
90858,1,300
90901,1,300
90933,1,300
90935,1,300
90955,1,300
90978,1,300
91054,1,300
91078,1,300
91078,1,300
91096,1,300
91097,1,300
91150,1,300
91161,1,300
91214,1,300
91231,1,300
91265,1,300
91298,1,300
91325,1,300
91369,1,300
91369,1,300
91417,1,300
91451,1,300
91505,1,300
91505,1,300
91515,1,300
91545,1,300
91562,1,300
91599,1,300
91606,1,300
91628,1,300
91671,1,300
91672,1,300
91713,1,300
91760,1,300
91762,1,300
91784,1,300
91824,1,300
91852,1,300
91893,1,300
91894,1,300
91918,1,300
91919,1,300
91933,1,300
91970,1,300
91984,1,300
92024,1,300
92026,1,300
92058,1,300
92069,1,300
92087,1,300
92095,1,300
92113,1,300
92140,1,300
92143,1,300
92151,1,300
92159,1,300
92171,1,300
92198,1,300
92215,1,300
92239,1,300
92241,1,300
92244,1,300
92255,1,300
92282,1,300
92298,1,300
92308,1,300
92308,1,300
92315,1,300
92340,1,300
92371,1,300
92379,1,300
92404,1,300
92420,1,300
92446,1,300
92447,1,300
92463,1,300
92491,1,300
92495,1,300
92512,1,300
92526,1,300
92547,1,300
92556,1,300
92571,1,300
92587,1,300
92617,1,300
92644,1,300
92652,1,300
92660,1,300
92682,1,300
92693,1,300
92711,1,300
92734,1,300
92759,1,300
92782,1,300
92797,1,300
92828,1,300
92848,1,300
92856,1,300
92878,1,300
92904,1,300
92920,1,300
92927,1,300
92954,1,300
92965,1,300
92969,1,300
92972,1,300
93032,1,300
93049,1,300
93094,1,300
93130,1,300
93134,1,300
93158,1,300
93169,1,300
93211,1,300
93247,1,300
93289,1,300
93315,1,300
93336,1,300
93352,1,300
93354,1,300
93367,1,300
93384,1,300
93395,1,300
93427,1,300
93436,1,300
93437,1,300
93468,1,300
93476,1,300
93497,1,300
93524,1,300
93547,1,300
93567,1,300
93603,1,300
93605,1,300
93632,1,300
93676,1,300
93695,1,300
93700,1,300
93734,1,300
93737,1,300
93749,1,300
93788,1,300
93802,1,300
93812,1,300
93833,1,300
93853,1,300
93875,1,300
93896,1,300
93938,1,300
93973,1,300
93979,1,300
94040,1,300
94041,1,300
94052,1,300
94068,1,300
94081,1,300
94113,1,300
94118,1,300
94162,1,300
94188,1,300
94226,1,300
94253,1,300
94283,1,300
94287,1,300
94329,1,300
94369,1,300
94393,1,300
94401,1,300
94422,1,300
94440,1,300
94466,1,300
94470,1,300
94513,1,300
94527,1,300
94555,1,300
94575,1,300
94579,1,300
94613,1,300
94625,1,300
94634,1,300
94679,1,300
94699,1,300
94708,1,300
94719,1,300
94742,1,300
94784,1,300
94792,1,300
94817,1,300
94863,1,300
94889,1,300
94911,1,300
94923,1,300
94931,1,300
94972,1,300
94976,1,300
95042,1,300
95084,1,300
95110,1,300
95148,1,300
95178,1,300
95210,1,300
95218,1,300
95226,1,300
95235,1,300
95265,1,300
95278,1,300
95317,1,300
95337,1,300
95343,1,300
95364,1,300
95365,1,300
95366,1,300
95414,1,300
95415,1,300
95459,1,300
95462,1,300
95483,1,300
95534,1,300
95555,1,300
95597,1,300
95601,1,300
95633,1,300
95635,1,300
95648,1,300
95650,1,300
95699,1,300
95741,1,300
95766,1,300
95786,1,300
95794,1,300
95809,1,300
95827,1,300
95852,1,300
95854,1,300
95856,1,300
95905,1,300
95954,1,300
95982,1,300
96042,1,300
96080,1,300
96113,1,300
96148,1,300
96170,1,300
96186,1,300
96208,1,300
96230,1,300
96270,1,300
96312,1,300
96322,1,300
96327,1,300
96335,1,300
96345,1,300
96364,1,300
96394,1,300
96397,1,300
96435,1,300
96458,1,300
96497,1,300
96503,1,300
96543,1,300
96576,1,300
96616,1,300
96630,1,300
96664,1,300
96679,1,300
96685,1,300
96716,1,300
96742,1,300
96757,1,300
96779,1,300
96801,1,300
96804,1,300
96819,1,300
96862,1,300
96894,1,300
96920,1,300
96929,1,300
96939,1,300
96979,1,300
97027,1,300
97037,1,300
97071,1,300
97107,1,300
97136,1,300
97158,1,300
97172,1,300
97190,1,300
97202,1,300
97230,1,300
97245,1,300
97278,1,300
97279,1,300
97314,1,300
97337,1,300
97371,1,300
97393,1,300
97399,1,300
97443,1,300
97450,1,300
97484,1,300
97507,1,300
97509,1,300
97542,1,300
97585,1,300
97626,1,300
97651,1,300
97666,1,300
97690,1,300
97695,1,300
97731,1,300
97773,1,300
97779,1,300
97809,1,300
97849,1,300
97887,1,300
97904,1,300
97904,1,300
97929,1,300
97943,1,300
97981,1,300
98030,1,300
98061,1,300
98098,1,300
98118,1,300
98149,1,300
98168,1,300
98197,1,300
98213,1,300
98223,1,300
98250,1,300
98256,1,300
98266,1,300
98293,1,300
98303,1,300
98345,1,300
98383,1,300
98388,1,300
98402,1,300
98443,1,300
98473,1,300
98489,1,300
98523,1,300
98555,1,300
98574,1,300
98603,1,300
98622,1,300
98657,1,300
98678,1,300
98713,1,300
98732,1,300
98760,1,300
98762,1,300
98794,1,300
98795,1,300
98835,1,300
98838,1,300
98854,1,300
98875,1,300
98915,1,300
98951,1,300
98975,1,300
99031,1,300
99046,1,300
99073,1,300
99113,1,300
99140,1,300
99142,1,300
99164,1,300
99201,1,300
99217,1,300
99242,1,300
99253,1,300
99255,1,300
99282,1,300
99323,1,300
99349,1,300
99355,1,300
99383,1,300
99392,1,300
99397,1,300
99397,1,300
99425,1,300
99431,1,300
99447,1,300
99484,1,300
99522,1,300
99567,1,300
99570,1,300
99611,1,300
99655,1,300
99699,1,300
99739,1,300
99742,1,300
99768,1,300
99795,1,300
99820,1,300
99831,1,300
99868,1,300
99869,1,300
99896,1,300
99912,1,300
99939,1,300
99980,1,300
100009,1,300
100038,1,300
100067,1,300
100067,1,300
100080,1,300
100105,1,300
100107,1,300
100141,1,300
100185,1,300
100215,1,300
100265,1,300
100281,1,300
100304,1,300
100337,1,300
100374,1,300
100378,1,300
100404,1,300
100426,1,300
100449,1,300
100497,1,300
100534,1,300
100538,1,300
100570,1,300
100618,1,300
100665,1,300
100670,1,300
100690,1,300
100712,1,300
100741,1,300
100791,1,300
100839,1,300
100875,1,300
100881,1,300
100914,1,300
100951,1,300
100971,1,300
100980,1,300
101028,1,300
101070,1,300
101106,1,300
101125,1,300
101159,1,300
101187,1,300
101214,1,300
101237,1,300
101258,1,300
101290,1,300
101291,1,300
101305,1,300
101318,1,300
101359,1,300
101380,1,300
101380,1,300
101419,1,300
101438,1,300
101473,1,300
101517,1,300
101533,1,300
101556,1,300
101565,1,300
101601,1,300
101631,1,300
101634,1,300
101672,1,300
101716,1,300
101749,1,300
101791,1,300
101829,1,300
101849,1,300
101868,1,300
101876,1,300
101877,1,300
101886,1,300
101913,1,300
101938,1,300
101984,1,300
102029,1,300
102073,1,300
102102,1,300
102110,1,300
102151,1,300
102157,1,300
102193,1,300
102209,1,300
102218,1,300
102228,1,300
102242,1,300
102272,1,300
102292,1,300
102314,1,300
102360,1,300
102397,1,300
102421,1,300
102446,1,300
102494,1,300
102531,1,300
102539,1,300
102584,1,300
102602,1,300
102620,1,300
102637,1,300
102653,1,300
102675,1,300
102711,1,300
102725,1,300
102769,1,300
102806,1,300
102852,1,300
102874,1,300
102896,1,300
102934,1,300
102982,1,300
103006,1,300
103030,1,300
103069,1,300
103100,1,300
103103,1,300
103107,1,300
103158,1,300
103183,1,300
103196,1,300
103200,1,300
103215,1,300
103239,1,300
103243,1,300
103282,1,300
103301,1,300
103334,1,300
103376,1,300
103404,1,300
103410,1,300
103455,1,300
103483,1,300
103533,1,300
103575,1,300
103609,1,300
103616,1,300
103640,1,300
103674,1,300
103678,1,300
103717,1,300
103763,1,300
103811,1,300
103864,1,300
103914,1,300
103926,1,300
103951,1,300
103984,1,300
104020,1,300
104051,1,300
104067,1,300
104088,1,300
104101,1,300
104139,1,300
104151,1,300
104161,1,300
104191,1,300
104217,1,300
104251,1,300
104280,1,300
104308,1,300
104350,1,300
104393,1,300
104417,1,300
104424,1,300
104447,1,300
104476,1,300
104478,1,300
104494,1,300
104511,1,300
104515,1,300
104548,1,300
104566,1,300
104570,1,300
104579,1,300
104597,1,300
104607,1,300
104645,1,300
104658,1,300
104693,1,300
104737,1,300
104772,1,300
104808,1,300
104833,1,300
104845,1,300
104870,1,300
104871,1,300
104910,1,300
104955,1,300
104960,1,300
104963,1,300
104987,1,300
104995,1,300
105009,1,300
105039,1,300
105043,1,300
105082,1,300
105082,1,300
105131,1,300
105170,1,300
105217,1,300
105221,1,300
105260,1,300
105278,1,300
105308,1,300
105357,1,300
105407,1,300
105457,1,300
105498,1,300
105531,1,300
105557,1,300
105602,1,300
105624,1,300
105639,1,300
105658,1,300
105710,1,300
105740,1,300
105759,1,300
105760,1,300
105775,1,300
105799,1,300
105835,1,300
105842,1,300
105864,1,300
105905,1,300
105941,1,300
105982,1,300
106022,1,300
106027,1,300
106076,1,300
106104,1,300
106151,1,300
106186,1,300
106205,1,300
106233,1,300
106283,1,300
106330,1,300
106372,1,300
106391,1,300
106422,1,300
106441,1,300
106442,1,300
106473,1,300
106529,1,300
106576,1,300
106591,1,300
106647,1,300
106699,1,300
106725,1,300
106744,1,300
106745,1,300
106773,1,300
106806,1,300
106811,1,300
106860,1,300
106860,1,300
106914,1,300
106919,1,300
106966,1,300
106988,1,300
107043,1,300
107073,1,300
107097,1,300
107108,1,300
107111,1,300
107139,1,300
107173,1,300
107228,1,300
107252,1,300
107284,1,300
107329,1,300
107380,1,300
107391,1,300
107442,1,300
107493,1,300
107517,1,300
107568,1,300
107607,1,300
107612,1,300
107665,1,300
107683,1,300
107688,1,300
107718,1,300
107746,1,300
107804,1,300
107836,1,300
107839,1,300
107846,1,300
107891,1,300
107942,1,300
107985,1,300
108007,1,300
108022,1,300
108029,1,300
108051,1,300
108076,1,300
108076,1,300
108108,1,300
108115,1,300
108160,1,300
108232,1,300
108234,1,300
108291,1,300
108303,1,300
108335,1,300
108355,1,300
108410,1,300
108432,1,300
108472,1,300
108527,1,300
108554,1,300
108606,1,300
108648,1,300
108698,1,300
108760,1,300
108792,1,300
108837,1,300
108857,1,300
108927,1,300
108989,1,300
108989,1,300
109002,1,300
109042,1,300
109104,1,300
109114,1,300
109144,1,300
109182,1,300
109186,1,300
109222,1,300
109240,1,300
109260,1,300
109324,1,300
109336,1,300
109346,1,300
109376,1,300
109440,1,300
109486,1,300
109490,1,300
109518,1,300
109528,1,300
109556,1,300
109604,1,300
109622,1,300
109650,1,300
109710,1,300
109742,1,300
109766,1,300
109798,1,300
109856,1,300
109914,1,300
109938,1,300
109952,1,300
110000,1,300
110018,1,300
110044,1,300
110084,1,300
110110,1,300
110142,1,300
110182,1,300
110214,1,300
110248,1,300
110252,1,300
110288,1,300
110306,1,300
110350,1,300
110386,1,300
110422,1,300
110430,1,300
110474,1,300
110490,1,300
110528,1,300
110552,1,300
110614,1,300
110652,1,300
110662,1,300
110680,1,300
110712,1,300
110738,1,300
110764,1,300
110798,1,300
110832,1,300
110894,1,300
110924,1,300
110936,1,300
110992,1,300
111060,1,300
111083,1,300
111095,1,300
111115,1,300
111133,1,300
111185,1,300
111186,1,300
111218,1,300
111278,1,300
111292,1,300
111335,1,300
111385,1,300
111388,1,300
111420,1,300
111460,1,300
111496,1,300
111519,1,300
111564,1,300
111587,1,300
111588,1,300
111642,1,300
111682,1,300
111712,1,300
111724,1,300
111727,1,300
111727,1,300
111763,1,300
111783,1,300
111832,1,300
111881,1,300
111890,1,300
111928,1,300
111986,1,300
112025,1,300
112038,1,300
112049,1,300
112106,1,300
112108,1,300
112165,1,300
112217,1,300
112281,1,300
112315,1,300
112319,1,300
112323,1,300
112366,1,300
112411,1,300
112456,1,300
112518,1,300
112563,1,300
112602,1,300
112657,1,300
112682,1,300
112727,1,300
112761,1,300
112797,1,300
112801,1,300
112828,1,300
112864,1,300
112916,1,300
112927,1,300
112954,1,300
112983,1,300
113001,1,300
113032,1,300
113054,1,300
113087,1,300
113140,1,300
113190,1,300
113210,1,300
113234,1,300
113269,1,300
113320,1,300
113349,1,300
113384,1,300
113424,1,300
113472,1,300
113522,1,300
113544,1,300
113586,1,300
113619,1,300
113665,1,300
113683,1,300
113697,1,300
113734,1,300
113769,1,300
113815,1,300
113859,1,300
113896,1,300
113933,1,300
113951,1,300
113989,1,300
114024,1,300
114068,1,300
114123,1,300
114194,1,300
114213,1,300
114251,1,300
114306,1,300
114347,1,300
114369,1,300
114415,1,300
114459,1,300
114486,1,300
114546,1,300
114609,1,300
114625,1,300
114649,1,300
114654,1,300
114681,1,300
114697,1,300
114766,1,300
114771,1,300
114784,1,300
114819,1,300
114838,1,300
114873,1,300
114931,1,300
114944,1,300
114985,1,300
115050,1,300
115110,1,300
115124,1,300
115162,1,300
115164,1,300
115180,1,300
115196,1,300
115208,1,300
115210,1,300
115258,1,300
115260,1,300
115320,1,300
115363,1,300
115427,1,300
115458,1,300
115470,1,300
115486,1,300
115517,1,300
115521,1,300
115578,1,300
115633,1,300
115700,1,300
115726,1,300
115764,1,300
115831,1,300
115838,1,300
115888,1,300
115936,1,300
115988,1,300
116023,1,300
116035,1,300
116066,1,300
116087,1,300
116093,1,300
116114,1,300
116124,1,300
116189,1,300
116210,1,300
116256,1,300
116319,1,300
116344,1,300
116346,1,300
116379,1,300
116393,1,300
116414,1,300
116437,1,300
116496,1,300
116508,1,300
116520,1,300
116577,1,300
116638,1,300
116688,1,300
116700,1,300
116767,1,300
116809,1,300
116857,1,300
116878,1,300
116907,1,300
116940,1,300
116952,1,300
116983,1,300
117039,1,300
117054,1,300
117120,1,300
117167,1,300
117198,1,300
117221,1,300
117275,1,300
117314,1,300
117329,1,300
117407,1,300
117438,1,300
117520,1,300
117547,1,300
117621,1,300
117699,1,300
117726,1,300
117812,1,300
117843,1,300
117846,1,300
117885,1,300
117908,1,300
117915,1,300
117989,1,300
118022,1,300
118048,1,300
118140,1,300
118157,1,300
118245,1,300
118324,1,300
118368,1,300
118429,1,300
118482,1,300
118512,1,300
118573,1,300
118608,1,300
118647,1,300
118722,1,300
118730,1,300
118765,1,300
118809,1,300
118822,1,300
118910,1,300
118971,1,300
118979,1,300
118987,1,300
119077,1,300
119150,1,300
119223,1,300
119254,1,300
119308,1,300
119346,1,300
119388,1,300
119415,1,300
119465,1,300
119503,1,300
119537,1,300
119610,1,300
119648,1,300
119663,1,300
119705,1,300
119705,1,300
119786,1,300
119863,1,300
119901,1,300
119920,1,300
119989,1,300
120094,1,300
120157,1,300
120161,1,300
120170,1,300
120224,1,300
120255,1,300
120255,1,300
120277,1,300
120371,1,300
120402,1,300
120415,1,300
120464,1,300
120545,1,300
120599,1,300
120671,1,300
120738,1,300
120738,1,300
120756,1,300
120832,1,300
120890,1,300
120899,1,300
120993,1,300
121038,1,300
121088,1,300
121118,1,300
121168,1,300
121237,1,300
121298,1,300
121317,1,300
121382,1,300
121447,1,300
121489,1,300
121535,1,300
121592,1,300
121630,1,300
121699,1,300
121779,1,300
121782,1,300
121820,1,300
121843,1,300
121850,1,300
121930,1,300
121991,1,300
122024,1,300
122127,1,300
122199,1,300
122302,1,300
122320,1,300
122423,1,300
122423,1,300
122453,1,300
122507,1,300
122537,1,300
122543,1,300
122579,1,300
122675,1,300
122741,1,300
122741,1,300
122819,1,300
122934,1,300
122976,1,300
122994,1,300
122994,1,300
123058,1,300
123075,1,300
123078,1,300
123139,1,300
123166,1,300
123224,1,300
123278,1,300
123350,1,300
123387,1,300
123459,1,300
123479,1,300
123530,1,300
123567,1,300
123632,1,300
123686,1,300
123744,1,300
123809,1,300
123809,1,300
123815,1,300
123883,1,300
123927,1,300
123988,1,300
124040,1,300
124080,1,300
124167,1,300
124221,1,300
124295,1,300
124301,1,300
124314,1,300
124401,1,300
124455,1,300
124536,1,300
124617,1,300
124630,1,300
124670,1,300
124683,1,300
124703,1,300
124777,1,300
124898,1,300
124992,1,300
125034,1,300
125123,1,300
125187,1,300
125211,1,300
125285,1,300
125329,1,300
125368,1,300
125442,1,300
125526,1,300
125585,1,300
125629,1,300
125633,1,300
125687,1,300
125701,1,300
125730,1,300
125744,1,300
125813,1,300
125897,1,300
125991,1,300
126036,1,300
126114,1,300
126118,1,300
126136,1,300
126154,1,300
126204,1,300
126291,1,300
126300,1,300
126323,1,300
126405,1,300
126492,1,300
126570,1,300
126634,1,300
126712,1,300
126790,1,300
126845,1,300
126918,1,300
126954,1,300
126990,1,300
127079,1,300
127166,1,300
127261,1,300
127261,1,300
127284,1,300
127339,1,300
127465,1,300
127536,1,300
127670,1,300
127677,1,300
127780,1,300
127883,1,300
127930,1,300
127945,1,300
127976,1,300
127991,1,300
127991,1,300
128064,1,300
128085,1,300
128123,1,300
128165,1,300
128190,1,300
128198,1,300
128279,1,300
128283,1,300
128308,1,300
128325,1,300
128359,1,300
128380,1,300
128431,1,300
128461,1,300
128503,1,300
128533,1,300
128610,1,300
128644,1,300
128716,1,300
128750,1,300
128754,1,300
128805,1,300
128890,1,300
128988,1,300
129090,1,300
129188,1,300
129212,1,300
129285,1,300
129309,1,300
129341,1,300
129472,1,300
129603,1,300
129643,1,300
129675,1,300
129691,1,300
129781,1,300
129887,1,300
129919,1,300
129919,1,300
129992,1,300
130097,1,300
130170,1,300
130224,1,300
130260,1,300
130333,1,300
130424,1,300
130442,1,300
130527,1,300
130587,1,300
130629,1,300
130677,1,300
130713,1,300
130755,1,300
130822,1,300
130901,1,300
130992,1,300
131105,1,300
131186,1,300
131251,1,300
131324,1,300
131397,1,300
131429,1,300
131518,1,300
131599,1,300
131672,1,300
131777,1,300
131809,1,300
131833,1,300
131873,1,300
131938,1,300
131994,1,300
132000,1,300
132130,1,300
132245,1,300
132375,1,300
132505,1,300
132606,1,300
132634,1,300
132706,1,300
132807,1,300
132893,1,300
132994,1,300
133012,1,300
133110,1,300
133233,1,300
133245,1,300
133393,1,300
133528,1,300
133540,1,300
133614,1,300
133725,1,300
133737,1,300
133774,1,300
133922,1,300
133996,1,300
134042,1,300
134178,1,300
134283,1,300
134419,1,300
134440,1,300
134450,1,300
134502,1,300
134596,1,300
134659,1,300
134680,1,300
134753,1,300
134868,1,300
134994,1,300
135060,1,300
135146,1,300
135232,1,300
135292,1,300
135300,1,300
135343,1,300
135412,1,300
135472,1,300
135593,1,300
135601,1,300
135705,1,300
135818,1,300
135913,1,300
135991,1,300
136128,1,300
136228,1,300
136256,1,300
136284,1,300
136455,1,300
136612,1,300
136669,1,300
136754,1,300
136896,1,300
136938,1,300
136952,1,300
136994,1,300
137000,1,300
137130,1,300
137260,1,300
137433,1,300
137476,1,300
137504,1,300
137663,1,300
137778,1,300
137792,1,300
137864,1,300
137936,1,300
137993,1,300
138058,1,300
138174,1,300
138255,1,300
138278,1,300
138336,1,300
138429,1,300
138545,1,300
138603,1,300
138684,1,300
138777,1,300
138846,1,300
138962,1,300
138996,1,300
139107,1,300
139214,1,300
139339,1,300
139481,1,300
139606,1,300
139695,1,300
139730,1,300
139837,1,300
139997,1,300
140097,1,300
140112,1,300
140209,1,300
140231,1,300
140298,1,300
140410,1,300
140492,1,300
140574,1,300
140641,1,300
140671,1,300
140753,1,300
140835,1,300
140835,1,300
140902,1,300
140992,1,300
140992,1,300
141266,1,300
141299,1,300
141399,1,300
141465,1,300
141731,1,300
141797,1,300
141897,1,300
141997,1,300
142178,1,300
142213,1,300
142463,1,300
142677,1,300
142677,1,300
142712,1,300
142783,1,300
142997,1,300
143086,1,300
143259,1,300
143519,1,300
143562,1,300
143822,1,300
143865,1,300
143908,1,300
143994,1,300
144118,1,300
144170,1,300
144301,1,300
144327,1,300
144445,1,300
144550,1,300
144668,1,300
144720,1,300
144759,1,300
144877,1,300
144995,1,300
145145,1,300
145249,1,300
145374,1,300
145436,1,300
145477,1,300
145643,1,300
145663,1,300
145850,1,300
145975,1,300
145995,1,300
146027,1,300
146108,1,300
146270,1,300
146432,1,300
146594,1,300
146729,1,300
146945,1,300
146999,1,300
147155,1,300
147172,1,300
147258,1,300
147326,1,300
147326,1,300
147481,1,300
147618,1,300
147635,1,300
147703,1,300
147823,1,300
147995,1,300
148277,1,300
148388,1,300
148499,1,300
148721,1,300
148776,1,300
148998,1,300
149000,1,300
149227,1,300
149363,1,300
149499,1,300
149635,1,300
149907,1,300
149997,1,300
150148,1,300
150222,1,300
150481,1,300
150555,1,300
150740,1,300
150999,1,300
150999,1,300
151285,1,300
151427,1,300
151569,1,300
151997,1,300
152166,1,300
152217,1,300
152370,1,300
152382,1,300
152420,1,300
152471,1,300
152522,1,300
152560,1,300
152662,1,300
152803,1,300
152815,1,300
152943,1,300
152994,1,300
153073,1,300
153292,1,300
153511,1,300
153608,1,300
153705,1,300
153778,1,300
153826,1,300
153874,1,300
153995,1,300
154120,1,300
154160,1,300
154280,1,300
154320,1,300
154480,1,300
154720,1,300
155000,1,300
155208,1,300
155333,1,300
155499,1,300
155707,1,300
155748,1,300
155998,1,300
156000,1,300
156333,1,300
156666,1,300
156999,1,300
157222,1,300
157370,1,300
157518,1,300
157629,1,300
157888,1,300
157999,1,300
157999,1,300
158133,1,300
158333,1,300
158533,1,300
158633,1,300
158833,1,300
158833,1,300
158999,1,300
159096,1,300
159192,1,300
159256,1,300
159368,1,300
159529,1,300
159609,1,300
159657,1,300
159802,1,300
159866,1,300
159995,1,300
160750,1,300
160750,1,300
161000,1,300
161181,1,300
161362,1,300
161634,1,300
161997,1,300
162666,1,300
162666,1,300
162999,1,300
163222,1,300
163555,1,300
163888,1,300
163999,1,300
164125,1,300
164214,1,300
164339,1,300
164383,1,300
164499,1,300
164615,1,300
164623,1,300
164739,1,300
164756,1,300
164756,1,300
164782,1,300
164799,1,300
164879,1,300
164879,1,300
164995,1,300
165071,1,300
165213,1,300
165355,1,300
165569,1,300
165640,1,300
165925,1,300
165996,1,300
166048,1,300
166145,1,300
166218,1,300
166413,1,300
166608,1,300
166705,1,300
166851,1,300
166997,1,300
167235,1,300
167352,1,300
167410,1,300
167704,1,300
167880,1,300
167997,1,300
168285,1,300
168713,1,300
168855,1,300
168997,1,300
169120,1,300
169280,1,300
169360,1,300
169480,1,300
169720,1,300
169840,1,300
170000,1,300
170333,1,300
170599,1,300
170599,1,300
170865,1,300
170998,1,300
171060,1,300
171272,1,300
171484,1,300
171665,1,300
171725,1,300
171846,1,300
171997,1,300
172000,1,300
172571,1,300
172856,1,300
172998,1,300
173444,1,300
173555,1,300
173888,1,300
173999,1,300
174000,1,300
174000,1,300
174000,1,300
174000,1,300
175400,1,300
176000,1,300
176000,1,300
176027,1,300
176110,1,300
176193,1,300
176227,1,300
176282,1,300
176288,1,300
176315,1,300
176321,1,300
176425,1,300
176508,1,300
176598,1,300
176632,1,300
176673,1,300
176749,1,300
176860,1,300
176936,1,300
176984,1,300
177100,1,300
177200,1,300
177380,1,300
177460,1,300
177560,1,300
177660,1,300
177780,1,300
177820,1,300
178000,1,300
178030,1,300
178090,1,300
178271,1,300
178361,1,300
178451,1,300
178602,1,300
178753,1,300
178995,1,300
179133,1,300
179333,1,300
179599,1,300
179799,1,300
179999,1,300
180250,1,300
180250,1,300
181000,1,300
181130,1,300
181347,1,300
181433,1,300
181563,1,300
181823,1,300
181996,1,300
182250,1,300
182400,1,300
182500,1,300
182700,1,300
182700,1,300
183000,1,300
183111,1,300
183138,1,300
183332,1,300
183498,1,300
183581,1,300
183608,1,300
183802,1,300
183913,1,300
183996,1,300
184315,1,300
184525,1,300
184525,1,300
184682,1,300
184839,1,300
184996,1,300
185166,1,300
185332,1,300
185665,1,300
185998,1,300
185998,1,300
186047,1,300
186047,1,300
186332,1,300
186427,1,300
186712,1,300
186950,1,300
186997,1,300
187375,1,300
187750,1,300
187875,1,300
188000,1,300
188091,1,300
188191,1,300
188266,1,300
188349,1,300
188440,1,300
188523,1,300
188539,1,300
188580,1,300
188605,1,300
188705,1,300
188780,1,300
188821,1,300
188946,1,300
188996,1,300
188996,1,300
189190,1,300
189332,1,300
189617,1,300
189664,1,300
189711,1,300
189996,1,300
190307,1,300
190383,1,300
190767,1,300
190767,1,300
190997,1,300
191038,1,300
191268,1,300
191537,1,300
191613,1,300
191651,1,300
191766,1,300
191881,1,300
191919,1,300
191995,1,300
192200,1,300
192466,1,300
192666,1,300
192932,1,300
192998,1,300
193192,1,300
193268,1,300
193421,1,300
193651,1,300
193843,1,300
193996,1,300
194208,1,300
194374,1,300
194415,1,300
194498,1,300
194706,1,300
194872,1,300
194997,1,300
195153,1,300
195422,1,300
195498,1,300
195767,1,300
195920,1,300
195920,1,300
195958,1,300
195996,1,300
196190,1,300
196428,1,300
196570,1,300
196712,1,300
196902,1,300
196997,1,300
197266,1,300
197532,1,300
197798,1,300
197998,1,300
197998,1,300
198181,1,300
198317,1,300
198498,1,300
198498,1,300
198725,1,300
198997,1,300
199166,1,300
199499,1,300
199999,1,300
199999,1,300
200004,1,300
200092,1,300
200109,1,300
200117,1,300
200165,1,300
200222,1,300
200266,1,300
200336,1,300
200402,1,300
200472,1,300
200538,1,300
200555,1,300
200621,1,300
200643,1,300
200678,1,300
200752,1,300
200826,1,300
200896,1,300
200900,1,300
200908,1,300
200991,1,300
201179,1,300
201204,1,300
201229,1,300
201408,1,300
201613,1,300
201664,1,300
201817,1,300
201996,1,300
202071,1,300
202213,1,300
202391,1,300
202462,1,300
202712,1,300
202854,1,300
202996,1,300
203170,1,300
203361,1,300
203403,1,300
203488,1,300
203573,1,300
203743,1,300
203806,1,300
203933,1,300
203996,1,300
204162,1,300
204297,1,300
204405,1,300
204594,1,300
204783,1,300
204891,1,300
204918,1,300
204999,1,300
205085,1,300
205285,1,300
205427,1,300
205427,1,300
205598,1,300
205798,1,300
205798,1,300
205998,1,300
206214,1,300
206261,1,300
206308,1,300
206355,1,300
206426,1,300
206473,1,300
206615,1,300
206805,1,300
206995,1,300
207076,1,300
207152,1,300
207267,1,300
207459,1,300
207574,1,300
207766,1,300
207842,1,300
207957,1,300
207995,1,300
208000,1,300
208000,1,300
208500,1,300
209000,1,300
209071,1,300
209428,1,300
209570,1,300
209641,1,300
209998,1,300
210173,1,300
210346,1,300
210519,1,300
210649,1,300
210822,1,300
210995,1,300
211184,1,300
211341,1,300
211419,1,300
211497,1,300
211523,1,300
211601,1,300
211811,1,300
211995,1,300
212071,1,300
212132,1,300
212137,1,300
212208,1,300
212233,1,300
212324,1,300
212359,1,300
212445,1,300
212470,1,300
212526,1,300
212561,1,300
212637,1,300
212682,1,300
212712,1,300
212803,1,300
212813,1,300
212894,1,300
212919,1,300
212990,1,300
213000,1,300
213256,1,300
213281,1,300
213332,1,300
213332,1,300
213332,1,300
213332,1,300
213511,1,300
213562,1,300
213638,1,300
213714,1,300
213996,1,300
214216,1,300
214378,1,300
214432,1,300
214486,1,300
214567,1,300
214702,1,300
214837,1,300
214864,1,300
214999,1,300
215175,1,300
215375,1,300
215400,1,300
215500,1,300
215500,1,300
215625,1,300
215725,1,300
215925,1,300
216000,1,300
216210,1,300
216288,1,300
216314,1,300
216419,1,300
216550,1,300
216707,1,300
216785,1,300
216785,1,300
216995,1,300
217166,1,300
217277,1,300
217471,1,300
217665,1,300
217748,1,300
217886,1,300
217969,1,300
217996,1,300
218039,1,300
218176,1,300
218293,1,300
218332,1,300
218508,1,300
218625,1,300
218742,1,300
218820,1,300
218996,1,300
219117,1,300
219131,1,300
219204,1,300
219321,1,300
219453,1,300
219585,1,300
219717,1,300
219746,1,300
219848,1,300
219862,1,300
219994,1,300
220156,1,300
220218,1,300
220374,1,300
220499,1,300
220499,1,300
220655,1,300
220873,1,300
220998,1,300
221038,1,300
221038,1,300
221153,1,300
221460,1,300
221690,1,300
221805,1,300
221805,1,300
221997,1,300
222153,1,300
222249,1,300
222422,1,300
222518,1,300
222575,1,300
222613,1,300
222689,1,300
222823,1,300
222996,1,300
223031,1,300
223187,1,300
223218,1,300
223436,1,300
223467,1,300
223685,1,300
223810,1,300
223935,1,300
223997,1,300
224076,1,300
224124,1,300
224188,1,300
224256,1,300
224344,1,300
224428,1,300
224496,1,300
224536,1,300
224572,1,300
224580,1,300
224596,1,300
224624,1,300
224696,1,300
224728,1,300
224736,1,300
224812,1,300
224828,1,300
224844,1,300
224872,1,300
224900,1,300
224916,1,300
225000,1,300
225101,1,300
225170,1,300
225195,1,300
225264,1,300
225270,1,300
225270,1,300
225333,1,300
225389,1,300
225471,1,300
225565,1,300
225609,1,300
225697,1,300
225728,1,300
225797,1,300
225891,1,300
225903,1,300
225915,1,300
225990,1,300
226087,1,300
226087,1,300
226160,1,300
226274,1,300
226294,1,300
226347,1,300
226440,1,300
226493,1,300
226513,1,300
226613,1,300
226693,1,300
226766,1,300
226792,1,300
226892,1,300
226892,1,300
226892,1,300
226912,1,300
226992,1,300
227046,1,300
227086,1,300
227167,1,300
227236,1,300
227241,1,300
227275,1,300
227350,1,300
227443,1,300
227460,1,300
227506,1,300
227546,1,300
227609,1,300
227707,1,300
227782,1,300
227782,1,300
227834,1,300
227903,1,300
227990,1,300
228010,1,300
228117,1,300
228224,1,300
228245,1,300
228266,1,300
228405,1,300
228458,1,300
228511,1,300
228564,1,300
228585,1,300
228638,1,300
228670,1,300
228745,1,300
228852,1,300
228991,1,300
229038,1,300
229137,1,300
229236,1,300
229304,1,300
229410,1,300
229501,1,300
229584,1,300
229614,1,300
229652,1,300
229697,1,300
229712,1,300
229811,1,300
229910,1,300
229963,1,300
229993,1,300
230094,1,300
230119,1,300
230194,1,300
230276,1,300
230370,1,300
230464,1,300
230489,1,300
230489,1,300
230520,1,300
230564,1,300
230608,1,300
230696,1,300
230733,1,300
230821,1,300
230858,1,300
230902,1,300
230984,1,300
230990,1,300
231075,1,300
231122,1,300
231188,1,300
231282,1,300
231385,1,300
231479,1,300
231535,1,300
231572,1,300
231656,1,300
231722,1,300
231759,1,300
231787,1,300
231805,1,300
231937,1,300
231993,1,300
232103,1,300
232195,1,300
232225,1,300
232328,1,300
232410,1,300
232513,1,300
232605,1,300
232677,1,300
232677,1,300
232728,1,300
232810,1,300
232892,1,300
232995,1,300
233025,1,300
233162,1,300
233262,1,300
233312,1,300
233387,1,300
233487,1,300
233537,1,300
233574,1,300
233649,1,300
233774,1,300
233786,1,300
233886,1,300
233998,1,300
234034,1,300
234146,1,300
234275,1,300
234292,1,300
234335,1,300
234360,1,300
234403,1,300
234420,1,300
234549,1,300
234574,1,300
234642,1,300
234736,1,300
234804,1,300
234864,1,300
234993,1,300
235008,1,300
235024,1,300
235057,1,300
235156,1,300
235230,1,300
235287,1,300
235361,1,300
235369,1,300
235492,1,300
235574,1,300
235582,1,300
235689,1,300
235763,1,300
235878,1,300
235993,1,300
236062,1,300
236114,1,300
236169,1,300
236174,1,300
236216,1,300
236261,1,300
236273,1,300
236300,1,300
236327,1,300
236349,1,300
236356,1,300
236378,1,300
236403,1,300
236465,1,300
236510,1,300
236552,1,300
236564,1,300
236566,1,300
236568,1,300
236620,1,300
236675,1,300
236735,1,300
236757,1,300
236799,1,300
236844,1,300
236884,1,300
236954,1,300
236984,1,300
237100,1,300
237156,1,300
237187,1,300
237262,1,300
237337,1,300
237349,1,300
237424,1,300
237492,1,300
237567,1,300
237660,1,300
237703,1,300
237728,1,300
237740,1,300
237846,1,300
237883,1,300
237958,1,300
237995,1,300
238057,1,300
238133,1,300
238142,1,300
238199,1,300
238261,1,300
238275,1,300
238327,1,300
238355,1,300
238388,1,300
238474,1,300
238474,1,300
238541,1,300
238622,1,300
238703,1,300
238784,1,300
238856,1,300
238904,1,300
238990,1,300
239028,1,300
239130,1,300
239152,1,300
239191,1,300
239281,1,300
239377,1,300
239428,1,300
239496,1,300
239535,1,300
239546,1,300
239563,1,300
239614,1,300
239648,1,300
239682,1,300
239721,1,300
239738,1,300
239840,1,300
239953,1,300
239953,1,300
239992,1,300
240025,1,300
240119,1,300
240150,1,300
240238,1,300
240294,1,300
240319,1,300
240350,1,300
240451,1,300
240507,1,300
240595,1,300
240658,1,300
240714,1,300
240732,1,300
240820,1,300
240902,1,300
240990,1,300
241061,1,300
241113,1,300
241165,1,300
241287,1,300
241401,1,300
241506,1,300
241549,1,300
241566,1,300
241609,1,300
241696,1,300
241766,1,300
241792,1,300
241906,1,300
241914,1,300
241957,1,300
241992,1,300
242082,1,300
242082,1,300
242149,1,300
242195,1,300
242241,1,300
242334,1,300
242339,1,300
242380,1,300
242436,1,300
242503,1,300
242575,1,300
242647,1,300
242693,1,300
242749,1,300
242831,1,300
242856,1,300
242918,1,300
242990,1,300
243071,1,300
243153,1,300
243235,1,300
243329,1,300
243382,1,300
243387,1,300
243434,1,300
243534,1,300
243563,1,300
243663,1,300
243698,1,300
243733,1,300
243750,1,300
243773,1,300
243861,1,300
243878,1,300
243919,1,300
243978,1,300
243989,1,300
244028,1,300
244065,1,300
244093,1,300
244102,1,300
244195,1,300
244260,1,300
244269,1,300
244371,1,300
244389,1,300
244482,1,300
244584,1,300
244640,1,300
244705,1,300
244817,1,300
244854,1,300
244994,1,300
245099,1,300
245175,1,300
245205,1,300
245273,1,300
245311,1,300
245379,1,300
245462,1,300
245568,1,300
245667,1,300
245728,1,300
245789,1,300
245872,1,300
245917,1,300
245993,1,300
245993,1,300
246060,1,300
246110,1,300
246200,1,300
246200,1,300
246270,1,300
246380,1,300
246450,1,300
246510,1,300
246620,1,300
246730,1,300
246800,1,300
246890,1,300
246920,1,300
247000,1,300
247060,1,300
247075,1,300
247181,1,300
247347,1,300
247347,1,300
247498,1,300
247543,1,300
247664,1,300
247664,1,300
247785,1,300
247936,1,300
247996,1,300
248059,1,300
248100,1,300
248138,1,300
248165,1,300
248182,1,300
248241,1,300
248293,1,300
248310,1,300
248372,1,300
248417,1,300
248493,1,300
248513,1,300
248568,1,300
248644,1,300
248703,1,300
248758,1,300
248764,1,300
248833,1,300
248836,1,300
248849,1,300
248880,1,300
248952,1,300
248990,1,300
249112,1,300
249120,1,300
249188,1,300
249274,1,300
249377,1,300
249420,1,300
249497,1,300
249609,1,300
249695,1,300
249798,1,300
249806,1,300
249866,1,300
249926,1,300
249994,1,300
250095,1,300
250104,1,300
250180,1,300
250237,1,300
250294,1,300
250389,1,300
250484,1,300
250531,1,300
250645,1,300
250645,1,300
250749,1,300
250872,1,300
250995,1,300
251142,1,300
251180,1,300
251237,1,300
251332,1,300
251389,1,300
251455,1,300
251559,1,300
251559,1,300
251578,1,300
251654,1,300
251749,1,300
251796,1,300
251824,1,300
251966,1,300
251994,1,300
252046,1,300
252055,1,300
252082,1,300
252156,1,300
252239,1,300
252248,1,300
252340,1,300
252441,1,300
252552,1,300
252616,1,300
252690,1,300
252791,1,300
252874,1,300
252994,1,300
253037,1,300
253150,1,300
253263,1,300
253338,1,300
253464,1,300
253476,1,300
253539,1,300
253614,1,300
253740,1,300
253866,1,300
253903,1,300
253915,1,300
253990,1,300
254085,1,300
254100,1,300
254178,1,300
254287,1,300
254310,1,300
254364,1,300
254465,1,300
254543,1,300
254558,1,300
254643,1,300
254721,1,300
254830,1,300
254884,1,300
254993,1,300
255033,1,300
255100,1,300
255133,1,300
255141,1,300
255216,1,300
255258,1,300
255375,1,300
255417,1,300
255526,1,300
255568,1,300
255626,1,300
255668,1,300
255726,1,300
255843,1,300
255885,1,300
255994,1,300
256105,1,300
256157,1,300
256157,1,300
256157,1,300
256301,1,300
256406,1,300
256498,1,300
256629,1,300
256747,1,300
256825,1,300
256917,1,300
256982,1,300
256995,1,300
257142,1,300
257232,1,300
257309,1,300
257438,1,300
257476,1,300
257618,1,300
257669,1,300
257681,1,300
257732,1,300
257757,1,300
257860,1,300
257911,1,300
257988,1,300
258108,1,300
258137,1,300
258176,1,300
258275,1,300
258393,1,300
258492,1,300
258600,1,300
258669,1,300
258728,1,300
258728,1,300
258836,1,300
258915,1,300
258994,1,300
259015,1,300
259015,1,300
259061,1,300
259230,1,300
259353,1,300
259476,1,300
259491,1,300
259567,1,300
259674,1,300
259843,1,300
259843,1,300
259996,1,300
260034,1,300
260109,1,300
260218,1,300
260218,1,300
260320,1,300
260320,1,300
260374,1,300
260374,1,300
260463,1,300
260565,1,300
260619,1,300
260673,1,300
260673,1,300
260748,1,300
260843,1,300
260918,1,300
260993,1,300
261097,1,300
261097,1,300
261194,1,300
261413,1,300
261534,1,300
261680,1,300
261680,1,300
261875,1,300
261996,1,300
262166,1,300
262221,1,300
262295,1,300
262461,1,300
262590,1,300
262590,1,300
262775,1,300
262812,1,300
262941,1,300
262959,1,300
262996,1,300
263130,1,300
263187,1,300
263259,1,300
263389,1,300
263417,1,300
263518,1,300
263590,1,300
263734,1,300
263878,1,300
263993,1,300
264217,1,300
264260,1,300
264520,1,300
264563,1,300
264823,1,300
264909,1,300
264995,1,300
265139,1,300
265139,1,300
265278,1,300
265301,1,300
265417,1,300
265510,1,300
265696,1,300
265789,1,300
265998,1,300
266000,1,300
266241,1,300
266378,1,300
266412,1,300
266515,1,300
266756,1,300
266790,1,300
266996,1,300
267068,1,300
267240,1,300
267343,1,300
267584,1,300
267687,1,300
267790,1,300
267996,1,300
268307,1,300
268460,1,300
268767,1,300
268920,1,300
268996,1,300
269125,1,300
269375,1,300
269562,1,300
269749,1,300
269999,1,300
270000,1,300
270066,1,300
270399,1,300
270599,1,300
270665,1,300
270998,1,300
271133,1,300
271333,1,300
271533,1,300
271666,1,300
271999,1,300
272277,1,300
272499,1,300
272721,1,300
272887,1,300
272998,1,300
273142,1,300
273213,1,300
273498,1,300
273783,1,300
273997,1,300
274300,1,300
274600,1,300
274700,1,300
274900,1,300
275000,1,300
275300,1,300
275400,1,300
275600,1,300
275800,1,300
276000,1,300
276333,1,300
276666,1,300
276999,1,300
277000,1,300
277000,1,300
278000,1,300
278000,1,300
279428,1,300
279713,1,300
279998,1,300
280000,1,300
281000,1,300
281000,1,300
281071,1,300
281213,1,300
281570,1,300
281855,1,300
281997,1,300
282071,1,300
282242,1,300
282427,1,300
282441,1,300
282512,1,300
282554,1,300
282582,1,300
282667,1,300
282709,1,300
282751,1,300
282751,1,300
282808,1,300
282993,1,300
283250,1,300
283250,1,300
283375,1,300
283500,1,300
283625,1,300
283750,1,300
284000,1,300
284230,1,300
284383,1,300
284690,1,300
284997,1,300
285111,1,300
285333,1,300
285666,1,300
285999,1,300
286117,1,300
286352,1,300
286410,1,300
286704,1,300
286998,1,300
287142,1,300
287284,1,300
287569,1,300
287997,1,300
288333,1,300
288333,1,300
288666,1,300
288999,1,300
289125,1,300
289500,1,300
289625,1,300
290000,1,300
