272,1,300
272,1,300
544,1,300
634,1,300
634,1,300
997,1,300
1285,1,300
1356,1,300
1641,1,300
1712,1,300
1997,1,300
2000,1,300
2333,1,300
2833,1,300
2999,1,300
3333,1,300
3444,1,300
3888,1,300
3999,1,300
3999,1,300
4000,1,300
4250,1,300
4333,1,300
4583,1,300
4833,1,300
4999,1,300
5166,1,300
5332,1,300
5665,1,300
5998,1,300
6363,1,300
6635,1,300
6998,1,300
6998,1,300
7400,1,300
7500,1,300
7800,1,300
8000,1,300
8000,1,300
8666,1,300
8999,1,300
9098,1,300
9212,1,300
9310,1,300
9424,1,300
9473,1,300
9571,1,300
9702,1,300
9734,1,300
9848,1,300
9929,1,300
9994,1,300
10200,1,300
10366,1,300
10532,1,300
10698,1,300
10764,1,300
10830,1,300
10996,1,300
11333,1,300
11499,1,300
11582,1,300
11915,1,300
11998,1,300
12150,1,300
12250,1,300
12450,1,300
12600,1,300
12750,1,300
13000,1,300
13076,1,300
13306,1,300
13690,1,300
13766,1,300
13996,1,300
14055,1,300
14277,1,300
14277,1,300
14360,1,300
14471,1,300
14637,1,300
14775,1,300
14858,1,300
14996,1,300
15285,1,300
15356,1,300
15570,1,300
15641,1,300
15998,1,300
16200,1,300
16333,1,300
16666,1,300
16932,1,300
16998,1,300
18000,1,300
18500,1,300
18666,1,300
18999,1,300
19666,1,300
19999,1,300
19999,1,300
20015,1,300
20168,1,300
20260,1,300
20444,1,300
20536,1,300
20551,1,300
20581,1,300
20657,1,300
20749,1,300
20825,1,300
20825,1,300
20901,1,300
20993,1,300
21025,1,300
21127,1,300
21332,1,300
21485,1,300
21536,1,300
21664,1,300
21843,1,300
21996,1,300
22181,1,300
22226,1,300
22407,1,300
22588,1,300
22633,1,300
22905,1,300
22995,1,300
23142,1,300
23342,1,300
23427,1,300
23655,1,300
23797,1,300
23882,1,300
23967,1,300
23995,1,300
24111,1,300
24555,1,300
24888,1,300
24999,1,300
25100,1,300
25300,1,300
25500,1,300
25800,1,300
26000,1,300
26105,1,300
26368,1,300
26368,1,300
26473,1,300
26788,1,300
26998,1,300
27161,1,300
27322,1,300
27418,1,300
27482,1,300
27643,1,300
27772,1,300
27997,1,300
28000,1,300
28227,1,300
28454,1,300
28681,1,300
28817,1,300
28998,1,300
29333,1,300
29444,1,300
29555,1,300
29999,1,300
30090,1,300
30271,1,300
30634,1,300
30724,1,300
30724,1,300
30996,1,300
31600,1,300
31800,1,300
32000,1,300
32031,1,300
32062,1,300
32143,1,300
32168,1,300
32180,1,300
32248,1,300
32341,1,300
32384,1,300
32477,1,300
32508,1,300
32545,1,300
32607,1,300
32625,1,300
32631,1,300
32743,1,300
32799,1,300
32886,1,300
32992,1,300
33085,1,300
33142,1,300
33256,1,300
33284,1,300
33398,1,300
33540,1,300
33540,1,300
33740,1,300
33854,1,300
33996,1,300
34083,1,300
34187,1,300
34332,1,300
34436,1,300
34602,1,300
34727,1,300
34852,1,300
34997,1,300
35000,1,300
35058,1,300
35293,1,300
35322,1,300
35557,1,300
35762,1,300
35938,1,300
35996,1,300
36000,1,300
36133,1,300
36266,1,300
36532,1,300
36732,1,300
36998,1,300
37194,1,300
37360,1,300
37471,1,300
37582,1,300
37665,1,300
37803,1,300
37858,1,300
37996,1,300
38195,1,300
38260,1,300
38455,1,300
38563,1,300
38693,1,300
38736,1,300
38822,1,300
38887,1,300
38995,1,300
39000,1,300
39050,1,300
39183,1,300
39283,1,300
39333,1,300
39449,1,300
39599,1,300
39715,1,300
39848,1,300
39998,1,300
40083,1,300
40124,1,300
40249,1,300
40415,1,300
40581,1,300
40664,1,300
40955,1,300
40996,1,300
41217,1,300
41390,1,300
41476,1,300
41736,1,300
41953,1,300
41996,1,300
42162,1,300
42270,1,300
42432,1,300
42432,1,300
42567,1,300
42756,1,300
42837,1,300
42999,1,300
43166,1,300
43291,1,300
43291,1,300
43332,1,300
43582,1,300
43707,1,300
43998,1,300
44080,1,300
44112,1,300
44165,1,300
44223,1,300
44255,1,300
44313,1,300
44318,1,300
44344,1,300
44413,1,300
44439,1,300
44540,1,300
44593,1,300
44593,1,300
44646,1,300
44662,1,300
44715,1,300
44784,1,300
44869,1,300
44943,1,300
44991,1,300
45042,1,300
45126,1,300
45150,1,300
45156,1,300
45162,1,300
45234,1,300
45324,1,300
45426,1,300
45480,1,300
45558,1,300
45618,1,300
45714,1,300
45780,1,300
45840,1,300
45918,1,300
45924,1,300
45996,1,300
46078,1,300
46178,1,300
46249,1,300
46299,1,300
46413,1,300
46463,1,300
46520,1,300
46584,1,300
46619,1,300
46640,1,300
46704,1,300
46718,1,300
46739,1,300
46853,1,300
46960,1,300
46995,1,300
47047,1,300
47160,1,300
47216,1,300
47300,1,300
47422,1,300
47563,1,300
47610,1,300
47628,1,300
47722,1,300
47750,1,300
47797,1,300
47806,1,300
47843,1,300
47984,1,300
47993,1,300
48009,1,300
48137,1,300
48245,1,300
48363,1,300
48402,1,300
48530,1,300
48539,1,300
48667,1,300
48696,1,300
48765,1,300
48814,1,300
48922,1,300
48961,1,300
48961,1,300
48990,1,300
49060,1,300
49100,1,300
49113,1,300
49167,1,300
49268,1,300
49322,1,300
49335,1,300
49355,1,300
49409,1,300
49456,1,300
49462,1,300
49576,1,300
49657,1,300
49765,1,300
49873,1,300
49913,1,300
49994,1,300
50096,1,300
50200,1,300
50240,1,300
50320,1,300
50392,1,300
50504,1,300
50560,1,300
50568,1,300
50688,1,300
50776,1,300
50808,1,300
50856,1,300
50856,1,300
50944,1,300
50992,1,300
51007,1,300
51029,1,300
51103,1,300
51170,1,300
51199,1,300
51273,1,300
51355,1,300
51452,1,300
51541,1,300
51600,1,300
51697,1,300
51719,1,300
51726,1,300
51778,1,300
51889,1,300
51993,1,300
52097,1,300
52140,1,300
52216,1,300
52302,1,300
52421,1,300
52497,1,300
52583,1,300
52637,1,300
52745,1,300
52745,1,300
52831,1,300
52917,1,300
52993,1,300
53113,1,300
53150,1,300
53251,1,300
53326,1,300
53376,1,300
53464,1,300
53476,1,300
53564,1,300
53627,1,300
53778,1,300
53853,1,300
53992,1,300
54031,1,300
54094,1,300
54220,1,300
54243,1,300
54290,1,300
54329,1,300
54455,1,300
54486,1,300
54549,1,300
54556,1,300
54675,1,300
54738,1,300
54833,1,300
54912,1,300
54919,1,300
54990,1,300
55012,1,300
55165,1,300
55318,1,300
55394,1,300
55394,1,300
55470,1,300
55495,1,300
55636,1,300
55648,1,300
55789,1,300
55814,1,300
55826,1,300
55992,1,300
56012,1,300
56019,1,300
56073,1,300
56093,1,300
56160,1,300
56227,1,300
56276,1,300
56281,1,300
56309,1,300
56314,1,300
56352,1,300
56396,1,300
56463,1,300
56468,1,300
56470,1,300
56511,1,300
56531,1,300
56585,1,300
56660,1,300
56672,1,300
56687,1,300
56699,1,300
56745,1,300
56804,1,300
56824,1,300
56839,1,300
56890,1,300
56936,1,300
56985,1,300
57039,1,300
57100,1,300
57139,1,300
57143,1,300
57147,1,300
57204,1,300
57296,1,300
57331,1,300
57339,1,300
57396,1,300
57409,1,300
57466,1,300
57518,1,300
57592,1,300
57680,1,300
57697,1,300
57736,1,300
57828,1,300
57916,1,300
57990,1,300
57990,1,300
58014,1,300
58087,1,300
58160,1,300
58226,1,300
58237,1,300
58240,1,300
58321,1,300
58350,1,300
58405,1,300
58482,1,300
58563,1,300
58566,1,300
58647,1,300
58694,1,300
58775,1,300
58804,1,300
58863,1,300
58874,1,300
58881,1,300
58914,1,300
58928,1,300
58990,1,300
59035,1,300
59063,1,300
59156,1,300
59163,1,300
59256,1,300
59263,1,300
59298,1,300
59391,1,300
59462,1,300
59469,1,300
59591,1,300
59626,1,300
59697,1,300
59747,1,300
59862,1,300
59962,1,300
59983,1,300
59990,1,300
60049,1,300
60061,1,300
60147,1,300
60229,1,300
60249,1,300
60310,1,300
60392,1,300
60478,1,300
60531,1,300
60572,1,300
60584,1,300
60604,1,300
60649,1,300
60669,1,300
60735,1,300
60788,1,300
60808,1,300
60869,1,300
60881,1,300
60905,1,300
60987,1,300
61066,1,300
61150,1,300
61234,1,300
61256,1,300
61318,1,300
61366,1,300
61374,1,300
61378,1,300
61378,1,300
61466,1,300
61501,1,300
61581,1,300
61621,1,300
61625,1,300
61705,1,300
61780,1,300
61788,1,300
61819,1,300
61850,1,300
61925,1,300
61991,1,300
62107,1,300
62123,1,300
62171,1,300
62219,1,300
62240,1,300
62309,1,300
62405,1,300
62415,1,300
62458,1,300
62484,1,300
62564,1,300
62660,1,300
62767,1,300
62820,1,300
62836,1,300
62922,1,300
62922,1,300
62981,1,300
62986,1,300
62991,1,300
63045,1,300
63076,1,300
63094,1,300
63116,1,300
63156,1,300
63219,1,300
63287,1,300
63337,1,300
63405,1,300
63455,1,300
63459,1,300
63549,1,300
63603,1,300
63643,1,300
63715,1,300
63728,1,300
63796,1,300
63873,1,300
63913,1,300
63953,1,300
63989,1,300
64073,1,300
64077,1,300
64136,1,300
64159,1,300
64232,1,300
64259,1,300
64323,1,300
64415,1,300
64493,1,300
64534,1,300
64621,1,300
64648,1,300
64703,1,300
64772,1,300
64772,1,300
64864,1,300
64942,1,300
64974,1,300
64983,1,300
64992,1,300
65050,1,300
65081,1,300
65124,1,300
65186,1,300
65261,1,300
65304,1,300
65404,1,300
65522,1,300
65590,1,300
65590,1,300
65608,1,300
65720,1,300
65838,1,300
65844,1,300
65850,1,300
65850,1,300
65968,1,300
65980,1,300
65992,1,300
65992,1,300
66040,1,300
66121,1,300
66192,1,300
66227,1,300
66267,1,300
66312,1,300
66398,1,300
66494,1,300
66539,1,300
66615,1,300
66655,1,300
66700,1,300
66776,1,300
66796,1,300
66851,1,300
66901,1,300
66951,1,300
66981,1,300
66986,1,300
66991,1,300
67000,1,300
67064,1,300
67072,1,300
67149,1,300
67239,1,300
67329,1,300
67367,1,300
67379,1,300
67396,1,300
67460,1,300
67532,1,300
67544,1,300
67625,1,300
67646,1,300
67680,1,300
67765,1,300
67829,1,300
67833,1,300
67880,1,300
67940,1,300
67944,1,300
67991,1,300
68043,1,300
68087,1,300
68092,1,300
68138,1,300
68190,1,300
68227,1,300
68263,1,300
68277,1,300
68321,1,300
68344,1,300
68349,1,300
68367,1,300
68404,1,300
68451,1,300
68461,1,300
68468,1,300
68475,1,300
68504,1,300
68550,1,300
68560,1,300
68562,1,300
68608,1,300
68623,1,300
68628,1,300
68661,1,300
68710,1,300
68750,1,300
68754,1,300
68784,1,300
68805,1,300
68848,1,300
68865,1,300
68914,1,300
68916,1,300
68926,1,300
68959,1,300
68960,1,300
68980,1,300
69044,1,300
69046,1,300
69066,1,300
69070,1,300
69082,1,300
69139,1,300
69159,1,300
69205,1,300
69213,1,300
69276,1,300
69326,1,300
69368,1,300
69392,1,300
69418,1,300
69481,1,300
69501,1,300
69537,1,300
69567,1,300
69579,1,300
69625,1,300
69684,1,300
69706,1,300
69750,1,300
69798,1,300
69808,1,300
69820,1,300
69820,1,300
69838,1,300
69899,1,300
69925,1,300
69988,1,300
70043,1,300
70053,1,300
70068,1,300
70102,1,300
70160,1,300
70162,1,300
70188,1,300
70194,1,300
70213,1,300
70241,1,300
70275,1,300
70288,1,300
70305,1,300
70322,1,300
70380,1,300
70430,1,300
70495,1,300
70549,1,300
70559,1,300
70613,1,300
70669,1,300
70712,1,300
70744,1,300
70759,1,300
70822,1,300
70878,1,300
70882,1,300
70886,1,300
70946,1,300
70987,1,300
71008,1,300
71021,1,300
71029,1,300
71093,1,300
71115,1,300
71150,1,300
71172,1,300
71172,1,300
71225,1,300
71291,1,300
71346,1,300
71370,1,300
71418,1,300
71480,1,300
71540,1,300
71562,1,300
71562,1,300
71568,1,300
71614,1,300
71642,1,300
71688,1,300
71723,1,300
71785,1,300
71840,1,300
71851,1,300
71857,1,300
71903,1,300
71949,1,300
71964,1,300
71981,1,300
71983,1,300
72033,1,300
72052,1,300
72106,1,300
72134,1,300
72145,1,300
72175,1,300
72217,1,300
72252,1,300
72256,1,300
72294,1,300
72346,1,300
72362,1,300
72397,1,300
72449,1,300
72491,1,300
72505,1,300
72540,1,300
72582,1,300
72646,1,300
72693,1,300
72716,1,300
72758,1,300
72788,1,300
72792,1,300
72844,1,300
72905,1,300
72964,1,300
72985,1,300
73027,1,300
73072,1,300
73107,1,300
73132,1,300
73134,1,300
73163,1,300
73225,1,300
73250,1,300
73297,1,300
73299,1,300
73336,1,300
73365,1,300
73392,1,300
73444,1,300
73489,1,300
73520,1,300
73576,1,300
73590,1,300
73627,1,300
73652,1,300
73666,1,300
73707,1,300
73769,1,300
73791,1,300
73849,1,300
73851,1,300
73888,1,300
73908,1,300
73935,1,300
73989,1,300
74057,1,300
74072,1,300
74126,1,300
74172,1,300
74232,1,300
74284,1,300
74294,1,300
74325,1,300
74356,1,300
74379,1,300
74405,1,300
74478,1,300
74498,1,300
74531,1,300
74593,1,300
74642,1,300
74644,1,300
74672,1,300
74677,1,300
74713,1,300
74765,1,300
74770,1,300
74811,1,300
74837,1,300
74837,1,300
74844,1,300
74909,1,300
74919,1,300
74986,1,300
75020,1,300
75040,1,300
75100,1,300
75105,1,300
75146,1,300
75216,1,300
75284,1,300
75344,1,300
75375,1,300
75432,1,300
75439,1,300
75459,1,300
75459,1,300
75490,1,300
75510,1,300
75559,1,300
75600,1,300
75662,1,300
75719,1,300
75729,1,300
75747,1,300
75760,1,300
75804,1,300
75811,1,300
75858,1,300
75873,1,300
75928,1,300
75983,1,300
76063,1,300
76102,1,300
76123,1,300
76136,1,300
76175,1,300
76185,1,300
76216,1,300
76277,1,300
76277,1,300
76322,1,300
76359,1,300
76388,1,300
76462,1,300
76475,1,300
76522,1,300
76556,1,300
76574,1,300
76629,1,300
76674,1,300
76705,1,300
76718,1,300
76728,1,300
76775,1,300
76782,1,300
76827,1,300
76842,1,300
76881,1,300
76939,1,300
76986,1,300
77009,1,300
77013,1,300
77036,1,300
77093,1,300
77161,1,300
77175,1,300
77217,1,300
77262,1,300
77304,1,300
77351,1,300
77353,1,300
77400,1,300
77457,1,300
77483,1,300
77485,1,300
77534,1,300
77538,1,300
77604,1,300
77646,1,300
77707,1,300
77768,1,300
77779,1,300
77781,1,300
77816,1,300
77842,1,300
77858,1,300
77912,1,300
77959,1,300
77985,1,300
78007,1,300
78009,1,300
78068,1,300
78091,1,300
78100,1,300
78157,1,300
78190,1,300
78240,1,300
78270,1,300
78324,1,300
78354,1,300
78406,1,300
78439,1,300
78484,1,300
78486,1,300
78516,1,300
78568,1,300
78622,1,300
78624,1,300
78676,1,300
78726,1,300
78783,1,300
78842,1,300
78877,1,300
78941,1,300
78971,1,300
78987,1,300
79032,1,300
79081,1,300
79124,1,300
79173,1,300
79212,1,300
79263,1,300
79316,1,300
79350,1,300
79370,1,300
79396,1,300
79412,1,300
79453,1,300
79498,1,300
79522,1,300
79573,1,300
79618,1,300
79632,1,300
79664,1,300
79692,1,300
79743,1,300
79790,1,300
79839,1,300
79878,1,300
79921,1,300
79974,1,300
79976,1,300
79980,1,300
79988,1,300
80044,1,300
80046,1,300
80066,1,300
80091,1,300
80138,1,300
80140,1,300
80178,1,300
80194,1,300
80240,1,300
80265,1,300
80275,1,300
80306,1,300
80345,1,300
80353,1,300
80372,1,300
80398,1,300
80417,1,300
80436,1,300
80449,1,300
80477,1,300
80477,1,300
80522,1,300
80557,1,300
80601,1,300
80644,1,300
80659,1,300
80675,1,300
80698,1,300
80733,1,300
80740,1,300
80759,1,300
80781,1,300
80815,1,300
80830,1,300
80832,1,300
80863,1,300
80898,1,300
80913,1,300
80953,1,300
80982,1,300
81054,1,300
81074,1,300
81098,1,300
81144,1,300
81168,1,300
81204,1,300
81233,1,300
81253,1,300
81265,1,300
81302,1,300
81317,1,300
81325,1,300
81378,1,300
81400,1,300
81422,1,300
81454,1,300
81510,1,300
81539,1,300
81590,1,300
81631,1,300
81646,1,300
81675,1,300
81709,1,300
81750,1,300
81756,1,300
81774,1,300
81798,1,300
81803,1,300
81857,1,300
81901,1,300
81933,1,300
81933,1,300
81986,1,300
82044,1,300
82096,1,300
82131,1,300
82162,1,300
82197,1,300
82253,1,300
82270,1,300
82291,1,300
82299,1,300
82316,1,300
82326,1,300
82347,1,300
82350,1,300
82385,1,300
82395,1,300
82405,1,300
82405,1,300
82459,1,300
82488,1,300
82546,1,300
82597,1,300
82619,1,300
82677,1,300
82724,1,300
82748,1,300
82760,1,300
82795,1,300
82830,1,300
82863,1,300
82870,1,300
82901,1,300
82953,1,300
82986,1,300
83027,1,300
83071,1,300
83128,1,300
83137,1,300
83157,1,300
83183,1,300
83218,1,300
83236,1,300
83273,1,300
83323,1,300
83367,1,300
83394,1,300
83405,1,300
83431,1,300
83481,1,300
83494,1,300
83553,1,300
83556,1,300
83576,1,300
83605,1,300
83662,1,300
83721,1,300
83724,1,300
83744,1,300
83788,1,300
83812,1,300
83869,1,300
83878,1,300
83889,1,300
83931,1,300
83931,1,300
83944,1,300
83984,1,300
84052,1,300
84102,1,300
84159,1,300
84201,1,300
84212,1,300
84256,1,300
84306,1,300
84360,1,300
84393,1,300
84422,1,300
84464,1,300
84501,1,300
84512,1,300
84515,1,300
84565,1,300
84566,1,300
84575,1,300
84604,1,300
84637,1,300
84640,1,300
84677,1,300
84734,1,300
84748,1,300
84788,1,300
84845,1,300
84865,1,300
84894,1,300
84907,1,300
84927,1,300
84973,1,300
84984,1,300
85020,1,300
85040,1,300
85041,1,300
85089,1,300
85101,1,300
85158,1,300
85190,1,300
85241,1,300
85244,1,300
85271,1,300
85290,1,300
85343,1,300
85348,1,300
85375,1,300
85411,1,300
85461,1,300
85488,1,300
85543,1,300
85586,1,300
85641,1,300
85668,1,300
85676,1,300
85722,1,300
85756,1,300
85762,1,300
85815,1,300
85856,1,300
85878,1,300
85907,1,300
85950,1,300
85960,1,300
85965,1,300
85982,1,300
86015,1,300
86043,1,300
86062,1,300
86070,1,300
86087,1,300
86095,1,300
86119,1,300
86178,1,300
86193,1,300
86232,1,300
86289,1,300
86348,1,300
86411,1,300
86479,1,300
86487,1,300
86497,1,300
86518,1,300
86537,1,300
86574,1,300
86593,1,300
86597,1,300
86651,1,300
86692,1,300
86700,1,300
86706,1,300
86730,1,300
86751,1,300
86792,1,300
86853,1,300
86883,1,300
86926,1,300
86980,1,300
87027,1,300
87073,1,300
87105,1,300
87120,1,300
87137,1,300
87175,1,300
87211,1,300
87212,1,300
87256,1,300
87269,1,300
87317,1,300
87326,1,300
87337,1,300
87375,1,300
87394,1,300
87455,1,300
87464,1,300
87477,1,300
87488,1,300
87547,1,300
87605,1,300
87647,1,300
87650,1,300
87667,1,300
87699,1,300
87751,1,300
87764,1,300
87806,1,300
87829,1,300
87859,1,300
87920,1,300
87974,1,300
87981,1,300
88018,1,300
88038,1,300
88090,1,300
88132,1,300
88187,1,300
88198,1,300
88225,1,300
88266,1,300
88312,1,300
88345,1,300
88378,1,300
88433,1,300
88481,1,300
88518,1,300
88568,1,300
88588,1,300
88625,1,300
88667,1,300
88715,1,300
88742,1,300
88745,1,300
88778,1,300
88787,1,300
88820,1,300
88853,1,300
88877,1,300
88931,1,300
88932,1,300
88946,1,300
88953,1,300
88982,1,300
89033,1,300
89061,1,300
89123,1,300
89130,1,300
89181,1,300
89217,1,300
89286,1,300
89337,1,300
89373,1,300
89406,1,300
89426,1,300
89441,1,300
89443,1,300
89466,1,300
89473,1,300
89496,1,300
89555,1,300
89575,1,300
89613,1,300
89682,1,300
89702,1,300
89756,1,300
89805,1,300
89833,1,300
89864,1,300
89874,1,300
89889,1,300
89912,1,300
89966,1,300
89986,1,300
90015,1,300
90052,1,300
90109,1,300
90142,1,300
90175,1,300
90203,1,300
90234,1,300
90236,1,300
90267,1,300
90278,1,300
90302,1,300
90371,1,300
90382,1,300
90439,1,300
90456,1,300
90482,1,300
90486,1,300
90541,1,300
90541,1,300
90552,1,300
90563,1,300
90629,1,300
90686,1,300
90714,1,300
90747,1,300
90800,1,300
90833,1,300
90846,1,300
90868,1,300
90905,1,300
90927,1,300
90984,1,300
91023,1,300
91032,1,300
91066,1,300
91102,1,300
91130,1,300
91166,1,300
91198,1,300
91201,1,300
91251,1,300
91268,1,300
91318,1,300
91341,1,300
91398,1,300
91446,1,300
91488,1,300
91524,1,300
91527,1,300
91544,1,300
91584,1,300
91620,1,300
91648,1,300
91694,1,300
91744,1,300
91753,1,300
91801,1,300
91849,1,300
91895,1,300
91895,1,300
91950,1,300
91988,1,300
92006,1,300
92044,1,300
92057,1,300
92077,1,300
92106,1,300
92108,1,300
92127,1,300
92165,1,300
92170,1,300
92177,1,300
92217,1,300
92251,1,300
92283,1,300
92288,1,300
92317,1,300
92339,1,300
92347,1,300
92383,1,300
92395,1,300
92433,1,300
92455,1,300
92486,1,300
92499,1,300
92538,1,300
92547,1,300
92573,1,300
92583,1,300
92583,1,300
92623,1,300
92623,1,300
92629,1,300
92636,1,300
92656,1,300
92674,1,300
92682,1,300
92697,1,300
92722,1,300
92757,1,300
92768,1,300
92790,1,300
92797,1,300
92808,1,300
92839,1,300
92878,1,300
92905,1,300
92935,1,300
92957,1,300
92976,1,300
93004,1,300
93022,1,300
93026,1,300
93079,1,300
93144,1,300
93180,1,300
93194,1,300
93202,1,300
93214,1,300
93234,1,300
93278,1,300
93316,1,300
93326,1,300
93338,1,300
93391,1,300
93421,1,300
93445,1,300
93473,1,300
93497,1,300
93546,1,300
93566,1,300
93633,1,300
93665,1,300
93679,1,300
93740,1,300
93809,1,300
93815,1,300
93829,1,300
93892,1,300
93910,1,300
93926,1,300
93932,1,300
93958,1,300
93978,1,300
93986,1,300
94045,1,300
94061,1,300
94094,1,300
94107,1,300
94142,1,300
94173,1,300
94189,1,300
94220,1,300
94243,1,300
94278,1,300
94284,1,300
94297,1,300
94307,1,300
94310,1,300
94363,1,300
94414,1,300
94459,1,300
94510,1,300
94553,1,300
94578,1,300
94584,1,300
94592,1,300
94613,1,300
94668,1,300
94688,1,300
94736,1,300
94791,1,300
94834,1,300
94865,1,300
94875,1,300
94921,1,300
94924,1,300
94949,1,300
94984,1,300
95005,1,300
95049,1,300
95088,1,300
95122,1,300
95147,1,300
95169,1,300
95201,1,300
95236,1,300
95239,1,300
95240,1,300
95262,1,300
95311,1,300
95328,1,300
95375,1,300
95429,1,300
95481,1,300
95498,1,300
95537,1,300
95593,1,300
95623,1,300
95655,1,300
95707,1,300
95744,1,300
95769,1,300
95816,1,300
95829,1,300
95854,1,300
95891,1,300
95909,1,300
95934,1,300
95952,1,300
95963,1,300
95985,1,300
96011,1,300
96018,1,300
96061,1,300
96113,1,300
96122,1,300
96161,1,300
96192,1,300
96195,1,300
96254,1,300
96287,1,300
96300,1,300
96337,1,300
96359,1,300
96388,1,300
96440,1,300
96454,1,300
96512,1,300
96512,1,300
96541,1,300
96595,1,300
96600,1,300
96603,1,300
96646,1,300
96689,1,300
96709,1,300
96742,1,300
96755,1,300
96794,1,300
96842,1,300
96898,1,300
96937,1,300
96985,1,300
97054,1,300
97074,1,300
97125,1,300
97161,1,300
97201,1,300
97250,1,300
97288,1,300
97295,1,300
97353,1,300
97406,1,300
97411,1,300
97462,1,300
97474,1,300
97530,1,300
97530,1,300
97581,1,300
97601,1,300
97637,1,300
97660,1,300
97669,1,300
97700,1,300
97729,1,300
97743,1,300
97779,1,300
97802,1,300
97814,1,300
97819,1,300
97820,1,300
97867,1,300
97896,1,300
97949,1,300
97987,1,300
98026,1,300
98046,1,300
98050,1,300
98090,1,300
98142,1,300
98174,1,300
98198,1,300
98216,1,300
98218,1,300
98280,1,300
98298,1,300
98308,1,300
98356,1,300
98408,1,300
98434,1,300
98472,1,300
98500,1,300
98540,1,300
98554,1,300
98606,1,300
98636,1,300
98644,1,300
98650,1,300
98674,1,300
98736,1,300
98770,1,300
98780,1,300
98842,1,300
98904,1,300
98942,1,300
98962,1,300
98992,1,300
99016,1,300
99049,1,300
99098,1,300
99119,1,300
99122,1,300
99175,1,300
99183,1,300
99241,1,300
99260,1,300
99268,1,300
99307,1,300
99337,1,300
99363,1,300
99414,1,300
99433,1,300
99440,1,300
99496,1,300
99508,1,300
99511,1,300
99539,1,300
99581,1,300
99614,1,300
99642,1,300
99670,1,300
99725,1,300
99746,1,300
99754,1,300
99759,1,300
99807,1,300
99842,1,300
99898,1,300
99942,1,300
99982,1,300
100067,1,300
100102,1,300
100122,1,300
100145,1,300
100174,1,300
100191,1,300
100267,1,300
100308,1,300
100316,1,300
100324,1,300
100344,1,300
100423,1,300
100423,1,300
100423,1,300
100481,1,300
100531,1,300
100563,1,300
100571,1,300
100641,1,300
100679,1,300
100758,1,300
100772,1,300
100833,1,300
100841,1,300
100852,1,300
100887,1,300
100951,1,300
100962,1,300
100982,1,300
101049,1,300
101075,1,300
101111,1,300
101160,1,300
101165,1,300
101216,1,300
101235,1,300
101284,1,300
101310,1,300
101336,1,300
101393,1,300
101410,1,300
101448,1,300
101484,1,300
101524,1,300
101525,1,300
101565,1,300
101584,1,300
101641,1,300
101692,1,300
101747,1,300
101775,1,300
101817,1,300
101843,1,300
101858,1,300
101905,1,300
101937,1,300
101938,1,300
101966,1,300
101985,1,300
102036,1,300
102081,1,300
102093,1,300
102175,1,300
102236,1,300
102281,1,300
102342,1,300
102427,1,300
102430,1,300
102463,1,300
102490,1,300
102505,1,300
102505,1,300
102514,1,300
102532,1,300
102556,1,300
102565,1,300
102620,1,300
102675,1,300
102708,1,300
102708,1,300
102747,1,300
102783,1,300
102807,1,300
102855,1,300
102882,1,300
102906,1,300
102988,1,300
103046,1,300
103071,1,300
103129,1,300
103180,1,300
103245,1,300
103282,1,300
103310,1,300
103338,1,300
103401,1,300
103459,1,300
103480,1,300
103508,1,300
103552,1,300
103561,1,300
103589,1,300
103645,1,300
103654,1,300
103663,1,300
103702,1,300
103725,1,300
103769,1,300
103808,1,300
103864,1,300
103887,1,300
103898,1,300
103947,1,300
103956,1,300
103986,1,300
104019,1,300
104051,1,300
104068,1,300
104078,1,300
104079,1,300
104105,1,300
104141,1,300
104192,1,300
104213,1,300
104229,1,300
104255,1,300
104281,1,300
104295,1,300
104346,1,300
104386,1,300
104394,1,300
104432,1,300
104443,1,300
104469,1,300
104514,1,300
104527,1,300
104557,1,300
104605,1,300
104647,1,300
104664,1,300
104709,1,300
104744,1,300
104787,1,300
104810,1,300
104818,1,300
104854,1,300
104899,1,300
104926,1,300
104937,1,300
104983,1,300
105021,1,300
105087,1,300
105137,1,300
105189,1,300
105249,1,300
105299,1,300
105362,1,300
105414,1,300
105421,1,300
105468,1,300
105505,1,300
105510,1,300
105568,1,300
105607,1,300
105649,1,300
105704,1,300
105706,1,300
105719,1,300
105790,1,300
105827,1,300
105874,1,300
105874,1,300
105887,1,300
105918,1,300
105960,1,300
105981,1,300
105988,1,300
106071,1,300
106082,1,300
106153,1,300
106206,1,300
106241,1,300
106241,1,300
106306,1,300
106329,1,300
106385,1,300
106385,1,300
106441,1,300
106509,1,300
106538,1,300
106546,1,300
106602,1,300
106661,1,300
106681,1,300
106716,1,300
106787,1,300
106846,1,300
106854,1,300
106880,1,300
106942,1,300
106947,1,300
106982,1,300
107079,1,300
107107,1,300
107150,1,300
107193,1,300
107203,1,300
107231,1,300
107249,1,300
107267,1,300
107285,1,300
107303,1,300
107368,1,300
107393,1,300
107476,1,300
107479,1,300
107544,1,300
107612,1,300
107622,1,300
107661,1,300
107747,1,300
107797,1,300
107854,1,300
107915,1,300
107965,1,300
107986,1,300
108044,1,300
108062,1,300
108087,1,300
108145,1,300
108159,1,300
108217,1,300
108228,1,300
108261,1,300
108341,1,300
108421,1,300
108483,1,300
108538,1,300
108549,1,300
108618,1,300
108658,1,300
108705,1,300
108738,1,300
108767,1,300
108792,1,300
108858,1,300
108894,1,300
108963,1,300
108988,1,300
109003,1,300
109014,1,300
109081,1,300
109107,1,300
109140,1,300
109177,1,300
109248,1,300
109262,1,300
109295,1,300
109377,1,300
109436,1,300
109492,1,300
109514,1,300
109551,1,300
109588,1,300
109640,1,300
109647,1,300
109691,1,300
109780,1,300
109780,1,300
109836,1,300
109907,1,300
109933,1,300
109936,1,300
109988,1,300
110036,1,300
110101,1,300
110130,1,300
110149,1,300
110221,1,300
110227,1,300
110230,1,300
110253,1,300
110279,1,300
110288,1,300
110360,1,300
110389,1,300
110451,1,300
110526,1,300
110568,1,300
110637,1,300
110686,1,300
110755,1,300
110764,1,300
110793,1,300
110809,1,300
110822,1,300
110900,1,300
110913,1,300
110988,1,300
111000,1,300
111061,1,300
111122,1,300
111157,1,300
111202,1,300
111259,1,300
111287,1,300
111296,1,300
111376,1,300
111456,1,300
111456,1,300
111497,1,300
111542,1,300
111567,1,300
111567,1,300
111637,1,300
111678,1,300
111748,1,300
111783,1,300
111789,1,300
111805,1,300
111837,1,300
111865,1,300
111932,1,300
111954,1,300
111989,1,300
112023,1,300
112092,1,300
112129,1,300
112208,1,300
112254,1,300
112347,1,300
112407,1,300
112439,1,300
112485,1,300
112494,1,300
112531,1,300
112582,1,300
112600,1,300
112637,1,300
112711,1,300
112738,1,300
112765,1,300
112797,1,300
112820,1,300
112875,1,300
112888,1,300
112990,1,300
113049,1,300
113107,1,300
113140,1,300
113156,1,300
113209,1,300
113221,1,300
113258,1,300
113287,1,300
113336,1,300
113377,1,300
113430,1,300
113504,1,300
113508,1,300
113586,1,300
113619,1,300
113685,1,300
113734,1,300
113738,1,300
113804,1,300
113895,1,300
113936,1,300
113989,1,300
114046,1,300
114092,1,300
114129,1,300
114175,1,300
114187,1,300
114241,1,300
114274,1,300
114316,1,300
114374,1,300
114453,1,300
114511,1,300
114603,1,300
114645,1,300
114674,1,300
114682,1,300
114736,1,300
114740,1,300
114798,1,300
114827,1,300
114902,1,300
114986,1,300
114990,1,300
115077,1,300
115124,1,300
115188,1,300
115218,1,300
115230,1,300
115277,1,300
115346,1,300
115436,1,300
115453,1,300
115465,1,300
115538,1,300
115611,1,300
115615,1,300
115666,1,300
115696,1,300
115791,1,300
115795,1,300
115816,1,300
115828,1,300
115888,1,300
115931,1,300
115969,1,300
115986,1,300
116016,1,300
116058,1,300
116136,1,300
116152,1,300
116207,1,300
116269,1,300
116324,1,300
116327,1,300
116389,1,300
116408,1,300
116473,1,300
116499,1,300
116534,1,300
116550,1,300
116592,1,300
116637,1,300
116659,1,300
116681,1,300
116762,1,300
116781,1,300
116830,1,300
116846,1,300
116911,1,300
116927,1,300
116989,1,300
117017,1,300
117028,1,300
117086,1,300
117103,1,300
117150,1,300
117226,1,300
117255,1,300
117302,1,300
117384,1,300
117460,1,300
117560,1,300
117577,1,300
117606,1,300
117700,1,300
117729,1,300
117834,1,300
117904,1,300
117992,1,300
118008,1,300
118024,1,300
118032,1,300
118166,1,300
118174,1,300
118207,1,300
118282,1,300
118307,1,300
118349,1,300
118374,1,300
118458,1,300
118483,1,300
118583,1,300
118658,1,300
118683,1,300
118809,1,300
118951,1,300
118993,1,300
119098,1,300
119119,1,300
119224,1,300
119329,1,300
119385,1,300
119385,1,300
119455,1,300
119469,1,300
119525,1,300
119630,1,300
119693,1,300
119728,1,300
119735,1,300
119749,1,300
119833,1,300
119938,1,300
119994,1,300
120100,1,300
120223,1,300
120307,1,300
120360,1,300
120467,1,300
120513,1,300
120536,1,300
120612,1,300
120642,1,300
120657,1,300
120664,1,300
120702,1,300
120786,1,300
120901,1,300
120954,1,300
120984,1,300
120991,1,300
121121,1,300
121151,1,300
121241,1,300
121271,1,300
121346,1,300
121368,1,300
121481,1,300
121488,1,300
121525,1,300
121578,1,300
121623,1,300
121698,1,300
121766,1,300
121834,1,300
121932,1,300
121969,1,300
121991,1,300
122014,1,300
122050,1,300
122138,1,300
122240,1,300
122328,1,300
122394,1,300
122489,1,300
122599,1,300
122650,1,300
122701,1,300
122708,1,300
122737,1,300
122773,1,300
122861,1,300
122963,1,300
122992,1,300
123035,1,300
123049,1,300
123120,1,300
123127,1,300
123191,1,300
123205,1,300
123312,1,300
123354,1,300
123475,1,300
123503,1,300
123603,1,300
123667,1,300
123759,1,300
123859,1,300
123923,1,300
123980,1,300
123994,1,300
124157,1,300
124275,1,300
124380,1,300
124406,1,300
124432,1,300
124445,1,300
124471,1,300
124536,1,300
124667,1,300
124824,1,300
124850,1,300
124902,1,300
124994,1,300
124994,1,300
125017,1,300
125139,1,300
125191,1,300
125261,1,300
125261,1,300
125322,1,300
125374,1,300
125444,1,300
125444,1,300
125566,1,300
125644,1,300
125705,1,300
125836,1,300
125941,1,300
125993,1,300
126028,1,300
126042,1,300
126056,1,300
126241,1,300
126269,1,300
126283,1,300
126311,1,300
126396,1,300
126396,1,300
126438,1,300
126495,1,300
126552,1,300
126580,1,300
126794,1,300
126994,1,300
127017,1,300
127115,1,300
127159,1,300
127275,1,300
127310,1,300
127372,1,300
127461,1,300
127577,1,300
127675,1,300
127764,1,300
127799,1,300
127861,1,300
127932,1,300
127994,1,300
128073,1,300
128183,1,300
128263,1,300
128321,1,300
128357,1,300
128379,1,300
128504,1,300
128599,1,300
128599,1,300
128731,1,300
128753,1,300
128760,1,300
128833,1,300
128869,1,300
128935,1,300
128942,1,300
128978,1,300
128992,1,300
129022,1,300
129125,1,300
129262,1,300
129376,1,300
129433,1,300
129490,1,300
129627,1,300
129741,1,300
129809,1,300
129831,1,300
129911,1,300
129991,1,300
130043,1,300
130139,1,300
130246,1,300
130353,1,300
130471,1,300
130546,1,300
130610,1,300
130696,1,300
130771,1,300
130889,1,300
130953,1,300
130996,1,300
131157,1,300
131199,1,300
131341,1,300
131441,1,300
131555,1,300
131655,1,300
131783,1,300
131811,1,300
131825,1,300
131853,1,300
131938,1,300
131995,1,300
132131,1,300
132209,1,300
132393,1,300
132524,1,300
132524,1,300
132655,1,300
132839,1,300
132891,1,300
132996,1,300
133125,1,300
133142,1,300
133267,1,300
133284,1,300
133373,1,300
133551,1,300
133693,1,300
133800,1,300
133907,1,300
133996,1,300
134150,1,300
134400,1,300
134400,1,300
134450,1,300
134600,1,300
134600,1,300
134700,1,300
134825,1,300
134850,1,300
135000,1,300
135100,1,300
135242,1,300
135342,1,300
135456,1,300
135484,1,300
135555,1,300
135683,1,300
135754,1,300
135811,1,300
135939,1,300
135996,1,300
136076,1,300
136152,1,300
136177,1,300
136253,1,300
136278,1,300
136406,1,300
136559,1,300
136687,1,300
136763,1,300
136993,1,300
137142,1,300
137227,1,300
137369,1,300
137597,1,300
137682,1,300
137710,1,300
137938,1,300
137966,1,300
137994,1,300
138072,1,300
138126,1,300
138198,1,300
138361,1,300
138397,1,300
138560,1,300
138687,1,300
138723,1,300
138813,1,300
138994,1,300
139217,1,300
139390,1,300
139520,1,300
139650,1,300
139693,1,300
139823,1,300
139996,1,300
140076,1,300
140122,1,300
140245,1,300
140260,1,300
140383,1,300
140506,1,300
140536,1,300
140612,1,300
140812,1,300
140858,1,300
140888,1,300
140903,1,300
140995,1,300
141100,1,300
141300,1,300
141450,1,300
141700,1,300
141850,1,300
142000,1,300
142250,1,300
142750,1,300
142875,1,300
143000,1,300
143000,1,300
143000,1,300
143055,1,300
143221,1,300
143443,1,300
143554,1,300
143776,1,300
143998,1,300
144000,1,300
144222,1,300
144296,1,300
144518,1,300
144629,1,300
144888,1,300
144925,1,300
144999,1,300
145000,1,300
145153,1,300
145191,1,300
145383,1,300
145575,1,300
145844,1,300
145997,1,300
146166,1,300
146416,1,300
146457,1,300
146623,1,300
146789,1,300
146997,1,300
147242,1,300
147302,1,300
147483,1,300
147573,1,300
147815,1,300
147815,1,300
147905,1,300
147995,1,300
148142,1,300
148284,1,300
148498,1,300
148712,1,300
148997,1,300
149266,1,300
149599,1,300
149799,1,300
149932,1,300
149998,1,300
150052,1,300
150157,1,300
150420,1,300
150577,1,300
150892,1,300
150997,1,300
151285,1,300
151570,1,300
151998,1,300
152065,1,300
152108,1,300
152238,1,300
152324,1,300
152476,1,300
152628,1,300
152801,1,300
152822,1,300
152887,1,300
152995,1,300
153200,1,300
153233,1,300
153433,1,300
153599,1,300
153799,1,300
153799,1,300
153999,1,300
154062,1,300
154249,1,300
154499,1,300
154811,1,300
154998,1,300
155166,1,300
155388,1,300
155665,1,300
155720,1,300
155997,1,300
156750,1,300
156750,1,300
157000,1,300
157142,1,300
157284,1,300
157569,1,300
157997,1,300
157997,1,300
158214,1,300
158214,1,300
158428,1,300
158570,1,300
158855,1,300
158997,1,300
159074,1,300
159259,1,300
159259,1,300
159333,1,300
159592,1,300
159740,1,300
159962,1,300
159999,1,300
160666,1,300
160999,1,300
161400,1,300
161800,1,300
162000,1,300
162428,1,300
162713,1,300
162998,1,300
163000,1,300
163666,1,300
163999,1,300
164142,1,300
164142,1,300
164199,1,300
164284,1,300
164312,1,300
164369,1,300
164469,1,300
164597,1,300
164754,1,300
164839,1,300
164996,1,300
165250,1,300
165300,1,300
165450,1,300
165650,1,300
165950,1,300
166000,1,300
166250,1,300
166400,1,300
166650,1,300
166800,1,300
166900,1,300
167000,1,300
167357,1,300
167357,1,300
167428,1,300
167785,1,300
167999,1,300
168500,1,300
168833,1,300
168999,1,300
169181,1,300
169181,1,300
169544,1,300
169634,1,300
169997,1,300
170200,1,300
170800,1,300
171000,1,300
171000,1,300
171150,1,300
171300,1,300
171450,1,300
171500,1,300
171800,1,300
172000,1,300
172200,1,300
172600,1,300
173000,1,300
173250,1,300
173750,1,300
174000,1,300
174181,1,300
174453,1,300
174725,1,300
174997,1,300
175000,1,300
176082,1,300
176129,1,300
176270,1,300
176270,1,300
176328,1,300
176386,1,300
176527,1,300
176632,1,300
176702,1,300
176807,1,300
176854,1,300
176995,1,300
176995,1,300
177200,1,300
177200,1,300
177550,1,300
177550,1,300
177600,1,300
177950,1,300
178000,1,300
178000,1,300
178000,1,300
178307,1,300
178460,1,300
178844,1,300
178997,1,300
179250,1,300
179333,1,300
179666,1,300
179999,1,300
180000,1,300
180750,1,300
181000,1,300
181200,1,300
181400,1,300
181800,1,300
182000,1,300
182000,1,300
182187,1,300
182312,1,300
182624,1,300
182749,1,300
182999,1,300
183120,1,300
183240,1,300
183480,1,300
183520,1,300
183680,1,300
183920,1,300
184000,1,300
184222,1,300
184499,1,300
184610,1,300
184832,1,300
184998,1,300
185333,1,300
185777,1,300
185777,1,300
185999,1,300
186166,1,300
186832,1,300
186832,1,300
186998,1,300
186998,1,300
187000,1,300
187250,1,300
188000,1,300
188011,1,300
188081,1,300
188163,1,300
188280,1,300
188374,1,300
188503,1,300
188620,1,300
188655,1,300
188784,1,300
188901,1,300
188901,1,300
188995,1,300
189166,1,300
189332,1,300
189665,1,300
189748,1,300
189998,1,300
190230,1,300
190537,1,300
190767,1,300
190997,1,300
191096,1,300
191257,1,300
191321,1,300
191482,1,300
191707,1,300
191900,1,300
191996,1,300
192272,1,300
192635,1,300
192725,1,300
192997,1,300
193214,1,300
193285,1,300
193499,1,300
193713,1,300
193998,1,300
194117,1,300
194293,1,300
194469,1,300
194763,1,300
194998,1,300
195312,1,300
195437,1,300
195562,1,300
195624,1,300
195874,1,300
195999,1,300
196500,1,300
196500,1,300
196833,1,300
196999,1,300
197333,1,300
197583,1,300
197833,1,300
197999,1,300
198190,1,300
198380,1,300
198570,1,300
198808,1,300
198998,1,300
199000,1,300
199333,1,300
199999,1,300
200021,1,300
200064,1,300
200085,1,300
200121,1,300
200208,1,300
200244,1,300
200280,1,300
200382,1,300
200484,1,300
200535,1,300
200629,1,300
200672,1,300
200781,1,300
200868,1,300
200904,1,300
200991,1,300
201043,1,300
201173,1,300
201390,1,300
201607,1,300
201693,1,300
201779,1,300
201996,1,300
202200,1,300
202466,1,300
202532,1,300
202865,1,300
202931,1,300
202997,1,300
203153,1,300
203383,1,300
203575,1,300
203728,1,300
203766,1,300
203919,1,300
203995,1,300
204066,1,300
204266,1,300
204666,1,300
204799,1,300
204932,1,300
204998,1,300
205111,1,300
205277,1,300
205332,1,300
205498,1,300
205664,1,300
205997,1,300
206277,1,300
206499,1,300
206554,1,300
206609,1,300
206886,1,300
206886,1,300
206997,1,300
207045,1,300
207317,1,300
207498,1,300
207679,1,300
207769,1,300
207859,1,300
207995,1,300
208000,1,300
208400,1,300
209000,1,300
209000,1,300
209000,1,300
210000,1,300
210176,1,300
210470,1,300
210587,1,300
210881,1,300
210998,1,300
211111,1,300
211222,1,300
211333,1,300
211444,1,300
211777,1,300
211999,1,300
212058,1,300
212058,1,300
212091,1,300
212199,1,300
212265,1,300
212306,1,300
212414,1,300
212489,1,300
212497,1,300
212555,1,300
212571,1,300
212654,1,300
212770,1,300
212870,1,300
212995,1,300
213119,1,300
213214,1,300
213333,1,300
213475,1,300
213594,1,300
213760,1,300
213879,1,300
213926,1,300
213997,1,300
214192,1,300
214268,1,300
214460,1,300
214460,1,300
214690,1,300
214805,1,300
214997,1,300
215038,1,300
215307,1,300
215537,1,300
215767,1,300
215805,1,300
215958,1,300
215996,1,300
216272,1,300
216362,1,300
216498,1,300
216543,1,300
216861,1,300
216997,1,300
216997,1,300
217137,1,300
217343,1,300
217480,1,300
217617,1,300
217823,1,300
217995,1,300
218172,1,300
218413,1,300
218481,1,300
218584,1,300
218756,1,300
218790,1,300
218996,1,300
219176,1,300
219381,1,300
219557,1,300
219557,1,300
219762,1,300
219967,1,300
219967,1,300
219996,1,300
220222,1,300
220407,1,300
220518,1,300
220703,1,300
220888,1,300
220999,1,300
221136,1,300
221317,1,300
221589,1,300
221725,1,300
221770,1,300
221997,1,300
222125,1,300
222281,1,300
222468,1,300
222499,1,300
222624,1,300
222811,1,300
222998,1,300
223214,1,300
223285,1,300
223499,1,300
223713,1,300
223927,1,300
223927,1,300
223998,1,300
224039,1,300
224118,1,300
224149,1,300
224212,1,300
224227,1,300
224353,1,300
224353,1,300
224392,1,300
224455,1,300
224478,1,300
224604,1,300
224707,1,300
224762,1,300
224865,1,300
224872,1,300
224967,1,300
224990,1,300
225041,1,300
225175,1,300
225236,1,300
225328,1,300
225420,1,300
225564,1,300
225605,1,300
225739,1,300
225800,1,300
225810,1,300
225902,1,300
225902,1,300
225963,1,300
225993,1,300
226038,1,300
226086,1,300
226221,1,300
226250,1,300
226376,1,300
226405,1,300
226472,1,300
226588,1,300
226714,1,300
226781,1,300
226829,1,300
226838,1,300
226905,1,300
226992,1,300
227085,1,300
227095,1,300
227190,1,300
227275,1,300
227275,1,300
227402,1,300
227519,1,300
227540,1,300
227603,1,300
227720,1,300
227868,1,300
227878,1,300
227920,1,300
227994,1,300
228078,1,300
228156,1,300
228221,1,300
228313,1,300
228352,1,300
228496,1,300
228614,1,300
228719,1,300
228837,1,300
228863,1,300
228928,1,300
228993,1,300
229109,1,300
229206,1,300
229291,1,300
229388,1,300
229412,1,300
229448,1,300
229521,1,300
229655,1,300
229776,1,300
229849,1,300
229909,1,300
229994,1,300
230041,1,300
230132,1,300
230157,1,300
230248,1,300
230331,1,300
230422,1,300
230497,1,300
230530,1,300
230588,1,300
230671,1,300
230779,1,300
230887,1,300
230978,1,300
230994,1,300
231098,1,300
231238,1,300
231266,1,300
231378,1,300
231518,1,300
231588,1,300
231644,1,300
231658,1,300
231658,1,300
231770,1,300
231854,1,300
231994,1,300
232000,1,300
232037,1,300
232187,1,300
232243,1,300
232412,1,300
232581,1,300
232675,1,300
232731,1,300
232900,1,300
232994,1,300
233137,1,300
233156,1,300
233312,1,300
233390,1,300
233448,1,300
233526,1,300
233643,1,300
233780,1,300
233956,1,300
233995,1,300
234037,1,300
234135,1,300
234246,1,300
234369,1,300
234393,1,300
234479,1,300
234516,1,300
234590,1,300
234676,1,300
234774,1,300
234897,1,300
234995,1,300
235133,1,300
235233,1,300
235383,1,300
235399,1,300
235549,1,300
235582,1,300
235665,1,300
235748,1,300
235848,1,300
235964,1,300
235997,1,300
236050,1,300
236075,1,300
236128,1,300
236185,1,300
236220,1,300
236270,1,300
236331,1,300
236384,1,300
236459,1,300
236466,1,300
236473,1,300
236516,1,300
236569,1,300
236622,1,300
236690,1,300
236769,1,300
236776,1,300
236786,1,300
236854,1,300
236875,1,300
236918,1,300
236989,1,300
237025,1,300
237140,1,300
237140,1,300
237293,1,300
237369,1,300
237433,1,300
237433,1,300
237484,1,300
237522,1,300
237637,1,300
237726,1,300
237828,1,300
237994,1,300
238108,1,300
238252,1,300
238264,1,300
238276,1,300
238300,1,300
238444,1,300
238468,1,300
238588,1,300
238732,1,300
238792,1,300
238852,1,300
238864,1,300
238960,1,300
238996,1,300
239045,1,300
239090,1,300
239180,1,300
239191,1,300
239236,1,300
239304,1,300
239474,1,300
239508,1,300
239667,1,300
239723,1,300
239757,1,300
239813,1,300
239881,1,300
239983,1,300
239994,1,300
240104,1,300
240170,1,300
240236,1,300
240264,1,300
240368,1,300
240491,1,300
240538,1,300
240557,1,300
240585,1,300
240680,1,300
240803,1,300
240926,1,300
240992,1,300
241023,1,300
241162,1,300
241208,1,300
241335,1,300
241439,1,300
241555,1,300
241589,1,300
241705,1,300
241763,1,300
241786,1,300
241867,1,300
241936,1,300
241994,1,300
242076,1,300
242114,1,300
242199,1,300
242332,1,300
242398,1,300
242407,1,300
242530,1,300
242568,1,300
242672,1,300
242748,1,300
242757,1,300
242871,1,300
242918,1,300
242994,1,300
243054,1,300
243154,1,300
243216,1,300
243324,1,300
243409,1,300
243486,1,300
243586,1,300
243609,1,300
243686,1,300
243779,1,300
243864,1,300
243957,1,300
243964,1,300
243995,1,300
244129,1,300
244225,1,300
244289,1,300
244353,1,300
244498,1,300
244546,1,300
244562,1,300
244594,1,300
244771,1,300
244883,1,300
244947,1,300
244995,1,300
245114,1,300
245145,1,300
245259,1,300
245269,1,300
245300,1,300
245362,1,300
245455,1,300
245527,1,300
245652,1,300
245766,1,300
245870,1,300
245995,1,300
246061,1,300
246214,1,300
246244,1,300
246382,1,300
246397,1,300
246566,1,300
246612,1,300
246750,1,300
246796,1,300
246872,1,300
246995,1,300
247133,1,300
247199,1,300
247265,1,300
247465,1,300
247531,1,300
247575,1,300
247730,1,300
247796,1,300
247996,1,300
248031,1,300
248105,1,300
248158,1,300
248216,1,300
248306,1,300
248375,1,300
248433,1,300
248523,1,300
248560,1,300
248565,1,300
248655,1,300
248681,1,300
248734,1,300
248760,1,300
248834,1,300
248839,1,300
248918,1,300
248992,1,300
249084,1,300
249219,1,300
249388,1,300
249404,1,300
249454,1,300
249555,1,300
249588,1,300
249689,1,300
249773,1,300
249959,1,300
249992,1,300
250196,1,300
250196,1,300
250392,1,300
250490,1,300
250529,1,300
250587,1,300
250763,1,300
250939,1,300
250997,1,300
250997,1,300
251130,1,300
251225,1,300
251367,1,300
251426,1,300
251556,1,300
251651,1,300
251674,1,300
251745,1,300
251792,1,300
251899,1,300
251910,1,300
251993,1,300
252081,1,300
252212,1,300
252212,1,300
252244,1,300
252358,1,300
252472,1,300
252586,1,300
252717,1,300
252798,1,300
252912,1,300
252993,1,300
253192,1,300
253249,1,300
253402,1,300
253459,1,300
253632,1,300
253747,1,300
253747,1,300
253766,1,300
253823,1,300
253996,1,300
254161,1,300
254190,1,300
254234,1,300
254336,1,300
254438,1,300
254511,1,300
254672,1,300
254789,1,300
254891,1,300
254891,1,300
254993,1,300
255000,1,300
255142,1,300
255256,1,300
255298,1,300
255383,1,300
255397,1,300
255468,1,300
255496,1,300
255567,1,300
255681,1,300
255852,1,300
255923,1,300
255994,1,300
256126,1,300
256205,1,300
256331,1,300
256473,1,300
256584,1,300
256647,1,300
256805,1,300
256852,1,300
256883,1,300
256994,1,300
257142,1,300
257189,1,300
257260,1,300
257307,1,300
257473,1,300
257473,1,300
257544,1,300
257663,1,300
257877,1,300
257996,1,300
258217,1,300
258238,1,300
258411,1,300
258411,1,300
258563,1,300
258584,1,300
258627,1,300
258757,1,300
258865,1,300
258995,1,300
259074,1,300
259111,1,300
259111,1,300
259407,1,300
259555,1,300
259592,1,300
259777,1,300
259777,1,300
259999,1,300
260072,1,300
260180,1,300
260264,1,300
260300,1,300
260360,1,300
260468,1,300
260528,1,300
260660,1,300
260744,1,300
260828,1,300
260948,1,300
260996,1,300
260996,1,300
261269,1,300
261499,1,300
261652,1,300
261728,1,300
261804,1,300
261919,1,300
261995,1,300
262048,1,300
262194,1,300
262340,1,300
262364,1,300
262559,1,300
262607,1,300
262607,1,300
262802,1,300
262997,1,300
263100,1,300
263100,1,300
263366,1,300
263566,1,300
263732,1,300
263765,1,300
263965,1,300
263998,1,300
264125,1,300
264250,1,300
264437,1,300
264749,1,300
264999,1,300
265142,1,300
265284,1,300
265474,1,300
265569,1,300
265902,1,300
265902,1,300
265997,1,300
266250,1,300
266312,1,300
266687,1,300
266749,1,300
266936,1,300
266998,1,300
267105,1,300
267262,1,300
267314,1,300
267629,1,300
267786,1,300
267996,1,300
268272,1,300
268635,1,300
268907,1,300
268997,1,300
269142,1,300
269427,1,300
269712,1,300
269997,1,300
270142,1,300
270284,1,300
270855,1,300
270997,1,300
271375,1,300
271375,1,300
271625,1,300
272000,1,300
272125,1,300
272250,1,300
272500,1,300
273000,1,300
273125,1,300
273375,1,300
273750,1,300
274000,1,300
274250,1,300
274250,1,300
274750,1,300
275000,1,300
275333,1,300
275666,1,300
275832,1,300
275998,1,300
276750,1,300
277000,1,300
277000,1,300
277000,1,300
278666,1,300
278999,1,300
279500,1,300
280000,1,300
280400,1,300
280800,1,300
281000,1,300
281250,1,300
281500,1,300
281666,1,300
281999,1,300
282140,1,300
282297,1,300
282349,1,300
282419,1,300
282454,1,300
282559,1,300
282646,1,300
282733,1,300
282890,1,300
282995,1,300
283083,1,300
283166,1,300
283582,1,300
283915,1,300
283998,1,300
284400,1,300
284800,1,300
285000,1,300
285000,1,300
285000,1,300
286166,1,300
286666,1,300
286666,1,300
286999,1,300
287500,1,300
287500,1,300
288000,1,300
288000,1,300
288000,1,300
290000,1,300
290000,1,300
