333,1,300
833,1,300
833,1,300
833,1,300
999,1,300
1083,1,300
1249,1,300
1665,1,300
1915,1,300
1998,1,300
2500,1,300
2625,1,300
2875,1,300
3000,1,300
3166,1,300
3388,1,300
3499,1,300
3721,1,300
3998,1,300
4166,1,300
4416,1,300
4499,1,300
4665,1,300
4998,1,300
5200,1,300
5400,1,300
5800,1,300
6000,1,300
6200,1,300
6500,1,300
6600,1,300
7000,1,300
7750,1,300
7750,1,300
7750,1,300
8000,1,300
8000,1,300
8333,1,300
8999,1,300
9108,1,300
9173,1,300
9173,1,300
9303,1,300
9324,1,300
9410,1,300
9562,1,300
9757,1,300
9974,1,300
9995,1,300
10294,1,300
10470,1,300
10646,1,300
10704,1,300
10939,1,300
10997,1,300
11300,1,300
11400,1,300
11800,1,300
12000,1,300
12000,1,300
12181,1,300
12181,1,300
12635,1,300
12635,1,300
12998,1,300
13000,1,300
13375,1,300
13875,1,300
14000,1,300
14105,1,300
14131,1,300
14262,1,300
14446,1,300
14551,1,300
14735,1,300
14787,1,300
14997,1,300
15166,1,300
15499,1,300
15499,1,300
15999,1,300
16166,1,300
16832,1,300
16998,1,300
16998,1,300
17500,1,300
18000,1,300
19000,1,300
19500,1,300
19750,1,300
20000,1,300
20028,1,300
20129,1,300
20172,1,300
20229,1,300
20229,1,300
20301,1,300
20344,1,300
20503,1,300
20604,1,300
20748,1,300
20820,1,300
20993,1,300
21218,1,300
21405,1,300
21405,1,300
21467,1,300
21717,1,300
21842,1,300
21967,1,300
21998,1,300
22294,1,300
22294,1,300
22646,1,300
22763,1,300
22880,1,300
22997,1,300
23108,1,300
23216,1,300
23405,1,300
23594,1,300
23756,1,300
23945,1,300
23972,1,300
23999,1,300
24125,1,300
24500,1,300
24875,1,300
25000,1,300
25000,1,300
25111,1,300
25555,1,300
25666,1,300
25999,1,300
26125,1,300
26291,1,300
26541,1,300
26707,1,300
26832,1,300
26998,1,300
27115,1,300
27268,1,300
27498,1,300
27613,1,300
27651,1,300
27920,1,300
27996,1,300
28266,1,300
28466,1,300
28466,1,300
28732,1,300
28998,1,300
29166,1,300
29499,1,300
29832,1,300
29998,1,300
30000,1,300
30272,1,300
30726,1,300
30816,1,300
30997,1,300
30997,1,300
31333,1,300
31666,1,300
31999,1,300
32102,1,300
32146,1,300
32229,1,300
32286,1,300
32318,1,300
32420,1,300
32471,1,300
32515,1,300
32540,1,300
32636,1,300
32706,1,300
32763,1,300
32801,1,300
32826,1,300
32915,1,300
32921,1,300
32991,1,300
33024,1,300
33243,1,300
33243,1,300
33364,1,300
33412,1,300
33509,1,300
33557,1,300
33630,1,300
33776,1,300
33995,1,300
34161,1,300
34193,1,300
34289,1,300
34385,1,300
34546,1,300
34642,1,300
34835,1,300
34996,1,300
35025,1,300
35178,1,300
35383,1,300
35434,1,300
35613,1,300
35664,1,300
35817,1,300
35996,1,300
36157,1,300
36157,1,300
36262,1,300
36419,1,300
36734,1,300
36997,1,300
37171,1,300
37313,1,300
37455,1,300
37512,1,300
37626,1,300
37768,1,300
37910,1,300
37995,1,300
38318,1,300
38363,1,300
38408,1,300
38408,1,300
38680,1,300
38725,1,300
38952,1,300
38997,1,300
39066,1,300
39110,1,300
39132,1,300
39243,1,300
39420,1,300
39575,1,300
39686,1,300
39863,1,300
39996,1,300
40115,1,300
40345,1,300
40498,1,300
40690,1,300
40843,1,300
40958,1,300
40996,1,300
41333,1,300
41416,1,300
41499,1,300
41749,1,300
41749,1,300
41999,1,300
42176,1,300
42293,1,300
42410,1,300
42410,1,300
42410,1,300
42586,1,300
42997,1,300
43259,1,300
43296,1,300
43518,1,300
43629,1,300
43703,1,300
43888,1,300
43999,1,300
44094,1,300
44125,1,300
44214,1,300
44271,1,300
44291,1,300
44296,1,300
44306,1,300
44347,1,300
44436,1,300
44493,1,300
44524,1,300
44571,1,300
44612,1,300
44685,1,300
44716,1,300
44778,1,300
44830,1,300
44908,1,300
44991,1,300
45068,1,300
45142,1,300
45160,1,300
45246,1,300
45289,1,300
45344,1,300
45399,1,300
45411,1,300
45485,1,300
45565,1,300
45596,1,300
45689,1,300
45769,1,300
45862,1,300
45911,1,300
45991,1,300
46065,1,300
46101,1,300
46188,1,300
46224,1,300
46296,1,300
46376,1,300
46434,1,300
46521,1,300
46564,1,300
46615,1,300
46702,1,300
46796,1,300
46803,1,300
46897,1,300
46955,1,300
46991,1,300
47097,1,300
47118,1,300
47237,1,300
47291,1,300
47388,1,300
47464,1,300
47605,1,300
47746,1,300
47746,1,300
47778,1,300
47908,1,300
47918,1,300
47939,1,300
47993,1,300
48030,1,300
48090,1,300
48226,1,300
48226,1,300
48241,1,300
48377,1,300
48422,1,300
48558,1,300
48648,1,300
48678,1,300
48768,1,300
48798,1,300
48964,1,300
48994,1,300
49090,1,300
49098,1,300
49196,1,300
49302,1,300
49416,1,300
49481,1,300
49612,1,300
49677,1,300
49742,1,300
49840,1,300
49856,1,300
49864,1,300
49872,1,300
49896,1,300
49912,1,300
49993,1,300
50052,1,300
50165,1,300
50269,1,300
50321,1,300
50373,1,300
50399,1,300
50494,1,300
50580,1,300
50684,1,300
50727,1,300
50744,1,300
50839,1,300
50908,1,300
50994,1,300
51076,1,300
51152,1,300
51219,1,300
51227,1,300
51252,1,300
51379,1,300
51455,1,300
51463,1,300
51522,1,300
51632,1,300
51682,1,300
51741,1,300
51791,1,300
51875,1,300
51993,1,300
52111,1,300
52166,1,300
52177,1,300
52310,1,300
52387,1,300
52431,1,300
52564,1,300
52652,1,300
52785,1,300
52829,1,300
52840,1,300
52895,1,300
52995,1,300
53071,1,300
53196,1,300
53338,1,300
53355,1,300
53426,1,300
53479,1,300
53479,1,300
53514,1,300
53639,1,300
53835,1,300
53995,1,300
54101,1,300
54126,1,300
54168,1,300
54201,1,300
54311,1,300
54395,1,300
54462,1,300
54487,1,300
54614,1,300
54698,1,300
54816,1,300
54883,1,300
54916,1,300
54983,1,300
54991,1,300
55090,1,300
55226,1,300
55294,1,300
55396,1,300
55498,1,300
55554,1,300
55565,1,300
55655,1,300
55677,1,300
55711,1,300
55756,1,300
55858,1,300
55994,1,300
56003,1,300
56044,1,300
56107,1,300
56133,1,300
56155,1,300
56245,1,300
56308,1,300
56323,1,300
56326,1,300
56333,1,300
56344,1,300
56385,1,300
56467,1,300
56482,1,300
56534,1,300
56594,1,300
56642,1,300
56649,1,300
56742,1,300
56828,1,300
56846,1,300
56868,1,300
56901,1,300
56927,1,300
56945,1,300
56967,1,300
56985,1,300
57062,1,300
57133,1,300
57146,1,300
57168,1,300
57221,1,300
57270,1,300
57350,1,300
57435,1,300
57515,1,300
57523,1,300
57594,1,300
57616,1,300
57687,1,300
57709,1,300
57713,1,300
57793,1,300
57815,1,300
57882,1,300
57949,1,300
57989,1,300
58005,1,300
58033,1,300
58038,1,300
58049,1,300
58145,1,300
58213,1,300
58281,1,300
58349,1,300
58428,1,300
58513,1,300
58564,1,300
58569,1,300
58597,1,300
58636,1,300
58709,1,300
58816,1,300
58901,1,300
58923,1,300
58979,1,300
58990,1,300
59052,1,300
59071,1,300
59123,1,300
59168,1,300
59239,1,300
59317,1,300
59382,1,300
59427,1,300
59472,1,300
59491,1,300
59602,1,300
59634,1,300
59679,1,300
59698,1,300
59815,1,300
59854,1,300
59971,1,300
59990,1,300
60046,1,300
60046,1,300
60113,1,300
60188,1,300
60242,1,300
60275,1,300
60317,1,300
60321,1,300
60400,1,300
60475,1,300
60538,1,300
60550,1,300
60604,1,300
60671,1,300
60721,1,300
60800,1,300
60867,1,300
60896,1,300
60959,1,300
60992,1,300
61076,1,300
61119,1,300
61167,1,300
61239,1,300
61311,1,300
61349,1,300
61416,1,300
61497,1,300
61549,1,300
61592,1,300
61649,1,300
61668,1,300
61706,1,300
61710,1,300
61777,1,300
61815,1,300
61891,1,300
61958,1,300
61991,1,300
62020,1,300
62077,1,300
62175,1,300
62263,1,300
62315,1,300
62372,1,300
62387,1,300
62454,1,300
62532,1,300
62604,1,300
62697,1,300
62707,1,300
62748,1,300
62815,1,300
62815,1,300
62872,1,300
62892,1,300
62985,1,300
62990,1,300
63025,1,300
63050,1,300
63050,1,300
63129,1,300
63175,1,300
63200,1,300
63225,1,300
63283,1,300
63341,1,300
63420,1,300
63424,1,300
63499,1,300
63578,1,300
63611,1,300
63657,1,300
63732,1,300
63811,1,300
63865,1,300
63949,1,300
63991,1,300
64074,1,300
64161,1,300
64239,1,300
64294,1,300
64377,1,300
64432,1,300
64469,1,300
64492,1,300
64510,1,300
64519,1,300
64551,1,300
64629,1,300
64693,1,300
64739,1,300
64766,1,300
64826,1,300
64853,1,300
64913,1,300
64991,1,300
65055,1,300
65055,1,300
65067,1,300
65160,1,300
65246,1,300
65314,1,300
65351,1,300
65363,1,300
65406,1,300
65480,1,300
65560,1,300
65597,1,300
65665,1,300
65751,1,300
65751,1,300
65813,1,300
65899,1,300
65917,1,300
65991,1,300
66020,1,300
66026,1,300
66052,1,300
66092,1,300
66092,1,300
66132,1,300
66178,1,300
66198,1,300
66304,1,300
66364,1,300
66490,1,300
66603,1,300
66643,1,300
66669,1,300
66689,1,300
66789,1,300
66895,1,300
66908,1,300
66994,1,300
67054,1,300
67072,1,300
67081,1,300
67108,1,300
67112,1,300
67139,1,300
67220,1,300
67265,1,300
67355,1,300
67395,1,300
67440,1,300
67480,1,300
67489,1,300
67525,1,300
67579,1,300
67674,1,300
67759,1,300
67768,1,300
67840,1,300
67912,1,300
67993,1,300
68004,1,300
68040,1,300
68078,1,300
68093,1,300
68108,1,300
68112,1,300
68145,1,300
68193,1,300
68198,1,300
68234,1,300
68246,1,300
68291,1,300
68332,1,300
68380,1,300
68400,1,300
68418,1,300
68463,1,300
68513,1,300
68544,1,300
68566,1,300
68572,1,300
68622,1,300
68644,1,300
68682,1,300
68718,1,300
68720,1,300
68756,1,300
68801,1,300
68813,1,300
68844,1,300
68869,1,300
68895,1,300
68900,1,300
68933,1,300
68945,1,300
68982,1,300
69046,1,300
69069,1,300
69102,1,300
69164,1,300
69187,1,300
69261,1,300
69333,1,300
69356,1,300
69358,1,300
69407,1,300
69419,1,300
69457,1,300
69475,1,300
69500,1,300
69554,1,300
69603,1,300
69675,1,300
69698,1,300
69698,1,300
69734,1,300
69744,1,300
69808,1,300
69818,1,300
69836,1,300
69887,1,300
69887,1,300
69930,1,300
69979,1,300
69989,1,300
70035,1,300
70037,1,300
70089,1,300
70106,1,300
70129,1,300
70193,1,300
70222,1,300
70289,1,300
70291,1,300
70355,1,300
70357,1,300
70404,1,300
70412,1,300
70423,1,300
70440,1,300
70495,1,300
70556,1,300
70556,1,300
70570,1,300
70605,1,300
70616,1,300
70695,1,300
70747,1,300
70814,1,300
70872,1,300
70886,1,300
70921,1,300
70982,1,300
71047,1,300
71066,1,300
71078,1,300
71103,1,300
71148,1,300
71167,1,300
71210,1,300
71235,1,300
71290,1,300
71330,1,300
71385,1,300
71387,1,300
71438,1,300
71472,1,300
71530,1,300
71577,1,300
71581,1,300
71628,1,300
71634,1,300
71666,1,300
71685,1,300
71723,1,300
71759,1,300
71804,1,300
71844,1,300
71897,1,300
71905,1,300
71967,1,300
71986,1,300
72047,1,300
72127,1,300
72180,1,300
72223,1,300
72249,1,300
72265,1,300
72291,1,300
72358,1,300
72428,1,300
72465,1,300
72485,1,300
72508,1,300
72508,1,300
72528,1,300
72575,1,300
72588,1,300
72621,1,300
72688,1,300
72698,1,300
72698,1,300
72761,1,300
72764,1,300
72790,1,300
72860,1,300
72903,1,300
72987,1,300
73009,1,300
73084,1,300
73090,1,300
73093,1,300
73106,1,300
73142,1,300
73201,1,300
73240,1,300
73259,1,300
73318,1,300
73364,1,300
73423,1,300
73465,1,300
73514,1,300
73566,1,300
73566,1,300
73575,1,300
73644,1,300
73703,1,300
73716,1,300
73745,1,300
73797,1,300
73823,1,300
73826,1,300
73845,1,300
73934,1,300
73950,1,300
73986,1,300
74021,1,300
74072,1,300
74130,1,300
74145,1,300
74187,1,300
74211,1,300
74287,1,300
74299,1,300
74350,1,300
74423,1,300
74432,1,300
74490,1,300
74526,1,300
74550,1,300
74559,1,300
74571,1,300
74613,1,300
74652,1,300
74716,1,300
74725,1,300
74804,1,300
74831,1,300
74849,1,300
74870,1,300
74943,1,300
74973,1,300
74988,1,300
75000,1,300
75012,1,300
75093,1,300
75093,1,300
75132,1,300
75207,1,300
75219,1,300
75252,1,300
75291,1,300
75372,1,300
75396,1,300
75432,1,300
75483,1,300
75519,1,300
75594,1,300
75597,1,300
75609,1,300
75621,1,300
75687,1,300
75744,1,300
75756,1,300
75756,1,300
75795,1,300
75843,1,300
75903,1,300
75978,1,300
75993,1,300
76051,1,300
76107,1,300
76140,1,300
76209,1,300
76268,1,300
76278,1,300
76329,1,300
76388,1,300
76395,1,300
76436,1,300
76436,1,300
76448,1,300
76455,1,300
76511,1,300
76516,1,300
76585,1,300
76644,1,300
76656,1,300
76725,1,300
76766,1,300
76807,1,300
76817,1,300
76871,1,300
76889,1,300
76901,1,300
76955,1,300
76988,1,300
77020,1,300
77054,1,300
77062,1,300
77064,1,300
77072,1,300
77077,1,300
77149,1,300
77186,1,300
77209,1,300
77226,1,300
77287,1,300
77354,1,300
77394,1,300
77426,1,300
77481,1,300
77530,1,300
77602,1,300
77639,1,300
77688,1,300
77760,1,300
77832,1,300
77858,1,300
77860,1,300
77909,1,300
77911,1,300
77954,1,300
77983,1,300
78037,1,300
78068,1,300
78079,1,300
78093,1,300
78130,1,300
78176,1,300
78199,1,300
78230,1,300
78256,1,300
78264,1,300
78292,1,300
78326,1,300
78360,1,300
78365,1,300
78402,1,300
78454,1,300
78514,1,300
78568,1,300
78602,1,300
78662,1,300
78728,1,300
78794,1,300
78834,1,300
78906,1,300
78972,1,300
78986,1,300
79050,1,300
79100,1,300
79134,1,300
79182,1,300
79208,1,300
79256,1,300
79293,1,300
79295,1,300
79316,1,300
79334,1,300
79382,1,300
79384,1,300
79453,1,300
79498,1,300
79514,1,300
79548,1,300
79614,1,300
79659,1,300
79677,1,300
79714,1,300
79762,1,300
79828,1,300
79841,1,300
79905,1,300
79937,1,300
79961,1,300
79987,1,300
80008,1,300
80009,1,300
80047,1,300
80052,1,300
80095,1,300
80097,1,300
80128,1,300
80146,1,300
80193,1,300
80203,1,300
80254,1,300
80275,1,300
80276,1,300
80278,1,300
80322,1,300
80349,1,300
80392,1,300
80396,1,300
80413,1,300
80438,1,300
80482,1,300
80507,1,300
80524,1,300
80559,1,300
80610,1,300
80620,1,300
80638,1,300
80653,1,300
80696,1,300
80700,1,300
80746,1,300
80787,1,300
80818,1,300
80859,1,300
80884,1,300
80888,1,300
80935,1,300
80979,1,300
81012,1,300
81035,1,300
81060,1,300
81070,1,300
81131,1,300
81135,1,300
81169,1,300
81186,1,300
81237,1,300
81273,1,300
81319,1,300
81331,1,300
81365,1,300
81433,1,300
81462,1,300
81481,1,300
81481,1,300
81544,1,300
81607,1,300
81615,1,300
81642,1,300
81680,1,300
81739,1,300
81768,1,300
81829,1,300
81860,1,300
81866,1,300
81891,1,300
81901,1,300
81918,1,300
81930,1,300
81985,1,300
82003,1,300
82006,1,300
82050,1,300
82101,1,300
82154,1,300
82191,1,300
82228,1,300
82266,1,300
82317,1,300
82357,1,300
82397,1,300
82443,1,300
82443,1,300
82465,1,300
82515,1,300
82526,1,300
82570,1,300
82582,1,300
82637,1,300
82651,1,300
82680,1,300
82728,1,300
82766,1,300
82810,1,300
82839,1,300
82844,1,300
82875,1,300
82910,1,300
82913,1,300
82948,1,300
82983,1,300
83031,1,300
83042,1,300
83059,1,300
83083,1,300
83114,1,300
83116,1,300
83149,1,300
83155,1,300
83190,1,300
83214,1,300
83247,1,300
83309,1,300
83311,1,300
83326,1,300
83392,1,300
83394,1,300
83447,1,300
83462,1,300
83504,1,300
83561,1,300
83594,1,300
83627,1,300
83678,1,300
83715,1,300
83723,1,300
83723,1,300
83783,1,300
83823,1,300
83880,1,300
83942,1,300
83988,1,300
84002,1,300
84030,1,300
84110,1,300
84112,1,300
84112,1,300
84169,1,300
84252,1,300
84266,1,300
84266,1,300
84294,1,300
84320,1,300
84377,1,300
84379,1,300
84428,1,300
84488,1,300
84522,1,300
84524,1,300
84593,1,300
84613,1,300
84644,1,300
84724,1,300
84729,1,300
84795,1,300
84875,1,300
84901,1,300
84915,1,300
84926,1,300
84969,1,300
84983,1,300
85048,1,300
85080,1,300
85134,1,300
85160,1,300
85194,1,300
85194,1,300
85210,1,300
85242,1,300
85252,1,300
85280,1,300
85342,1,300
85400,1,300
85440,1,300
85498,1,300
85532,1,300
85544,1,300
85572,1,300
85620,1,300
85670,1,300
85714,1,300
85728,1,300
85760,1,300
85802,1,300
85830,1,300
85846,1,300
85854,1,300
85888,1,300
85926,1,300
85930,1,300
85962,1,300
85994,1,300
86025,1,300
86069,1,300
86130,1,300
86170,1,300
86178,1,300
86199,1,300
86201,1,300
86226,1,300
86285,1,300
86327,1,300
86386,1,300
86424,1,300
86464,1,300
86476,1,300
86522,1,300
86579,1,300
86629,1,300
86643,1,300
86678,1,300
86694,1,300
86719,1,300
86759,1,300
86813,1,300
86857,1,300
86863,1,300
86896,1,300
86942,1,300
86967,1,300
86975,1,300
86987,1,300
87053,1,300
87057,1,300
87102,1,300
87138,1,300
87201,1,300
87264,1,300
87276,1,300
87323,1,300
87362,1,300
87417,1,300
87427,1,300
87429,1,300
87441,1,300
87494,1,300
87541,1,300
87563,1,300
87599,1,300
87656,1,300
87664,1,300
87678,1,300
87700,1,300
87724,1,300
87744,1,300
87787,1,300
87813,1,300
87835,1,300
87878,1,300
87919,1,300
87968,1,300
87980,1,300
87988,1,300
88014,1,300
88028,1,300
88055,1,300
88091,1,300
88133,1,300
88190,1,300
88192,1,300
88256,1,300
88303,1,300
88341,1,300
88343,1,300
88407,1,300
88449,1,300
88472,1,300
88482,1,300
88539,1,300
88596,1,300
88598,1,300
88598,1,300
88649,1,300
88698,1,300
88745,1,300
88747,1,300
88781,1,300
88810,1,300
88846,1,300
88884,1,300
88945,1,300
88955,1,300
88987,1,300
89047,1,300
89094,1,300
89133,1,300
89193,1,300
89261,1,300
89303,1,300
89305,1,300
89357,1,300
89401,1,300
89414,1,300
89474,1,300
89534,1,300
89539,1,300
89557,1,300
89628,1,300
89699,1,300
89717,1,300
89753,1,300
89816,1,300
89821,1,300
89857,1,300
89893,1,300
89900,1,300
89907,1,300
89917,1,300
89927,1,300
89942,1,300
89984,1,300
90005,1,300
90005,1,300
90007,1,300
90047,1,300
90117,1,300
90159,1,300
90226,1,300
90258,1,300
90305,1,300
90307,1,300
90312,1,300
90382,1,300
90382,1,300
90392,1,300
90454,1,300
90524,1,300
90544,1,300
90566,1,300
90611,1,300
90641,1,300
90651,1,300
90658,1,300
90675,1,300
90747,1,300
90819,1,300
90859,1,300
90894,1,300
90956,1,300
90973,1,300
90990,1,300
91027,1,300
91033,1,300
91064,1,300
91093,1,300
91099,1,300
91145,1,300
91187,1,300
91223,1,300
91233,1,300
91264,1,300
91310,1,300
91339,1,300
91385,1,300
91421,1,300
91446,1,300
91496,1,300
91534,1,300
91538,1,300
91582,1,300
91618,1,300
91634,1,300
91644,1,300
91703,1,300
91762,1,300
91819,1,300
91861,1,300
91894,1,300
91925,1,300
91986,1,300
92037,1,300
92044,1,300
92086,1,300
92126,1,300
92132,1,300
92160,1,300
92176,1,300
92176,1,300
92183,1,300
92193,1,300
92237,1,300
92273,1,300
92315,1,300
92356,1,300
92383,1,300
92401,1,300
92442,1,300
92445,1,300
92484,1,300
92519,1,300
92530,1,300
92538,1,300
92559,1,300
92593,1,300
92602,1,300
92620,1,300
92657,1,300
92659,1,300
92686,1,300
92716,1,300
92716,1,300
92760,1,300
92798,1,300
92811,1,300
92816,1,300
92819,1,300
92852,1,300
92861,1,300
92862,1,300
92888,1,300
92892,1,300
92900,1,300
92933,1,300
92950,1,300
92970,1,300
93006,1,300
93008,1,300
93051,1,300
93055,1,300
93105,1,300
93117,1,300
93173,1,300
93200,1,300
93250,1,300
93260,1,300
93278,1,300
93344,1,300
93387,1,300
93397,1,300
93419,1,300
93473,1,300
93521,1,300
93573,1,300
93608,1,300
93662,1,300
93678,1,300
93734,1,300
93742,1,300
93775,1,300
93810,1,300
93812,1,300
93820,1,300
93845,1,300
93867,1,300
93910,1,300
93962,1,300
93980,1,300
93986,1,300
94045,1,300
94071,1,300
94072,1,300
94119,1,300
94175,1,300
94218,1,300
94255,1,300
94289,1,300
94306,1,300
94343,1,300
94352,1,300
94412,1,300
94423,1,300
94423,1,300
94449,1,300
94486,1,300
94499,1,300
94540,1,300
94587,1,300
94624,1,300
94656,1,300
94703,1,300
94706,1,300
94757,1,300
94772,1,300
94777,1,300
94780,1,300
94834,1,300
94858,1,300
94911,1,300
94924,1,300
94937,1,300
94984,1,300
95029,1,300
95073,1,300
95120,1,300
95132,1,300
95132,1,300
95144,1,300
95195,1,300
95228,1,300
95255,1,300
95277,1,300
95323,1,300
95361,1,300
95372,1,300
95384,1,300
95413,1,300
95451,1,300
95502,1,300
95544,1,300
95601,1,300
95606,1,300
95657,1,300
95695,1,300
95722,1,300
95773,1,300
95787,1,300
95799,1,300
95858,1,300
95869,1,300
95928,1,300
95933,1,300
95975,1,300
95984,1,300
96003,1,300
96057,1,300
96069,1,300
96109,1,300
96154,1,300
96205,1,300
96252,1,300
96272,1,300
96314,1,300
96332,1,300
96381,1,300
96399,1,300
96408,1,300
96446,1,300
96473,1,300
96504,1,300
96547,1,300
96579,1,300
96622,1,300
96658,1,300
96694,1,300
96743,1,300
96759,1,300
96795,1,300
96822,1,300
96869,1,300
96916,1,300
96947,1,300
96957,1,300
96986,1,300
97030,1,300
97046,1,300
97050,1,300
97091,1,300
97130,1,300
97160,1,300
97220,1,300
97275,1,300
97279,1,300
97311,1,300
97364,1,300
97394,1,300
97440,1,300
97505,1,300
97514,1,300
97514,1,300
97555,1,300
97566,1,300
97591,1,300
97658,1,300
97725,1,300
97741,1,300
97747,1,300
97788,1,300
97808,1,300
97819,1,300
97863,1,300
97914,1,300
97916,1,300
97983,1,300
98020,1,300
98066,1,300
98112,1,300
98150,1,300
98166,1,300
98191,1,300
98240,1,300
98260,1,300
98285,1,300
98314,1,300
98352,1,300
98372,1,300
98384,1,300
98435,1,300
98486,1,300
98519,1,300
98546,1,300
98595,1,300
98637,1,300
98681,1,300
98682,1,300
98722,1,300
98733,1,300
98740,1,300
98795,1,300
98824,1,300
98860,1,300
98913,1,300
98946,1,300
98986,1,300
99019,1,300
99086,1,300
99105,1,300
99182,1,300
99196,1,300
99225,1,300
99269,1,300
99306,1,300
99320,1,300
99334,1,300
99371,1,300
99433,1,300
99462,1,300
99509,1,300
99528,1,300
99542,1,300
99586,1,300
99605,1,300
99667,1,300
99694,1,300
99701,1,300
99730,1,300
99744,1,300
99768,1,300
99832,1,300
99864,1,300
99883,1,300
99912,1,300
99924,1,300
99943,1,300
99977,1,300
100024,1,300
100088,1,300
100088,1,300
100104,1,300
100122,1,300
100175,1,300
100215,1,300
100228,1,300
100265,1,300
100275,1,300
100296,1,300
100333,1,300
100362,1,300
100396,1,300
100417,1,300
100486,1,300
100550,1,300
100619,1,300
100659,1,300
100702,1,300
100758,1,300
100803,1,300
100829,1,300
100874,1,300
100917,1,300
100984,1,300
100986,1,300
101002,1,300
101023,1,300
101035,1,300
101088,1,300
101092,1,300
101137,1,300
101162,1,300
101198,1,300
101232,1,300
101283,1,300
101306,1,300
101321,1,300
101368,1,300
101417,1,300
101475,1,300
101520,1,300
101550,1,300
101610,1,300
101614,1,300
101639,1,300
101660,1,300
101705,1,300
101720,1,300
101769,1,300
101825,1,300
101870,1,300
101893,1,300
101944,1,300
101985,1,300
102070,1,300
102140,1,300
102206,1,300
102282,1,300
102288,1,300
102361,1,300
102414,1,300
102414,1,300
102440,1,300
102440,1,300
102470,1,300
102476,1,300
102519,1,300
102555,1,300
102598,1,300
102624,1,300
102654,1,300
102687,1,300
102693,1,300
102783,1,300
102803,1,300
102856,1,300
102936,1,300
102952,1,300
102958,1,300
102964,1,300
102987,1,300
103021,1,300
103023,1,300
103039,1,300
103084,1,300
103089,1,300
103158,1,300
103225,1,300
103257,1,300
103267,1,300
103275,1,300
103344,1,300
103403,1,300
103440,1,300
103458,1,300
103511,1,300
103583,1,300
103644,1,300
103665,1,300
103689,1,300
103737,1,300
103769,1,300
103771,1,300
103781,1,300
103834,1,300
103858,1,300
103927,1,300
103986,1,300
104012,1,300
104082,1,300
104133,1,300
104180,1,300
104186,1,300
104190,1,300
104209,1,300
104247,1,300
104291,1,300
104308,1,300
104361,1,300
104382,1,300
104396,1,300
104425,1,300
104444,1,300
104467,1,300
104522,1,300
104554,1,300
104594,1,300
104660,1,300
104664,1,300
104691,1,300
104716,1,300
104722,1,300
104730,1,300
104770,1,300
104782,1,300
104790,1,300
104854,1,300
104909,1,300
104964,1,300
104964,1,300
104983,1,300
105076,1,300
105097,1,300
105154,1,300
105175,1,300
105203,1,300
105213,1,300
105263,1,300
105346,1,300
105364,1,300
105440,1,300
105465,1,300
105515,1,300
105562,1,300
105569,1,300
105594,1,300
105637,1,300
105702,1,300
105770,1,300
105770,1,300
105780,1,300
105827,1,300
105895,1,300
105934,1,300
105959,1,300
105987,1,300
106077,1,300
106140,1,300
106220,1,300
106220,1,300
106234,1,300
106297,1,300
106311,1,300
106328,1,300
106366,1,300
106404,1,300
106435,1,300
106452,1,300
106480,1,300
106515,1,300
106578,1,300
106613,1,300
106644,1,300
106686,1,300
106714,1,300
106773,1,300
106822,1,300
106867,1,300
106937,1,300
106989,1,300
107060,1,300
107113,1,300
107130,1,300
107193,1,300
107263,1,300
107266,1,300
107329,1,300
107346,1,300
107395,1,300
107473,1,300
107501,1,300
107554,1,300
107621,1,300
107624,1,300
107645,1,300
107694,1,300
107722,1,300
107792,1,300
107834,1,300
107887,1,300
107901,1,300
107925,1,300
107988,1,300
108048,1,300
108126,1,300
108152,1,300
108200,1,300
108260,1,300
108316,1,300
108364,1,300
108412,1,300
108412,1,300
108453,1,300
108494,1,300
108535,1,300
108550,1,300
108568,1,300
108631,1,300
108661,1,300
108736,1,300
108792,1,300
108837,1,300
108904,1,300
108952,1,300
108989,1,300
109028,1,300
109040,1,300
109064,1,300
109084,1,300
109084,1,300
109120,1,300
109180,1,300
109268,1,300
109304,1,300
109304,1,300
109364,1,300
109400,1,300
109412,1,300
109476,1,300
109520,1,300
109584,1,300
109640,1,300
109664,1,300
109692,1,300
109784,1,300
109872,1,300
109916,1,300
109932,1,300
109992,1,300
110029,1,300
110125,1,300
110141,1,300
110207,1,300
110273,1,300
110319,1,300
110352,1,300
110406,1,300
110431,1,300
110477,1,300
110573,1,300
110610,1,300
110614,1,300
110660,1,300
110743,1,300
110755,1,300
110784,1,300
110876,1,300
110930,1,300
110967,1,300
110975,1,300
110979,1,300
110983,1,300
110991,1,300
111054,1,300
111131,1,300
111172,1,300
111199,1,300
111262,1,300
111275,1,300
111279,1,300
111361,1,300
111379,1,300
111410,1,300
111446,1,300
111459,1,300
111459,1,300
111522,1,300
111540,1,300
111576,1,300
111603,1,300
111657,1,300
111762,1,300
111775,1,300
111820,1,300
111820,1,300
111911,1,300
111988,1,300
112039,1,300
112088,1,300
112112,1,300
112131,1,300
112233,1,300
112277,1,300
112291,1,300
112369,1,300
112432,1,300
112446,1,300
112524,1,300
112568,1,300
112626,1,300
112724,1,300
112724,1,300
112768,1,300
112797,1,300
112841,1,300
112860,1,300
112938,1,300
112991,1,300
113079,1,300
113105,1,300
113109,1,300
113153,1,300
113228,1,300
113316,1,300
113369,1,300
113444,1,300
113514,1,300
113553,1,300
113597,1,300
113658,1,300
113662,1,300
113728,1,300
113745,1,300
113775,1,300
113779,1,300
113823,1,300
113893,1,300
113981,1,300
113989,1,300
114027,1,300
114040,1,300
114067,1,300
114067,1,300
114103,1,300
114184,1,300
114242,1,300
114337,1,300
114400,1,300
114440,1,300
114458,1,300
114498,1,300
114538,1,300
114610,1,300
114623,1,300
114704,1,300
114780,1,300
114793,1,300
114842,1,300
114937,1,300
114991,1,300
115010,1,300
115053,1,300
115058,1,300
115112,1,300
115177,1,300
115231,1,300
115236,1,300
115268,1,300
115339,1,300
115366,1,300
115376,1,300
115480,1,300
115518,1,300
115567,1,300
115627,1,300
115687,1,300
115736,1,300
115785,1,300
115861,1,300
115888,1,300
115898,1,300
115985,1,300
116073,1,300
116111,1,300
116134,1,300
116168,1,300
116179,1,300
116252,1,300
116313,1,300
116393,1,300
116404,1,300
116411,1,300
116461,1,300
116514,1,300
116540,1,300
116605,1,300
116628,1,300
116635,1,300
116692,1,300
116749,1,300
116806,1,300
116856,1,300
116886,1,300
116951,1,300
116989,1,300
117067,1,300
117134,1,300
117238,1,300
117250,1,300
117262,1,300
117366,1,300
117378,1,300
117420,1,300
117512,1,300
117610,1,300
117628,1,300
117634,1,300
117738,1,300
117793,1,300
117885,1,300
117964,1,300
117994,1,300
118055,1,300
118078,1,300
118101,1,300
118188,1,300
118219,1,300
118274,1,300
118400,1,300
118526,1,300
118597,1,300
118668,1,300
118691,1,300
118730,1,300
118856,1,300
118903,1,300
118974,1,300
118989,1,300
118989,1,300
119008,1,300
119025,1,300
119102,1,300
119222,1,300
119256,1,300
119324,1,300
119332,1,300
119435,1,300
119435,1,300
119538,1,300
119581,1,300
119581,1,300
119701,1,300
119830,1,300
119916,1,300
119993,1,300
120070,1,300
120147,1,300
120224,1,300
120236,1,300
120300,1,300
120319,1,300
120344,1,300
120427,1,300
120530,1,300
120594,1,300
120690,1,300
120709,1,300
120792,1,300
120817,1,300
120913,1,300
120990,1,300
121019,1,300
121048,1,300
121165,1,300
121272,1,300
121350,1,300
121408,1,300
121408,1,300
121447,1,300
121476,1,300
121593,1,300
121710,1,300
121710,1,300
121808,1,300
121866,1,300
121944,1,300
121993,1,300
122071,1,300
122085,1,300
122192,1,300
122242,1,300
122313,1,300
122363,1,300
122391,1,300
122484,1,300
122570,1,300
122677,1,300
122741,1,300
122820,1,300
122891,1,300
122926,1,300
122990,1,300
123085,1,300
123141,1,300
123226,1,300
123296,1,300
123395,1,300
123458,1,300
123486,1,300
123542,1,300
123570,1,300
123676,1,300
123782,1,300
123845,1,300
123901,1,300
123943,1,300
123957,1,300
123992,1,300
124034,1,300
124090,1,300
124192,1,300
124294,1,300
124316,1,300
124452,1,300
124520,1,300
124610,1,300
124666,1,300
124700,1,300
124825,1,300
124972,1,300
124994,1,300
125084,1,300
125112,1,300
125178,1,300
125206,1,300
125309,1,300
125422,1,300
125516,1,300
125516,1,300
125600,1,300
125694,1,300
125750,1,300
125778,1,300
125881,1,300
125994,1,300
126051,1,300
126112,1,300
126142,1,300
126213,1,300
126335,1,300
126477,1,300
126599,1,300
126680,1,300
126812,1,300
126852,1,300
126933,1,300
126984,1,300
126984,1,300
126994,1,300
127094,1,300
127117,1,300
127175,1,300
127210,1,300
127245,1,300
127362,1,300
127479,1,300
127549,1,300
127678,1,300
127701,1,300
127853,1,300
127958,1,300
127993,1,300
128000,1,300
128024,1,300
128040,1,300
128096,1,300
128168,1,300
128184,1,300
128248,1,300
128304,1,300
128400,1,300
128480,1,300
128528,1,300
128657,1,300
128761,1,300
128769,1,300
128833,1,300
128953,1,300
128993,1,300
129065,1,300
129245,1,300
129294,1,300
129343,1,300
129441,1,300
129539,1,300
129620,1,300
129669,1,300
129734,1,300
129783,1,300
129864,1,300
129995,1,300
130109,1,300
130152,1,300
130261,1,300
130392,1,300
130512,1,300
130643,1,300
130643,1,300
130653,1,300
130773,1,300
130893,1,300
130947,1,300
130990,1,300
131159,1,300
131386,1,300
131386,1,300
131567,1,300
131567,1,300
131726,1,300
131748,1,300
131793,1,300
131861,1,300
131951,1,300
131996,1,300
132074,1,300
132111,1,300
132296,1,300
132407,1,300
132444,1,300
132703,1,300
132999,1,300
132999,1,300
133035,1,300
133124,1,300
133249,1,300
133391,1,300
133551,1,300
133658,1,300
133693,1,300
133853,1,300
133960,1,300
133995,1,300
134025,1,300
134125,1,300
134225,1,300
134400,1,300
134450,1,300
134650,1,300
134700,1,300
134825,1,300
135000,1,300
135134,1,300
135249,1,300
135402,1,300
135498,1,300
135690,1,300
135786,1,300
135901,1,300
135958,1,300
135958,1,300
135996,1,300
136129,1,300
136277,1,300
136425,1,300
136536,1,300
136684,1,300
136702,1,300
136739,1,300
136831,1,300
136997,1,300
137050,1,300
137200,1,300
137325,1,300
137475,1,300
137550,1,300
137675,1,300
137800,1,300
137900,1,300
138000,1,300
138187,1,300
138249,1,300
138269,1,300
138352,1,300
138518,1,300
138559,1,300
138579,1,300
138662,1,300
138870,1,300
138995,1,300
139000,1,300
139105,1,300
139368,1,300
139420,1,300
139472,1,300
139629,1,300
139997,1,300
140130,1,300
140153,1,300
140295,1,300
140378,1,300
140389,1,300
140508,1,300
140627,1,300
140674,1,300
140674,1,300
140804,1,300
140875,1,300
140994,1,300
141041,1,300
141124,1,300
141290,1,300
141540,1,300
141748,1,300
141998,1,300
142187,1,300
142374,1,300
142561,1,300
142561,1,300
142811,1,300
142998,1,300
143086,1,300
143303,1,300
143433,1,300
143693,1,300
143779,1,300
143996,1,300
144214,1,300
144321,1,300
144392,1,300
144499,1,300
144570,1,300
144748,1,300
144783,1,300
144997,1,300
145161,1,300
145354,1,300
145386,1,300
145515,1,300
145708,1,300
145804,1,300
145997,1,300
146125,1,300
146375,1,300
146500,1,300
146708,1,300
146874,1,300
146999,1,300
147051,1,300
147204,1,300
147383,1,300
147485,1,300
147664,1,300
147740,1,300
147945,1,300
147996,1,300
148187,1,300
148437,1,300
148562,1,300
148749,1,300
148999,1,300
149000,1,300
149285,1,300
149570,1,300
149641,1,300
149998,1,300
150133,1,300
150399,1,300
150532,1,300
150732,1,300
150998,1,300
151428,1,300
151570,1,300
151998,1,300
152137,1,300
152176,1,300
152332,1,300
152430,1,300
152449,1,300
152625,1,300
152801,1,300
152879,1,300
152937,1,300
152995,1,300
153222,1,300
153407,1,300
153555,1,300
153555,1,300
153629,1,300
153814,1,300
153999,1,300
154142,1,300
154213,1,300
154498,1,300
154712,1,300
154997,1,300
155000,1,300
155100,1,300
155500,1,300
155700,1,300
156000,1,300
156400,1,300
156600,1,300
157000,1,300
157250,1,300
157416,1,300
157666,1,300
157999,1,300
157999,1,300
158187,1,300
158249,1,300
158561,1,300
158873,1,300
158935,1,300
158997,1,300
159121,1,300
159121,1,300
159302,1,300
159423,1,300
159635,1,300
159725,1,300
159815,1,300
159996,1,300
160000,1,300
160000,1,300
161600,1,300
162000,1,300
162000,1,300
162000,1,300
163000,1,300
163000,1,300
164153,1,300
164199,1,300
164306,1,300
164382,1,300
164474,1,300
164489,1,300
164658,1,300
164796,1,300
164857,1,300
164980,1,300
164995,1,300
165250,1,300
165400,1,300
165500,1,300
165750,1,300
165900,1,300
166000,1,300
166111,1,300
166277,1,300
166332,1,300
166609,1,300
166720,1,300
166997,1,300
167214,1,300
167214,1,300
167499,1,300
167713,1,300
167998,1,300
168333,1,300
168999,1,300
168999,1,300
169235,1,300
169411,1,300
169587,1,300
169763,1,300
169998,1,300
170375,1,300
170625,1,300
170875,1,300
171000,1,300
171454,1,300
171635,1,300
171725,1,300
171906,1,300
171996,1,300
172333,1,300
172833,1,300
172999,1,300
173166,1,300
173666,1,300
173999,1,300
174300,1,300
174700,1,300
174700,1,300
175000,1,300
175500,1,300
176000,1,300
176186,1,300
176325,1,300
176394,1,300
176533,1,300
176649,1,300
176718,1,300
176718,1,300
176718,1,300
176764,1,300
176764,1,300
176903,1,300
176996,1,300
177263,1,300
177473,1,300
177525,1,300
177630,1,300
177735,1,300
177998,1,300
178166,1,300
178388,1,300
178610,1,300
178832,1,300
178998,1,300
178998,1,300
179500,1,300
179833,1,300
179999,1,300
179999,1,300
180000,1,300
180500,1,300
181000,1,300
181090,1,300
181362,1,300
181634,1,300
181997,1,300
182363,1,300
182635,1,300
182816,1,300
182906,1,300
182996,1,300
183125,1,300
183333,1,300
183499,1,300
183665,1,300
183873,1,300
183998,1,300
183998,1,300
184285,1,300
184427,1,300
184427,1,300
184998,1,300
185333,1,300
185999,1,300
185999,1,300
186363,1,300
186544,1,300
186634,1,300
186724,1,300
186996,1,300
188000,1,300
188000,1,300
188102,1,300
188191,1,300
188332,1,300
188357,1,300
188459,1,300
188497,1,300
188522,1,300
188650,1,300
188778,1,300
188880,1,300
188995,1,300
189250,1,300
189312,1,300
189624,1,300
189749,1,300
189999,1,300
190300,1,300
190600,1,300
190800,1,300
191000,1,300
191083,1,300
191333,1,300
191374,1,300
191540,1,300
191581,1,300
191831,1,300
191997,1,300
192272,1,300
192635,1,300
192816,1,300
192997,1,300
193400,1,300
193400,1,300
193500,1,300
193700,1,300
194000,1,300
194250,1,300
194437,1,300
194499,1,300
194686,1,300
194998,1,300
195047,1,300
195237,1,300
195475,1,300
195665,1,300
195712,1,300
195997,1,300
196300,1,300
196600,1,300
196900,1,300
197000,1,300
197333,1,300
197444,1,300
197555,1,300
197999,1,300
198571,1,300
198713,1,300
198713,1,300
198998,1,300
199200,1,300
199800,1,300
200000,1,300
200114,1,300
200122,1,300
200174,1,300
200235,1,300
200340,1,300
200462,1,300
200584,1,300
200592,1,300
200609,1,300
200705,1,300
200748,1,300
200809,1,300
200923,1,300
200966,1,300
200992,1,300
201250,1,300
201562,1,300
201562,1,300
201812,1,300
201812,1,300
201999,1,300
202000,1,300
202142,1,300
202427,1,300
202712,1,300
202854,1,300
202996,1,300
203000,1,300
203187,1,300
203562,1,300
203874,1,300
203874,1,300
203999,1,300
204277,1,300
204610,1,300
204665,1,300
204720,1,300
204831,1,300
204997,1,300
205222,1,300
205388,1,300
205499,1,300
205832,1,300
205998,1,300
205998,1,300
206107,1,300
206214,1,300
206356,1,300
206463,1,300
206605,1,300
206819,1,300
206997,1,300
207105,1,300
207420,1,300
207630,1,300
207682,1,300
207682,1,300
207839,1,300
207996,1,300
208333,1,300
208666,1,300
208999,1,300
209000,1,300
209428,1,300
209428,1,300
209999,1,300
210200,1,300
210466,1,300
210599,1,300
210932,1,300
210998,1,300
211080,1,300
211200,1,300
211440,1,300
211680,1,300
211800,1,300
212000,1,300
212062,1,300
212079,1,300
212141,1,300
212149,1,300
212265,1,300
212381,1,300
212497,1,300
212568,1,300
212675,1,300
212692,1,300
212763,1,300
212861,1,300
212932,1,300
212994,1,300
213063,1,300
213211,1,300
213381,1,300
213572,1,300
213720,1,300
213805,1,300
213932,1,300
213974,1,300
213995,1,300
214260,1,300
214477,1,300
214520,1,300
214650,1,300
214780,1,300
214953,1,300
214996,1,300
215040,1,300
215240,1,300
215400,1,300
215560,1,300
215800,1,300
216000,1,300
216200,1,300
216280,1,300
216520,1,300
216560,1,300
216680,1,300
216760,1,300
217000,1,300
217210,1,300
217420,1,300
217683,1,300
217735,1,300
217787,1,300
217997,1,300
218000,1,300
218205,1,300
218322,1,300
218380,1,300
218585,1,300
218790,1,300
218995,1,300
219233,1,300
219433,1,300
219633,1,300
219699,1,300
219699,1,300
219732,1,300
219932,1,300
219998,1,300
220100,1,300
220350,1,300
220450,1,300
220500,1,300
220750,1,300
221000,1,300
221136,1,300
221226,1,300
221362,1,300
221589,1,300
221725,1,300
221997,1,300
222136,1,300
222272,1,300
222499,1,300
222680,1,300
222770,1,300
222815,1,300
222996,1,300
223166,1,300
223277,1,300
223388,1,300
223665,1,300
223831,1,300
223997,1,300
223997,1,300
224031,1,300
224086,1,300
224125,1,300
224204,1,300
224251,1,300
224362,1,300
224369,1,300
224464,1,300
224567,1,300
224574,1,300
224589,1,300
224620,1,300
224723,1,300
224818,1,300
224865,1,300
224888,1,300
224991,1,300
225035,1,300
225129,1,300
225246,1,300
225304,1,300
225445,1,300
225539,1,300
225668,1,300
225750,1,300
225797,1,300
225808,1,300
225937,1,300
225984,1,300
225995,1,300
226084,1,300
226184,1,300
226293,1,300
226393,1,300
226418,1,300
226518,1,300
226602,1,300
226702,1,300
226710,1,300
226810,1,300
226877,1,300
226986,1,300
226994,1,300
227084,1,300
227185,1,300
227252,1,300
227302,1,300
227420,1,300
227589,1,300
227622,1,300
227672,1,300
227688,1,300
227738,1,300
227839,1,300
227991,1,300
227991,1,300
228150,1,300
228283,1,300
228299,1,300
228465,1,300
228631,1,300
228714,1,300
228814,1,300
228847,1,300
228897,1,300
228980,1,300
228996,1,300
229000,1,300
229050,1,300
229202,1,300
229252,1,300
229268,1,300
229284,1,300
229453,1,300
229588,1,300
229774,1,300
229858,1,300
229993,1,300
230090,1,300
230170,1,300
230290,1,300
230340,1,300
230420,1,300
230520,1,300
230640,1,300
230660,1,300
230700,1,300
230710,1,300
230820,1,300
230910,1,300
231000,1,300
231098,1,300
231163,1,300
231195,1,300
231358,1,300
231538,1,300
231619,1,300
231717,1,300
231798,1,300
231847,1,300
231978,1,300
231994,1,300
232132,1,300
232226,1,300
232358,1,300
232376,1,300
232451,1,300
232545,1,300
232677,1,300
232752,1,300
232827,1,300
232996,1,300
233171,1,300
233171,1,300
233285,1,300
233399,1,300
233627,1,300
233627,1,300
233798,1,300
233826,1,300
233854,1,300
233996,1,300
234130,1,300
234238,1,300
234281,1,300
234346,1,300
234367,1,300
234475,1,300
234648,1,300
234756,1,300
234886,1,300
234929,1,300
234994,1,300
235031,1,300
235110,1,300
235236,1,300
235394,1,300
235409,1,300
235424,1,300
235455,1,300
235597,1,300
235692,1,300
235866,1,300
235992,1,300
236075,1,300
236089,1,300
236098,1,300
236121,1,300
236149,1,300
236233,1,300
236247,1,300
236294,1,300
236355,1,300
236397,1,300
236453,1,300
236533,1,300
236533,1,300
236580,1,300
236617,1,300
236692,1,300
236781,1,300
236842,1,300
236856,1,300
236907,1,300
236991,1,300
237138,1,300
237169,1,300
237200,1,300
237231,1,300
237294,1,300
237389,1,300
237410,1,300
237484,1,300
237622,1,300
237707,1,300
237834,1,300
237897,1,300
237992,1,300
238107,1,300
238203,1,300
238224,1,300
238267,1,300
238353,1,300
238396,1,300
238417,1,300
238449,1,300
238588,1,300
238717,1,300
238770,1,300
238877,1,300
238995,1,300
239103,1,300
239171,1,300
239257,1,300
239369,1,300
239386,1,300
239429,1,300
239463,1,300
239557,1,300
239617,1,300
239711,1,300
239797,1,300
239883,1,300
239969,1,300
239994,1,300
240057,1,300
240095,1,300
240114,1,300
240190,1,300
240324,1,300
240516,1,300
240573,1,300
240611,1,300
240630,1,300
240822,1,300
240918,1,300
240994,1,300
241157,1,300
241199,1,300
241313,1,300
241313,1,300
241413,1,300
241527,1,300
241555,1,300
241712,1,300
241869,1,300
241883,1,300
241954,1,300
241996,1,300
242000,1,300
242077,1,300
242154,1,300
242257,1,300
242373,1,300
242476,1,300
242566,1,300
242643,1,300
242643,1,300
242681,1,300
242719,1,300
242835,1,300
242873,1,300
242989,1,300
243057,1,300
243133,1,300
243248,1,300
243276,1,300
243333,1,300
243448,1,300
243534,1,300
243562,1,300
243667,1,300
243753,1,300
243820,1,300
243887,1,300
243935,1,300
243992,1,300
244125,1,300
244296,1,300
244452,1,300
244452,1,300
244452,1,300
244483,1,300
244639,1,300
244654,1,300
244810,1,300
244810,1,300
244903,1,300
244996,1,300
245035,1,300
245142,1,300
245177,1,300
245337,1,300
245479,1,300
245604,1,300
245639,1,300
245710,1,300
245888,1,300
245888,1,300
245995,1,300
246166,1,300
246228,1,300
246394,1,300
246456,1,300
246497,1,300
246517,1,300
246558,1,300
246703,1,300
246848,1,300
246993,1,300
247157,1,300
247183,1,300
247261,1,300
247445,1,300
247445,1,300
247471,1,300
247602,1,300
247786,1,300
247996,1,300
248083,1,300
248090,1,300
248135,1,300
248203,1,300
248218,1,300
248339,1,300
248384,1,300
248452,1,300
248512,1,300
248549,1,300
248670,1,300
248707,1,300
248790,1,300
248888,1,300
248895,1,300
248970,1,300
248992,1,300
249115,1,300
249158,1,300
249259,1,300
249331,1,300
249446,1,300
249460,1,300
249460,1,300
249619,1,300
249778,1,300
249922,1,300
249994,1,300
250112,1,300
250257,1,300
250418,1,300
250498,1,300
250627,1,300
250707,1,300
250723,1,300
250868,1,300
250932,1,300
250996,1,300
251196,1,300
251249,1,300
251374,1,300
251445,1,300
251516,1,300
251533,1,300
251586,1,300
251746,1,300
251871,1,300
251960,1,300
251995,1,300
252133,1,300
252133,1,300
252199,1,300
252332,1,300
252443,1,300
252620,1,300
252708,1,300
252819,1,300
252952,1,300
252996,1,300
253148,1,300
253259,1,300
253407,1,300
253444,1,300
253499,1,300
253647,1,300
253647,1,300
253776,1,300
253887,1,300
253998,1,300
254033,1,300
254183,1,300
254316,1,300
254466,1,300
254532,1,300
254598,1,300
254748,1,300
254848,1,300
254898,1,300
254998,1,300
255049,1,300
255098,1,300
255098,1,300
255147,1,300
255310,1,300
255359,1,300
255440,1,300
255521,1,300
255701,1,300
255799,1,300
255946,1,300
255995,1,300
256131,1,300
256288,1,300
256393,1,300
256471,1,300
256655,1,300
256891,1,300
256917,1,300
256917,1,300
256995,1,300
257102,1,300
257265,1,300
257387,1,300
257407,1,300
257549,1,300
257610,1,300
257712,1,300
257773,1,300
257915,1,300
257996,1,300
258076,1,300
258204,1,300
258229,1,300
258254,1,300
258382,1,300
258433,1,300
258535,1,300
258765,1,300
258995,1,300
259044,1,300
259221,1,300
259376,1,300
259464,1,300
259552,1,300
259618,1,300
259729,1,300
259817,1,300
259994,1,300
260127,1,300
260158,1,300
260253,1,300
260284,1,300
260401,1,300
260486,1,300
260613,1,300
260623,1,300
260740,1,300
260761,1,300
260814,1,300
260867,1,300
260994,1,300
261137,1,300
261274,1,300
261308,1,300
261549,1,300
261686,1,300
261858,1,300
261995,1,300
262000,1,300
262173,1,300
262390,1,300
262433,1,300
262476,1,300
262736,1,300
262866,1,300
262996,1,300
263028,1,300
263256,1,300
263456,1,300
263570,1,300
263684,1,300
263741,1,300
263912,1,300
263997,1,300
264400,1,300
264600,1,300
264700,1,300
264800,1,300
265000,1,300
265050,1,300
265350,1,300
265550,1,300
265850,1,300
265900,1,300
266000,1,300
266062,1,300
266374,1,300
266499,1,300
266686,1,300
266748,1,300
266998,1,300
267238,1,300
267476,1,300
267523,1,300
267761,1,300
267999,1,300
268090,1,300
268453,1,300
268634,1,300
268997,1,300
269375,1,300
269875,1,300
270000,1,300
270000,1,300
270222,1,300
270444,1,300
270666,1,300
270999,1,300
271200,1,300
271400,1,300
272000,1,300
272428,1,300
272570,1,300
272998,1,300
273285,1,300
273427,1,300
273855,1,300
273997,1,300
274307,1,300
274614,1,300
274767,1,300
274997,1,300
275500,1,300
276000,1,300
276000,1,300
276000,1,300
277000,1,300
277000,1,300
278000,1,300
279666,1,300
279999,1,300
280166,1,300
280499,1,300
280999,1,300
281363,1,300
281453,1,300
281725,1,300
281997,1,300
282178,1,300
282338,1,300
282498,1,300
282587,1,300
282587,1,300
282729,1,300
282889,1,300
282906,1,300
282941,1,300
282994,1,300
283285,1,300
283499,1,300
283570,1,300
283784,1,300
283998,1,300
284000,1,300
284500,1,300
285000,1,300
285500,1,300
285833,1,300
285999,1,300
286666,1,300
286666,1,300
286999,1,300
287500,1,300
287666,1,300
287999,1,300
288333,1,300
288833,1,300
288999,1,300
289428,1,300
289713,1,300
289998,1,300
