189,1,300
351,1,300
351,1,300
378,1,300
513,1,300
594,1,300
810,1,300
972,1,300
999,1,300
1045,1,300
1090,1,300
1408,1,300
1544,1,300
1725,1,300
1997,1,300
1997,1,300
2000,1,300
2200,1,300
2450,1,300
2600,1,300
2700,1,300
3000,1,300
3090,1,300
3150,1,300
3392,1,300
3604,1,300
3725,1,300
3846,1,300
3906,1,300
3996,1,300
4200,1,300
4225,1,300
4250,1,300
4300,1,300
4450,1,300
4525,1,300
4675,1,300
4800,1,300
5000,1,300
5190,1,300
5332,1,300
5474,1,300
5664,1,300
5711,1,300
5996,1,300
6294,1,300
6352,1,300
6587,1,300
6763,1,300
6998,1,300
6998,1,300
7090,1,300
7271,1,300
7271,1,300
7361,1,300
7633,1,300
7996,1,300
8000,1,300
8266,1,300
8532,1,300
8732,1,300
8998,1,300
9100,1,300
9133,1,300
9258,1,300
9299,1,300
9440,1,300
9448,1,300
9589,1,300
9622,1,300
9638,1,300
9696,1,300
9762,1,300
9820,1,300
9870,1,300
9895,1,300
9903,1,300
9944,1,300
9994,1,300
10166,1,300
10166,1,300
10221,1,300
10313,1,300
10405,1,300
10497,1,300
10645,1,300
10793,1,300
10885,1,300
10996,1,300
11037,1,300
11148,1,300
11370,1,300
11629,1,300
11666,1,300
11777,1,300
11962,1,300
11999,1,300
12000,1,300
12027,1,300
12189,1,300
12216,1,300
12351,1,300
12594,1,300
12648,1,300
12864,1,300
12999,1,300
13285,1,300
13427,1,300
13665,1,300
13665,1,300
13712,1,300
13902,1,300
13997,1,300
14053,1,300
14267,1,300
14338,1,300
14355,1,300
14444,1,300
14461,1,300
14532,1,300
14549,1,300
14566,1,300
14744,1,300
14833,1,300
14922,1,300
14993,1,300
15250,1,300
15333,1,300
15333,1,300
15499,1,300
15665,1,300
15706,1,300
15997,1,300
16200,1,300
16366,1,300
16566,1,300
16566,1,300
16699,1,300
16865,1,300
16998,1,300
17000,1,300
18000,1,300
18000,1,300
18400,1,300
18500,1,300
18800,1,300
19000,1,300
19100,1,300
19400,1,300
19700,1,300
20000,1,300
20063,1,300
20084,1,300
20094,1,300
20136,1,300
20241,1,300
20309,1,300
20366,1,300
20429,1,300
20529,1,300
20571,1,300
20660,1,300
20665,1,300
20765,1,300
20786,1,300
20801,1,300
20806,1,300
20863,1,300
20894,1,300
20988,1,300
20993,1,300
21100,1,300
21112,1,300
21212,1,300
21299,1,300
21436,1,300
21561,1,300
21686,1,300
21761,1,300
21886,1,300
21923,1,300
21960,1,300
21997,1,300
22037,1,300
22150,1,300
22263,1,300
22357,1,300
22489,1,300
22677,1,300
22695,1,300
22713,1,300
22863,1,300
22995,1,300
23067,1,300
23121,1,300
23175,1,300
23283,1,300
23391,1,300
23431,1,300
23579,1,300
23687,1,300
23754,1,300
23794,1,300
23942,1,300
23996,1,300
24142,1,300
24237,1,300
24332,1,300
24570,1,300
24760,1,300
24998,1,300
25119,1,300
25214,1,300
25261,1,300
25403,1,300
25545,1,300
25735,1,300
25854,1,300
25996,1,300
26000,1,300
26152,1,300
26253,1,300
26337,1,300
26404,1,300
26454,1,300
26606,1,300
26707,1,300
26842,1,300
26994,1,300
27069,1,300
27180,1,300
27221,1,300
27290,1,300
27428,1,300
27428,1,300
27566,1,300
27677,1,300
27815,1,300
27926,1,300
27995,1,300
28177,1,300
28288,1,300
28465,1,300
28531,1,300
28619,1,300
28730,1,300
28863,1,300
28951,1,300
28995,1,300
29260,1,300
29433,1,300
29650,1,300
29650,1,300
29910,1,300
29996,1,300
30000,1,300
30032,1,300
30257,1,300
30386,1,300
30386,1,300
30418,1,300
30708,1,300
30772,1,300
30997,1,300
31250,1,300
31562,1,300
31749,1,300
31936,1,300
31998,1,300
32040,1,300
32091,1,300
32101,1,300
32144,1,300
32187,1,300
32232,1,300
32267,1,300
32323,1,300
32345,1,300
32401,1,300
32452,1,300
32467,1,300
32495,1,300
32548,1,300
32558,1,300
32568,1,300
32608,1,300
32610,1,300
32625,1,300
32693,1,300
32746,1,300
32781,1,300
32816,1,300
32851,1,300
32912,1,300
32922,1,300
32988,1,300
33100,1,300
33230,1,300
33310,1,300
33390,1,300
33410,1,300
33480,1,300
33560,1,300
33680,1,300
33740,1,300
33750,1,300
33760,1,300
33820,1,300
33830,1,300
33950,1,300
34000,1,300
34114,1,300
34228,1,300
34228,1,300
34377,1,300
34388,1,300
34502,1,300
34524,1,300
34638,1,300
34752,1,300
34889,1,300
34934,1,300
34945,1,300
34990,1,300
35027,1,300
35162,1,300
35189,1,300
35324,1,300
35364,1,300
35526,1,300
35566,1,300
35674,1,300
35714,1,300
35862,1,300
35875,1,300
35996,1,300
36140,1,300
36180,1,300
36360,1,300
36480,1,300
36600,1,300
36780,1,300
36840,1,300
36880,1,300
37000,1,300
37125,1,300
37170,1,300
37238,1,300
37340,1,300
37442,1,300
37476,1,300
37623,1,300
37679,1,300
37679,1,300
37792,1,300
37792,1,300
37848,1,300
37995,1,300
38103,1,300
38154,1,300
38246,1,300
38307,1,300
38410,1,300
38461,1,300
38533,1,300
38656,1,300
38759,1,300
38789,1,300
38840,1,300
38943,1,300
38994,1,300
39038,1,300
39124,1,300
39229,1,300
39296,1,300
39344,1,300
39344,1,300
39469,1,300
39507,1,300
39564,1,300
39602,1,300
39640,1,300
39688,1,300
39822,1,300
39937,1,300
39994,1,300
40060,1,300
40166,1,300
40332,1,300
40407,1,300
40528,1,300
40603,1,300
40724,1,300
40799,1,300
40814,1,300
40980,1,300
40995,1,300
41159,1,300
41159,1,300
41204,1,300
41226,1,300
41339,1,300
41361,1,300
41451,1,300
41587,1,300
41791,1,300
41995,1,300
42154,1,300
42168,1,300
42252,1,300
42322,1,300
42350,1,300
42462,1,300
42574,1,300
42658,1,300
42770,1,300
42896,1,300
42966,1,300
42994,1,300
43136,1,300
43166,1,300
43181,1,300
43241,1,300
43362,1,300
43407,1,300
43543,1,300
43679,1,300
43724,1,300
43875,1,300
43996,1,300
44026,1,300
44047,1,300
44060,1,300
44068,1,300
44068,1,300
44070,1,300
44078,1,300
44152,1,300
44160,1,300
44165,1,300
44205,1,300
44226,1,300
44226,1,300
44231,1,300
44244,1,300
44302,1,300
44312,1,300
44389,1,300
44391,1,300
44441,1,300
44475,1,300
44517,1,300
44565,1,300
44615,1,300
44641,1,300
44694,1,300
44720,1,300
44789,1,300
44869,1,300
44927,1,300
44985,1,300
45059,1,300
45106,1,300
45177,1,300
45209,1,300
45253,1,300
45273,1,300
45317,1,300
45361,1,300
45396,1,300
45419,1,300
45460,1,300
45468,1,300
45518,1,300
45526,1,300
45531,1,300
45566,1,300
45613,1,300
45657,1,300
45701,1,300
45715,1,300
45756,1,300
45767,1,300
45838,1,300
45909,1,300
45980,1,300
45982,1,300
46032,1,300
46064,1,300
46141,1,300
46166,1,300
46178,1,300
46213,1,300
46245,1,300
46319,1,300
46367,1,300
46422,1,300
46470,1,300
46550,1,300
46595,1,300
46607,1,300
46626,1,300
46681,1,300
46681,1,300
46755,1,300
46764,1,300
46783,1,300
46847,1,300
46889,1,300
46895,1,300
46933,1,300
46988,1,300
47017,1,300
47044,1,300
47109,1,300
47184,1,300
47211,1,300
47241,1,300
47289,1,300
47299,1,300
47316,1,300
47367,1,300
47425,1,300
47497,1,300
47524,1,300
47599,1,300
47619,1,300
47663,1,300
47731,1,300
47775,1,300
47823,1,300
47843,1,300
47908,1,300
47921,1,300
47989,1,300
48080,1,300
48087,1,300
48129,1,300
48205,1,300
48266,1,300
48342,1,300
48353,1,300
48387,1,300
48463,1,300
48512,1,300
48519,1,300
48607,1,300
48668,1,300
48706,1,300
48732,1,300
48732,1,300
48774,1,300
48808,1,300
48861,1,300
48887,1,300
48898,1,300
48986,1,300
48989,1,300
49047,1,300
49073,1,300
49078,1,300
49149,1,300
49187,1,300
49225,1,300
49260,1,300
49331,1,300
49331,1,300
49348,1,300
49356,1,300
49415,1,300
49459,1,300
49473,1,300
49517,1,300
49591,1,300
49662,1,300
49700,1,300
49777,1,300
49800,1,300
49823,1,300
49891,1,300
49923,1,300
49940,1,300
49972,1,300
49980,1,300
50060,1,300
50108,1,300
50128,1,300
50172,1,300
50200,1,300
50208,1,300
50268,1,300
50304,1,300
50352,1,300
50416,1,300
50472,1,300
50544,1,300
50596,1,300
50620,1,300
50672,1,300
50704,1,300
50748,1,300
50784,1,300
50832,1,300
50892,1,300
50960,1,300
51000,1,300
51017,1,300
51023,1,300
51102,1,300
51143,1,300
51149,1,300
51221,1,300
51245,1,300
51317,1,300
51358,1,300
51402,1,300
51453,1,300
51515,1,300
51577,1,300
51642,1,300
51676,1,300
51693,1,300
51765,1,300
51813,1,300
51861,1,300
51874,1,300
51905,1,300
51977,1,300
51990,1,300
51990,1,300
52005,1,300
52022,1,300
52087,1,300
52128,1,300
52205,1,300
52264,1,300
52365,1,300
52412,1,300
52412,1,300
52441,1,300
52560,1,300
52601,1,300
52606,1,300
52695,1,300
52736,1,300
52736,1,300
52807,1,300
52866,1,300
52895,1,300
52990,1,300
53022,1,300
53099,1,300
53143,1,300
53187,1,300
53247,1,300
53302,1,300
53302,1,300
53351,1,300
53400,1,300
53499,1,300
53598,1,300
53620,1,300
53653,1,300
53735,1,300
53762,1,300
53839,1,300
53921,1,300
53992,1,300
54010,1,300
54080,1,300
54119,1,300
54140,1,300
54218,1,300
54271,1,300
54299,1,300
54327,1,300
54337,1,300
54407,1,300
54463,1,300
54494,1,300
54547,1,300
54557,1,300
54592,1,300
54616,1,300
54679,1,300
54735,1,300
54774,1,300
54848,1,300
54862,1,300
54879,1,300
54957,1,300
54988,1,300
55037,1,300
55041,1,300
55101,1,300
55175,1,300
55244,1,300
55285,1,300
55372,1,300
55381,1,300
55455,1,300
55496,1,300
55574,1,300
55606,1,300
55638,1,300
55642,1,300
55679,1,300
55729,1,300
55761,1,300
55825,1,300
55903,1,300
55990,1,300
56036,1,300
56049,1,300
56083,1,300
56092,1,300
56112,1,300
56153,1,300
56161,1,300
56181,1,300
56204,1,300
56243,1,300
56263,1,300
56299,1,300
56334,1,300
56366,1,300
56375,1,300
56381,1,300
56418,1,300
56447,1,300
56475,1,300
56517,1,300
56521,1,300
56563,1,300
56564,1,300
56597,1,300
56631,1,300
56632,1,300
56648,1,300
56673,1,300
56703,1,300
56726,1,300
56734,1,300
56774,1,300
56798,1,300
56809,1,300
56818,1,300
56845,1,300
56860,1,300
56900,1,300
56940,1,300
56971,1,300
56972,1,300
56978,1,300
56989,1,300
57048,1,300
57088,1,300
57090,1,300
57143,1,300
57161,1,300
57179,1,300
57197,1,300
57258,1,300
57262,1,300
57294,1,300
57302,1,300
57318,1,300
57336,1,300
57364,1,300
57402,1,300
57461,1,300
57469,1,300
57483,1,300
57517,1,300
57574,1,300
57592,1,300
57651,1,300
57659,1,300
57718,1,300
57738,1,300
57784,1,300
57800,1,300
57859,1,300
57897,1,300
57925,1,300
57978,1,300
57988,1,300
58020,1,300
58042,1,300
58045,1,300
58059,1,300
58115,1,300
58171,1,300
58193,1,300
58194,1,300
58248,1,300
58272,1,300
58277,1,300
58290,1,300
58334,1,300
58378,1,300
58400,1,300
58452,1,300
58513,1,300
58527,1,300
58549,1,300
58575,1,300
58608,1,300
58656,1,300
58697,1,300
58721,1,300
58722,1,300
58753,1,300
58788,1,300
58819,1,300
58858,1,300
58900,1,300
58916,1,300
58936,1,300
58982,1,300
59062,1,300
59106,1,300
59117,1,300
59158,1,300
59160,1,300
59201,1,300
59263,1,300
59325,1,300
59348,1,300
59396,1,300
59396,1,300
59454,1,300
59456,1,300
59490,1,300
59552,1,300
59554,1,300
59605,1,300
59642,1,300
59669,1,300
59706,1,300
59708,1,300
59745,1,300
59779,1,300
59839,1,300
59876,1,300
59929,1,300
59982,1,300
59984,1,300
60025,1,300
60084,1,300
60116,1,300
60132,1,300
60148,1,300
60161,1,300
60174,1,300
60174,1,300
60203,1,300
60239,1,300
60275,1,300
60332,1,300
60368,1,300
60390,1,300
60428,1,300
60469,1,300
60540,1,300
60542,1,300
60542,1,300
60546,1,300
60575,1,300
60634,1,300
60638,1,300
60667,1,300
60671,1,300
60723,1,300
60789,1,300
60818,1,300
60850,1,300
60863,1,300
60929,1,300
60984,1,300
61015,1,300
61045,1,300
61080,1,300
61125,1,300
61169,1,300
61213,1,300
61245,1,300
61248,1,300
61276,1,300
61311,1,300
61343,1,300
61392,1,300
61412,1,300
61444,1,300
61488,1,300
61537,1,300
61545,1,300
61560,1,300
61594,1,300
61645,1,300
61651,1,300
61685,1,300
61722,1,300
61767,1,300
61799,1,300
61839,1,300
61864,1,300
61913,1,300
61950,1,300
61978,1,300
61984,1,300
62006,1,300
62065,1,300
62069,1,300
62111,1,300
62123,1,300
62184,1,300
62213,1,300
62261,1,300
62301,1,300
62320,1,300
62358,1,300
62404,1,300
62427,1,300
62469,1,300
62532,1,300
62555,1,300
62569,1,300
62615,1,300
62680,1,300
62686,1,300
62747,1,300
62778,1,300
62782,1,300
62807,1,300
62847,1,300
62891,1,300
62922,1,300
62924,1,300
62926,1,300
62945,1,300
62985,1,300
63066,1,300
63068,1,300
63081,1,300
63138,1,300
63144,1,300
63175,1,300
63241,1,300
63267,1,300
63295,1,300
63319,1,300
63323,1,300
63345,1,300
63398,1,300
63440,1,300
63500,1,300
63568,1,300
63579,1,300
63607,1,300
63640,1,300
63664,1,300
63688,1,300
63714,1,300
63767,1,300
63771,1,300
63797,1,300
63812,1,300
63876,1,300
63918,1,300
63966,1,300
63974,1,300
63982,1,300
63984,1,300
64057,1,300
64064,1,300
64110,1,300
64141,1,300
64143,1,300
64161,1,300
64163,1,300
64183,1,300
64201,1,300
64213,1,300
64262,1,300
64272,1,300
64277,1,300
64334,1,300
64370,1,300
64388,1,300
64393,1,300
64434,1,300
64480,1,300
64495,1,300
64518,1,300
64569,1,300
64600,1,300
64649,1,300
64680,1,300
64744,1,300
64785,1,300
64831,1,300
64901,1,300
64921,1,300
64985,1,300
65034,1,300
65036,1,300
65083,1,300
65110,1,300
65121,1,300
65164,1,300
65188,1,300
65222,1,300
65244,1,300
65291,1,300
65327,1,300
65358,1,300
65407,1,300
65456,1,300
65480,1,300
65482,1,300
65536,1,300
65549,1,300
65555,1,300
65584,1,300
65649,1,300
65660,1,300
65664,1,300
65682,1,300
65722,1,300
65787,1,300
65805,1,300
65866,1,300
65934,1,300
65986,1,300
66061,1,300
66071,1,300
66114,1,300
66136,1,300
66179,1,300
66228,1,300
66285,1,300
66340,1,300
66391,1,300
66415,1,300
66474,1,300
66494,1,300
66512,1,300
66516,1,300
66540,1,300
66548,1,300
66572,1,300
66592,1,300
66616,1,300
66638,1,300
66670,1,300
66721,1,300
66723,1,300
66743,1,300
66775,1,300
66820,1,300
66863,1,300
66889,1,300
66942,1,300
66985,1,300
67013,1,300
67068,1,300
67081,1,300
67086,1,300
67107,1,300
67128,1,300
67134,1,300
67181,1,300
67191,1,300
67221,1,300
67251,1,300
67296,1,300
67307,1,300
67308,1,300
67362,1,300
67380,1,300
67429,1,300
67435,1,300
67462,1,300
67502,1,300
67549,1,300
67564,1,300
67591,1,300
67631,1,300
67668,1,300
67713,1,300
67723,1,300
67761,1,300
67804,1,300
67839,1,300
67893,1,300
67930,1,300
67984,1,300
68029,1,300
68034,1,300
68059,1,300
68089,1,300
68121,1,300
68140,1,300
68154,1,300
68160,1,300
68178,1,300
68185,1,300
68213,1,300
68238,1,300
68249,1,300
68280,1,300
68302,1,300
68325,1,300
68335,1,300
68357,1,300
68359,1,300
68378,1,300
68390,1,300
68409,1,300
68410,1,300
68441,1,300
68441,1,300
68473,1,300
68482,1,300
68487,1,300
68519,1,300
68534,1,300
68538,1,300
68542,1,300
68550,1,300
68559,1,300
68566,1,300
68579,1,300
68598,1,300
68629,1,300
68630,1,300
68631,1,300
68631,1,300
68649,1,300
68674,1,300
68697,1,300
68729,1,300
68736,1,300
68768,1,300
68790,1,300
68820,1,300
68841,1,300
68873,1,300
68894,1,300
68908,1,300
68919,1,300
68931,1,300
68948,1,300
68976,1,300
69014,1,300
69014,1,300
69023,1,300
69029,1,300
69043,1,300
69058,1,300
69059,1,300
69081,1,300
69097,1,300
69098,1,300
69130,1,300
69151,1,300
69175,1,300
69203,1,300
69234,1,300
69252,1,300
69285,1,300
69291,1,300
69303,1,300
69338,1,300
69353,1,300
69391,1,300
69392,1,300
69408,1,300
69447,1,300
69464,1,300
69499,1,300
69539,1,300
69562,1,300
69573,1,300
69590,1,300
69617,1,300
69645,1,300
69681,1,300
69708,1,300
69719,1,300
69757,1,300
69769,1,300
69799,1,300
69805,1,300
69846,1,300
69863,1,300
69865,1,300
69900,1,300
69939,1,300
69971,1,300
69977,1,300
70011,1,300
70019,1,300
70052,1,300
70075,1,300
70095,1,300
70107,1,300
70127,1,300
70162,1,300
70179,1,300
70201,1,300
70202,1,300
70237,1,300
70267,1,300
70268,1,300
70281,1,300
70291,1,300
70325,1,300
70355,1,300
70364,1,300
70401,1,300
70418,1,300
70431,1,300
70447,1,300
70459,1,300
70494,1,300
70512,1,300
70519,1,300
70547,1,300
70570,1,300
70582,1,300
70618,1,300
70658,1,300
70692,1,300
70702,1,300
70724,1,300
70764,1,300
70791,1,300
70806,1,300
70831,1,300
70861,1,300
70873,1,300
70911,1,300
70921,1,300
70946,1,300
70982,1,300
71031,1,300
71040,1,300
71046,1,300
71085,1,300
71123,1,300
71132,1,300
71160,1,300
71160,1,300
71172,1,300
71198,1,300
71238,1,300
71274,1,300
71289,1,300
71307,1,300
71311,1,300
71312,1,300
71327,1,300
71363,1,300
71388,1,300
71416,1,300
71453,1,300
71455,1,300
71491,1,300
71527,1,300
71533,1,300
71550,1,300
71565,1,300
71593,1,300
71615,1,300
71619,1,300
71646,1,300
71683,1,300
71709,1,300
71714,1,300
71752,1,300
71756,1,300
71782,1,300
71782,1,300
71817,1,300
71829,1,300
71867,1,300
71877,1,300
71897,1,300
71900,1,300
71939,1,300
71978,1,300
72009,1,300
72022,1,300
72038,1,300
72083,1,300
72091,1,300
72117,1,300
72166,1,300
72185,1,300
72230,1,300
72234,1,300
72256,1,300
72304,1,300
72318,1,300
72342,1,300
72356,1,300
72401,1,300
72433,1,300
72442,1,300
72449,1,300
72481,1,300
72502,1,300
72523,1,300
72571,1,300
72591,1,300
72621,1,300
72629,1,300
72678,1,300
72681,1,300
72690,1,300
72690,1,300
72736,1,300
72781,1,300
72796,1,300
72812,1,300
72855,1,300
72888,1,300
72906,1,300
72930,1,300
72956,1,300
72963,1,300
72963,1,300
72981,1,300
73025,1,300
73063,1,300
73084,1,300
73117,1,300
73122,1,300
73161,1,300
73180,1,300
73207,1,300
73219,1,300
73232,1,300
73255,1,300
73278,1,300
73314,1,300
73355,1,300
73363,1,300
73366,1,300
73383,1,300
73409,1,300
73422,1,300
73430,1,300
73440,1,300
73441,1,300
73475,1,300
73518,1,300
73522,1,300
73539,1,300
73575,1,300
73607,1,300
73628,1,300
73638,1,300
73671,1,300
73697,1,300
73730,1,300
73732,1,300
73754,1,300
73792,1,300
73797,1,300
73821,1,300
73824,1,300
73825,1,300
73854,1,300
73893,1,300
73922,1,300
73932,1,300
73973,1,300
74007,1,300
74027,1,300
74055,1,300
74079,1,300
74083,1,300
74118,1,300
74135,1,300
74136,1,300
74172,1,300
74177,1,300
74190,1,300
74230,1,300
74270,1,300
74311,1,300
74338,1,300
74380,1,300
74420,1,300
74422,1,300
74447,1,300
74452,1,300
74477,1,300
74512,1,300
74527,1,300
74559,1,300
74579,1,300
74601,1,300
74643,1,300
74651,1,300
74689,1,300
74703,1,300
74729,1,300
74740,1,300
74763,1,300
74776,1,300
74794,1,300
74806,1,300
74810,1,300
74819,1,300
74830,1,300
74852,1,300
74888,1,300
74897,1,300
74936,1,300
74977,1,300
75032,1,300
75040,1,300
75053,1,300
75067,1,300
75093,1,300
75094,1,300
75138,1,300
75141,1,300
75167,1,300
75209,1,300
75251,1,300
75275,1,300
75303,1,300
75324,1,300
75372,1,300
75379,1,300
75392,1,300
75410,1,300
75428,1,300
75454,1,300
75490,1,300
75528,1,300
75552,1,300
75586,1,300
75590,1,300
75635,1,300
75677,1,300
75715,1,300
75727,1,300
75754,1,300
75799,1,300
75821,1,300
75853,1,300
75863,1,300
75875,1,300
75887,1,300
75899,1,300
75923,1,300
75932,1,300
75932,1,300
75957,1,300
75981,1,300
75982,1,300
76028,1,300
76043,1,300
76089,1,300
76133,1,300
76158,1,300
76159,1,300
76194,1,300
76233,1,300
76240,1,300
76268,1,300
76275,1,300
76283,1,300
76289,1,300
76331,1,300
76367,1,300
76373,1,300
76394,1,300
76430,1,300
76474,1,300
76485,1,300
76498,1,300
76538,1,300
76562,1,300
76600,1,300
76618,1,300
76637,1,300
76682,1,300
76705,1,300
76723,1,300
76725,1,300
76734,1,300
76739,1,300
76776,1,300
76779,1,300
76807,1,300
76849,1,300
76865,1,300
76870,1,300
76898,1,300
76943,1,300
76966,1,300
76970,1,300
76978,1,300
77006,1,300
77012,1,300
77056,1,300
77061,1,300
77066,1,300
77103,1,300
77110,1,300
77127,1,300
77142,1,300
77143,1,300
77154,1,300
77156,1,300
77177,1,300
77214,1,300
77229,1,300
77250,1,300
77274,1,300
77294,1,300
77327,1,300
77337,1,300
77373,1,300
77414,1,300
77422,1,300
77433,1,300
77454,1,300
77491,1,300
77525,1,300
77565,1,300
77611,1,300
77613,1,300
77623,1,300
77630,1,300
77668,1,300
77712,1,300
77734,1,300
77744,1,300
77777,1,300
77808,1,300
77820,1,300
77835,1,300
77872,1,300
77914,1,300
77959,1,300
77980,1,300
78003,1,300
78052,1,300
78068,1,300
78111,1,300
78128,1,300
78149,1,300
78158,1,300
78166,1,300
78197,1,300
78229,1,300
78230,1,300
78271,1,300
78313,1,300
78354,1,300
78402,1,300
78402,1,300
78446,1,300
78469,1,300
78477,1,300
78524,1,300
78525,1,300
78534,1,300
78557,1,300
78563,1,300
78596,1,300
78598,1,300
78624,1,300
78670,1,300
78672,1,300
78699,1,300
78722,1,300
78756,1,300
78784,1,300
78818,1,300
78827,1,300
78844,1,300
78848,1,300
78892,1,300
78893,1,300
78942,1,300
78976,1,300
79014,1,300
79039,1,300
79056,1,300
79061,1,300
79088,1,300
79107,1,300
79122,1,300
79146,1,300
79163,1,300
79184,1,300
79209,1,300
79218,1,300
79227,1,300
79256,1,300
79281,1,300
79321,1,300
79358,1,300
79394,1,300
79425,1,300
79454,1,300
79485,1,300
79519,1,300
79530,1,300
79548,1,300
79584,1,300
79623,1,300
79643,1,300
79679,1,300
79693,1,300
79723,1,300
79752,1,300
79754,1,300
79775,1,300
79794,1,300
79829,1,300
79845,1,300
79867,1,300
79887,1,300
79892,1,300
79914,1,300
79951,1,300
79991,1,300
80021,1,300
80026,1,300
80027,1,300
80049,1,300
80063,1,300
80081,1,300
80102,1,300
80109,1,300
80124,1,300
80135,1,300
80152,1,300
80169,1,300
80178,1,300
80184,1,300
80209,1,300
80227,1,300
80238,1,300
80248,1,300
80272,1,300
80297,1,300
80312,1,300
80337,1,300
80360,1,300
80368,1,300
80392,1,300
80407,1,300
80425,1,300
80441,1,300
80469,1,300
80491,1,300
80513,1,300
80530,1,300
80548,1,300
80572,1,300
80594,1,300
80609,1,300
80625,1,300
80655,1,300
80678,1,300
80685,1,300
80689,1,300
80701,1,300
80702,1,300
80730,1,300
80744,1,300
80744,1,300
80759,1,300
80777,1,300
80791,1,300
80815,1,300
80837,1,300
80857,1,300
80881,1,300
80891,1,300
80919,1,300
80919,1,300
80922,1,300
80934,1,300
80955,1,300
80960,1,300
80970,1,300
81018,1,300
81023,1,300
81039,1,300
81072,1,300
81080,1,300
81092,1,300
81094,1,300
81132,1,300
81162,1,300
81162,1,300
81192,1,300
81200,1,300
81208,1,300
81234,1,300
81247,1,300
81277,1,300
81277,1,300
81294,1,300
81298,1,300
81326,1,300
81326,1,300
81331,1,300
81366,1,300
81369,1,300
81398,1,300
81416,1,300
81443,1,300
81482,1,300
81499,1,300
81518,1,300
81525,1,300
81532,1,300
81539,1,300
81553,1,300
81577,1,300
81577,1,300
81595,1,300
81609,1,300
81637,1,300
81678,1,300
81717,1,300
81747,1,300
81764,1,300
81793,1,300
81799,1,300
81833,1,300
81872,1,300
81893,1,300
81929,1,300
81963,1,300
81975,1,300
82013,1,300
82046,1,300
82072,1,300
82076,1,300
82093,1,300
82118,1,300
82157,1,300
82194,1,300
82216,1,300
82221,1,300
82238,1,300
82240,1,300
82279,1,300
82286,1,300
82322,1,300
82339,1,300
82365,1,300
82394,1,300
82433,1,300
82443,1,300
82448,1,300
82479,1,300
82508,1,300
82521,1,300
82526,1,300
82551,1,300
82551,1,300
82582,1,300
82586,1,300
82604,1,300
82604,1,300
82630,1,300
82640,1,300
82652,1,300
82682,1,300
82699,1,300
82728,1,300
82733,1,300
82738,1,300
82766,1,300
82798,1,300
82828,1,300
82852,1,300
82891,1,300
82912,1,300
82916,1,300
82920,1,300
82924,1,300
82961,1,300
82976,1,300
83034,1,300
83037,1,300
83070,1,300
83080,1,300
83117,1,300
83119,1,300
83156,1,300
83166,1,300
83197,1,300
83218,1,300
83245,1,300
83265,1,300
83296,1,300
83306,1,300
83318,1,300
83355,1,300
83393,1,300
83397,1,300
83417,1,300
83425,1,300
83425,1,300
83453,1,300
83490,1,300
83496,1,300
83529,1,300
83531,1,300
83536,1,300
83566,1,300
83574,1,300
83577,1,300
83596,1,300
83607,1,300
83643,1,300
83652,1,300
83652,1,300
83652,1,300
83688,1,300
83705,1,300
83728,1,300
83745,1,300
83781,1,300
83787,1,300
83790,1,300
83823,1,300
83859,1,300
83884,1,300
83912,1,300
83915,1,300
83946,1,300
83975,1,300
84038,1,300
84080,1,300
84116,1,300
84116,1,300
84135,1,300
84152,1,300
84168,1,300
84197,1,300
84216,1,300
84228,1,300
84266,1,300
84284,1,300
84306,1,300
84326,1,300
84346,1,300
84388,1,300
84396,1,300
84420,1,300
84437,1,300
84452,1,300
84457,1,300
84473,1,300
84499,1,300
84524,1,300
84541,1,300
84574,1,300
84575,1,300
84595,1,300
84626,1,300
84643,1,300
84660,1,300
84664,1,300
84681,1,300
84718,1,300
84738,1,300
84766,1,300
84797,1,300
84836,1,300
84875,1,300
84907,1,300
84918,1,300
84930,1,300
84945,1,300
84948,1,300
84972,1,300
84980,1,300
85033,1,300
85071,1,300
85098,1,300
85116,1,300
85122,1,300
85139,1,300
85149,1,300
85157,1,300
85186,1,300
85203,1,300
85225,1,300
85251,1,300
85283,1,300
85314,1,300
85323,1,300
85327,1,300
85361,1,300
85395,1,300
85420,1,300
85428,1,300
85466,1,300
85496,1,300
85504,1,300
85522,1,300
85543,1,300
85568,1,300
85579,1,300
85594,1,300
85599,1,300
85637,1,300
85654,1,300
85677,1,300
85679,1,300
85681,1,300
85702,1,300
85719,1,300
85740,1,300
85755,1,300
85765,1,300
85803,1,300
85820,1,300
85829,1,300
85848,1,300
85856,1,300
85881,1,300
85897,1,300
85918,1,300
85928,1,300
85941,1,300
85976,1,300
86032,1,300
86039,1,300
86051,1,300
86057,1,300
86088,1,300
86088,1,300
86112,1,300
86144,1,300
86174,1,300
86185,1,300
86224,1,300
86261,1,300
86299,1,300
86337,1,300
86352,1,300
86369,1,300
86397,1,300
86411,1,300
86415,1,300
86423,1,300
86449,1,300
86483,1,300
86502,1,300
86525,1,300
86555,1,300
86581,1,300
86594,1,300
86620,1,300
86647,1,300
86661,1,300
86677,1,300
86687,1,300
86688,1,300
86709,1,300
86718,1,300
86730,1,300
86738,1,300
86758,1,300
86760,1,300
86777,1,300
86808,1,300
86808,1,300
86839,1,300
86869,1,300
86893,1,300
86930,1,300
86952,1,300
86974,1,300
87012,1,300
87026,1,300
87044,1,300
87080,1,300
87113,1,300
87148,1,300
87153,1,300
87178,1,300
87198,1,300
87232,1,300
87235,1,300
87273,1,300
87293,1,300
87299,1,300
87312,1,300
87321,1,300
87334,1,300
87350,1,300
87374,1,300
87395,1,300
87428,1,300
87431,1,300
87444,1,300
87444,1,300
87464,1,300
87496,1,300
87519,1,300
87526,1,300
87550,1,300
87578,1,300
87601,1,300
87635,1,300
87658,1,300
87677,1,300
87687,1,300
87703,1,300
87734,1,300
87767,1,300
87775,1,300
87777,1,300
87788,1,300
87824,1,300
87837,1,300
87845,1,300
87861,1,300
87897,1,300
87929,1,300
87930,1,300
87955,1,300
87978,1,300
88027,1,300
88045,1,300
88062,1,300
88076,1,300
88096,1,300
88129,1,300
88150,1,300
88174,1,300
88207,1,300
88209,1,300
88224,1,300
88250,1,300
88258,1,300
88279,1,300
88311,1,300
88332,1,300
88358,1,300
88374,1,300
88405,1,300
88421,1,300
88432,1,300
88462,1,300
88470,1,300
88477,1,300
88484,1,300
88497,1,300
88531,1,300
88555,1,300
88568,1,300
88586,1,300
88614,1,300
88642,1,300
88642,1,300
88663,1,300
88689,1,300
88722,1,300
88739,1,300
88747,1,300
88777,1,300
88793,1,300
88800,1,300
88832,1,300
88862,1,300
88893,1,300
88924,1,300
88942,1,300
88956,1,300
88977,1,300
89000,1,300
89013,1,300
89035,1,300
89054,1,300
89089,1,300
89122,1,300
89158,1,300
89168,1,300
89195,1,300
89218,1,300
89220,1,300
89235,1,300
89253,1,300
89255,1,300
89282,1,300
89290,1,300
89304,1,300
89345,1,300
89378,1,300
89399,1,300
89438,1,300
89462,1,300
89463,1,300
89488,1,300
89507,1,300
89534,1,300
89560,1,300
89596,1,300
89637,1,300
89655,1,300
89659,1,300
89697,1,300
89727,1,300
89730,1,300
89734,1,300
89765,1,300
89803,1,300
89825,1,300
89849,1,300
89880,1,300
89884,1,300
89885,1,300
89923,1,300
89941,1,300
89975,1,300
90018,1,300
90043,1,300
90057,1,300
90090,1,300
90101,1,300
90141,1,300
90171,1,300
90194,1,300
90224,1,300
90246,1,300
90278,1,300
90298,1,300
90329,1,300
90334,1,300
90374,1,300
90388,1,300
90423,1,300
90450,1,300
90455,1,300
90455,1,300
90466,1,300
90482,1,300
90492,1,300
90530,1,300
90552,1,300
90552,1,300
90567,1,300
90574,1,300
90574,1,300
90592,1,300
90618,1,300
90651,1,300
90670,1,300
90703,1,300
90716,1,300
90754,1,300
90789,1,300
90800,1,300
90816,1,300
90843,1,300
90865,1,300
90870,1,300
90873,1,300
90900,1,300
90935,1,300
90946,1,300
90970,1,300
90976,1,300
91026,1,300
91064,1,300
91069,1,300
91104,1,300
91110,1,300
91126,1,300
91137,1,300
91164,1,300
91202,1,300
91223,1,300
91229,1,300
91247,1,300
91274,1,300
91310,1,300
91319,1,300
91351,1,300
91382,1,300
91387,1,300
91389,1,300
91427,1,300
91449,1,300
91485,1,300
91520,1,300
91544,1,300
91561,1,300
91569,1,300
91595,1,300
91600,1,300
91601,1,300
91616,1,300
91633,1,300
91649,1,300
91673,1,300
91678,1,300
91689,1,300
91726,1,300
91753,1,300
91769,1,300
91797,1,300
91802,1,300
91836,1,300
91870,1,300
91894,1,300
91912,1,300
91945,1,300
91977,1,300
92000,1,300
92018,1,300
92021,1,300
92043,1,300
92045,1,300
92055,1,300
92062,1,300
92076,1,300
92105,1,300
92114,1,300
92118,1,300
92130,1,300
92149,1,300
92153,1,300
92158,1,300
92167,1,300
92167,1,300
92194,1,300
92210,1,300
92218,1,300
92225,1,300
92239,1,300
92251,1,300
92265,1,300
92288,1,300
92299,1,300
92327,1,300
92335,1,300
92354,1,300
92359,1,300
92360,1,300
92377,1,300
92405,1,300
92408,1,300
92426,1,300
92426,1,300
92453,1,300
92475,1,300
92497,1,300
92501,1,300
92512,1,300
92528,1,300
92537,1,300
92561,1,300
92589,1,300
92610,1,300
92616,1,300
92623,1,300
92637,1,300
92649,1,300
92653,1,300
92657,1,300
92663,1,300
92665,1,300
92692,1,300
92694,1,300
92718,1,300
92737,1,300
92758,1,300
92786,1,300
92801,1,300
92816,1,300
92844,1,300
92861,1,300
92870,1,300
92871,1,300
92895,1,300
92908,1,300
92919,1,300
92926,1,300
92935,1,300
92964,1,300
93012,1,300
93019,1,300
93046,1,300
93054,1,300
93064,1,300
93071,1,300
93098,1,300
93100,1,300
93112,1,300
93125,1,300
93135,1,300
93148,1,300
93161,1,300
93190,1,300
93206,1,300
93214,1,300
93246,1,300
93275,1,300
93276,1,300
93303,1,300
93309,1,300
93344,1,300
93350,1,300
93351,1,300
93380,1,300
93388,1,300
93389,1,300
93424,1,300
93434,1,300
93461,1,300
93465,1,300
93477,1,300
93509,1,300
93530,1,300
93566,1,300
93572,1,300
93603,1,300
93636,1,300
93641,1,300
93665,1,300
93688,1,300
93694,1,300
93729,1,300
93735,1,300
93762,1,300
93777,1,300
93799,1,300
93827,1,300
93857,1,300
93884,1,300
93890,1,300
93917,1,300
93941,1,300
93973,1,300
94018,1,300
94020,1,300
94033,1,300
94035,1,300
94066,1,300
94097,1,300
94112,1,300
94140,1,300
94175,1,300
94185,1,300
94196,1,300
94212,1,300
94212,1,300
94232,1,300
94265,1,300
94267,1,300
94298,1,300
94308,1,300
94325,1,300
94359,1,300
94381,1,300
94387,1,300
94393,1,300
94418,1,300
94422,1,300
94422,1,300
94438,1,300
94473,1,300
94492,1,300
94526,1,300
94548,1,300
94562,1,300
94598,1,300
94627,1,300
94629,1,300
94663,1,300
94698,1,300
94700,1,300
94732,1,300
94738,1,300
94770,1,300
94798,1,300
94824,1,300
94844,1,300
94848,1,300
94852,1,300
94875,1,300
94877,1,300
94895,1,300
94920,1,300
94936,1,300
94970,1,300
95005,1,300
95043,1,300
95054,1,300
95068,1,300
95077,1,300
95090,1,300
95114,1,300
95130,1,300
95152,1,300
95188,1,300
95215,1,300
95234,1,300
95239,1,300
95258,1,300
95262,1,300
95301,1,300
95325,1,300
95333,1,300
95343,1,300
95343,1,300
95352,1,300
95364,1,300
95397,1,300
95425,1,300
95447,1,300
95455,1,300
95459,1,300
95475,1,300
95486,1,300
95495,1,300
95502,1,300
95526,1,300
95564,1,300
95588,1,300
95621,1,300
95649,1,300
95678,1,300
95686,1,300
95696,1,300
95710,1,300
95736,1,300
95741,1,300
95762,1,300
95794,1,300
95821,1,300
95835,1,300
95873,1,300
95901,1,300
95934,1,300
95948,1,300
95976,1,300
96015,1,300
96048,1,300
96073,1,300
96076,1,300
96100,1,300
96105,1,300
96123,1,300
96130,1,300
96176,1,300
96212,1,300
96231,1,300
96276,1,300
96303,1,300
96338,1,300
96360,1,300
96385,1,300
96386,1,300
96386,1,300
96418,1,300
96448,1,300
96459,1,300
96459,1,300
96473,1,300
96491,1,300
96499,1,300
96542,1,300
96561,1,300
96578,1,300
96595,1,300
96601,1,300
96635,1,300
96665,1,300
96683,1,300
96714,1,300
96717,1,300
96719,1,300
96719,1,300
96724,1,300
96745,1,300
96746,1,300
96748,1,300
96776,1,300
96800,1,300
96845,1,300
96879,1,300
96905,1,300
96950,1,300
96973,1,300
97001,1,300
97046,1,300
97069,1,300
97105,1,300
97139,1,300
97142,1,300
97149,1,300
97170,1,300
97200,1,300
97201,1,300
97206,1,300
97237,1,300
97244,1,300
97247,1,300
97257,1,300
97262,1,300
97295,1,300
97309,1,300
97309,1,300
97333,1,300
97368,1,300
97384,1,300
97402,1,300
97423,1,300
97430,1,300
97453,1,300
97465,1,300
97466,1,300
97500,1,300
97510,1,300
97523,1,300
97570,1,300
97572,1,300
97613,1,300
97652,1,300
97695,1,300
97724,1,300
97748,1,300
97757,1,300
97771,1,300
97786,1,300
97820,1,300
97825,1,300
97851,1,300
97883,1,300
97928,1,300
97949,1,300
97969,1,300
97970,1,300
98037,1,300
98037,1,300
98054,1,300
98083,1,300
98103,1,300
98128,1,300
98164,1,300
98178,1,300
98201,1,300
98212,1,300
98216,1,300
98250,1,300
98261,1,300
98289,1,300
98317,1,300
98347,1,300
98380,1,300
98403,1,300
98405,1,300
98416,1,300
98442,1,300
98479,1,300
98509,1,300
98531,1,300
98560,1,300
98579,1,300
98604,1,300
98637,1,300
98655,1,300
98664,1,300
98688,1,300
98696,1,300
98718,1,300
98723,1,300
98746,1,300
98763,1,300
98771,1,300
98797,1,300
98808,1,300
98827,1,300
98863,1,300
98893,1,300
98906,1,300
98926,1,300
98960,1,300
98975,1,300
98977,1,300
98977,1,300
99019,1,300
99048,1,300
99067,1,300
99084,1,300
99107,1,300
99144,1,300
99148,1,300
99163,1,300
99191,1,300
99210,1,300
99248,1,300
99282,1,300
99294,1,300
99301,1,300
99305,1,300
99324,1,300
99332,1,300
99369,1,300
99407,1,300
99440,1,300
99473,1,300
99510,1,300
99543,1,300
99544,1,300
99575,1,300
99579,1,300
99619,1,300
99655,1,300
99678,1,300
99687,1,300
99724,1,300
99741,1,300
99748,1,300
99757,1,300
99784,1,300
99801,1,300
99808,1,300
99828,1,300
99859,1,300
99862,1,300
99870,1,300
99874,1,300
99898,1,300
99927,1,300
99942,1,300
99950,1,300
99961,1,300
99970,1,300
99978,1,300
100031,1,300
100070,1,300
100084,1,300
100089,1,300
100102,1,300
100129,1,300
100159,1,300
100166,1,300
100197,1,300
100217,1,300
100249,1,300
100255,1,300
100277,1,300
100295,1,300
100330,1,300
100371,1,300
100390,1,300
100393,1,300
100429,1,300
100429,1,300
100463,1,300
100476,1,300
100503,1,300
100546,1,300
100557,1,300
100583,1,300
100619,1,300
100641,1,300
100661,1,300
100669,1,300
100711,1,300
100753,1,300
100763,1,300
100774,1,300
100797,1,300
100800,1,300
100829,1,300
100849,1,300
100888,1,300
100914,1,300
100914,1,300
100927,1,300
100957,1,300
100992,1,300
101034,1,300
101065,1,300
101096,1,300
101133,1,300
101169,1,300
101197,1,300
101227,1,300
101256,1,300
101272,1,300
101283,1,300
101283,1,300
101285,1,300
101319,1,300
101322,1,300
101329,1,300
101362,1,300
101374,1,300
101375,1,300
101388,1,300
101405,1,300
101428,1,300
101448,1,300
101462,1,300
101491,1,300
101527,1,300
101529,1,300
101552,1,300
101589,1,300
101607,1,300
101614,1,300
101634,1,300
101653,1,300
101690,1,300
101690,1,300
101729,1,300
101746,1,300
101761,1,300
101784,1,300
101801,1,300
101831,1,300
101865,1,300
101891,1,300
101906,1,300
101937,1,300
101964,1,300
101975,1,300
102052,1,300
102057,1,300
102103,1,300
102115,1,300
102163,1,300
102217,1,300
102263,1,300
102300,1,300
102337,1,300
102367,1,300
102387,1,300
102407,1,300
102409,1,300
102409,1,300
102463,1,300
102469,1,300
102502,1,300
102552,1,300
102595,1,300
102596,1,300
102618,1,300
102640,1,300
102642,1,300
102653,1,300
102654,1,300
102662,1,300
102677,1,300
102721,1,300
102725,1,300
102754,1,300
102774,1,300
102803,1,300
102833,1,300
102837,1,300
102848,1,300
102852,1,300
102891,1,300
102907,1,300
102944,1,300
102950,1,300
102965,1,300
102980,1,300
103027,1,300
103056,1,300
103079,1,300
103085,1,300
103117,1,300
103135,1,300
103178,1,300
103217,1,300
103242,1,300
103264,1,300
103276,1,300
103299,1,300
103341,1,300
103349,1,300
103376,1,300
103412,1,300
103421,1,300
103429,1,300
103456,1,300
103496,1,300
103518,1,300
103553,1,300
103581,1,300
103582,1,300
103617,1,300
103647,1,300
103686,1,300
103699,1,300
103714,1,300
103737,1,300
103739,1,300
103773,1,300
103812,1,300
103832,1,300
103862,1,300
103901,1,300
103905,1,300
103916,1,300
103917,1,300
103956,1,300
103959,1,300
103960,1,300
103996,1,300
104013,1,300
104047,1,300
104065,1,300
104089,1,300
104107,1,300
104134,1,300
104137,1,300
104170,1,300
104175,1,300
104205,1,300
104206,1,300
104208,1,300
104226,1,300
104259,1,300
104261,1,300
104271,1,300
104287,1,300
104302,1,300
104321,1,300
104321,1,300
104326,1,300
104326,1,300
104353,1,300
104391,1,300
104397,1,300
104400,1,300
104421,1,300
104444,1,300
104444,1,300
104477,1,300
104493,1,300
104523,1,300
104549,1,300
104555,1,300
104592,1,300
104618,1,300
104628,1,300
104644,1,300
104656,1,300
104684,1,300
104723,1,300
104750,1,300
104783,1,300
104799,1,300
104812,1,300
104825,1,300
104845,1,300
104872,1,300
104888,1,300
104891,1,300
104919,1,300
104935,1,300
104975,1,300
105024,1,300
105049,1,300
105063,1,300
105091,1,300
105123,1,300
105166,1,300
105166,1,300
105184,1,300
105226,1,300
105243,1,300
105264,1,300
105300,1,300
105322,1,300
105336,1,300
105360,1,300
105362,1,300
105380,1,300
105417,1,300
105443,1,300
105487,1,300
105502,1,300
105511,1,300
105542,1,300
105571,1,300
105571,1,300
105581,1,300
105605,1,300
105631,1,300
105659,1,300
105697,1,300
105723,1,300
105753,1,300
105785,1,300
105818,1,300
105832,1,300
105870,1,300
105894,1,300
105910,1,300
105952,1,300
105957,1,300
105980,1,300
106011,1,300
106036,1,300
106059,1,300
106089,1,300
106119,1,300
106146,1,300
106186,1,300
106199,1,300
106244,1,300
106257,1,300
106261,1,300
106263,1,300
106303,1,300
106350,1,300
106355,1,300
106402,1,300
106424,1,300
106467,1,300
106471,1,300
106516,1,300
106527,1,300
106577,1,300
106592,1,300
106615,1,300
106617,1,300
106647,1,300
106666,1,300
106704,1,300
106723,1,300
106773,1,300
106802,1,300
106806,1,300
106856,1,300
106899,1,300
106907,1,300
106944,1,300
106952,1,300
106975,1,300
106983,1,300
107045,1,300
107063,1,300
107107,1,300
107129,1,300
107160,1,300
107160,1,300
107206,1,300
107254,1,300
107261,1,300
107270,1,300
107311,1,300
107350,1,300
107350,1,300
107361,1,300
107369,1,300
107369,1,300
107381,1,300
107399,1,300
107410,1,300
107448,1,300
107472,1,300
107517,1,300
107535,1,300
107579,1,300
107601,1,300
107653,1,300
107684,1,300
107713,1,300
107718,1,300
107723,1,300
107747,1,300
107782,1,300
107828,1,300
107877,1,300
107898,1,300
107942,1,300
107983,1,300
108011,1,300
108019,1,300
108029,1,300
108072,1,300
108080,1,300
108111,1,300
108160,1,300
108178,1,300
108227,1,300
108263,1,300
108289,1,300
108332,1,300
108355,1,300
108365,1,300
108404,1,300
108453,1,300
108466,1,300
108506,1,300
108545,1,300
108578,1,300
108621,1,300
108655,1,300
108656,1,300
108687,1,300
108688,1,300
108714,1,300
108760,1,300
108794,1,300
108799,1,300
108841,1,300
108868,1,300
108910,1,300
108956,1,300
108979,1,300
108983,1,300
109013,1,300
109022,1,300
109037,1,300
109065,1,300
109079,1,300
109112,1,300
109127,1,300
109160,1,300
109193,1,300
109195,1,300
109221,1,300
109245,1,300
109288,1,300
109321,1,300
109324,1,300
109367,1,300
109369,1,300
109400,1,300
109447,1,300
109466,1,300
109479,1,300
109520,1,300
109538,1,300
109552,1,300
109595,1,300
109609,1,300
109636,1,300
109671,1,300
109716,1,300
109732,1,300
109779,1,300
109807,1,300
109830,1,300
109844,1,300
109891,1,300
109893,1,300
109937,1,300
109981,1,300
110045,1,300
110077,1,300
110085,1,300
110101,1,300
110118,1,300
110174,1,300
110208,1,300
110224,1,300
110230,1,300
110255,1,300
110287,1,300
110321,1,300
110338,1,300
110372,1,300
110410,1,300
110431,1,300
110445,1,300
110492,1,300
110508,1,300
110530,1,300
110555,1,300
110567,1,300
110588,1,300
110597,1,300
110611,1,300
110649,1,300
110702,1,300
110726,1,300
110751,1,300
110812,1,300
110852,1,300
110856,1,300
110896,1,300
110918,1,300
110922,1,300
110925,1,300
110976,1,300
110980,1,300
111012,1,300
111013,1,300
111039,1,300
111042,1,300
111058,1,300
111099,1,300
111146,1,300
111147,1,300
111185,1,300
111215,1,300
111262,1,300
111289,1,300
111301,1,300
111347,1,300
111369,1,300
111416,1,300
111438,1,300
111476,1,300
111494,1,300
111527,1,300
111544,1,300
111576,1,300
111604,1,300
111626,1,300
111642,1,300
111653,1,300
111659,1,300
111671,1,300
111708,1,300
111748,1,300
111751,1,300
111794,1,300
111841,1,300
111874,1,300
111884,1,300
111911,1,300
111957,1,300
111968,1,300
111983,1,300
112047,1,300
112056,1,300
112060,1,300
112079,1,300
112111,1,300
112134,1,300
112184,1,300
112208,1,300
112252,1,300
112281,1,300
112314,1,300
112332,1,300
112345,1,300
112384,1,300
112413,1,300
112463,1,300
112482,1,300
112511,1,300
112563,1,300
112584,1,300
112599,1,300
112640,1,300
112659,1,300
112700,1,300
112744,1,300
112774,1,300
112815,1,300
112847,1,300
112880,1,300
112886,1,300
112889,1,300
112915,1,300
112965,1,300
112983,1,300
113005,1,300
113011,1,300
113063,1,300
113110,1,300
113120,1,300
113168,1,300
113196,1,300
113231,1,300
113278,1,300
113321,1,300
113336,1,300
113369,1,300
113414,1,300
113449,1,300
113499,1,300
113536,1,300
113563,1,300
113568,1,300
113620,1,300
113620,1,300
113643,1,300
113670,1,300
113715,1,300
113731,1,300
113774,1,300
113779,1,300
113816,1,300
113821,1,300
113866,1,300
113871,1,300
113879,1,300
113895,1,300
113935,1,300
113985,1,300
114057,1,300
114122,1,300
114150,1,300
114198,1,300
114244,1,300
114303,1,300
114353,1,300
114401,1,300
114429,1,300
114446,1,300
114447,1,300
114487,1,300
114510,1,300
114523,1,300
114528,1,300
114560,1,300
114563,1,300
114566,1,300
114573,1,300
114584,1,300
114584,1,300
114591,1,300
114608,1,300
114644,1,300
114672,1,300
114710,1,300
114711,1,300
114743,1,300
114798,1,300
114823,1,300
114880,1,300
114887,1,300
114939,1,300
114979,1,300
115043,1,300
115055,1,300
115080,1,300
115084,1,300
115117,1,300
115137,1,300
115180,1,300
115213,1,300
115253,1,300
115269,1,300
115272,1,300
115318,1,300
115374,1,300
115414,1,300
115414,1,300
115420,1,300
115461,1,300
115475,1,300
115481,1,300
115531,1,300
115534,1,300
115569,1,300
115591,1,300
115610,1,300
115664,1,300
115707,1,300
115747,1,300
115764,1,300
115765,1,300
115815,1,300
115863,1,300
115877,1,300
115920,1,300
115932,1,300
115982,1,300
116002,1,300
116037,1,300
116070,1,300
116116,1,300
116138,1,300
116152,1,300
116195,1,300
116237,1,300
116241,1,300
116267,1,300
116290,1,300
116326,1,300
116344,1,300
116384,1,300
116389,1,300
116419,1,300
116441,1,300
116481,1,300
116489,1,300
116532,1,300
116547,1,300
116586,1,300
116623,1,300
116653,1,300
116686,1,300
116702,1,300
116749,1,300
116786,1,300
116801,1,300
116812,1,300
116841,1,300
116853,1,300
116864,1,300
116910,1,300
116953,1,300
116961,1,300
116982,1,300
117080,1,300
117109,1,300
117115,1,300
117170,1,300
117179,1,300
117198,1,300
117227,1,300
117259,1,300
117278,1,300
117326,1,300
117358,1,300
117409,1,300
117480,1,300
117509,1,300
117560,1,300
117589,1,300
117644,1,300
117676,1,300
117692,1,300
117763,1,300
117775,1,300
117797,1,300
117848,1,300
117890,1,300
117919,1,300
117941,1,300
117963,1,300
117988,1,300
118027,1,300
118075,1,300
118099,1,300
118129,1,300
118207,1,300
118213,1,300
118267,1,300
118291,1,300
118321,1,300
118348,1,300
118411,1,300
118450,1,300
118501,1,300
118534,1,300
118534,1,300
118561,1,300
118591,1,300
118630,1,300
118663,1,300
118675,1,300
118705,1,300
118753,1,300
118807,1,300
118870,1,300
118924,1,300
118936,1,300
118999,1,300
119028,1,300
119114,1,300
119130,1,300
119170,1,300
119206,1,300
119218,1,300
119291,1,300
119368,1,300
119376,1,300
119392,1,300
119457,1,300
119473,1,300
119509,1,300
119521,1,300
119541,1,300
119581,1,300
119630,1,300
119634,1,300
119666,1,300
119739,1,300
119796,1,300
119861,1,300
119897,1,300
119942,1,300
119987,1,300
120010,1,300
120026,1,300
120083,1,300
120126,1,300
120191,1,300
120223,1,300
120280,1,300
120299,1,300
120326,1,300
120353,1,300
120399,1,300
120429,1,300
120489,1,300
120499,1,300
120559,1,300
120575,1,300
120624,1,300
120676,1,300
120719,1,300
120719,1,300
120760,1,300
120812,1,300
120872,1,300
120924,1,300
120978,1,300
120988,1,300
121069,1,300
121088,1,300
121091,1,300
121168,1,300
121237,1,300
121279,1,300
121309,1,300
121382,1,300
121412,1,300
121442,1,300
121453,1,300
121480,1,300
121487,1,300
121521,1,300
121524,1,300
121601,1,300
121666,1,300
121739,1,300
121823,1,300
121834,1,300
121837,1,300
121864,1,300
121875,1,300
121936,1,300
121986,1,300
122003,1,300
122076,1,300
122117,1,300
122177,1,300
122215,1,300
122285,1,300
122310,1,300
122322,1,300
122376,1,300
122446,1,300
122509,1,300
122566,1,300
122616,1,300
122625,1,300
122666,1,300
122669,1,300
122678,1,300
122728,1,300
122804,1,300
122832,1,300
122898,1,300
122917,1,300
122980,1,300
122989,1,300
123071,1,300
123116,1,300
123147,1,300
123149,1,300
123211,1,300
123219,1,300
123230,1,300
123275,1,300
123292,1,300
123303,1,300
123322,1,300
123350,1,300
123406,1,300
123474,1,300
123474,1,300
123510,1,300
123552,1,300
123588,1,300
123661,1,300
123700,1,300
123773,1,300
123809,1,300
123874,1,300
123910,1,300
123938,1,300
123986,1,300
124004,1,300
124072,1,300
124160,1,300
124213,1,300
124296,1,300
124359,1,300
124388,1,300
124446,1,300
124485,1,300
124514,1,300
124533,1,300
124537,1,300
124576,1,300
124615,1,300
124708,1,300
124752,1,300
124761,1,300
124795,1,300
124858,1,300
124902,1,300
124990,1,300
125059,1,300
125098,1,300
125177,1,300
125220,1,300
125247,1,300
125282,1,300
125313,1,300
125352,1,300
125371,1,300
125438,1,300
125509,1,300
125592,1,300
125592,1,300
125615,1,300
125618,1,300
125689,1,300
125708,1,300
125711,1,300
125766,1,300
125805,1,300
125884,1,300
125951,1,300
125986,1,300
126071,1,300
126150,1,300
126196,1,300
126264,1,300
126299,1,300
126349,1,300
126420,1,300
126420,1,300
126459,1,300
126491,1,300
126508,1,300
126551,1,300
126622,1,300
126643,1,300
126678,1,300
126731,1,300
126774,1,300
126795,1,300
126809,1,300
126830,1,300
126876,1,300
126908,1,300
126987,1,300
127068,1,300
127121,1,300
127125,1,300
127125,1,300
127154,1,300
127222,1,300
127241,1,300
127319,1,300
127402,1,300
127475,1,300
127533,1,300
127547,1,300
127576,1,300
127610,1,300
127703,1,300
127712,1,300
127746,1,300
127819,1,300
127872,1,300
127960,1,300
127989,1,300
128017,1,300
128052,1,300
128092,1,300
128127,1,300
128180,1,300
128240,1,300
128297,1,300
128341,1,300
128349,1,300
128351,1,300
128406,1,300
128430,1,300
128472,1,300
128529,1,300
128535,1,300
128561,1,300
128565,1,300
128618,1,300
128675,1,300
128675,1,300
128706,1,300
128766,1,300
128806,1,300
128852,1,300
128892,1,300
128938,1,300
128973,1,300
128986,1,300
129059,1,300
129078,1,300
129127,1,300
129146,1,300
129160,1,300
129249,1,300
129283,1,300
129312,1,300
129331,1,300
129410,1,300
129469,1,300
129553,1,300
129647,1,300
129681,1,300
129765,1,300
129809,1,300
129833,1,300
129917,1,300
129991,1,300
130085,1,300
130158,1,300
130180,1,300
130180,1,300
130259,1,300
130293,1,300
130372,1,300
130457,1,300
130462,1,300
130541,1,300
130614,1,300
130642,1,300
130647,1,300
130715,1,300
130743,1,300
130782,1,300
130889,1,300
130968,1,300
130990,1,300
131080,1,300
131149,1,300
131149,1,300
131218,1,300
131277,1,300
131298,1,300
131373,1,300
131432,1,300
131485,1,300
131565,1,300
131640,1,300
131661,1,300
131704,1,300
131768,1,300
131784,1,300
131843,1,300
131923,1,300
131992,1,300
132068,1,300
132068,1,300
132113,1,300
132272,1,300
132340,1,300
132385,1,300
132407,1,300
132429,1,300
132633,1,300
132769,1,300
132973,1,300
132973,1,300
132995,1,300
133071,1,300
133078,1,300
133142,1,300
133242,1,300
133277,1,300
133356,1,300
133442,1,300
133456,1,300
133549,1,300
133584,1,300
133684,1,300
133712,1,300
133812,1,300
133847,1,300
133926,1,300
133990,1,300
134076,1,300
134178,1,300
134237,1,300
134296,1,300
134407,1,300
134492,1,300
134492,1,300
134586,1,300
134654,1,300
134730,1,300
134747,1,300
134806,1,300
134806,1,300
134891,1,300
134993,1,300
135050,1,300
135194,1,300
135210,1,300
135235,1,300
135336,1,300
135369,1,300
135402,1,300
135529,1,300
135537,1,300
135570,1,300
135654,1,300
135730,1,300
135865,1,300
135915,1,300
135957,1,300
135957,1,300
135990,1,300
136043,1,300
136086,1,300
136172,1,300
136215,1,300
136258,1,300
136312,1,300
136322,1,300
136419,1,300
136549,1,300
136635,1,300
136754,1,300
136775,1,300
136818,1,300
136850,1,300
136991,1,300
137137,1,300
137159,1,300
137204,1,300
137238,1,300
137249,1,300
137363,1,300
137408,1,300
137499,1,300
137613,1,300
137647,1,300
137738,1,300
137887,1,300
137932,1,300
137989,1,300
138052,1,300
138078,1,300
138150,1,300
138169,1,300
138221,1,300
138320,1,300
138339,1,300
138339,1,300
138431,1,300
138517,1,300
138603,1,300
138655,1,300
138760,1,300
138826,1,300
138905,1,300
138991,1,300
139027,1,300
139175,1,300
139296,1,300
139390,1,300
139511,1,300
139565,1,300
139659,1,300
139740,1,300
139753,1,300
139901,1,300
139995,1,300
140000,1,300
140005,1,300
140051,1,300
140118,1,300
140123,1,300
140148,1,300
140199,1,300
140271,1,300
140291,1,300
140378,1,300
140460,1,300
140552,1,300
140629,1,300
140726,1,300
140818,1,300
140848,1,300
140858,1,300
140950,1,300
140991,1,300
141019,1,300
141058,1,300
141175,1,300
141312,1,300
141331,1,300
141487,1,300
141663,1,300
141761,1,300
141819,1,300
141995,1,300
142137,1,300
142274,1,300
142342,1,300
142410,1,300
142410,1,300
142513,1,300
142513,1,300
142754,1,300
142822,1,300
142994,1,300
143092,1,300
143129,1,300
143221,1,300
143387,1,300
143498,1,300
143646,1,300
143701,1,300
143849,1,300
143923,1,300
143997,1,300
144121,1,300
144269,1,300
144323,1,300
144350,1,300
144444,1,300
144484,1,300
144592,1,300
144632,1,300
144672,1,300
144699,1,300
144834,1,300
144901,1,300
144995,1,300
145112,1,300
145252,1,300
145350,1,300
145490,1,300
145546,1,300
145658,1,300
145700,1,300
145770,1,300
145784,1,300
145882,1,300
145994,1,300
146159,1,300
146340,1,300
146476,1,300
146544,1,300
146657,1,300
146793,1,300
146883,1,300
146928,1,300
146996,1,300
147000,1,300
147086,1,300
147189,1,300
147206,1,300
147343,1,300
147377,1,300
147514,1,300
147565,1,300
147685,1,300
147805,1,300
147891,1,300
147925,1,300
147993,1,300
148125,1,300
148250,1,300
148333,1,300
148416,1,300
148541,1,300
148791,1,300
148999,1,300
149193,1,300
149354,1,300
149483,1,300
149547,1,300
149611,1,300
149836,1,300
149868,1,300
149997,1,300
150108,1,300
150243,1,300
150324,1,300
150513,1,300
150594,1,300
150810,1,300
150945,1,300
150972,1,300
150999,1,300
151400,1,300
151400,1,300
151600,1,300
151800,1,300
152000,1,300
152050,1,300
152087,1,300
152155,1,300
152198,1,300
152235,1,300
152291,1,300
152391,1,300
152422,1,300
152503,1,300
152559,1,300
152652,1,300
152745,1,300
152826,1,300
152888,1,300
152956,1,300
152993,1,300
153102,1,300
153204,1,300
153317,1,300
153373,1,300
153463,1,300
153553,1,300
153632,1,300
153711,1,300
153779,1,300
153892,1,300
153994,1,300
154166,1,300
154308,1,300
154474,1,300
154616,1,300
154806,1,300
154877,1,300
154924,1,300
154995,1,300
155000,1,300
155142,1,300
155237,1,300
155475,1,300
155617,1,300
155807,1,300
155997,1,300
156000,1,300
156222,1,300
156555,1,300
156666,1,300
156999,1,300
157269,1,300
157269,1,300
157345,1,300
157421,1,300
157651,1,300
157727,1,300
157919,1,300
157995,1,300
158000,1,300
158145,1,300
158270,1,300
158415,1,300
158456,1,300
158622,1,300
158642,1,300
158808,1,300
158995,1,300
159159,1,300
159332,1,300
159346,1,300
159432,1,300
159446,1,300
159518,1,300
159546,1,300
159589,1,300
159646,1,300
159703,1,300
159847,1,300
159991,1,300
160333,1,300
160666,1,300
160999,1,300
161500,1,300
161500,1,300
161833,1,300
161999,1,300
161999,1,300
162166,1,300
162499,1,300
162832,1,300
162998,1,300
163133,1,300
163466,1,300
163532,1,300
163798,1,300
163998,1,300
164035,1,300
164049,1,300
164140,1,300
164175,1,300
164217,1,300
164231,1,300
164238,1,300
164329,1,300
164441,1,300
164490,1,300
164532,1,300
164637,1,300
164686,1,300
164770,1,300
164875,1,300
164952,1,300
164994,1,300
165200,1,300
165225,1,300
165275,1,300
165325,1,300
165450,1,300
165500,1,300
165700,1,300
165900,1,300
166000,1,300
166127,1,300
166297,1,300
166360,1,300
166487,1,300
166508,1,300
166678,1,300
166741,1,300
166847,1,300
166995,1,300
167081,1,300
167135,1,300
167297,1,300
167324,1,300
167486,1,300
167675,1,300
167864,1,300
167999,1,300
168400,1,300
168600,1,300
168600,1,300
169000,1,300
169060,1,300
169150,1,300
169210,1,300
169331,1,300
169543,1,300
169755,1,300
169845,1,300
169996,1,300
170071,1,300
170356,1,300
170356,1,300
170498,1,300
170712,1,300
170997,1,300
171155,1,300
171288,1,300
171443,1,300
171554,1,300
171709,1,300
171731,1,300
171864,1,300
171952,1,300
171996,1,300
172176,1,300
172470,1,300
172646,1,300
172881,1,300
172998,1,300
173125,1,300
173500,1,300
173750,1,300
174000,1,300
174125,1,300
174291,1,300
174457,1,300
174665,1,300
174915,1,300
174998,1,300
175200,1,300
175600,1,300
176000,1,300
176014,1,300
176051,1,300
176140,1,300
176229,1,300
176257,1,300
176337,1,300
176403,1,300
176450,1,300
176534,1,300
176614,1,300
176647,1,300
176689,1,300
176759,1,300
176839,1,300
176862,1,300
176899,1,300
176932,1,300
176965,1,300
176993,1,300
176993,1,300
177104,1,300
177104,1,300
177145,1,300
177145,1,300
177311,1,300
177352,1,300
177539,1,300
177705,1,300
177830,1,300
177996,1,300
178081,1,300
178216,1,300
178243,1,300
178405,1,300
178459,1,300
178702,1,300
178891,1,300
178972,1,300
178999,1,300
179160,1,300
179360,1,300
179480,1,300
179640,1,300
179760,1,300
180000,1,300
180000,1,300
180500,1,300
181000,1,300
181000,1,300
181250,1,300
181357,1,300
181464,1,300
181678,1,300
181785,1,300
181963,1,300
181998,1,300
182100,1,300
182200,1,300
182333,1,300
182533,1,300
182599,1,300
182765,1,300
182998,1,300
183111,1,300
183166,1,300
183277,1,300
183406,1,300
183424,1,300
183479,1,300
183497,1,300
183552,1,300
183681,1,300
183847,1,300
183995,1,300
184055,1,300
184221,1,300
184498,1,300
184553,1,300
184719,1,300
184830,1,300
184996,1,300
185076,1,300
185460,1,300
185536,1,300
185689,1,300
185689,1,300
185996,1,300
186285,1,300
186285,1,300
186356,1,300
186570,1,300
186641,1,300
186748,1,300
186890,1,300
186997,1,300
187363,1,300
187453,1,300
187725,1,300
187997,1,300
188073,1,300
188146,1,300
188152,1,300
188244,1,300
188323,1,300
188329,1,300
188335,1,300
188390,1,300
188426,1,300
188487,1,300
188499,1,300
188566,1,300
188633,1,300
188645,1,300
188743,1,300
188841,1,300
188902,1,300
188994,1,300
189083,1,300
189208,1,300
189333,1,300
189416,1,300
189541,1,300
189749,1,300
189999,1,300
189999,1,300
190142,1,300
190380,1,300
190665,1,300
190760,1,300
190760,1,300
190998,1,300
191086,1,300
191086,1,300
191187,1,300
191259,1,300
191374,1,300
191446,1,300
191605,1,300
191749,1,300
191864,1,300
191950,1,300
191993,1,300
192250,1,300
192312,1,300
192562,1,300
192624,1,300
192811,1,300
192998,1,300
193041,1,300
193332,1,300
193457,1,300
193623,1,300
193914,1,300
193955,1,300
193996,1,300
194125,1,300
194166,1,300
194332,1,300
194457,1,300
194498,1,300
194581,1,300
194747,1,300
194997,1,300
195117,1,300
195175,1,300
195253,1,300
195370,1,300
195507,1,300
195644,1,300
195761,1,300
195917,1,300
195995,1,300
196428,1,300
196499,1,300
196784,1,300
196855,1,300
196926,1,300
196926,1,300
196997,1,300
197222,1,300
197222,1,300
197333,1,300
197333,1,300
197555,1,300
197999,1,300
198157,1,300
198157,1,300
198367,1,300
198367,1,300
198630,1,300
198998,1,300
198998,1,300
199333,1,300
199666,1,300
199888,1,300
199999,1,300
200073,1,300
200095,1,300
200107,1,300
200142,1,300
200186,1,300
200253,1,300
200281,1,300
200306,1,300
200322,1,300
200357,1,300
200414,1,300
200455,1,300
200503,1,300
200525,1,300
200595,1,300
200604,1,300
200607,1,300
200632,1,300
200702,1,300
200775,1,300
200851,1,300
200867,1,300
200883,1,300
200908,1,300
200988,1,300
201217,1,300
201303,1,300
201368,1,300
201476,1,300
201541,1,300
201541,1,300
201714,1,300
201887,1,300
201952,1,300
201995,1,300
202170,1,300
202340,1,300
202361,1,300
202509,1,300
202657,1,300
202742,1,300
202827,1,300
202827,1,300
202997,1,300
203056,1,300
203169,1,300
203357,1,300
203432,1,300
203526,1,300
203601,1,300
203601,1,300
203751,1,300
203845,1,300
203995,1,300
204125,1,300
204250,1,300
204425,1,300
204450,1,300
204575,1,300
204800,1,300
204850,1,300
204925,1,300
205000,1,300
205106,1,300
205191,1,300
205361,1,300
205446,1,300
205594,1,300
205615,1,300
205763,1,300
205890,1,300
205996,1,300
206025,1,300
206063,1,300
206166,1,300
206204,1,300
206346,1,300
206449,1,300
206565,1,300
206707,1,300
206758,1,300
206874,1,300
206990,1,300
207157,1,300
207332,1,300
207507,1,300
207542,1,300
207594,1,300
207594,1,300
207769,1,300
207856,1,300
207856,1,300
207961,1,300
207996,1,300
208142,1,300
208213,1,300
208427,1,300
208712,1,300
208997,1,300
209117,1,300
209411,1,300
209528,1,300
209645,1,300
209703,1,300
209997,1,300
210181,1,300
210271,1,300
210407,1,300
210543,1,300
210633,1,300
210769,1,300
210996,1,300
211103,1,300
211275,1,300
211550,1,300
211687,1,300
211824,1,300
211824,1,300
211824,1,300
211858,1,300
211995,1,300
212067,1,300
212138,1,300
212185,1,300
212260,1,300
212303,1,300
212374,1,300
212374,1,300
212417,1,300
212436,1,300
212475,1,300
212546,1,300
212557,1,300
212636,1,300
212675,1,300
212690,1,300
212769,1,300
212836,1,300
212855,1,300
212886,1,300
212905,1,300
212956,1,300
212983,1,300
213132,1,300
213179,1,300
213207,1,300
213225,1,300
213300,1,300
213318,1,300
213450,1,300
213468,1,300
213590,1,300
213684,1,300
213731,1,300
213740,1,300
213862,1,300
213994,1,300
214052,1,300
214104,1,300
214226,1,300
214296,1,300
214471,1,300
214541,1,300
214611,1,300
214716,1,300
214803,1,300
214925,1,300
214995,1,300
215155,1,300
215310,1,300
215327,1,300
215395,1,300
215515,1,300
215583,1,300
215686,1,300
215789,1,300
215857,1,300
215994,1,300
216018,1,300
216218,1,300
216418,1,300
216545,1,300
216545,1,300
216581,1,300
216581,1,300
216744,1,300
216798,1,300
216870,1,300
216997,1,300
217175,1,300
217250,1,300
217300,1,300
217525,1,300
217575,1,300
217775,1,300
218000,1,300
218000,1,300
218000,1,300
218057,1,300
218171,1,300
218271,1,300
218299,1,300
218399,1,300
218427,1,300
218527,1,300
218684,1,300
218812,1,300
218869,1,300
218997,1,300
219070,1,300
219184,1,300
219219,1,300
219315,1,300
219429,1,300
219446,1,300
219551,1,300
219612,1,300
219726,1,300
219822,1,300
219865,1,300
219943,1,300
219995,1,300
220105,1,300
220175,1,300
220227,1,300
220349,1,300
220524,1,300
220559,1,300
220716,1,300
220873,1,300
220890,1,300
220995,1,300
221090,1,300
221120,1,300
221165,1,300
221316,1,300
221437,1,300
221558,1,300
221648,1,300
221784,1,300
221890,1,300
221996,1,300
222000,1,300
222100,1,300
222160,1,300
222320,1,300
222360,1,300
222540,1,300
222720,1,300
222840,1,300
222860,1,300
223000,1,300
223142,1,300
223242,1,300
223299,1,300
223341,1,300
223369,1,300
223469,1,300
223569,1,300
223697,1,300
223811,1,300
223853,1,300
223995,1,300
224040,1,300
224043,1,300
224056,1,300
224089,1,300
224135,1,300
224188,1,300
224238,1,300
224241,1,300
224277,1,300
224330,1,300
224380,1,300
224383,1,300
224449,1,300
224525,1,300
224525,1,300
224568,1,300
224604,1,300
224657,1,300
224660,1,300
224726,1,300
224782,1,300
224862,1,300
224875,1,300
224905,1,300
224941,1,300
224967,1,300
224990,1,300
225064,1,300
225098,1,300
225173,1,300
225195,1,300
225248,1,300
225248,1,300
225308,1,300
225330,1,300
225379,1,300
225432,1,300
225473,1,300
225541,1,300
225563,1,300
225581,1,300
225645,1,300
225709,1,300
225746,1,300
225814,1,300
225885,1,300
225926,1,300
225990,1,300
226004,1,300
226046,1,300
226120,1,300
226190,1,300
226218,1,300
226232,1,300
226260,1,300
226306,1,300
226310,1,300
226380,1,300
226454,1,300
226519,1,300
226598,1,300
226602,1,300
226630,1,300
226704,1,300
226713,1,300
226801,1,300
226819,1,300
226893,1,300
226991,1,300
227009,1,300
227059,1,300
227095,1,300
227190,1,300
227199,1,300
227271,1,300
227275,1,300
227279,1,300
227351,1,300
227432,1,300
227518,1,300
227554,1,300
227590,1,300
227667,1,300
227671,1,300
227730,1,300
227766,1,300
227797,1,300
227828,1,300
227855,1,300
227900,1,300
227990,1,300
228056,1,300
228162,1,300
228211,1,300
228289,1,300
228310,1,300
228338,1,300
228408,1,300
228478,1,300
228548,1,300
228604,1,300
228682,1,300
228703,1,300
228724,1,300
228780,1,300
228850,1,300
228963,1,300
228991,1,300
229094,1,300
229150,1,300
229231,1,300
229281,1,300
229318,1,300
229424,1,300
229461,1,300
229561,1,300
229611,1,300
229611,1,300
229642,1,300
229755,1,300
229780,1,300
229780,1,300
229817,1,300
229923,1,300
229979,1,300
229991,1,300
230041,1,300
230108,1,300
230118,1,300
230180,1,300
230242,1,300
230278,1,300
230319,1,300
230324,1,300
230417,1,300
230448,1,300
230473,1,300
230509,1,300
230555,1,300
230601,1,300
230694,1,300
230694,1,300
230787,1,300
230828,1,300
230879,1,300
230925,1,300
230992,1,300
231022,1,300
231122,1,300
231199,1,300
231260,1,300
231360,1,300
231454,1,300
231537,1,300
231609,1,300
231620,1,300
231631,1,300
231692,1,300
231725,1,300
231763,1,300
231813,1,300
231874,1,300
231879,1,300
231895,1,300
231995,1,300
232046,1,300
232145,1,300
232178,1,300
232257,1,300
232356,1,300
232455,1,300
232534,1,300
232626,1,300
232665,1,300
232678,1,300
232684,1,300
232783,1,300
232822,1,300
232874,1,300
232893,1,300
232992,1,300
233127,1,300
233127,1,300
233136,1,300
233254,1,300
233272,1,300
233381,1,300
233408,1,300
233426,1,300
233444,1,300
233580,1,300
233716,1,300
233788,1,300
233924,1,300
233978,1,300
233996,1,300
233996,1,300
234094,1,300
234146,1,300
234240,1,300
234313,1,300
234334,1,300
234407,1,300
234422,1,300
234469,1,300
234516,1,300
234605,1,300
234610,1,300
234615,1,300
234678,1,300
234767,1,300
234830,1,300
234866,1,300
234955,1,300
234991,1,300
235131,1,300
235231,1,300
235277,1,300
235393,1,300
235431,1,300
235469,1,300
235492,1,300
235507,1,300
235522,1,300
235553,1,300
235653,1,300
235730,1,300
235799,1,300
235868,1,300
235875,1,300
235913,1,300
235990,1,300
236004,1,300
236063,1,300
236106,1,300
236114,1,300
236168,1,300
236196,1,300
236204,1,300
236249,1,300
236299,1,300
236340,1,300
236385,1,300
236426,1,300
236480,1,300
236506,1,300
236510,1,300
236514,1,300
236535,1,300
236576,1,300
236595,1,300
236603,1,300
236633,1,300
236637,1,300
236647,1,300
236703,1,300
236746,1,300
236748,1,300
236787,1,300
236846,1,300
236874,1,300
236898,1,300
236900,1,300
236945,1,300
236982,1,300
237063,1,300
237119,1,300
237156,1,300
237162,1,300
237244,1,300
237256,1,300
237338,1,300
237356,1,300
237393,1,300
237468,1,300
237550,1,300
237594,1,300
237606,1,300
237618,1,300
237624,1,300
237737,1,300
237857,1,300
237888,1,300
237944,1,300
237988,1,300
238086,1,300
238154,1,300
238240,1,300
238321,1,300
238359,1,300
238445,1,300
238501,1,300
238505,1,300
238509,1,300
238509,1,300
238586,1,300
238607,1,300
238619,1,300
238627,1,300
238700,1,300
238743,1,300
238824,1,300
238854,1,300
238940,1,300
238970,1,300
238991,1,300
239038,1,300
239137,1,300
239205,1,300
239291,1,300
239303,1,300
239337,1,300
239405,1,300
239409,1,300
239477,1,300
239515,1,300
239532,1,300
239626,1,300
239634,1,300
239681,1,300
239689,1,300
239775,1,300
239779,1,300
239878,1,300
239886,1,300
239907,1,300
239963,1,300
239967,1,300
239988,1,300
240086,1,300
240138,1,300
240200,1,300
240271,1,300
240309,1,300
240361,1,300
240447,1,300
240490,1,300
240542,1,300
240551,1,300
240565,1,300
240646,1,300
240732,1,300
240751,1,300
240789,1,300
240836,1,300
240864,1,300
240916,1,300
240992,1,300
241082,1,300
241151,1,300
241155,1,300
241228,1,300
241255,1,300
241314,1,300
241378,1,300
241419,1,300
241506,1,300
241588,1,300
241634,1,300
241689,1,300
241758,1,300
241776,1,300
241840,1,300
241853,1,300
241889,1,300
241902,1,300
241989,1,300
242084,1,300
242096,1,300
242180,1,300
242264,1,300
242280,1,300
242304,1,300
242316,1,300
242368,1,300
242400,1,300
242424,1,300
242472,1,300
242540,1,300
242620,1,300
242636,1,300
242704,1,300
242744,1,300
242776,1,300
242832,1,300
242852,1,300
242856,1,300
242916,1,300
242996,1,300
243070,1,300
243122,1,300
243157,1,300
243165,1,300
243182,1,300
243261,1,300
243357,1,300
243418,1,300
243426,1,300
243478,1,300
243478,1,300
243548,1,300
243583,1,300
243662,1,300
243675,1,300
243697,1,300
243767,1,300
243767,1,300
243802,1,300
243810,1,300
243898,1,300
243990,1,300
244018,1,300
244090,1,300
244094,1,300
244179,1,300
244197,1,300
244246,1,300
244313,1,300
244367,1,300
244430,1,300
244488,1,300
244537,1,300
244559,1,300
244599,1,300
244662,1,300
244702,1,300
244783,1,300
244864,1,300
244931,1,300
244994,1,300
245000,1,300
245050,1,300
245090,1,300
245120,1,300
245206,1,300
245256,1,300
245286,1,300
245377,1,300
245448,1,300
245529,1,300
245569,1,300
245624,1,300
245710,1,300
245775,1,300
245840,1,300
245840,1,300
245926,1,300
245991,1,300
246031,1,300
246087,1,300
246112,1,300
246175,1,300
246225,1,300
246243,1,300
246325,1,300
246419,1,300
246456,1,300
246462,1,300
246569,1,300
246657,1,300
246713,1,300
246814,1,300
246839,1,300
246908,1,300
246990,1,300
247011,1,300
247153,1,300
247188,1,300
247188,1,300
247199,1,300
247294,1,300
247329,1,300
247364,1,300
247447,1,300
247542,1,300
247613,1,300
247720,1,300
247850,1,300
247992,1,300
248032,1,300
248082,1,300
248095,1,300
248148,1,300
248148,1,300
248180,1,300
248241,1,300
248273,1,300
248297,1,300
248345,1,300
248377,1,300
248441,1,300
248462,1,300
248496,1,300
248560,1,300
248621,1,300
248658,1,300
248708,1,300
248710,1,300
248768,1,300
248770,1,300
248815,1,300
248833,1,300
248841,1,300
248902,1,300
248971,1,300
248987,1,300
249035,1,300
249154,1,300
249203,1,300
249245,1,300
249329,1,300
249371,1,300
249462,1,300
249532,1,300
249637,1,300
249742,1,300
249749,1,300
249826,1,300
249847,1,300
249854,1,300
249882,1,300
249987,1,300
249994,1,300
250103,1,300
250214,1,300
250265,1,300
250279,1,300
250353,1,300
250434,1,300
250471,1,300
250582,1,300
250693,1,300
250759,1,300
250870,1,300
250884,1,300
250898,1,300
250957,1,300
250957,1,300
250994,1,300
251017,1,300
251034,1,300
251081,1,300
251086,1,300
251151,1,300
251234,1,300
251269,1,300
251364,1,300
251429,1,300
251446,1,300
251511,1,300
251582,1,300
251611,1,300
251694,1,300
251783,1,300
251872,1,300
251967,1,300
251990,1,300
252057,1,300
252131,1,300
252159,1,300
252227,1,300
252295,1,300
252295,1,300
252380,1,300
252460,1,300
252545,1,300
252619,1,300
252676,1,300
252761,1,300
252778,1,300
252869,1,300
252937,1,300
252994,1,300
253111,1,300
253150,1,300
253189,1,300
253228,1,300
253283,1,300
253298,1,300
253353,1,300
253400,1,300
253526,1,300
253541,1,300
253636,1,300
253762,1,300
253777,1,300
253808,1,300
253911,1,300
253990,1,300
254095,1,300
254102,1,300
254160,1,300
254262,1,300
254335,1,300
254430,1,300
254503,1,300
254591,1,300
254591,1,300
254635,1,300
254745,1,300
254767,1,300
254818,1,300
254840,1,300
254898,1,300
254993,1,300
255061,1,300
255127,1,300
255188,1,300
255249,1,300
255338,1,300
255380,1,300
255427,1,300
255455,1,300
255525,1,300
255572,1,300
255623,1,300
255703,1,300
255754,1,300
255791,1,300
255842,1,300
255884,1,300
255940,1,300
255958,1,300
255991,1,300
256166,1,300
256285,1,300
256285,1,300
256427,1,300
256427,1,300
256438,1,300
256533,1,300
256580,1,300
256663,1,300
256686,1,300
256697,1,300
256756,1,300
256779,1,300
256945,1,300
256992,1,300
257042,1,300
257127,1,300
257246,1,300
257365,1,300
257399,1,300
257407,1,300
257449,1,300
257577,1,300
257653,1,300
257729,1,300
257848,1,300
257890,1,300
257907,1,300
257915,1,300
257940,1,300
257991,1,300
258119,1,300
258230,1,300
258289,1,300
258297,1,300
258356,1,300
258415,1,300
258491,1,300
258516,1,300
258635,1,300
258652,1,300
258669,1,300
258728,1,300
258847,1,300
258932,1,300
258991,1,300
259060,1,300
259108,1,300
259205,1,300
259241,1,300
259301,1,300
259471,1,300
259519,1,300
259653,1,300
259738,1,300
259774,1,300
259798,1,300
259871,1,300
259944,1,300
259992,1,300
260079,1,300
260158,1,300
260208,1,300
260241,1,300
260312,1,300
260387,1,300
260445,1,300
260528,1,300
260611,1,300
260611,1,300
260623,1,300
260631,1,300
260706,1,300
260756,1,300
260793,1,300
260855,1,300
260855,1,300
260921,1,300
260946,1,300
260992,1,300
261000,1,300
261116,1,300
261249,1,300
261432,1,300
261448,1,300
261514,1,300
261547,1,300
261547,1,300
261730,1,300
261896,1,300
261996,1,300
262100,1,300
262157,1,300
262299,1,300
262313,1,300
262427,1,300
262541,1,300
262712,1,300
262754,1,300
262882,1,300
262910,1,300
262952,1,300
262952,1,300
262994,1,300
263015,1,300
263094,1,300
263220,1,300
263251,1,300
263346,1,300
263504,1,300
263535,1,300
263598,1,300
263661,1,300
263787,1,300
263929,1,300
263992,1,300
264157,1,300
264262,1,300
264419,1,300
264445,1,300
264497,1,300
264654,1,300
264838,1,300
264995,1,300
265032,1,300
265161,1,300
265290,1,300
265435,1,300
265515,1,300
265611,1,300
265675,1,300
265771,1,300
265867,1,300
265996,1,300
266118,1,300
266202,1,300
266337,1,300
266438,1,300
266539,1,300
266691,1,300
266826,1,300
266910,1,300
266994,1,300
267034,1,300
267171,1,300
267274,1,300
267377,1,300
267445,1,300
267513,1,300
267788,1,300
267822,1,300
267994,1,300
268066,1,300
268066,1,300
268399,1,300
268532,1,300
268865,1,300
268998,1,300
269312,1,300
269374,1,300
269686,1,300
269936,1,300
269936,1,300
269998,1,300
270160,1,300
270240,1,300
270320,1,300
270560,1,300
270600,1,300
270880,1,300
271000,1,300
271200,1,300
271200,1,300
271400,1,300
271700,1,300
272000,1,300
272333,1,300
272444,1,300
272555,1,300
272888,1,300
272999,1,300
273400,1,300
273466,1,300
273599,1,300
273599,1,300
273999,1,300
273999,1,300
274095,1,300
274237,1,300
274379,1,300
274569,1,300
274854,1,300
274996,1,300
275117,1,300
275411,1,300
275587,1,300
275822,1,300
275998,1,300
276000,1,300
276200,1,300
276800,1,300
277000,1,300
277500,1,300
278000,1,300
278250,1,300
278625,1,300
279000,1,300
279400,1,300
279800,1,300
280000,1,300
280266,1,300
280332,1,300
280465,1,300
280798,1,300
280998,1,300
281000,1,300
281157,1,300
281472,1,300
281524,1,300
281734,1,300
281997,1,300
282028,1,300
282037,1,300
282104,1,300
282113,1,300
282141,1,300
282237,1,300
282371,1,300
282457,1,300
282572,1,300
282600,1,300
282676,1,300
282743,1,300
282819,1,300
282924,1,300
282991,1,300
283160,1,300
283200,1,300
283200,1,300
283280,1,300
283360,1,300
283600,1,300
283800,1,300
284000,1,300
284307,1,300
284460,1,300
284767,1,300
284767,1,300
284997,1,300
285266,1,300
285466,1,300
285666,1,300
285732,1,300
285998,1,300
286076,1,300
286383,1,300
286613,1,300
286689,1,300
286996,1,300
286996,1,300
287181,1,300
287181,1,300
287635,1,300
287635,1,300
287998,1,300
288272,1,300
288635,1,300
288816,1,300
288997,1,300
289238,1,300
289380,1,300
289618,1,300
289808,1,300
289998,1,300
