61,1,300
74,1,300
81,1,300
290,1,300
325,1,300
507,1,300
527,1,300
552,1,300
1049,1,300
1204,1,300
1334,1,300
1356,1,300
1534,1,300
1798,1,300
2771,1,300
2806,1,300
3290,1,300
3326,1,300
3647,1,300
4354,1,300
4386,1,300
4494,1,300
4551,1,300
4815,1,300
4996,1,300
5083,1,300
5214,1,300
6076,1,300
6311,1,300
6783,1,300
7191,1,300
7843,1,300
8159,1,300
8201,1,300
8357,1,300
8423,1,300
8819,1,300
9092,1,300
9156,1,300
9211,1,300
9252,1,300
9437,1,300
9568,1,300
9809,1,300
9861,1,300
10249,1,300
10433,1,300
10808,1,300
11330,1,300
11354,1,300
11876,1,300
11944,1,300
12012,1,300
12037,1,300
12058,1,300
12333,1,300
12357,1,300
12358,1,300
12379,1,300
12526,1,300
12644,1,300
12840,1,300
13787,1,300
13801,1,300
13857,1,300
13944,1,300
14622,1,300
14729,1,300
15611,1,300
15971,1,300
16026,1,300
16228,1,300
16258,1,300
16534,1,300
16590,1,300
16661,1,300
17212,1,300
17218,1,300
17402,1,300
17528,1,300
17729,1,300
17737,1,300
18646,1,300
19178,1,300
20069,1,300
21107,1,300
21123,1,300
21202,1,300
21205,1,300
21222,1,300
21350,1,300
21356,1,300
21369,1,300
21460,1,300
21495,1,300
21574,1,300
22044,1,300
22061,1,300
22110,1,300
22676,1,300
22724,1,300
22858,1,300
23025,1,300
23225,1,300
23414,1,300
23466,1,300
23873,1,300
24058,1,300
24273,1,300
24445,1,300
24490,1,300
24570,1,300
24580,1,300
24934,1,300
25319,1,300
25704,1,300
25911,1,300
25975,1,300
26309,1,300
26334,1,300
26844,1,300
26957,1,300
27079,1,300
27408,1,300
27473,1,300
27630,1,300
27690,1,300
27729,1,300
28197,1,300
28307,1,300
28391,1,300
28557,1,300
28700,1,300
28829,1,300
28852,1,300
29751,1,300
29791,1,300
29859,1,300
30004,1,300
30270,1,300
30530,1,300
30676,1,300
30809,1,300
31099,1,300
31282,1,300
31437,1,300
31630,1,300
31777,1,300
32123,1,300
32165,1,300
32306,1,300
32747,1,300
32986,1,300
33080,1,300
33175,1,300
33186,1,300
33323,1,300
33335,1,300
33386,1,300
33429,1,300
33473,1,300
33506,1,300
33910,1,300
33920,1,300
33938,1,300
33955,1,300
34015,1,300
34119,1,300
34180,1,300
34292,1,300
34322,1,300
34418,1,300
34733,1,300
34878,1,300
34903,1,300
35115,1,300
35205,1,300
35581,1,300
35633,1,300
35668,1,300
35929,1,300
35954,1,300
36493,1,300
36726,1,300
36776,1,300
36969,1,300
37011,1,300
37032,1,300
37189,1,300
37326,1,300
37353,1,300
37378,1,300
37737,1,300
38159,1,300
38176,1,300
38371,1,300
38472,1,300
38492,1,300
38717,1,300
38795,1,300
38993,1,300
39041,1,300
39219,1,300
39233,1,300
39512,1,300
39624,1,300
39675,1,300
39690,1,300
39756,1,300
39779,1,300
39786,1,300
39805,1,300
39845,1,300
40027,1,300
40442,1,300
40499,1,300
40529,1,300
40682,1,300
40786,1,300
40929,1,300
40986,1,300
41007,1,300
41028,1,300
41153,1,300
41225,1,300
41374,1,300
41481,1,300
41515,1,300
41656,1,300
41766,1,300
41804,1,300
41877,1,300
41975,1,300
42042,1,300
42390,1,300
42686,1,300
42761,1,300
43210,1,300
43358,1,300
43519,1,300
43888,1,300
44046,1,300
44065,1,300
44222,1,300
44281,1,300
44368,1,300
44477,1,300
44484,1,300
44530,1,300
44608,1,300
44736,1,300
44834,1,300
44849,1,300
45090,1,300
45298,1,300
45528,1,300
45715,1,300
45733,1,300
45827,1,300
45831,1,300
45882,1,300
45904,1,300
45924,1,300
45966,1,300
46019,1,300
46028,1,300
46050,1,300
46079,1,300
46085,1,300
46086,1,300
46101,1,300
46130,1,300
46207,1,300
46241,1,300
46275,1,300
46357,1,300
46360,1,300
46369,1,300
46389,1,300
46474,1,300
46483,1,300
46513,1,300
46535,1,300
46680,1,300
47080,1,300
47124,1,300
47284,1,300
47298,1,300
47320,1,300
47432,1,300
47490,1,300
47553,1,300
47558,1,300
47659,1,300
47862,1,300
47866,1,300
47899,1,300
48090,1,300
48116,1,300
48188,1,300
48210,1,300
48263,1,300
48263,1,300
48364,1,300
48407,1,300
48433,1,300
48451,1,300
48624,1,300
48656,1,300
48674,1,300
48758,1,300
48764,1,300
49240,1,300
49293,1,300
49332,1,300
49414,1,300
49438,1,300
49534,1,300
49605,1,300
49607,1,300
49672,1,300
49700,1,300
49814,1,300
49876,1,300
50003,1,300
50060,1,300
50097,1,300
50103,1,300
50163,1,300
50166,1,300
50199,1,300
50202,1,300
50350,1,300
50475,1,300
50477,1,300
50582,1,300
50586,1,300
50624,1,300
50648,1,300
50673,1,300
50691,1,300
50699,1,300
50770,1,300
50821,1,300
50824,1,300
51186,1,300
51501,1,300
51503,1,300
51537,1,300
51543,1,300
51596,1,300
51626,1,300
51677,1,300
51841,1,300
52007,1,300
52135,1,300
52216,1,300
52417,1,300
52492,1,300
52521,1,300
52636,1,300
52661,1,300
52690,1,300
52743,1,300
53076,1,300
53089,1,300
53107,1,300
53155,1,300
53197,1,300
53275,1,300
53505,1,300
53508,1,300
53622,1,300
53641,1,300
53670,1,300
53951,1,300
54047,1,300
54230,1,300
54332,1,300
54378,1,300
54413,1,300
54546,1,300
54573,1,300
54596,1,300
54628,1,300
54786,1,300
55109,1,300
55174,1,300
55223,1,300
55258,1,300
55273,1,300
55300,1,300
55466,1,300
55522,1,300
55581,1,300
55645,1,300
55677,1,300
55703,1,300
55759,1,300
55761,1,300
55784,1,300
55860,1,300
55869,1,300
55891,1,300
56057,1,300
56063,1,300
56113,1,300
56125,1,300
56154,1,300
56329,1,300
56353,1,300
56369,1,300
56425,1,300
56428,1,300
56508,1,300
56571,1,300
56780,1,300
56851,1,300
56929,1,300
56930,1,300
56963,1,300
57007,1,300
57044,1,300
57081,1,300
57088,1,300
57088,1,300
57096,1,300
57149,1,300
57206,1,300
57272,1,300
57276,1,300
57372,1,300
57424,1,300
57457,1,300
57469,1,300
57489,1,300
57509,1,300
57544,1,300
57551,1,300
57574,1,300
57655,1,300
57677,1,300
57683,1,300
57696,1,300
57699,1,300
57758,1,300
57794,1,300
57802,1,300
57810,1,300
57862,1,300
57872,1,300
57927,1,300
57946,1,300
58247,1,300
58260,1,300
58284,1,300
58291,1,300
58298,1,300
58357,1,300
58387,1,300
58414,1,300
58427,1,300
58436,1,300
58486,1,300
58533,1,300
58546,1,300
58600,1,300
58601,1,300
58630,1,300
58634,1,300
58724,1,300
58796,1,300
58803,1,300
58891,1,300
58924,1,300
58954,1,300
58959,1,300
58959,1,300
59001,1,300
59063,1,300
59143,1,300
59162,1,300
59252,1,300
59302,1,300
59334,1,300
59447,1,300
59505,1,300
59507,1,300
59533,1,300
59610,1,300
59651,1,300
59741,1,300
59812,1,300
59859,1,300
59883,1,300
59904,1,300
60038,1,300
60131,1,300
60218,1,300
60272,1,300
60448,1,300
60482,1,300
60590,1,300
60700,1,300
60701,1,300
60770,1,300
60892,1,300
60943,1,300
61019,1,300
61028,1,300
61035,1,300
61064,1,300
61199,1,300
61249,1,300
61285,1,300
61437,1,300
61490,1,300
61512,1,300
61518,1,300
61524,1,300
61556,1,300
61587,1,300
61598,1,300
61613,1,300
61625,1,300
61630,1,300
61663,1,300
61721,1,300
61770,1,300
61771,1,300
61845,1,300
61895,1,300
61896,1,300
61912,1,300
62054,1,300
62066,1,300
62115,1,300
62121,1,300
62159,1,300
62214,1,300
62252,1,300
62261,1,300
62365,1,300
62380,1,300
62464,1,300
62498,1,300
62504,1,300
62529,1,300
62570,1,300
62598,1,300
62603,1,300
62668,1,300
62737,1,300
62752,1,300
62780,1,300
62812,1,300
62872,1,300
62906,1,300
62916,1,300
63177,1,300
63356,1,300
63399,1,300
63436,1,300
63463,1,300
63495,1,300
63689,1,300
63732,1,300
63751,1,300
63769,1,300
63921,1,300
63925,1,300
64016,1,300
64048,1,300
64066,1,300
64152,1,300
64175,1,300
64227,1,300
64263,1,300
64297,1,300
64301,1,300
64315,1,300
64352,1,300
64380,1,300
64432,1,300
64439,1,300
64527,1,300
64572,1,300
64607,1,300
64634,1,300
64672,1,300
65001,1,300
65139,1,300
65153,1,300
65233,1,300
65241,1,300
65291,1,300
65306,1,300
65351,1,300
65353,1,300
65465,1,300
65575,1,300
65583,1,300
65583,1,300
65653,1,300
65671,1,300
65682,1,300
65688,1,300
65735,1,300
65760,1,300
65846,1,300
65859,1,300
66041,1,300
66109,1,300
66109,1,300
66151,1,300
66249,1,300
66273,1,300
66286,1,300
66287,1,300
66399,1,300
66491,1,300
66582,1,300
66596,1,300
66597,1,300
66735,1,300
66811,1,300
66875,1,300
66888,1,300
66892,1,300
67019,1,300
67043,1,300
67064,1,300
67118,1,300
67149,1,300
67206,1,300
67207,1,300
67219,1,300
67283,1,300
67320,1,300
67382,1,300
67439,1,300
67600,1,300
67757,1,300
67794,1,300
67904,1,300
67911,1,300
67992,1,300
68021,1,300
68070,1,300
68083,1,300
68094,1,300
68253,1,300
68286,1,300
68450,1,300
68612,1,300
68653,1,300
68662,1,300
68696,1,300
68702,1,300
68752,1,300
68814,1,300
68846,1,300
68965,1,300
69007,1,300
69008,1,300
69018,1,300
69025,1,300
69042,1,300
69060,1,300
69093,1,300
69096,1,300
69102,1,300
69102,1,300
69103,1,300
69194,1,300
69196,1,300
69209,1,300
69230,1,300
69232,1,300
69237,1,300
69253,1,300
69290,1,300
69315,1,300
69363,1,300
69363,1,300
69386,1,300
69419,1,300
69432,1,300
69450,1,300
69489,1,300
69525,1,300
69555,1,300
69562,1,300
69562,1,300
69568,1,300
69622,1,300
69633,1,300
69683,1,300
69704,1,300
69744,1,300
69760,1,300
69785,1,300
69794,1,300
69800,1,300
69815,1,300
69854,1,300
69859,1,300
69860,1,300
69869,1,300
69885,1,300
69887,1,300
69893,1,300
69894,1,300
69928,1,300
69936,1,300
69944,1,300
69977,1,300
70095,1,300
70121,1,300
70180,1,300
70201,1,300
70208,1,300
70234,1,300
70252,1,300
70277,1,300
70428,1,300
70540,1,300
70552,1,300
70574,1,300
70609,1,300
70618,1,300
70688,1,300
70735,1,300
70793,1,300
70823,1,300
70836,1,300
70868,1,300
70924,1,300
71014,1,300
71062,1,300
71069,1,300
71073,1,300
71140,1,300
71201,1,300
71240,1,300
71257,1,300
71324,1,300
71328,1,300
71392,1,300
71437,1,300
71506,1,300
71524,1,300
71535,1,300
71597,1,300
71623,1,300
71678,1,300
71710,1,300
71801,1,300
71823,1,300
71876,1,300
71877,1,300
71885,1,300
71927,1,300
71938,1,300
71944,1,300
71945,1,300
72014,1,300
72032,1,300
72046,1,300
72048,1,300
72128,1,300
72139,1,300
72143,1,300
72145,1,300
72204,1,300
72256,1,300
72263,1,300
72301,1,300
72352,1,300
72354,1,300
72362,1,300
72371,1,300
72380,1,300
72421,1,300
72441,1,300
72463,1,300
72554,1,300
72564,1,300
72577,1,300
72678,1,300
72738,1,300
72776,1,300
72823,1,300
72826,1,300
72890,1,300
72891,1,300
72916,1,300
73076,1,300
73120,1,300
73166,1,300
73184,1,300
73202,1,300
73232,1,300
73259,1,300
73291,1,300
73311,1,300
73316,1,300
73352,1,300
73424,1,300
73437,1,300
73438,1,300
73496,1,300
73532,1,300
73535,1,300
73572,1,300
73580,1,300
73616,1,300
73616,1,300
73633,1,300
73639,1,300
73639,1,300
73681,1,300
73688,1,300
73729,1,300
73761,1,300
73795,1,300
73886,1,300
73893,1,300
73893,1,300
74047,1,300
74054,1,300
74166,1,300
74168,1,300
74255,1,300
74304,1,300
74306,1,300
74306,1,300
74351,1,300
74468,1,300
74654,1,300
74659,1,300
74661,1,300
74682,1,300
74802,1,300
74924,1,300
74929,1,300
74947,1,300
74948,1,300
75101,1,300
75169,1,300
75173,1,300
75212,1,300
75245,1,300
75397,1,300
75418,1,300
75494,1,300
75510,1,300
75559,1,300
75572,1,300
75583,1,300
75604,1,300
75614,1,300
75617,1,300
75638,1,300
75648,1,300
75699,1,300
75730,1,300
75736,1,300
75763,1,300
75770,1,300
75824,1,300
75882,1,300
75914,1,300
75947,1,300
76004,1,300
76038,1,300
76061,1,300
76086,1,300
76101,1,300
76119,1,300
76149,1,300
76162,1,300
76173,1,300
76186,1,300
76204,1,300
76209,1,300
76221,1,300
76289,1,300
76296,1,300
76336,1,300
76341,1,300
76353,1,300
76376,1,300
76396,1,300
76448,1,300
76460,1,300
76497,1,300
76510,1,300
76519,1,300
76521,1,300
76638,1,300
76813,1,300
76829,1,300
76849,1,300
76882,1,300
77094,1,300
77143,1,300
77226,1,300
77236,1,300
77238,1,300
77244,1,300
77254,1,300
77277,1,300
77305,1,300
77311,1,300
77358,1,300
77360,1,300
77378,1,300
77383,1,300
77448,1,300
77464,1,300
77477,1,300
77484,1,300
77520,1,300
77616,1,300
77692,1,300
77703,1,300
77704,1,300
77803,1,300
77818,1,300
77824,1,300
77885,1,300
78014,1,300
78053,1,300
78084,1,300
78127,1,300
78153,1,300
78168,1,300
78170,1,300
78184,1,300
78206,1,300
78210,1,300
78235,1,300
78245,1,300
78281,1,300
78305,1,300
78326,1,300
78393,1,300
78412,1,300
78426,1,300
78438,1,300
78459,1,300
78473,1,300
78478,1,300
78491,1,300
78522,1,300
78627,1,300
78643,1,300
78679,1,300
78766,1,300
78768,1,300
78789,1,300
78944,1,300
79082,1,300
79120,1,300
79135,1,300
79143,1,300
79152,1,300
79158,1,300
79175,1,300
79177,1,300
79232,1,300
79239,1,300
79266,1,300
79282,1,300
79314,1,300
79349,1,300
79586,1,300
79609,1,300
79621,1,300
79736,1,300
79738,1,300
79790,1,300
79809,1,300
79828,1,300
79865,1,300
79886,1,300
79895,1,300
79946,1,300
79994,1,300
80027,1,300
80030,1,300
80051,1,300
80114,1,300
80129,1,300
80150,1,300
80151,1,300
80270,1,300
80272,1,300
80296,1,300
80328,1,300
80355,1,300
80356,1,300
80359,1,300
80380,1,300
80401,1,300
80420,1,300
80432,1,300
80445,1,300
80493,1,300
80534,1,300
80541,1,300
80623,1,300
80678,1,300
80691,1,300
80711,1,300
80721,1,300
80791,1,300
80838,1,300
80853,1,300
80923,1,300
80963,1,300
81002,1,300
81024,1,300
81048,1,300
81048,1,300
81057,1,300
81082,1,300
81093,1,300
81128,1,300
81129,1,300
81142,1,300
81149,1,300
81150,1,300
81205,1,300
81291,1,300
81365,1,300
81391,1,300
81442,1,300
81476,1,300
81503,1,300
81515,1,300
81530,1,300
81563,1,300
81574,1,300
81661,1,300
81678,1,300
81682,1,300
81730,1,300
81747,1,300
81760,1,300
81772,1,300
81798,1,300
81817,1,300
81862,1,300
81876,1,300
81880,1,300
81899,1,300
81900,1,300
81912,1,300
81918,1,300
81975,1,300
82011,1,300
82074,1,300
82108,1,300
82178,1,300
82186,1,300
82190,1,300
82209,1,300
82228,1,300
82229,1,300
82239,1,300
82246,1,300
82260,1,300
82301,1,300
82311,1,300
82378,1,300
82397,1,300
82528,1,300
82547,1,300
82614,1,300
82687,1,300
82688,1,300
82709,1,300
82755,1,300
82762,1,300
82822,1,300
82836,1,300
82840,1,300
82896,1,300
82908,1,300
82911,1,300
82914,1,300
83071,1,300
83113,1,300
83134,1,300
83147,1,300
83211,1,300
83247,1,300
83395,1,300
83403,1,300
83407,1,300
83412,1,300
83448,1,300
83468,1,300
83483,1,300
83503,1,300
83514,1,300
83515,1,300
83519,1,300
83522,1,300
83548,1,300
83549,1,300
83569,1,300
83589,1,300
83636,1,300
83673,1,300
83686,1,300
83687,1,300
83705,1,300
83725,1,300
83732,1,300
83754,1,300
83772,1,300
83788,1,300
83797,1,300
83799,1,300
83838,1,300
83910,1,300
83910,1,300
83927,1,300
83996,1,300
84002,1,300
84049,1,300
84056,1,300
84107,1,300
84144,1,300
84147,1,300
84152,1,300
84156,1,300
84158,1,300
84195,1,300
84221,1,300
84227,1,300
84237,1,300
84239,1,300
84249,1,300
84251,1,300
84262,1,300
84299,1,300
84353,1,300
84374,1,300
84417,1,300
84445,1,300
84485,1,300
84609,1,300
84678,1,300
84705,1,300
84706,1,300
84840,1,300
84847,1,300
84852,1,300
84853,1,300
84861,1,300
84885,1,300
84901,1,300
84949,1,300
85014,1,300
85080,1,300
85128,1,300
85143,1,300
85150,1,300
85156,1,300
85181,1,300
85229,1,300
85251,1,300
85284,1,300
85287,1,300
85293,1,300
85322,1,300
85346,1,300
85421,1,300
85475,1,300
85490,1,300
85557,1,300
85565,1,300
85658,1,300
85768,1,300
85791,1,300
85818,1,300
85848,1,300
85861,1,300
85884,1,300
85957,1,300
85958,1,300
85961,1,300
86012,1,300
86014,1,300
86014,1,300
86059,1,300
86082,1,300
86083,1,300
86090,1,300
86108,1,300
86112,1,300
86192,1,300
86217,1,300
86241,1,300
86277,1,300
86285,1,300
86319,1,300
86477,1,300
86527,1,300
86554,1,300
86596,1,300
86612,1,300
86621,1,300
86682,1,300
86699,1,300
86729,1,300
86729,1,300
86829,1,300
86896,1,300
86906,1,300
86908,1,300
86911,1,300
86922,1,300
86923,1,300
86926,1,300
86953,1,300
87096,1,300
87107,1,300
87119,1,300
87153,1,300
87169,1,300
87175,1,300
87233,1,300
87254,1,300
87256,1,300
87302,1,300
87328,1,300
87368,1,300
87404,1,300
87414,1,300
87486,1,300
87509,1,300
87528,1,300
87529,1,300
87575,1,300
87577,1,300
87584,1,300
87732,1,300
87765,1,300
87809,1,300
87812,1,300
87827,1,300
87841,1,300
87862,1,300
87928,1,300
87931,1,300
87999,1,300
88030,1,300
88071,1,300
88160,1,300
88187,1,300
88192,1,300
88220,1,300
88242,1,300
88262,1,300
88274,1,300
88304,1,300
88321,1,300
88329,1,300
88437,1,300
88461,1,300
88468,1,300
88479,1,300
88511,1,300
88564,1,300
88577,1,300
88595,1,300
88610,1,300
88614,1,300
88665,1,300
88682,1,300
88722,1,300
88727,1,300
88771,1,300
88781,1,300
88817,1,300
88830,1,300
88845,1,300
88848,1,300
88881,1,300
88907,1,300
89006,1,300
89037,1,300
89043,1,300
89055,1,300
89066,1,300
89071,1,300
89101,1,300
89103,1,300
89133,1,300
89160,1,300
89184,1,300
89212,1,300
89216,1,300
89226,1,300
89228,1,300
89270,1,300
89348,1,300
89358,1,300
89377,1,300
89406,1,300
89465,1,300
89472,1,300
89494,1,300
89499,1,300
89549,1,300
89553,1,300
89555,1,300
89565,1,300
89566,1,300
89568,1,300
89622,1,300
89633,1,300
89647,1,300
89669,1,300
89705,1,300
89728,1,300
89752,1,300
89811,1,300
89824,1,300
89892,1,300
90007,1,300
90074,1,300
90076,1,300
90130,1,300
90136,1,300
90149,1,300
90149,1,300
90176,1,300
90190,1,300
90243,1,300
90288,1,300
90334,1,300
90343,1,300
90364,1,300
90387,1,300
90402,1,300
90420,1,300
90471,1,300
90500,1,300
90556,1,300
90562,1,300
90605,1,300
90616,1,300
90643,1,300
90664,1,300
90679,1,300
90692,1,300
90697,1,300
90802,1,300
90847,1,300
90864,1,300
90898,1,300
91006,1,300
91008,1,300
91025,1,300
91029,1,300
91072,1,300
91121,1,300
91138,1,300
91149,1,300
91181,1,300
91183,1,300
91300,1,300
91315,1,300
91437,1,300
91463,1,300
91487,1,300
91508,1,300
91532,1,300
91535,1,300
91543,1,300
91583,1,300
91622,1,300
91650,1,300
91685,1,300
91713,1,300
91722,1,300
91723,1,300
91810,1,300
91817,1,300
91849,1,300
91948,1,300
92023,1,300
92124,1,300
92161,1,300
92167,1,300
92186,1,300
92253,1,300
92259,1,300
92305,1,300
92335,1,300
92353,1,300
92394,1,300
92502,1,300
92589,1,300
92596,1,300
92598,1,300
92608,1,300
92677,1,300
92704,1,300
92761,1,300
92788,1,300
92809,1,300
92859,1,300
92916,1,300
92930,1,300
92987,1,300
93009,1,300
93044,1,300
93078,1,300
93090,1,300
93132,1,300
93134,1,300
93134,1,300
93157,1,300
93170,1,300
93177,1,300
93183,1,300
93234,1,300
93269,1,300
93294,1,300
93307,1,300
93331,1,300
93335,1,300
93379,1,300
93391,1,300
93436,1,300
93436,1,300
93437,1,300
93470,1,300
93524,1,300
93538,1,300
93539,1,300
93544,1,300
93548,1,300
93552,1,300
93587,1,300
93604,1,300
93732,1,300
93734,1,300
93773,1,300
93783,1,300
93800,1,300
93811,1,300
93859,1,300
93902,1,300
94036,1,300
94082,1,300
94175,1,300
94175,1,300
94193,1,300
94215,1,300
94255,1,300
94265,1,300
94274,1,300
94309,1,300
94312,1,300
94334,1,300
94381,1,300
94410,1,300
94463,1,300
94515,1,300
94516,1,300
94518,1,300
94540,1,300
94556,1,300
94586,1,300
94606,1,300
94634,1,300
94659,1,300
94688,1,300
94734,1,300
94760,1,300
94808,1,300
94872,1,300
94909,1,300
94936,1,300
94944,1,300
94966,1,300
94968,1,300
95029,1,300
95061,1,300
95097,1,300
95134,1,300
95211,1,300
95218,1,300
95299,1,300
95309,1,300
95344,1,300
95412,1,300
95443,1,300
95530,1,300
95543,1,300
95570,1,300
95588,1,300
95655,1,300
95685,1,300
95689,1,300
95700,1,300
95747,1,300
95795,1,300
95864,1,300
95903,1,300
95943,1,300
96039,1,300
96058,1,300
96067,1,300
96081,1,300
96104,1,300
96228,1,300
96305,1,300
96337,1,300
96405,1,300
96418,1,300
96418,1,300
96433,1,300
96476,1,300
96480,1,300
96495,1,300
96496,1,300
96576,1,300
96593,1,300
96734,1,300
96737,1,300
96741,1,300
96795,1,300
96796,1,300
96824,1,300
96826,1,300
96940,1,300
96947,1,300
96974,1,300
96984,1,300
97003,1,300
97010,1,300
97024,1,300
97053,1,300
97076,1,300
97097,1,300
97102,1,300
97127,1,300
97202,1,300
97208,1,300
97215,1,300
97229,1,300
97236,1,300
97256,1,300
97263,1,300
97299,1,300
97306,1,300
97311,1,300
97321,1,300
97353,1,300
97390,1,300
97428,1,300
97446,1,300
97510,1,300
97558,1,300
97592,1,300
97602,1,300
97603,1,300
97616,1,300
97616,1,300
97659,1,300
97697,1,300
97703,1,300
97716,1,300
97774,1,300
97782,1,300
97860,1,300
97865,1,300
97888,1,300
97944,1,300
98013,1,300
98034,1,300
98068,1,300
98086,1,300
98163,1,300
98231,1,300
98301,1,300
98321,1,300
98362,1,300
98401,1,300
98419,1,300
98432,1,300
98535,1,300
98562,1,300
98610,1,300
98635,1,300
98662,1,300
98698,1,300
98716,1,300
98718,1,300
98754,1,300
98791,1,300
98814,1,300
98856,1,300
98904,1,300
98935,1,300
99004,1,300
99064,1,300
99075,1,300
99111,1,300
99116,1,300
99130,1,300
99131,1,300
99140,1,300
99156,1,300
99178,1,300
99185,1,300
99239,1,300
99269,1,300
99291,1,300
99320,1,300
99388,1,300
99398,1,300
99425,1,300
99433,1,300
99451,1,300
99463,1,300
99472,1,300
99479,1,300
99496,1,300
99635,1,300
99638,1,300
99643,1,300
99668,1,300
99693,1,300
99788,1,300
99835,1,300
99868,1,300
99909,1,300
99949,1,300
99950,1,300
100006,1,300
100019,1,300
100054,1,300
100063,1,300
100085,1,300
100087,1,300
100103,1,300
100116,1,300
100152,1,300
100185,1,300
100205,1,300
100228,1,300
100252,1,300
100260,1,300
100309,1,300
100315,1,300
100391,1,300
100392,1,300
100408,1,300
100424,1,300
100430,1,300
100447,1,300
100466,1,300
100482,1,300
100493,1,300
100495,1,300
100510,1,300
100546,1,300
100577,1,300
100596,1,300
100627,1,300
100642,1,300
100705,1,300
100759,1,300
100806,1,300
100811,1,300
100870,1,300
100879,1,300
100889,1,300
100910,1,300
101002,1,300
101152,1,300
101243,1,300
101374,1,300
101395,1,300
101398,1,300
101401,1,300
101449,1,300
101485,1,300
101568,1,300
101609,1,300
101617,1,300
101664,1,300
101684,1,300
101720,1,300
101782,1,300
101896,1,300
101899,1,300
101914,1,300
101938,1,300
101939,1,300
101953,1,300
101954,1,300
101983,1,300
102029,1,300
102087,1,300
102104,1,300
102134,1,300
102168,1,300
102190,1,300
102228,1,300
102251,1,300
102472,1,300
102491,1,300
102498,1,300
102545,1,300
102586,1,300
102589,1,300
102610,1,300
102611,1,300
102621,1,300
102782,1,300
102791,1,300
102792,1,300
102810,1,300
102864,1,300
102903,1,300
102990,1,300
103014,1,300
103022,1,300
103056,1,300
103077,1,300
103124,1,300
103161,1,300
103214,1,300
103228,1,300
103265,1,300
103267,1,300
103269,1,300
103311,1,300
103405,1,300
103447,1,300
103488,1,300
103564,1,300
103574,1,300
103598,1,300
103629,1,300
103630,1,300
103662,1,300
103678,1,300
103697,1,300
103798,1,300
103804,1,300
103819,1,300
103821,1,300
103862,1,300
103893,1,300
103964,1,300
103964,1,300
103984,1,300
104002,1,300
104012,1,300
104025,1,300
104087,1,300
104138,1,300
104139,1,300
104144,1,300
104172,1,300
104273,1,300
104275,1,300
104285,1,300
104316,1,300
104348,1,300
104363,1,300
104364,1,300
104397,1,300
104410,1,300
104427,1,300
104443,1,300
104581,1,300
104592,1,300
104633,1,300
104651,1,300
104697,1,300
104739,1,300
104741,1,300
104750,1,300
104763,1,300
104781,1,300
104864,1,300
104866,1,300
104896,1,300
105031,1,300
105049,1,300
105144,1,300
105207,1,300
105209,1,300
105245,1,300
105293,1,300
105378,1,300
105452,1,300
105461,1,300
105468,1,300
105497,1,300
105549,1,300
105557,1,300
105565,1,300
105584,1,300
105587,1,300
105624,1,300
105628,1,300
105628,1,300
105641,1,300
105689,1,300
105789,1,300
105826,1,300
105829,1,300
105876,1,300
105879,1,300
105910,1,300
105933,1,300
105936,1,300
105936,1,300
105942,1,300
105960,1,300
105962,1,300
105984,1,300
106043,1,300
106047,1,300
106112,1,300
106230,1,300
106332,1,300
106338,1,300
106415,1,300
106469,1,300
106475,1,300
106494,1,300
106514,1,300
106701,1,300
106705,1,300
106718,1,300
106850,1,300
106858,1,300
106909,1,300
106919,1,300
106939,1,300
107000,1,300
107003,1,300
107018,1,300
107019,1,300
107020,1,300
107075,1,300
107093,1,300
107149,1,300
107188,1,300
107195,1,300
107245,1,300
107286,1,300
107299,1,300
107362,1,300
107387,1,300
107412,1,300
107435,1,300
107461,1,300
107467,1,300
107544,1,300
107562,1,300
107582,1,300
107602,1,300
107604,1,300
107610,1,300
107632,1,300
107668,1,300
107738,1,300
107746,1,300
107753,1,300
107770,1,300
107771,1,300
107774,1,300
107781,1,300
107793,1,300
107876,1,300
107899,1,300
107900,1,300
107911,1,300
108025,1,300
108122,1,300
108167,1,300
108194,1,300
108195,1,300
108212,1,300
108299,1,300
108327,1,300
108340,1,300
108406,1,300
108509,1,300
108647,1,300
108730,1,300
108756,1,300
108821,1,300
108855,1,300
108866,1,300
108901,1,300
108949,1,300
108953,1,300
108956,1,300
109004,1,300
109013,1,300
109070,1,300
109088,1,300
109126,1,300
109201,1,300
109206,1,300
109255,1,300
109338,1,300
109381,1,300
109449,1,300
109502,1,300
109577,1,300
109584,1,300
109676,1,300
109702,1,300
109722,1,300
109729,1,300
109790,1,300
109871,1,300
109899,1,300
110000,1,300
110018,1,300
110086,1,300
110094,1,300
110123,1,300
110124,1,300
110131,1,300
110177,1,300
110195,1,300
110196,1,300
110213,1,300
110338,1,300
110407,1,300
110453,1,300
110494,1,300
110498,1,300
110508,1,300
110546,1,300
110569,1,300
110569,1,300
110741,1,300
110777,1,300
110795,1,300
110815,1,300
110872,1,300
110920,1,300
111033,1,300
111068,1,300
111135,1,300
111155,1,300
111179,1,300
111215,1,300
111269,1,300
111281,1,300
111300,1,300
111474,1,300
111505,1,300
111544,1,300
111553,1,300
111589,1,300
111602,1,300
111613,1,300
111668,1,300
111753,1,300
111781,1,300
111792,1,300
111862,1,300
111896,1,300
111933,1,300
111964,1,300
111965,1,300
112032,1,300
112161,1,300
112193,1,300
112202,1,300
112250,1,300
112298,1,300
112310,1,300
112314,1,300
112337,1,300
112381,1,300
112396,1,300
112421,1,300
112424,1,300
112475,1,300
112481,1,300
112521,1,300
112563,1,300
112579,1,300
112580,1,300
112626,1,300
112765,1,300
112794,1,300
112799,1,300
112821,1,300
112847,1,300
112912,1,300
113034,1,300
113050,1,300
113143,1,300
113169,1,300
113209,1,300
113284,1,300
113328,1,300
113367,1,300
113375,1,300
113429,1,300
113502,1,300
113612,1,300
113712,1,300
113780,1,300
113840,1,300
113843,1,300
113872,1,300
113906,1,300
113910,1,300
113920,1,300
113943,1,300
114071,1,300
114112,1,300
114116,1,300
114131,1,300
114196,1,300
114339,1,300
114450,1,300
114547,1,300
114571,1,300
114707,1,300
114753,1,300
114788,1,300
114807,1,300
114820,1,300
114892,1,300
114938,1,300
114948,1,300
115018,1,300
115037,1,300
115039,1,300
115183,1,300
115206,1,300
115234,1,300
115251,1,300
115341,1,300
115369,1,300
115388,1,300
115410,1,300
115423,1,300
115486,1,300
115516,1,300
115828,1,300
115898,1,300
116079,1,300
116121,1,300
116188,1,300
116333,1,300
116358,1,300
116376,1,300
116422,1,300
116453,1,300
116518,1,300
116564,1,300
116677,1,300
116710,1,300
116713,1,300
116758,1,300
116781,1,300
116837,1,300
116854,1,300
116940,1,300
117034,1,300
117158,1,300
117202,1,300
117246,1,300
117251,1,300
117371,1,300
117443,1,300
117451,1,300
117475,1,300
117575,1,300
117590,1,300
117730,1,300
117830,1,300
117838,1,300
117848,1,300
117852,1,300
117866,1,300
117889,1,300
117964,1,300
118079,1,300
118164,1,300
118177,1,300
118296,1,300
118422,1,300
118504,1,300
118517,1,300
118524,1,300
118532,1,300
118539,1,300
118750,1,300
118769,1,300
118774,1,300
118777,1,300
118845,1,300
118849,1,300
119006,1,300
119011,1,300
119179,1,300
119184,1,300
119205,1,300
119281,1,300
119360,1,300
119398,1,300
119410,1,300
119440,1,300
119512,1,300
119531,1,300
119549,1,300
119598,1,300
119618,1,300
119734,1,300
119801,1,300
119835,1,300
119924,1,300
119931,1,300
120090,1,300
120118,1,300
120163,1,300
120166,1,300
120222,1,300
120234,1,300
120244,1,300
120262,1,300
120262,1,300
120289,1,300
120314,1,300
120350,1,300
120361,1,300
120367,1,300
120797,1,300
120803,1,300
120888,1,300
120915,1,300
121114,1,300
121186,1,300
121187,1,300
121401,1,300
121478,1,300
121507,1,300
121513,1,300
121761,1,300
121817,1,300
121900,1,300
121916,1,300
121920,1,300
121927,1,300
121964,1,300
122002,1,300
122022,1,300
122171,1,300
122268,1,300
122343,1,300
122355,1,300
122418,1,300
122577,1,300
122582,1,300
122650,1,300
122681,1,300
122703,1,300
122710,1,300
122753,1,300
122803,1,300
122861,1,300
122894,1,300
122927,1,300
122979,1,300
123003,1,300
123021,1,300
123282,1,300
123402,1,300
123403,1,300
123430,1,300
123465,1,300
123527,1,300
123632,1,300
123674,1,300
123891,1,300
124141,1,300
124202,1,300
124243,1,300
124255,1,300
124278,1,300
124351,1,300
124465,1,300
124505,1,300
124588,1,300
124690,1,300
124703,1,300
124713,1,300
124718,1,300
124885,1,300
125291,1,300
125336,1,300
125360,1,300
125427,1,300
125499,1,300
125545,1,300
125650,1,300
125668,1,300
125867,1,300
126023,1,300
126139,1,300
126148,1,300
126172,1,300
126222,1,300
126290,1,300
126325,1,300
126342,1,300
126361,1,300
126441,1,300
126660,1,300
126757,1,300
126762,1,300
126864,1,300
126909,1,300
126928,1,300
126941,1,300
126997,1,300
127029,1,300
127114,1,300
127144,1,300
127354,1,300
127385,1,300
127455,1,300
127507,1,300
127522,1,300
127522,1,300
127534,1,300
127542,1,300
127561,1,300
127632,1,300
127811,1,300
127840,1,300
127841,1,300
127944,1,300
127979,1,300
128003,1,300
128053,1,300
128122,1,300
128162,1,300
128238,1,300
128288,1,300
128411,1,300
128420,1,300
128533,1,300
128614,1,300
128619,1,300
128640,1,300
129001,1,300
129019,1,300
129050,1,300
129056,1,300
129084,1,300
129193,1,300
129203,1,300
129296,1,300
129385,1,300
129438,1,300
129449,1,300
129465,1,300
129474,1,300
129479,1,300
129527,1,300
129648,1,300
129873,1,300
129926,1,300
129933,1,300
129959,1,300
129968,1,300
130027,1,300
130156,1,300
130184,1,300
130251,1,300
130325,1,300
130450,1,300
130597,1,300
130627,1,300
130669,1,300
130729,1,300
130871,1,300
130917,1,300
131004,1,300
131050,1,300
131054,1,300
131076,1,300
131500,1,300
131515,1,300
131523,1,300
131671,1,300
131698,1,300
131762,1,300
131801,1,300
131860,1,300
132048,1,300
132049,1,300
132161,1,300
132333,1,300
132424,1,300
132697,1,300
132724,1,300
132783,1,300
132948,1,300
133137,1,300
133151,1,300
133279,1,300
133305,1,300
133515,1,300
133681,1,300
133811,1,300
133957,1,300
134015,1,300
134272,1,300
134486,1,300
134823,1,300
134882,1,300
134915,1,300
134961,1,300
135024,1,300
135088,1,300
135107,1,300
135112,1,300
135385,1,300
135507,1,300
135546,1,300
135627,1,300
135628,1,300
135636,1,300
135695,1,300
135742,1,300
135743,1,300
135851,1,300
135854,1,300
136063,1,300
136070,1,300
136101,1,300
136268,1,300
136369,1,300
136398,1,300
136743,1,300
137109,1,300
137131,1,300
137237,1,300
137365,1,300
137548,1,300
137557,1,300
137581,1,300
137648,1,300
137655,1,300
137806,1,300
137896,1,300
138049,1,300
138437,1,300
138560,1,300
138956,1,300
139063,1,300
139135,1,300
139157,1,300
139221,1,300
139282,1,300
139569,1,300
139691,1,300
139871,1,300
139878,1,300
139934,1,300
139937,1,300
139969,1,300
140258,1,300
140340,1,300
140432,1,300
140492,1,300
140572,1,300
140611,1,300
140841,1,300
141009,1,300
141053,1,300
141237,1,300
141309,1,300
141327,1,300
141403,1,300
141566,1,300
141653,1,300
141695,1,300
141758,1,300
141763,1,300
141803,1,300
141829,1,300
141869,1,300
142339,1,300
142352,1,300
142484,1,300
142558,1,300
142572,1,300
142674,1,300
142726,1,300
142796,1,300
143020,1,300
143029,1,300
143031,1,300
143508,1,300
143538,1,300
144015,1,300
144262,1,300
144659,1,300
144660,1,300
144740,1,300
144860,1,300
145089,1,300
145107,1,300
145134,1,300
145175,1,300
145221,1,300
145237,1,300
145248,1,300
145494,1,300
145582,1,300
145612,1,300
145660,1,300
146055,1,300
146180,1,300
146427,1,300
146440,1,300
146474,1,300
146542,1,300
146617,1,300
147258,1,300
147579,1,300
147702,1,300
147800,1,300
147829,1,300
148157,1,300
148495,1,300
148827,1,300
148871,1,300
149002,1,300
149287,1,300
149852,1,300
150003,1,300
150107,1,300
150319,1,300
150442,1,300
150475,1,300
151131,1,300
151565,1,300
151805,1,300
152020,1,300
152052,1,300
152161,1,300
152863,1,300
153006,1,300
153083,1,300
153090,1,300
153186,1,300
153389,1,300
153615,1,300
153725,1,300
153928,1,300
153945,1,300
154088,1,300
154345,1,300
154617,1,300
154638,1,300
154678,1,300
154819,1,300
154883,1,300
155012,1,300
155213,1,300
155269,1,300
155609,1,300
155828,1,300
155907,1,300
156102,1,300
156158,1,300
156551,1,300
157034,1,300
157036,1,300
157851,1,300
158579,1,300
158635,1,300
158882,1,300
159013,1,300
159032,1,300
159044,1,300
159065,1,300
159164,1,300
159395,1,300
159619,1,300
159625,1,300
159804,1,300
160013,1,300
160181,1,300
160207,1,300
160236,1,300
160258,1,300
160305,1,300
160397,1,300
160596,1,300
160672,1,300
160791,1,300
160859,1,300
161123,1,300
162128,1,300
162142,1,300
162393,1,300
162455,1,300
162776,1,300
162807,1,300
163335,1,300
164189,1,300
164414,1,300
164612,1,300
164622,1,300
164805,1,300
165015,1,300
165297,1,300
165369,1,300
165407,1,300
165509,1,300
165626,1,300
165681,1,300
165705,1,300
165724,1,300
165747,1,300
165751,1,300
165752,1,300
165754,1,300
165757,1,300
165875,1,300
166092,1,300
166308,1,300
166415,1,300
166649,1,300
166651,1,300
166728,1,300
166821,1,300
166842,1,300
167245,1,300
167310,1,300
167517,1,300
167714,1,300
167733,1,300
167880,1,300
168190,1,300
168561,1,300
168707,1,300
169172,1,300
169625,1,300
170022,1,300
170293,1,300
170325,1,300
170390,1,300
170438,1,300
170548,1,300
170705,1,300
171103,1,300
171226,1,300
171248,1,300
171401,1,300
171579,1,300
171634,1,300
172109,1,300
172179,1,300
172182,1,300
172329,1,300
172783,1,300
173059,1,300
173129,1,300
173660,1,300
173666,1,300
173846,1,300
174059,1,300
174115,1,300
174294,1,300
175019,1,300
175288,1,300
176122,1,300
177030,1,300
177137,1,300
177182,1,300
177202,1,300
177272,1,300
177281,1,300
177414,1,300
177446,1,300
177454,1,300
177477,1,300
177523,1,300
177588,1,300
177719,1,300
177888,1,300
177955,1,300
178174,1,300
178267,1,300
178278,1,300
178417,1,300
178827,1,300
178868,1,300
179069,1,300
179079,1,300
179099,1,300
179211,1,300
179297,1,300
179377,1,300
179530,1,300
179734,1,300
179878,1,300
179917,1,300
179975,1,300
180381,1,300
180800,1,300
180906,1,300
182050,1,300
182443,1,300
182559,1,300
182850,1,300
183109,1,300
183288,1,300
183473,1,300
183511,1,300
184023,1,300
184267,1,300
184671,1,300
184759,1,300
184765,1,300
185156,1,300
185263,1,300
185403,1,300
185938,1,300
186743,1,300
187184,1,300
187379,1,300
187745,1,300
187781,1,300
187785,1,300
187822,1,300
187893,1,300
188565,1,300
188803,1,300
188977,1,300
189014,1,300
189222,1,300
189276,1,300
189314,1,300
189331,1,300
189381,1,300
189400,1,300
189618,1,300
189634,1,300
189682,1,300
189736,1,300
189754,1,300
189757,1,300
189830,1,300
189858,1,300
189866,1,300
189941,1,300
190607,1,300
190792,1,300
190795,1,300
191077,1,300
191429,1,300
191628,1,300
191699,1,300
191709,1,300
191802,1,300
192181,1,300
192311,1,300
192325,1,300
192439,1,300
192716,1,300
192727,1,300
192880,1,300
193160,1,300
193521,1,300
193554,1,300
194879,1,300
194881,1,300
195282,1,300
195454,1,300
195508,1,300
195578,1,300
195957,1,300
195993,1,300
196085,1,300
196220,1,300
196512,1,300
196602,1,300
197251,1,300
197658,1,300
197830,1,300
197921,1,300
198323,1,300
198420,1,300
198702,1,300
198871,1,300
199015,1,300
199262,1,300
199287,1,300
199504,1,300
199521,1,300
199812,1,300
200258,1,300
200311,1,300
200558,1,300
201077,1,300
201093,1,300
201119,1,300
201223,1,300
201286,1,300
201342,1,300
201489,1,300
201498,1,300
201508,1,300
201556,1,300
201626,1,300
201637,1,300
201791,1,300
201881,1,300
201883,1,300
201885,1,300
201979,1,300
202057,1,300
202212,1,300
202742,1,300
202839,1,300
203016,1,300
203496,1,300
203582,1,300
204140,1,300
204458,1,300
204573,1,300
204902,1,300
204939,1,300
204967,1,300
204990,1,300
204992,1,300
205279,1,300
205289,1,300
205358,1,300
205517,1,300
205832,1,300
206016,1,300
206055,1,300
206712,1,300
206805,1,300
207082,1,300
207121,1,300
207302,1,300
207369,1,300
207480,1,300
207520,1,300
207589,1,300
207842,1,300
208061,1,300
208067,1,300
208086,1,300
208204,1,300
208218,1,300
208775,1,300
209012,1,300
209138,1,300
209351,1,300
209625,1,300
210282,1,300
210765,1,300
211198,1,300
212430,1,300
212478,1,300
212571,1,300
212624,1,300
212660,1,300
212665,1,300
212853,1,300
213049,1,300
213183,1,300
213240,1,300
213293,1,300
213296,1,300
213513,1,300
213572,1,300
213590,1,300
213596,1,300
213655,1,300
213676,1,300
213763,1,300
213781,1,300
214048,1,300
214149,1,300
214311,1,300
214317,1,300
214332,1,300
214333,1,300
214483,1,300
214517,1,300
214570,1,300
214728,1,300
214857,1,300
215046,1,300
215070,1,300
215165,1,300
215189,1,300
215732,1,300
215918,1,300
216179,1,300
216290,1,300
216586,1,300
216614,1,300
216686,1,300
217078,1,300
217504,1,300
217697,1,300
217712,1,300
217771,1,300
217828,1,300
217916,1,300
218006,1,300
218133,1,300
218160,1,300
218348,1,300
218389,1,300
218420,1,300
218494,1,300
218875,1,300
218989,1,300
219250,1,300
219442,1,300
219740,1,300
219816,1,300
219942,1,300
220067,1,300
220074,1,300
220133,1,300
220246,1,300
220291,1,300
220638,1,300
220664,1,300
220687,1,300
220858,1,300
221033,1,300
221035,1,300
221249,1,300
221530,1,300
221781,1,300
221852,1,300
221950,1,300
222028,1,300
222149,1,300
222242,1,300
222274,1,300
222279,1,300
222473,1,300
222535,1,300
222537,1,300
222586,1,300
222623,1,300
222724,1,300
223278,1,300
223462,1,300
223472,1,300
223544,1,300
223631,1,300
223781,1,300
224008,1,300
224100,1,300
224284,1,300
224619,1,300
224711,1,300
224814,1,300
224883,1,300
224967,1,300
225020,1,300
225148,1,300
225150,1,300
225387,1,300
225424,1,300
225455,1,300
225470,1,300
225480,1,300
225527,1,300
225623,1,300
225711,1,300
225726,1,300
225770,1,300
225825,1,300
225836,1,300
225871,1,300
225900,1,300
225903,1,300
225933,1,300
225936,1,300
226048,1,300
226138,1,300
226173,1,300
226322,1,300
226421,1,300
226447,1,300
226527,1,300
226588,1,300
226589,1,300
226598,1,300
226627,1,300
226746,1,300
226797,1,300
226841,1,300
226960,1,300
227063,1,300
227095,1,300
227110,1,300
227112,1,300
227191,1,300
227257,1,300
227375,1,300
227477,1,300
227522,1,300
227556,1,300
227664,1,300
227665,1,300
227687,1,300
227690,1,300
227819,1,300
227820,1,300
227831,1,300
227910,1,300
228084,1,300
228252,1,300
228270,1,300
228374,1,300
228488,1,300
228561,1,300
228592,1,300
228766,1,300
228782,1,300
228953,1,300
229086,1,300
229116,1,300
229133,1,300
229340,1,300
229342,1,300
229355,1,300
229456,1,300
229467,1,300
229518,1,300
229536,1,300
229576,1,300
229661,1,300
229680,1,300
229694,1,300
229835,1,300
229975,1,300
230139,1,300
230337,1,300
230429,1,300
230438,1,300
230548,1,300
230680,1,300
230770,1,300
230795,1,300
230818,1,300
230886,1,300
231112,1,300
231196,1,300
231219,1,300
231313,1,300
231334,1,300
231347,1,300
231396,1,300
231405,1,300
231529,1,300
231787,1,300
231791,1,300
231794,1,300
231827,1,300
231900,1,300
231914,1,300
231924,1,300
231936,1,300
232062,1,300
232070,1,300
232180,1,300
232230,1,300
232620,1,300
232729,1,300
232775,1,300
232796,1,300
233064,1,300
233159,1,300
233210,1,300
233216,1,300
233223,1,300
233231,1,300
233386,1,300
233451,1,300
233491,1,300
233707,1,300
233789,1,300
233790,1,300
234084,1,300
234131,1,300
234180,1,300
234207,1,300
234337,1,300
234347,1,300
234355,1,300
234942,1,300
234949,1,300
234953,1,300
235088,1,300
235100,1,300
235111,1,300
235117,1,300
235135,1,300
235216,1,300
235243,1,300
235279,1,300
235377,1,300
235410,1,300
235594,1,300
235658,1,300
235663,1,300
235762,1,300
235791,1,300
235929,1,300
235968,1,300
235971,1,300
236007,1,300
236013,1,300
236069,1,300
236140,1,300
236261,1,300
236347,1,300
236411,1,300
236453,1,300
236586,1,300
236659,1,300
236838,1,300
236930,1,300
236984,1,300
237009,1,300
237109,1,300
237162,1,300
237190,1,300
237306,1,300
237314,1,300
237332,1,300
237340,1,300
237372,1,300
237372,1,300
237470,1,300
237663,1,300
237726,1,300
237748,1,300
237872,1,300
237894,1,300
237915,1,300
237957,1,300
238003,1,300
238080,1,300
238112,1,300
238124,1,300
238188,1,300
238192,1,300
238320,1,300
238419,1,300
238460,1,300
238466,1,300
238531,1,300
238647,1,300
238703,1,300
238814,1,300
239178,1,300
239219,1,300
239239,1,300
239328,1,300
239391,1,300
239610,1,300
239610,1,300
239788,1,300
239798,1,300
239846,1,300
240007,1,300
240127,1,300
240224,1,300
240302,1,300
240402,1,300
240412,1,300
240543,1,300
240573,1,300
240618,1,300
240675,1,300
240768,1,300
240786,1,300
240835,1,300
240870,1,300
240905,1,300
240961,1,300
241096,1,300
241140,1,300
241164,1,300
241227,1,300
241386,1,300
241794,1,300
241875,1,300
241898,1,300
242089,1,300
242279,1,300
242309,1,300
242357,1,300
242439,1,300
242560,1,300
242569,1,300
242710,1,300
242847,1,300
242849,1,300
242972,1,300
243166,1,300
243228,1,300
243234,1,300
243355,1,300
243621,1,300
243654,1,300
243741,1,300
243826,1,300
243916,1,300
244065,1,300
244068,1,300
244237,1,300
244301,1,300
244304,1,300
244323,1,300
244429,1,300
244501,1,300
244502,1,300
244767,1,300
244807,1,300
244841,1,300
244890,1,300
245161,1,300
245562,1,300
245797,1,300
245799,1,300
245824,1,300
246347,1,300
246356,1,300
246496,1,300
246523,1,300
246525,1,300
246535,1,300
246662,1,300
246754,1,300
246777,1,300
246791,1,300
247016,1,300
247306,1,300
247409,1,300
248070,1,300
248305,1,300
248780,1,300
248841,1,300
248939,1,300
248961,1,300
249116,1,300
249136,1,300
249145,1,300
249172,1,300
249194,1,300
249264,1,300
249269,1,300
249279,1,300
249312,1,300
249356,1,300
249442,1,300
249444,1,300
249512,1,300
249542,1,300
249665,1,300
249704,1,300
249712,1,300
249755,1,300
249813,1,300
249867,1,300
249913,1,300
249987,1,300
249997,1,300
250150,1,300
250157,1,300
250217,1,300
250364,1,300
250503,1,300
250548,1,300
250609,1,300
250680,1,300
250837,1,300
251003,1,300
251039,1,300
251052,1,300
251168,1,300
251245,1,300
251602,1,300
251648,1,300
251714,1,300
251716,1,300
251833,1,300
251835,1,300
252005,1,300
252231,1,300
252566,1,300
252935,1,300
253191,1,300
253210,1,300
253233,1,300
253293,1,300
253377,1,300
253681,1,300
253726,1,300
253770,1,300
253905,1,300
253923,1,300
254028,1,300
254226,1,300
254251,1,300
254329,1,300
254334,1,300
254474,1,300
254687,1,300
254717,1,300
254859,1,300
254970,1,300
255114,1,300
255127,1,300
255141,1,300
255205,1,300
255374,1,300
255421,1,300
255489,1,300
255631,1,300
255694,1,300
255715,1,300
255780,1,300
255898,1,300
255908,1,300
255910,1,300
256100,1,300
256158,1,300
256189,1,300
256251,1,300
256423,1,300
256508,1,300
256803,1,300
256859,1,300
256884,1,300
256896,1,300
256901,1,300
256935,1,300
257023,1,300
257027,1,300
257111,1,300
257121,1,300
257169,1,300
257615,1,300
257680,1,300
257724,1,300
257748,1,300
257768,1,300
257862,1,300
257886,1,300
258093,1,300
258103,1,300
258185,1,300
258443,1,300
258575,1,300
258719,1,300
259018,1,300
259089,1,300
259315,1,300
259394,1,300
259449,1,300
259492,1,300
259495,1,300
259548,1,300
259630,1,300
259665,1,300
259667,1,300
259692,1,300
259699,1,300
259928,1,300
260278,1,300
260334,1,300
260447,1,300
260449,1,300
260571,1,300
260839,1,300
260935,1,300
261029,1,300
261092,1,300
261161,1,300
261182,1,300
261210,1,300
261349,1,300
261453,1,300
261478,1,300
261500,1,300
261563,1,300
261600,1,300
261766,1,300
261810,1,300
261964,1,300
261994,1,300
262020,1,300
262044,1,300
262081,1,300
262156,1,300
262689,1,300
263011,1,300
263038,1,300
263187,1,300
263331,1,300
263481,1,300
263517,1,300
263582,1,300
263604,1,300
263630,1,300
263787,1,300
263929,1,300
263971,1,300
264182,1,300
264184,1,300
264215,1,300
264278,1,300
264492,1,300
264523,1,300
264659,1,300
264688,1,300
265176,1,300
265382,1,300
265721,1,300
265812,1,300
265815,1,300
266116,1,300
266292,1,300
266478,1,300
267166,1,300
267364,1,300
267709,1,300
267733,1,300
267855,1,300
268084,1,300
268675,1,300
268714,1,300
268937,1,300
268942,1,300
269693,1,300
270136,1,300
270136,1,300
270293,1,300
270366,1,300
270577,1,300
270878,1,300
271312,1,300
271392,1,300
272092,1,300
272244,1,300
273017,1,300
273097,1,300
273758,1,300
274122,1,300
274469,1,300
274652,1,300
275037,1,300
275060,1,300
275259,1,300
275567,1,300
275793,1,300
276154,1,300
276424,1,300
276596,1,300
276620,1,300
276845,1,300
277039,1,300
277162,1,300
277480,1,300
277832,1,300
277964,1,300
279813,1,300
279951,1,300
280030,1,300
280052,1,300
280053,1,300
280078,1,300
280174,1,300
280191,1,300
280487,1,300
281273,1,300
281296,1,300
281333,1,300
281454,1,300
281536,1,300
281623,1,300
281651,1,300
281725,1,300
281758,1,300
282081,1,300
282747,1,300
283024,1,300
283046,1,300
283079,1,300
283226,1,300
283241,1,300
283271,1,300
283293,1,300
283443,1,300
283928,1,300
284142,1,300
284196,1,300
284324,1,300
284575,1,300
284817,1,300
285139,1,300
285234,1,300
285559,1,300
285948,1,300
286022,1,300
286385,1,300
286534,1,300
286660,1,300
287242,1,300
287516,1,300
287751,1,300
288074,1,300
288205,1,300
288370,1,300
288599,1,300
289041,1,300
290063,1,300
290507,1,300
290528,1,300
