54,1,300
97,1,300
169,1,300
195,1,300
266,1,300
286,1,300
300,1,300
355,1,300
445,1,300
486,1,300
649,1,300
707,1,300
1118,1,300
1362,1,300
1463,1,300
1547,1,300
1670,1,300
1896,1,300
2217,1,300
2254,1,300
2303,1,300
2322,1,300
2625,1,300
2663,1,300
2671,1,300
2740,1,300
2883,1,300
2917,1,300
2930,1,300
3036,1,300
3048,1,300
3380,1,300
3396,1,300
3399,1,300
3525,1,300
3662,1,300
3670,1,300
3764,1,300
3981,1,300
4072,1,300
4144,1,300
4367,1,300
4397,1,300
4619,1,300
4624,1,300
4872,1,300
5030,1,300
5085,1,300
5138,1,300
5207,1,300
5278,1,300
5306,1,300
5309,1,300
5320,1,300
5370,1,300
5684,1,300
5758,1,300
5762,1,300
6032,1,300
6054,1,300
6054,1,300
6173,1,300
6350,1,300
6522,1,300
6655,1,300
6849,1,300
6858,1,300
7023,1,300
7420,1,300
7524,1,300
7630,1,300
7684,1,300
7748,1,300
8075,1,300
8079,1,300
8084,1,300
8220,1,300
8446,1,300
8983,1,300
9094,1,300
9101,1,300
9157,1,300
9280,1,300
9389,1,300
9424,1,300
9447,1,300
9546,1,300
9550,1,300
9585,1,300
9625,1,300
9670,1,300
9672,1,300
9705,1,300
9762,1,300
9786,1,300
9858,1,300
9914,1,300
9987,1,300
10024,1,300
10110,1,300
10230,1,300
10328,1,300
10392,1,300
10498,1,300
10570,1,300
10678,1,300
10803,1,300
10813,1,300
11089,1,300
11114,1,300
11135,1,300
11379,1,300
11464,1,300
11506,1,300
11511,1,300
11559,1,300
11683,1,300
11814,1,300
11889,1,300
12003,1,300
12153,1,300
12305,1,300
12336,1,300
12400,1,300
12429,1,300
12501,1,300
12598,1,300
12688,1,300
12779,1,300
12814,1,300
12879,1,300
12934,1,300
13181,1,300
13331,1,300
13365,1,300
13774,1,300
14069,1,300
14074,1,300
14133,1,300
14278,1,300
14344,1,300
14345,1,300
14356,1,300
14565,1,300
14728,1,300
14810,1,300
14826,1,300
15070,1,300
15130,1,300
15353,1,300
15532,1,300
15612,1,300
15704,1,300
15840,1,300
15863,1,300
15946,1,300
16154,1,300
16345,1,300
16449,1,300
16478,1,300
16662,1,300
16820,1,300
17220,1,300
17678,1,300
19072,1,300
19075,1,300
19149,1,300
19217,1,300
19416,1,300
19476,1,300
19759,1,300
19789,1,300
19918,1,300
20079,1,300
20318,1,300
20404,1,300
20960,1,300
21019,1,300
21060,1,300
21125,1,300
21151,1,300
21181,1,300
21182,1,300
21274,1,300
21301,1,300
21316,1,300
21323,1,300
21337,1,300
21358,1,300
21375,1,300
21491,1,300
21512,1,300
21586,1,300
21639,1,300
21642,1,300
21841,1,300
21850,1,300
21853,1,300
21919,1,300
21931,1,300
22250,1,300
22279,1,300
22334,1,300
22354,1,300
22445,1,300
22513,1,300
22519,1,300
22561,1,300
22687,1,300
22688,1,300
22785,1,300
22788,1,300
23000,1,300
23053,1,300
23260,1,300
23264,1,300
23422,1,300
23722,1,300
23809,1,300
23892,1,300
23919,1,300
23921,1,300
23957,1,300
24105,1,300
24107,1,300
24133,1,300
24158,1,300
24282,1,300
24328,1,300
24446,1,300
24471,1,300
24487,1,300
24537,1,300
24593,1,300
24660,1,300
24682,1,300
24793,1,300
24843,1,300
24888,1,300
24960,1,300
25113,1,300
25301,1,300
25303,1,300
25418,1,300
25420,1,300
25736,1,300
25823,1,300
25985,1,300
26035,1,300
26062,1,300
26230,1,300
26394,1,300
26428,1,300
26441,1,300
26693,1,300
27002,1,300
27069,1,300
27141,1,300
27181,1,300
27265,1,300
27311,1,300
27346,1,300
27370,1,300
27445,1,300
27528,1,300
27567,1,300
27624,1,300
27919,1,300
27921,1,300
27923,1,300
28163,1,300
28692,1,300
29077,1,300
29087,1,300
29495,1,300
29577,1,300
29615,1,300
30017,1,300
30225,1,300
30631,1,300
31053,1,300
31105,1,300
31152,1,300
31164,1,300
31200,1,300
31254,1,300
31263,1,300
31374,1,300
31415,1,300
31574,1,300
31691,1,300
31731,1,300
31754,1,300
31838,1,300
32059,1,300
32391,1,300
32407,1,300
32602,1,300
32810,1,300
33068,1,300
33102,1,300
33132,1,300
33147,1,300
33162,1,300
33276,1,300
33300,1,300
33313,1,300
33321,1,300
33328,1,300
33330,1,300
33371,1,300
33401,1,300
33458,1,300
33470,1,300
33523,1,300
33531,1,300
33561,1,300
33575,1,300
33669,1,300
33774,1,300
33780,1,300
33843,1,300
33852,1,300
33853,1,300
33873,1,300
33885,1,300
33904,1,300
33911,1,300
33955,1,300
33957,1,300
33985,1,300
33990,1,300
34048,1,300
34121,1,300
34175,1,300
34183,1,300
34388,1,300
34451,1,300
34492,1,300
34496,1,300
34505,1,300
34542,1,300
34580,1,300
34657,1,300
34685,1,300
34685,1,300
34707,1,300
34770,1,300
34825,1,300
34854,1,300
35017,1,300
35126,1,300
35155,1,300
35194,1,300
35221,1,300
35307,1,300
35578,1,300
35578,1,300
35704,1,300
35741,1,300
35753,1,300
35765,1,300
35787,1,300
35861,1,300
35926,1,300
36074,1,300
36226,1,300
36423,1,300
36441,1,300
36481,1,300
36501,1,300
36527,1,300
36652,1,300
36698,1,300
36729,1,300
36787,1,300
36904,1,300
37046,1,300
37072,1,300
37082,1,300
37157,1,300
37221,1,300
37333,1,300
37595,1,300
37659,1,300
38007,1,300
38125,1,300
38198,1,300
38266,1,300
38295,1,300
38550,1,300
38611,1,300
38759,1,300
38765,1,300
38785,1,300
39015,1,300
39095,1,300
39132,1,300
39204,1,300
39259,1,300
39360,1,300
39364,1,300
39483,1,300
39639,1,300
39654,1,300
39687,1,300
39881,1,300
40028,1,300
40056,1,300
40115,1,300
40156,1,300
40353,1,300
40359,1,300
40412,1,300
40447,1,300
40523,1,300
40530,1,300
40616,1,300
40678,1,300
40731,1,300
40769,1,300
40772,1,300
40774,1,300
40793,1,300
40960,1,300
41069,1,300
41085,1,300
41092,1,300
41111,1,300
41141,1,300
41142,1,300
41199,1,300
41278,1,300
41315,1,300
41455,1,300
41471,1,300
41601,1,300
41669,1,300
41697,1,300
41765,1,300
41902,1,300
42203,1,300
42222,1,300
42337,1,300
42443,1,300
42468,1,300
42471,1,300
42532,1,300
42548,1,300
42660,1,300
42670,1,300
42741,1,300
42763,1,300
42766,1,300
43052,1,300
43151,1,300
43174,1,300
43224,1,300
43228,1,300
43249,1,300
43317,1,300
43405,1,300
43528,1,300
43578,1,300
43588,1,300
43598,1,300
43639,1,300
43772,1,300
43839,1,300
43860,1,300
43893,1,300
44055,1,300
44104,1,300
44137,1,300
44164,1,300
44172,1,300
44240,1,300
44305,1,300
44328,1,300
44354,1,300
44560,1,300
44874,1,300
44957,1,300
45033,1,300
45099,1,300
45112,1,300
45115,1,300
45119,1,300
45228,1,300
45293,1,300
45316,1,300
45372,1,300
45378,1,300
45382,1,300
45400,1,300
45419,1,300
45566,1,300
45572,1,300
45631,1,300
45707,1,300
45710,1,300
45725,1,300
45726,1,300
45741,1,300
45815,1,300
45853,1,300
45863,1,300
45891,1,300
45893,1,300
45934,1,300
45948,1,300
46014,1,300
46061,1,300
46062,1,300
46071,1,300
46095,1,300
46116,1,300
46147,1,300
46264,1,300
46296,1,300
46345,1,300
46353,1,300
46356,1,300
46410,1,300
46453,1,300
46468,1,300
46553,1,300
46610,1,300
46639,1,300
46680,1,300
46745,1,300
46749,1,300
46822,1,300
46839,1,300
46874,1,300
46888,1,300
46937,1,300
46942,1,300
46950,1,300
46951,1,300
47063,1,300
47073,1,300
47108,1,300
47109,1,300
47121,1,300
47146,1,300
47169,1,300
47176,1,300
47196,1,300
47231,1,300
47240,1,300
47353,1,300
47358,1,300
47373,1,300
47408,1,300
47473,1,300
47541,1,300
47566,1,300
47612,1,300
47734,1,300
47782,1,300
47792,1,300
47832,1,300
47848,1,300
47867,1,300
47877,1,300
47884,1,300
47909,1,300
47944,1,300
48004,1,300
48050,1,300
48064,1,300
48085,1,300
48126,1,300
48166,1,300
48180,1,300
48280,1,300
48321,1,300
48368,1,300
48390,1,300
48394,1,300
48445,1,300
48504,1,300
48527,1,300
48546,1,300
48572,1,300
48587,1,300
48632,1,300
48737,1,300
48833,1,300
48842,1,300
48851,1,300
48899,1,300
48908,1,300
48931,1,300
49028,1,300
49041,1,300
49138,1,300
49253,1,300
49270,1,300
49281,1,300
49323,1,300
49347,1,300
49359,1,300
49376,1,300
49421,1,300
49477,1,300
49519,1,300
49556,1,300
49617,1,300
49620,1,300
49651,1,300
49683,1,300
49707,1,300
49756,1,300
49760,1,300
49795,1,300
49800,1,300
49829,1,300
49833,1,300
49852,1,300
49863,1,300
49951,1,300
50011,1,300
50062,1,300
50121,1,300
50130,1,300
50165,1,300
50183,1,300
50187,1,300
50303,1,300
50308,1,300
50330,1,300
50331,1,300
50362,1,300
50448,1,300
50450,1,300
50472,1,300
50473,1,300
50520,1,300
50644,1,300
50674,1,300
50690,1,300
50768,1,300
50774,1,300
50789,1,300
50825,1,300
50891,1,300
50891,1,300
50904,1,300
50904,1,300
51023,1,300
51045,1,300
51048,1,300
51060,1,300
51083,1,300
51102,1,300
51138,1,300
51164,1,300
51228,1,300
51235,1,300
51275,1,300
51320,1,300
51422,1,300
51493,1,300
51525,1,300
51556,1,300
51581,1,300
51604,1,300
51653,1,300
51669,1,300
51669,1,300
51699,1,300
51706,1,300
51781,1,300
51805,1,300
51928,1,300
51965,1,300
52020,1,300
52021,1,300
52042,1,300
52068,1,300
52098,1,300
52123,1,300
52203,1,300
52225,1,300
52249,1,300
52295,1,300
52319,1,300
52336,1,300
52356,1,300
52375,1,300
52458,1,300
52460,1,300
52503,1,300
52522,1,300
52546,1,300
52563,1,300
52586,1,300
52601,1,300
52655,1,300
52679,1,300
52681,1,300
52689,1,300
52710,1,300
52874,1,300
52931,1,300
53013,1,300
53110,1,300
53230,1,300
53277,1,300
53279,1,300
53408,1,300
53488,1,300
53490,1,300
53538,1,300
53601,1,300
53615,1,300
53630,1,300
53652,1,300
53654,1,300
53715,1,300
53797,1,300
53892,1,300
53930,1,300
53945,1,300
54009,1,300
54037,1,300
54138,1,300
54145,1,300
54179,1,300
54209,1,300
54306,1,300
54321,1,300
54374,1,300
54392,1,300
54393,1,300
54425,1,300
54499,1,300
54505,1,300
54511,1,300
54650,1,300
54683,1,300
54732,1,300
54790,1,300
54846,1,300
54875,1,300
55033,1,300
55047,1,300
55094,1,300
55108,1,300
55137,1,300
55177,1,300
55185,1,300
55300,1,300
55347,1,300
55362,1,300
55382,1,300
55391,1,300
55401,1,300
55412,1,300
55497,1,300
55513,1,300
55532,1,300
55572,1,300
55591,1,300
55633,1,300
55690,1,300
55693,1,300
55701,1,300
55711,1,300
55712,1,300
55769,1,300
55779,1,300
55810,1,300
55858,1,300
55870,1,300
55912,1,300
56100,1,300
56150,1,300
56178,1,300
56212,1,300
56259,1,300
56276,1,300
56294,1,300
56406,1,300
56407,1,300
56407,1,300
56420,1,300
56469,1,300
56485,1,300
56510,1,300
56548,1,300
56573,1,300
56624,1,300
56653,1,300
56707,1,300
56772,1,300
56851,1,300
56865,1,300
56962,1,300
57008,1,300
57009,1,300
57018,1,300
57028,1,300
57079,1,300
57087,1,300
57135,1,300
57139,1,300
57162,1,300
57166,1,300
57174,1,300
57191,1,300
57207,1,300
57208,1,300
57245,1,300
57262,1,300
57279,1,300
57287,1,300
57320,1,300
57353,1,300
57377,1,300
57413,1,300
57422,1,300
57428,1,300
57456,1,300
57500,1,300
57592,1,300
57596,1,300
57663,1,300
57672,1,300
57684,1,300
57720,1,300
57735,1,300
57749,1,300
57763,1,300
57765,1,300
57803,1,300
57804,1,300
57814,1,300
57830,1,300
57836,1,300
57873,1,300
57925,1,300
58017,1,300
58020,1,300
58045,1,300
58093,1,300
58118,1,300
58202,1,300
58206,1,300
58233,1,300
58266,1,300
58323,1,300
58336,1,300
58340,1,300
58346,1,300
58348,1,300
58356,1,300
58365,1,300
58432,1,300
58458,1,300
58459,1,300
58465,1,300
58474,1,300
58523,1,300
58567,1,300
58571,1,300
58572,1,300
58585,1,300
58624,1,300
58633,1,300
58637,1,300
58643,1,300
58676,1,300
58676,1,300
58718,1,300
58769,1,300
58770,1,300
58832,1,300
58837,1,300
58847,1,300
58873,1,300
58875,1,300
58913,1,300
58914,1,300
58936,1,300
58941,1,300
59039,1,300
59045,1,300
59078,1,300
59086,1,300
59096,1,300
59119,1,300
59127,1,300
59143,1,300
59166,1,300
59166,1,300
59204,1,300
59215,1,300
59220,1,300
59225,1,300
59284,1,300
59289,1,300
59291,1,300
59296,1,300
59347,1,300
59364,1,300
59369,1,300
59415,1,300
59440,1,300
59479,1,300
59482,1,300
59492,1,300
59533,1,300
59553,1,300
59597,1,300
59625,1,300
59720,1,300
59746,1,300
59746,1,300
59750,1,300
59771,1,300
59783,1,300
59783,1,300
59825,1,300
59843,1,300
59865,1,300
59870,1,300
59883,1,300
59901,1,300
59904,1,300
59905,1,300
59936,1,300
59990,1,300
60021,1,300
60147,1,300
60184,1,300
60195,1,300
60223,1,300
60259,1,300
60311,1,300
60373,1,300
60456,1,300
60465,1,300
60466,1,300
60509,1,300
60514,1,300
60535,1,300
60566,1,300
60579,1,300
60584,1,300
60640,1,300
60688,1,300
60717,1,300
60785,1,300
60789,1,300
60799,1,300
60811,1,300
60833,1,300
60887,1,300
60928,1,300
60932,1,300
61005,1,300
61006,1,300
61012,1,300
61025,1,300
61031,1,300
61038,1,300
61071,1,300
61077,1,300
61080,1,300
61087,1,300
61092,1,300
61096,1,300
61103,1,300
61107,1,300
61111,1,300
61115,1,300
61131,1,300
61147,1,300
61184,1,300
61217,1,300
61243,1,300
61265,1,300
61269,1,300
61316,1,300
61322,1,300
61342,1,300
61377,1,300
61378,1,300
61415,1,300
61422,1,300
61425,1,300
61431,1,300
61465,1,300
61476,1,300
61521,1,300
61531,1,300
61565,1,300
61637,1,300
61687,1,300
61854,1,300
61873,1,300
61882,1,300
61893,1,300
61895,1,300
62017,1,300
62055,1,300
62085,1,300
62086,1,300
62093,1,300
62129,1,300
62140,1,300
62141,1,300
62163,1,300
62316,1,300
62338,1,300
62416,1,300
62430,1,300
62487,1,300
62511,1,300
62512,1,300
62534,1,300
62549,1,300
62559,1,300
62591,1,300
62615,1,300
62617,1,300
62631,1,300
62654,1,300
62865,1,300
62913,1,300
63039,1,300
63057,1,300
63063,1,300
63194,1,300
63265,1,300
63265,1,300
63268,1,300
63297,1,300
63335,1,300
63385,1,300
63418,1,300
63474,1,300
63483,1,300
63511,1,300
63516,1,300
63517,1,300
63518,1,300
63547,1,300
63556,1,300
63568,1,300
63580,1,300
63592,1,300
63621,1,300
63660,1,300
63666,1,300
63699,1,300
63726,1,300
63738,1,300
63819,1,300
63838,1,300
63859,1,300
63871,1,300
63880,1,300
63881,1,300
63887,1,300
63972,1,300
63984,1,300
63986,1,300
64002,1,300
64037,1,300
64067,1,300
64070,1,300
64112,1,300
64131,1,300
64222,1,300
64256,1,300
64256,1,300
64265,1,300
64283,1,300
64312,1,300
64318,1,300
64369,1,300
64380,1,300
64389,1,300
64420,1,300
64474,1,300
64492,1,300
64573,1,300
64586,1,300
64606,1,300
64620,1,300
64660,1,300
64743,1,300
64775,1,300
64795,1,300
64803,1,300
64818,1,300
64818,1,300
64834,1,300
64844,1,300
64855,1,300
64877,1,300
64899,1,300
65032,1,300
65034,1,300
65047,1,300
65091,1,300
65138,1,300
65167,1,300
65181,1,300
65258,1,300
65344,1,300
65352,1,300
65375,1,300
65383,1,300
65447,1,300
65456,1,300
65474,1,300
65486,1,300
65535,1,300
65632,1,300
65671,1,300
65739,1,300
65748,1,300
65767,1,300
65828,1,300
65868,1,300
65876,1,300
65921,1,300
65929,1,300
65933,1,300
65939,1,300
65951,1,300
65956,1,300
65985,1,300
66006,1,300
66024,1,300
66172,1,300
66194,1,300
66195,1,300
66237,1,300
66293,1,300
66307,1,300
66310,1,300
66338,1,300
66349,1,300
66362,1,300
66365,1,300
66393,1,300
66439,1,300
66525,1,300
66565,1,300
66595,1,300
66650,1,300
66651,1,300
66667,1,300
66759,1,300
66779,1,300
66787,1,300
66793,1,300
66865,1,300
66901,1,300
66925,1,300
66989,1,300
67006,1,300
67038,1,300
67044,1,300
67049,1,300
67062,1,300
67077,1,300
67083,1,300
67085,1,300
67100,1,300
67197,1,300
67255,1,300
67272,1,300
67305,1,300
67330,1,300
67338,1,300
67340,1,300
67340,1,300
67363,1,300
67397,1,300
67397,1,300
67433,1,300
67501,1,300
67559,1,300
67596,1,300
67654,1,300
67656,1,300
67659,1,300
67674,1,300
67679,1,300
67712,1,300
67748,1,300
67750,1,300
67777,1,300
67805,1,300
67808,1,300
67820,1,300
67866,1,300
67978,1,300
68003,1,300
68005,1,300
68015,1,300
68075,1,300
68159,1,300
68159,1,300
68163,1,300
68243,1,300
68265,1,300
68285,1,300
68311,1,300
68323,1,300
68325,1,300
68388,1,300
68405,1,300
68417,1,300
68426,1,300
68442,1,300
68444,1,300
68486,1,300
68532,1,300
68533,1,300
68567,1,300
68569,1,300
68594,1,300
68622,1,300
68641,1,300
68697,1,300
68737,1,300
68748,1,300
68751,1,300
68760,1,300
68766,1,300
68795,1,300
68798,1,300
68802,1,300
68857,1,300
68863,1,300
68906,1,300
68986,1,300
69001,1,300
69009,1,300
69011,1,300
69040,1,300
69040,1,300
69048,1,300
69061,1,300
69092,1,300
69095,1,300
69105,1,300
69108,1,300
69121,1,300
69137,1,300
69176,1,300
69207,1,300
69208,1,300
69210,1,300
69218,1,300
69244,1,300
69268,1,300
69293,1,300
69296,1,300
69328,1,300
69329,1,300
69340,1,300
69343,1,300
69366,1,300
69402,1,300
69417,1,300
69431,1,300
69460,1,300
69467,1,300
69475,1,300
69479,1,300
69541,1,300
69551,1,300
69551,1,300
69572,1,300
69579,1,300
69588,1,300
69591,1,300
69607,1,300
69611,1,300
69617,1,300
69657,1,300
69697,1,300
69722,1,300
69744,1,300
69754,1,300
69765,1,300
69783,1,300
69796,1,300
69809,1,300
69834,1,300
69886,1,300
69898,1,300
69939,1,300
69971,1,300
69991,1,300
70014,1,300
70043,1,300
70071,1,300
70088,1,300
70106,1,300
70127,1,300
70133,1,300
70160,1,300
70168,1,300
70174,1,300
70179,1,300
70181,1,300
70187,1,300
70188,1,300
70198,1,300
70225,1,300
70246,1,300
70253,1,300
70267,1,300
70285,1,300
70291,1,300
70302,1,300
70302,1,300
70336,1,300
70341,1,300
70350,1,300
70358,1,300
70363,1,300
70423,1,300
70492,1,300
70501,1,300
70534,1,300
70539,1,300
70564,1,300
70567,1,300
70570,1,300
70579,1,300
70585,1,300
70638,1,300
70638,1,300
70646,1,300
70664,1,300
70665,1,300
70698,1,300
70703,1,300
70704,1,300
70723,1,300
70833,1,300
70887,1,300
70891,1,300
70906,1,300
70930,1,300
70943,1,300
70945,1,300
71009,1,300
71022,1,300
71030,1,300
71036,1,300
71038,1,300
71066,1,300
71069,1,300
71081,1,300
71083,1,300
71104,1,300
71153,1,300
71183,1,300
71199,1,300
71214,1,300
71214,1,300
71226,1,300
71229,1,300
71242,1,300
71304,1,300
71311,1,300
71384,1,300
71412,1,300
71416,1,300
71445,1,300
71460,1,300
71470,1,300
71477,1,300
71487,1,300
71504,1,300
71513,1,300
71532,1,300
71551,1,300
71560,1,300
71570,1,300
71611,1,300
71620,1,300
71621,1,300
71711,1,300
71727,1,300
71741,1,300
71774,1,300
71782,1,300
71814,1,300
71825,1,300
71855,1,300
71866,1,300
71875,1,300
71876,1,300
71900,1,300
71942,1,300
71947,1,300
72006,1,300
72010,1,300
72026,1,300
72040,1,300
72077,1,300
72115,1,300
72126,1,300
72145,1,300
72157,1,300
72169,1,300
72204,1,300
72217,1,300
72245,1,300
72257,1,300
72267,1,300
72268,1,300
72271,1,300
72287,1,300
72291,1,300
72351,1,300
72424,1,300
72441,1,300
72443,1,300
72445,1,300
72449,1,300
72453,1,300
72527,1,300
72569,1,300
72580,1,300
72589,1,300
72624,1,300
72683,1,300
72686,1,300
72711,1,300
72723,1,300
72727,1,300
72728,1,300
72729,1,300
72733,1,300
72748,1,300
72756,1,300
72756,1,300
72765,1,300
72766,1,300
72779,1,300
72820,1,300
72822,1,300
72826,1,300
72835,1,300
72841,1,300
72843,1,300
72861,1,300
72868,1,300
72906,1,300
72932,1,300
73004,1,300
73008,1,300
73029,1,300
73036,1,300
73042,1,300
73077,1,300
73091,1,300
73105,1,300
73152,1,300
73152,1,300
73194,1,300
73226,1,300
73226,1,300
73258,1,300
73263,1,300
73338,1,300
73365,1,300
73384,1,300
73392,1,300
73397,1,300
73399,1,300
73414,1,300
73440,1,300
73442,1,300
73443,1,300
73454,1,300
73502,1,300
73503,1,300
73506,1,300
73531,1,300
73538,1,300
73539,1,300
73550,1,300
73555,1,300
73563,1,300
73578,1,300
73587,1,300
73588,1,300
73594,1,300
73610,1,300
73641,1,300
73644,1,300
73661,1,300
73682,1,300
73682,1,300
73720,1,300
73746,1,300
73763,1,300
73770,1,300
73797,1,300
73821,1,300
73843,1,300
73865,1,300
73882,1,300
73889,1,300
73892,1,300
73894,1,300
73897,1,300
73911,1,300
73931,1,300
74018,1,300
74022,1,300
74029,1,300
74047,1,300
74056,1,300
74069,1,300
74071,1,300
74105,1,300
74107,1,300
74121,1,300
74153,1,300
74173,1,300
74184,1,300
74218,1,300
74255,1,300
74263,1,300
74272,1,300
74282,1,300
74289,1,300
74289,1,300
74292,1,300
74294,1,300
74295,1,300
74305,1,300
74323,1,300
74337,1,300
74338,1,300
74354,1,300
74375,1,300
74395,1,300
74401,1,300
74413,1,300
74419,1,300
74469,1,300
74485,1,300
74485,1,300
74552,1,300
74554,1,300
74560,1,300
74641,1,300
74645,1,300
74652,1,300
74676,1,300
74676,1,300
74688,1,300
74695,1,300
74709,1,300
74715,1,300
74735,1,300
74743,1,300
74795,1,300
74850,1,300
74865,1,300
74887,1,300
74936,1,300
75010,1,300
75035,1,300
75043,1,300
75062,1,300
75063,1,300
75064,1,300
75094,1,300
75097,1,300
75118,1,300
75131,1,300
75154,1,300
75157,1,300
75162,1,300
75193,1,300
75242,1,300
75247,1,300
75281,1,300
75346,1,300
75379,1,300
75391,1,300
75395,1,300
75448,1,300
75456,1,300
75472,1,300
75485,1,300
75532,1,300
75552,1,300
75553,1,300
75559,1,300
75578,1,300
75624,1,300
75629,1,300
75640,1,300
75647,1,300
75699,1,300
75703,1,300
75713,1,300
75725,1,300
75754,1,300
75772,1,300
75807,1,300
75826,1,300
75850,1,300
75852,1,300
75868,1,300
75889,1,300
75890,1,300
75898,1,300
75900,1,300
75948,1,300
75950,1,300
75955,1,300
76011,1,300
76026,1,300
76027,1,300
76058,1,300
76064,1,300
76141,1,300
76150,1,300
76154,1,300
76191,1,300
76203,1,300
76241,1,300
76316,1,300
76370,1,300
76376,1,300
76418,1,300
76441,1,300
76450,1,300
76458,1,300
76467,1,300
76469,1,300
76506,1,300
76518,1,300
76531,1,300
76531,1,300
76550,1,300
76556,1,300
76557,1,300
76564,1,300
76609,1,300
76615,1,300
76645,1,300
76670,1,300
76673,1,300
76711,1,300
76712,1,300
76724,1,300
76733,1,300
76742,1,300
76789,1,300
76842,1,300
76864,1,300
76894,1,300
76902,1,300
77011,1,300
77027,1,300
77030,1,300
77033,1,300
77052,1,300
77071,1,300
77086,1,300
77186,1,300
77190,1,300
77200,1,300
77213,1,300
77263,1,300
77298,1,300
77314,1,300
77347,1,300
77360,1,300
77393,1,300
77396,1,300
77434,1,300
77436,1,300
77471,1,300
77475,1,300
77501,1,300
77503,1,300
77515,1,300
77591,1,300
77623,1,300
77643,1,300
77645,1,300
77647,1,300
77657,1,300
77663,1,300
77664,1,300
77673,1,300
77684,1,300
77698,1,300
77711,1,300
77721,1,300
77728,1,300
77746,1,300
77754,1,300
77760,1,300
77764,1,300
77775,1,300
77779,1,300
77788,1,300
77817,1,300
77819,1,300
77889,1,300
77890,1,300
77913,1,300
78014,1,300
78017,1,300
78024,1,300
78031,1,300
78058,1,300
78069,1,300
78070,1,300
78081,1,300
78102,1,300
78161,1,300
78171,1,300
78184,1,300
78186,1,300
78194,1,300
78200,1,300
78221,1,300
78240,1,300
78243,1,300
78248,1,300
78249,1,300
78251,1,300
78358,1,300
78369,1,300
78372,1,300
78376,1,300
78419,1,300
78466,1,300
78466,1,300
78468,1,300
78480,1,300
78480,1,300
78484,1,300
78494,1,300
78499,1,300
78509,1,300
78510,1,300
78633,1,300
78637,1,300
78642,1,300
78652,1,300
78674,1,300
78754,1,300
78759,1,300
78784,1,300
78805,1,300
78809,1,300
78823,1,300
78863,1,300
78898,1,300
78922,1,300
78930,1,300
79005,1,300
79059,1,300
79072,1,300
79078,1,300
79086,1,300
79087,1,300
79125,1,300
79132,1,300
79135,1,300
79153,1,300
79159,1,300
79201,1,300
79205,1,300
79210,1,300
79240,1,300
79241,1,300
79243,1,300
79280,1,300
79290,1,300
79293,1,300
79343,1,300
79369,1,300
79379,1,300
79402,1,300
79421,1,300
79447,1,300
79463,1,300
79490,1,300
79511,1,300
79517,1,300
79532,1,300
79545,1,300
79552,1,300
79553,1,300
79575,1,300
79578,1,300
79701,1,300
79724,1,300
79735,1,300
79788,1,300
79795,1,300
79858,1,300
79866,1,300
79881,1,300
79897,1,300
79984,1,300
80024,1,300
80024,1,300
80060,1,300
80075,1,300
80080,1,300
80092,1,300
80106,1,300
80106,1,300
80112,1,300
80136,1,300
80170,1,300
80183,1,300
80211,1,300
80222,1,300
80224,1,300
80241,1,300
80301,1,300
80335,1,300
80343,1,300
80349,1,300
80349,1,300
80358,1,300
80379,1,300
80400,1,300
80439,1,300
80452,1,300
80452,1,300
80519,1,300
80533,1,300
80557,1,300
80568,1,300
80615,1,300
80627,1,300
80646,1,300
80680,1,300
80683,1,300
80687,1,300
80745,1,300
80745,1,300
80755,1,300
80763,1,300
80788,1,300
80792,1,300
80794,1,300
80808,1,300
80831,1,300
80833,1,300
80834,1,300
80861,1,300
80867,1,300
80869,1,300
80878,1,300
80912,1,300
80928,1,300
80934,1,300
81009,1,300
81020,1,300
81035,1,300
81037,1,300
81040,1,300
81044,1,300
81059,1,300
81072,1,300
81104,1,300
81104,1,300
81104,1,300
81109,1,300
81116,1,300
81137,1,300
81145,1,300
81194,1,300
81202,1,300
81211,1,300
81291,1,300
81307,1,300
81311,1,300
81331,1,300
81375,1,300
81380,1,300
81380,1,300
81410,1,300
81450,1,300
81456,1,300
81458,1,300
81475,1,300
81503,1,300
81510,1,300
81515,1,300
81524,1,300
81537,1,300
81556,1,300
81585,1,300
81588,1,300
81594,1,300
81598,1,300
81616,1,300
81617,1,300
81621,1,300
81628,1,300
81659,1,300
81682,1,300
81715,1,300
81723,1,300
81724,1,300
81730,1,300
81742,1,300
81760,1,300
81776,1,300
81783,1,300
81795,1,300
81805,1,300
81836,1,300
81857,1,300
81866,1,300
81874,1,300
81891,1,300
81924,1,300
81947,1,300
81980,1,300
82010,1,300
82011,1,300
82015,1,300
82017,1,300
82030,1,300
82038,1,300
82074,1,300
82085,1,300
82099,1,300
82119,1,300
82119,1,300
82123,1,300
82144,1,300
82163,1,300
82177,1,300
82194,1,300
82210,1,300
82218,1,300
82218,1,300
82230,1,300
82256,1,300
82259,1,300
82284,1,300
82328,1,300
82334,1,300
82338,1,300
82370,1,300
82374,1,300
82397,1,300
82405,1,300
82414,1,300
82426,1,300
82431,1,300
82497,1,300
82509,1,300
82535,1,300
82564,1,300
82565,1,300
82572,1,300
82611,1,300
82614,1,300
82631,1,300
82711,1,300
82721,1,300
82784,1,300
82812,1,300
82823,1,300
82843,1,300
82854,1,300
82861,1,300
82885,1,300
82899,1,300
82909,1,300
82927,1,300
82934,1,300
82937,1,300
83005,1,300
83006,1,300
83025,1,300
83043,1,300
83049,1,300
83050,1,300
83089,1,300
83092,1,300
83100,1,300
83102,1,300
83108,1,300
83130,1,300
83134,1,300
83135,1,300
83136,1,300
83148,1,300
83180,1,300
83181,1,300
83186,1,300
83198,1,300
83201,1,300
83201,1,300
83207,1,300
83215,1,300
83273,1,300
83276,1,300
83309,1,300
83331,1,300
83347,1,300
83404,1,300
83407,1,300
83427,1,300
83441,1,300
83465,1,300
83479,1,300
83484,1,300
83489,1,300
83514,1,300
83519,1,300
83526,1,300
83533,1,300
83540,1,300
83570,1,300
83587,1,300
83593,1,300
83596,1,300
83619,1,300
83620,1,300
83627,1,300
83684,1,300
83692,1,300
83714,1,300
83730,1,300
83759,1,300
83780,1,300
83793,1,300
83798,1,300
83834,1,300
83837,1,300
83942,1,300
83966,1,300
83967,1,300
83982,1,300
83984,1,300
84008,1,300
84010,1,300
84020,1,300
84038,1,300
84042,1,300
84055,1,300
84102,1,300
84112,1,300
84146,1,300
84150,1,300
84151,1,300
84156,1,300
84158,1,300
84160,1,300
84161,1,300
84164,1,300
84178,1,300
84178,1,300
84196,1,300
84202,1,300
84232,1,300
84239,1,300
84259,1,300
84262,1,300
84277,1,300
84306,1,300
84320,1,300
84346,1,300
84350,1,300
84359,1,300
84391,1,300
84436,1,300
84497,1,300
84511,1,300
84537,1,300
84574,1,300
84596,1,300
84599,1,300
84606,1,300
84622,1,300
84678,1,300
84687,1,300
84687,1,300
84702,1,300
84757,1,300
84763,1,300
84769,1,300
84782,1,300
84803,1,300
84819,1,300
84868,1,300
84880,1,300
84881,1,300
84897,1,300
84900,1,300
84923,1,300
84950,1,300
84958,1,300
84964,1,300
84966,1,300
84970,1,300
84980,1,300
84991,1,300
84991,1,300
85103,1,300
85139,1,300
85154,1,300
85165,1,300
85185,1,300
85216,1,300
85233,1,300
85349,1,300
85349,1,300
85356,1,300
85359,1,300
85371,1,300
85375,1,300
85380,1,300
85405,1,300
85432,1,300
85455,1,300
85479,1,300
85549,1,300
85553,1,300
85570,1,300
85613,1,300
85633,1,300
85633,1,300
85694,1,300
85710,1,300
85739,1,300
85767,1,300
85770,1,300
85784,1,300
85794,1,300
85825,1,300
85833,1,300
85862,1,300
85871,1,300
85877,1,300
85909,1,300
85918,1,300
85918,1,300
85925,1,300
85929,1,300
85947,1,300
85950,1,300
85959,1,300
85960,1,300
85984,1,300
85984,1,300
86027,1,300
86045,1,300
86088,1,300
86111,1,300
86117,1,300
86131,1,300
86137,1,300
86140,1,300
86144,1,300
86180,1,300
86216,1,300
86225,1,300
86237,1,300
86267,1,300
86268,1,300
86272,1,300
86330,1,300
86335,1,300
86370,1,300
86393,1,300
86401,1,300
86406,1,300
86418,1,300
86431,1,300
86455,1,300
86467,1,300
86491,1,300
86491,1,300
86509,1,300
86509,1,300
86510,1,300
86516,1,300
86529,1,300
86550,1,300
86568,1,300
86574,1,300
86576,1,300
86596,1,300
86622,1,300
86635,1,300
86647,1,300
86652,1,300
86670,1,300
86699,1,300
86702,1,300
86748,1,300
86757,1,300
86764,1,300
86797,1,300
86806,1,300
86831,1,300
86847,1,300
86863,1,300
86891,1,300
86895,1,300
86897,1,300
86907,1,300
86915,1,300
86924,1,300
86983,1,300
87006,1,300
87049,1,300
87078,1,300
87126,1,300
87147,1,300
87152,1,300
87168,1,300
87200,1,300
87235,1,300
87235,1,300
87247,1,300
87249,1,300
87254,1,300
87259,1,300
87277,1,300
87286,1,300
87305,1,300
87311,1,300
87386,1,300
87389,1,300
87395,1,300
87398,1,300
87401,1,300
87457,1,300
87499,1,300
87509,1,300
87538,1,300
87542,1,300
87545,1,300
87545,1,300
87548,1,300
87561,1,300
87567,1,300
87589,1,300
87602,1,300
87638,1,300
87644,1,300
87692,1,300
87693,1,300
87710,1,300
87716,1,300
87730,1,300
87751,1,300
87760,1,300
87772,1,300
87824,1,300
87825,1,300
87828,1,300
87838,1,300
87848,1,300
87881,1,300
87888,1,300
87906,1,300
87919,1,300
87953,1,300
87957,1,300
87989,1,300
87992,1,300
87996,1,300
88010,1,300
88019,1,300
88020,1,300
88038,1,300
88058,1,300
88060,1,300
88067,1,300
88076,1,300
88083,1,300
88105,1,300
88147,1,300
88177,1,300
88179,1,300
88240,1,300
88243,1,300
88253,1,300
88303,1,300
88303,1,300
88322,1,300
88334,1,300
88361,1,300
88364,1,300
88370,1,300
88376,1,300
88419,1,300
88422,1,300
88422,1,300
88424,1,300
88426,1,300
88445,1,300
88445,1,300
88453,1,300
88465,1,300
88494,1,300
88499,1,300
88506,1,300
88508,1,300
88525,1,300
88544,1,300
88550,1,300
88598,1,300
88601,1,300
88614,1,300
88618,1,300
88620,1,300
88622,1,300
88653,1,300
88674,1,300
88687,1,300
88725,1,300
88749,1,300
88784,1,300
88798,1,300
88823,1,300
88826,1,300
88833,1,300
88843,1,300
88844,1,300
88854,1,300
88859,1,300
88880,1,300
88895,1,300
88905,1,300
88907,1,300
89004,1,300
89071,1,300
89085,1,300
89104,1,300
89114,1,300
89118,1,300
89141,1,300
89163,1,300
89186,1,300
89188,1,300
89194,1,300
89201,1,300
89212,1,300
89220,1,300
89221,1,300
89224,1,300
89229,1,300
89251,1,300
89253,1,300
89255,1,300
89281,1,300
89310,1,300
89312,1,300
89313,1,300
89333,1,300
89333,1,300
89352,1,300
89363,1,300
89393,1,300
89413,1,300
89432,1,300
89445,1,300
89466,1,300
89479,1,300
89479,1,300
89480,1,300
89497,1,300
89533,1,300
89542,1,300
89580,1,300
89584,1,300
89605,1,300
89606,1,300
89623,1,300
89666,1,300
89688,1,300
89690,1,300
89700,1,300
89703,1,300
89703,1,300
89720,1,300
89721,1,300
89722,1,300
89746,1,300
89755,1,300
89780,1,300
89784,1,300
89799,1,300
89829,1,300
89835,1,300
89844,1,300
89852,1,300
89853,1,300
89899,1,300
89928,1,300
90004,1,300
90055,1,300
90064,1,300
90075,1,300
90082,1,300
90083,1,300
90107,1,300
90140,1,300
90165,1,300
90190,1,300
90190,1,300
90212,1,300
90233,1,300
90241,1,300
90245,1,300
90246,1,300
90343,1,300
90361,1,300
90371,1,300
90406,1,300
90440,1,300
90443,1,300
90465,1,300
90476,1,300
90524,1,300
90549,1,300
90581,1,300
90594,1,300
90660,1,300
90680,1,300
90689,1,300
90695,1,300
90699,1,300
90713,1,300
90717,1,300
90782,1,300
90784,1,300
90803,1,300
90825,1,300
90851,1,300
90872,1,300
90884,1,300
90894,1,300
90901,1,300
90939,1,300
91000,1,300
91004,1,300
91004,1,300
91012,1,300
91024,1,300
91032,1,300
91034,1,300
91053,1,300
91094,1,300
91141,1,300
91163,1,300
91164,1,300
91176,1,300
91189,1,300
91199,1,300
91209,1,300
91240,1,300
91242,1,300
91268,1,300
91330,1,300
91352,1,300
91353,1,300
91363,1,300
91404,1,300
91421,1,300
91427,1,300
91470,1,300
91489,1,300
91508,1,300
91517,1,300
91518,1,300
91533,1,300
91537,1,300
91566,1,300
91636,1,300
91688,1,300
91688,1,300
91692,1,300
91696,1,300
91701,1,300
91716,1,300
91736,1,300
91778,1,300
91778,1,300
91788,1,300
91797,1,300
91835,1,300
91838,1,300
91846,1,300
91860,1,300
91868,1,300
91886,1,300
91922,1,300
91931,1,300
91933,1,300
92037,1,300
92046,1,300
92083,1,300
92087,1,300
92100,1,300
92127,1,300
92155,1,300
92172,1,300
92198,1,300
92222,1,300
92237,1,300
92243,1,300
92243,1,300
92251,1,300
92253,1,300
92359,1,300
92384,1,300
92392,1,300
92392,1,300
92415,1,300
92418,1,300
92441,1,300
92495,1,300
92499,1,300
92516,1,300
92542,1,300
92550,1,300
92552,1,300
92554,1,300
92555,1,300
92581,1,300
92599,1,300
92610,1,300
92643,1,300
92682,1,300
92715,1,300
92739,1,300
92751,1,300
92755,1,300
92783,1,300
92786,1,300
92814,1,300
92850,1,300
92863,1,300
92874,1,300
92878,1,300
92880,1,300
92886,1,300
92886,1,300
92886,1,300
92889,1,300
92900,1,300
92939,1,300
92951,1,300
92974,1,300
92976,1,300
92985,1,300
92990,1,300
93002,1,300
93012,1,300
93015,1,300
93018,1,300
93020,1,300
93042,1,300
93064,1,300
93064,1,300
93066,1,300
93070,1,300
93083,1,300
93105,1,300
93113,1,300
93114,1,300
93154,1,300
93185,1,300
93220,1,300
93239,1,300
93250,1,300
93271,1,300
93275,1,300
93277,1,300
93281,1,300
93285,1,300
93297,1,300
93303,1,300
93309,1,300
93341,1,300
93343,1,300
93366,1,300
93367,1,300
93367,1,300
93369,1,300
93371,1,300
93381,1,300
93381,1,300
93388,1,300
93391,1,300
93393,1,300
93422,1,300
93433,1,300
93463,1,300
93468,1,300
93481,1,300
93498,1,300
93514,1,300
93515,1,300
93518,1,300
93519,1,300
93519,1,300
93519,1,300
93523,1,300
93523,1,300
93524,1,300
93529,1,300
93549,1,300
93562,1,300
93563,1,300
93615,1,300
93616,1,300
93624,1,300
93665,1,300
93666,1,300
93668,1,300
93669,1,300
93670,1,300
93703,1,300
93710,1,300
93732,1,300
93742,1,300
93784,1,300
93790,1,300
93791,1,300
93792,1,300
93798,1,300
93821,1,300
93838,1,300
93844,1,300
93844,1,300
93878,1,300
93881,1,300
93887,1,300
93890,1,300
93907,1,300
94016,1,300
94035,1,300
94049,1,300
94095,1,300
94127,1,300
94135,1,300
94166,1,300
94179,1,300
94202,1,300
94214,1,300
94215,1,300
94225,1,300
94243,1,300
94245,1,300
94255,1,300
94276,1,300
94287,1,300
94290,1,300
94303,1,300
94312,1,300
94379,1,300
94380,1,300
94381,1,300
94390,1,300
94412,1,300
94417,1,300
94420,1,300
94450,1,300
94479,1,300
94488,1,300
94513,1,300
94522,1,300
94527,1,300
94568,1,300
94569,1,300
94593,1,300
94611,1,300
94614,1,300
94617,1,300
94628,1,300
94632,1,300
94712,1,300
94737,1,300
94739,1,300
94761,1,300
94774,1,300
94809,1,300
94839,1,300
94883,1,300
94903,1,300
94907,1,300
94918,1,300
94919,1,300
94922,1,300
94922,1,300
94931,1,300
94950,1,300
94964,1,300
94982,1,300
95019,1,300
95025,1,300
95043,1,300
95052,1,300
95076,1,300
95080,1,300
95081,1,300
95082,1,300
95084,1,300
95084,1,300
95104,1,300
95116,1,300
95133,1,300
95139,1,300
95159,1,300
95161,1,300
95186,1,300
95253,1,300
95264,1,300
95294,1,300
95294,1,300
95295,1,300
95303,1,300
95371,1,300
95379,1,300
95403,1,300
95403,1,300
95411,1,300
95461,1,300
95477,1,300
95511,1,300
95559,1,300
95573,1,300
95593,1,300
95595,1,300
95604,1,300
95609,1,300
95616,1,300
95616,1,300
95623,1,300
95624,1,300
95641,1,300
95643,1,300
95675,1,300
95676,1,300
95683,1,300
95692,1,300
95703,1,300
95710,1,300
95717,1,300
95717,1,300
95721,1,300
95751,1,300
95775,1,300
95777,1,300
95785,1,300
95785,1,300
95791,1,300
95826,1,300
95846,1,300
95863,1,300
95870,1,300
95875,1,300
95884,1,300
95894,1,300
95942,1,300
95951,1,300
95951,1,300
95954,1,300
95962,1,300
95963,1,300
95970,1,300
95977,1,300
96020,1,300
96088,1,300
96094,1,300
96094,1,300
96094,1,300
96124,1,300
96157,1,300
96158,1,300
96159,1,300
96166,1,300
96171,1,300
96212,1,300
96216,1,300
96242,1,300
96254,1,300
96334,1,300
96344,1,300
96348,1,300
96351,1,300
96356,1,300
96364,1,300
96368,1,300
96414,1,300
96414,1,300
96426,1,300
96454,1,300
96463,1,300
96464,1,300
96504,1,300
96517,1,300
96521,1,300
96546,1,300
96571,1,300
96579,1,300
96591,1,300
96630,1,300
96640,1,300
96647,1,300
96662,1,300
96670,1,300
96671,1,300
96675,1,300
96686,1,300
96703,1,300
96703,1,300
96710,1,300
96711,1,300
96715,1,300
96728,1,300
96742,1,300
96751,1,300
96767,1,300
96770,1,300
96809,1,300
96811,1,300
96832,1,300
96915,1,300
96962,1,300
96965,1,300
96986,1,300
97007,1,300
97035,1,300
97038,1,300
97056,1,300
97088,1,300
97109,1,300
97119,1,300
97138,1,300
97200,1,300
97225,1,300
97234,1,300
97238,1,300
97244,1,300
97261,1,300
97261,1,300
97271,1,300
97315,1,300
97337,1,300
97353,1,300
97360,1,300
97361,1,300
97366,1,300
97418,1,300
97421,1,300
97426,1,300
97438,1,300
97444,1,300
97457,1,300
97459,1,300
97466,1,300
97488,1,300
97519,1,300
97524,1,300
97572,1,300
97591,1,300
97592,1,300
97595,1,300
97600,1,300
97608,1,300
97612,1,300
97612,1,300
97617,1,300
97620,1,300
97623,1,300
97639,1,300
97645,1,300
97704,1,300
97707,1,300
97728,1,300
97745,1,300
97747,1,300
97751,1,300
97774,1,300
97788,1,300
97801,1,300
97807,1,300
97843,1,300
97859,1,300
97863,1,300
97869,1,300
97873,1,300
97877,1,300
97912,1,300
97924,1,300
97931,1,300
97934,1,300
98003,1,300
98021,1,300
98025,1,300
98085,1,300
98095,1,300
98114,1,300
98118,1,300
98124,1,300
98127,1,300
98139,1,300
98166,1,300
98173,1,300
98209,1,300
98216,1,300
98256,1,300
98258,1,300
98260,1,300
98271,1,300
98274,1,300
98296,1,300
98314,1,300
98317,1,300
98338,1,300
98345,1,300
98350,1,300
98360,1,300
98362,1,300
98400,1,300
98405,1,300
98406,1,300
98463,1,300
98511,1,300
98551,1,300
98629,1,300
98630,1,300
98664,1,300
98682,1,300
98696,1,300
98715,1,300
98722,1,300
98727,1,300
98728,1,300
98735,1,300
98738,1,300
98758,1,300
98779,1,300
98783,1,300
98805,1,300
98811,1,300
98846,1,300
98861,1,300
98912,1,300
98926,1,300
98937,1,300
98939,1,300
98941,1,300
99007,1,300
99028,1,300
99063,1,300
99068,1,300
99127,1,300
99133,1,300
99144,1,300
99174,1,300
99182,1,300
99186,1,300
99210,1,300
99242,1,300
99259,1,300
99273,1,300
99273,1,300
99279,1,300
99285,1,300
99291,1,300
99333,1,300
99366,1,300
99390,1,300
99396,1,300
99406,1,300
99411,1,300
99442,1,300
99450,1,300
99455,1,300
99461,1,300
99519,1,300
99522,1,300
99551,1,300
99591,1,300
99592,1,300
99605,1,300
99613,1,300
99621,1,300
99670,1,300
99689,1,300
99697,1,300
99702,1,300
99703,1,300
99723,1,300
99729,1,300
99730,1,300
99754,1,300
99759,1,300
99765,1,300
99769,1,300
99814,1,300
99831,1,300
99842,1,300
99844,1,300
99845,1,300
99895,1,300
99911,1,300
99915,1,300
99934,1,300
99949,1,300
99952,1,300
100015,1,300
100016,1,300
100029,1,300
100043,1,300
100044,1,300
100064,1,300
100072,1,300
100119,1,300
100127,1,300
100136,1,300
100151,1,300
100152,1,300
100156,1,300
100173,1,300
100199,1,300
100262,1,300
100278,1,300
100283,1,300
100287,1,300
100291,1,300
100319,1,300
100325,1,300
100386,1,300
100405,1,300
100488,1,300
100493,1,300
100527,1,300
100553,1,300
100582,1,300
100590,1,300
100594,1,300
100642,1,300
100654,1,300
100666,1,300
100692,1,300
100693,1,300
100712,1,300
100742,1,300
100744,1,300
100750,1,300
100758,1,300
100796,1,300
100816,1,300
100851,1,300
100863,1,300
100920,1,300
100922,1,300
100929,1,300
100947,1,300
100970,1,300
100970,1,300
101032,1,300
101039,1,300
101072,1,300
101082,1,300
101087,1,300
101117,1,300
101124,1,300
101152,1,300
101162,1,300
101200,1,300
101215,1,300
101233,1,300
101244,1,300
101297,1,300
101304,1,300
101307,1,300
101326,1,300
101341,1,300
101345,1,300
101350,1,300
101377,1,300
101389,1,300
101396,1,300
101397,1,300
101398,1,300
101403,1,300
101433,1,300
101437,1,300
101440,1,300
101440,1,300
101442,1,300
101495,1,300
101505,1,300
101508,1,300
101540,1,300
101565,1,300
101566,1,300
101583,1,300
101595,1,300
101650,1,300
101662,1,300
101666,1,300
101675,1,300
101680,1,300
101694,1,300
101697,1,300
101711,1,300
101714,1,300
101715,1,300
101717,1,300
101722,1,300
101732,1,300
101749,1,300
101766,1,300
101769,1,300
101798,1,300
101872,1,300
101898,1,300
101916,1,300
101917,1,300
101932,1,300
101956,1,300
102004,1,300
102007,1,300
102011,1,300
102039,1,300
102053,1,300
102062,1,300
102066,1,300
102074,1,300
102098,1,300
102114,1,300
102122,1,300
102126,1,300
102129,1,300
102139,1,300
102166,1,300
102178,1,300
102191,1,300
102203,1,300
102221,1,300
102228,1,300
102231,1,300
102279,1,300
102280,1,300
102287,1,300
102292,1,300
102322,1,300
102341,1,300
102343,1,300
102351,1,300
102373,1,300
102373,1,300
102379,1,300
102440,1,300
102444,1,300
102488,1,300
102501,1,300
102505,1,300
102511,1,300
102518,1,300
102525,1,300
102540,1,300
102542,1,300
102576,1,300
102578,1,300
102589,1,300
102590,1,300
102592,1,300
102604,1,300
102619,1,300
102637,1,300
102645,1,300
102660,1,300
102697,1,300
102722,1,300
102810,1,300
102811,1,300
102820,1,300
102832,1,300
102859,1,300
102877,1,300
102888,1,300
102889,1,300
102891,1,300
102919,1,300
102920,1,300
102963,1,300
102966,1,300
103002,1,300
103076,1,300
103198,1,300
103286,1,300
103323,1,300
103331,1,300
103333,1,300
103333,1,300
103398,1,300
103406,1,300
103440,1,300
103452,1,300
103454,1,300
103464,1,300
103474,1,300
103495,1,300
103527,1,300
103560,1,300
103583,1,300
103588,1,300
103596,1,300
103596,1,300
103618,1,300
103621,1,300
103633,1,300
103639,1,300
103650,1,300
103699,1,300
103719,1,300
103741,1,300
103768,1,300
103774,1,300
103851,1,300
103856,1,300
103881,1,300
103881,1,300
103885,1,300
103912,1,300
103923,1,300
103929,1,300
103934,1,300
103951,1,300
103953,1,300
103971,1,300
104004,1,300
104020,1,300
104022,1,300
104061,1,300
104099,1,300
104116,1,300
104122,1,300
104193,1,300
104209,1,300
104212,1,300
104217,1,300
104332,1,300
104359,1,300
104365,1,300
104367,1,300
104389,1,300
104393,1,300
104395,1,300
104423,1,300
104424,1,300
104435,1,300
104437,1,300
104442,1,300
104514,1,300
104521,1,300
104540,1,300
104544,1,300
104577,1,300
104610,1,300
104622,1,300
104627,1,300
104638,1,300
104642,1,300
104650,1,300
104668,1,300
104692,1,300
104714,1,300
104740,1,300
104765,1,300
104785,1,300
104796,1,300
104806,1,300
104845,1,300
104872,1,300
104885,1,300
104895,1,300
104896,1,300
104908,1,300
105009,1,300
105018,1,300
105025,1,300
105040,1,300
105052,1,300
105056,1,300
105065,1,300
105073,1,300
105091,1,300
105095,1,300
105103,1,300
105143,1,300
105146,1,300
105152,1,300
105162,1,300
105163,1,300
105169,1,300
105175,1,300
105178,1,300
105204,1,300
105208,1,300
105240,1,300
105247,1,300
105272,1,300
105303,1,300
105338,1,300
105348,1,300
105361,1,300
105394,1,300
105400,1,300
105400,1,300
105445,1,300
105464,1,300
105472,1,300
105475,1,300
105501,1,300
105510,1,300
105521,1,300
105543,1,300
105554,1,300
105557,1,300
105569,1,300
105578,1,300
105580,1,300
105588,1,300
105628,1,300
105654,1,300
105654,1,300
105660,1,300
105667,1,300
105675,1,300
105725,1,300
105739,1,300
105782,1,300
105790,1,300
105802,1,300
105802,1,300
105839,1,300
105858,1,300
105871,1,300
105872,1,300
105878,1,300
105901,1,300
105916,1,300
105926,1,300
105933,1,300
105934,1,300
105983,1,300
105983,1,300
105988,1,300
106016,1,300
106035,1,300
106076,1,300
106086,1,300
106107,1,300
106110,1,300
106137,1,300
106138,1,300
106179,1,300
106211,1,300
106255,1,300
106290,1,300
106320,1,300
106334,1,300
106354,1,300
106414,1,300
106472,1,300
106478,1,300
106549,1,300
106553,1,300
106560,1,300
106575,1,300
106654,1,300
106663,1,300
106688,1,300
106690,1,300
106690,1,300
106729,1,300
106777,1,300
106792,1,300
106815,1,300
106855,1,300
106873,1,300
106880,1,300
106950,1,300
106953,1,300
106975,1,300
106978,1,300
106978,1,300
106980,1,300
106987,1,300
107002,1,300
107005,1,300
107017,1,300
107028,1,300
107032,1,300
107060,1,300
107071,1,300
107073,1,300
107120,1,300
107145,1,300
107190,1,300
107214,1,300
107286,1,300
107286,1,300
107296,1,300
107299,1,300
107313,1,300
107320,1,300
107321,1,300
107326,1,300
107353,1,300
107371,1,300
107400,1,300
107444,1,300
107491,1,300
107527,1,300
107569,1,300
107585,1,300
107621,1,300
107636,1,300
107638,1,300
107642,1,300
107651,1,300
107706,1,300
107708,1,300
107714,1,300
107717,1,300
107727,1,300
107734,1,300
107817,1,300
107871,1,300
107883,1,300
107888,1,300
108008,1,300
108011,1,300
108076,1,300
108134,1,300
108163,1,300
108178,1,300
108244,1,300
108278,1,300
108324,1,300
108335,1,300
108352,1,300
108376,1,300
108406,1,300
108425,1,300
108444,1,300
108447,1,300
108450,1,300
108460,1,300
108467,1,300
108489,1,300
108503,1,300
108513,1,300
108531,1,300
108553,1,300
108620,1,300
108629,1,300
108649,1,300
108660,1,300
108663,1,300
108663,1,300
108685,1,300
108693,1,300
108720,1,300
108722,1,300
108727,1,300
108731,1,300
108732,1,300
108754,1,300
108785,1,300
108802,1,300
108820,1,300
108846,1,300
108857,1,300
108866,1,300
108915,1,300
108949,1,300
108952,1,300
109007,1,300
109051,1,300
109070,1,300
109073,1,300
109115,1,300
109128,1,300
109130,1,300
109130,1,300
109172,1,300
109212,1,300
109216,1,300
109219,1,300
109279,1,300
109298,1,300
109335,1,300
109340,1,300
109352,1,300
109358,1,300
109372,1,300
109418,1,300
109431,1,300
109438,1,300
109449,1,300
109464,1,300
109470,1,300
109484,1,300
109484,1,300
109490,1,300
109506,1,300
109520,1,300
109525,1,300
109525,1,300
109627,1,300
109636,1,300
109679,1,300
109704,1,300
109713,1,300
109721,1,300
109729,1,300
109787,1,300
109853,1,300
109857,1,300
109917,1,300
109924,1,300
109946,1,300
109963,1,300
110022,1,300
110093,1,300
110107,1,300
110117,1,300
110154,1,300
110186,1,300
110191,1,300
110192,1,300
110236,1,300
110240,1,300
110266,1,300
110278,1,300
110290,1,300
110323,1,300
110335,1,300
110337,1,300
110340,1,300
110347,1,300
110361,1,300
110456,1,300
110472,1,300
110473,1,300
110478,1,300
110499,1,300
110501,1,300
110518,1,300
110519,1,300
110538,1,300
110575,1,300
110624,1,300
110683,1,300
110707,1,300
110723,1,300
110723,1,300
110731,1,300
110757,1,300
110767,1,300
110769,1,300
110790,1,300
110796,1,300
110806,1,300
110840,1,300
110844,1,300
110850,1,300
111042,1,300
111045,1,300
111098,1,300
111111,1,300
111128,1,300
111136,1,300
111151,1,300
111162,1,300
111169,1,300
111173,1,300
111176,1,300
111193,1,300
111229,1,300
111241,1,300
111252,1,300
111320,1,300
111321,1,300
111321,1,300
111340,1,300
111396,1,300
111425,1,300
111459,1,300
111512,1,300
111514,1,300
111522,1,300
111543,1,300
111543,1,300
111544,1,300
111546,1,300
111579,1,300
111596,1,300
111607,1,300
111619,1,300
111637,1,300
111651,1,300
111692,1,300
111699,1,300
111713,1,300
111721,1,300
111727,1,300
111764,1,300
111797,1,300
111836,1,300
111877,1,300
111891,1,300
111893,1,300
111913,1,300
111918,1,300
111948,1,300
112004,1,300
112051,1,300
112052,1,300
112073,1,300
112130,1,300
112165,1,300
112218,1,300
112233,1,300
112255,1,300
112261,1,300
112285,1,300
112328,1,300
112331,1,300
112336,1,300
112352,1,300
112360,1,300
112366,1,300
112373,1,300
112376,1,300
112431,1,300
112438,1,300
112506,1,300
112511,1,300
112550,1,300
112553,1,300
112560,1,300
112564,1,300
112610,1,300
112624,1,300
112645,1,300
112723,1,300
112738,1,300
112749,1,300
112848,1,300
112859,1,300
112963,1,300
112967,1,300
112976,1,300
113025,1,300
113041,1,300
113071,1,300
113092,1,300
113109,1,300
113166,1,300
113197,1,300
113206,1,300
113219,1,300
113330,1,300
113368,1,300
113380,1,300
113389,1,300
113421,1,300
113439,1,300
113453,1,300
113479,1,300
113487,1,300
113500,1,300
113520,1,300
113562,1,300
113570,1,300
113592,1,300
113601,1,300
113608,1,300
113621,1,300
113673,1,300
113675,1,300
113693,1,300
113706,1,300
113740,1,300
113740,1,300
113749,1,300
113769,1,300
113777,1,300
113777,1,300
113807,1,300
113815,1,300
113864,1,300
113870,1,300
113916,1,300
113930,1,300
113938,1,300
114033,1,300
114042,1,300
114075,1,300
114099,1,300
114112,1,300
114138,1,300
114176,1,300
114187,1,300
114216,1,300
114227,1,300
114237,1,300
114238,1,300
114239,1,300
114256,1,300
114318,1,300
114330,1,300
114361,1,300
114396,1,300
114478,1,300
114485,1,300
114485,1,300
114491,1,300
114523,1,300
114536,1,300
114569,1,300
114694,1,300
114713,1,300
114775,1,300
114790,1,300
114834,1,300
114907,1,300
114914,1,300
114960,1,300
114976,1,300
115008,1,300
115015,1,300
115038,1,300
115041,1,300
115054,1,300
115058,1,300
115081,1,300
115115,1,300
115208,1,300
115237,1,300
115243,1,300
115301,1,300
115302,1,300
115314,1,300
115318,1,300
115339,1,300
115349,1,300
115397,1,300
115408,1,300
115421,1,300
115424,1,300
115426,1,300
115435,1,300
115457,1,300
115468,1,300
115525,1,300
115538,1,300
115605,1,300
115619,1,300
115672,1,300
115720,1,300
115772,1,300
115774,1,300
115779,1,300
115779,1,300
115780,1,300
115803,1,300
115829,1,300
115891,1,300
115893,1,300
115907,1,300
115911,1,300
115925,1,300
116038,1,300
116068,1,300
116090,1,300
116135,1,300
116163,1,300
116193,1,300
116202,1,300
116242,1,300
116260,1,300
116260,1,300
116264,1,300
116288,1,300
116303,1,300
116308,1,300
116314,1,300
116388,1,300
116415,1,300
116435,1,300
116459,1,300
116494,1,300
116508,1,300
116535,1,300
116568,1,300
116606,1,300
116627,1,300
116638,1,300
116642,1,300
116658,1,300
116679,1,300
116685,1,300
116711,1,300
116736,1,300
116740,1,300
116752,1,300
116781,1,300
116821,1,300
116829,1,300
116840,1,300
116848,1,300
116872,1,300
116878,1,300
116899,1,300
116911,1,300
116938,1,300
116949,1,300
116961,1,300
117000,1,300
117024,1,300
117064,1,300
117091,1,300
117107,1,300
117116,1,300
117166,1,300
117192,1,300
117236,1,300
117246,1,300
117340,1,300
117376,1,300
117385,1,300
117401,1,300
117438,1,300
117439,1,300
117445,1,300
117462,1,300
117469,1,300
117473,1,300
117491,1,300
117510,1,300
117527,1,300
117527,1,300
117530,1,300
117531,1,300
117533,1,300
117540,1,300
117565,1,300
117620,1,300
117631,1,300
117633,1,300
117635,1,300
117640,1,300
117662,1,300
117663,1,300
117689,1,300
117713,1,300
117718,1,300
117777,1,300
117814,1,300
117822,1,300
117833,1,300
117848,1,300
117864,1,300
117875,1,300
117880,1,300
117892,1,300
117910,1,300
117967,1,300
117969,1,300
117978,1,300
117991,1,300
118001,1,300
118019,1,300
118032,1,300
118079,1,300
118114,1,300
118164,1,300
118203,1,300
118207,1,300
118218,1,300
118271,1,300
118293,1,300
118324,1,300
118347,1,300
118351,1,300
118377,1,300
118409,1,300
118434,1,300
118446,1,300
118494,1,300
118504,1,300
118527,1,300
118557,1,300
118578,1,300
118664,1,300
118675,1,300
118685,1,300
118718,1,300
118731,1,300
118752,1,300
118755,1,300
118763,1,300
118766,1,300
118777,1,300
118777,1,300
118795,1,300
118806,1,300
118814,1,300
118868,1,300
118874,1,300
118874,1,300
118899,1,300
119067,1,300
119118,1,300
119134,1,300
119155,1,300
119171,1,300
119240,1,300
119274,1,300
119310,1,300
119316,1,300
119349,1,300
119411,1,300
119428,1,300
119452,1,300
119458,1,300
119506,1,300
119521,1,300
119531,1,300
119547,1,300
119608,1,300
119705,1,300
119721,1,300
119770,1,300
119788,1,300
119811,1,300
119837,1,300
119848,1,300
119906,1,300
119915,1,300
119985,1,300
120017,1,300
120119,1,300
120153,1,300
120158,1,300
120168,1,300
120175,1,300
120221,1,300
120236,1,300
120275,1,300
120350,1,300
120384,1,300
120398,1,300
120402,1,300
120418,1,300
120467,1,300
120512,1,300
120631,1,300
120795,1,300
120800,1,300
120845,1,300
120872,1,300
120920,1,300
120933,1,300
120992,1,300
121015,1,300
121031,1,300
121040,1,300
121042,1,300
121057,1,300
121085,1,300
121090,1,300
121177,1,300
121224,1,300
121342,1,300
121367,1,300
121416,1,300
121479,1,300
121497,1,300
121516,1,300
121545,1,300
121562,1,300
121586,1,300
121595,1,300
121601,1,300
121631,1,300
121668,1,300
121689,1,300
121903,1,300
121905,1,300
121923,1,300
121949,1,300
121966,1,300
122051,1,300
122060,1,300
122099,1,300
122130,1,300
122153,1,300
122167,1,300
122167,1,300
122224,1,300
122242,1,300
122259,1,300
122292,1,300
122307,1,300
122382,1,300
122384,1,300
122388,1,300
122409,1,300
122409,1,300
122454,1,300
122491,1,300
122497,1,300
122506,1,300
122512,1,300
122548,1,300
122550,1,300
122563,1,300
122579,1,300
122611,1,300
122618,1,300
122679,1,300
122688,1,300
122739,1,300
122747,1,300
122809,1,300
122818,1,300
122896,1,300
122908,1,300
123082,1,300
123086,1,300
123129,1,300
123182,1,300
123194,1,300
123210,1,300
123284,1,300
123399,1,300
123560,1,300
123758,1,300
123760,1,300
123788,1,300
123900,1,300
123909,1,300
123938,1,300
123952,1,300
123960,1,300
123964,1,300
124071,1,300
124127,1,300
124127,1,300
124133,1,300
124251,1,300
124277,1,300
124283,1,300
124333,1,300
124348,1,300
124361,1,300
124419,1,300
124425,1,300
124463,1,300
124480,1,300
124564,1,300
124571,1,300
124601,1,300
124621,1,300
124630,1,300
124657,1,300
124737,1,300
124741,1,300
124761,1,300
124833,1,300
124849,1,300
124853,1,300
124872,1,300
125075,1,300
125076,1,300
125169,1,300
125208,1,300
125238,1,300
125263,1,300
125281,1,300
125297,1,300
125342,1,300
125471,1,300
125485,1,300
125516,1,300
125590,1,300
125633,1,300
125665,1,300
125705,1,300
125772,1,300
125793,1,300
125832,1,300
125898,1,300
125919,1,300
125934,1,300
125973,1,300
125974,1,300
126027,1,300
126079,1,300
126279,1,300
126325,1,300
126336,1,300
126344,1,300
126354,1,300
126432,1,300
126545,1,300
126594,1,300
126646,1,300
126772,1,300
126787,1,300
126819,1,300
126821,1,300
126924,1,300
126983,1,300
127020,1,300
127034,1,300
127140,1,300
127155,1,300
127220,1,300
127241,1,300
127260,1,300
127279,1,300
127313,1,300
127329,1,300
127426,1,300
127450,1,300
127472,1,300
127475,1,300
127499,1,300
127514,1,300
127570,1,300
127629,1,300
127656,1,300
127687,1,300
127707,1,300
127769,1,300
127780,1,300
127791,1,300
127813,1,300
127873,1,300
127901,1,300
127942,1,300
128285,1,300
128299,1,300
128367,1,300
128379,1,300
128388,1,300
128416,1,300
128490,1,300
128543,1,300
128569,1,300
128616,1,300
128698,1,300
128849,1,300
128876,1,300
128887,1,300
128910,1,300
128917,1,300
128942,1,300
128964,1,300
129013,1,300
129018,1,300
129059,1,300
129074,1,300
129109,1,300
129154,1,300
129166,1,300
129186,1,300
129210,1,300
129219,1,300
129278,1,300
129324,1,300
129345,1,300
129410,1,300
129426,1,300
129467,1,300
129596,1,300
129622,1,300
129634,1,300
129761,1,300
129784,1,300
129826,1,300
129868,1,300
129891,1,300
129902,1,300
129970,1,300
130003,1,300
130017,1,300
130018,1,300
130027,1,300
130037,1,300
130040,1,300
130058,1,300
130075,1,300
130124,1,300
130156,1,300
130165,1,300
130215,1,300
130265,1,300
130353,1,300
130489,1,300
130656,1,300
130928,1,300
130986,1,300
131001,1,300
131018,1,300
131018,1,300
131060,1,300
131062,1,300
131112,1,300
131228,1,300
131241,1,300
131248,1,300
131253,1,300
131298,1,300
131370,1,300
131376,1,300
131496,1,300
131505,1,300
131521,1,300
131535,1,300
131543,1,300
131587,1,300
131622,1,300
131629,1,300
131690,1,300
131724,1,300
131729,1,300
131756,1,300
131759,1,300
131780,1,300
131836,1,300
131903,1,300
131909,1,300
132112,1,300
132129,1,300
132151,1,300
132166,1,300
132252,1,300
132287,1,300
132410,1,300
132522,1,300
132529,1,300
132555,1,300
132601,1,300
132657,1,300
132670,1,300
132694,1,300
132703,1,300
132754,1,300
132835,1,300
132865,1,300
132927,1,300
132946,1,300
133039,1,300
133148,1,300
133186,1,300
133288,1,300
133382,1,300
133667,1,300
133718,1,300
133728,1,300
133766,1,300
133806,1,300
133848,1,300
133917,1,300
133919,1,300
134014,1,300
134059,1,300
134127,1,300
134261,1,300
134338,1,300
134409,1,300
134509,1,300
134611,1,300
134632,1,300
134697,1,300
134707,1,300
134720,1,300
134756,1,300
134800,1,300
134891,1,300
134933,1,300
134943,1,300
134960,1,300
135136,1,300
135212,1,300
135293,1,300
135410,1,300
135580,1,300
135742,1,300
135810,1,300
135820,1,300
136070,1,300
136070,1,300
136084,1,300
136123,1,300
136191,1,300
136209,1,300
136353,1,300
136457,1,300
136511,1,300
136520,1,300
136553,1,300
136585,1,300
136628,1,300
136661,1,300
136735,1,300
136745,1,300
136749,1,300
136865,1,300
136925,1,300
136938,1,300
137019,1,300
137069,1,300
137070,1,300
137234,1,300
137331,1,300
137353,1,300
137361,1,300
137462,1,300
137572,1,300
137579,1,300
137617,1,300
137619,1,300
137639,1,300
137661,1,300
137751,1,300
137810,1,300
138073,1,300
138087,1,300
138185,1,300
138294,1,300
138391,1,300
138470,1,300
138495,1,300
138588,1,300
138643,1,300
138652,1,300
138746,1,300
138755,1,300
138913,1,300
138955,1,300
138956,1,300
138996,1,300
138998,1,300
139049,1,300
139097,1,300
139126,1,300
139176,1,300
139320,1,300
139325,1,300
139354,1,300
139358,1,300
139412,1,300
139416,1,300
139502,1,300
139554,1,300
139704,1,300
139737,1,300
139803,1,300
139874,1,300
139888,1,300
140053,1,300
140089,1,300
140119,1,300
140144,1,300
140225,1,300
140461,1,300
140533,1,300
140570,1,300
140652,1,300
140680,1,300
140683,1,300
140756,1,300
140863,1,300
140906,1,300
140938,1,300
140965,1,300
141074,1,300
141084,1,300
141132,1,300
141170,1,300
141198,1,300
141239,1,300
141282,1,300
141356,1,300
141387,1,300
141410,1,300
141423,1,300
141437,1,300
141451,1,300
141514,1,300
141543,1,300
141548,1,300
141565,1,300
141600,1,300
141776,1,300
141780,1,300
141881,1,300
141906,1,300
142011,1,300
142250,1,300
142292,1,300
142380,1,300
142398,1,300
142403,1,300
142485,1,300
142528,1,300
142549,1,300
142846,1,300
142847,1,300
142897,1,300
142921,1,300
143067,1,300
143114,1,300
143144,1,300
143247,1,300
143317,1,300
143542,1,300
143633,1,300
143633,1,300
143639,1,300
143680,1,300
143847,1,300
143925,1,300
144027,1,300
144039,1,300
144164,1,300
144370,1,300
144625,1,300
144808,1,300
145023,1,300
145245,1,300
145286,1,300
145442,1,300
145460,1,300
145520,1,300
145528,1,300
145558,1,300
145565,1,300
145647,1,300
145774,1,300
146068,1,300
146103,1,300
146245,1,300
146259,1,300
146481,1,300
146556,1,300
146692,1,300
146990,1,300
147014,1,300
147088,1,300
147210,1,300
147244,1,300
147258,1,300
147279,1,300
147303,1,300
147360,1,300
147388,1,300
147562,1,300
147579,1,300
147711,1,300
147744,1,300
147835,1,300
147843,1,300
147856,1,300
148051,1,300
148109,1,300
148122,1,300
148238,1,300
148353,1,300
148420,1,300
148449,1,300
148505,1,300
148559,1,300
148713,1,300
148746,1,300
148811,1,300
149172,1,300
149564,1,300
149587,1,300
149656,1,300
149666,1,300
149673,1,300
149727,1,300
149897,1,300
150132,1,300
150221,1,300
150409,1,300
150517,1,300
150518,1,300
150547,1,300
150593,1,300
150602,1,300
150604,1,300
150765,1,300
151045,1,300
151048,1,300
151146,1,300
151155,1,300
151291,1,300
151337,1,300
151402,1,300
151455,1,300
151464,1,300
151585,1,300
151720,1,300
151735,1,300
151735,1,300
151780,1,300
152022,1,300
152219,1,300
152600,1,300
152702,1,300
153017,1,300
153033,1,300
153158,1,300
153173,1,300
153188,1,300
153288,1,300
153300,1,300
153315,1,300
153328,1,300
153346,1,300
153385,1,300
153455,1,300
153486,1,300
153542,1,300
153562,1,300
153596,1,300
153710,1,300
153743,1,300
153880,1,300
153888,1,300
153894,1,300
153903,1,300
153954,1,300
154028,1,300
154145,1,300
154228,1,300
154421,1,300
154429,1,300
154582,1,300
154764,1,300
154768,1,300
154776,1,300
154826,1,300
155212,1,300
155258,1,300
155349,1,300
155424,1,300
155437,1,300
155773,1,300
156053,1,300
156057,1,300
156240,1,300
156323,1,300
156352,1,300
156755,1,300
156906,1,300
156999,1,300
157002,1,300
157579,1,300
157614,1,300
157618,1,300
157623,1,300
157787,1,300
158347,1,300
158393,1,300
158442,1,300
158784,1,300
158857,1,300
158932,1,300
159024,1,300
159041,1,300
159127,1,300
159177,1,300
159196,1,300
159319,1,300
159362,1,300
159416,1,300
159482,1,300
159524,1,300
159557,1,300
160216,1,300
160259,1,300
160286,1,300
160379,1,300
160414,1,300
160497,1,300
160519,1,300
160704,1,300
160779,1,300
160840,1,300
160885,1,300
160931,1,300
161097,1,300
161387,1,300
161465,1,300
161813,1,300
162020,1,300
162088,1,300
162172,1,300
162233,1,300
162560,1,300
162657,1,300
163139,1,300
163204,1,300
163324,1,300
163402,1,300
163451,1,300
163604,1,300
164079,1,300
164196,1,300
164293,1,300
164581,1,300
164854,1,300
165006,1,300
165007,1,300
165035,1,300
165047,1,300
165173,1,300
165245,1,300
165249,1,300
165367,1,300
165372,1,300
165384,1,300
165405,1,300
165423,1,300
165433,1,300
165523,1,300
165556,1,300
165699,1,300
165714,1,300
165744,1,300
165782,1,300
165833,1,300
165872,1,300
165900,1,300
165919,1,300
166102,1,300
166128,1,300
166235,1,300
166308,1,300
166327,1,300
166594,1,300
166609,1,300
166680,1,300
166829,1,300
166830,1,300
166866,1,300
166884,1,300
166947,1,300
167143,1,300
167163,1,300
167171,1,300
167256,1,300
167306,1,300
167337,1,300
167618,1,300
167947,1,300
168178,1,300
168291,1,300
168309,1,300
168372,1,300
168388,1,300
168419,1,300
168430,1,300
168455,1,300
168456,1,300
168493,1,300
168522,1,300
168550,1,300
168558,1,300
168573,1,300
168684,1,300
168845,1,300
168922,1,300
169504,1,300
170060,1,300
170095,1,300
170108,1,300
170294,1,300
170328,1,300
170361,1,300
170396,1,300
170534,1,300
170585,1,300
170782,1,300
170837,1,300
170860,1,300
170869,1,300
170987,1,300
171027,1,300
171388,1,300
171390,1,300
171427,1,300
171461,1,300
171502,1,300
171503,1,300
171512,1,300
171541,1,300
171653,1,300
171738,1,300
171931,1,300
172197,1,300
172280,1,300
172304,1,300
172415,1,300
172577,1,300
172821,1,300
172878,1,300
172966,1,300
172999,1,300
173010,1,300
173047,1,300
173079,1,300
173191,1,300
173303,1,300
173499,1,300
173559,1,300
173620,1,300
173656,1,300
174173,1,300
174294,1,300
174727,1,300
174867,1,300
174897,1,300
174989,1,300
175123,1,300
175382,1,300
175505,1,300
175682,1,300
176044,1,300
176106,1,300
176351,1,300
176811,1,300
176929,1,300
176942,1,300
177098,1,300
177109,1,300
177112,1,300
177121,1,300
177143,1,300
177171,1,300
177187,1,300
177217,1,300
177247,1,300
177340,1,300
177353,1,300
177354,1,300
177370,1,300
177464,1,300
177525,1,300
177525,1,300
177599,1,300
177683,1,300
177689,1,300
177697,1,300
177699,1,300
177758,1,300
177822,1,300
177843,1,300
177895,1,300
177918,1,300
177931,1,300
177933,1,300
177963,1,300
178050,1,300
178106,1,300
178112,1,300
178146,1,300
178202,1,300
178260,1,300
178389,1,300
178740,1,300
178822,1,300
178870,1,300
178875,1,300
179025,1,300
179070,1,300
179128,1,300
179218,1,300
179262,1,300
179297,1,300
179355,1,300
179467,1,300
179499,1,300
179523,1,300
179801,1,300
179810,1,300
179835,1,300
180132,1,300
180467,1,300
180793,1,300
180877,1,300
180883,1,300
181068,1,300
182009,1,300
182023,1,300
182024,1,300
182037,1,300
182086,1,300
182213,1,300
182412,1,300
182523,1,300
182608,1,300
182836,1,300
183036,1,300
183252,1,300
183284,1,300
183329,1,300
183426,1,300
183489,1,300
183660,1,300
183661,1,300
183910,1,300
183961,1,300
184020,1,300
184031,1,300
184059,1,300
184078,1,300
184105,1,300
184108,1,300
184199,1,300
184222,1,300
184246,1,300
184248,1,300
184361,1,300
184384,1,300
184474,1,300
184555,1,300
184582,1,300
184726,1,300
184781,1,300
184795,1,300
184873,1,300
185003,1,300
185106,1,300
185218,1,300
185232,1,300
185267,1,300
185401,1,300
185413,1,300
185424,1,300
185581,1,300
185874,1,300
186049,1,300
186264,1,300
186698,1,300
186910,1,300
186953,1,300
187066,1,300
187138,1,300
187141,1,300
187172,1,300
187309,1,300
187363,1,300
187465,1,300
187465,1,300
187583,1,300
187640,1,300
188047,1,300
188160,1,300
188227,1,300
188333,1,300
188664,1,300
188689,1,300
188920,1,300
189028,1,300
189029,1,300
189052,1,300
189080,1,300
189094,1,300
189146,1,300
189170,1,300
189194,1,300
189202,1,300
189239,1,300
189260,1,300
189353,1,300
189365,1,300
189423,1,300
189483,1,300
189513,1,300
189572,1,300
189697,1,300
189712,1,300
189723,1,300
189727,1,300
189758,1,300
189831,1,300
189972,1,300
189975,1,300
190042,1,300
190182,1,300
190244,1,300
190318,1,300
190418,1,300
190533,1,300
190647,1,300
190709,1,300
190806,1,300
190820,1,300
191165,1,300
191725,1,300
191776,1,300
191867,1,300
191885,1,300
192003,1,300
192054,1,300
192054,1,300
192270,1,300
192383,1,300
192456,1,300
192571,1,300
192595,1,300
193259,1,300
193289,1,300
193299,1,300
193308,1,300
193312,1,300
193315,1,300
193328,1,300
193493,1,300
193549,1,300
193607,1,300
193843,1,300
193844,1,300
194043,1,300
194143,1,300
194208,1,300
194526,1,300
194534,1,300
194545,1,300
194618,1,300
194894,1,300
195071,1,300
195133,1,300
195165,1,300
195215,1,300
195917,1,300
195953,1,300
195961,1,300
196004,1,300
196015,1,300
196015,1,300
196132,1,300
196241,1,300
196299,1,300
196457,1,300
196544,1,300
196898,1,300
197015,1,300
197140,1,300
197437,1,300
197684,1,300
197699,1,300
198198,1,300
198320,1,300
198555,1,300
198599,1,300
198898,1,300
198972,1,300
199057,1,300
199125,1,300
199176,1,300
199419,1,300
199422,1,300
199611,1,300
199706,1,300
199774,1,300
199812,1,300
200137,1,300
200465,1,300
200666,1,300
200692,1,300
200842,1,300
201073,1,300
201085,1,300
201100,1,300
201111,1,300
201144,1,300
201209,1,300
201211,1,300
201231,1,300
201241,1,300
201453,1,300
201479,1,300
201483,1,300
201510,1,300
201519,1,300
201550,1,300
201569,1,300
201613,1,300
201777,1,300
201792,1,300
201858,1,300
201894,1,300
201946,1,300
202015,1,300
202057,1,300
202131,1,300
202169,1,300
202260,1,300
202347,1,300
202357,1,300
202466,1,300
202506,1,300
202643,1,300
202775,1,300
203070,1,300
203248,1,300
203380,1,300
203483,1,300
203604,1,300
203735,1,300
203820,1,300
204413,1,300
204543,1,300
204572,1,300
204663,1,300
204699,1,300
204776,1,300
204850,1,300
204878,1,300
204895,1,300
205191,1,300
205386,1,300
205444,1,300
205701,1,300
205873,1,300
205989,1,300
206063,1,300
206251,1,300
206355,1,300
206516,1,300
206626,1,300
206691,1,300
206708,1,300
206819,1,300
206865,1,300
206891,1,300
206901,1,300
207093,1,300
207098,1,300
207291,1,300
207352,1,300
207536,1,300
207547,1,300
207615,1,300
207615,1,300
207735,1,300
208051,1,300
208149,1,300
208399,1,300
208500,1,300
208610,1,300
208693,1,300
208757,1,300
208971,1,300
208986,1,300
209073,1,300
209202,1,300
209435,1,300
209501,1,300
209627,1,300
209651,1,300
209725,1,300
210155,1,300
210188,1,300
210235,1,300
210875,1,300
211003,1,300
211022,1,300
211057,1,300
211212,1,300
211233,1,300
211242,1,300
211292,1,300
211298,1,300
211437,1,300
211698,1,300
211721,1,300
211849,1,300
212047,1,300
212226,1,300
212243,1,300
212428,1,300
212479,1,300
212563,1,300
212602,1,300
212672,1,300
212701,1,300
212764,1,300
213005,1,300
213022,1,300
213028,1,300
213092,1,300
213129,1,300
213298,1,300
213300,1,300
213391,1,300
213408,1,300
213437,1,300
213460,1,300
213463,1,300
213497,1,300
213510,1,300
213520,1,300
213547,1,300
213590,1,300
213595,1,300
213607,1,300
213677,1,300
213682,1,300
213734,1,300
213748,1,300
213778,1,300
213803,1,300
213812,1,300
213830,1,300
213887,1,300
213900,1,300
213948,1,300
214020,1,300
214074,1,300
214085,1,300
214112,1,300
214189,1,300
214197,1,300
214199,1,300
214299,1,300
214304,1,300
214307,1,300
214401,1,300
214461,1,300
214570,1,300
214697,1,300
214734,1,300
214760,1,300
214778,1,300
214806,1,300
214880,1,300
214951,1,300
215009,1,300
215051,1,300
215211,1,300
215322,1,300
215324,1,300
215374,1,300
215470,1,300
215611,1,300
215622,1,300
215669,1,300
215731,1,300
215756,1,300
215759,1,300
215770,1,300
215793,1,300
215808,1,300
215824,1,300
215945,1,300
215948,1,300
216073,1,300
216074,1,300
216222,1,300
216309,1,300
216455,1,300
216459,1,300
216565,1,300
216714,1,300
216718,1,300
216863,1,300
217045,1,300
217250,1,300
217288,1,300
217315,1,300
217333,1,300
217353,1,300
217379,1,300
217476,1,300
217597,1,300
217709,1,300
217740,1,300
217823,1,300
217858,1,300
217892,1,300
217953,1,300
218005,1,300
218032,1,300
218150,1,300
218150,1,300
218318,1,300
218338,1,300
218345,1,300
218405,1,300
218441,1,300
218559,1,300
218624,1,300
218651,1,300
218672,1,300
218719,1,300
218720,1,300
218723,1,300
218864,1,300
218961,1,300
219012,1,300
219054,1,300
219106,1,300
219231,1,300
219537,1,300
219539,1,300
219595,1,300
219612,1,300
219617,1,300
219842,1,300
219887,1,300
219969,1,300
220024,1,300
220122,1,300
220142,1,300
220261,1,300
220339,1,300
220466,1,300
220470,1,300
220734,1,300
220761,1,300
220874,1,300
221068,1,300
221095,1,300
221329,1,300
221393,1,300
221401,1,300
221421,1,300
221472,1,300
221549,1,300
221591,1,300
221692,1,300
221727,1,300
221736,1,300
221776,1,300
222203,1,300
222223,1,300
222369,1,300
222511,1,300
222544,1,300
222565,1,300
222595,1,300
222605,1,300
222653,1,300
222784,1,300
222903,1,300
223055,1,300
223070,1,300
223076,1,300
223087,1,300
223138,1,300
223261,1,300
223351,1,300
223424,1,300
223691,1,300
223778,1,300
223816,1,300
223906,1,300
223920,1,300
224037,1,300
224058,1,300
224316,1,300
224329,1,300
224380,1,300
224487,1,300
224532,1,300
224870,1,300
224914,1,300
225003,1,300
225009,1,300
225079,1,300
225120,1,300
225143,1,300
225163,1,300
225167,1,300
225206,1,300
225220,1,300
225235,1,300
225244,1,300
225306,1,300
225330,1,300
225349,1,300
225365,1,300
225370,1,300
225397,1,300
225437,1,300
225441,1,300
225478,1,300
225495,1,300
225497,1,300
225529,1,300
225547,1,300
225590,1,300
225615,1,300
225626,1,300
225654,1,300
225671,1,300
225682,1,300
225683,1,300
225689,1,300
225689,1,300
225694,1,300
225695,1,300
225713,1,300
225748,1,300
225759,1,300
225782,1,300
225843,1,300
225879,1,300
226028,1,300
226066,1,300
226084,1,300
226102,1,300
226132,1,300
226136,1,300
226147,1,300
226194,1,300
226223,1,300
226275,1,300
226295,1,300
226296,1,300
226331,1,300
226373,1,300
226427,1,300
226480,1,300
226530,1,300
226586,1,300
226637,1,300
226703,1,300
226707,1,300
226752,1,300
226752,1,300
226805,1,300
226914,1,300
226942,1,300
226958,1,300
227000,1,300
227016,1,300
227018,1,300
227173,1,300
227265,1,300
227390,1,300
227396,1,300
227407,1,300
227459,1,300
227486,1,300
227498,1,300
227591,1,300
227610,1,300
227634,1,300
227655,1,300
227714,1,300
227766,1,300
227778,1,300
227787,1,300
227881,1,300
227916,1,300
227921,1,300
228083,1,300
228087,1,300
228134,1,300
228143,1,300
228232,1,300
228278,1,300
228290,1,300
228345,1,300
228349,1,300
228384,1,300
228410,1,300
228424,1,300
228432,1,300
228477,1,300
228479,1,300
228542,1,300
228582,1,300
228593,1,300
228736,1,300
228791,1,300
228854,1,300
228880,1,300
228942,1,300
228967,1,300
228969,1,300
229035,1,300
229036,1,300
229054,1,300
229105,1,300
229167,1,300
229211,1,300
229229,1,300
229234,1,300
229272,1,300
229417,1,300
229441,1,300
229460,1,300
229542,1,300
229588,1,300
229597,1,300
229623,1,300
229677,1,300
229897,1,300
229926,1,300
229972,1,300
230028,1,300
230101,1,300
230108,1,300
230153,1,300
230190,1,300
230206,1,300
230233,1,300
230309,1,300
230362,1,300
230380,1,300
230476,1,300
230548,1,300
230591,1,300
230648,1,300
230651,1,300
230723,1,300
230742,1,300
230759,1,300
230771,1,300
230814,1,300
230866,1,300
231017,1,300
231073,1,300
231181,1,300
231238,1,300
231256,1,300
231307,1,300
231308,1,300
231330,1,300
231350,1,300
231419,1,300
231437,1,300
231543,1,300
231569,1,300
231596,1,300
231646,1,300
231649,1,300
231698,1,300
231746,1,300
231775,1,300
231787,1,300
231911,1,300
232025,1,300
232126,1,300
232198,1,300
232220,1,300
232228,1,300
232302,1,300
232330,1,300
232373,1,300
232396,1,300
232419,1,300
232487,1,300
232597,1,300
232600,1,300
232638,1,300
232657,1,300
232667,1,300
232688,1,300
232714,1,300
232752,1,300
232758,1,300
232786,1,300
232813,1,300
232856,1,300
233015,1,300
233022,1,300
233033,1,300
233080,1,300
233088,1,300
233210,1,300
233261,1,300
233370,1,300
233448,1,300
233459,1,300
233526,1,300
233543,1,300
233571,1,300
233631,1,300
233872,1,300
233911,1,300
233963,1,300
233981,1,300
234001,1,300
234023,1,300
234159,1,300
234161,1,300
234196,1,300
234247,1,300
234261,1,300
234312,1,300
234314,1,300
234317,1,300
234317,1,300
234611,1,300
234762,1,300
234771,1,300
234785,1,300
234910,1,300
234944,1,300
235014,1,300
235099,1,300
235137,1,300
235148,1,300
235250,1,300
235291,1,300
235292,1,300
235396,1,300
235430,1,300
235459,1,300
235490,1,300
235498,1,300
235565,1,300
235622,1,300
235644,1,300
235676,1,300
235739,1,300
235749,1,300
235961,1,300
236092,1,300
236102,1,300
236220,1,300
236303,1,300
236356,1,300
236488,1,300
236541,1,300
236577,1,300
236597,1,300
236722,1,300
236751,1,300
236771,1,300
236772,1,300
236793,1,300
236840,1,300
236847,1,300
236859,1,300
236940,1,300
236976,1,300
236984,1,300
236996,1,300
237011,1,300
237019,1,300
237025,1,300
237027,1,300
237039,1,300
237062,1,300
237084,1,300
237095,1,300
237114,1,300
237138,1,300
237169,1,300
237274,1,300
237286,1,300
237294,1,300
237332,1,300
237333,1,300
237333,1,300
237339,1,300
237342,1,300
237358,1,300
237381,1,300
237456,1,300
237457,1,300
237470,1,300
237477,1,300
237562,1,300
237585,1,300
237589,1,300
237591,1,300
237626,1,300
237636,1,300
237673,1,300
237750,1,300
237787,1,300
237841,1,300
237848,1,300
237869,1,300
237907,1,300
237908,1,300
237922,1,300
237936,1,300
237973,1,300
237977,1,300
237978,1,300
238050,1,300
238060,1,300
238069,1,300
238148,1,300
238228,1,300
238252,1,300
238288,1,300
238350,1,300
238425,1,300
238434,1,300
238441,1,300
238461,1,300
238470,1,300
238538,1,300
238543,1,300
238549,1,300
238569,1,300
238694,1,300
238765,1,300
238767,1,300
238790,1,300
238804,1,300
238862,1,300
238870,1,300
238887,1,300
238897,1,300
238898,1,300
238922,1,300
238932,1,300
239015,1,300
239187,1,300
239201,1,300
239242,1,300
239247,1,300
239258,1,300
239265,1,300
239383,1,300
239417,1,300
239427,1,300
239453,1,300
239462,1,300
239617,1,300
239678,1,300
239752,1,300
239785,1,300
239799,1,300
239815,1,300
240017,1,300
240037,1,300
240044,1,300
240177,1,300
240249,1,300
240272,1,300
240349,1,300
240390,1,300
240418,1,300
240429,1,300
240515,1,300
240581,1,300
240676,1,300
240710,1,300
240787,1,300
240812,1,300
240857,1,300
240880,1,300
240889,1,300
240937,1,300
241003,1,300
241043,1,300
241056,1,300
241094,1,300
241098,1,300
241143,1,300
241181,1,300
241223,1,300
241388,1,300
241435,1,300
241495,1,300
241542,1,300
241587,1,300
241614,1,300
241618,1,300
241627,1,300
241675,1,300
241743,1,300
241841,1,300
241871,1,300
241914,1,300
242051,1,300
242280,1,300
242282,1,300
242284,1,300
242317,1,300
242321,1,300
242341,1,300
242347,1,300
242408,1,300
242432,1,300
242459,1,300
242518,1,300
242616,1,300
242668,1,300
242716,1,300
242721,1,300
242794,1,300
242808,1,300
242808,1,300
242813,1,300
242832,1,300
242838,1,300
242843,1,300
242968,1,300
242974,1,300
242993,1,300
243031,1,300
243032,1,300
243054,1,300
243139,1,300
243141,1,300
243166,1,300
243343,1,300
243378,1,300
243410,1,300
243438,1,300
243492,1,300
243493,1,300
243541,1,300
243629,1,300
243642,1,300
243650,1,300
243705,1,300
243719,1,300
243766,1,300
243908,1,300
244018,1,300
244067,1,300
244102,1,300
244287,1,300
244316,1,300
244335,1,300
244337,1,300
244406,1,300
244441,1,300
244511,1,300
244580,1,300
244613,1,300
244697,1,300
244706,1,300
244706,1,300
244770,1,300
244793,1,300
244808,1,300
244838,1,300
244855,1,300
244879,1,300
244880,1,300
245002,1,300
245022,1,300
245036,1,300
245037,1,300
245053,1,300
245079,1,300
245116,1,300
245122,1,300
245166,1,300
245217,1,300
245259,1,300
245377,1,300
245387,1,300
245405,1,300
245494,1,300
245514,1,300
245544,1,300
245587,1,300
245626,1,300
245646,1,300
245675,1,300
245828,1,300
245865,1,300
245913,1,300
245919,1,300
246013,1,300
246033,1,300
246063,1,300
246069,1,300
246089,1,300
246118,1,300
246140,1,300
246157,1,300
246207,1,300
246219,1,300
246253,1,300
246254,1,300
246254,1,300
246259,1,300
246259,1,300
246423,1,300
246429,1,300
246469,1,300
246477,1,300
246490,1,300
246526,1,300
246664,1,300
246825,1,300
246866,1,300
247069,1,300
247098,1,300
247100,1,300
247121,1,300
247164,1,300
247206,1,300
247222,1,300
247261,1,300
247283,1,300
247333,1,300
247387,1,300
247403,1,300
247462,1,300
247537,1,300
247543,1,300
247567,1,300
247576,1,300
247606,1,300
247633,1,300
247642,1,300
247734,1,300
247747,1,300
247759,1,300
247765,1,300
247834,1,300
247903,1,300
247908,1,300
248058,1,300
248097,1,300
248100,1,300
248110,1,300
248179,1,300
248198,1,300
248311,1,300
248399,1,300
248409,1,300
248575,1,300
248626,1,300
248696,1,300
248742,1,300
248756,1,300
248796,1,300
248804,1,300
248817,1,300
248856,1,300
248911,1,300
248958,1,300
249003,1,300
249031,1,300
249039,1,300
249072,1,300
249091,1,300
249105,1,300
249159,1,300
249202,1,300
249254,1,300
249263,1,300
249303,1,300
249365,1,300
249475,1,300
249480,1,300
249520,1,300
249656,1,300
249712,1,300
249716,1,300
249753,1,300
249760,1,300
249812,1,300
249828,1,300
249864,1,300
249889,1,300
249897,1,300
249950,1,300
249968,1,300
250066,1,300
250089,1,300
250178,1,300
250400,1,300
250455,1,300
250465,1,300
250485,1,300
250545,1,300
250558,1,300
250737,1,300
250765,1,300
250775,1,300
250782,1,300
250834,1,300
250911,1,300
251002,1,300
251022,1,300
251024,1,300
251093,1,300
251118,1,300
251136,1,300
251167,1,300
251185,1,300
251207,1,300
251226,1,300
251242,1,300
251490,1,300
251493,1,300
251498,1,300
251582,1,300
251623,1,300
251632,1,300
251649,1,300
251659,1,300
251795,1,300
251821,1,300
252194,1,300
252220,1,300
252231,1,300
252323,1,300
252357,1,300
252360,1,300
252408,1,300
252419,1,300
252553,1,300
252622,1,300
252648,1,300
252672,1,300
252721,1,300
252734,1,300
252828,1,300
252907,1,300
252957,1,300
252993,1,300
253098,1,300
253153,1,300
253159,1,300
253287,1,300
253357,1,300
253360,1,300
253397,1,300
253445,1,300
253451,1,300
253553,1,300
253575,1,300
253856,1,300
253890,1,300
253913,1,300
253934,1,300
254012,1,300
254068,1,300
254198,1,300
254295,1,300
254353,1,300
254358,1,300
254362,1,300
254381,1,300
254518,1,300
254606,1,300
254608,1,300
254869,1,300
254872,1,300
254888,1,300
254934,1,300
254999,1,300
255047,1,300
255051,1,300
255068,1,300
255121,1,300
255125,1,300
255169,1,300
255231,1,300
255299,1,300
255350,1,300
255539,1,300
255630,1,300
255694,1,300
255759,1,300
255856,1,300
255864,1,300
255872,1,300
255884,1,300
255926,1,300
256008,1,300
256110,1,300
256130,1,300
256235,1,300
256235,1,300
256290,1,300
256344,1,300
256385,1,300
256490,1,300
256638,1,300
256668,1,300
256695,1,300
256722,1,300
256754,1,300
256780,1,300
256898,1,300
256905,1,300
256921,1,300
256922,1,300
256956,1,300
257038,1,300
257051,1,300
257098,1,300
257173,1,300
257175,1,300
257268,1,300
257270,1,300
257317,1,300
257460,1,300
257540,1,300
257609,1,300
257610,1,300
257622,1,300
257641,1,300
257655,1,300
257727,1,300
257858,1,300
257948,1,300
258159,1,300
258175,1,300
258200,1,300
258210,1,300
258279,1,300
258290,1,300
258380,1,300
258412,1,300
258420,1,300
258468,1,300
258506,1,300
258543,1,300
258554,1,300
258586,1,300
258597,1,300
258738,1,300
258745,1,300
258749,1,300
258765,1,300
258831,1,300
258918,1,300
258923,1,300
258947,1,300
259121,1,300
259135,1,300
259201,1,300
259258,1,300
259270,1,300
259333,1,300
259440,1,300
259451,1,300
259455,1,300
259463,1,300
259501,1,300
259546,1,300
259637,1,300
259674,1,300
259703,1,300
259717,1,300
259722,1,300
259731,1,300
259764,1,300
259929,1,300
259971,1,300
260007,1,300
260094,1,300
260259,1,300
260269,1,300
260277,1,300
260292,1,300
260326,1,300
260410,1,300
260424,1,300
260514,1,300
260574,1,300
260803,1,300
260806,1,300
260836,1,300
260987,1,300
261105,1,300
261114,1,300
261122,1,300
261122,1,300
261137,1,300
261148,1,300
261175,1,300
261180,1,300
261297,1,300
261383,1,300
261412,1,300
261565,1,300
261572,1,300
261649,1,300
261659,1,300
261728,1,300
261774,1,300
261896,1,300
262016,1,300
262053,1,300
262063,1,300
262119,1,300
262188,1,300
262259,1,300
262350,1,300
262359,1,300
262601,1,300
262614,1,300
262616,1,300
262621,1,300
262675,1,300
262749,1,300
262753,1,300
262880,1,300
262881,1,300
263056,1,300
263097,1,300
263157,1,300
263202,1,300
263495,1,300
263496,1,300
263633,1,300
263726,1,300
263771,1,300
263897,1,300
263945,1,300
264303,1,300
264304,1,300
264431,1,300
264445,1,300
264941,1,300
264953,1,300
265015,1,300
265053,1,300
265191,1,300
265239,1,300
265273,1,300
265288,1,300
265306,1,300
265324,1,300
265376,1,300
265454,1,300
265606,1,300
265676,1,300
265680,1,300
265843,1,300
266017,1,300
266021,1,300
266026,1,300
266048,1,300
266102,1,300
266218,1,300
266361,1,300
266395,1,300
266396,1,300
266705,1,300
266748,1,300
266844,1,300
267004,1,300
267127,1,300
267322,1,300
267393,1,300
267420,1,300
267575,1,300
267808,1,300
268073,1,300
268118,1,300
268181,1,300
268219,1,300
268377,1,300
268574,1,300
268664,1,300
268680,1,300
268696,1,300
268710,1,300
268738,1,300
268852,1,300
268998,1,300
269234,1,300
269323,1,300
269474,1,300
269488,1,300
269861,1,300
269918,1,300
269937,1,300
270245,1,300
270472,1,300
270489,1,300
270791,1,300
270808,1,300
270874,1,300
270899,1,300
271025,1,300
271077,1,300
271494,1,300
271597,1,300
271605,1,300
271606,1,300
271762,1,300
271897,1,300
271898,1,300
272002,1,300
272374,1,300
272377,1,300
272884,1,300
272905,1,300
272914,1,300
273066,1,300
273120,1,300
273146,1,300
273843,1,300
274418,1,300
274798,1,300
274880,1,300
275099,1,300
275338,1,300
275616,1,300
275797,1,300
276022,1,300
276269,1,300
276590,1,300
276849,1,300
277069,1,300
277121,1,300
277151,1,300
277229,1,300
277345,1,300
277506,1,300
277659,1,300
277852,1,300
277951,1,300
278186,1,300
279412,1,300
279741,1,300
280036,1,300
280393,1,300
280492,1,300
280526,1,300
280567,1,300
280650,1,300
280714,1,300
281120,1,300
281288,1,300
281375,1,300
281960,1,300
282442,1,300
282548,1,300
282569,1,300
282784,1,300
282906,1,300
283046,1,300
283113,1,300
283132,1,300
283254,1,300
283258,1,300
283344,1,300
283348,1,300
283438,1,300
283446,1,300
283520,1,300
283643,1,300
283681,1,300
283747,1,300
283765,1,300
283835,1,300
283863,1,300
283870,1,300
283873,1,300
283884,1,300
284200,1,300
284471,1,300
284528,1,300
284698,1,300
284738,1,300
284945,1,300
285377,1,300
285441,1,300
285525,1,300
285653,1,300
285703,1,300
285881,1,300
286032,1,300
286085,1,300
286272,1,300
286484,1,300
286560,1,300
286875,1,300
286971,1,300
287370,1,300
287464,1,300
287519,1,300
287722,1,300
287902,1,300
288349,1,300
288532,1,300
288581,1,300
288635,1,300
288725,1,300
288830,1,300
288895,1,300
289002,1,300
289046,1,300
289374,1,300
289583,1,300
289791,1,300
289925,1,300
290002,1,300
290161,1,300
290294,1,300
290341,1,300
290346,1,300
290649,1,300
290710,1,300
