51,1,300
231,1,300
243,1,300
314,1,300
330,1,300
332,1,300
396,1,300
404,1,300
425,1,300
498,1,300
537,1,300
682,1,300
762,1,300
1010,1,300
1138,1,300
1212,1,300
1258,1,300
1597,1,300
1850,1,300
1900,1,300
2044,1,300
2093,1,300
2280,1,300
2687,1,300
2915,1,300
2998,1,300
3198,1,300
3203,1,300
3286,1,300
3375,1,300
3617,1,300
3832,1,300
3868,1,300
4187,1,300
4373,1,300
4389,1,300
4488,1,300
4607,1,300
4614,1,300
4653,1,300
4888,1,300
4901,1,300
5044,1,300
5452,1,300
5648,1,300
5656,1,300
6300,1,300
6327,1,300
6354,1,300
6734,1,300
6867,1,300
6890,1,300
7359,1,300
7602,1,300
8097,1,300
8316,1,300
8548,1,300
8721,1,300
8761,1,300
9013,1,300
9053,1,300
9126,1,300
9140,1,300
9336,1,300
9405,1,300
9597,1,300
9642,1,300
9695,1,300
9724,1,300
9741,1,300
9779,1,300
9802,1,300
9803,1,300
9807,1,300
9829,1,300
9905,1,300
9908,1,300
10007,1,300
10029,1,300
10056,1,300
10094,1,300
10274,1,300
10304,1,300
10353,1,300
10368,1,300
10402,1,300
10425,1,300
10586,1,300
10764,1,300
10767,1,300
10816,1,300
10830,1,300
11169,1,300
11229,1,300
11325,1,300
11644,1,300
11805,1,300
11871,1,300
11876,1,300
12140,1,300
12227,1,300
12258,1,300
12267,1,300
12603,1,300
12656,1,300
12774,1,300
12781,1,300
12794,1,300
12953,1,300
13427,1,300
13430,1,300
13587,1,300
13877,1,300
13926,1,300
14065,1,300
14287,1,300
14394,1,300
14439,1,300
14524,1,300
14590,1,300
14653,1,300
14710,1,300
14735,1,300
14788,1,300
14798,1,300
14814,1,300
14885,1,300
15100,1,300
15395,1,300
15803,1,300
16027,1,300
16035,1,300
16084,1,300
16197,1,300
16376,1,300
16631,1,300
17018,1,300
17754,1,300
17786,1,300
18665,1,300
18748,1,300
19042,1,300
19090,1,300
19558,1,300
19792,1,300
20013,1,300
20692,1,300
20794,1,300
20805,1,300
20910,1,300
21046,1,300
21078,1,300
21120,1,300
21227,1,300
21280,1,300
21466,1,300
21468,1,300
21472,1,300
21502,1,300
21508,1,300
21532,1,300
21574,1,300
21577,1,300
21614,1,300
21834,1,300
21903,1,300
22274,1,300
22434,1,300
22614,1,300
22819,1,300
22860,1,300
22872,1,300
22997,1,300
23001,1,300
23019,1,300
23033,1,300
23145,1,300
23151,1,300
23158,1,300
23173,1,300
23271,1,300
23319,1,300
23323,1,300
23425,1,300
23437,1,300
23557,1,300
23677,1,300
23715,1,300
23823,1,300
23960,1,300
23966,1,300
24277,1,300
24432,1,300
24472,1,300
24510,1,300
24521,1,300
24550,1,300
24556,1,300
24561,1,300
24848,1,300
24960,1,300
24966,1,300
25082,1,300
25412,1,300
25415,1,300
25777,1,300
26003,1,300
26207,1,300
26219,1,300
26281,1,300
26540,1,300
26636,1,300
26769,1,300
27248,1,300
27658,1,300
27723,1,300
27740,1,300
27741,1,300
27758,1,300
28212,1,300
28302,1,300
28429,1,300
28600,1,300
28638,1,300
28698,1,300
28799,1,300
28931,1,300
29091,1,300
29194,1,300
29227,1,300
29368,1,300
29389,1,300
29564,1,300
29766,1,300
29773,1,300
29781,1,300
29800,1,300
29871,1,300
30125,1,300
30256,1,300
30261,1,300
30308,1,300
30323,1,300
30339,1,300
30491,1,300
30530,1,300
30600,1,300
30959,1,300
30975,1,300
31025,1,300
31077,1,300
31129,1,300
31138,1,300
31170,1,300
31296,1,300
31539,1,300
31575,1,300
31860,1,300
32202,1,300
32311,1,300
32476,1,300
32678,1,300
32686,1,300
33028,1,300
33060,1,300
33062,1,300
33140,1,300
33278,1,300
33296,1,300
33348,1,300
33349,1,300
33359,1,300
33366,1,300
33387,1,300
33403,1,300
33460,1,300
33471,1,300
33480,1,300
33565,1,300
33658,1,300
33675,1,300
33697,1,300
33786,1,300
33793,1,300
33861,1,300
34041,1,300
34085,1,300
34243,1,300
34278,1,300
34291,1,300
34306,1,300
34317,1,300
34322,1,300
34346,1,300
34519,1,300
34541,1,300
34680,1,300
34762,1,300
34764,1,300
34830,1,300
34892,1,300
35005,1,300
35008,1,300
35024,1,300
35101,1,300
35116,1,300
35222,1,300
35240,1,300
35246,1,300
35273,1,300
35296,1,300
35468,1,300
35505,1,300
35541,1,300
35546,1,300
35630,1,300
35679,1,300
35833,1,300
35958,1,300
36061,1,300
36117,1,300
36273,1,300
36277,1,300
36283,1,300
36304,1,300
36368,1,300
36762,1,300
36877,1,300
37054,1,300
37111,1,300
37254,1,300
37458,1,300
37573,1,300
37729,1,300
37734,1,300
37833,1,300
37838,1,300
38098,1,300
38118,1,300
38150,1,300
38164,1,300
38178,1,300
38335,1,300
38591,1,300
38711,1,300
38735,1,300
38746,1,300
38757,1,300
38882,1,300
39139,1,300
39140,1,300
39260,1,300
39404,1,300
39552,1,300
39618,1,300
39691,1,300
39777,1,300
39916,1,300
40133,1,300
40201,1,300
40206,1,300
40291,1,300
40321,1,300
40639,1,300
40700,1,300
40709,1,300
40745,1,300
40793,1,300
40914,1,300
40979,1,300
41084,1,300
41127,1,300
41134,1,300
41149,1,300
41152,1,300
41301,1,300
41418,1,300
41452,1,300
41532,1,300
41648,1,300
41653,1,300
41746,1,300
41894,1,300
41986,1,300
42092,1,300
42198,1,300
42378,1,300
42702,1,300
42816,1,300
42863,1,300
42925,1,300
43023,1,300
43129,1,300
43228,1,300
43381,1,300
43406,1,300
43459,1,300
43489,1,300
43515,1,300
43554,1,300
43696,1,300
43727,1,300
43792,1,300
43796,1,300
43820,1,300
43852,1,300
43858,1,300
43865,1,300
44009,1,300
44028,1,300
44052,1,300
44141,1,300
44203,1,300
44408,1,300
44544,1,300
44580,1,300
44585,1,300
44809,1,300
44843,1,300
44921,1,300
45038,1,300
45064,1,300
45067,1,300
45068,1,300
45074,1,300
45114,1,300
45121,1,300
45193,1,300
45217,1,300
45263,1,300
45274,1,300
45346,1,300
45352,1,300
45399,1,300
45432,1,300
45481,1,300
45488,1,300
45510,1,300
45529,1,300
45603,1,300
45643,1,300
45692,1,300
45718,1,300
45721,1,300
45729,1,300
45866,1,300
45920,1,300
46010,1,300
46031,1,300
46140,1,300
46210,1,300
46225,1,300
46255,1,300
46469,1,300
46493,1,300
46508,1,300
46511,1,300
46526,1,300
46631,1,300
46634,1,300
46689,1,300
46752,1,300
46760,1,300
46775,1,300
46826,1,300
46904,1,300
46905,1,300
47007,1,300
47018,1,300
47112,1,300
47210,1,300
47229,1,300
47267,1,300
47341,1,300
47409,1,300
47476,1,300
47536,1,300
47930,1,300
47943,1,300
47976,1,300
48041,1,300
48046,1,300
48147,1,300
48149,1,300
48162,1,300
48168,1,300
48176,1,300
48208,1,300
48218,1,300
48334,1,300
48372,1,300
48411,1,300
48439,1,300
48480,1,300
48545,1,300
48546,1,300
48558,1,300
48616,1,300
48651,1,300
48658,1,300
48666,1,300
48699,1,300
48737,1,300
48855,1,300
49021,1,300
49087,1,300
49172,1,300
49198,1,300
49296,1,300
49337,1,300
49350,1,300
49479,1,300
49492,1,300
49495,1,300
49505,1,300
49563,1,300
49589,1,300
49751,1,300
49808,1,300
49832,1,300
49835,1,300
49950,1,300
50022,1,300
50079,1,300
50121,1,300
50155,1,300
50172,1,300
50197,1,300
50219,1,300
50268,1,300
50272,1,300
50313,1,300
50382,1,300
50439,1,300
50440,1,300
50447,1,300
50513,1,300
50551,1,300
50574,1,300
50587,1,300
50596,1,300
50636,1,300
50663,1,300
50676,1,300
50693,1,300
50755,1,300
50827,1,300
50899,1,300
51027,1,300
51098,1,300
51131,1,300
51185,1,300
51203,1,300
51233,1,300
51237,1,300
51367,1,300
51440,1,300
51466,1,300
51560,1,300
51867,1,300
51876,1,300
52015,1,300
52092,1,300
52190,1,300
52253,1,300
52255,1,300
52276,1,300
52299,1,300
52320,1,300
52372,1,300
52379,1,300
52400,1,300
52483,1,300
52505,1,300
52605,1,300
52671,1,300
52698,1,300
52699,1,300
52711,1,300
52816,1,300
52892,1,300
52896,1,300
52909,1,300
52938,1,300
53060,1,300
53116,1,300
53169,1,300
53190,1,300
53239,1,300
53256,1,300
53331,1,300
53418,1,300
53474,1,300
53537,1,300
53616,1,300
53624,1,300
53719,1,300
53863,1,300
54075,1,300
54237,1,300
54248,1,300
54258,1,300
54287,1,300
54313,1,300
54328,1,300
54328,1,300
54361,1,300
54530,1,300
54550,1,300
54610,1,300
54646,1,300
54649,1,300
54655,1,300
54700,1,300
54718,1,300
54787,1,300
55139,1,300
55146,1,300
55182,1,300
55214,1,300
55222,1,300
55236,1,300
55284,1,300
55352,1,300
55460,1,300
55510,1,300
55560,1,300
55575,1,300
55608,1,300
55652,1,300
55748,1,300
55796,1,300
55829,1,300
55867,1,300
55877,1,300
56002,1,300
56192,1,300
56196,1,300
56230,1,300
56327,1,300
56334,1,300
56400,1,300
56411,1,300
56453,1,300
56642,1,300
56699,1,300
56727,1,300
56738,1,300
56782,1,300
56850,1,300
56896,1,300
56926,1,300
57036,1,300
57102,1,300
57110,1,300
57113,1,300
57119,1,300
57150,1,300
57164,1,300
57167,1,300
57194,1,300
57199,1,300
57207,1,300
57223,1,300
57230,1,300
57231,1,300
57247,1,300
57271,1,300
57280,1,300
57307,1,300
57327,1,300
57344,1,300
57356,1,300
57390,1,300
57408,1,300
57424,1,300
57425,1,300
57470,1,300
57495,1,300
57518,1,300
57599,1,300
57662,1,300
57664,1,300
57723,1,300
57727,1,300
57764,1,300
57766,1,300
57775,1,300
57783,1,300
57799,1,300
57850,1,300
57861,1,300
57903,1,300
57916,1,300
57917,1,300
57958,1,300
57962,1,300
58086,1,300
58088,1,300
58106,1,300
58115,1,300
58134,1,300
58139,1,300
58144,1,300
58196,1,300
58248,1,300
58347,1,300
58414,1,300
58440,1,300
58452,1,300
58477,1,300
58478,1,300
58533,1,300
58602,1,300
58608,1,300
58610,1,300
58649,1,300
58677,1,300
58713,1,300
58788,1,300
58789,1,300
58802,1,300
58805,1,300
58841,1,300
58850,1,300
58853,1,300
58939,1,300
59005,1,300
59013,1,300
59046,1,300
59078,1,300
59090,1,300
59124,1,300
59125,1,300
59155,1,300
59168,1,300
59217,1,300
59326,1,300
59386,1,300
59398,1,300
59435,1,300
59448,1,300
59489,1,300
59536,1,300
59539,1,300
59591,1,300
59639,1,300
59666,1,300
59681,1,300
59688,1,300
59689,1,300
59695,1,300
59746,1,300
59816,1,300
59827,1,300
59837,1,300
59878,1,300
59939,1,300
59983,1,300
60008,1,300
60101,1,300
60128,1,300
60194,1,300
60195,1,300
60247,1,300
60252,1,300
60293,1,300
60453,1,300
60540,1,300
60546,1,300
60603,1,300
60637,1,300
60699,1,300
60733,1,300
60871,1,300
60889,1,300
60890,1,300
60909,1,300
60926,1,300
60934,1,300
60956,1,300
60962,1,300
60996,1,300
61008,1,300
61009,1,300
61018,1,300
61022,1,300
61023,1,300
61043,1,300
61051,1,300
61056,1,300
61058,1,300
61084,1,300
61099,1,300
61117,1,300
61140,1,300
61163,1,300
61164,1,300
61165,1,300
61191,1,300
61237,1,300
61237,1,300
61267,1,300
61387,1,300
61404,1,300
61414,1,300
61430,1,300
61452,1,300
61458,1,300
61464,1,300
61471,1,300
61487,1,300
61506,1,300
61522,1,300
61578,1,300
61667,1,300
61719,1,300
61745,1,300
61772,1,300
61832,1,300
61838,1,300
61839,1,300
61869,1,300
61888,1,300
61902,1,300
61918,1,300
61942,1,300
62034,1,300
62050,1,300
62087,1,300
62091,1,300
62098,1,300
62102,1,300
62171,1,300
62217,1,300
62267,1,300
62270,1,300
62331,1,300
62385,1,300
62408,1,300
62428,1,300
62492,1,300
62521,1,300
62565,1,300
62568,1,300
62609,1,300
62613,1,300
62623,1,300
62708,1,300
62768,1,300
62778,1,300
62784,1,300
62792,1,300
62817,1,300
62818,1,300
62859,1,300
62864,1,300
62881,1,300
62889,1,300
63004,1,300
63036,1,300
63068,1,300
63076,1,300
63131,1,300
63136,1,300
63159,1,300
63160,1,300
63178,1,300
63198,1,300
63208,1,300
63242,1,300
63264,1,300
63278,1,300
63391,1,300
63456,1,300
63515,1,300
63528,1,300
63581,1,300
63590,1,300
63686,1,300
63687,1,300
63716,1,300
63716,1,300
63772,1,300
63794,1,300
63808,1,300
63847,1,300
63869,1,300
63881,1,300
63897,1,300
63907,1,300
63929,1,300
63946,1,300
63995,1,300
64008,1,300
64037,1,300
64039,1,300
64044,1,300
64049,1,300
64125,1,300
64179,1,300
64198,1,300
64220,1,300
64227,1,300
64244,1,300
64263,1,300
64264,1,300
64320,1,300
64329,1,300
64358,1,300
64507,1,300
64512,1,300
64518,1,300
64539,1,300
64558,1,300
64585,1,300
64612,1,300
64617,1,300
64625,1,300
64627,1,300
64733,1,300
64763,1,300
64785,1,300
64815,1,300
64816,1,300
64876,1,300
64880,1,300
64892,1,300
64905,1,300
65004,1,300
65030,1,300
65057,1,300
65057,1,300
65062,1,300
65148,1,300
65157,1,300
65188,1,300
65196,1,300
65202,1,300
65266,1,300
65339,1,300
65379,1,300
65384,1,300
65408,1,300
65459,1,300
65479,1,300
65498,1,300
65501,1,300
65510,1,300
65550,1,300
65574,1,300
65593,1,300
65594,1,300
65741,1,300
65794,1,300
65839,1,300
65859,1,300
65890,1,300
65895,1,300
65947,1,300
65973,1,300
65994,1,300
66007,1,300
66095,1,300
66120,1,300
66171,1,300
66246,1,300
66252,1,300
66257,1,300
66257,1,300
66345,1,300
66441,1,300
66587,1,300
66686,1,300
66713,1,300
66824,1,300
66855,1,300
66897,1,300
66916,1,300
67011,1,300
67021,1,300
67036,1,300
67060,1,300
67068,1,300
67120,1,300
67169,1,300
67177,1,300
67218,1,300
67283,1,300
67303,1,300
67317,1,300
67383,1,300
67452,1,300
67498,1,300
67764,1,300
67775,1,300
67819,1,300
67831,1,300
67860,1,300
67872,1,300
67912,1,300
67995,1,300
68025,1,300
68031,1,300
68086,1,300
68138,1,300
68209,1,300
68244,1,300
68295,1,300
68355,1,300
68373,1,300
68490,1,300
68494,1,300
68579,1,300
68590,1,300
68727,1,300
68785,1,300
68810,1,300
68871,1,300
68950,1,300
69006,1,300
69017,1,300
69026,1,300
69027,1,300
69049,1,300
69072,1,300
69085,1,300
69094,1,300
69100,1,300
69103,1,300
69115,1,300
69118,1,300
69119,1,300
69122,1,300
69123,1,300
69123,1,300
69126,1,300
69180,1,300
69216,1,300
69231,1,300
69255,1,300
69285,1,300
69324,1,300
69339,1,300
69384,1,300
69386,1,300
69404,1,300
69422,1,300
69424,1,300
69431,1,300
69446,1,300
69447,1,300
69492,1,300
69541,1,300
69551,1,300
69608,1,300
69656,1,300
69719,1,300
69754,1,300
69759,1,300
69797,1,300
69833,1,300
69911,1,300
69918,1,300
69919,1,300
69933,1,300
69961,1,300
69966,1,300
69986,1,300
70025,1,300
70029,1,300
70042,1,300
70060,1,300
70066,1,300
70072,1,300
70087,1,300
70106,1,300
70127,1,300
70173,1,300
70251,1,300
70255,1,300
70267,1,300
70289,1,300
70331,1,300
70414,1,300
70454,1,300
70490,1,300
70516,1,300
70566,1,300
70584,1,300
70628,1,300
70632,1,300
70656,1,300
70698,1,300
70756,1,300
70793,1,300
70802,1,300
70817,1,300
70849,1,300
70862,1,300
70866,1,300
70866,1,300
70907,1,300
70925,1,300
70932,1,300
70954,1,300
71030,1,300
71053,1,300
71074,1,300
71078,1,300
71080,1,300
71175,1,300
71192,1,300
71195,1,300
71203,1,300
71232,1,300
71282,1,300
71308,1,300
71327,1,300
71349,1,300
71353,1,300
71366,1,300
71414,1,300
71427,1,300
71433,1,300
71463,1,300
71471,1,300
71527,1,300
71547,1,300
71618,1,300
71621,1,300
71621,1,300
71621,1,300
71666,1,300
71681,1,300
71683,1,300
71700,1,300
71703,1,300
71705,1,300
71759,1,300
71763,1,300
71774,1,300
71780,1,300
71791,1,300
71796,1,300
71806,1,300
71819,1,300
71848,1,300
71917,1,300
71947,1,300
72005,1,300
72008,1,300
72051,1,300
72060,1,300
72060,1,300
72081,1,300
72104,1,300
72137,1,300
72164,1,300
72176,1,300
72192,1,300
72281,1,300
72293,1,300
72390,1,300
72396,1,300
72463,1,300
72481,1,300
72484,1,300
72523,1,300
72557,1,300
72579,1,300
72580,1,300
72581,1,300
72593,1,300
72595,1,300
72612,1,300
72620,1,300
72656,1,300
72674,1,300
72678,1,300
72737,1,300
72765,1,300
72800,1,300
72823,1,300
72839,1,300
72881,1,300
72887,1,300
72889,1,300
72889,1,300
72899,1,300
72913,1,300
72925,1,300
72927,1,300
73003,1,300
73023,1,300
73023,1,300
73026,1,300
73032,1,300
73123,1,300
73145,1,300
73155,1,300
73205,1,300
73212,1,300
73223,1,300
73233,1,300
73281,1,300
73349,1,300
73356,1,300
73391,1,300
73417,1,300
73423,1,300
73490,1,300
73563,1,300
73612,1,300
73645,1,300
73672,1,300
73678,1,300
73744,1,300
73756,1,300
73773,1,300
73812,1,300
73828,1,300
73830,1,300
73851,1,300
73866,1,300
74012,1,300
74143,1,300
74176,1,300
74261,1,300
74267,1,300
74272,1,300
74282,1,300
74288,1,300
74296,1,300
74406,1,300
74427,1,300
74460,1,300
74493,1,300
74528,1,300
74559,1,300
74572,1,300
74591,1,300
74601,1,300
74613,1,300
74633,1,300
74675,1,300
74684,1,300
74686,1,300
74721,1,300
74739,1,300
74740,1,300
74744,1,300
74748,1,300
74759,1,300
74788,1,300
74817,1,300
74823,1,300
74853,1,300
74876,1,300
74900,1,300
74972,1,300
74987,1,300
75048,1,300
75065,1,300
75095,1,300
75105,1,300
75109,1,300
75113,1,300
75154,1,300
75171,1,300
75173,1,300
75195,1,300
75196,1,300
75221,1,300
75221,1,300
75222,1,300
75261,1,300
75264,1,300
75270,1,300
75282,1,300
75300,1,300
75325,1,300
75365,1,300
75369,1,300
75374,1,300
75413,1,300
75419,1,300
75427,1,300
75498,1,300
75521,1,300
75522,1,300
75546,1,300
75603,1,300
75637,1,300
75662,1,300
75662,1,300
75668,1,300
75695,1,300
75746,1,300
75768,1,300
75770,1,300
75772,1,300
75794,1,300
75813,1,300
75874,1,300
75899,1,300
75916,1,300
75933,1,300
76118,1,300
76195,1,300
76195,1,300
76199,1,300
76268,1,300
76328,1,300
76330,1,300
76347,1,300
76361,1,300
76367,1,300
76379,1,300
76400,1,300
76422,1,300
76423,1,300
76429,1,300
76490,1,300
76491,1,300
76554,1,300
76589,1,300
76597,1,300
76598,1,300
76621,1,300
76638,1,300
76657,1,300
76669,1,300
76669,1,300
76740,1,300
76771,1,300
76780,1,300
76804,1,300
76826,1,300
76833,1,300
76855,1,300
76862,1,300
76915,1,300
76933,1,300
77033,1,300
77034,1,300
77048,1,300
77154,1,300
77179,1,300
77195,1,300
77221,1,300
77334,1,300
77392,1,300
77435,1,300
77480,1,300
77527,1,300
77581,1,300
77594,1,300
77599,1,300
77604,1,300
77619,1,300
77629,1,300
77670,1,300
77683,1,300
77699,1,300
77803,1,300
77828,1,300
77866,1,300
77893,1,300
78025,1,300
78026,1,300
78053,1,300
78079,1,300
78084,1,300
78100,1,300
78129,1,300
78169,1,300
78178,1,300
78220,1,300
78233,1,300
78250,1,300
78256,1,300
78270,1,300
78322,1,300
78350,1,300
78377,1,300
78425,1,300
78428,1,300
78429,1,300
78438,1,300
78476,1,300
78488,1,300
78489,1,300
78496,1,300
78496,1,300
78562,1,300
78615,1,300
78627,1,300
78680,1,300
78680,1,300
78684,1,300
78687,1,300
78691,1,300
78767,1,300
78795,1,300
78828,1,300
78841,1,300
78883,1,300
78886,1,300
78890,1,300
78910,1,300
78930,1,300
78939,1,300
78942,1,300
79003,1,300
79064,1,300
79073,1,300
79146,1,300
79203,1,300
79209,1,300
79276,1,300
79278,1,300
79324,1,300
79334,1,300
79354,1,300
79406,1,300
79430,1,300
79430,1,300
79487,1,300
79498,1,300
79502,1,300
79505,1,300
79570,1,300
79577,1,300
79612,1,300
79631,1,300
79645,1,300
79653,1,300
79823,1,300
79865,1,300
79915,1,300
79939,1,300
79941,1,300
79947,1,300
79950,1,300
79955,1,300
79973,1,300
79988,1,300
80008,1,300
80014,1,300
80016,1,300
80026,1,300
80093,1,300
80123,1,300
80169,1,300
80198,1,300
80227,1,300
80241,1,300
80278,1,300
80297,1,300
80299,1,300
80351,1,300
80396,1,300
80409,1,300
80418,1,300
80424,1,300
80499,1,300
80540,1,300
80571,1,300
80582,1,300
80586,1,300
80689,1,300
80725,1,300
80745,1,300
80749,1,300
80763,1,300
80764,1,300
80782,1,300
80784,1,300
80805,1,300
80808,1,300
80835,1,300
80838,1,300
80871,1,300
80917,1,300
80933,1,300
80946,1,300
81075,1,300
81084,1,300
81095,1,300
81134,1,300
81157,1,300
81162,1,300
81164,1,300
81176,1,300
81179,1,300
81211,1,300
81225,1,300
81254,1,300
81263,1,300
81273,1,300
81279,1,300
81286,1,300
81292,1,300
81362,1,300
81382,1,300
81443,1,300
81457,1,300
81473,1,300
81488,1,300
81500,1,300
81519,1,300
81531,1,300
81538,1,300
81550,1,300
81559,1,300
81573,1,300
81588,1,300
81613,1,300
81641,1,300
81647,1,300
81674,1,300
81678,1,300
81681,1,300
81706,1,300
81707,1,300
81785,1,300
81785,1,300
81874,1,300
81891,1,300
81898,1,300
81938,1,300
81981,1,300
82001,1,300
82010,1,300
82012,1,300
82029,1,300
82096,1,300
82111,1,300
82135,1,300
82151,1,300
82154,1,300
82196,1,300
82210,1,300
82219,1,300
82230,1,300
82242,1,300
82244,1,300
82253,1,300
82273,1,300
82275,1,300
82377,1,300
82399,1,300
82419,1,300
82459,1,300
82472,1,300
82482,1,300
82530,1,300
82541,1,300
82554,1,300
82570,1,300
82586,1,300
82622,1,300
82662,1,300
82676,1,300
82679,1,300
82698,1,300
82705,1,300
82736,1,300
82753,1,300
82769,1,300
82781,1,300
82781,1,300
82781,1,300
82787,1,300
82848,1,300
82878,1,300
82914,1,300
82946,1,300
82946,1,300
82961,1,300
82962,1,300
82964,1,300
82994,1,300
83023,1,300
83024,1,300
83063,1,300
83105,1,300
83191,1,300
83204,1,300
83243,1,300
83246,1,300
83248,1,300
83273,1,300
83281,1,300
83282,1,300
83322,1,300
83338,1,300
83369,1,300
83394,1,300
83399,1,300
83415,1,300
83433,1,300
83448,1,300
83469,1,300
83478,1,300
83516,1,300
83537,1,300
83546,1,300
83563,1,300
83632,1,300
83655,1,300
83725,1,300
83742,1,300
83745,1,300
83771,1,300
83782,1,300
83811,1,300
83833,1,300
83846,1,300
83917,1,300
83918,1,300
83928,1,300
83951,1,300
84003,1,300
84015,1,300
84020,1,300
84048,1,300
84049,1,300
84055,1,300
84063,1,300
84089,1,300
84105,1,300
84106,1,300
84114,1,300
84122,1,300
84135,1,300
84137,1,300
84144,1,300
84162,1,300
84171,1,300
84183,1,300
84242,1,300
84308,1,300
84314,1,300
84376,1,300
84385,1,300
84411,1,300
84472,1,300
84477,1,300
84494,1,300
84503,1,300
84519,1,300
84537,1,300
84555,1,300
84581,1,300
84585,1,300
84600,1,300
84607,1,300
84636,1,300
84660,1,300
84708,1,300
84712,1,300
84719,1,300
84729,1,300
84733,1,300
84746,1,300
84781,1,300
84787,1,300
84845,1,300
84851,1,300
84870,1,300
84874,1,300
84930,1,300
84931,1,300
84942,1,300
85046,1,300
85056,1,300
85057,1,300
85091,1,300
85122,1,300
85131,1,300
85156,1,300
85157,1,300
85161,1,300
85163,1,300
85191,1,300
85213,1,300
85230,1,300
85231,1,300
85260,1,300
85266,1,300
85285,1,300
85329,1,300
85330,1,300
85353,1,300
85374,1,300
85399,1,300
85410,1,300
85411,1,300
85426,1,300
85427,1,300
85427,1,300
85442,1,300
85495,1,300
85514,1,300
85525,1,300
85528,1,300
85556,1,300
85616,1,300
85618,1,300
85625,1,300
85667,1,300
85676,1,300
85711,1,300
85713,1,300
85758,1,300
85793,1,300
85897,1,300
85932,1,300
85967,1,300
85974,1,300
86014,1,300
86015,1,300
86037,1,300
86054,1,300
86071,1,300
86080,1,300
86095,1,300
86100,1,300
86107,1,300
86123,1,300
86125,1,300
86144,1,300
86198,1,300
86255,1,300
86265,1,300
86297,1,300
86306,1,300
86314,1,300
86314,1,300
86350,1,300
86352,1,300
86369,1,300
86395,1,300
86405,1,300
86414,1,300
86420,1,300
86437,1,300
86470,1,300
86496,1,300
86500,1,300
86514,1,300
86607,1,300
86651,1,300
86690,1,300
86695,1,300
86706,1,300
86712,1,300
86735,1,300
86743,1,300
86786,1,300
86871,1,300
86872,1,300
86876,1,300
86879,1,300
86929,1,300
86947,1,300
86956,1,300
86993,1,300
87006,1,300
87012,1,300
87021,1,300
87024,1,300
87125,1,300
87180,1,300
87184,1,300
87187,1,300
87215,1,300
87235,1,300
87250,1,300
87282,1,300
87405,1,300
87431,1,300
87483,1,300
87510,1,300
87516,1,300
87541,1,300
87571,1,300
87593,1,300
87644,1,300
87672,1,300
87693,1,300
87722,1,300
87748,1,300
87791,1,300
87846,1,300
87906,1,300
87909,1,300
87915,1,300
87924,1,300
87970,1,300
87979,1,300
87991,1,300
88023,1,300
88026,1,300
88029,1,300
88090,1,300
88128,1,300
88128,1,300
88185,1,300
88208,1,300
88257,1,300
88300,1,300
88368,1,300
88372,1,300
88374,1,300
88383,1,300
88389,1,300
88402,1,300
88441,1,300
88453,1,300
88456,1,300
88494,1,300
88503,1,300
88514,1,300
88536,1,300
88546,1,300
88566,1,300
88581,1,300
88583,1,300
88593,1,300
88641,1,300
88729,1,300
88739,1,300
88743,1,300
88756,1,300
88777,1,300
88797,1,300
88799,1,300
88810,1,300
88817,1,300
88840,1,300
88849,1,300
88868,1,300
88871,1,300
88885,1,300
89061,1,300
89069,1,300
89074,1,300
89076,1,300
89083,1,300
89122,1,300
89197,1,300
89211,1,300
89228,1,300
89298,1,300
89313,1,300
89341,1,300
89423,1,300
89436,1,300
89438,1,300
89460,1,300
89517,1,300
89518,1,300
89520,1,300
89522,1,300
89542,1,300
89549,1,300
89549,1,300
89552,1,300
89629,1,300
89687,1,300
89689,1,300
89689,1,300
89702,1,300
89707,1,300
89710,1,300
89743,1,300
89757,1,300
89769,1,300
89781,1,300
89798,1,300
89801,1,300
89824,1,300
89867,1,300
89873,1,300
89881,1,300
89908,1,300
89923,1,300
89941,1,300
90033,1,300
90061,1,300
90068,1,300
90069,1,300
90077,1,300
90126,1,300
90149,1,300
90190,1,300
90197,1,300
90248,1,300
90257,1,300
90272,1,300
90303,1,300
90330,1,300
90376,1,300
90401,1,300
90405,1,300
90422,1,300
90448,1,300
90464,1,300
90478,1,300
90487,1,300
90515,1,300
90525,1,300
90545,1,300
90625,1,300
90636,1,300
90648,1,300
90660,1,300
90670,1,300
90714,1,300
90728,1,300
90730,1,300
90741,1,300
90789,1,300
90799,1,300
90812,1,300
90816,1,300
90831,1,300
90843,1,300
90855,1,300
90885,1,300
90887,1,300
91000,1,300
91009,1,300
91023,1,300
91074,1,300
91076,1,300
91119,1,300
91156,1,300
91157,1,300
91183,1,300
91192,1,300
91196,1,300
91196,1,300
91211,1,300
91222,1,300
91225,1,300
91226,1,300
91226,1,300
91234,1,300
91247,1,300
91251,1,300
91262,1,300
91279,1,300
91299,1,300
91313,1,300
91320,1,300
91355,1,300
91362,1,300
91404,1,300
91408,1,300
91467,1,300
91483,1,300
91500,1,300
91501,1,300
91537,1,300
91604,1,300
91614,1,300
91705,1,300
91739,1,300
91766,1,300
91766,1,300
91778,1,300
91803,1,300
91812,1,300
91813,1,300
91818,1,300
91835,1,300
91948,1,300
92040,1,300
92079,1,300
92135,1,300
92182,1,300
92225,1,300
92236,1,300
92245,1,300
92257,1,300
92263,1,300
92357,1,300
92379,1,300
92442,1,300
92454,1,300
92509,1,300
92513,1,300
92537,1,300
92540,1,300
92542,1,300
92561,1,300
92582,1,300
92617,1,300
92679,1,300
92700,1,300
92705,1,300
92724,1,300
92745,1,300
92811,1,300
92949,1,300
93011,1,300
93013,1,300
93016,1,300
93020,1,300
93046,1,300
93052,1,300
93058,1,300
93131,1,300
93141,1,300
93142,1,300
93158,1,300
93168,1,300
93212,1,300
93221,1,300
93233,1,300
93245,1,300
93253,1,300
93283,1,300
93304,1,300
93307,1,300
93352,1,300
93361,1,300
93377,1,300
93391,1,300
93412,1,300
93436,1,300
93447,1,300
93468,1,300
93473,1,300
93482,1,300
93512,1,300
93513,1,300
93535,1,300
93541,1,300
93553,1,300
93556,1,300
93563,1,300
93565,1,300
93567,1,300
93578,1,300
93579,1,300
93591,1,300
93595,1,300
93595,1,300
93610,1,300
93615,1,300
93627,1,300
93670,1,300
93691,1,300
93696,1,300
93700,1,300
93710,1,300
93715,1,300
93716,1,300
93727,1,300
93748,1,300
93774,1,300
93783,1,300
93787,1,300
93802,1,300
93825,1,300
93831,1,300
93833,1,300
93851,1,300
93872,1,300
93896,1,300
94016,1,300
94019,1,300
94026,1,300
94032,1,300
94039,1,300
94040,1,300
94057,1,300
94076,1,300
94091,1,300
94105,1,300
94111,1,300
94114,1,300
94127,1,300
94175,1,300
94208,1,300
94212,1,300
94276,1,300
94325,1,300
94335,1,300
94336,1,300
94355,1,300
94360,1,300
94378,1,300
94382,1,300
94384,1,300
94401,1,300
94409,1,300
94426,1,300
94475,1,300
94523,1,300
94527,1,300
94539,1,300
94554,1,300
94576,1,300
94584,1,300
94588,1,300
94610,1,300
94629,1,300
94647,1,300
94655,1,300
94662,1,300
94682,1,300
94740,1,300
94774,1,300
94846,1,300
94851,1,300
94892,1,300
94901,1,300
94906,1,300
94931,1,300
94952,1,300
94965,1,300
94966,1,300
95001,1,300
95016,1,300
95019,1,300
95047,1,300
95047,1,300
95056,1,300
95060,1,300
95066,1,300
95097,1,300
95101,1,300
95136,1,300
95141,1,300
95235,1,300
95238,1,300
95247,1,300
95291,1,300
95293,1,300
95329,1,300
95340,1,300
95354,1,300
95366,1,300
95368,1,300
95391,1,300
95409,1,300
95457,1,300
95517,1,300
95558,1,300
95580,1,300
95581,1,300
95595,1,300
95605,1,300
95673,1,300
95686,1,300
95688,1,300
95704,1,300
95709,1,300
95710,1,300
95754,1,300
95756,1,300
95768,1,300
95773,1,300
95776,1,300
95822,1,300
95846,1,300
95849,1,300
95861,1,300
95926,1,300
95930,1,300
95937,1,300
95937,1,300
95979,1,300
95983,1,300
96026,1,300
96034,1,300
96069,1,300
96109,1,300
96148,1,300
96170,1,300
96176,1,300
96243,1,300
96245,1,300
96286,1,300
96298,1,300
96301,1,300
96314,1,300
96342,1,300
96360,1,300
96402,1,300
96418,1,300
96425,1,300
96429,1,300
96444,1,300
96448,1,300
96503,1,300
96513,1,300
96547,1,300
96592,1,300
96675,1,300
96718,1,300
96766,1,300
96789,1,300
96789,1,300
96843,1,300
96858,1,300
96876,1,300
96902,1,300
96918,1,300
96928,1,300
96983,1,300
96990,1,300
97003,1,300
97045,1,300
97065,1,300
97099,1,300
97107,1,300
97114,1,300
97154,1,300
97174,1,300
97182,1,300
97182,1,300
97206,1,300
97228,1,300
97265,1,300
97295,1,300
97325,1,300
97360,1,300
97384,1,300
97391,1,300
97429,1,300
97431,1,300
97436,1,300
97458,1,300
97478,1,300
97510,1,300
97513,1,300
97537,1,300
97541,1,300
97564,1,300
97585,1,300
97600,1,300
97602,1,300
97672,1,300
97676,1,300
97707,1,300
97744,1,300
97761,1,300
97795,1,300
97876,1,300
97876,1,300
97886,1,300
98019,1,300
98060,1,300
98099,1,300
98141,1,300
98169,1,300
98200,1,300
98214,1,300
98238,1,300
98241,1,300
98244,1,300
98282,1,300
98300,1,300
98309,1,300
98346,1,300
98348,1,300
98354,1,300
98355,1,300
98396,1,300
98396,1,300
98426,1,300
98432,1,300
98462,1,300
98565,1,300
98583,1,300
98588,1,300
98598,1,300
98622,1,300
98643,1,300
98730,1,300
98765,1,300
98773,1,300
98806,1,300
98807,1,300
98822,1,300
98852,1,300
98862,1,300
98866,1,300
98866,1,300
98885,1,300
98923,1,300
98945,1,300
99015,1,300
99028,1,300
99071,1,300
99088,1,300
99089,1,300
99090,1,300
99102,1,300
99131,1,300
99145,1,300
99174,1,300
99209,1,300
99229,1,300
99261,1,300
99264,1,300
99297,1,300
99335,1,300
99339,1,300
99355,1,300
99363,1,300
99399,1,300
99424,1,300
99446,1,300
99450,1,300
99510,1,300
99516,1,300
99517,1,300
99538,1,300
99559,1,300
99569,1,300
99591,1,300
99632,1,300
99637,1,300
99662,1,300
99663,1,300
99663,1,300
99675,1,300
99716,1,300
99747,1,300
99817,1,300
99822,1,300
99853,1,300
99858,1,300
99866,1,300
99872,1,300
99904,1,300
99908,1,300
99929,1,300
99936,1,300
99962,1,300
100006,1,300
100019,1,300
100032,1,300
100065,1,300
100086,1,300
100090,1,300
100097,1,300
100132,1,300
100141,1,300
100144,1,300
100194,1,300
100199,1,300
100213,1,300
100228,1,300
100252,1,300
100253,1,300
100270,1,300
100276,1,300
100389,1,300
100401,1,300
100449,1,300
100463,1,300
100466,1,300
100473,1,300
100484,1,300
100590,1,300
100632,1,300
100636,1,300
100645,1,300
100651,1,300
100655,1,300
100669,1,300
100684,1,300
100778,1,300
100778,1,300
100927,1,300
100971,1,300
100975,1,300
100982,1,300
100988,1,300
101067,1,300
101083,1,300
101116,1,300
101134,1,300
101168,1,300
101196,1,300
101259,1,300
101306,1,300
101320,1,300
101336,1,300
101342,1,300
101370,1,300
101373,1,300
101378,1,300
101431,1,300
101440,1,300
101460,1,300
101462,1,300
101503,1,300
101547,1,300
101568,1,300
101586,1,300
101597,1,300
101624,1,300
101625,1,300
101680,1,300
101703,1,300
101758,1,300
101766,1,300
101770,1,300
101776,1,300
101834,1,300
101887,1,300
101890,1,300
101896,1,300
101944,1,300
101968,1,300
101986,1,300
101993,1,300
101996,1,300
102007,1,300
102057,1,300
102077,1,300
102138,1,300
102216,1,300
102256,1,300
102339,1,300
102353,1,300
102363,1,300
102403,1,300
102416,1,300
102426,1,300
102430,1,300
102431,1,300
102432,1,300
102463,1,300
102473,1,300
102485,1,300
102501,1,300
102521,1,300
102527,1,300
102536,1,300
102567,1,300
102568,1,300
102576,1,300
102593,1,300
102636,1,300
102662,1,300
102684,1,300
102685,1,300
102725,1,300
102735,1,300
102756,1,300
102760,1,300
102768,1,300
102774,1,300
102810,1,300
102815,1,300
102830,1,300
102839,1,300
102870,1,300
102877,1,300
102906,1,300
102924,1,300
102933,1,300
102978,1,300
102982,1,300
102987,1,300
103009,1,300
103022,1,300
103023,1,300
103029,1,300
103037,1,300
103124,1,300
103139,1,300
103156,1,300
103172,1,300
103172,1,300
103192,1,300
103195,1,300
103219,1,300
103226,1,300
103239,1,300
103255,1,300
103256,1,300
103291,1,300
103302,1,300
103306,1,300
103317,1,300
103331,1,300
103433,1,300
103443,1,300
103461,1,300
103496,1,300
103511,1,300
103538,1,300
103548,1,300
103555,1,300
103566,1,300
103567,1,300
103567,1,300
103569,1,300
103577,1,300
103606,1,300
103619,1,300
103640,1,300
103718,1,300
103754,1,300
103772,1,300
103844,1,300
103865,1,300
103899,1,300
103910,1,300
103943,1,300
103984,1,300
103997,1,300
104022,1,300
104023,1,300
104078,1,300
104138,1,300
104170,1,300
104195,1,300
104213,1,300
104267,1,300
104303,1,300
104310,1,300
104397,1,300
104432,1,300
104433,1,300
104435,1,300
104440,1,300
104458,1,300
104478,1,300
104502,1,300
104566,1,300
104570,1,300
104572,1,300
104584,1,300
104601,1,300
104613,1,300
104655,1,300
104665,1,300
104673,1,300
104714,1,300
104757,1,300
104787,1,300
104788,1,300
104800,1,300
104827,1,300
104846,1,300
104853,1,300
104884,1,300
104895,1,300
105158,1,300
105162,1,300
105223,1,300
105229,1,300
105235,1,300
105242,1,300
105251,1,300
105253,1,300
105357,1,300
105370,1,300
105405,1,300
105427,1,300
105454,1,300
105462,1,300
105501,1,300
105510,1,300
105510,1,300
105512,1,300
105520,1,300
105543,1,300
105574,1,300
105599,1,300
105628,1,300
105637,1,300
105654,1,300
105663,1,300
105663,1,300
105686,1,300
105716,1,300
105738,1,300
105772,1,300
105779,1,300
105823,1,300
105854,1,300
105863,1,300
105892,1,300
105910,1,300
105935,1,300
105953,1,300
105961,1,300
106014,1,300
106078,1,300
106086,1,300
106110,1,300
106120,1,300
106147,1,300
106169,1,300
106211,1,300
106227,1,300
106298,1,300
106312,1,300
106333,1,300
106348,1,300
106397,1,300
106407,1,300
106426,1,300
106500,1,300
106517,1,300
106527,1,300
106539,1,300
106569,1,300
106675,1,300
106689,1,300
106737,1,300
106745,1,300
106752,1,300
106791,1,300
106808,1,300
106827,1,300
106843,1,300
106916,1,300
106948,1,300
106960,1,300
106979,1,300
107102,1,300
107104,1,300
107104,1,300
107158,1,300
107165,1,300
107216,1,300
107282,1,300
107286,1,300
107334,1,300
107386,1,300
107420,1,300
107429,1,300
107451,1,300
107454,1,300
107496,1,300
107543,1,300
107615,1,300
107623,1,300
107687,1,300
107711,1,300
107721,1,300
107731,1,300
107740,1,300
107748,1,300
107769,1,300
107791,1,300
107802,1,300
107819,1,300
107851,1,300
108036,1,300
108070,1,300
108114,1,300
108119,1,300
108204,1,300
108210,1,300
108244,1,300
108246,1,300
108289,1,300
108339,1,300
108378,1,300
108397,1,300
108411,1,300
108434,1,300
108442,1,300
108449,1,300
108487,1,300
108510,1,300
108510,1,300
108523,1,300
108532,1,300
108539,1,300
108586,1,300
108598,1,300
108659,1,300
108665,1,300
108669,1,300
108694,1,300
108723,1,300
108726,1,300
108731,1,300
108749,1,300
108784,1,300
108792,1,300
108839,1,300
108854,1,300
108858,1,300
108964,1,300
109002,1,300
109004,1,300
109007,1,300
109033,1,300
109036,1,300
109083,1,300
109101,1,300
109122,1,300
109223,1,300
109235,1,300
109257,1,300
109265,1,300
109274,1,300
109289,1,300
109306,1,300
109318,1,300
109343,1,300
109357,1,300
109372,1,300
109375,1,300
109379,1,300
109380,1,300
109409,1,300
109426,1,300
109443,1,300
109474,1,300
109478,1,300
109484,1,300
109501,1,300
109513,1,300
109535,1,300
109538,1,300
109596,1,300
109597,1,300
109659,1,300
109673,1,300
109715,1,300
109786,1,300
109809,1,300
109865,1,300
110066,1,300
110113,1,300
110129,1,300
110168,1,300
110190,1,300
110193,1,300
110194,1,300
110217,1,300
110229,1,300
110236,1,300
110250,1,300
110258,1,300
110278,1,300
110334,1,300
110337,1,300
110349,1,300
110416,1,300
110438,1,300
110445,1,300
110465,1,300
110499,1,300
110558,1,300
110580,1,300
110600,1,300
110606,1,300
110635,1,300
110655,1,300
110657,1,300
110703,1,300
110750,1,300
110780,1,300
110780,1,300
110806,1,300
110855,1,300
110875,1,300
110911,1,300
111031,1,300
111075,1,300
111076,1,300
111099,1,300
111123,1,300
111131,1,300
111203,1,300
111207,1,300
111253,1,300
111274,1,300
111287,1,300
111350,1,300
111354,1,300
111375,1,300
111411,1,300
111423,1,300
111466,1,300
111495,1,300
111516,1,300
111519,1,300
111543,1,300
111552,1,300
111628,1,300
111662,1,300
111703,1,300
111709,1,300
111717,1,300
111723,1,300
111737,1,300
111744,1,300
111778,1,300
111817,1,300
111877,1,300
111879,1,300
111905,1,300
112041,1,300
112109,1,300
112113,1,300
112138,1,300
112161,1,300
112166,1,300
112170,1,300
112176,1,300
112177,1,300
112212,1,300
112229,1,300
112242,1,300
112248,1,300
112265,1,300
112324,1,300
112389,1,300
112410,1,300
112431,1,300
112497,1,300
112535,1,300
112541,1,300
112545,1,300
112587,1,300
112603,1,300
112632,1,300
112653,1,300
112664,1,300
112728,1,300
112750,1,300
112770,1,300
112770,1,300
112783,1,300
112790,1,300
112793,1,300
112800,1,300
112826,1,300
112839,1,300
112847,1,300
112876,1,300
112951,1,300
112972,1,300
113042,1,300
113197,1,300
113295,1,300
113310,1,300
113320,1,300
113378,1,300
113427,1,300
113427,1,300
113441,1,300
113457,1,300
113537,1,300
113549,1,300
113594,1,300
113599,1,300
113605,1,300
113632,1,300
113645,1,300
113659,1,300
113665,1,300
113702,1,300
113719,1,300
113751,1,300
113777,1,300
113779,1,300
113867,1,300
113937,1,300
113939,1,300
114020,1,300
114067,1,300
114120,1,300
114121,1,300
114145,1,300
114145,1,300
114156,1,300
114176,1,300
114186,1,300
114235,1,300
114247,1,300
114256,1,300
114277,1,300
114284,1,300
114395,1,300
114433,1,300
114460,1,300
114462,1,300
114492,1,300
114493,1,300
114508,1,300
114623,1,300
114624,1,300
114692,1,300
114784,1,300
114899,1,300
114990,1,300
115042,1,300
115050,1,300
115092,1,300
115121,1,300
115137,1,300
115211,1,300
115221,1,300
115257,1,300
115306,1,300
115381,1,300
115390,1,300
115399,1,300
115441,1,300
115449,1,300
115481,1,300
115483,1,300
115521,1,300
115585,1,300
115616,1,300
115722,1,300
115732,1,300
115733,1,300
115744,1,300
115791,1,300
115861,1,300
115869,1,300
115871,1,300
115889,1,300
115895,1,300
115908,1,300
116028,1,300
116051,1,300
116054,1,300
116071,1,300
116107,1,300
116116,1,300
116138,1,300
116158,1,300
116159,1,300
116165,1,300
116165,1,300
116170,1,300
116182,1,300
116189,1,300
116229,1,300
116237,1,300
116260,1,300
116289,1,300
116388,1,300
116425,1,300
116439,1,300
116456,1,300
116473,1,300
116475,1,300
116487,1,300
116500,1,300
116502,1,300
116508,1,300
116516,1,300
116516,1,300
116598,1,300
116624,1,300
116625,1,300
116632,1,300
116694,1,300
116708,1,300
116711,1,300
116740,1,300
116749,1,300
116784,1,300
116925,1,300
116930,1,300
116940,1,300
116948,1,300
117006,1,300
117007,1,300
117041,1,300
117102,1,300
117164,1,300
117224,1,300
117230,1,300
117294,1,300
117296,1,300
117318,1,300
117357,1,300
117395,1,300
117411,1,300
117438,1,300
117462,1,300
117511,1,300
117527,1,300
117542,1,300
117569,1,300
117584,1,300
117595,1,300
117638,1,300
117684,1,300
117748,1,300
117773,1,300
117791,1,300
117809,1,300
117842,1,300
117846,1,300
117865,1,300
117920,1,300
117959,1,300
118044,1,300
118069,1,300
118073,1,300
118148,1,300
118168,1,300
118219,1,300
118233,1,300
118292,1,300
118325,1,300
118332,1,300
118417,1,300
118504,1,300
118569,1,300
118579,1,300
118585,1,300
118599,1,300
118638,1,300
118778,1,300
118783,1,300
119028,1,300
119044,1,300
119059,1,300
119067,1,300
119086,1,300
119090,1,300
119099,1,300
119110,1,300
119116,1,300
119161,1,300
119228,1,300
119234,1,300
119235,1,300
119283,1,300
119307,1,300
119404,1,300
119453,1,300
119540,1,300
119542,1,300
119550,1,300
119633,1,300
119709,1,300
119770,1,300
119841,1,300
119852,1,300
120041,1,300
120061,1,300
120073,1,300
120110,1,300
120136,1,300
120217,1,300
120277,1,300
120287,1,300
120378,1,300
120393,1,300
120400,1,300
120412,1,300
120514,1,300
120568,1,300
120732,1,300
120759,1,300
120889,1,300
120923,1,300
120930,1,300
121013,1,300
121021,1,300
121026,1,300
121054,1,300
121060,1,300
121063,1,300
121081,1,300
121091,1,300
121091,1,300
121105,1,300
121175,1,300
121212,1,300
121253,1,300
121269,1,300
121291,1,300
121414,1,300
121420,1,300
121541,1,300
121602,1,300
121644,1,300
121671,1,300
121747,1,300
121756,1,300
121786,1,300
122034,1,300
122036,1,300
122300,1,300
122312,1,300
122332,1,300
122389,1,300
122430,1,300
122446,1,300
122557,1,300
122579,1,300
122590,1,300
122592,1,300
122611,1,300
122630,1,300
122788,1,300
122861,1,300
122874,1,300
122957,1,300
122979,1,300
123002,1,300
123038,1,300
123133,1,300
123138,1,300
123144,1,300
123214,1,300
123281,1,300
123326,1,300
123343,1,300
123364,1,300
123378,1,300
123432,1,300
123504,1,300
123535,1,300
123546,1,300
123588,1,300
123592,1,300
123695,1,300
123709,1,300
123861,1,300
123874,1,300
123891,1,300
123895,1,300
123936,1,300
123956,1,300
123964,1,300
123975,1,300
124015,1,300
124021,1,300
124038,1,300
124046,1,300
124098,1,300
124213,1,300
124253,1,300
124340,1,300
124346,1,300
124365,1,300
124445,1,300
124523,1,300
124538,1,300
124587,1,300
124711,1,300
124786,1,300
124909,1,300
125018,1,300
125074,1,300
125136,1,300
125144,1,300
125147,1,300
125159,1,300
125193,1,300
125304,1,300
125371,1,300
125373,1,300
125382,1,300
125422,1,300
125436,1,300
125530,1,300
125549,1,300
125550,1,300
125590,1,300
125653,1,300
125656,1,300
125757,1,300
125807,1,300
125850,1,300
125856,1,300
125871,1,300
125876,1,300
125899,1,300
126124,1,300
126144,1,300
126170,1,300
126200,1,300
126251,1,300
126334,1,300
126408,1,300
126489,1,300
126527,1,300
126530,1,300
126563,1,300
126585,1,300
126606,1,300
126615,1,300
126624,1,300
126629,1,300
126632,1,300
126635,1,300
126684,1,300
126688,1,300
126707,1,300
126850,1,300
126878,1,300
126886,1,300
126927,1,300
126945,1,300
126966,1,300
126969,1,300
127181,1,300
127190,1,300
127207,1,300
127249,1,300
127259,1,300
127305,1,300
127326,1,300
127332,1,300
127386,1,300
127475,1,300
127480,1,300
127578,1,300
127719,1,300
127777,1,300
127831,1,300
127837,1,300
127913,1,300
128042,1,300
128052,1,300
128074,1,300
128156,1,300
128233,1,300
128307,1,300
128361,1,300
128535,1,300
128601,1,300
128729,1,300
128844,1,300
128960,1,300
129102,1,300
129118,1,300
129129,1,300
129140,1,300
129198,1,300
129199,1,300
129255,1,300
129270,1,300
129297,1,300
129303,1,300
129320,1,300
129371,1,300
129395,1,300
129478,1,300
129515,1,300
129520,1,300
129535,1,300
129542,1,300
129545,1,300
129581,1,300
129584,1,300
129649,1,300
129686,1,300
129701,1,300
129759,1,300
129776,1,300
129801,1,300
129802,1,300
129826,1,300
129864,1,300
130012,1,300
130024,1,300
130036,1,300
130036,1,300
130085,1,300
130223,1,300
130237,1,300
130288,1,300
130316,1,300
130332,1,300
130338,1,300
130494,1,300
130509,1,300
130589,1,300
130617,1,300
130638,1,300
130668,1,300
130827,1,300
130922,1,300
130925,1,300
130970,1,300
131011,1,300
131028,1,300
131045,1,300
131122,1,300
131167,1,300
131283,1,300
131317,1,300
131328,1,300
131554,1,300
131575,1,300
131584,1,300
131605,1,300
131681,1,300
131681,1,300
131712,1,300
131726,1,300
131793,1,300
131803,1,300
131845,1,300
131885,1,300
132004,1,300
132049,1,300
132078,1,300
132130,1,300
132235,1,300
132279,1,300
132315,1,300
132347,1,300
132361,1,300
132389,1,300
132493,1,300
132519,1,300
132749,1,300
132771,1,300
133102,1,300
133173,1,300
133177,1,300
133295,1,300
133346,1,300
133494,1,300
133550,1,300
133566,1,300
133635,1,300
133649,1,300
133719,1,300
133847,1,300
133848,1,300
133898,1,300
133912,1,300
134173,1,300
134203,1,300
134256,1,300
134340,1,300
134343,1,300
134380,1,300
134606,1,300
134622,1,300
134726,1,300
134741,1,300
134762,1,300
135061,1,300
135072,1,300
135237,1,300
135237,1,300
135260,1,300
135317,1,300
135471,1,300
135546,1,300
135584,1,300
135600,1,300
135602,1,300
135734,1,300
135798,1,300
135816,1,300
135845,1,300
135919,1,300
135951,1,300
136042,1,300
136074,1,300
136227,1,300
136299,1,300
136409,1,300
136412,1,300
136451,1,300
136468,1,300
136502,1,300
136518,1,300
136557,1,300
136667,1,300
136676,1,300
136714,1,300
136806,1,300
136887,1,300
136921,1,300
137027,1,300
137040,1,300
137416,1,300
137480,1,300
137492,1,300
137634,1,300
137683,1,300
137724,1,300
137741,1,300
137798,1,300
137992,1,300
138007,1,300
138010,1,300
138037,1,300
138067,1,300
138095,1,300
138166,1,300
138185,1,300
138197,1,300
138279,1,300
138289,1,300
138292,1,300
138340,1,300
138502,1,300
138525,1,300
138580,1,300
138655,1,300
138680,1,300
138775,1,300
138813,1,300
138979,1,300
139028,1,300
139134,1,300
139146,1,300
139186,1,300
139206,1,300
139230,1,300
139247,1,300
139268,1,300
139393,1,300
139443,1,300
139451,1,300
139504,1,300
139541,1,300
139607,1,300
139622,1,300
139664,1,300
139916,1,300
139970,1,300
140259,1,300
140396,1,300
140564,1,300
140624,1,300
140632,1,300
140640,1,300
140793,1,300
140974,1,300
141014,1,300
141043,1,300
141055,1,300
141061,1,300
141074,1,300
141084,1,300
141238,1,300
141255,1,300
141323,1,300
141376,1,300
141385,1,300
141486,1,300
141595,1,300
141603,1,300
141659,1,300
141672,1,300
141743,1,300
141824,1,300
141864,1,300
142028,1,300
142147,1,300
142200,1,300
142654,1,300
142912,1,300
142939,1,300
143227,1,300
143268,1,300
143919,1,300
144152,1,300
144215,1,300
144253,1,300
144284,1,300
144308,1,300
144567,1,300
144597,1,300
144692,1,300
144742,1,300
144762,1,300
144903,1,300
145300,1,300
145303,1,300
145317,1,300
145347,1,300
145385,1,300
145431,1,300
145517,1,300
145571,1,300
145588,1,300
145627,1,300
145772,1,300
145806,1,300
145939,1,300
146253,1,300
146417,1,300
146592,1,300
146751,1,300
146779,1,300
146791,1,300
147015,1,300
147112,1,300
147131,1,300
147176,1,300
147412,1,300
147527,1,300
147650,1,300
148107,1,300
148150,1,300
148302,1,300
148314,1,300
148338,1,300
148394,1,300
148404,1,300
148582,1,300
148723,1,300
148830,1,300
148844,1,300
148847,1,300
148924,1,300
149003,1,300
149090,1,300
149203,1,300
149307,1,300
149353,1,300
149354,1,300
149823,1,300
149894,1,300
150068,1,300
150354,1,300
150373,1,300
150432,1,300
150785,1,300
151041,1,300
151112,1,300
151141,1,300
151177,1,300
151261,1,300
151985,1,300
152240,1,300
152436,1,300
152459,1,300
152507,1,300
152556,1,300
152625,1,300
153076,1,300
153129,1,300
153131,1,300
153137,1,300
153294,1,300
153347,1,300
153457,1,300
153575,1,300
153671,1,300
153724,1,300
153764,1,300
153798,1,300
153890,1,300
153902,1,300
154100,1,300
154144,1,300
154422,1,300
154449,1,300
154504,1,300
154564,1,300
154748,1,300
154815,1,300
154922,1,300
155001,1,300
155131,1,300
155432,1,300
155529,1,300
155542,1,300
155561,1,300
155575,1,300
155811,1,300
155838,1,300
156522,1,300
156813,1,300
156902,1,300
157003,1,300
157019,1,300
158237,1,300
158312,1,300
158771,1,300
158851,1,300
159093,1,300
159120,1,300
159433,1,300
159465,1,300
159558,1,300
159574,1,300
159644,1,300
160110,1,300
160173,1,300
160334,1,300
160430,1,300
160744,1,300
160748,1,300
160822,1,300
160849,1,300
161439,1,300
161729,1,300
161815,1,300
161840,1,300
162235,1,300
162506,1,300
162614,1,300
162624,1,300
162704,1,300
163174,1,300
163319,1,300
163505,1,300
164204,1,300
164395,1,300
164488,1,300
164521,1,300
164729,1,300
164761,1,300
164767,1,300
164802,1,300
164813,1,300
165067,1,300
165076,1,300
165200,1,300
165353,1,300
165357,1,300
165380,1,300
165488,1,300
165543,1,300
165608,1,300
165713,1,300
165719,1,300
165754,1,300
165789,1,300
165902,1,300
166248,1,300
166382,1,300
166509,1,300
166512,1,300
166566,1,300
166821,1,300
166865,1,300
167145,1,300
167293,1,300
167305,1,300
167326,1,300
167547,1,300
167586,1,300
167617,1,300
168034,1,300
168180,1,300
168290,1,300
168510,1,300
169241,1,300
169626,1,300
169910,1,300
170136,1,300
170207,1,300
170213,1,300
170215,1,300
170400,1,300
170608,1,300
170688,1,300
171208,1,300
171363,1,300
171706,1,300
172124,1,300
172364,1,300
172364,1,300
172508,1,300
172617,1,300
172656,1,300
172687,1,300
172750,1,300
172762,1,300
172966,1,300
173250,1,300
173608,1,300
174006,1,300
174032,1,300
174066,1,300
174456,1,300
174526,1,300
175196,1,300
175293,1,300
175589,1,300
175617,1,300
175852,1,300
175956,1,300
176054,1,300
176208,1,300
176575,1,300
176784,1,300
176905,1,300
176945,1,300
177051,1,300
177113,1,300
177235,1,300
177306,1,300
177404,1,300
177663,1,300
177670,1,300
177683,1,300
177686,1,300
177706,1,300
177768,1,300
177889,1,300
177904,1,300
177906,1,300
177952,1,300
178013,1,300
178167,1,300
178432,1,300
178454,1,300
178615,1,300
178911,1,300
178930,1,300
179212,1,300
179319,1,300
179355,1,300
179479,1,300
179618,1,300
179642,1,300
179697,1,300
179899,1,300
179939,1,300
180594,1,300
180713,1,300
180814,1,300
180872,1,300
180882,1,300
181195,1,300
181923,1,300
182036,1,300
182060,1,300
182242,1,300
182286,1,300
182362,1,300
182375,1,300
182375,1,300
182578,1,300
182578,1,300
183014,1,300
183332,1,300
183370,1,300
183396,1,300
183571,1,300
183739,1,300
183912,1,300
183997,1,300
184292,1,300
184419,1,300
184494,1,300
184515,1,300
184550,1,300
184736,1,300
184778,1,300
184808,1,300
184845,1,300
185416,1,300
185578,1,300
185758,1,300
186037,1,300
186112,1,300
186619,1,300
186626,1,300
186669,1,300
187381,1,300
187401,1,300
187420,1,300
187526,1,300
187612,1,300
187946,1,300
188023,1,300
188159,1,300
188285,1,300
188530,1,300
188881,1,300
188884,1,300
189039,1,300
189107,1,300
189253,1,300
189257,1,300
189271,1,300
189379,1,300
189454,1,300
189485,1,300
189546,1,300
189583,1,300
189770,1,300
189796,1,300
189802,1,300
191090,1,300
191399,1,300
191605,1,300
191702,1,300
191750,1,300
191843,1,300
192037,1,300
192038,1,300
192054,1,300
192081,1,300
192204,1,300
192268,1,300
192378,1,300
192426,1,300
192598,1,300
192697,1,300
193105,1,300
193174,1,300
193278,1,300
193346,1,300
193516,1,300
193609,1,300
193623,1,300
193755,1,300
193757,1,300
193827,1,300
194040,1,300
194189,1,300
194312,1,300
194339,1,300
194590,1,300
194619,1,300
195020,1,300
195186,1,300
195359,1,300
195629,1,300
195639,1,300
195796,1,300
195804,1,300
195811,1,300
195845,1,300
195928,1,300
196021,1,300
196036,1,300
196098,1,300
196105,1,300
196113,1,300
196152,1,300
196612,1,300
196699,1,300
196979,1,300
196995,1,300
197018,1,300
197751,1,300
198112,1,300
198134,1,300
198437,1,300
198907,1,300
198925,1,300
199129,1,300
199269,1,300
199277,1,300
199297,1,300
199462,1,300
199488,1,300
199492,1,300
199696,1,300
200030,1,300
200049,1,300
200159,1,300
200577,1,300
200593,1,300
200618,1,300
200685,1,300
201003,1,300
201008,1,300
201025,1,300
201055,1,300
201153,1,300
201170,1,300
201275,1,300
201291,1,300
201303,1,300
201345,1,300
201375,1,300
201383,1,300
201429,1,300
201439,1,300
201504,1,300
201705,1,300
201715,1,300
201748,1,300
201775,1,300
201847,1,300
201870,1,300
201883,1,300
201884,1,300
201963,1,300
201975,1,300
201980,1,300
202007,1,300
202036,1,300
202049,1,300
202089,1,300
202159,1,300
202416,1,300
202483,1,300
202621,1,300
202728,1,300
203020,1,300
203058,1,300
203064,1,300
203147,1,300
203365,1,300
203476,1,300
203687,1,300
204103,1,300
204110,1,300
204237,1,300
204335,1,300
204581,1,300
204609,1,300
204670,1,300
204690,1,300
204862,1,300
204868,1,300
205511,1,300
205670,1,300
205682,1,300
205713,1,300
205894,1,300
206284,1,300
206336,1,300
206373,1,300
206414,1,300
206635,1,300
206679,1,300
206682,1,300
206813,1,300
206858,1,300
206859,1,300
207025,1,300
207061,1,300
207074,1,300
207190,1,300
207202,1,300
207415,1,300
207781,1,300
207914,1,300
208062,1,300
208130,1,300
208202,1,300
208327,1,300
208474,1,300
208492,1,300
208939,1,300
208984,1,300
209122,1,300
209123,1,300
209174,1,300
209335,1,300
209351,1,300
209575,1,300
209680,1,300
209816,1,300
209833,1,300
209852,1,300
210019,1,300
210226,1,300
210376,1,300
210672,1,300
210701,1,300
211007,1,300
211012,1,300
211122,1,300
211136,1,300
211185,1,300
211262,1,300
211296,1,300
211494,1,300
211548,1,300
211571,1,300
212033,1,300
212073,1,300
212532,1,300
212876,1,300
213002,1,300
213004,1,300
213050,1,300
213082,1,300
213179,1,300
213296,1,300
213333,1,300
213333,1,300
213344,1,300
213370,1,300
213381,1,300
213436,1,300
213453,1,300
213462,1,300
213575,1,300
213651,1,300
213721,1,300
213735,1,300
213750,1,300
214017,1,300
214039,1,300
214107,1,300
214191,1,300
214203,1,300
214280,1,300
214379,1,300
214428,1,300
214476,1,300
214585,1,300
214700,1,300
214722,1,300
214795,1,300
214862,1,300
214932,1,300
214990,1,300
215007,1,300
215010,1,300
215039,1,300
215283,1,300
215327,1,300
215379,1,300
215412,1,300
215504,1,300
215512,1,300
215537,1,300
215727,1,300
215740,1,300
215795,1,300
215922,1,300
216118,1,300
216318,1,300
216335,1,300
216409,1,300
216441,1,300
216498,1,300
216846,1,300
217104,1,300
217164,1,300
217366,1,300
217458,1,300
217626,1,300
217749,1,300
217772,1,300
217795,1,300
217850,1,300
217889,1,300
217906,1,300
218255,1,300
218309,1,300
218333,1,300
218339,1,300
218414,1,300
218520,1,300
218846,1,300
218854,1,300
218866,1,300
219002,1,300
219062,1,300
219159,1,300
219280,1,300
219292,1,300
219296,1,300
219509,1,300
219720,1,300
219871,1,300
219914,1,300
220107,1,300
220146,1,300
220206,1,300
220521,1,300
220647,1,300
220896,1,300
221011,1,300
221125,1,300
221201,1,300
221238,1,300
221247,1,300
221327,1,300
221375,1,300
221381,1,300
221569,1,300
221668,1,300
221793,1,300
222009,1,300
222086,1,300
222411,1,300
222430,1,300
222634,1,300
222648,1,300
222702,1,300
222704,1,300
222771,1,300
222787,1,300
222895,1,300
222912,1,300
223113,1,300
223156,1,300
223294,1,300
223408,1,300
223587,1,300
223692,1,300
224187,1,300
224296,1,300
224301,1,300
224595,1,300
224642,1,300
224727,1,300
224752,1,300
224783,1,300
224885,1,300
224975,1,300
225050,1,300
225107,1,300
225119,1,300
225245,1,300
225263,1,300
225284,1,300
225379,1,300
225419,1,300
225457,1,300
225463,1,300
225494,1,300
225586,1,300
225614,1,300
225684,1,300
225707,1,300
225733,1,300
225740,1,300
225746,1,300
225751,1,300
225783,1,300
225784,1,300
225793,1,300
225872,1,300
225886,1,300
225895,1,300
225913,1,300
225932,1,300
225996,1,300
226066,1,300
226078,1,300
226082,1,300
226165,1,300
226219,1,300
226259,1,300
226281,1,300
226299,1,300
226316,1,300
226401,1,300
226634,1,300
226661,1,300
226706,1,300
226759,1,300
226795,1,300
226804,1,300
226810,1,300
226810,1,300
226823,1,300
226829,1,300
226990,1,300
226996,1,300
227006,1,300
227007,1,300
227010,1,300
227057,1,300
227078,1,300
227148,1,300
227168,1,300
227208,1,300
227287,1,300
227328,1,300
227347,1,300
227378,1,300
227419,1,300
227443,1,300
227462,1,300
227511,1,300
227516,1,300
227663,1,300
227706,1,300
227716,1,300
228073,1,300
228128,1,300
228159,1,300
228232,1,300
228506,1,300
228573,1,300
228634,1,300
228648,1,300
228688,1,300
228739,1,300
228828,1,300
228950,1,300
228959,1,300
229003,1,300
229254,1,300
229342,1,300
229369,1,300
229418,1,300
229434,1,300
229461,1,300
229557,1,300
229729,1,300
229801,1,300
229815,1,300
229992,1,300
230022,1,300
230055,1,300
230069,1,300
230128,1,300
230144,1,300
230167,1,300
230175,1,300
230276,1,300
230296,1,300
230462,1,300
230532,1,300
230692,1,300
230812,1,300
230865,1,300
231158,1,300
231203,1,300
231214,1,300
231250,1,300
231258,1,300
231273,1,300
231310,1,300
231344,1,300
231454,1,300
231575,1,300
231579,1,300
231591,1,300
231611,1,300
231654,1,300
231677,1,300
231683,1,300
231726,1,300
231752,1,300
231777,1,300
231817,1,300
231820,1,300
231840,1,300
232035,1,300
232057,1,300
232063,1,300
232090,1,300
232148,1,300
232191,1,300
232224,1,300
232307,1,300
232426,1,300
232484,1,300
232575,1,300
232619,1,300
232715,1,300
232717,1,300
232728,1,300
232776,1,300
232874,1,300
232893,1,300
232928,1,300
232984,1,300
233021,1,300
233030,1,300
233094,1,300
233179,1,300
233261,1,300
233324,1,300
233356,1,300
233395,1,300
233432,1,300
233538,1,300
233732,1,300
233988,1,300
234027,1,300
234040,1,300
234045,1,300
234063,1,300
234066,1,300
234174,1,300
234187,1,300
234191,1,300
234200,1,300
234220,1,300
234384,1,300
234792,1,300
234966,1,300
235238,1,300
235273,1,300
235321,1,300
235376,1,300
235420,1,300
235504,1,300
235558,1,300
235631,1,300
235634,1,300
235670,1,300
235697,1,300
235705,1,300
235833,1,300
235897,1,300
235940,1,300
236046,1,300
236067,1,300
236070,1,300
236235,1,300
236333,1,300
236408,1,300
236425,1,300
236467,1,300
236553,1,300
236635,1,300
236708,1,300
236715,1,300
236809,1,300
237004,1,300
237041,1,300
237047,1,300
237072,1,300
237106,1,300
237143,1,300
237195,1,300
237227,1,300
237227,1,300
237247,1,300
237281,1,300
237397,1,300
237414,1,300
237433,1,300
237483,1,300
237528,1,300
237537,1,300
237573,1,300
237638,1,300
237644,1,300
237675,1,300
237791,1,300
237844,1,300
237858,1,300
237885,1,300
237902,1,300
237919,1,300
238031,1,300
238093,1,300
238110,1,300
238276,1,300
238276,1,300
238352,1,300
238369,1,300
238451,1,300
238490,1,300
238566,1,300
238568,1,300
238571,1,300
238598,1,300
238822,1,300
238840,1,300
238900,1,300
238922,1,300
239021,1,300
239051,1,300
239071,1,300
239144,1,300
239282,1,300
239288,1,300
239362,1,300
239472,1,300
239639,1,300
239924,1,300
240018,1,300
240042,1,300
240060,1,300
240089,1,300
240112,1,300
240132,1,300
240164,1,300
240226,1,300
240239,1,300
240271,1,300
240313,1,300
240334,1,300
240431,1,300
240565,1,300
240573,1,300
240582,1,300
240627,1,300
240638,1,300
240760,1,300
240832,1,300
240874,1,300
240923,1,300
241027,1,300
241041,1,300
241179,1,300
241197,1,300
241269,1,300
241269,1,300
241344,1,300
241347,1,300
241373,1,300
241438,1,300
241460,1,300
241492,1,300
241540,1,300
241553,1,300
241617,1,300
241622,1,300
241624,1,300
241645,1,300
241646,1,300
241654,1,300
241704,1,300
241810,1,300
241815,1,300
241844,1,300
242024,1,300
242210,1,300
242296,1,300
242629,1,300
242645,1,300
242729,1,300
242739,1,300
242765,1,300
242810,1,300
242817,1,300
242986,1,300
243003,1,300
243014,1,300
243223,1,300
243258,1,300
243367,1,300
243377,1,300
243400,1,300
243459,1,300
243542,1,300
243568,1,300
243675,1,300
243710,1,300
243788,1,300
243807,1,300
243884,1,300
243889,1,300
243924,1,300
244003,1,300
244057,1,300
244065,1,300
244156,1,300
244193,1,300
244196,1,300
244399,1,300
244442,1,300
244467,1,300
244471,1,300
244490,1,300
244521,1,300
244701,1,300
244708,1,300
244771,1,300
244775,1,300
244863,1,300
245025,1,300
245042,1,300
245092,1,300
245121,1,300
245130,1,300
245157,1,300
245346,1,300
245393,1,300
245426,1,300
245508,1,300
245545,1,300
245624,1,300
245645,1,300
245737,1,300
245745,1,300
245759,1,300
245900,1,300
245916,1,300
245989,1,300
246089,1,300
246140,1,300
246151,1,300
246228,1,300
246241,1,300
246266,1,300
246272,1,300
246280,1,300
246301,1,300
246362,1,300
246420,1,300
246508,1,300
246566,1,300
246571,1,300
246607,1,300
246614,1,300
246660,1,300
246660,1,300
246744,1,300
246751,1,300
246768,1,300
247012,1,300
247054,1,300
247118,1,300
247120,1,300
247395,1,300
247399,1,300
247399,1,300
247442,1,300
247512,1,300
247537,1,300
247551,1,300
247715,1,300
247788,1,300
247804,1,300
247894,1,300
247896,1,300
247908,1,300
248019,1,300
248042,1,300
248067,1,300
248073,1,300
248426,1,300
248531,1,300
248744,1,300
248845,1,300
248945,1,300
248977,1,300
249129,1,300
249149,1,300
249192,1,300
249208,1,300
249211,1,300
249303,1,300
249329,1,300
249453,1,300
249489,1,300
249523,1,300
249637,1,300
249687,1,300
249724,1,300
249781,1,300
249829,1,300
249848,1,300
249906,1,300
249924,1,300
249932,1,300
249998,1,300
250073,1,300
250077,1,300
250210,1,300
250219,1,300
250315,1,300
250402,1,300
250404,1,300
250407,1,300
250474,1,300
250541,1,300
250642,1,300
250648,1,300
250674,1,300
250723,1,300
250737,1,300
250795,1,300
250831,1,300
250869,1,300
250928,1,300
251003,1,300
251167,1,300
251207,1,300
251233,1,300
251238,1,300
251358,1,300
251404,1,300
251502,1,300
251513,1,300
251527,1,300
251796,1,300
251853,1,300
252010,1,300
252095,1,300
252099,1,300
252303,1,300
252373,1,300
252405,1,300
252475,1,300
252530,1,300
252573,1,300
252697,1,300
252795,1,300
252810,1,300
252836,1,300
252903,1,300
252992,1,300
253004,1,300
253022,1,300
253139,1,300
253229,1,300
253251,1,300
253327,1,300
253368,1,300
253408,1,300
253468,1,300
253817,1,300
254182,1,300
254270,1,300
254322,1,300
254357,1,300
254364,1,300
254426,1,300
254536,1,300
254550,1,300
254591,1,300
254733,1,300
255045,1,300
255075,1,300
255275,1,300
255292,1,300
255459,1,300
255472,1,300
255472,1,300
255608,1,300
255621,1,300
255734,1,300
255800,1,300
255804,1,300
255861,1,300
255932,1,300
256169,1,300
256183,1,300
256205,1,300
256206,1,300
256211,1,300
256249,1,300
256298,1,300
256375,1,300
256379,1,300
256411,1,300
256460,1,300
256466,1,300
256533,1,300
256539,1,300
256543,1,300
256544,1,300
256561,1,300
256598,1,300
256716,1,300
256744,1,300
256806,1,300
256927,1,300
257061,1,300
257077,1,300
257257,1,300
257311,1,300
257329,1,300
257351,1,300
257437,1,300
257461,1,300
257533,1,300
257671,1,300
257700,1,300
257705,1,300
257820,1,300
257843,1,300
257985,1,300
258027,1,300
258104,1,300
258114,1,300
258123,1,300
258192,1,300
258232,1,300
258467,1,300
258471,1,300
258528,1,300
258538,1,300
258649,1,300
258697,1,300
258831,1,300
258886,1,300
258935,1,300
259384,1,300
259393,1,300
259396,1,300
259417,1,300
259733,1,300
259798,1,300
259816,1,300
259822,1,300
259946,1,300
260107,1,300
260121,1,300
260140,1,300
260226,1,300
260328,1,300
260337,1,300
260430,1,300
260489,1,300
260603,1,300
260637,1,300
260658,1,300
260687,1,300
260709,1,300
260782,1,300
260821,1,300
260841,1,300
261023,1,300
261034,1,300
261049,1,300
261150,1,300
261240,1,300
261296,1,300
261380,1,300
261390,1,300
261426,1,300
261449,1,300
261459,1,300
261496,1,300
261516,1,300
261575,1,300
261604,1,300
261665,1,300
261666,1,300
261714,1,300
261844,1,300
261895,1,300
261899,1,300
262021,1,300
262039,1,300
262463,1,300
262707,1,300
262836,1,300
262993,1,300
262995,1,300
263001,1,300
263146,1,300
263169,1,300
263286,1,300
263425,1,300
263437,1,300
263475,1,300
263519,1,300
263585,1,300
263619,1,300
263688,1,300
263785,1,300
263806,1,300
263819,1,300
263883,1,300
263938,1,300
263981,1,300
263986,1,300
264029,1,300
264032,1,300
264082,1,300
264308,1,300
264345,1,300
264591,1,300
264625,1,300
264871,1,300
264925,1,300
265038,1,300
265256,1,300
265274,1,300
265292,1,300
265297,1,300
265370,1,300
265506,1,300
265579,1,300
265811,1,300
265837,1,300
266056,1,300
266381,1,300
266605,1,300
266762,1,300
266803,1,300
267069,1,300
267098,1,300
267396,1,300
267498,1,300
268088,1,300
268176,1,300
268263,1,300
268384,1,300
268400,1,300
268647,1,300
268937,1,300
269012,1,300
269200,1,300
269314,1,300
269410,1,300
269418,1,300
269921,1,300
270023,1,300
270228,1,300
270278,1,300
270388,1,300
270578,1,300
270632,1,300
270659,1,300
270778,1,300
271267,1,300
271366,1,300
271937,1,300
272024,1,300
272026,1,300
272105,1,300
272172,1,300
272354,1,300
272422,1,300
272701,1,300
272804,1,300
272912,1,300
273078,1,300
273390,1,300
273523,1,300
273554,1,300
273564,1,300
273802,1,300
274264,1,300
274466,1,300
274913,1,300
275048,1,300
275261,1,300
275278,1,300
275314,1,300
275670,1,300
275823,1,300
276016,1,300
276994,1,300
277020,1,300
277020,1,300
277511,1,300
277987,1,300
278272,1,300
278473,1,300
279575,1,300
279590,1,300
279646,1,300
279796,1,300
279817,1,300
279980,1,300
280059,1,300
280080,1,300
280177,1,300
280341,1,300
280651,1,300
281050,1,300
281158,1,300
281697,1,300
281749,1,300
282105,1,300
282235,1,300
282311,1,300
283101,1,300
283119,1,300
283188,1,300
283404,1,300
283496,1,300
283540,1,300
283590,1,300
283654,1,300
283656,1,300
283706,1,300
283729,1,300
283866,1,300
284187,1,300
284242,1,300
284445,1,300
284449,1,300
284458,1,300
284500,1,300
285748,1,300
285804,1,300
286204,1,300
286229,1,300
286267,1,300
286285,1,300
286315,1,300
286329,1,300
286495,1,300
286564,1,300
286672,1,300
286805,1,300
287110,1,300
287355,1,300
287542,1,300
287754,1,300
287920,1,300
288212,1,300
288365,1,300
288521,1,300
288541,1,300
288560,1,300
288654,1,300
289496,1,300
289605,1,300
290111,1,300
290309,1,300
290385,1,300
290751,1,300
