358,1,300
370,1,300
372,1,300
636,1,300
748,1,300
771,1,300
797,1,300
1175,1,300
1222,1,300
1371,1,300
1465,1,300
1629,1,300
1756,1,300
1838,1,300
1841,1,300
2077,1,300
2441,1,300
2817,1,300
3660,1,300
3737,1,300
3834,1,300
4177,1,300
4313,1,300
4742,1,300
4811,1,300
4824,1,300
6246,1,300
6294,1,300
6452,1,300
6514,1,300
6673,1,300
6748,1,300
6780,1,300
6916,1,300
7285,1,300
7309,1,300
7317,1,300
7586,1,300
7983,1,300
8239,1,300
8309,1,300
8382,1,300
8821,1,300
8893,1,300
9051,1,300
9057,1,300
9121,1,300
9186,1,300
9265,1,300
9287,1,300
9290,1,300
9291,1,300
9297,1,300
9452,1,300
9546,1,300
9751,1,300
9947,1,300
10216,1,300
10223,1,300
10364,1,300
10496,1,300
10543,1,300
10669,1,300
11048,1,300
11217,1,300
11723,1,300
11781,1,300
11793,1,300
11839,1,300
11936,1,300
12002,1,300
12211,1,300
12333,1,300
12419,1,300
12451,1,300
12721,1,300
12764,1,300
12789,1,300
12897,1,300
12922,1,300
12929,1,300
13097,1,300
13116,1,300
13243,1,300
13274,1,300
13758,1,300
14020,1,300
14108,1,300
14212,1,300
14537,1,300
14696,1,300
14799,1,300
15166,1,300
15338,1,300
15712,1,300
15767,1,300
15859,1,300
16040,1,300
16048,1,300
16060,1,300
16159,1,300
16409,1,300
16562,1,300
16596,1,300
17088,1,300
19170,1,300
19204,1,300
19858,1,300
20075,1,300
20431,1,300
20459,1,300
21101,1,300
21259,1,300
21294,1,300
21376,1,300
21580,1,300
21607,1,300
21641,1,300
21643,1,300
21667,1,300
21725,1,300
21948,1,300
22084,1,300
22122,1,300
22131,1,300
22483,1,300
22521,1,300
22550,1,300
22695,1,300
22711,1,300
22819,1,300
22942,1,300
22947,1,300
23069,1,300
23241,1,300
23301,1,300
23487,1,300
23885,1,300
23926,1,300
23950,1,300
24035,1,300
24075,1,300
24178,1,300
24229,1,300
24282,1,300
24524,1,300
24681,1,300
24729,1,300
24768,1,300
24782,1,300
24843,1,300
24889,1,300
25448,1,300
25518,1,300
25817,1,300
26018,1,300
26048,1,300
26123,1,300
26837,1,300
26842,1,300
26995,1,300
27194,1,300
27210,1,300
27812,1,300
27814,1,300
27846,1,300
28160,1,300
28263,1,300
28468,1,300
28538,1,300
28580,1,300
28672,1,300
28697,1,300
28750,1,300
28996,1,300
29044,1,300
29121,1,300
29209,1,300
29359,1,300
29377,1,300
29468,1,300
29477,1,300
29519,1,300
29826,1,300
29844,1,300
29936,1,300
30040,1,300
30041,1,300
30075,1,300
30336,1,300
30751,1,300
30825,1,300
31177,1,300
31191,1,300
31267,1,300
31311,1,300
31389,1,300
31449,1,300
31505,1,300
32533,1,300
32582,1,300
32863,1,300
33054,1,300
33091,1,300
33106,1,300
33151,1,300
33169,1,300
33174,1,300
33197,1,300
33304,1,300
33361,1,300
33416,1,300
33494,1,300
33522,1,300
33542,1,300
33559,1,300
33570,1,300
33672,1,300
33696,1,300
33850,1,300
33856,1,300
33912,1,300
33986,1,300
33992,1,300
34161,1,300
34208,1,300
34234,1,300
34292,1,300
34394,1,300
34430,1,300
34504,1,300
34523,1,300
34544,1,300
34569,1,300
34608,1,300
34841,1,300
35000,1,300
35144,1,300
35264,1,300
35276,1,300
35378,1,300
35404,1,300
35435,1,300
35810,1,300
35897,1,300
36066,1,300
36154,1,300
36155,1,300
36358,1,300
36763,1,300
36905,1,300
37015,1,300
37092,1,300
37096,1,300
37181,1,300
37316,1,300
37576,1,300
37581,1,300
37605,1,300
37619,1,300
38018,1,300
38133,1,300
38196,1,300
38299,1,300
38376,1,300
38424,1,300
38575,1,300
38576,1,300
38624,1,300
39056,1,300
39144,1,300
39189,1,300
39303,1,300
39311,1,300
39314,1,300
39396,1,300
39566,1,300
39727,1,300
39758,1,300
39791,1,300
40236,1,300
40256,1,300
40260,1,300
40318,1,300
40457,1,300
40468,1,300
40473,1,300
40728,1,300
40837,1,300
40854,1,300
40868,1,300
40955,1,300
41005,1,300
41117,1,300
41123,1,300
41144,1,300
41259,1,300
41329,1,300
41444,1,300
41447,1,300
42018,1,300
42027,1,300
42049,1,300
42079,1,300
42094,1,300
42169,1,300
42178,1,300
42316,1,300
42468,1,300
42951,1,300
43071,1,300
43139,1,300
43431,1,300
43590,1,300
43635,1,300
43850,1,300
44013,1,300
44123,1,300
44344,1,300
44353,1,300
44430,1,300
44554,1,300
44618,1,300
44658,1,300
44714,1,300
44737,1,300
44794,1,300
44823,1,300
44847,1,300
45011,1,300
45030,1,300
45034,1,300
45108,1,300
45120,1,300
45133,1,300
45158,1,300
45220,1,300
45236,1,300
45308,1,300
45316,1,300
45370,1,300
45405,1,300
45451,1,300
45473,1,300
45504,1,300
45536,1,300
45537,1,300
45585,1,300
45615,1,300
45635,1,300
45735,1,300
45878,1,300
45878,1,300
45921,1,300
46002,1,300
46030,1,300
46119,1,300
46120,1,300
46156,1,300
46172,1,300
46224,1,300
46282,1,300
46323,1,300
46379,1,300
46460,1,300
46469,1,300
46498,1,300
46577,1,300
46618,1,300
46659,1,300
46763,1,300
46785,1,300
46790,1,300
46800,1,300
46843,1,300
46865,1,300
46921,1,300
46927,1,300
47091,1,300
47157,1,300
47165,1,300
47169,1,300
47190,1,300
47200,1,300
47230,1,300
47308,1,300
47332,1,300
47352,1,300
47483,1,300
47514,1,300
47561,1,300
47562,1,300
47615,1,300
47737,1,300
47762,1,300
47764,1,300
47815,1,300
47839,1,300
47868,1,300
47925,1,300
47937,1,300
48024,1,300
48091,1,300
48106,1,300
48148,1,300
48284,1,300
48476,1,300
48486,1,300
48580,1,300
48584,1,300
48591,1,300
48632,1,300
48653,1,300
48681,1,300
48686,1,300
48719,1,300
48777,1,300
48800,1,300
48838,1,300
48846,1,300
48858,1,300
49119,1,300
49242,1,300
49250,1,300
49382,1,300
49539,1,300
49540,1,300
49568,1,300
49681,1,300
49688,1,300
49701,1,300
49782,1,300
49845,1,300
49856,1,300
49917,1,300
49946,1,300
49972,1,300
50104,1,300
50269,1,300
50275,1,300
50367,1,300
50439,1,300
50509,1,300
50600,1,300
50700,1,300
50723,1,300
50797,1,300
50848,1,300
50873,1,300
50879,1,300
50890,1,300
51013,1,300
51120,1,300
51198,1,300
51211,1,300
51216,1,300
51247,1,300
51265,1,300
51265,1,300
51313,1,300
51385,1,300
51421,1,300
51454,1,300
51476,1,300
51573,1,300
51632,1,300
51652,1,300
51656,1,300
51735,1,300
51780,1,300
52156,1,300
52161,1,300
52276,1,300
52517,1,300
52522,1,300
52552,1,300
52588,1,300
52608,1,300
52611,1,300
52620,1,300
52661,1,300
52663,1,300
52683,1,300
52744,1,300
52853,1,300
52924,1,300
53037,1,300
53109,1,300
53241,1,300
53310,1,300
53340,1,300
53340,1,300
53452,1,300
53504,1,300
53530,1,300
53532,1,300
53587,1,300
53631,1,300
53647,1,300
53711,1,300
53754,1,300
53756,1,300
53799,1,300
53805,1,300
53828,1,300
53916,1,300
53939,1,300
54090,1,300
54102,1,300
54752,1,300
54801,1,300
54899,1,300
55047,1,300
55077,1,300
55127,1,300
55191,1,300
55297,1,300
55440,1,300
55467,1,300
55479,1,300
55520,1,300
55524,1,300
55531,1,300
55650,1,300
55678,1,300
55793,1,300
55870,1,300
55902,1,300
55918,1,300
55954,1,300
55957,1,300
56028,1,300
56084,1,300
56092,1,300
56150,1,300
56162,1,300
56219,1,300
56240,1,300
56292,1,300
56326,1,300
56483,1,300
56485,1,300
56646,1,300
56760,1,300
56838,1,300
56847,1,300
56929,1,300
57014,1,300
57023,1,300
57043,1,300
57058,1,300
57072,1,300
57085,1,300
57103,1,300
57110,1,300
57133,1,300
57133,1,300
57141,1,300
57188,1,300
57190,1,300
57257,1,300
57294,1,300
57316,1,300
57317,1,300
57345,1,300
57345,1,300
57357,1,300
57377,1,300
57455,1,300
57455,1,300
57456,1,300
57466,1,300
57497,1,300
57543,1,300
57554,1,300
57595,1,300
57627,1,300
57639,1,300
57675,1,300
57676,1,300
57721,1,300
57747,1,300
57806,1,300
57844,1,300
57851,1,300
57864,1,300
57866,1,300
57876,1,300
57879,1,300
57923,1,300
57938,1,300
58031,1,300
58057,1,300
58119,1,300
58165,1,300
58183,1,300
58187,1,300
58257,1,300
58282,1,300
58302,1,300
58312,1,300
58314,1,300
58367,1,300
58478,1,300
58487,1,300
58489,1,300
58508,1,300
58563,1,300
58602,1,300
58644,1,300
58759,1,300
58821,1,300
58823,1,300
58852,1,300
58867,1,300
58868,1,300
58892,1,300
58946,1,300
59019,1,300
59146,1,300
59162,1,300
59179,1,300
59192,1,300
59204,1,300
59280,1,300
59417,1,300
59419,1,300
59509,1,300
59528,1,300
59533,1,300
59573,1,300
59583,1,300
59583,1,300
59584,1,300
59618,1,300
59632,1,300
59633,1,300
59686,1,300
59694,1,300
59714,1,300
59730,1,300
59730,1,300
59762,1,300
59790,1,300
59820,1,300
59850,1,300
59861,1,300
59865,1,300
59946,1,300
59973,1,300
60056,1,300
60076,1,300
60079,1,300
60108,1,300
60126,1,300
60166,1,300
60175,1,300
60181,1,300
60223,1,300
60328,1,300
60333,1,300
60358,1,300
60424,1,300
60518,1,300
60518,1,300
60745,1,300
60863,1,300
60971,1,300
61019,1,300
61036,1,300
61065,1,300
61068,1,300
61081,1,300
61084,1,300
61100,1,300
61103,1,300
61160,1,300
61181,1,300
61248,1,300
61249,1,300
61354,1,300
61430,1,300
61476,1,300
61582,1,300
61586,1,300
61621,1,300
61646,1,300
61812,1,300
61842,1,300
61852,1,300
61858,1,300
61910,1,300
61910,1,300
62003,1,300
62005,1,300
62122,1,300
62127,1,300
62161,1,300
62166,1,300
62177,1,300
62237,1,300
62249,1,300
62337,1,300
62420,1,300
62485,1,300
62533,1,300
62539,1,300
62552,1,300
62553,1,300
62584,1,300
62633,1,300
62679,1,300
62749,1,300
62753,1,300
62767,1,300
62853,1,300
62854,1,300
62927,1,300
63005,1,300
63053,1,300
63080,1,300
63090,1,300
63193,1,300
63211,1,300
63382,1,300
63383,1,300
63401,1,300
63485,1,300
63494,1,300
63503,1,300
63511,1,300
63515,1,300
63544,1,300
63657,1,300
63677,1,300
63692,1,300
63700,1,300
63726,1,300
63736,1,300
63795,1,300
63855,1,300
63857,1,300
63994,1,300
64002,1,300
64066,1,300
64094,1,300
64253,1,300
64302,1,300
64306,1,300
64315,1,300
64327,1,300
64355,1,300
64363,1,300
64397,1,300
64409,1,300
64422,1,300
64427,1,300
64440,1,300
64466,1,300
64470,1,300
64549,1,300
64558,1,300
64562,1,300
64570,1,300
64628,1,300
64632,1,300
64670,1,300
64680,1,300
64685,1,300
64686,1,300
64691,1,300
64699,1,300
64764,1,300
64781,1,300
64901,1,300
65089,1,300
65109,1,300
65187,1,300
65221,1,300
65260,1,300
65263,1,300
65280,1,300
65301,1,300
65481,1,300
65483,1,300
65485,1,300
65515,1,300
65624,1,300
65667,1,300
65672,1,300
65682,1,300
65736,1,300
65903,1,300
65909,1,300
65938,1,300
65974,1,300
66011,1,300
66029,1,300
66041,1,300
66058,1,300
66136,1,300
66248,1,300
66367,1,300
66437,1,300
66442,1,300
66463,1,300
66476,1,300
66484,1,300
66501,1,300
66512,1,300
66539,1,300
66608,1,300
66665,1,300
66701,1,300
66751,1,300
66850,1,300
66927,1,300
67020,1,300
67026,1,300
67084,1,300
67093,1,300
67096,1,300
67134,1,300
67210,1,300
67231,1,300
67280,1,300
67331,1,300
67343,1,300
67343,1,300
67437,1,300
67546,1,300
67569,1,300
67586,1,300
67650,1,300
67790,1,300
67794,1,300
67829,1,300
67989,1,300
68013,1,300
68030,1,300
68034,1,300
68082,1,300
68118,1,300
68150,1,300
68154,1,300
68160,1,300
68187,1,300
68231,1,300
68274,1,300
68399,1,300
68580,1,300
68583,1,300
68635,1,300
68724,1,300
68778,1,300
68812,1,300
68898,1,300
68996,1,300
69006,1,300
69048,1,300
69059,1,300
69101,1,300
69102,1,300
69119,1,300
69124,1,300
69254,1,300
69266,1,300
69307,1,300
69322,1,300
69328,1,300
69359,1,300
69390,1,300
69390,1,300
69390,1,300
69451,1,300
69489,1,300
69520,1,300
69547,1,300
69589,1,300
69625,1,300
69626,1,300
69638,1,300
69651,1,300
69658,1,300
69683,1,300
69708,1,300
69708,1,300
69710,1,300
69732,1,300
69734,1,300
69744,1,300
69764,1,300
69770,1,300
69775,1,300
69805,1,300
69808,1,300
69812,1,300
69813,1,300
69816,1,300
69834,1,300
69888,1,300
69922,1,300
69938,1,300
70021,1,300
70034,1,300
70038,1,300
70071,1,300
70116,1,300
70148,1,300
70164,1,300
70171,1,300
70171,1,300
70173,1,300
70189,1,300
70325,1,300
70347,1,300
70360,1,300
70432,1,300
70456,1,300
70457,1,300
70474,1,300
70485,1,300
70510,1,300
70514,1,300
70539,1,300
70546,1,300
70574,1,300
70597,1,300
70598,1,300
70606,1,300
70628,1,300
70645,1,300
70650,1,300
70658,1,300
70666,1,300
70696,1,300
70739,1,300
70827,1,300
70829,1,300
70850,1,300
70953,1,300
71033,1,300
71050,1,300
71073,1,300
71080,1,300
71088,1,300
71089,1,300
71106,1,300
71118,1,300
71148,1,300
71176,1,300
71216,1,300
71225,1,300
71312,1,300
71374,1,300
71400,1,300
71575,1,300
71598,1,300
71610,1,300
71629,1,300
71644,1,300
71655,1,300
71671,1,300
71677,1,300
71682,1,300
71699,1,300
71722,1,300
71831,1,300
71835,1,300
71837,1,300
71857,1,300
71909,1,300
71917,1,300
71920,1,300
71941,1,300
72019,1,300
72133,1,300
72153,1,300
72202,1,300
72254,1,300
72279,1,300
72295,1,300
72363,1,300
72364,1,300
72383,1,300
72402,1,300
72415,1,300
72482,1,300
72532,1,300
72546,1,300
72586,1,300
72613,1,300
72622,1,300
72718,1,300
72737,1,300
72783,1,300
72788,1,300
72795,1,300
72822,1,300
72834,1,300
72835,1,300
72917,1,300
72929,1,300
73004,1,300
73050,1,300
73091,1,300
73107,1,300
73124,1,300
73126,1,300
73150,1,300
73182,1,300
73326,1,300
73326,1,300
73410,1,300
73443,1,300
73511,1,300
73533,1,300
73549,1,300
73589,1,300
73675,1,300
73685,1,300
73694,1,300
73716,1,300
73729,1,300
73834,1,300
73845,1,300
73852,1,300
73909,1,300
73909,1,300
73926,1,300
73934,1,300
73959,1,300
74038,1,300
74059,1,300
74077,1,300
74090,1,300
74188,1,300
74190,1,300
74195,1,300
74305,1,300
74308,1,300
74356,1,300
74403,1,300
74445,1,300
74446,1,300
74465,1,300
74500,1,300
74568,1,300
74631,1,300
74676,1,300
74694,1,300
74710,1,300
74712,1,300
74721,1,300
74750,1,300
74775,1,300
74797,1,300
74800,1,300
74815,1,300
74829,1,300
74837,1,300
74842,1,300
74929,1,300
74939,1,300
74954,1,300
75002,1,300
75010,1,300
75058,1,300
75058,1,300
75068,1,300
75071,1,300
75119,1,300
75126,1,300
75169,1,300
75174,1,300
75192,1,300
75222,1,300
75247,1,300
75257,1,300
75270,1,300
75292,1,300
75325,1,300
75358,1,300
75361,1,300
75458,1,300
75478,1,300
75516,1,300
75561,1,300
75633,1,300
75651,1,300
75690,1,300
75713,1,300
75746,1,300
75771,1,300
75780,1,300
75791,1,300
75800,1,300
75828,1,300
75835,1,300
75885,1,300
76000,1,300
76013,1,300
76035,1,300
76039,1,300
76107,1,300
76128,1,300
76144,1,300
76149,1,300
76167,1,300
76176,1,300
76228,1,300
76276,1,300
76278,1,300
76280,1,300
76350,1,300
76363,1,300
76376,1,300
76458,1,300
76493,1,300
76533,1,300
76541,1,300
76572,1,300
76681,1,300
76699,1,300
76718,1,300
76722,1,300
76802,1,300
76820,1,300
76841,1,300
76843,1,300
76865,1,300
76875,1,300
77011,1,300
77024,1,300
77025,1,300
77042,1,300
77044,1,300
77046,1,300
77091,1,300
77136,1,300
77141,1,300
77142,1,300
77170,1,300
77189,1,300
77201,1,300
77203,1,300
77205,1,300
77233,1,300
77235,1,300
77302,1,300
77314,1,300
77322,1,300
77401,1,300
77415,1,300
77415,1,300
77466,1,300
77485,1,300
77539,1,300
77556,1,300
77589,1,300
77593,1,300
77621,1,300
77630,1,300
77639,1,300
77642,1,300
77655,1,300
77663,1,300
77692,1,300
77698,1,300
77710,1,300
77728,1,300
77754,1,300
77866,1,300
77868,1,300
77896,1,300
78074,1,300
78085,1,300
78112,1,300
78139,1,300
78210,1,300
78215,1,300
78227,1,300
78255,1,300
78272,1,300
78432,1,300
78465,1,300
78480,1,300
78509,1,300
78515,1,300
78518,1,300
78544,1,300
78578,1,300
78653,1,300
78712,1,300
78748,1,300
78759,1,300
78794,1,300
78842,1,300
79041,1,300
79053,1,300
79059,1,300
79089,1,300
79129,1,300
79156,1,300
79168,1,300
79194,1,300
79196,1,300
79241,1,300
79248,1,300
79339,1,300
79339,1,300
79414,1,300
79463,1,300
79471,1,300
79475,1,300
79570,1,300
79612,1,300
79627,1,300
79642,1,300
79693,1,300
79694,1,300
79696,1,300
79752,1,300
79768,1,300
79771,1,300
79780,1,300
79812,1,300
79882,1,300
79929,1,300
79936,1,300
79949,1,300
79965,1,300
80079,1,300
80103,1,300
80146,1,300
80170,1,300
80186,1,300
80215,1,300
80292,1,300
80317,1,300
80409,1,300
80427,1,300
80463,1,300
80487,1,300
80493,1,300
80538,1,300
80581,1,300
80584,1,300
80683,1,300
80703,1,300
80717,1,300
80726,1,300
80805,1,300
80805,1,300
80859,1,300
80883,1,300
80925,1,300
80949,1,300
80960,1,300
81024,1,300
81036,1,300
81055,1,300
81068,1,300
81074,1,300
81152,1,300
81190,1,300
81214,1,300
81221,1,300
81236,1,300
81243,1,300
81263,1,300
81271,1,300
81279,1,300
81281,1,300
81289,1,300
81324,1,300
81342,1,300
81389,1,300
81409,1,300
81431,1,300
81447,1,300
81508,1,300
81520,1,300
81525,1,300
81562,1,300
81567,1,300
81591,1,300
81594,1,300
81596,1,300
81608,1,300
81703,1,300
81715,1,300
81728,1,300
81753,1,300
81774,1,300
81828,1,300
81850,1,300
81927,1,300
81942,1,300
81950,1,300
81952,1,300
81966,1,300
82011,1,300
82030,1,300
82030,1,300
82040,1,300
82068,1,300
82098,1,300
82112,1,300
82119,1,300
82134,1,300
82140,1,300
82208,1,300
82253,1,300
82283,1,300
82289,1,300
82354,1,300
82364,1,300
82453,1,300
82453,1,300
82476,1,300
82501,1,300
82514,1,300
82517,1,300
82552,1,300
82577,1,300
82606,1,300
82616,1,300
82626,1,300
82641,1,300
82676,1,300
82726,1,300
82777,1,300
82802,1,300
82861,1,300
82875,1,300
82888,1,300
82908,1,300
82929,1,300
82930,1,300
82990,1,300
83028,1,300
83034,1,300
83062,1,300
83090,1,300
83091,1,300
83122,1,300
83131,1,300
83139,1,300
83184,1,300
83186,1,300
83204,1,300
83206,1,300
83237,1,300
83273,1,300
83379,1,300
83418,1,300
83420,1,300
83462,1,300
83476,1,300
83492,1,300
83529,1,300
83541,1,300
83560,1,300
83586,1,300
83659,1,300
83660,1,300
83681,1,300
83683,1,300
83708,1,300
83713,1,300
83736,1,300
83737,1,300
83747,1,300
83752,1,300
83791,1,300
83797,1,300
83818,1,300
83821,1,300
83836,1,300
83846,1,300
83892,1,300
83910,1,300
83910,1,300
83972,1,300
84004,1,300
84013,1,300
84025,1,300
84035,1,300
84042,1,300
84126,1,300
84126,1,300
84134,1,300
84156,1,300
84168,1,300
84176,1,300
84178,1,300
84246,1,300
84255,1,300
84264,1,300
84344,1,300
84393,1,300
84425,1,300
84448,1,300
84467,1,300
84476,1,300
84527,1,300
84589,1,300
84624,1,300
84629,1,300
84675,1,300
84752,1,300
84762,1,300
84797,1,300
84806,1,300
84832,1,300
84833,1,300
84862,1,300
84863,1,300
84877,1,300
84913,1,300
84935,1,300
84950,1,300
85010,1,300
85015,1,300
85029,1,300
85032,1,300
85042,1,300
85186,1,300
85199,1,300
85209,1,300
85267,1,300
85342,1,300
85371,1,300
85376,1,300
85392,1,300
85434,1,300
85506,1,300
85515,1,300
85683,1,300
85705,1,300
85718,1,300
85730,1,300
85745,1,300
85753,1,300
85761,1,300
85782,1,300
85787,1,300
85807,1,300
85818,1,300
85839,1,300
85842,1,300
85861,1,300
85908,1,300
85918,1,300
85927,1,300
85955,1,300
85980,1,300
86002,1,300
86008,1,300
86087,1,300
86091,1,300
86134,1,300
86144,1,300
86155,1,300
86162,1,300
86165,1,300
86166,1,300
86178,1,300
86190,1,300
86319,1,300
86323,1,300
86345,1,300
86351,1,300
86444,1,300
86509,1,300
86520,1,300
86528,1,300
86532,1,300
86558,1,300
86575,1,300
86590,1,300
86592,1,300
86638,1,300
86642,1,300
86662,1,300
86664,1,300
86688,1,300
86696,1,300
86702,1,300
86702,1,300
86706,1,300
86737,1,300
86778,1,300
86791,1,300
86820,1,300
86831,1,300
86845,1,300
86855,1,300
86857,1,300
86889,1,300
86912,1,300
86925,1,300
86926,1,300
86939,1,300
86940,1,300
86974,1,300
87006,1,300
87010,1,300
87072,1,300
87089,1,300
87099,1,300
87107,1,300
87111,1,300
87171,1,300
87183,1,300
87206,1,300
87206,1,300
87246,1,300
87279,1,300
87337,1,300
87354,1,300
87410,1,300
87436,1,300
87497,1,300
87557,1,300
87644,1,300
87686,1,300
87753,1,300
87771,1,300
87794,1,300
87828,1,300
87847,1,300
87854,1,300
87978,1,300
88002,1,300
88035,1,300
88038,1,300
88040,1,300
88047,1,300
88058,1,300
88120,1,300
88138,1,300
88237,1,300
88259,1,300
88272,1,300
88276,1,300
88298,1,300
88377,1,300
88429,1,300
88450,1,300
88465,1,300
88503,1,300
88503,1,300
88538,1,300
88547,1,300
88557,1,300
88569,1,300
88591,1,300
88601,1,300
88608,1,300
88620,1,300
88630,1,300
88685,1,300
88722,1,300
88767,1,300
88788,1,300
88794,1,300
88809,1,300
88815,1,300
88851,1,300
88863,1,300
88897,1,300
89044,1,300
89048,1,300
89117,1,300
89119,1,300
89169,1,300
89187,1,300
89198,1,300
89229,1,300
89243,1,300
89245,1,300
89281,1,300
89304,1,300
89309,1,300
89323,1,300
89345,1,300
89444,1,300
89472,1,300
89495,1,300
89552,1,300
89593,1,300
89621,1,300
89625,1,300
89676,1,300
89710,1,300
89722,1,300
89737,1,300
89781,1,300
89805,1,300
89809,1,300
89815,1,300
89877,1,300
89886,1,300
89897,1,300
89917,1,300
90042,1,300
90047,1,300
90050,1,300
90092,1,300
90132,1,300
90150,1,300
90190,1,300
90191,1,300
90206,1,300
90295,1,300
90332,1,300
90359,1,300
90370,1,300
90412,1,300
90416,1,300
90433,1,300
90456,1,300
90486,1,300
90513,1,300
90530,1,300
90550,1,300
90556,1,300
90571,1,300
90573,1,300
90582,1,300
90636,1,300
90715,1,300
90871,1,300
90883,1,300
90888,1,300
91114,1,300
91119,1,300
91178,1,300
91205,1,300
91268,1,300
91307,1,300
91309,1,300
91310,1,300
91329,1,300
91391,1,300
91401,1,300
91416,1,300
91455,1,300
91458,1,300
91468,1,300
91477,1,300
91477,1,300
91495,1,300
91519,1,300
91537,1,300
91556,1,300
91588,1,300
91595,1,300
91599,1,300
91610,1,300
91650,1,300
91719,1,300
91721,1,300
91758,1,300
91785,1,300
91800,1,300
91800,1,300
91922,1,300
91945,1,300
92007,1,300
92057,1,300
92079,1,300
92082,1,300
92083,1,300
92090,1,300
92103,1,300
92140,1,300
92215,1,300
92232,1,300
92252,1,300
92284,1,300
92302,1,300
92332,1,300
92340,1,300
92431,1,300
92499,1,300
92501,1,300
92629,1,300
92676,1,300
92737,1,300
92784,1,300
92819,1,300
92844,1,300
92954,1,300
92985,1,300
93004,1,300
93009,1,300
93015,1,300
93015,1,300
93017,1,300
93030,1,300
93032,1,300
93039,1,300
93040,1,300
93059,1,300
93064,1,300
93073,1,300
93098,1,300
93107,1,300
93114,1,300
93138,1,300
93145,1,300
93157,1,300
93243,1,300
93247,1,300
93255,1,300
93288,1,300
93310,1,300
93330,1,300
93362,1,300
93369,1,300
93369,1,300
93387,1,300
93403,1,300
93405,1,300
93411,1,300
93413,1,300
93413,1,300
93428,1,300
93435,1,300
93468,1,300
93503,1,300
93504,1,300
93521,1,300
93531,1,300
93531,1,300
93576,1,300
93588,1,300
93609,1,300
93609,1,300
93615,1,300
93628,1,300
93629,1,300
93636,1,300
93645,1,300
93665,1,300
93717,1,300
93721,1,300
93723,1,300
93731,1,300
93778,1,300
93797,1,300
93803,1,300
93893,1,300
93900,1,300
94003,1,300
94009,1,300
94039,1,300
94050,1,300
94071,1,300
94077,1,300
94141,1,300
94245,1,300
94273,1,300
94332,1,300
94338,1,300
94397,1,300
94399,1,300
94431,1,300
94462,1,300
94491,1,300
94492,1,300
94498,1,300
94506,1,300
94556,1,300
94556,1,300
94597,1,300
94603,1,300
94626,1,300
94639,1,300
94674,1,300
94681,1,300
94728,1,300
94750,1,300
94810,1,300
94837,1,300
94889,1,300
94936,1,300
94961,1,300
94964,1,300
95058,1,300
95061,1,300
95092,1,300
95108,1,300
95119,1,300
95127,1,300
95147,1,300
95171,1,300
95218,1,300
95297,1,300
95308,1,300
95329,1,300
95329,1,300
95408,1,300
95434,1,300
95435,1,300
95450,1,300
95466,1,300
95470,1,300
95480,1,300
95498,1,300
95504,1,300
95528,1,300
95530,1,300
95544,1,300
95552,1,300
95606,1,300
95606,1,300
95609,1,300
95619,1,300
95622,1,300
95649,1,300
95651,1,300
95654,1,300
95655,1,300
95738,1,300
95750,1,300
95760,1,300
95765,1,300
95784,1,300
95822,1,300
95885,1,300
95958,1,300
96006,1,300
96017,1,300
96023,1,300
96056,1,300
96064,1,300
96136,1,300
96148,1,300
96176,1,300
96209,1,300
96212,1,300
96245,1,300
96285,1,300
96314,1,300
96316,1,300
96329,1,300
96330,1,300
96375,1,300
96377,1,300
96400,1,300
96414,1,300
96538,1,300
96540,1,300
96578,1,300
96624,1,300
96632,1,300
96675,1,300
96727,1,300
96756,1,300
96783,1,300
96849,1,300
96854,1,300
96906,1,300
96924,1,300
96930,1,300
96940,1,300
96945,1,300
96960,1,300
97016,1,300
97094,1,300
97115,1,300
97135,1,300
97162,1,300
97167,1,300
97180,1,300
97196,1,300
97205,1,300
97290,1,300
97329,1,300
97356,1,300
97370,1,300
97413,1,300
97422,1,300
97465,1,300
97482,1,300
97487,1,300
97540,1,300
97547,1,300
97562,1,300
97605,1,300
97630,1,300
97646,1,300
97655,1,300
97665,1,300
97676,1,300
97706,1,300
97873,1,300
97932,1,300
98019,1,300
98053,1,300
98062,1,300
98157,1,300
98243,1,300
98259,1,300
98272,1,300
98274,1,300
98296,1,300
98310,1,300
98329,1,300
98365,1,300
98378,1,300
98388,1,300
98389,1,300
98395,1,300
98395,1,300
98395,1,300
98419,1,300
98463,1,300
98484,1,300
98487,1,300
98520,1,300
98562,1,300
98565,1,300
98683,1,300
98684,1,300
98685,1,300
98711,1,300
98739,1,300
98762,1,300
98816,1,300
98818,1,300
98834,1,300
98836,1,300
98846,1,300
98863,1,300
98881,1,300
98899,1,300
98906,1,300
98914,1,300
98943,1,300
99018,1,300
99019,1,300
99083,1,300
99117,1,300
99254,1,300
99270,1,300
99311,1,300
99338,1,300
99370,1,300
99451,1,300
99451,1,300
99463,1,300
99467,1,300
99487,1,300
99490,1,300
99508,1,300
99508,1,300
99522,1,300
99550,1,300
99615,1,300
99631,1,300
99641,1,300
99662,1,300
99673,1,300
99673,1,300
99701,1,300
99712,1,300
99724,1,300
99752,1,300
99752,1,300
99782,1,300
99801,1,300
99809,1,300
99820,1,300
99821,1,300
99855,1,300
99855,1,300
100016,1,300
100023,1,300
100023,1,300
100053,1,300
100066,1,300
100067,1,300
100089,1,300
100090,1,300
100095,1,300
100141,1,300
100199,1,300
100305,1,300
100306,1,300
100311,1,300
100313,1,300
100329,1,300
100333,1,300
100337,1,300
100357,1,300
100434,1,300
100440,1,300
100493,1,300
100502,1,300
100543,1,300
100558,1,300
100562,1,300
100651,1,300
100682,1,300
100686,1,300
100696,1,300
100724,1,300
100756,1,300
100759,1,300
100770,1,300
100775,1,300
100800,1,300
100806,1,300
100828,1,300
100834,1,300
100851,1,300
100855,1,300
100860,1,300
100877,1,300
100888,1,300
100903,1,300
100927,1,300
100936,1,300
100939,1,300
100970,1,300
101015,1,300
101020,1,300
101123,1,300
101142,1,300
101152,1,300
101192,1,300
101199,1,300
101290,1,300
101310,1,300
101331,1,300
101347,1,300
101392,1,300
101408,1,300
101537,1,300
101540,1,300
101597,1,300
101611,1,300
101620,1,300
101647,1,300
101716,1,300
101766,1,300
101809,1,300
101847,1,300
101897,1,300
102008,1,300
102010,1,300
102012,1,300
102034,1,300
102039,1,300
102048,1,300
102136,1,300
102166,1,300
102215,1,300
102311,1,300
102339,1,300
102342,1,300
102345,1,300
102374,1,300
102397,1,300
102416,1,300
102419,1,300
102506,1,300
102531,1,300
102588,1,300
102613,1,300
102728,1,300
102741,1,300
102805,1,300
102954,1,300
102956,1,300
102962,1,300
102971,1,300
103019,1,300
103067,1,300
103075,1,300
103133,1,300
103160,1,300
103221,1,300
103236,1,300
103261,1,300
103286,1,300
103289,1,300
103310,1,300
103319,1,300
103365,1,300
103394,1,300
103474,1,300
103489,1,300
103601,1,300
103620,1,300
103662,1,300
103697,1,300
103716,1,300
103768,1,300
103779,1,300
103858,1,300
103872,1,300
103897,1,300
103933,1,300
103937,1,300
103941,1,300
103963,1,300
103986,1,300
103994,1,300
104029,1,300
104039,1,300
104044,1,300
104079,1,300
104084,1,300
104084,1,300
104156,1,300
104170,1,300
104225,1,300
104266,1,300
104279,1,300
104327,1,300
104348,1,300
104410,1,300
104473,1,300
104502,1,300
104514,1,300
104518,1,300
104557,1,300
104603,1,300
104657,1,300
104668,1,300
104673,1,300
104694,1,300
104770,1,300
104779,1,300
104799,1,300
104815,1,300
104827,1,300
105048,1,300
105125,1,300
105152,1,300
105167,1,300
105171,1,300
105175,1,300
105200,1,300
105382,1,300
105427,1,300
105452,1,300
105470,1,300
105485,1,300
105490,1,300
105495,1,300
105503,1,300
105514,1,300
105525,1,300
105597,1,300
105666,1,300
105700,1,300
105725,1,300
105787,1,300
105821,1,300
105821,1,300
105822,1,300
105878,1,300
105899,1,300
105908,1,300
105948,1,300
105955,1,300
105960,1,300
106004,1,300
106028,1,300
106030,1,300
106032,1,300
106062,1,300
106074,1,300
106131,1,300
106133,1,300
106150,1,300
106192,1,300
106225,1,300
106234,1,300
106301,1,300
106334,1,300
106344,1,300
106381,1,300
106441,1,300
106483,1,300
106494,1,300
106496,1,300
106507,1,300
106518,1,300
106529,1,300
106536,1,300
106544,1,300
106640,1,300
106665,1,300
106666,1,300
106738,1,300
106746,1,300
106747,1,300
106845,1,300
106850,1,300
106896,1,300
106979,1,300
106997,1,300
106999,1,300
107048,1,300
107133,1,300
107174,1,300
107174,1,300
107182,1,300
107192,1,300
107197,1,300
107198,1,300
107236,1,300
107239,1,300
107249,1,300
107263,1,300
107263,1,300
107318,1,300
107332,1,300
107406,1,300
107407,1,300
107448,1,300
107467,1,300
107504,1,300
107528,1,300
107568,1,300
107572,1,300
107610,1,300
107633,1,300
107643,1,300
107659,1,300
107669,1,300
107682,1,300
107700,1,300
107723,1,300
107894,1,300
107911,1,300
108014,1,300
108033,1,300
108092,1,300
108119,1,300
108132,1,300
108295,1,300
108314,1,300
108474,1,300
108504,1,300
108556,1,300
108607,1,300
108636,1,300
108644,1,300
108661,1,300
108737,1,300
108891,1,300
108941,1,300
109141,1,300
109157,1,300
109160,1,300
109208,1,300
109213,1,300
109302,1,300
109342,1,300
109391,1,300
109442,1,300
109449,1,300
109463,1,300
109472,1,300
109473,1,300
109539,1,300
109547,1,300
109674,1,300
109681,1,300
109745,1,300
109762,1,300
109778,1,300
109793,1,300
109846,1,300
109867,1,300
109969,1,300
110021,1,300
110056,1,300
110091,1,300
110124,1,300
110158,1,300
110195,1,300
110216,1,300
110240,1,300
110290,1,300
110389,1,300
110400,1,300
110561,1,300
110678,1,300
110769,1,300
110783,1,300
110845,1,300
110851,1,300
110858,1,300
110864,1,300
110912,1,300
111020,1,300
111026,1,300
111191,1,300
111193,1,300
111228,1,300
111267,1,300
111270,1,300
111270,1,300
111320,1,300
111332,1,300
111344,1,300
111349,1,300
111365,1,300
111379,1,300
111446,1,300
111536,1,300
111580,1,300
111674,1,300
111674,1,300
111714,1,300
111760,1,300
111761,1,300
111812,1,300
111828,1,300
111896,1,300
111904,1,300
111915,1,300
111954,1,300
112003,1,300
112029,1,300
112050,1,300
112087,1,300
112107,1,300
112117,1,300
112119,1,300
112143,1,300
112191,1,300
112221,1,300
112228,1,300
112240,1,300
112245,1,300
112276,1,300
112293,1,300
112387,1,300
112391,1,300
112400,1,300
112446,1,300
112501,1,300
112555,1,300
112570,1,300
112627,1,300
112847,1,300
112883,1,300
112897,1,300
112906,1,300
112931,1,300
113016,1,300
113155,1,300
113186,1,300
113196,1,300
113232,1,300
113256,1,300
113305,1,300
113338,1,300
113341,1,300
113382,1,300
113452,1,300
113610,1,300
113614,1,300
113632,1,300
113705,1,300
113708,1,300
113747,1,300
113747,1,300
113796,1,300
113798,1,300
113802,1,300
114050,1,300
114127,1,300
114128,1,300
114159,1,300
114169,1,300
114178,1,300
114199,1,300
114270,1,300
114315,1,300
114402,1,300
114427,1,300
114432,1,300
114452,1,300
114584,1,300
114590,1,300
114610,1,300
114663,1,300
114808,1,300
114853,1,300
114874,1,300
114925,1,300
114927,1,300
114943,1,300
114949,1,300
114956,1,300
115017,1,300
115054,1,300
115086,1,300
115198,1,300
115212,1,300
115250,1,300
115264,1,300
115378,1,300
115393,1,300
115664,1,300
115700,1,300
115717,1,300
115740,1,300
115822,1,300
115878,1,300
116041,1,300
116056,1,300
116122,1,300
116179,1,300
116252,1,300
116268,1,300
116284,1,300
116374,1,300
116544,1,300
116665,1,300
116687,1,300
116688,1,300
116760,1,300
116794,1,300
116831,1,300
116869,1,300
116906,1,300
116929,1,300
116945,1,300
117002,1,300
117057,1,300
117088,1,300
117129,1,300
117130,1,300
117174,1,300
117236,1,300
117249,1,300
117299,1,300
117363,1,300
117371,1,300
117371,1,300
117399,1,300
117403,1,300
117406,1,300
117486,1,300
117488,1,300
117506,1,300
117577,1,300
117578,1,300
117650,1,300
117662,1,300
117673,1,300
117708,1,300
117710,1,300
117752,1,300
117834,1,300
117842,1,300
117844,1,300
117929,1,300
118016,1,300
118044,1,300
118114,1,300
118133,1,300
118151,1,300
118214,1,300
118479,1,300
118498,1,300
118515,1,300
118541,1,300
118548,1,300
118636,1,300
118666,1,300
118688,1,300
118703,1,300
118711,1,300
118787,1,300
118821,1,300
118872,1,300
118887,1,300
118891,1,300
119024,1,300
119025,1,300
119037,1,300
119093,1,300
119158,1,300
119173,1,300
119225,1,300
119226,1,300
119296,1,300
119391,1,300
119416,1,300
119416,1,300
119432,1,300
119490,1,300
119533,1,300
119566,1,300
119578,1,300
119664,1,300
119733,1,300
119746,1,300
119840,1,300
119951,1,300
120093,1,300
120132,1,300
120142,1,300
120147,1,300
120154,1,300
120181,1,300
120267,1,300
120325,1,300
120337,1,300
120436,1,300
120477,1,300
120499,1,300
120534,1,300
120572,1,300
120719,1,300
120773,1,300
120831,1,300
121017,1,300
121026,1,300
121067,1,300
121085,1,300
121200,1,300
121221,1,300
121239,1,300
121259,1,300
121585,1,300
121599,1,300
121604,1,300
121682,1,300
121788,1,300
121847,1,300
121958,1,300
122005,1,300
122021,1,300
122056,1,300
122137,1,300
122171,1,300
122209,1,300
122216,1,300
122366,1,300
122449,1,300
122476,1,300
122479,1,300
122639,1,300
122645,1,300
122684,1,300
122688,1,300
122688,1,300
122720,1,300
122734,1,300
122737,1,300
122810,1,300
122905,1,300
122944,1,300
122945,1,300
123075,1,300
123221,1,300
123225,1,300
123267,1,300
123269,1,300
123302,1,300
123325,1,300
123493,1,300
123610,1,300
123663,1,300
123838,1,300
123849,1,300
123859,1,300
123864,1,300
123871,1,300
124030,1,300
124045,1,300
124096,1,300
124185,1,300
124188,1,300
124210,1,300
124261,1,300
124327,1,300
124346,1,300
124366,1,300
124377,1,300
124399,1,300
124423,1,300
124482,1,300
124499,1,300
124502,1,300
124543,1,300
124543,1,300
124554,1,300
124711,1,300
124753,1,300
124773,1,300
124864,1,300
124868,1,300
124889,1,300
124901,1,300
125152,1,300
125257,1,300
125286,1,300
125292,1,300
125312,1,300
125325,1,300
125344,1,300
125535,1,300
125580,1,300
125606,1,300
125619,1,300
125620,1,300
125985,1,300
125997,1,300
126003,1,300
126065,1,300
126238,1,300
126379,1,300
126407,1,300
126421,1,300
126432,1,300
126459,1,300
126528,1,300
126562,1,300
126582,1,300
126614,1,300
126735,1,300
126737,1,300
126840,1,300
126844,1,300
126850,1,300
126981,1,300
126991,1,300
127111,1,300
127132,1,300
127206,1,300
127241,1,300
127249,1,300
127330,1,300
127352,1,300
127355,1,300
127388,1,300
127426,1,300
127457,1,300
127483,1,300
127503,1,300
127520,1,300
127593,1,300
127600,1,300
127673,1,300
127756,1,300
127796,1,300
127812,1,300
127860,1,300
127890,1,300
128001,1,300
128171,1,300
128190,1,300
128281,1,300
128319,1,300
128430,1,300
128631,1,300
128652,1,300
128880,1,300
129123,1,300
129131,1,300
129181,1,300
129247,1,300
129348,1,300
129408,1,300
129504,1,300
129530,1,300
129594,1,300
129632,1,300
129674,1,300
129741,1,300
129767,1,300
129794,1,300
129915,1,300
129969,1,300
130131,1,300
130152,1,300
130361,1,300
130651,1,300
130704,1,300
130704,1,300
130746,1,300
130750,1,300
130798,1,300
130860,1,300
130873,1,300
130885,1,300
130954,1,300
131042,1,300
131062,1,300
131068,1,300
131172,1,300
131289,1,300
131311,1,300
131326,1,300
131413,1,300
131463,1,300
131564,1,300
131834,1,300
131859,1,300
131874,1,300
131880,1,300
132060,1,300
132062,1,300
132077,1,300
132096,1,300
132165,1,300
132175,1,300
132178,1,300
132265,1,300
132326,1,300
132403,1,300
132425,1,300
132504,1,300
132522,1,300
132575,1,300
132845,1,300
132889,1,300
133031,1,300
133068,1,300
133179,1,300
133239,1,300
133331,1,300
133441,1,300
133673,1,300
133684,1,300
133689,1,300
133720,1,300
133855,1,300
134041,1,300
134122,1,300
134206,1,300
134281,1,300
134397,1,300
134470,1,300
134474,1,300
134597,1,300
134615,1,300
134698,1,300
134708,1,300
134754,1,300
134791,1,300
135239,1,300
135697,1,300
135734,1,300
135752,1,300
135967,1,300
136056,1,300
136071,1,300
136144,1,300
136176,1,300
136455,1,300
136524,1,300
136526,1,300
136836,1,300
136861,1,300
137014,1,300
137014,1,300
137422,1,300
137541,1,300
137558,1,300
137748,1,300
137822,1,300
137880,1,300
138313,1,300
138402,1,300
138864,1,300
138998,1,300
139007,1,300
139108,1,300
139185,1,300
139208,1,300
139215,1,300
139303,1,300
139517,1,300
139539,1,300
139575,1,300
139837,1,300
139862,1,300
139951,1,300
139966,1,300
139991,1,300
140000,1,300
140057,1,300
140102,1,300
140626,1,300
141055,1,300
141070,1,300
141165,1,300
141232,1,300
141355,1,300
141365,1,300
141402,1,300
141512,1,300
141594,1,300
141666,1,300
141678,1,300
141706,1,300
141720,1,300
141842,1,300
141872,1,300
142030,1,300
142057,1,300
142268,1,300
142424,1,300
142427,1,300
142846,1,300
143032,1,300
143078,1,300
143185,1,300
143412,1,300
143444,1,300
143482,1,300
143567,1,300
143786,1,300
144031,1,300
144358,1,300
144476,1,300
144663,1,300
144663,1,300
144801,1,300
144811,1,300
145036,1,300
145117,1,300
145130,1,300
145215,1,300
145365,1,300
145387,1,300
145410,1,300
145422,1,300
145527,1,300
145544,1,300
145545,1,300
145728,1,300
145862,1,300
145883,1,300
145921,1,300
146016,1,300
146098,1,300
146160,1,300
146381,1,300
146531,1,300
146586,1,300
146587,1,300
146619,1,300
146626,1,300
146698,1,300
146722,1,300
146809,1,300
146934,1,300
146941,1,300
147048,1,300
147531,1,300
147689,1,300
147721,1,300
148625,1,300
148628,1,300
148766,1,300
148861,1,300
149040,1,300
149128,1,300
149205,1,300
149302,1,300
149305,1,300
149372,1,300
149393,1,300
149493,1,300
149550,1,300
149931,1,300
149956,1,300
150232,1,300
150403,1,300
150540,1,300
150779,1,300
150804,1,300
151030,1,300
151219,1,300
151298,1,300
151301,1,300
151343,1,300
151418,1,300
151506,1,300
151664,1,300
151666,1,300
151679,1,300
151714,1,300
151877,1,300
151984,1,300
152012,1,300
152134,1,300
152138,1,300
152368,1,300
152437,1,300
153073,1,300
153130,1,300
153237,1,300
153298,1,300
153615,1,300
153635,1,300
153866,1,300
153894,1,300
153924,1,300
154177,1,300
154352,1,300
154409,1,300
154588,1,300
154624,1,300
154803,1,300
154828,1,300
155127,1,300
155141,1,300
155185,1,300
155231,1,300
155392,1,300
155474,1,300
155549,1,300
155549,1,300
155737,1,300
155774,1,300
155784,1,300
155860,1,300
156692,1,300
156756,1,300
157018,1,300
157901,1,300
158575,1,300
158636,1,300
159085,1,300
159154,1,300
159473,1,300
159767,1,300
160016,1,300
160292,1,300
160294,1,300
160624,1,300
160681,1,300
160709,1,300
160867,1,300
160929,1,300
161101,1,300
161489,1,300
161827,1,300
162223,1,300
162810,1,300
163145,1,300
163323,1,300
163335,1,300
163431,1,300
163766,1,300
164059,1,300
164499,1,300
164582,1,300
164795,1,300
164896,1,300
165111,1,300
165211,1,300
165275,1,300
165308,1,300
165318,1,300
165336,1,300
165373,1,300
165461,1,300
165516,1,300
165521,1,300
165555,1,300
165560,1,300
165637,1,300
165662,1,300
165697,1,300
165761,1,300
165783,1,300
165896,1,300
165904,1,300
165921,1,300
166362,1,300
166445,1,300
166537,1,300
166763,1,300
166772,1,300
166832,1,300
166925,1,300
166929,1,300
167047,1,300
167242,1,300
167243,1,300
167518,1,300
167621,1,300
167801,1,300
167835,1,300
167884,1,300
167942,1,300
167953,1,300
168089,1,300
168093,1,300
168273,1,300
168333,1,300
168379,1,300
168460,1,300
168695,1,300
168781,1,300
169321,1,300
169553,1,300
170434,1,300
170671,1,300
170739,1,300
170744,1,300
170772,1,300
170910,1,300
170963,1,300
171221,1,300
171510,1,300
171544,1,300
171664,1,300
171677,1,300
171686,1,300
171840,1,300
171912,1,300
171932,1,300
172156,1,300
172195,1,300
172580,1,300
172651,1,300
173280,1,300
173655,1,300
173845,1,300
174189,1,300
175007,1,300
175173,1,300
175280,1,300
175358,1,300
175544,1,300
176067,1,300
176105,1,300
176149,1,300
176185,1,300
177007,1,300
177079,1,300
177124,1,300
177238,1,300
177373,1,300
177376,1,300
177470,1,300
177511,1,300
177527,1,300
177563,1,300
177618,1,300
177870,1,300
177916,1,300
177948,1,300
177952,1,300
177956,1,300
178074,1,300
178108,1,300
178419,1,300
178475,1,300
178651,1,300
178830,1,300
178881,1,300
179064,1,300
179190,1,300
179565,1,300
179759,1,300
180318,1,300
180611,1,300
180632,1,300
181375,1,300
181818,1,300
182227,1,300
182621,1,300
182944,1,300
183043,1,300
183056,1,300
183062,1,300
183079,1,300
183134,1,300
183630,1,300
184028,1,300
184082,1,300
184121,1,300
184246,1,300
184359,1,300
184373,1,300
184717,1,300
184746,1,300
185295,1,300
185398,1,300
185446,1,300
185486,1,300
185589,1,300
186445,1,300
186631,1,300
186733,1,300
186808,1,300
187099,1,300
187138,1,300
187146,1,300
187551,1,300
187690,1,300
187977,1,300
188008,1,300
188443,1,300
188583,1,300
188739,1,300
188747,1,300
189011,1,300
189011,1,300
189065,1,300
189126,1,300
189179,1,300
189188,1,300
189212,1,300
189331,1,300
189465,1,300
189482,1,300
189528,1,300
189674,1,300
189681,1,300
189695,1,300
189726,1,300
189876,1,300
190514,1,300
191013,1,300
191292,1,300
191301,1,300
191762,1,300
191762,1,300
192001,1,300
192622,1,300
192691,1,300
192725,1,300
193090,1,300
193196,1,300
193362,1,300
193613,1,300
193755,1,300
193816,1,300
194428,1,300
194542,1,300
194594,1,300
195084,1,300
195238,1,300
195359,1,300
195444,1,300
195612,1,300
195693,1,300
195718,1,300
195770,1,300
195901,1,300
195980,1,300
196102,1,300
196128,1,300
196158,1,300
196169,1,300
196748,1,300
196974,1,300
196990,1,300
197344,1,300
197482,1,300
197603,1,300
197975,1,300
199019,1,300
199182,1,300
199348,1,300
199352,1,300
199475,1,300
199731,1,300
199784,1,300
200073,1,300
200773,1,300
200902,1,300
200920,1,300
201043,1,300
201077,1,300
201124,1,300
201127,1,300
201139,1,300
201230,1,300
201267,1,300
201348,1,300
201402,1,300
201403,1,300
201539,1,300
201545,1,300
201559,1,300
201607,1,300
201633,1,300
201657,1,300
201658,1,300
201753,1,300
201854,1,300
201886,1,300
201934,1,300
201999,1,300
202031,1,300
202195,1,300
202342,1,300
202349,1,300
202412,1,300
202570,1,300
202584,1,300
202688,1,300
202840,1,300
202864,1,300
203068,1,300
203104,1,300
203179,1,300
203488,1,300
203540,1,300
203791,1,300
203894,1,300
204046,1,300
204078,1,300
204080,1,300
204219,1,300
204250,1,300
204497,1,300
204656,1,300
205004,1,300
205023,1,300
205103,1,300
205121,1,300
205499,1,300
205512,1,300
205763,1,300
205850,1,300
205917,1,300
206034,1,300
206305,1,300
206691,1,300
206719,1,300
206743,1,300
207043,1,300
207054,1,300
207086,1,300
207091,1,300
207111,1,300
207248,1,300
207320,1,300
207332,1,300
207387,1,300
207405,1,300
207642,1,300
207643,1,300
207686,1,300
208132,1,300
208264,1,300
208350,1,300
208589,1,300
208657,1,300
208883,1,300
209016,1,300
209072,1,300
209099,1,300
209184,1,300
210071,1,300
210845,1,300
211071,1,300
211095,1,300
211138,1,300
211251,1,300
211454,1,300
211674,1,300
211840,1,300
211865,1,300
212029,1,300
212294,1,300
212326,1,300
212333,1,300
212348,1,300
212367,1,300
212495,1,300
212538,1,300
212996,1,300
213019,1,300
213028,1,300
213033,1,300
213036,1,300
213059,1,300
213088,1,300
213188,1,300
213291,1,300
213312,1,300
213522,1,300
213532,1,300
213545,1,300
213670,1,300
213725,1,300
213745,1,300
213763,1,300
213772,1,300
214026,1,300
214027,1,300
214077,1,300
214101,1,300
214293,1,300
214439,1,300
214555,1,300
214587,1,300
214641,1,300
214778,1,300
214841,1,300
215013,1,300
215094,1,300
215112,1,300
215288,1,300
215511,1,300
215516,1,300
215645,1,300
215677,1,300
215909,1,300
216197,1,300
216382,1,300
216482,1,300
216484,1,300
216695,1,300
216786,1,300
216870,1,300
216873,1,300
217041,1,300
217139,1,300
217239,1,300
217442,1,300
217680,1,300
217688,1,300
217778,1,300
217819,1,300
217846,1,300
217849,1,300
218038,1,300
218088,1,300
218309,1,300
218706,1,300
219287,1,300
219298,1,300
219313,1,300
219507,1,300
219529,1,300
219614,1,300
219649,1,300
219850,1,300
220116,1,300
220134,1,300
220653,1,300
220837,1,300
220900,1,300
221062,1,300
221201,1,300
221251,1,300
221252,1,300
221263,1,300
221544,1,300
221595,1,300
221706,1,300
221757,1,300
222139,1,300
222147,1,300
222252,1,300
222315,1,300
222706,1,300
222820,1,300
223031,1,300
223078,1,300
223185,1,300
223344,1,300
223378,1,300
223828,1,300
223890,1,300
223891,1,300
223948,1,300
223962,1,300
224053,1,300
224063,1,300
224080,1,300
224240,1,300
224398,1,300
224610,1,300
224667,1,300
224899,1,300
225066,1,300
225142,1,300
225170,1,300
225182,1,300
225210,1,300
225242,1,300
225264,1,300
225268,1,300
225408,1,300
225409,1,300
225434,1,300
225505,1,300
225518,1,300
225574,1,300
225687,1,300
225694,1,300
225756,1,300
225780,1,300
225788,1,300
225866,1,300
225878,1,300
225913,1,300
225916,1,300
226162,1,300
226187,1,300
226226,1,300
226339,1,300
226368,1,300
226431,1,300
226513,1,300
226600,1,300
226643,1,300
226881,1,300
226900,1,300
226968,1,300
227085,1,300
227086,1,300
227135,1,300
227537,1,300
227541,1,300
227574,1,300
227680,1,300
227682,1,300
227731,1,300
227745,1,300
227847,1,300
227864,1,300
227905,1,300
228006,1,300
228012,1,300
228147,1,300
228345,1,300
228368,1,300
228404,1,300
228528,1,300
228552,1,300
228553,1,300
228570,1,300
228632,1,300
228702,1,300
228703,1,300
228712,1,300
228787,1,300
228872,1,300
229009,1,300
229036,1,300
229106,1,300
229169,1,300
229215,1,300
229387,1,300
229514,1,300
229576,1,300
229679,1,300
229705,1,300
229806,1,300
229966,1,300
230075,1,300
230221,1,300
230227,1,300
230415,1,300
230442,1,300
230521,1,300
230622,1,300
230649,1,300
230722,1,300
230820,1,300
230878,1,300
231064,1,300
231085,1,300
231099,1,300
231131,1,300
231279,1,300
231301,1,300
231367,1,300
231420,1,300
231430,1,300
231579,1,300
231621,1,300
231658,1,300
231743,1,300
231775,1,300
231784,1,300
231796,1,300
231845,1,300
231878,1,300
231882,1,300
231908,1,300
231937,1,300
232189,1,300
232241,1,300
232420,1,300
232569,1,300
232755,1,300
232822,1,300
232831,1,300
232854,1,300
232986,1,300
232987,1,300
233052,1,300
233119,1,300
233125,1,300
233143,1,300
233159,1,300
233210,1,300
233265,1,300
233306,1,300
233521,1,300
233539,1,300
233611,1,300
233619,1,300
233638,1,300
233714,1,300
233738,1,300
233957,1,300
233979,1,300
234119,1,300
234330,1,300
234359,1,300
234410,1,300
234493,1,300
234592,1,300
234627,1,300
234636,1,300
234701,1,300
234711,1,300
234733,1,300
234746,1,300
234781,1,300
234913,1,300
235510,1,300
235567,1,300
235740,1,300
235744,1,300
235808,1,300
235888,1,300
235907,1,300
235972,1,300
236009,1,300
236027,1,300
236108,1,300
236183,1,300
236232,1,300
236262,1,300
236327,1,300
236328,1,300
236415,1,300
237026,1,300
237055,1,300
237067,1,300
237072,1,300
237079,1,300
237094,1,300
237100,1,300
237187,1,300
237206,1,300
237216,1,300
237231,1,300
237407,1,300
237421,1,300
237527,1,300
237545,1,300
237587,1,300
237590,1,300
237619,1,300
237649,1,300
237684,1,300
237717,1,300
237742,1,300
237778,1,300
237793,1,300
237801,1,300
237877,1,300
237907,1,300
237918,1,300
237952,1,300
238040,1,300
238108,1,300
238273,1,300
238438,1,300
238457,1,300
238463,1,300
238534,1,300
238612,1,300
238689,1,300
238861,1,300
238901,1,300
238936,1,300
239048,1,300
239063,1,300
239072,1,300
239084,1,300
239131,1,300
239163,1,300
239225,1,300
239225,1,300
239422,1,300
239679,1,300
239736,1,300
239746,1,300
240074,1,300
240136,1,300
240209,1,300
240281,1,300
240314,1,300
240339,1,300
240361,1,300
240368,1,300
240381,1,300
240402,1,300
240431,1,300
240444,1,300
240505,1,300
240541,1,300
240600,1,300
240624,1,300
240738,1,300
240756,1,300
240784,1,300
240826,1,300
241028,1,300
241067,1,300
241094,1,300
241182,1,300
241220,1,300
241268,1,300
241271,1,300
241331,1,300
241412,1,300
241431,1,300
241510,1,300
241565,1,300
241603,1,300
241697,1,300
241721,1,300
241818,1,300
241821,1,300
241842,1,300
242083,1,300
242104,1,300
242166,1,300
242236,1,300
242353,1,300
242412,1,300
242567,1,300
242754,1,300
242857,1,300
243157,1,300
243193,1,300
243205,1,300
243216,1,300
243221,1,300
243382,1,300
243386,1,300
243404,1,300
243451,1,300
243474,1,300
243475,1,300
243561,1,300
243643,1,300
243777,1,300
243800,1,300
243809,1,300
243869,1,300
243875,1,300
244045,1,300
244069,1,300
244072,1,300
244153,1,300
244219,1,300
244230,1,300
244289,1,300
244334,1,300
244592,1,300
244675,1,300
244707,1,300
244707,1,300
244736,1,300
244792,1,300
244897,1,300
245024,1,300
245064,1,300
245133,1,300
245155,1,300
245266,1,300
245277,1,300
245304,1,300
245398,1,300
245422,1,300
245444,1,300
245585,1,300
245709,1,300
245750,1,300
245757,1,300
245767,1,300
245799,1,300
245883,1,300
245985,1,300
246020,1,300
246097,1,300
246107,1,300
246288,1,300
246323,1,300
246405,1,300
246549,1,300
246575,1,300
246597,1,300
246625,1,300
246676,1,300
246743,1,300
246870,1,300
247002,1,300
247053,1,300
247151,1,300
247216,1,300
247233,1,300
247241,1,300
247268,1,300
247288,1,300
247359,1,300
247730,1,300
247867,1,300
248131,1,300
248335,1,300
248370,1,300
248561,1,300
248603,1,300
248649,1,300
248778,1,300
249008,1,300
249038,1,300
249055,1,300
249095,1,300
249097,1,300
249106,1,300
249173,1,300
249399,1,300
249411,1,300
249546,1,300
249618,1,300
249729,1,300
249767,1,300
249815,1,300
249853,1,300
249861,1,300
249897,1,300
249906,1,300
249949,1,300
250065,1,300
250106,1,300
250178,1,300
250208,1,300
250229,1,300
250284,1,300
250292,1,300
250672,1,300
250822,1,300
250930,1,300
250930,1,300
251085,1,300
251182,1,300
251186,1,300
251234,1,300
251308,1,300
251395,1,300
251424,1,300
251717,1,300
251799,1,300
252036,1,300
252045,1,300
252055,1,300
252118,1,300
252233,1,300
252277,1,300
252321,1,300
252331,1,300
252344,1,300
252425,1,300
252458,1,300
252665,1,300
252692,1,300
252790,1,300
252908,1,300
252935,1,300
252963,1,300
252963,1,300
253012,1,300
253039,1,300
253369,1,300
253373,1,300
253426,1,300
253509,1,300
253528,1,300
253529,1,300
253590,1,300
253637,1,300
253646,1,300
253728,1,300
253754,1,300
253783,1,300
253812,1,300
253866,1,300
254166,1,300
254454,1,300
254469,1,300
254501,1,300
254574,1,300
254632,1,300
254653,1,300
254656,1,300
254672,1,300
254682,1,300
254696,1,300
254776,1,300
254851,1,300
254866,1,300
254891,1,300
254998,1,300
255001,1,300
255007,1,300
255069,1,300
255080,1,300
255092,1,300
255140,1,300
255212,1,300
255370,1,300
255448,1,300
255601,1,300
255613,1,300
256045,1,300
256182,1,300
256227,1,300
256316,1,300
256587,1,300
256723,1,300
256851,1,300
256870,1,300
257014,1,300
257064,1,300
257116,1,300
257123,1,300
257126,1,300
257411,1,300
257424,1,300
257442,1,300
257498,1,300
257578,1,300
257589,1,300
257821,1,300
257824,1,300
257850,1,300
257892,1,300
257969,1,300
258013,1,300
258048,1,300
258233,1,300
258272,1,300
258323,1,300
258341,1,300
258360,1,300
258378,1,300
258474,1,300
258513,1,300
258524,1,300
258581,1,300
258793,1,300
258873,1,300
258906,1,300
259135,1,300
259343,1,300
259518,1,300
259633,1,300
259712,1,300
259714,1,300
259946,1,300
260076,1,300
260104,1,300
260229,1,300
260413,1,300
260551,1,300
260584,1,300
260666,1,300
260775,1,300
260863,1,300
260880,1,300
261039,1,300
261059,1,300
261059,1,300
261130,1,300
261177,1,300
261281,1,300
261313,1,300
261590,1,300
261663,1,300
261785,1,300
261856,1,300
261881,1,300
262045,1,300
262048,1,300
262048,1,300
262089,1,300
262136,1,300
262143,1,300
262238,1,300
262396,1,300
262589,1,300
262629,1,300
262730,1,300
263022,1,300
263203,1,300
263272,1,300
263408,1,300
263486,1,300
263531,1,300
263831,1,300
263952,1,300
263971,1,300
264019,1,300
264137,1,300
264140,1,300
264437,1,300
265316,1,300
265590,1,300
265677,1,300
265780,1,300
265880,1,300
266212,1,300
266426,1,300
266440,1,300
266523,1,300
266774,1,300
267054,1,300
267123,1,300
267138,1,300
267169,1,300
267209,1,300
267641,1,300
267896,1,300
268065,1,300
268319,1,300
268454,1,300
269011,1,300
269051,1,300
269102,1,300
269194,1,300
269238,1,300
270020,1,300
270246,1,300
270640,1,300
271106,1,300
271433,1,300
271833,1,300
271992,1,300
272052,1,300
272180,1,300
272349,1,300
272775,1,300
272811,1,300
272844,1,300
273019,1,300
273042,1,300
273112,1,300
273301,1,300
273421,1,300
273632,1,300
273678,1,300
273733,1,300
274094,1,300
274113,1,300
274508,1,300
274623,1,300
274715,1,300
274744,1,300
275021,1,300
275519,1,300
275683,1,300
275711,1,300
276992,1,300
277011,1,300
277046,1,300
277236,1,300
277339,1,300
279506,1,300
280051,1,300
280157,1,300
280421,1,300
281119,1,300
282205,1,300
282209,1,300
282502,1,300
282883,1,300
283045,1,300
283098,1,300
283182,1,300
283236,1,300
283253,1,300
283366,1,300
283382,1,300
283426,1,300
283432,1,300
283440,1,300
283606,1,300
283659,1,300
283823,1,300
283833,1,300
283931,1,300
284141,1,300
284237,1,300
284556,1,300
284632,1,300
284679,1,300
284727,1,300
285014,1,300
285259,1,300
285889,1,300
286047,1,300
286173,1,300
286847,1,300
286909,1,300
287079,1,300
287083,1,300
287134,1,300
287148,1,300
287197,1,300
287199,1,300
287550,1,300
287907,1,300
288563,1,300
289078,1,300
289103,1,300
290493,1,300
290733,1,300
