48,1,250
94,1,250
133,1,250
147,1,250
323,1,250
436,1,250
532,1,250
587,1,250
695,1,250
707,1,250
1161,1,250
1323,1,250
1349,1,250
1920,1,250
1930,1,250
2039,1,250
2061,1,250
2095,1,250
2101,1,250
2156,1,250
2157,1,250
2191,1,250
2205,1,250
2284,1,250
2285,1,250
2299,1,250
2328,1,250
2603,1,250
3071,1,250
3073,1,250
3394,1,250
3617,1,250
3757,1,250
4042,1,250
4101,1,250
4114,1,250
4233,1,250
4256,1,250
4366,1,250
4368,1,250
4439,1,250
4492,1,250
4545,1,250
4623,1,250
4666,1,250
4785,1,250
4896,1,250
4962,1,250
5006,1,250
5008,1,250
5045,1,250
5072,1,250
5196,1,250
5228,1,250
5454,1,250
6101,1,250
6193,1,250
6210,1,250
6279,1,250
6318,1,250
6349,1,250
6386,1,250
7103,1,250
7192,1,250
7217,1,250
7622,1,250
7784,1,250
7793,1,250
8005,1,250
8241,1,250
8317,1,250
8557,1,250
8698,1,250
8751,1,250
8778,1,250
9003,1,250
9043,1,250
9235,1,250
9295,1,250
9366,1,250
9378,1,250
9438,1,250
9536,1,250
9577,1,250
9870,1,250
9910,1,250
10003,1,250
10005,1,250
10049,1,250
10061,1,250
10064,1,250
10136,1,250
10162,1,250
10165,1,250
10184,1,250
10189,1,250
10210,1,250
10227,1,250
10234,1,250
10310,1,250
10352,1,250
10432,1,250
10448,1,250
10571,1,250
10583,1,250
10598,1,250
10799,1,250
10872,1,250
10933,1,250
11016,1,250
11019,1,250
11044,1,250
11172,1,250
11312,1,250
11475,1,250
11520,1,250
11600,1,250
11617,1,250
11620,1,250
12027,1,250
12034,1,250
12082,1,250
12083,1,250
12259,1,250
12369,1,250
12519,1,250
12530,1,250
12535,1,250
12581,1,250
12637,1,250
13025,1,250
13187,1,250
13208,1,250
13306,1,250
13446,1,250
13458,1,250
13470,1,250
13533,1,250
13792,1,250
14129,1,250
14156,1,250
14247,1,250
14296,1,250
14298,1,250
14300,1,250
14324,1,250
14371,1,250
14399,1,250
14521,1,250
14668,1,250
14960,1,250
15009,1,250
15019,1,250
15054,1,250
15176,1,250
15196,1,250
15216,1,250
15603,1,250
15729,1,250
15738,1,250
16044,1,250
16060,1,250
16066,1,250
16102,1,250
16185,1,250
16198,1,250
16315,1,250
16358,1,250
16404,1,250
16450,1,250
16455,1,250
16607,1,250
17263,1,250
17507,1,250
17973,1,250
18757,1,250
19074,1,250
19183,1,250
19318,1,250
19700,1,250
19759,1,250
20131,1,250
20394,1,250
20572,1,250
20707,1,250
20935,1,250
21084,1,250
21129,1,250
21170,1,250
21172,1,250
21223,1,250
21274,1,250
21398,1,250
21411,1,250
21467,1,250
21556,1,250
21560,1,250
21581,1,250
21596,1,250
21703,1,250
21705,1,250
21831,1,250
21850,1,250
21903,1,250
22032,1,250
22039,1,250
22052,1,250
22068,1,250
22071,1,250
22164,1,250
22170,1,250
22179,1,250
22184,1,250
22196,1,250
22204,1,250
22220,1,250
22279,1,250
22562,1,250
22565,1,250
22592,1,250
22655,1,250
22709,1,250
22756,1,250
22765,1,250
22847,1,250
23057,1,250
23294,1,250
23296,1,250
23376,1,250
23400,1,250
23530,1,250
23674,1,250
23742,1,250
23750,1,250
23804,1,250
23853,1,250
24065,1,250
24144,1,250
24154,1,250
24158,1,250
24191,1,250
24249,1,250
24298,1,250
24466,1,250
24517,1,250
24599,1,250
24650,1,250
24727,1,250
24743,1,250
24753,1,250
24770,1,250
24833,1,250
25180,1,250
25204,1,250
25206,1,250
25216,1,250
25312,1,250
25531,1,250
25769,1,250
26223,1,250
26248,1,250
26353,1,250
26380,1,250
26413,1,250
26942,1,250
27020,1,250
27045,1,250
27099,1,250
27137,1,250
27155,1,250
27160,1,250
27174,1,250
27229,1,250
27253,1,250
27323,1,250
27376,1,250
27398,1,250
27427,1,250
27435,1,250
27453,1,250
27494,1,250
28031,1,250
28033,1,250
28049,1,250
28282,1,250
28332,1,250
28359,1,250
28397,1,250
28441,1,250
28452,1,250
28465,1,250
28649,1,250
28662,1,250
28730,1,250
29173,1,250
29271,1,250
29601,1,250
29674,1,250
30004,1,250
30051,1,250
30055,1,250
30146,1,250
30149,1,250
30194,1,250
30301,1,250
30314,1,250
30316,1,250
30334,1,250
30513,1,250
30607,1,250
30632,1,250
31041,1,250
31101,1,250
31128,1,250
31148,1,250
31163,1,250
31175,1,250
31191,1,250
31227,1,250
31333,1,250
31349,1,250
31401,1,250
31777,1,250
32243,1,250
32430,1,250
32471,1,250
32989,1,250
33034,1,250
33048,1,250
33062,1,250
33070,1,250
33111,1,250
33131,1,250
33157,1,250
33217,1,250
33309,1,250
33343,1,250
33376,1,250
33377,1,250
33380,1,250
33407,1,250
33420,1,250
33426,1,250
33468,1,250
33503,1,250
33510,1,250
33560,1,250
33600,1,250
33651,1,250
33740,1,250
33740,1,250
33753,1,250
33766,1,250
33768,1,250
33792,1,250
33832,1,250
33849,1,250
33855,1,250
33887,1,250
33904,1,250
33922,1,250
33946,1,250
34039,1,250
34042,1,250
34075,1,250
34086,1,250
34115,1,250
34216,1,250
34436,1,250
34495,1,250
34500,1,250
34500,1,250
34507,1,250
34515,1,250
34552,1,250
34571,1,250
34589,1,250
34609,1,250
34633,1,250
34673,1,250
34749,1,250
35035,1,250
35109,1,250
35122,1,250
35286,1,250
35303,1,250
35329,1,250
35338,1,250
35380,1,250
35418,1,250
35663,1,250
35730,1,250
35763,1,250
35860,1,250
35895,1,250
35971,1,250
36027,1,250
36066,1,250
36387,1,250
36401,1,250
36419,1,250
36429,1,250
36433,1,250
36468,1,250
36491,1,250
36531,1,250
36616,1,250
36625,1,250
36681,1,250
36685,1,250
36721,1,250
37132,1,250
37195,1,250
37197,1,250
37328,1,250
37524,1,250
37593,1,250
38058,1,250
38154,1,250
38172,1,250
38271,1,250
38273,1,250
38326,1,250
38334,1,250
38347,1,250
38525,1,250
38614,1,250
38656,1,250
38679,1,250
38692,1,250
38705,1,250
38706,1,250
38751,1,250
38752,1,250
38776,1,250
38783,1,250
38851,1,250
39113,1,250
39113,1,250
39197,1,250
39204,1,250
39209,1,250
39255,1,250
39342,1,250
39399,1,250
39463,1,250
39550,1,250
39708,1,250
39711,1,250
39742,1,250
39759,1,250
39841,1,250
39880,1,250
40048,1,250
40082,1,250
40190,1,250
40210,1,250
40308,1,250
40342,1,250
40475,1,250
40544,1,250
40608,1,250
40657,1,250
40708,1,250
40738,1,250
40765,1,250
40861,1,250
40935,1,250
40948,1,250
40966,1,250
41100,1,250
41266,1,250
41323,1,250
41347,1,250
41389,1,250
41541,1,250
41552,1,250
41632,1,250
41640,1,250
41720,1,250
41789,1,250
41791,1,250
41876,1,250
41994,1,250
42083,1,250
42091,1,250
42184,1,250
42328,1,250
42477,1,250
42597,1,250
42627,1,250
42709,1,250
42710,1,250
42741,1,250
42782,1,250
42788,1,250
42874,1,250
43040,1,250
43252,1,250
43300,1,250
43340,1,250
43563,1,250
43657,1,250
43743,1,250
43818,1,250
43901,1,250
43938,1,250
44005,1,250
44150,1,250
44187,1,250
44210,1,250
44239,1,250
44363,1,250
44375,1,250
44389,1,250
44402,1,250
44405,1,250
44413,1,250
44480,1,250
44670,1,250
44731,1,250
44737,1,250
44791,1,250
44879,1,250
44965,1,250
45020,1,250
45024,1,250
45063,1,250
45067,1,250
45075,1,250
45082,1,250
45086,1,250
45127,1,250
45221,1,250
45244,1,250
45292,1,250
45303,1,250
45304,1,250
45342,1,250
45345,1,250
45356,1,250
45356,1,250
45506,1,250
45546,1,250
45561,1,250
45586,1,250
45614,1,250
45656,1,250
45697,1,250
45705,1,250
45766,1,250
45794,1,250
45843,1,250
45870,1,250
45886,1,250
45897,1,250
45920,1,250
45935,1,250
45941,1,250
45944,1,250
45991,1,250
46064,1,250
46084,1,250
46093,1,250
46098,1,250
46203,1,250
46256,1,250
46325,1,250
46337,1,250
46345,1,250
46350,1,250
46367,1,250
46369,1,250
46574,1,250
46647,1,250
46668,1,250
46674,1,250
46730,1,250
46779,1,250
46803,1,250
46867,1,250
46905,1,250
46914,1,250
46920,1,250
46932,1,250
46945,1,250
46971,1,250
47012,1,250
47015,1,250
47030,1,250
47042,1,250
47077,1,250
47084,1,250
47097,1,250
47186,1,250
47208,1,250
47240,1,250
47286,1,250
47332,1,250
47333,1,250
47343,1,250
47351,1,250
47354,1,250
47449,1,250
47490,1,250
47497,1,250
47554,1,250
47570,1,250
47640,1,250
47641,1,250
47661,1,250
47666,1,250
47699,1,250
47699,1,250
47719,1,250
47743,1,250
47746,1,250
47783,1,250
47788,1,250
47822,1,250
47974,1,250
48004,1,250
48027,1,250
48038,1,250
48076,1,250
48129,1,250
48160,1,250
48170,1,250
48174,1,250
48181,1,250
48222,1,250
48228,1,250
48232,1,250
48303,1,250
48323,1,250
48362,1,250
48386,1,250
48486,1,250
48540,1,250
48542,1,250
48586,1,250
48589,1,250
48600,1,250
48633,1,250
48639,1,250
48727,1,250
48779,1,250
48830,1,250
48839,1,250
48882,1,250
48930,1,250
48968,1,250
49045,1,250
49051,1,250
49115,1,250
49161,1,250
49170,1,250
49188,1,250
49199,1,250
49305,1,250
49311,1,250
49326,1,250
49328,1,250
49328,1,250
49330,1,250
49373,1,250
49410,1,250
49411,1,250
49416,1,250
49457,1,250
49555,1,250
49570,1,250
49587,1,250
49596,1,250
49635,1,250
49646,1,250
49704,1,250
49753,1,250
49812,1,250
49835,1,250
50002,1,250
50014,1,250
50056,1,250
50084,1,250
50110,1,250
50147,1,250
50208,1,250
50358,1,250
50468,1,250
50547,1,250
50589,1,250
50626,1,250
50672,1,250
50674,1,250
50677,1,250
50720,1,250
50805,1,250
50834,1,250
50850,1,250
50858,1,250
50898,1,250
50917,1,250
50935,1,250
50948,1,250
50960,1,250
50965,1,250
50990,1,250
51026,1,250
51027,1,250
51031,1,250
51032,1,250
51042,1,250
51061,1,250
51119,1,250
51144,1,250
51157,1,250
51177,1,250
51223,1,250
51277,1,250
51278,1,250
51333,1,250
51352,1,250
51393,1,250
51415,1,250
51418,1,250
51423,1,250
51437,1,250
51450,1,250
51462,1,250
51529,1,250
51575,1,250
51606,1,250
51685,1,250
51699,1,250
51761,1,250
51770,1,250
51784,1,250
51804,1,250
51811,1,250
52126,1,250
52130,1,250
52153,1,250
52244,1,250
52292,1,250
52313,1,250
52361,1,250
52366,1,250
52426,1,250
52448,1,250
52502,1,250
52523,1,250
52534,1,250
52557,1,250
52564,1,250
52593,1,250
52607,1,250
52641,1,250
52656,1,250
52658,1,250
52752,1,250
52755,1,250
52766,1,250
52793,1,250
52802,1,250
52835,1,250
52849,1,250
52908,1,250
52942,1,250
53006,1,250
53075,1,250
53089,1,250
53102,1,250
53137,1,250
53140,1,250
53151,1,250
53177,1,250
53215,1,250
53217,1,250
53238,1,250
53300,1,250
53356,1,250
53357,1,250
53411,1,250
53430,1,250
53561,1,250
53577,1,250
53590,1,250
53647,1,250
53666,1,250
53675,1,250
53708,1,250
53729,1,250
53805,1,250
53862,1,250
54052,1,250
54132,1,250
54150,1,250
54195,1,250
54234,1,250
54243,1,250
54306,1,250
54340,1,250
54370,1,250
54413,1,250
54436,1,250
54458,1,250
54498,1,250
54508,1,250
54552,1,250
54624,1,250
54755,1,250
54779,1,250
54852,1,250
54858,1,250
54943,1,250
54974,1,250
54974,1,250
55069,1,250
55073,1,250
55108,1,250
55152,1,250
55208,1,250
55283,1,250
55319,1,250
55334,1,250
55352,1,250
55355,1,250
55405,1,250
55427,1,250
55429,1,250
55509,1,250
55565,1,250
55579,1,250
55606,1,250
55702,1,250
55721,1,250
55728,1,250
55787,1,250
55788,1,250
55855,1,250
55928,1,250
55984,1,250
55996,1,250
56003,1,250
56045,1,250
56064,1,250
56065,1,250
56110,1,250
56132,1,250
56163,1,250
56248,1,250
56267,1,250
56382,1,250
56450,1,250
56470,1,250
56504,1,250
56516,1,250
56618,1,250
56701,1,250
56720,1,250
56886,1,250
56958,1,250
57024,1,250
57029,1,250
57055,1,250
57056,1,250
57063,1,250
57105,1,250
57115,1,250
57126,1,250
57140,1,250
57143,1,250
57153,1,250
57160,1,250
57165,1,250
57172,1,250
57176,1,250
57190,1,250
57190,1,250
57193,1,250
57202,1,250
57205,1,250
57205,1,250
57238,1,250
57252,1,250
57253,1,250
57279,1,250
57280,1,250
57286,1,250
57294,1,250
57299,1,250
57305,1,250
57307,1,250
57338,1,250
57340,1,250
57340,1,250
57341,1,250
57357,1,250
57379,1,250
57393,1,250
57453,1,250
57457,1,250
57458,1,250
57478,1,250
57493,1,250
57500,1,250
57534,1,250
57548,1,250
57556,1,250
57559,1,250
57560,1,250
57560,1,250
57617,1,250
57632,1,250
57645,1,250
57658,1,250
57677,1,250
57709,1,250
57737,1,250
57764,1,250
57776,1,250
57786,1,250
57803,1,250
57836,1,250
57836,1,250
58003,1,250
58016,1,250
58022,1,250
58083,1,250
58107,1,250
58121,1,250
58128,1,250
58146,1,250
58154,1,250
58155,1,250
58195,1,250
58220,1,250
58270,1,250
58292,1,250
58323,1,250
58421,1,250
58545,1,250
58552,1,250
58561,1,250
58575,1,250
58588,1,250
58603,1,250
58612,1,250
58618,1,250
58620,1,250
58621,1,250
58653,1,250
58657,1,250
58666,1,250
58674,1,250
58682,1,250
58732,1,250
58747,1,250
58827,1,250
58840,1,250
58879,1,250
58897,1,250
58982,1,250
59001,1,250
59013,1,250
59017,1,250
59019,1,250
59034,1,250
59068,1,250
59087,1,250
59144,1,250
59158,1,250
59195,1,250
59235,1,250
59250,1,250
59255,1,250
59278,1,250
59285,1,250
59306,1,250
59317,1,250
59332,1,250
59338,1,250
59345,1,250
59405,1,250
59501,1,250
59520,1,250
59521,1,250
59543,1,250
59549,1,250
59585,1,250
59598,1,250
59609,1,250
59617,1,250
59621,1,250
59623,1,250
59628,1,250
59634,1,250
59653,1,250
59689,1,250
59694,1,250
59821,1,250
59829,1,250
59855,1,250
59965,1,250
60064,1,250
60214,1,250
60248,1,250
60260,1,250
60267,1,250
60290,1,250
60337,1,250
60375,1,250
60398,1,250
60402,1,250
60406,1,250
60457,1,250
60476,1,250
60513,1,250
60581,1,250
60588,1,250
60615,1,250
60622,1,250
60664,1,250
60678,1,250
60692,1,250
60696,1,250
60709,1,250
60802,1,250
60833,1,250
60903,1,250
60927,1,250
60965,1,250
60981,1,250
61003,1,250
61021,1,250
61027,1,250
61029,1,250
61034,1,250
61060,1,250
61070,1,250
61093,1,250
61107,1,250
61174,1,250
61174,1,250
61186,1,250
61196,1,250
61251,1,250
61339,1,250
61348,1,250
61415,1,250
61419,1,250
61424,1,250
61451,1,250
61476,1,250
61508,1,250
61562,1,250
61623,1,250
61651,1,250
61672,1,250
61685,1,250
61691,1,250
61697,1,250
61707,1,250
61724,1,250
61735,1,250
61746,1,250
61752,1,250
61753,1,250
61783,1,250
61797,1,250
61808,1,250
61812,1,250
61844,1,250
61846,1,250
61849,1,250
61878,1,250
61906,1,250
62007,1,250
62031,1,250
62093,1,250
62136,1,250
62191,1,250
62212,1,250
62226,1,250
62242,1,250
62278,1,250
62284,1,250
62300,1,250
62376,1,250
62388,1,250
62402,1,250
62427,1,250
62498,1,250
62527,1,250
62622,1,250
62633,1,250
62639,1,250
62642,1,250
62657,1,250
62667,1,250
62706,1,250
62718,1,250
62799,1,250
62819,1,250
62821,1,250
62840,1,250
62867,1,250
62920,1,250
63007,1,250
63017,1,250
63020,1,250
63032,1,250
63047,1,250
63072,1,250
63082,1,250
63107,1,250
63124,1,250
63133,1,250
63145,1,250
63149,1,250
63152,1,250
63180,1,250
63182,1,250
63199,1,250
63215,1,250
63238,1,250
63242,1,250
63251,1,250
63290,1,250
63297,1,250
63365,1,250
63365,1,250
63371,1,250
63397,1,250
63448,1,250
63452,1,250
63497,1,250
63499,1,250
63521,1,250
63549,1,250
63613,1,250
63628,1,250
63664,1,250
63684,1,250
63698,1,250
63705,1,250
63737,1,250
63757,1,250
63831,1,250
63890,1,250
63890,1,250
63954,1,250
64029,1,250
64054,1,250
64102,1,250
64124,1,250
64145,1,250
64264,1,250
64267,1,250
64299,1,250
64358,1,250
64364,1,250
64381,1,250
64387,1,250
64390,1,250
64391,1,250
64398,1,250
64429,1,250
64452,1,250
64513,1,250
64534,1,250
64570,1,250
64605,1,250
64613,1,250
64619,1,250
64632,1,250
64658,1,250
64712,1,250
64722,1,250
64727,1,250
64731,1,250
64755,1,250
64792,1,250
64795,1,250
64813,1,250
64941,1,250
65007,1,250
65008,1,250
65033,1,250
65051,1,250
65052,1,250
65060,1,250
65061,1,250
65064,1,250
65078,1,250
65096,1,250
65099,1,250
65126,1,250
65136,1,250
65152,1,250
65216,1,250
65257,1,250
65285,1,250
65311,1,250
65354,1,250
65367,1,250
65367,1,250
65428,1,250
65446,1,250
65474,1,250
65490,1,250
65552,1,250
65554,1,250
65569,1,250
65579,1,250
65588,1,250
65588,1,250
65613,1,250
65630,1,250
65701,1,250
65753,1,250
65775,1,250
65775,1,250
65777,1,250
65846,1,250
65865,1,250
65873,1,250
65890,1,250
65911,1,250
66008,1,250
66094,1,250
66101,1,250
66101,1,250
66146,1,250
66174,1,250
66179,1,250
66200,1,250
66218,1,250
66220,1,250
66231,1,250
66261,1,250
66291,1,250
66336,1,250
66377,1,250
66383,1,250
66388,1,250
66409,1,250
66432,1,250
66433,1,250
66435,1,250
66500,1,250
66522,1,250
66536,1,250
66542,1,250
66591,1,250
66660,1,250
66689,1,250
66748,1,250
66781,1,250
66877,1,250
66913,1,250
66955,1,250
66960,1,250
66987,1,250
67000,1,250
67021,1,250
67026,1,250
67048,1,250
67048,1,250
67051,1,250
67080,1,250
67081,1,250
67090,1,250
67098,1,250
67119,1,250
67174,1,250
67208,1,250
67263,1,250
67279,1,250
67286,1,250
67288,1,250
67298,1,250
67318,1,250
67339,1,250
67375,1,250
67401,1,250
67434,1,250
67482,1,250
67490,1,250
67521,1,250
67529,1,250
67544,1,250
67568,1,250
67578,1,250
67579,1,250
67602,1,250
67686,1,250
67714,1,250
67747,1,250
67801,1,250
67810,1,250
67815,1,250
67827,1,250
68058,1,250
68099,1,250
68126,1,250
68173,1,250
68175,1,250
68184,1,250
68233,1,250
68240,1,250
68263,1,250
68296,1,250
68306,1,250
68331,1,250
68385,1,250
68447,1,250
68486,1,250
68494,1,250
68498,1,250
68506,1,250
68593,1,250
68596,1,250
68601,1,250
68633,1,250
68641,1,250
68686,1,250
68712,1,250
68769,1,250
68806,1,250
68834,1,250
68871,1,250
68893,1,250
68914,1,250
68932,1,250
68951,1,250
68958,1,250
68981,1,250
69004,1,250
69006,1,250
69022,1,250
69026,1,250
69027,1,250
69030,1,250
69037,1,250
69043,1,250
69059,1,250
69072,1,250
69075,1,250
69080,1,250
69098,1,250
69111,1,250
69126,1,250
69145,1,250
69160,1,250
69167,1,250
69171,1,250
69189,1,250
69197,1,250
69203,1,250
69228,1,250
69232,1,250
69240,1,250
69242,1,250
69267,1,250
69269,1,250
69299,1,250
69309,1,250
69311,1,250
69319,1,250
69338,1,250
69346,1,250
69355,1,250
69367,1,250
69402,1,250
69402,1,250
69405,1,250
69408,1,250
69417,1,250
69420,1,250
69441,1,250
69446,1,250
69464,1,250
69466,1,250
69466,1,250
69472,1,250
69485,1,250
69527,1,250
69540,1,250
69541,1,250
69543,1,250
69546,1,250
69547,1,250
69580,1,250
69647,1,250
69660,1,250
69684,1,250
69692,1,250
69703,1,250
69716,1,250
69735,1,250
69753,1,250
69762,1,250
69768,1,250
69826,1,250
69829,1,250
69844,1,250
69844,1,250
69849,1,250
69882,1,250
69890,1,250
69890,1,250
69915,1,250
69916,1,250
70008,1,250
70027,1,250
70030,1,250
70074,1,250
70094,1,250
70096,1,250
70096,1,250
70105,1,250
70108,1,250
70128,1,250
70179,1,250
70183,1,250
70184,1,250
70192,1,250
70249,1,250
70249,1,250
70263,1,250
70276,1,250
70305,1,250
70314,1,250
70324,1,250
70339,1,250
70351,1,250
70354,1,250
70361,1,250
70399,1,250
70405,1,250
70408,1,250
70433,1,250
70436,1,250
70442,1,250
70451,1,250
70457,1,250
70523,1,250
70524,1,250
70561,1,250
70561,1,250
70590,1,250
70614,1,250
70614,1,250
70626,1,250
70628,1,250
70633,1,250
70688,1,250
70689,1,250
70705,1,250
70716,1,250
70719,1,250
70719,1,250
70721,1,250
70729,1,250
70736,1,250
70758,1,250
70763,1,250
70770,1,250
70786,1,250
70794,1,250
70805,1,250
71009,1,250
71010,1,250
71017,1,250
71055,1,250
71062,1,250
71064,1,250
71067,1,250
71073,1,250
71075,1,250
71077,1,250
71079,1,250
71177,1,250
71223,1,250
71233,1,250
71240,1,250
71312,1,250
71362,1,250
71368,1,250
71406,1,250
71442,1,250
71484,1,250
71494,1,250
71503,1,250
71520,1,250
71541,1,250
71549,1,250
71549,1,250
71557,1,250
71559,1,250
71626,1,250
71660,1,250
71697,1,250
71742,1,250
71750,1,250
71774,1,250
71791,1,250
71802,1,250
71815,1,250
71815,1,250
71821,1,250
71843,1,250
71892,1,250
71919,1,250
71920,1,250
71948,1,250
71958,1,250
71990,1,250
71995,1,250
72003,1,250
72035,1,250
72036,1,250
72038,1,250
72040,1,250
72041,1,250
72042,1,250
72043,1,250
72055,1,250
72062,1,250
72063,1,250
72064,1,250
72067,1,250
72072,1,250
72104,1,250
72108,1,250
72129,1,250
72141,1,250
72155,1,250
72163,1,250
72180,1,250
72242,1,250
72258,1,250
72274,1,250
72292,1,250
72298,1,250
72314,1,250
72321,1,250
72346,1,250
72372,1,250
72381,1,250
72390,1,250
72392,1,250
72406,1,250
72428,1,250
72472,1,250
72481,1,250
72493,1,250
72495,1,250
72511,1,250
72569,1,250
72591,1,250
72596,1,250
72671,1,250
72685,1,250
72699,1,250
72721,1,250
72813,1,250
72850,1,250
72852,1,250
72860,1,250
72872,1,250
72889,1,250
72907,1,250
72923,1,250
72954,1,250
72980,1,250
72983,1,250
72984,1,250
73033,1,250
73036,1,250
73043,1,250
73043,1,250
73048,1,250
73053,1,250
73056,1,250
73063,1,250
73064,1,250
73105,1,250
73139,1,250
73153,1,250
73163,1,250
73201,1,250
73233,1,250
73244,1,250
73248,1,250
73252,1,250
73254,1,250
73257,1,250
73269,1,250
73270,1,250
73280,1,250
73298,1,250
73368,1,250
73391,1,250
73426,1,250
73433,1,250
73434,1,250
73505,1,250
73514,1,250
73568,1,250
73601,1,250
73617,1,250
73620,1,250
73662,1,250
73665,1,250
73736,1,250
73785,1,250
73805,1,250
73863,1,250
73873,1,250
73931,1,250
73943,1,250
73955,1,250
74013,1,250
74019,1,250
74049,1,250
74053,1,250
74060,1,250
74078,1,250
74097,1,250
74114,1,250
74127,1,250
74130,1,250
74148,1,250
74156,1,250
74162,1,250
74169,1,250
74175,1,250
74209,1,250
74225,1,250
74231,1,250
74233,1,250
74236,1,250
74244,1,250
74247,1,250
74264,1,250
74266,1,250
74299,1,250
74304,1,250
74304,1,250
74322,1,250
74325,1,250
74339,1,250
74355,1,250
74374,1,250
74374,1,250
74374,1,250
74387,1,250
74405,1,250
74408,1,250
74416,1,250
74425,1,250
74435,1,250
74465,1,250
74480,1,250
74485,1,250
74496,1,250
74521,1,250
74530,1,250
74601,1,250
74627,1,250
74656,1,250
74658,1,250
74703,1,250
74717,1,250
74745,1,250
74751,1,250
74768,1,250
74773,1,250
74778,1,250
74799,1,250
74799,1,250
74801,1,250
74817,1,250
74818,1,250
74835,1,250
74848,1,250
74871,1,250
74878,1,250
74903,1,250
74903,1,250
75031,1,250
75059,1,250
75062,1,250
75063,1,250
75082,1,250
75103,1,250
75153,1,250
75155,1,250
75165,1,250
75170,1,250
75187,1,250
75247,1,250
75259,1,250
75268,1,250
75282,1,250
75344,1,250
75365,1,250
75370,1,250
75378,1,250
75384,1,250
75418,1,250
75506,1,250
75551,1,250
75555,1,250
75567,1,250
75571,1,250
75611,1,250
75626,1,250
75685,1,250
75704,1,250
75746,1,250
75750,1,250
75759,1,250
75763,1,250
75788,1,250
75796,1,250
75865,1,250
75884,1,250
75895,1,250
75913,1,250
75956,1,250
75959,1,250
75986,1,250
75992,1,250
76004,1,250
76005,1,250
76007,1,250
76012,1,250
76016,1,250
76018,1,250
76021,1,250
76023,1,250
76029,1,250
76043,1,250
76053,1,250
76063,1,250
76081,1,250
76084,1,250
76089,1,250
76094,1,250
76116,1,250
76123,1,250
76124,1,250
76126,1,250
76135,1,250
76137,1,250
76141,1,250
76142,1,250
76150,1,250
76188,1,250
76189,1,250
76207,1,250
76217,1,250
76241,1,250
76246,1,250
76247,1,250
76255,1,250
76259,1,250
76289,1,250
76333,1,250
76357,1,250
76363,1,250
76366,1,250
76383,1,250
76387,1,250
76394,1,250
76409,1,250
76443,1,250
76446,1,250
76481,1,250
76487,1,250
76527,1,250
76561,1,250
76564,1,250
76572,1,250
76597,1,250
76611,1,250
76627,1,250
76642,1,250
76686,1,250
76709,1,250
76752,1,250
76775,1,250
76776,1,250
76785,1,250
76798,1,250
76831,1,250
77011,1,250
77013,1,250
77019,1,250
77042,1,250
77069,1,250
77083,1,250
77114,1,250
77123,1,250
77133,1,250
77138,1,250
77142,1,250
77146,1,250
77149,1,250
77155,1,250
77170,1,250
77172,1,250
77183,1,250
77224,1,250
77228,1,250
77231,1,250
77261,1,250
77261,1,250
77265,1,250
77300,1,250
77327,1,250
77347,1,250
77356,1,250
77358,1,250
77385,1,250
77398,1,250
77401,1,250
77402,1,250
77406,1,250
77425,1,250
77460,1,250
77460,1,250
77470,1,250
77479,1,250
77501,1,250
77501,1,250
77523,1,250
77535,1,250
77593,1,250
77605,1,250
77605,1,250
77639,1,250
77657,1,250
77664,1,250
77697,1,250
77728,1,250
77743,1,250
77797,1,250
77800,1,250
78023,1,250
78031,1,250
78037,1,250
78043,1,250
78053,1,250
78060,1,250
78083,1,250
78098,1,250
78109,1,250
78115,1,250
78162,1,250
78263,1,250
78264,1,250
78272,1,250
78279,1,250
78308,1,250
78328,1,250
78336,1,250
78340,1,250
78371,1,250
78379,1,250
78386,1,250
78429,1,250
78432,1,250
78465,1,250
78505,1,250
78541,1,250
78566,1,250
78577,1,250
78579,1,250
78595,1,250
78606,1,250
78612,1,250
78619,1,250
78630,1,250
78694,1,250
78706,1,250
78708,1,250
78721,1,250
78745,1,250
78756,1,250
78822,1,250
78840,1,250
78853,1,250
78880,1,250
78919,1,250
78944,1,250
78958,1,250
78961,1,250
78973,1,250
79007,1,250
79013,1,250
79028,1,250
79039,1,250
79047,1,250
79059,1,250
79071,1,250
79075,1,250
79105,1,250
79123,1,250
79133,1,250
79159,1,250
79179,1,250
79182,1,250
79219,1,250
79222,1,250
79232,1,250
79234,1,250
79239,1,250
79240,1,250
79245,1,250
79254,1,250
79263,1,250
79273,1,250
79278,1,250
79306,1,250
79316,1,250
79318,1,250
79344,1,250
79375,1,250
79391,1,250
79432,1,250
79443,1,250
79483,1,250
79491,1,250
79495,1,250
79528,1,250
79547,1,250
79555,1,250
79579,1,250
79592,1,250
79601,1,250
79608,1,250
79657,1,250
79659,1,250
79710,1,250
79738,1,250
79740,1,250
79774,1,250
79784,1,250
79796,1,250
79801,1,250
79868,1,250
80001,1,250
80007,1,250
80025,1,250
80029,1,250
80040,1,250
80086,1,250
80220,1,250
80227,1,250
80242,1,250
80260,1,250
80265,1,250
80311,1,250
80318,1,250
80352,1,250
80372,1,250
80381,1,250
80384,1,250
80391,1,250
80405,1,250
80416,1,250
80443,1,250
80518,1,250
80529,1,250
80545,1,250
80606,1,250
80630,1,250
80690,1,250
80735,1,250
80747,1,250
80766,1,250
80766,1,250
80775,1,250
80803,1,250
80839,1,250
80843,1,250
80846,1,250
80870,1,250
80885,1,250
80903,1,250
80909,1,250
80935,1,250
80967,1,250
80973,1,250
80999,1,250
81018,1,250
81020,1,250
81034,1,250
81035,1,250
81040,1,250
81040,1,250
81051,1,250
81057,1,250
81059,1,250
81089,1,250
81092,1,250
81094,1,250
81102,1,250
81108,1,250
81120,1,250
81125,1,250
81141,1,250
81146,1,250
81163,1,250
81171,1,250
81172,1,250
81237,1,250
81241,1,250
81252,1,250
81254,1,250
81285,1,250
81288,1,250
81296,1,250
81324,1,250
81337,1,250
81391,1,250
81392,1,250
81414,1,250
81432,1,250
81438,1,250
81473,1,250
81512,1,250
81514,1,250
81518,1,250
81518,1,250
81555,1,250
81556,1,250
81563,1,250
81586,1,250
81628,1,250
81659,1,250
81661,1,250
81672,1,250
81673,1,250
81674,1,250
81684,1,250
81700,1,250
81715,1,250
81745,1,250
81774,1,250
81781,1,250
81782,1,250
81783,1,250
81791,1,250
81811,1,250
81815,1,250
81824,1,250
81827,1,250
81844,1,250
81899,1,250
81899,1,250
81903,1,250
81950,1,250
81958,1,250
81984,1,250
82012,1,250
82013,1,250
82013,1,250
82018,1,250
82030,1,250
82049,1,250
82055,1,250
82063,1,250
82068,1,250
82070,1,250
82074,1,250
82087,1,250
82089,1,250
82090,1,250
82099,1,250
82100,1,250
82131,1,250
82136,1,250
82138,1,250
82140,1,250
82142,1,250
82149,1,250
82183,1,250
82188,1,250
82205,1,250
82217,1,250
82225,1,250
82239,1,250
82258,1,250
82273,1,250
82274,1,250
82278,1,250
82281,1,250
82292,1,250
82299,1,250
82318,1,250
82323,1,250
82353,1,250
82366,1,250
82386,1,250
82390,1,250
82428,1,250
82443,1,250
82479,1,250
82486,1,250
82502,1,250
82517,1,250
82528,1,250
82544,1,250
82545,1,250
82574,1,250
82594,1,250
82598,1,250
82599,1,250
82615,1,250
82624,1,250
82626,1,250
82659,1,250
82670,1,250
82680,1,250
82684,1,250
82695,1,250
82736,1,250
82755,1,250
82776,1,250
82780,1,250
82857,1,250
82903,1,250
82940,1,250
82955,1,250
82974,1,250
82977,1,250
83003,1,250
83007,1,250
83028,1,250
83040,1,250
83055,1,250
83077,1,250
83086,1,250
83097,1,250
83108,1,250
83127,1,250
83134,1,250
83145,1,250
83159,1,250
83169,1,250
83187,1,250
83189,1,250
83199,1,250
83259,1,250
83279,1,250
83306,1,250
83316,1,250
83317,1,250
83319,1,250
83329,1,250
83333,1,250
83337,1,250
83376,1,250
83377,1,250
83441,1,250
83448,1,250
83453,1,250
83454,1,250
83460,1,250
83471,1,250
83474,1,250
83482,1,250
83490,1,250
83523,1,250
83559,1,250
83567,1,250
83572,1,250
83587,1,250
83601,1,250
83608,1,250
83609,1,250
83615,1,250
83615,1,250
83627,1,250
83653,1,250
83665,1,250
83683,1,250
83690,1,250
83720,1,250
83729,1,250
83750,1,250
83766,1,250
83799,1,250
83802,1,250
83807,1,250
83813,1,250
83815,1,250
83834,1,250
83834,1,250
83860,1,250
84052,1,250
84084,1,250
84128,1,250
84132,1,250
84143,1,250
84195,1,250
84197,1,250
84199,1,250
84205,1,250
84214,1,250
84241,1,250
84261,1,250
84300,1,250
84306,1,250
84309,1,250
84320,1,250
84335,1,250
84352,1,250
84355,1,250
84361,1,250
84369,1,250
84372,1,250
84373,1,250
84377,1,250
84386,1,250
84407,1,250
84411,1,250
84431,1,250
84468,1,250
84491,1,250
84537,1,250
84552,1,250
84564,1,250
84573,1,250
84633,1,250
84636,1,250
84716,1,250
84758,1,250
84759,1,250
84780,1,250
84882,1,250
84892,1,250
84917,1,250
84959,1,250
84980,1,250
84984,1,250
84984,1,250
84985,1,250
84997,1,250
84999,1,250
85016,1,250
85019,1,250
85021,1,250
85025,1,250
85027,1,250
85030,1,250
85034,1,250
85037,1,250
85040,1,250
85049,1,250
85057,1,250
85064,1,250
85077,1,250
85078,1,250
85082,1,250
85084,1,250
85088,1,250
85105,1,250
85123,1,250
85178,1,250
85208,1,250
85237,1,250
85247,1,250
85262,1,250
85263,1,250
85283,1,250
85292,1,250
85325,1,250
85381,1,250
85394,1,250
85398,1,250
85438,1,250
85447,1,250
85451,1,250
85475,1,250
85478,1,250
85528,1,250
85540,1,250
85563,1,250
85581,1,250
85619,1,250
85620,1,250
85621,1,250
85627,1,250
85634,1,250
85651,1,250
85660,1,250
85669,1,250
85686,1,250
85722,1,250
85728,1,250
85786,1,250
85825,1,250
85836,1,250
85836,1,250
85862,1,250
85873,1,250
85878,1,250
85890,1,250
85932,1,250
85971,1,250
85972,1,250
85982,1,250
85993,1,250
86003,1,250
86007,1,250
86019,1,250
86022,1,250
86028,1,250
86058,1,250
86072,1,250
86077,1,250
86083,1,250
86087,1,250
86094,1,250
86099,1,250
86137,1,250
86146,1,250
86160,1,250
86190,1,250
86203,1,250
86223,1,250
86223,1,250
86225,1,250
86239,1,250
86273,1,250
86291,1,250
86298,1,250
86320,1,250
86336,1,250
86345,1,250
86376,1,250
86404,1,250
86421,1,250
86431,1,250
86436,1,250
86446,1,250
86452,1,250
86453,1,250
86526,1,250
86533,1,250
86551,1,250
86562,1,250
86578,1,250
86603,1,250
86606,1,250
86621,1,250
86665,1,250
86688,1,250
86702,1,250
86725,1,250
86726,1,250
86749,1,250
86752,1,250
86766,1,250
86774,1,250
86798,1,250
86807,1,250
86824,1,250
86831,1,250
86840,1,250
86876,1,250
86882,1,250
86909,1,250
86939,1,250
86959,1,250
86986,1,250
87001,1,250
87009,1,250
87009,1,250
87011,1,250
87032,1,250
87034,1,250
87037,1,250
87039,1,250
87050,1,250
87052,1,250
87063,1,250
87067,1,250
87070,1,250
87081,1,250
87084,1,250
87109,1,250
87116,1,250
87126,1,250
87127,1,250
87131,1,250
87132,1,250
87205,1,250
87217,1,250
87227,1,250
87335,1,250
87340,1,250
87366,1,250
87381,1,250
87397,1,250
87398,1,250
87416,1,250
87430,1,250
87434,1,250
87442,1,250
87461,1,250
87475,1,250
87476,1,250
87509,1,250
87521,1,250
87523,1,250
87529,1,250
87536,1,250
87536,1,250
87543,1,250
87559,1,250
87575,1,250
87586,1,250
87587,1,250
87593,1,250
87629,1,250
87639,1,250
87676,1,250
87678,1,250
87713,1,250
87769,1,250
87836,1,250
87840,1,250
87842,1,250
87850,1,250
87864,1,250
87928,1,250
88032,1,250
88091,1,250
88101,1,250
88141,1,250
88154,1,250
88178,1,250
88209,1,250
88236,1,250
88238,1,250
88245,1,250
88257,1,250
88265,1,250
88272,1,250
88275,1,250
88290,1,250
88352,1,250
88378,1,250
88397,1,250
88397,1,250
88403,1,250
88407,1,250
88435,1,250
88462,1,250
88489,1,250
88499,1,250
88505,1,250
88506,1,250
88518,1,250
88538,1,250
88549,1,250
88563,1,250
88567,1,250
88593,1,250
88595,1,250
88601,1,250
88609,1,250
88688,1,250
88694,1,250
88781,1,250
88793,1,250
88812,1,250
88884,1,250
88889,1,250
88894,1,250
88922,1,250
88937,1,250
88975,1,250
88979,1,250
89000,1,250
89000,1,250
89000,1,250
89024,1,250
89025,1,250
89029,1,250
89032,1,250
89034,1,250
89040,1,250
89072,1,250
89082,1,250
89086,1,250
89103,1,250
89106,1,250
89115,1,250
89127,1,250
89127,1,250
89129,1,250
89142,1,250
89143,1,250
89153,1,250
89171,1,250
89175,1,250
89175,1,250
89177,1,250
89179,1,250
89181,1,250
89205,1,250
89265,1,250
89269,1,250
89289,1,250
89301,1,250
89341,1,250
89417,1,250
89441,1,250
89448,1,250
89460,1,250
89472,1,250
89490,1,250
89495,1,250
89507,1,250
89526,1,250
89544,1,250
89555,1,250
89575,1,250
89600,1,250
89617,1,250
89626,1,250
89631,1,250
89640,1,250
89648,1,250
89657,1,250
89658,1,250
89694,1,250
89704,1,250
89746,1,250
89748,1,250
89787,1,250
89793,1,250
89795,1,250
89802,1,250
89803,1,250
89822,1,250
89829,1,250
89846,1,250
89854,1,250
89856,1,250
89891,1,250
89901,1,250
89944,1,250
89956,1,250
90025,1,250
90027,1,250
90030,1,250
90041,1,250
90068,1,250
90090,1,250
90145,1,250
90178,1,250
90179,1,250
90195,1,250
90200,1,250
90232,1,250
90234,1,250
90255,1,250
90260,1,250
90264,1,250
90277,1,250
90302,1,250
90343,1,250
90357,1,250
90363,1,250
90378,1,250
90412,1,250
90421,1,250
90421,1,250
90422,1,250
90433,1,250
90450,1,250
90463,1,250
90470,1,250
90513,1,250
90536,1,250
90541,1,250
90553,1,250
90574,1,250
90626,1,250
90659,1,250
90696,1,250
90700,1,250
90737,1,250
90754,1,250
90754,1,250
90837,1,250
90841,1,250
90866,1,250
90878,1,250
90929,1,250
90932,1,250
90959,1,250
90972,1,250
91001,1,250
91009,1,250
91034,1,250
91045,1,250
91046,1,250
91059,1,250
91059,1,250
91074,1,250
91099,1,250
91112,1,250
91116,1,250
91139,1,250
91149,1,250
91177,1,250
91206,1,250
91219,1,250
91229,1,250
91235,1,250
91240,1,250
91240,1,250
91264,1,250
91265,1,250
91273,1,250
91313,1,250
91356,1,250
91363,1,250
91372,1,250
91401,1,250
91404,1,250
91414,1,250
91420,1,250
91442,1,250
91457,1,250
91468,1,250
91469,1,250
91470,1,250
91489,1,250
91493,1,250
91495,1,250
91543,1,250
91545,1,250
91554,1,250
91566,1,250
91570,1,250
91581,1,250
91582,1,250
91605,1,250
91607,1,250
91608,1,250
91608,1,250
91616,1,250
91619,1,250
91651,1,250
91701,1,250
91714,1,250
91743,1,250
91749,1,250
91759,1,250
91762,1,250
91790,1,250
91804,1,250
91813,1,250
91847,1,250
91865,1,250
92008,1,250
92010,1,250
92016,1,250
92027,1,250
92075,1,250
92090,1,250
92093,1,250
92096,1,250
92099,1,250
92162,1,250
92165,1,250
92185,1,250
92217,1,250
92218,1,250
92222,1,250
92243,1,250
92246,1,250
92306,1,250
92312,1,250
92329,1,250
92340,1,250
92347,1,250
92349,1,250
92363,1,250
92380,1,250
92385,1,250
92389,1,250
92392,1,250
92403,1,250
92408,1,250
92410,1,250
92418,1,250
92418,1,250
92428,1,250
92444,1,250
92500,1,250
92543,1,250
92550,1,250
92568,1,250
92569,1,250
92581,1,250
92617,1,250
92623,1,250
92636,1,250
92679,1,250
92694,1,250
92696,1,250
92703,1,250
92714,1,250
92727,1,250
92728,1,250
92751,1,250
92761,1,250
92784,1,250
92790,1,250
92792,1,250
93005,1,250
93010,1,250
93021,1,250
93029,1,250
93039,1,250
93047,1,250
93076,1,250
93085,1,250
93123,1,250
93134,1,250
93135,1,250
93139,1,250
93143,1,250
93152,1,250
93181,1,250
93197,1,250
93199,1,250
93200,1,250
93216,1,250
93240,1,250
93240,1,250
93254,1,250
93254,1,250
93255,1,250
93256,1,250
93266,1,250
93269,1,250
93274,1,250
93297,1,250
93315,1,250
93327,1,250
93330,1,250
93342,1,250
93347,1,250
93350,1,250
93358,1,250
93377,1,250
93386,1,250
93408,1,250
93431,1,250
93433,1,250
93445,1,250
93451,1,250
93479,1,250
93480,1,250
93483,1,250
93484,1,250
93495,1,250
93504,1,250
93505,1,250
93511,1,250
93516,1,250
93537,1,250
93574,1,250
93582,1,250
93588,1,250
93600,1,250
93603,1,250
93622,1,250
93630,1,250
93643,1,250
93648,1,250
93654,1,250
93655,1,250
93657,1,250
93661,1,250
93691,1,250
93718,1,250
93727,1,250
93727,1,250
93730,1,250
93743,1,250
93751,1,250
93754,1,250
93770,1,250
93771,1,250
93789,1,250
93794,1,250
93800,1,250
93805,1,250
93819,1,250
93823,1,250
93827,1,250
93837,1,250
93840,1,250
93841,1,250
93848,1,250
93853,1,250
93862,1,250
94005,1,250
94006,1,250
94010,1,250
94012,1,250
94035,1,250
94037,1,250
94041,1,250
94043,1,250
94076,1,250
94080,1,250
94081,1,250
94096,1,250
94151,1,250
94164,1,250
94167,1,250
94178,1,250
94208,1,250
94211,1,250
94226,1,250
94249,1,250
94280,1,250
94281,1,250
94284,1,250
94284,1,250
94306,1,250
94331,1,250
94382,1,250
94384,1,250
94400,1,250
94410,1,250
94413,1,250
94414,1,250
94446,1,250
94450,1,250
94456,1,250
94457,1,250
94475,1,250
94496,1,250
94512,1,250
94529,1,250
94547,1,250
94554,1,250
94568,1,250
94601,1,250
94618,1,250
94638,1,250
94652,1,250
94669,1,250
94674,1,250
94684,1,250
94712,1,250
94729,1,250
94762,1,250
94763,1,250
94776,1,250
94791,1,250
94809,1,250
94841,1,250
94876,1,250
94894,1,250
94902,1,250
94990,1,250
94993,1,250
94999,1,250
95021,1,250
95023,1,250
95023,1,250
95059,1,250
95075,1,250
95076,1,250
95077,1,250
95123,1,250
95172,1,250
95210,1,250
95226,1,250
95231,1,250
95236,1,250
95245,1,250
95249,1,250
95250,1,250
95268,1,250
95271,1,250
95296,1,250
95303,1,250
95314,1,250
95331,1,250
95348,1,250
95361,1,250
95371,1,250
95406,1,250
95423,1,250
95448,1,250
95464,1,250
95482,1,250
95483,1,250
95489,1,250
95507,1,250
95528,1,250
95576,1,250
95614,1,250
95632,1,250
95656,1,250
95657,1,250
95726,1,250
95732,1,250
95748,1,250
95758,1,250
95760,1,250
95775,1,250
95794,1,250
95811,1,250
95818,1,250
95827,1,250
95858,1,250
95859,1,250
95861,1,250
95861,1,250
95868,1,250
95900,1,250
95900,1,250
95908,1,250
95927,1,250
95933,1,250
95946,1,250
95949,1,250
95964,1,250
95971,1,250
95980,1,250
96002,1,250
96012,1,250
96027,1,250
96035,1,250
96073,1,250
96078,1,250
96108,1,250
96137,1,250
96149,1,250
96161,1,250
96161,1,250
96171,1,250
96189,1,250
96193,1,250
96228,1,250
96236,1,250
96238,1,250
96245,1,250
96255,1,250
96301,1,250
96310,1,250
96323,1,250
96337,1,250
96339,1,250
96355,1,250
96367,1,250
96367,1,250
96380,1,250
96386,1,250
96394,1,250
96406,1,250
96423,1,250
96425,1,250
96428,1,250
96434,1,250
96443,1,250
96486,1,250
96488,1,250
96537,1,250
96615,1,250
96634,1,250
96650,1,250
96676,1,250
96676,1,250
96682,1,250
96688,1,250
96691,1,250
96702,1,250
96709,1,250
96730,1,250
96736,1,250
96745,1,250
96757,1,250
96763,1,250
96766,1,250
96781,1,250
96805,1,250
96806,1,250
96807,1,250
96825,1,250
96848,1,250
96868,1,250
96869,1,250
97009,1,250
97011,1,250
97027,1,250
97036,1,250
97048,1,250
97054,1,250
97055,1,250
97059,1,250
97076,1,250
97111,1,250
97131,1,250
97151,1,250
97153,1,250
97202,1,250
97203,1,250
97224,1,250
97231,1,250
97246,1,250
97273,1,250
97289,1,250
97292,1,250
97293,1,250
97335,1,250
97342,1,250
97362,1,250
97400,1,250
97404,1,250
97405,1,250
97409,1,250
97449,1,250
97466,1,250
97476,1,250
97483,1,250
97485,1,250
97489,1,250
97497,1,250
97498,1,250
97504,1,250
97511,1,250
97524,1,250
97529,1,250
97532,1,250
97563,1,250
97563,1,250
97594,1,250
97600,1,250
97611,1,250
97645,1,250
97657,1,250
97698,1,250
97758,1,250
97759,1,250
97765,1,250
97779,1,250
97794,1,250
97802,1,250
97806,1,250
97822,1,250
97830,1,250
98002,1,250
98044,1,250
98075,1,250
98096,1,250
98109,1,250
98125,1,250
98156,1,250
98186,1,250
98196,1,250
98231,1,250
98255,1,250
98258,1,250
98269,1,250
98270,1,250
98294,1,250
98310,1,250
98382,1,250
98384,1,250
98417,1,250
98418,1,250
98443,1,250
98461,1,250
98500,1,250
98507,1,250
98528,1,250
98536,1,250
98550,1,250
98561,1,250
98565,1,250
98567,1,250
98576,1,250
98580,1,250
98580,1,250
98624,1,250
98654,1,250
98666,1,250
98704,1,250
98711,1,250
98747,1,250
98748,1,250
98751,1,250
98768,1,250
98786,1,250
98816,1,250
98819,1,250
98832,1,250
98845,1,250
98861,1,250
98865,1,250
98867,1,250
98872,1,250
98894,1,250
98926,1,250
98931,1,250
98969,1,250
99000,1,250
99013,1,250
99025,1,250
99031,1,250
99032,1,250
99035,1,250
99048,1,250
99055,1,250
99059,1,250
99060,1,250
99077,1,250
99079,1,250
99084,1,250
99134,1,250
99143,1,250
99183,1,250
99190,1,250
99196,1,250
99214,1,250
99229,1,250
99261,1,250
99287,1,250
99338,1,250
99342,1,250
99351,1,250
99358,1,250
99363,1,250
99382,1,250
99394,1,250
99401,1,250
99411,1,250
99433,1,250
99445,1,250
99455,1,250
99459,1,250
99469,1,250
99491,1,250
99513,1,250
99538,1,250
99562,1,250
99590,1,250
99596,1,250
99597,1,250
99608,1,250
99613,1,250
99633,1,250
99651,1,250
99690,1,250
99748,1,250
99754,1,250
99763,1,250
99777,1,250
99785,1,250
99790,1,250
99832,1,250
99869,1,250
99876,1,250
99916,1,250
99917,1,250
99955,1,250
99969,1,250
99977,1,250
99979,1,250
100023,1,250
100024,1,250
100039,1,250
100046,1,250
100098,1,250
100117,1,250
100135,1,250
100158,1,250
100175,1,250
100180,1,250
100193,1,250
100198,1,250
100213,1,250
100215,1,250
100271,1,250
100283,1,250
100290,1,250
100302,1,250
100311,1,250
100405,1,250
100418,1,250
100441,1,250
100444,1,250
100518,1,250
100553,1,250
100561,1,250
100574,1,250
100633,1,250
100658,1,250
100671,1,250
100679,1,250
100733,1,250
100760,1,250
100782,1,250
100829,1,250
100861,1,250
100923,1,250
100938,1,250
100940,1,250
101021,1,250
101030,1,250
101036,1,250
101038,1,250
101051,1,250
101056,1,250
101057,1,250
101058,1,250
101062,1,250
101082,1,250
101084,1,250
101096,1,250
101102,1,250
101106,1,250
101124,1,250
101140,1,250
101146,1,250
101148,1,250
101154,1,250
101162,1,250
101176,1,250
101179,1,250
101180,1,250
101193,1,250
101204,1,250
101220,1,250
101221,1,250
101244,1,250
101254,1,250
101256,1,250
101257,1,250
101266,1,250
101267,1,250
101271,1,250
101276,1,250
101277,1,250
101308,1,250
101330,1,250
101335,1,250
101336,1,250
101343,1,250
101404,1,250
101408,1,250
101444,1,250
101446,1,250
101456,1,250
101462,1,250
101489,1,250
101498,1,250
101521,1,250
101540,1,250
101592,1,250
101602,1,250
101619,1,250
101667,1,250
101674,1,250
101701,1,250
101706,1,250
101750,1,250
101767,1,250
101772,1,250
101790,1,250
101800,1,250
101820,1,250
101872,1,250
101901,1,250
101925,1,250
101925,1,250
101977,1,250
101982,1,250
101996,1,250
101999,1,250
102004,1,250
102004,1,250
102006,1,250
102009,1,250
102019,1,250
102021,1,250
102051,1,250
102062,1,250
102083,1,250
102088,1,250
102118,1,250
102119,1,250
102147,1,250
102152,1,250
102161,1,250
102199,1,250
102208,1,250
102219,1,250
102254,1,250
102266,1,250
102266,1,250
102300,1,250
102308,1,250
102321,1,250
102327,1,250
102377,1,250
102378,1,250
102396,1,250
102412,1,250
102423,1,250
102429,1,250
102452,1,250
102461,1,250
102492,1,250
102509,1,250
102514,1,250
102547,1,250
102581,1,250
102606,1,250
102622,1,250
102622,1,250
102647,1,250
102670,1,250
102677,1,250
102704,1,250
102711,1,250
102715,1,250
102725,1,250
102745,1,250
102790,1,250
102791,1,250
102817,1,250
102847,1,250
102879,1,250
102907,1,250
102933,1,250
102940,1,250
102954,1,250
102965,1,250
102988,1,250
102993,1,250
103015,1,250
103020,1,250
103160,1,250
103244,1,250
103269,1,250
103329,1,250
103362,1,250
103384,1,250
103409,1,250
103420,1,250
103486,1,250
103499,1,250
103582,1,250
103593,1,250
103631,1,250
103635,1,250
103642,1,250
103652,1,250
103689,1,250
103692,1,250
103706,1,250
103713,1,250
103722,1,250
103739,1,250
103777,1,250
103838,1,250
103845,1,250
103860,1,250
103869,1,250
103896,1,250
103919,1,250
103923,1,250
103926,1,250
103950,1,250
103968,1,250
103980,1,250
103981,1,250
104017,1,250
104018,1,250
104022,1,250
104024,1,250
104027,1,250
104029,1,250
104032,1,250
104040,1,250
104043,1,250
104056,1,250
104059,1,250
104095,1,250
104110,1,250
104140,1,250
104145,1,250
104157,1,250
104160,1,250
104164,1,250
104173,1,250
104175,1,250
104179,1,250
104182,1,250
104196,1,250
104205,1,250
104214,1,250
104219,1,250
104225,1,250
104233,1,250
104242,1,250
104252,1,250
104255,1,250
104261,1,250
104265,1,250
104291,1,250
104305,1,250
104316,1,250
104383,1,250
104384,1,250
104387,1,250
104388,1,250
104425,1,250
104425,1,250
104428,1,250
104430,1,250
104472,1,250
104494,1,250
104520,1,250
104523,1,250
104588,1,250
104598,1,250
104619,1,250
104646,1,250
104654,1,250
104683,1,250
104689,1,250
104705,1,250
104746,1,250
104766,1,250
104775,1,250
104777,1,250
104777,1,250
104790,1,250
104795,1,250
104822,1,250
104829,1,250
104855,1,250
104865,1,250
105051,1,250
105054,1,250
105054,1,250
105060,1,250
105063,1,250
105071,1,250
105073,1,250
105074,1,250
105084,1,250
105102,1,250
105103,1,250
105117,1,250
105126,1,250
105127,1,250
105143,1,250
105152,1,250
105152,1,250
105153,1,250
105154,1,250
105172,1,250
105173,1,250
105195,1,250
105220,1,250
105239,1,250
105247,1,250
105275,1,250
105295,1,250
105302,1,250
105302,1,250
105306,1,250
105309,1,250
105395,1,250
105399,1,250
105400,1,250
105439,1,250
105453,1,250
105471,1,250
105543,1,250
105570,1,250
105610,1,250
105610,1,250
105613,1,250
105614,1,250
105615,1,250
105615,1,250
105617,1,250
105622,1,250
105648,1,250
105665,1,250
105688,1,250
105697,1,250
105699,1,250
105718,1,250
105729,1,250
105746,1,250
105746,1,250
105749,1,250
105755,1,250
105758,1,250
105792,1,250
105828,1,250
105830,1,250
105855,1,250
105864,1,250
105867,1,250
106054,1,250
106065,1,250
106104,1,250
106112,1,250
106135,1,250
106141,1,250
106153,1,250
106187,1,250
106188,1,250
106210,1,250
106251,1,250
106267,1,250
106271,1,250
106334,1,250
106335,1,250
106336,1,250
106363,1,250
106386,1,250
106392,1,250
106409,1,250
106422,1,250
106423,1,250
106454,1,250
106456,1,250
106458,1,250
106473,1,250
106473,1,250
106479,1,250
106514,1,250
106535,1,250
106542,1,250
106545,1,250
106567,1,250
106600,1,250
106604,1,250
106605,1,250
106647,1,250
106662,1,250
106669,1,250
106712,1,250
106743,1,250
106746,1,250
106757,1,250
106777,1,250
106813,1,250
106828,1,250
106838,1,250
106849,1,250
106849,1,250
107003,1,250
107014,1,250
107015,1,250
107026,1,250
107055,1,250
107063,1,250
107066,1,250
107066,1,250
107071,1,250
107087,1,250
107097,1,250
107117,1,250
107124,1,250
107142,1,250
107190,1,250
107209,1,250
107221,1,250
107234,1,250
107235,1,250
107279,1,250
107296,1,250
107298,1,250
107312,1,250
107338,1,250
107379,1,250
107399,1,250
107407,1,250
107458,1,250
107505,1,250
107508,1,250
107513,1,250
107520,1,250
107527,1,250
107534,1,250
107547,1,250
107552,1,250
107569,1,250
107601,1,250
107631,1,250
107666,1,250
107691,1,250
107702,1,250
107706,1,250
107712,1,250
107730,1,250
107730,1,250
107764,1,250
108001,1,250
108032,1,250
108050,1,250
108063,1,250
108076,1,250
108078,1,250
108118,1,250
108153,1,250
108159,1,250
108163,1,250
108172,1,250
108175,1,250
108187,1,250
108202,1,250
108222,1,250
108251,1,250
108255,1,250
108286,1,250
108324,1,250
108349,1,250
108396,1,250
108448,1,250
108469,1,250
108529,1,250
108539,1,250
108582,1,250
108592,1,250
108627,1,250
108627,1,250
108630,1,250
108652,1,250
108654,1,250
108665,1,250
108702,1,250
108712,1,250
108726,1,250
108734,1,250
108752,1,250
108760,1,250
108785,1,250
108805,1,250
108807,1,250
108823,1,250
108863,1,250
108876,1,250
109092,1,250
109106,1,250
109144,1,250
109205,1,250
109233,1,250
109237,1,250
109242,1,250
109270,1,250
109280,1,250
109297,1,250
109306,1,250
109314,1,250
109319,1,250
109352,1,250
109376,1,250
109445,1,250
109452,1,250
109474,1,250
109478,1,250
109496,1,250
109517,1,250
109539,1,250
109559,1,250
109560,1,250
109590,1,250
109603,1,250
109619,1,250
109661,1,250
109667,1,250
109706,1,250
109743,1,250
109785,1,250
109819,1,250
109824,1,250
109830,1,250
109851,1,250
109851,1,250
109933,1,250
109979,1,250
109980,1,250
110006,1,250
110013,1,250
110031,1,250
110047,1,250
110056,1,250
110059,1,250
110064,1,250
110067,1,250
110075,1,250
110087,1,250
110106,1,250
110114,1,250
110152,1,250
110180,1,250
110180,1,250
110184,1,250
110206,1,250
110228,1,250
110231,1,250
110285,1,250
110292,1,250
110297,1,250
110299,1,250
110328,1,250
110374,1,250
110389,1,250
110397,1,250
110422,1,250
110448,1,250
110453,1,250
110491,1,250
110505,1,250
110509,1,250
110523,1,250
110532,1,250
110568,1,250
110657,1,250
110690,1,250
110713,1,250
110715,1,250
110772,1,250
110777,1,250
110782,1,250
110789,1,250
110865,1,250
110886,1,250
110907,1,250
110916,1,250
110919,1,250
111030,1,250
111034,1,250
111054,1,250
111113,1,250
111119,1,250
111127,1,250
111137,1,250
111164,1,250
111184,1,250
111204,1,250
111209,1,250
111221,1,250
111224,1,250
111246,1,250
111256,1,250
111322,1,250
111422,1,250
111442,1,250
111457,1,250
111472,1,250
111482,1,250
111484,1,250
111485,1,250
111505,1,250
111525,1,250
111525,1,250
111546,1,250
111574,1,250
111586,1,250
111608,1,250
111621,1,250
111647,1,250
111652,1,250
111682,1,250
111715,1,250
111734,1,250
111752,1,250
111752,1,250
111791,1,250
111794,1,250
111799,1,250
111830,1,250
111839,1,250
111855,1,250
111860,1,250
111863,1,250
112030,1,250
112077,1,250
112085,1,250
112116,1,250
112140,1,250
112172,1,250
112212,1,250
112219,1,250
112247,1,250
112351,1,250
112450,1,250
112461,1,250
112478,1,250
112480,1,250
112509,1,250
112515,1,250
112525,1,250
112531,1,250
112590,1,250
112618,1,250
112620,1,250
112630,1,250
112667,1,250
112680,1,250
112725,1,250
112740,1,250
112762,1,250
112764,1,250
112786,1,250
112803,1,250
112805,1,250
112832,1,250
112840,1,250
112846,1,250
112871,1,250
112883,1,250
112916,1,250
112978,1,250
112982,1,250
113018,1,250
113037,1,250
113052,1,250
113068,1,250
113080,1,250
113081,1,250
113088,1,250
113108,1,250
113116,1,250
113145,1,250
113152,1,250
113194,1,250
113194,1,250
113205,1,250
113210,1,250
113215,1,250
113239,1,250
113271,1,250
113272,1,250
113324,1,250
113335,1,250
113346,1,250
113352,1,250
113356,1,250
113376,1,250
113379,1,250
113393,1,250
113402,1,250
113490,1,250
113524,1,250
113532,1,250
113540,1,250
113549,1,250
113618,1,250
113622,1,250
113631,1,250
113647,1,250
113659,1,250
113668,1,250
113692,1,250
113734,1,250
113738,1,250
113741,1,250
113753,1,250
113770,1,250
113774,1,250
113780,1,250
113787,1,250
113791,1,250
113820,1,250
114015,1,250
114015,1,250
114029,1,250
114118,1,250
114159,1,250
114174,1,250
114176,1,250
114193,1,250
114208,1,250
114213,1,250
114237,1,250
114260,1,250
114264,1,250
114266,1,250
114288,1,250
114319,1,250
114361,1,250
114378,1,250
114388,1,250
114390,1,250
114407,1,250
114440,1,250
114464,1,250
114468,1,250
114484,1,250
114485,1,250
114535,1,250
114543,1,250
114584,1,250
114600,1,250
114606,1,250
114617,1,250
114656,1,250
114661,1,250
114687,1,250
114698,1,250
114701,1,250
114710,1,250
114720,1,250
114735,1,250
114746,1,250
114750,1,250
115003,1,250
115008,1,250
115023,1,250
115024,1,250
115034,1,250
115070,1,250
115079,1,250
115203,1,250
115246,1,250
115275,1,250
115275,1,250
115301,1,250
115302,1,250
115306,1,250
115373,1,250
115424,1,250
115463,1,250
115483,1,250
115513,1,250
115523,1,250
115528,1,250
115540,1,250
115566,1,250
115607,1,250
115628,1,250
115649,1,250
115651,1,250
115737,1,250
115778,1,250
115817,1,250
115844,1,250
115873,1,250
115896,1,250
115907,1,250
115928,1,250
115965,1,250
115976,1,250
115984,1,250
116017,1,250
116023,1,250
116025,1,250
116039,1,250
116040,1,250
116057,1,250
116064,1,250
116064,1,250
116093,1,250
116105,1,250
116146,1,250
116147,1,250
116151,1,250
116152,1,250
116153,1,250
116221,1,250
116236,1,250
116270,1,250
116270,1,250
116272,1,250
116314,1,250
116319,1,250
116348,1,250
116373,1,250
116378,1,250
116418,1,250
116422,1,250
116447,1,250
116450,1,250
116475,1,250
116480,1,250
116491,1,250
116498,1,250
116507,1,250
116540,1,250
116558,1,250
116572,1,250
116580,1,250
116631,1,250
116632,1,250
116649,1,250
116650,1,250
116651,1,250
116680,1,250
116702,1,250
116754,1,250
117036,1,250
117086,1,250
117121,1,250
117122,1,250
117147,1,250
117150,1,250
117153,1,250
117161,1,250
117165,1,250
117167,1,250
117170,1,250
117184,1,250
117216,1,250
117242,1,250
117248,1,250
117257,1,250
117274,1,250
117285,1,250
117299,1,250
117312,1,250
117380,1,250
117396,1,250
117408,1,250
117423,1,250
117441,1,250
117487,1,250
117489,1,250
117516,1,250
117538,1,250
117552,1,250
117610,1,250
117617,1,250
117620,1,250
117628,1,250
117702,1,250
117714,1,250
117747,1,250
117787,1,250
117790,1,250
117798,1,250
117810,1,250
117822,1,250
117871,1,250
117878,1,250
117899,1,250
117914,1,250
118010,1,250
118032,1,250
118033,1,250
118051,1,250
118097,1,250
118100,1,250
118121,1,250
118160,1,250
118162,1,250
118181,1,250
118187,1,250
118263,1,250
118266,1,250
118270,1,250
118270,1,250
118335,1,250
118345,1,250
118367,1,250
118472,1,250
118478,1,250
118480,1,250
118497,1,250
118516,1,250
118569,1,250
118577,1,250
118604,1,250
118614,1,250
118667,1,250
118680,1,250
118685,1,250
118690,1,250
118694,1,250
118722,1,250
118820,1,250
119079,1,250
119092,1,250
119093,1,250
119125,1,250
119161,1,250
119191,1,250
119258,1,250
119272,1,250
119347,1,250
119351,1,250
119373,1,250
119437,1,250
119451,1,250
119520,1,250
119580,1,250
119581,1,250
119589,1,250
119653,1,250
119699,1,250
119714,1,250
119736,1,250
119746,1,250
119780,1,250
119821,1,250
119865,1,250
119913,1,250
119921,1,250
119934,1,250
119939,1,250
120004,1,250
120008,1,250
120012,1,250
120014,1,250
120015,1,250
120019,1,250
120042,1,250
120098,1,250
120160,1,250
120226,1,250
120445,1,250
120450,1,250
120621,1,250
120727,1,250
120955,1,250
120960,1,250
120978,1,250
120981,1,250
121011,1,250
121025,1,250
121025,1,250
121028,1,250
121031,1,250
121039,1,250
121061,1,250
121062,1,250
121068,1,250
121070,1,250
121146,1,250
121161,1,250
121185,1,250
121193,1,250
121195,1,250
121199,1,250
121218,1,250
121242,1,250
121245,1,250
121247,1,250
121264,1,250
121292,1,250
121296,1,250
121353,1,250
121359,1,250
121368,1,250
121383,1,250
121390,1,250
121409,1,250
121411,1,250
121418,1,250
121451,1,250
121462,1,250
121481,1,250
121493,1,250
121557,1,250
121585,1,250
121591,1,250
121600,1,250
121607,1,250
121626,1,250
121645,1,250
121701,1,250
121717,1,250
121789,1,250
121802,1,250
121838,1,250
122077,1,250
122137,1,250
122153,1,250
122193,1,250
122241,1,250
122292,1,250
122303,1,250
122316,1,250
122319,1,250
122343,1,250
122389,1,250
122423,1,250
122506,1,250
122519,1,250
122543,1,250
122573,1,250
122593,1,250
122615,1,250
122629,1,250
122661,1,250
122669,1,250
122671,1,250
122715,1,250
122731,1,250
122777,1,250
122792,1,250
122806,1,250
122824,1,250
122825,1,250
122879,1,250
122889,1,250
123018,1,250
123057,1,250
123096,1,250
123105,1,250
123112,1,250
123137,1,250
123147,1,250
123190,1,250
123238,1,250
123325,1,250
123345,1,250
123417,1,250
123420,1,250
123434,1,250
123532,1,250
123533,1,250
123534,1,250
123560,1,250
123649,1,250
123678,1,250
123688,1,250
123708,1,250
123748,1,250
123767,1,250
123787,1,250
123817,1,250
123818,1,250
123851,1,250
123930,1,250
124045,1,250
124055,1,250
124099,1,250
124115,1,250
124141,1,250
124144,1,250
124156,1,250
124167,1,250
124189,1,250
124205,1,250
124210,1,250
124337,1,250
124367,1,250
124438,1,250
124443,1,250
124465,1,250
124472,1,250
124511,1,250
124530,1,250
124551,1,250
124569,1,250
124599,1,250
124714,1,250
124761,1,250
124802,1,250
124858,1,250
124922,1,250
125001,1,250
125032,1,250
125042,1,250
125046,1,250
125103,1,250
125177,1,250
125230,1,250
125259,1,250
125292,1,250
125301,1,250
125412,1,250
125424,1,250
125431,1,250
125439,1,250
125453,1,250
125470,1,250
125500,1,250
125548,1,250
125597,1,250
125598,1,250
125609,1,250
125627,1,250
125671,1,250
125675,1,250
125724,1,250
125782,1,250
125838,1,250
125854,1,250
125915,1,250
126000,1,250
126012,1,250
126019,1,250
126036,1,250
126060,1,250
126063,1,250
126188,1,250
126192,1,250
126197,1,250
126216,1,250
126272,1,250
126315,1,250
126386,1,250
126399,1,250
126416,1,250
126448,1,250
126457,1,250
126482,1,250
126486,1,250
126536,1,250
126551,1,250
126633,1,250
126647,1,250
126679,1,250
126682,1,250
126698,1,250
126761,1,250
126815,1,250
126830,1,250
127071,1,250
127095,1,250
127140,1,250
127241,1,250
127274,1,250
127426,1,250
127433,1,250
127466,1,250
127547,1,250
127603,1,250
127623,1,250
127635,1,250
127638,1,250
127647,1,250
127658,1,250
127666,1,250
127681,1,250
127751,1,250
127778,1,250
127836,1,250
127846,1,250
127897,1,250
127968,1,250
127993,1,250
128017,1,250
128076,1,250
128132,1,250
128138,1,250
128164,1,250
128176,1,250
128180,1,250
128237,1,250
128310,1,250
128328,1,250
128333,1,250
128342,1,250
128391,1,250
128454,1,250
128474,1,250
128524,1,250
128566,1,250
128569,1,250
128579,1,250
128617,1,250
128624,1,250
128633,1,250
128658,1,250
128803,1,250
128826,1,250
128859,1,250
128875,1,250
128908,1,250
128936,1,250
129000,1,250
129012,1,250
129047,1,250
129080,1,250
129082,1,250
129086,1,250
129119,1,250
129142,1,250
129148,1,250
129188,1,250
129201,1,250
129217,1,250
129281,1,250
129312,1,250
129345,1,250
129360,1,250
129365,1,250
129367,1,250
129374,1,250
129379,1,250
129422,1,250
129424,1,250
129433,1,250
129472,1,250
129490,1,250
129516,1,250
129524,1,250
129554,1,250
129559,1,250
129654,1,250
129689,1,250
129764,1,250
129778,1,250
129925,1,250
130004,1,250
130019,1,250
130023,1,250
130028,1,250
130065,1,250
130176,1,250
130300,1,250
130381,1,250
130381,1,250
130390,1,250
130391,1,250
130515,1,250
130567,1,250
130608,1,250
130659,1,250
130686,1,250
130754,1,250
130817,1,250
131032,1,250
131040,1,250
131056,1,250
131100,1,250
131111,1,250
131138,1,250
131150,1,250
131200,1,250
131272,1,250
131322,1,250
131340,1,250
131345,1,250
131407,1,250
131409,1,250
131476,1,250
131496,1,250
131523,1,250
131570,1,250
131607,1,250
131766,1,250
131845,1,250
131885,1,250
131885,1,250
131900,1,250
131955,1,250
131962,1,250
131987,1,250
132082,1,250
132083,1,250
132106,1,250
132113,1,250
132129,1,250
132140,1,250
132208,1,250
132223,1,250
132292,1,250
132324,1,250
132331,1,250
132374,1,250
132399,1,250
132454,1,250
132488,1,250
132490,1,250
132494,1,250
132512,1,250
132525,1,250
132554,1,250
132564,1,250
132577,1,250
132610,1,250
133005,1,250
133027,1,250
133037,1,250
133081,1,250
133085,1,250
133121,1,250
133137,1,250
133185,1,250
133279,1,250
133284,1,250
133325,1,250
133474,1,250
133550,1,250
133596,1,250
133644,1,250
133651,1,250
134009,1,250
134056,1,250
134067,1,250
134069,1,250
134107,1,250
134133,1,250
134157,1,250
134233,1,250
134325,1,250
134407,1,250
134471,1,250
134549,1,250
134560,1,250
134596,1,250
134612,1,250
134625,1,250
134665,1,250
134686,1,250
134719,1,250
135037,1,250
135068,1,250
135068,1,250
135085,1,250
135142,1,250
135212,1,250
135242,1,250
135266,1,250
135278,1,250
135308,1,250
135313,1,250
135330,1,250
135373,1,250
135379,1,250
135414,1,250
135474,1,250
135485,1,250
135679,1,250
136013,1,250
136031,1,250
136055,1,250
136077,1,250
136120,1,250
136156,1,250
136302,1,250
136360,1,250
136422,1,250
136443,1,250
136527,1,250
136543,1,250
136608,1,250
136625,1,250
136866,1,250
136923,1,250
136933,1,250
136999,1,250
137083,1,250
137085,1,250
137092,1,250
137104,1,250
137137,1,250
137189,1,250
137226,1,250
137307,1,250
137384,1,250
137477,1,250
137499,1,250
137570,1,250
137580,1,250
137589,1,250
137674,1,250
137741,1,250
137789,1,250
137815,1,250
137970,1,250
137978,1,250
137995,1,250
138114,1,250
138201,1,250
138206,1,250
138212,1,250
138252,1,250
138339,1,250
138359,1,250
138379,1,250
138401,1,250
138419,1,250
138480,1,250
138524,1,250
138558,1,250
138579,1,250
138604,1,250
138689,1,250
138721,1,250
139011,1,250
139031,1,250
139123,1,250
139124,1,250
139133,1,250
139173,1,250
139237,1,250
139257,1,250
139271,1,250
139407,1,250
139551,1,250
139559,1,250
139574,1,250
139577,1,250
139605,1,250
139686,1,250
139698,1,250
139755,1,250
139803,1,250
140065,1,250
140116,1,250
140139,1,250
140235,1,250
140479,1,250
140503,1,250
140551,1,250
140786,1,250
141024,1,250
141058,1,250
141138,1,250
141154,1,250
141191,1,250
141226,1,250
141264,1,250
141299,1,250
141306,1,250
141307,1,250
141354,1,250
141453,1,250
141465,1,250
141480,1,250
141495,1,250
141496,1,250
141631,1,250
141650,1,250
141661,1,250
141706,1,250
141743,1,250
141773,1,250
141774,1,250
141846,1,250
141876,1,250
141983,1,250
141984,1,250
142001,1,250
142078,1,250
142139,1,250
142244,1,250
142257,1,250
142347,1,250
142491,1,250
142626,1,250
142629,1,250
142642,1,250
142649,1,250
142701,1,250
142721,1,250
142823,1,250
143086,1,250
143129,1,250
143139,1,250
143165,1,250
143181,1,250
143190,1,250
143275,1,250
143326,1,250
143464,1,250
143666,1,250
143870,1,250
143906,1,250
144009,1,250
144140,1,250
144155,1,250
144278,1,250
144288,1,250
144334,1,250
144350,1,250
144375,1,250
144433,1,250
144502,1,250
144545,1,250
144605,1,250
145010,1,250
145126,1,250
145170,1,250
145285,1,250
145302,1,250
145324,1,250
145339,1,250
145365,1,250
145368,1,250
145483,1,250
145550,1,250
145614,1,250
145721,1,250
145761,1,250
145806,1,250
146144,1,250
146333,1,250
146377,1,250
146405,1,250
146510,1,250
146546,1,250
146666,1,250
146761,1,250
146925,1,250
146942,1,250
147054,1,250
147096,1,250
147114,1,250
147160,1,250
147257,1,250
147311,1,250
147312,1,250
147321,1,250
147371,1,250
147560,1,250
147615,1,250
147635,1,250
147701,1,250
147989,1,250
148003,1,250
148007,1,250
148321,1,250
148417,1,250
148444,1,250
148591,1,250
148593,1,250
148595,1,250
148782,1,250
148788,1,250
148804,1,250
148824,1,250
148841,1,250
148968,1,250
149002,1,250
149043,1,250
149064,1,250
149442,1,250
149486,1,250
149495,1,250
149685,1,250
149699,1,250
149870,1,250
149903,1,250
150011,1,250
150018,1,250
150257,1,250
150325,1,250
150337,1,250
150448,1,250
150459,1,250
150538,1,250
150698,1,250
150815,1,250
151052,1,250
151095,1,250
151168,1,250
151217,1,250
151223,1,250
151365,1,250
151384,1,250
151425,1,250
151489,1,250
151543,1,250
151652,1,250
151703,1,250
152072,1,250
152182,1,250
152217,1,250
152311,1,250
152551,1,250
152558,1,250
153020,1,250
153055,1,250
153087,1,250
153113,1,250
153198,1,250
153291,1,250
153308,1,250
153450,1,250
153450,1,250
153561,1,250
153598,1,250
153681,1,250
153718,1,250
153846,1,250
153915,1,250
154032,1,250
154096,1,250
154125,1,250
154182,1,250
154264,1,250
154320,1,250
154476,1,250
154501,1,250
154596,1,250
154623,1,250
154624,1,250
154652,1,250
154680,1,250
154747,1,250
154788,1,250
154857,1,250
155018,1,250
155046,1,250
155056,1,250
155061,1,250
155084,1,250
155130,1,250
155137,1,250
155336,1,250
155361,1,250
155409,1,250
155455,1,250
156087,1,250
156172,1,250
156355,1,250
156355,1,250
156375,1,250
156507,1,250
156814,1,250
156966,1,250
156992,1,250
157107,1,250
157154,1,250
157211,1,250
157532,1,250
157653,1,250
157699,1,250
158090,1,250
158111,1,250
158128,1,250
158182,1,250
158279,1,250
158478,1,250
158516,1,250
158663,1,250
158677,1,250
158710,1,250
159019,1,250
159075,1,250
159141,1,250
159147,1,250
159230,1,250
159293,1,250
159575,1,250
159617,1,250
159627,1,250
159638,1,250
159755,1,250
160263,1,250
160353,1,250
160378,1,250
160391,1,250
160502,1,250
160566,1,250
160674,1,250
160683,1,250
160714,1,250
160754,1,250
160792,1,250
160820,1,250
160846,1,250
161029,1,250
161049,1,250
161590,1,250
161680,1,250
161879,1,250
161914,1,250
162288,1,250
162530,1,250
162577,1,250
162756,1,250
162894,1,250
163075,1,250
163245,1,250
163276,1,250
163295,1,250
163721,1,250
163886,1,250
164342,1,250
164362,1,250
164953,1,250
165045,1,250
165047,1,250
165119,1,250
165123,1,250
165128,1,250
165148,1,250
165153,1,250
165166,1,250
165303,1,250
165370,1,250
165402,1,250
165438,1,250
165442,1,250
165445,1,250
165551,1,250
165576,1,250
165611,1,250
165619,1,250
165669,1,250
165732,1,250
165798,1,250
165824,1,250
165880,1,250
165909,1,250
166157,1,250
166221,1,250
166241,1,250
166367,1,250
166402,1,250
166443,1,250
166748,1,250
166786,1,250
166860,1,250
166988,1,250
167030,1,250
167030,1,250
167062,1,250
167307,1,250
167382,1,250
167506,1,250
167509,1,250
167789,1,250
167800,1,250
167870,1,250
168018,1,250
168064,1,250
168261,1,250
168326,1,250
168450,1,250
168462,1,250
168547,1,250
168630,1,250
168677,1,250
168774,1,250
168873,1,250
169321,1,250
169596,1,250
169905,1,250
169914,1,250
170011,1,250
170034,1,250
170054,1,250
170125,1,250
170528,1,250
170582,1,250
170735,1,250
170748,1,250
170992,1,250
171120,1,250
171182,1,250
171196,1,250
171227,1,250
171252,1,250
171294,1,250
171445,1,250
171485,1,250
171665,1,250
172000,1,250
172104,1,250
172125,1,250
172343,1,250
172453,1,250
172514,1,250
172523,1,250
172545,1,250
172649,1,250
172669,1,250
173159,1,250
173191,1,250
173299,1,250
173377,1,250
173873,1,250
174105,1,250
174112,1,250
174259,1,250
174490,1,250
174543,1,250
174548,1,250
174969,1,250
175291,1,250
175580,1,250
175708,1,250
175929,1,250
176079,1,250
176287,1,250
176408,1,250
176424,1,250
176436,1,250
176530,1,250
176569,1,250
177004,1,250
177007,1,250
177074,1,250
177117,1,250
177185,1,250
177211,1,250
177214,1,250
177251,1,250
177261,1,250
177288,1,250
177295,1,250
177298,1,250
177337,1,250
177360,1,250
177366,1,250
177395,1,250
177455,1,250
177489,1,250
177522,1,250
177533,1,250
177697,1,250
177748,1,250
177759,1,250
177777,1,250
178036,1,250
178051,1,250
178180,1,250
178188,1,250
178290,1,250
178466,1,250
178623,1,250
178664,1,250
178822,1,250
179020,1,250
179036,1,250
179111,1,250
179287,1,250
179309,1,250
179313,1,250
179359,1,250
179403,1,250
179438,1,250
179588,1,250
179704,1,250
179765,1,250
179781,1,250
179811,1,250
180099,1,250
180100,1,250
180209,1,250
180309,1,250
180373,1,250
180400,1,250
180451,1,250
180595,1,250
182052,1,250
182080,1,250
182170,1,250
182214,1,250
182219,1,250
182235,1,250
182302,1,250
182354,1,250
182386,1,250
182416,1,250
182589,1,250
182610,1,250
182830,1,250
183126,1,250
183219,1,250
183247,1,250
183304,1,250
183504,1,250
183543,1,250
183562,1,250
183767,1,250
183787,1,250
184034,1,250
184075,1,250
184099,1,250
184100,1,250
184110,1,250
184120,1,250
184157,1,250
184340,1,250
184356,1,250
184393,1,250
184526,1,250
184551,1,250
184635,1,250
185062,1,250
185208,1,250
185368,1,250
185813,1,250
185819,1,250
186009,1,250
186062,1,250
186130,1,250
186206,1,250
186253,1,250
186257,1,250
186460,1,250
186517,1,250
186560,1,250
186564,1,250
186576,1,250
187192,1,250
187305,1,250
187334,1,250
187345,1,250
187747,1,250
187807,1,250
187989,1,250
188053,1,250
188099,1,250
188106,1,250
188107,1,250
188714,1,250
189012,1,250
189068,1,250
189077,1,250
189128,1,250
189139,1,250
189255,1,250
189353,1,250
189362,1,250
189396,1,250
189409,1,250
189446,1,250
189476,1,250
189593,1,250
189637,1,250
189648,1,250
189691,1,250
189712,1,250
189784,1,250
189939,1,250
189947,1,250
190014,1,250
190086,1,250
190149,1,250
190176,1,250
190185,1,250
190197,1,250
190338,1,250
190521,1,250
190737,1,250
190773,1,250
190855,1,250
191060,1,250
191251,1,250
191279,1,250
191314,1,250
191386,1,250
191507,1,250
191960,1,250
192037,1,250
192096,1,250
192117,1,250
192188,1,250
192273,1,250
192297,1,250
192351,1,250
192379,1,250
192402,1,250
192439,1,250
192495,1,250
192596,1,250
192678,1,250
192701,1,250
192747,1,250
193088,1,250
193173,1,250
193645,1,250
193773,1,250
193781,1,250
193818,1,250
193924,1,250
193966,1,250
194136,1,250
194255,1,250
194288,1,250
194461,1,250
194489,1,250
194549,1,250
194671,1,250
194773,1,250
194836,1,250
194850,1,250
194997,1,250
195131,1,250
195386,1,250
195412,1,250
195493,1,250
195591,1,250
195673,1,250
195714,1,250
195827,1,250
195854,1,250
196001,1,250
196022,1,250
196079,1,250
196096,1,250
196111,1,250
196142,1,250
196292,1,250
196587,1,250
196784,1,250
196911,1,250
197007,1,250
197020,1,250
197026,1,250
197067,1,250
197114,1,250
197176,1,250
197246,1,250
197259,1,250
197333,1,250
197634,1,250
198028,1,250
198237,1,250
198544,1,250
198565,1,250
198950,1,250
199015,1,250
199257,1,250
199263,1,250
199279,1,250
199525,1,250
199787,1,250
199855,1,250
200050,1,250
200073,1,250
200194,1,250
200223,1,250
200248,1,250
200298,1,250
200362,1,250
200415,1,250
201015,1,250
201016,1,250
201025,1,250
201037,1,250
201041,1,250
201161,1,250
201177,1,250
201246,1,250
201249,1,250
201325,1,250
201361,1,250
201431,1,250
201434,1,250
201464,1,250
201477,1,250
201525,1,250
201562,1,250
201578,1,250
201602,1,250
201612,1,250
201637,1,250
201671,1,250
201672,1,250
201673,1,250
201689,1,250
201743,1,250
201749,1,250
201778,1,250
201785,1,250
201836,1,250
201889,1,250
202035,1,250
202079,1,250
202137,1,250
202140,1,250
202204,1,250
202228,1,250
202390,1,250
202461,1,250
202601,1,250
202720,1,250
202793,1,250
202836,1,250
203150,1,250
203194,1,250
203289,1,250
203511,1,250
203584,1,250
203592,1,250
203734,1,250
203759,1,250
203888,1,250
203965,1,250
204053,1,250
204068,1,250
204149,1,250
204222,1,250
204228,1,250
204285,1,250
204467,1,250
204538,1,250
204547,1,250
204635,1,250
204649,1,250
204690,1,250
204765,1,250
204798,1,250
205168,1,250
205214,1,250
205290,1,250
205297,1,250
205349,1,250
205399,1,250
205544,1,250
205622,1,250
205676,1,250
205706,1,250
205727,1,250
206048,1,250
206183,1,250
206227,1,250
206285,1,250
206364,1,250
206456,1,250
206517,1,250
206614,1,250
206615,1,250
206634,1,250
206644,1,250
207082,1,250
207103,1,250
207320,1,250
207390,1,250
207409,1,250
207422,1,250
207425,1,250
207537,1,250
207740,1,250
207810,1,250
207815,1,250
207914,1,250
207971,1,250
208062,1,250
208067,1,250
208314,1,250
208320,1,250
208339,1,250
208396,1,250
208529,1,250
208604,1,250
208806,1,250
208906,1,250
209003,1,250
209143,1,250
209243,1,250
209355,1,250
209368,1,250
209408,1,250
209523,1,250
209795,1,250
210015,1,250
210044,1,250
210247,1,250
210484,1,250
210619,1,250
210628,1,250
210726,1,250
210824,1,250
210885,1,250
211351,1,250
211519,1,250
211624,1,250
211642,1,250
211706,1,250
211757,1,250
211915,1,250
211924,1,250
211937,1,250
212057,1,250
212101,1,250
212122,1,250
212135,1,250
212141,1,250
212265,1,250
212650,1,250
212720,1,250
212743,1,250
212797,1,250
212940,1,250
213074,1,250
213104,1,250
213184,1,250
213290,1,250
213313,1,250
213362,1,250
213435,1,250
213452,1,250
213458,1,250
213487,1,250
213493,1,250
213535,1,250
213562,1,250
213564,1,250
213570,1,250
213574,1,250
213579,1,250
213650,1,250
213666,1,250
213748,1,250
213783,1,250
213829,1,250
213851,1,250
213903,1,250
213927,1,250
213938,1,250
214011,1,250
214070,1,250
214161,1,250
214171,1,250
214261,1,250
214289,1,250
214303,1,250
214307,1,250
214540,1,250
214652,1,250
214725,1,250
214741,1,250
214792,1,250
214943,1,250
214943,1,250
214946,1,250
215028,1,250
215033,1,250
215044,1,250
215200,1,250
215295,1,250
215373,1,250
215383,1,250
215471,1,250
215519,1,250
215540,1,250
215627,1,250
215675,1,250
215676,1,250
215804,1,250
215961,1,250
215971,1,250
216054,1,250
216079,1,250
216101,1,250
216122,1,250
216142,1,250
216156,1,250
216208,1,250
216228,1,250
216263,1,250
216272,1,250
216303,1,250
216354,1,250
216409,1,250
217140,1,250
217263,1,250
217370,1,250
217442,1,250
217626,1,250
217778,1,250
217916,1,250
218001,1,250
218018,1,250
218071,1,250
218112,1,250
218218,1,250
218257,1,250
218273,1,250
218330,1,250
218344,1,250
218375,1,250
218544,1,250
218604,1,250
218649,1,250
218663,1,250
218753,1,250
218887,1,250
218908,1,250
218997,1,250
219446,1,250
219633,1,250
219862,1,250
220040,1,250
220082,1,250
220097,1,250
220114,1,250
220205,1,250
220259,1,250
220275,1,250
220301,1,250
220346,1,250
220400,1,250
220419,1,250
220433,1,250
220572,1,250
220595,1,250
220621,1,250
220643,1,250
220644,1,250
220737,1,250
220831,1,250
220837,1,250
220848,1,250
220890,1,250
220894,1,250
220908,1,250
220925,1,250
220929,1,250
221013,1,250
221087,1,250
221211,1,250
221251,1,250
221259,1,250
221285,1,250
221405,1,250
221617,1,250
221627,1,250
221680,1,250
221812,1,250
222011,1,250
222037,1,250
222066,1,250
222234,1,250
222343,1,250
222415,1,250
222466,1,250
222634,1,250
222731,1,250
222762,1,250
222923,1,250
222937,1,250
223006,1,250
223092,1,250
223104,1,250
223267,1,250
223284,1,250
223397,1,250
223513,1,250
223522,1,250
223532,1,250
223670,1,250
223695,1,250
223708,1,250
223721,1,250
223754,1,250
223759,1,250
224035,1,250
224066,1,250
224230,1,250
224246,1,250
224248,1,250
224291,1,250
224478,1,250
224540,1,250
224630,1,250
224856,1,250
224872,1,250
225002,1,250
225008,1,250
225032,1,250
225055,1,250
225071,1,250
225081,1,250
225088,1,250
225095,1,250
225135,1,250
225145,1,250
225176,1,250
225181,1,250
225224,1,250
225319,1,250
225353,1,250
225397,1,250
225465,1,250
225482,1,250
225487,1,250
225529,1,250
225530,1,250
225566,1,250
225643,1,250
225678,1,250
225731,1,250
225744,1,250
225765,1,250
225972,1,250
225986,1,250
226014,1,250
226022,1,250
226042,1,250
226049,1,250
226057,1,250
226066,1,250
226076,1,250
226084,1,250
226175,1,250
226177,1,250
226205,1,250
226223,1,250
226256,1,250
226264,1,250
226287,1,250
226291,1,250
226349,1,250
226404,1,250
226448,1,250
226524,1,250
226586,1,250
226632,1,250
226640,1,250
226673,1,250
226709,1,250
226717,1,250
226756,1,250
226773,1,250
226807,1,250
226850,1,250
226885,1,250
226896,1,250
227042,1,250
227045,1,250
227064,1,250
227101,1,250
227157,1,250
227166,1,250
227187,1,250
227227,1,250
227275,1,250
227302,1,250
227339,1,250
227398,1,250
227476,1,250
227552,1,250
227578,1,250
227640,1,250
227643,1,250
227660,1,250
227733,1,250
227748,1,250
227769,1,250
227775,1,250
227783,1,250
227820,1,250
227820,1,250
228051,1,250
228082,1,250
228147,1,250
228207,1,250
228216,1,250
228350,1,250
228396,1,250
228461,1,250
228516,1,250
228533,1,250
228649,1,250
228684,1,250
228690,1,250
228711,1,250
228832,1,250
228832,1,250
228864,1,250
228999,1,250
229000,1,250
229050,1,250
229059,1,250
229065,1,250
229075,1,250
229092,1,250
229107,1,250
229140,1,250
229157,1,250
229186,1,250
229258,1,250
229285,1,250
229294,1,250
229303,1,250
229321,1,250
229448,1,250
229485,1,250
229485,1,250
229604,1,250
229630,1,250
229641,1,250
229716,1,250
229787,1,250
229811,1,250
229910,1,250
229940,1,250
229941,1,250
229974,1,250
230020,1,250
230130,1,250
230172,1,250
230277,1,250
230488,1,250
230508,1,250
230516,1,250
230520,1,250
230569,1,250
230617,1,250
230679,1,250
230682,1,250
230818,1,250
230882,1,250
230893,1,250
230925,1,250
230943,1,250
231001,1,250
231046,1,250
231058,1,250
231065,1,250
231095,1,250
231105,1,250
231112,1,250
231113,1,250
231142,1,250
231147,1,250
231164,1,250
231174,1,250
231223,1,250
231223,1,250
231239,1,250
231281,1,250
231296,1,250
231339,1,250
231415,1,250
231441,1,250
231457,1,250
231479,1,250
231486,1,250
231488,1,250
231523,1,250
231538,1,250
231585,1,250
231640,1,250
231643,1,250
231737,1,250
231741,1,250
232048,1,250
232054,1,250
232165,1,250
232313,1,250
232324,1,250
232405,1,250
232594,1,250
232624,1,250
232716,1,250
232774,1,250
232882,1,250
232893,1,250
232905,1,250
232907,1,250
232927,1,250
233037,1,250
233097,1,250
233122,1,250
233127,1,250
233142,1,250
233174,1,250
233184,1,250
233195,1,250
233199,1,250
233215,1,250
233285,1,250
233298,1,250
233443,1,250
233450,1,250
233461,1,250
233469,1,250
233653,1,250
233706,1,250
233709,1,250
233755,1,250
233762,1,250
233808,1,250
233841,1,250
233932,1,250
233940,1,250
234002,1,250
234019,1,250
234031,1,250
234152,1,250
234201,1,250
234244,1,250
234248,1,250
234325,1,250
234352,1,250
234364,1,250
234452,1,250
234463,1,250
234470,1,250
234473,1,250
234476,1,250
234550,1,250
234600,1,250
234604,1,250
234645,1,250
235039,1,250
235052,1,250
235053,1,250
235112,1,250
235116,1,250
235128,1,250
235174,1,250
235289,1,250
235311,1,250
235330,1,250
235341,1,250
235346,1,250
235367,1,250
235409,1,250
235459,1,250
235464,1,250
235500,1,250
235664,1,250
235665,1,250
235676,1,250
235714,1,250
235729,1,250
236043,1,250
236075,1,250
236086,1,250
236090,1,250
236105,1,250
236247,1,250
236275,1,250
236292,1,250
236292,1,250
236302,1,250
236311,1,250
236387,1,250
236473,1,250
236532,1,250
236540,1,250
236584,1,250
236606,1,250
236625,1,250
236634,1,250
236663,1,250
236666,1,250
237076,1,250
237093,1,250
237110,1,250
237138,1,250
237162,1,250
237166,1,250
237169,1,250
237198,1,250
237252,1,250
237263,1,250
237266,1,250
237365,1,250
237409,1,250
237419,1,250
237440,1,250
237483,1,250
237484,1,250
237491,1,250
237571,1,250
237631,1,250
237636,1,250
237641,1,250
237645,1,250
237655,1,250
237656,1,250
237664,1,250
237673,1,250
237697,1,250
237698,1,250
237713,1,250
237748,1,250
237803,1,250
237876,1,250
237909,1,250
237964,1,250
238005,1,250
238021,1,250
238024,1,250
238024,1,250
238026,1,250
238031,1,250
238035,1,250
238039,1,250
238079,1,250
238126,1,250
238153,1,250
238211,1,250
238469,1,250
238524,1,250
238570,1,250
238580,1,250
238668,1,250
238690,1,250
238697,1,250
238794,1,250
238802,1,250
238824,1,250
238999,1,250
239000,1,250
239002,1,250
239021,1,250
239034,1,250
239039,1,250
239062,1,250
239072,1,250
239089,1,250
239124,1,250
239127,1,250
239150,1,250
239155,1,250
239178,1,250
239184,1,250
239197,1,250
239199,1,250
239223,1,250
239226,1,250
239244,1,250
239332,1,250
239473,1,250
239612,1,250
239630,1,250
239640,1,250
239641,1,250
239704,1,250
239717,1,250
239750,1,250
239823,1,250
239856,1,250
239861,1,250
239884,1,250
239887,1,250
239926,1,250
240000,1,250
240050,1,250
240110,1,250
240113,1,250
240127,1,250
240127,1,250
240127,1,250
240129,1,250
240228,1,250
240238,1,250
240277,1,250
240279,1,250
240303,1,250
240311,1,250
240357,1,250
240367,1,250
240435,1,250
240465,1,250
240578,1,250
240609,1,250
240614,1,250
240636,1,250
240643,1,250
240672,1,250
240736,1,250
240773,1,250
240790,1,250
240799,1,250
241005,1,250
241097,1,250
241110,1,250
241166,1,250
241201,1,250
241232,1,250
241251,1,250
241301,1,250
241459,1,250
241529,1,250
241604,1,250
241615,1,250
241615,1,250
241625,1,250
241710,1,250
241725,1,250
241756,1,250
241774,1,250
241896,1,250
241972,1,250
242004,1,250
242030,1,250
242040,1,250
242051,1,250
242055,1,250
242070,1,250
242088,1,250
242151,1,250
242157,1,250
242223,1,250
242439,1,250
242470,1,250
242512,1,250
242528,1,250
242530,1,250
242547,1,250
242552,1,250
242566,1,250
242568,1,250
242576,1,250
242607,1,250
242653,1,250
242688,1,250
242874,1,250
242905,1,250
242932,1,250
243025,1,250
243043,1,250
243072,1,250
243133,1,250
243155,1,250
243186,1,250
243195,1,250
243202,1,250
243232,1,250
243239,1,250
243276,1,250
243304,1,250
243341,1,250
243569,1,250
243569,1,250
243631,1,250
243865,1,250
243924,1,250
243974,1,250
243987,1,250
244002,1,250
244005,1,250
244063,1,250
244072,1,250
244073,1,250
244079,1,250
244101,1,250
244103,1,250
244130,1,250
244130,1,250
244136,1,250
244164,1,250
244241,1,250
244262,1,250
244298,1,250
244330,1,250
244357,1,250
244368,1,250
244399,1,250
244414,1,250
244502,1,250
244508,1,250
244522,1,250
244525,1,250
244537,1,250
244561,1,250
244576,1,250
244591,1,250
244685,1,250
244696,1,250
244716,1,250
244779,1,250
244818,1,250
244818,1,250
244956,1,250
245008,1,250
245064,1,250
245082,1,250
245143,1,250
245172,1,250
245225,1,250
245236,1,250
245396,1,250
245522,1,250
245558,1,250
245561,1,250
245663,1,250
245746,1,250
245870,1,250
245892,1,250
245898,1,250
245950,1,250
245979,1,250
246007,1,250
246067,1,250
246069,1,250
246071,1,250
246074,1,250
246095,1,250
246124,1,250
246164,1,250
246237,1,250
246255,1,250
246266,1,250
246282,1,250
246283,1,250
246284,1,250
246294,1,250
246328,1,250
246341,1,250
246358,1,250
246461,1,250
246521,1,250
246537,1,250
246576,1,250
246576,1,250
246615,1,250
246700,1,250
246829,1,250
247038,1,250
247047,1,250
247107,1,250
247112,1,250
247122,1,250
247136,1,250
247180,1,250
247183,1,250
247356,1,250
247374,1,250
247377,1,250
247424,1,250
247463,1,250
247525,1,250
247812,1,250
247814,1,250
247894,1,250
247928,1,250
247937,1,250
247965,1,250
248000,1,250
248081,1,250
248086,1,250
248138,1,250
248180,1,250
248220,1,250
248380,1,250
248446,1,250
248457,1,250
248553,1,250
248632,1,250
248711,1,250
248834,1,250
248877,1,250
248890,1,250
248932,1,250
248943,1,250
249030,1,250
249038,1,250
249043,1,250
249052,1,250
249088,1,250
249106,1,250
249126,1,250
249202,1,250
249294,1,250
249296,1,250
249348,1,250
249382,1,250
249443,1,250
249448,1,250
249493,1,250
249548,1,250
249580,1,250
249628,1,250
249638,1,250
249646,1,250
249669,1,250
249737,1,250
249746,1,250
249756,1,250
249803,1,250
249864,1,250
249887,1,250
249931,1,250
249943,1,250
249957,1,250
249968,1,250
249976,1,250
249980,1,250
250051,1,250
250067,1,250
250093,1,250
250127,1,250
250150,1,250
250178,1,250
250195,1,250
250271,1,250
250299,1,250
250400,1,250
250440,1,250
250551,1,250
250674,1,250
250695,1,250
250799,1,250
250822,1,250
250935,1,250
250957,1,250
251031,1,250
251125,1,250
251129,1,250
251134,1,250
251137,1,250
251142,1,250
251171,1,250
251180,1,250
251239,1,250
251240,1,250
251302,1,250
251344,1,250
251348,1,250
251440,1,250
251462,1,250
251489,1,250
251588,1,250
251599,1,250
251651,1,250
251741,1,250
251782,1,250
251950,1,250
252033,1,250
252101,1,250
252220,1,250
252385,1,250
252414,1,250
252431,1,250
252447,1,250
252494,1,250
252681,1,250
252743,1,250
252771,1,250
252773,1,250
252822,1,250
252828,1,250
252840,1,250
252849,1,250
252939,1,250
252945,1,250
252960,1,250
253010,1,250
253079,1,250
253097,1,250
253207,1,250
253207,1,250
253209,1,250
253214,1,250
253238,1,250
253262,1,250
253286,1,250
253453,1,250
253486,1,250
253530,1,250
253585,1,250
253607,1,250
253631,1,250
253822,1,250
253985,1,250
254000,1,250
254014,1,250
254047,1,250
254049,1,250
254063,1,250
254211,1,250
254222,1,250
254256,1,250
254303,1,250
254346,1,250
254476,1,250
254578,1,250
254641,1,250
254769,1,250
254779,1,250
254786,1,250
254791,1,250
254833,1,250
254880,1,250
254881,1,250
255112,1,250
255138,1,250
255164,1,250
255185,1,250
255204,1,250
255228,1,250
255253,1,250
255258,1,250
255330,1,250
255349,1,250
255416,1,250
255437,1,250
255481,1,250
255491,1,250
255582,1,250
255657,1,250
255783,1,250
255854,1,250
255887,1,250
255939,1,250
255942,1,250
256005,1,250
256020,1,250
256023,1,250
256032,1,250
256058,1,250
256078,1,250
256082,1,250
256106,1,250
256107,1,250
256139,1,250
256195,1,250
256243,1,250
256248,1,250
256388,1,250
256407,1,250
256486,1,250
256491,1,250
256667,1,250
256688,1,250
256707,1,250
256732,1,250
256740,1,250
256783,1,250
256879,1,250
256900,1,250
256927,1,250
256947,1,250
256964,1,250
257111,1,250
257117,1,250
257169,1,250
257223,1,250
257294,1,250
257309,1,250
257385,1,250
257386,1,250
257431,1,250
257437,1,250
257488,1,250
257544,1,250
257627,1,250
257722,1,250
257732,1,250
257754,1,250
257780,1,250
257813,1,250
258031,1,250
258081,1,250
258125,1,250
258183,1,250
258267,1,250
258279,1,250
258300,1,250
258343,1,250
258357,1,250
258360,1,250
258370,1,250
258440,1,250
258444,1,250
258478,1,250
258615,1,250
258672,1,250
258856,1,250
258858,1,250
258860,1,250
259006,1,250
259007,1,250
259009,1,250
259016,1,250
259173,1,250
259180,1,250
259193,1,250
259254,1,250
259254,1,250
259270,1,250
259345,1,250
259426,1,250
259464,1,250
259470,1,250
259723,1,250
259778,1,250
259797,1,250
259948,1,250
260031,1,250
260040,1,250
260056,1,250
260111,1,250
260164,1,250
260169,1,250
260171,1,250
260262,1,250
260287,1,250
260287,1,250
260407,1,250
260441,1,250
260445,1,250
260597,1,250
260697,1,250
260751,1,250
260777,1,250
261030,1,250
261032,1,250
261056,1,250
261095,1,250
261124,1,250
261301,1,250
261337,1,250
261407,1,250
261409,1,250
261460,1,250
261517,1,250
261558,1,250
261635,1,250
261656,1,250
261659,1,250
261701,1,250
261711,1,250
261722,1,250
261906,1,250
261963,1,250
261980,1,250
262005,1,250
262029,1,250
262058,1,250
262063,1,250
262147,1,250
262153,1,250
262187,1,250
262231,1,250
262240,1,250
262284,1,250
262307,1,250
262313,1,250
262316,1,250
262507,1,250
262658,1,250
262727,1,250
262843,1,250
262861,1,250
263088,1,250
263130,1,250
263450,1,250
263581,1,250
263698,1,250
264023,1,250
264052,1,250
264062,1,250
264074,1,250
264111,1,250
264116,1,250
264123,1,250
264124,1,250
264150,1,250
264179,1,250
264195,1,250
264201,1,250
264201,1,250
264214,1,250
264239,1,250
264259,1,250
264262,1,250
264319,1,250
264481,1,250
264517,1,250
264588,1,250
264766,1,250
264899,1,250
264927,1,250
264932,1,250
264966,1,250
265286,1,250
265461,1,250
265463,1,250
265589,1,250
266123,1,250
266204,1,250
266273,1,250
266283,1,250
266325,1,250
266332,1,250
266374,1,250
266389,1,250
266397,1,250
266520,1,250
266527,1,250
266586,1,250
266652,1,250
266754,1,250
266820,1,250
266850,1,250
266902,1,250
266942,1,250
267252,1,250
267268,1,250
267603,1,250
267605,1,250
267620,1,250
267794,1,250
267837,1,250
267910,1,250
268060,1,250
268099,1,250
268105,1,250
268149,1,250
268156,1,250
268323,1,250
268424,1,250
268588,1,250
268612,1,250
268659,1,250
268782,1,250
268942,1,250
269004,1,250
269100,1,250
269101,1,250
269119,1,250
269233,1,250
269241,1,250
269266,1,250
269291,1,250
269588,1,250
269593,1,250
270248,1,250
270305,1,250
270462,1,250
270501,1,250
270519,1,250
270527,1,250
270536,1,250
271078,1,250
271242,1,250
271264,1,250
271400,1,250
271436,1,250
271575,1,250
271979,1,250
272077,1,250
272089,1,250
272173,1,250
272310,1,250
272890,1,250
273134,1,250
273245,1,250
273298,1,250
273557,1,250
273561,1,250
273788,1,250
273793,1,250
274065,1,250
274107,1,250
274125,1,250
274130,1,250
274143,1,250
274148,1,250
274232,1,250
274319,1,250
274432,1,250
274658,1,250
275104,1,250
275205,1,250
275444,1,250
275786,1,250
275801,1,250
275830,1,250
275867,1,250
276031,1,250
276240,1,250
276687,1,250
276840,1,250
276934,1,250
277323,1,250
277472,1,250
277518,1,250
277840,1,250
277999,1,250
278090,1,250
278168,1,250
278436,1,250
278940,1,250
279011,1,250
279290,1,250
279384,1,250
279481,1,250
279639,1,250
280030,1,250
280495,1,250
280702,1,250
280853,1,250
281226,1,250
281354,1,250
281379,1,250
281561,1,250
281655,1,250
281881,1,250
282213,1,250
282227,1,250
282366,1,250
282707,1,250
282804,1,250
282873,1,250
282873,1,250
282978,1,250
283127,1,250
283389,1,250
283719,1,250
283723,1,250
283816,1,250
283822,1,250
284027,1,250
284041,1,250
284068,1,250
284076,1,250
284078,1,250
284141,1,250
284146,1,250
284204,1,250
284228,1,250
284314,1,250
284317,1,250
284339,1,250
284365,1,250
284381,1,250
284450,1,250
284475,1,250
284490,1,250
284529,1,250
284534,1,250
284549,1,250
284558,1,250
284710,1,250
284872,1,250
285214,1,250
285301,1,250
285309,1,250
285381,1,250
285707,1,250
285813,1,250
286016,1,250
286110,1,250
286148,1,250
286154,1,250
286229,1,250
286524,1,250
287094,1,250
287230,1,250
287562,1,250
287638,1,250
287889,1,250
288101,1,250
288228,1,250
288258,1,250
288277,1,250
288623,1,250
288627,1,250
288722,1,250
288723,1,250
289441,1,250
289897,1,250
290001,1,250
290004,1,250
290111,1,250
290442,1,250
290474,1,250
290479,1,250
290582,1,250
290790,1,250
291202,1,250
