26,1,300
26,1,300
39,1,300
39,1,300
39,1,300
275,1,300
276,1,300
286,1,300
517,1,300
517,1,300
561,1,300
561,1,300
561,1,300
561,1,300
561,1,300
561,1,300
561,1,300
564,1,300
575,1,300
576,1,300
765,1,300
768,1,300
771,1,300
774,1,300
1182,1,300
1182,1,300
1182,1,300
1183,1,300
1183,1,300
1196,1,300
1474,1,300
1537,1,300
2028,1,300
2028,1,300
2118,1,300
2118,1,300
2125,1,300
2125,1,300
2502,1,300
2502,1,300
2502,1,300
2503,1,300
2515,1,300
2515,1,300
2515,1,300
2516,1,300
2516,1,300
2516,1,300
2516,1,300
2641,1,300
2641,1,300
2641,1,300
3136,1,300
3421,1,300
3421,1,300
3421,1,300
3431,1,300
3670,1,300
3837,1,300
3837,1,300
3837,1,300
4068,1,300
4068,1,300
4394,1,300
4394,1,300
4394,1,300
4514,1,300
4588,1,300
4804,1,300
4804,1,300
4804,1,300
4804,1,300
4865,1,300
4865,1,300
4867,1,300
4868,1,300
5667,1,300
5721,1,300
5721,1,300
5721,1,300
5721,1,300
5737,1,300
5756,1,300
5756,1,300
5756,1,300
5756,1,300
5756,1,300
5756,1,300
5756,1,300
5768,1,300
5768,1,300
7068,1,300
7106,1,300
7125,1,300
7125,1,300
7125,1,300
7125,1,300
7125,1,300
7125,1,300
7125,1,300
7131,1,300
7790,1,300
7809,1,300
7809,1,300
7809,1,300
7811,1,300
7811,1,300
7820,1,300
7823,1,300
7830,1,300
7830,1,300
7831,1,300
7831,1,300
7974,1,300
7974,1,300
7974,1,300
7974,1,300
8100,1,300
8100,1,300
8100,1,300
8100,1,300
8133,1,300
8197,1,300
8208,1,300
8208,1,300
8208,1,300
8217,1,300
8217,1,300
8551,1,300
8551,1,300
8551,1,300
8626,1,300
8630,1,300
8663,1,300
8769,1,300
8769,1,300
9554,1,300
9554,1,300
9637,1,300
9637,1,300
9739,1,300
9740,1,300
9741,1,300
9746,1,300
9761,1,300
9761,1,300
9765,1,300
9765,1,300
9765,1,300
9765,1,300
9765,1,300
9772,1,300
9773,1,300
9779,1,300
9803,1,300
9805,1,300
9805,1,300
9816,1,300
10096,1,300
10184,1,300
10184,1,300
10185,1,300
10718,1,300
10718,1,300
10718,1,300
10718,1,300
10746,1,300
10751,1,300
10751,1,300
10847,1,300
10985,1,300
10985,1,300
10986,1,300
11474,1,300
11474,1,300
11474,1,300
11492,1,300
11492,1,300
11492,1,300
11510,1,300
11510,1,300
11510,1,300
11510,1,300
12086,1,300
12086,1,300
12086,1,300
12086,1,300
12086,1,300
12086,1,300
12087,1,300
12087,1,300
12101,1,300
12102,1,300
12102,1,300
12116,1,300
12116,1,300
12116,1,300
12141,1,300
12266,1,300
12267,1,300
12267,1,300
12267,1,300
12267,1,300
12267,1,300
12269,1,300
12270,1,300
12271,1,300
12281,1,300
12292,1,300
12292,1,300
12324,1,300
12324,1,300
12324,1,300
12338,1,300
12338,1,300
13187,1,300
13194,1,300
13670,1,300
13707,1,300
13707,1,300
13707,1,300
13707,1,300
13715,1,300
13934,1,300
13934,1,300
13934,1,300
13937,1,300
13939,1,300
13939,1,300
13941,1,300
13941,1,300
14159,1,300
14159,1,300
14159,1,300
14159,1,300
14159,1,300
14171,1,300
14171,1,300
14205,1,300
14242,1,300
14242,1,300
14242,1,300
14254,1,300
14254,1,300
14254,1,300
14402,1,300
14769,1,300
14769,1,300
14769,1,300
14787,1,300
14788,1,300
14788,1,300
14788,1,300
14788,1,300
14994,1,300
14994,1,300
14994,1,300
14994,1,300
15006,1,300
16201,1,300
16202,1,300
16292,1,300
16292,1,300
16416,1,300
16416,1,300
16416,1,300
16416,1,300
16417,1,300
16417,1,300
16417,1,300
16417,1,300
16946,1,300
16946,1,300
16946,1,300
16987,1,300
17085,1,300
17085,1,300
17088,1,300
17088,1,300
17123,1,300
17123,1,300
17123,1,300
17123,1,300
17162,1,300
17162,1,300
17162,1,300
17173,1,300
17362,1,300
17362,1,300
17362,1,300
17362,1,300
17372,1,300
17372,1,300
17512,1,300
17534,1,300
17540,1,300
17551,1,300
17653,1,300
17717,1,300
17717,1,300
17749,1,300
17749,1,300
17776,1,300
17786,1,300
17786,1,300
17811,1,300
17811,1,300
17811,1,300
17811,1,300
17820,1,300
17820,1,300
17820,1,300
17821,1,300
20300,1,300
20316,1,300
20336,1,300
20341,1,300
20341,1,300
20341,1,300
20342,1,300
20342,1,300
20342,1,300
20395,1,300
20395,1,300
20473,1,300
20473,1,300
20473,1,300
20473,1,300
20502,1,300
21431,1,300
21561,1,300
21561,1,300
21561,1,300
21561,1,300
21600,1,300
21600,1,300
21615,1,300
21615,1,300
21658,1,300
21658,1,300
21729,1,300
21884,1,300
21884,1,300
21884,1,300
21884,1,300
21886,1,300
21901,1,300
21903,1,300
22153,1,300
22221,1,300
22257,1,300
22257,1,300
22257,1,300
22617,1,300
22617,1,300
22617,1,300
22617,1,300
22622,1,300
22622,1,300
22622,1,300
23918,1,300
23919,1,300
23919,1,300
23919,1,300
23921,1,300
23921,1,300
24369,1,300
24369,1,300
24369,1,300
24369,1,300
24374,1,300
24375,1,300
24422,1,300
24431,1,300
24444,1,300
24472,1,300
24572,1,300
24572,1,300
24572,1,300
24572,1,300
24574,1,300
24574,1,300
24574,1,300
24574,1,300
24574,1,300
24574,1,300
24831,1,300
24836,1,300
24920,1,300
24923,1,300
24923,1,300
24923,1,300
24925,1,300
24925,1,300
24925,1,300
24926,1,300
24926,1,300
24926,1,300
24926,1,300
24928,1,300
24928,1,300
24928,1,300
25073,1,300
25073,1,300
25073,1,300
25078,1,300
25078,1,300
25078,1,300
25078,1,300
25078,1,300
25078,1,300
25078,1,300
25083,1,300
25084,1,300
25088,1,300
25088,1,300
25088,1,300
25088,1,300
25095,1,300
25105,1,300
25105,1,300
25105,1,300
25183,1,300
25183,1,300
25184,1,300
25184,1,300
25184,1,300
25184,1,300
25184,1,300
25184,1,300
25184,1,300
25184,1,300
25185,1,300
25338,1,300
25357,1,300
25357,1,300
25357,1,300
25357,1,300
25426,1,300
25819,1,300
26373,1,300
26374,1,300
26374,1,300
26375,1,300
26375,1,300
26385,1,300
26731,1,300
26731,1,300
26731,1,300
26731,1,300
26810,1,300
26810,1,300
26810,1,300
26920,1,300
26920,1,300
26921,1,300
26921,1,300
26921,1,300
26921,1,300
26922,1,300
27031,1,300
27103,1,300
27135,1,300
27136,1,300
27140,1,300
27162,1,300
27162,1,300
27162,1,300
27162,1,300
27162,1,300
27162,1,300
27263,1,300
27264,1,300
27348,1,300
27379,1,300
27454,1,300
27884,1,300
27884,1,300
27884,1,300
27885,1,300
27886,1,300
27886,1,300
27887,1,300
27887,1,300
27887,1,300
27919,1,300
27926,1,300
27926,1,300
27933,1,300
27978,1,300
27978,1,300
27978,1,300
27984,1,300
27984,1,300
27984,1,300
27984,1,300
27984,1,300
27984,1,300
28014,1,300
28015,1,300
28016,1,300
28061,1,300
28061,1,300
28061,1,300
28145,1,300
28145,1,300
28145,1,300
28156,1,300
28156,1,300
28159,1,300
28159,1,300
28160,1,300
29157,1,300
29242,1,300
29247,1,300
29248,1,300
29248,1,300
29248,1,300
29249,1,300
29258,1,300
29258,1,300
29258,1,300
29577,1,300
30167,1,300
30168,1,300
30168,1,300
30168,1,300
30168,1,300
30168,1,300
30168,1,300
30168,1,300
30168,1,300
30202,1,300
30323,1,300
30354,1,300
30364,1,300
30364,1,300
30364,1,300
30365,1,300
30403,1,300
30408,1,300
30636,1,300
30639,1,300
30639,1,300
30644,1,300
30649,1,300
30649,1,300
30673,1,300
30673,1,300
30673,1,300
30714,1,300
30714,1,300
30714,1,300
30714,1,300
30714,1,300
30714,1,300
30714,1,300
30714,1,300
30722,1,300
30930,1,300
30930,1,300
30931,1,300
30932,1,300
30932,1,300
30932,1,300
30932,1,300
30932,1,300
30932,1,300
30932,1,300
30941,1,300
30941,1,300
30946,1,300
30946,1,300
30946,1,300
30946,1,300
30946,1,300
30946,1,300
30946,1,300
30955,1,300
30955,1,300
30955,1,300
30955,1,300
31141,1,300
31141,1,300
31144,1,300
31144,1,300
31144,1,300
31159,1,300
31159,1,300
31665,1,300
31731,1,300
31731,1,300
31731,1,300
31781,1,300
31781,1,300
31844,1,300
31844,1,300
32666,1,300
32667,1,300
33215,1,300
33216,1,300
33255,1,300
33255,1,300
33258,1,300
33258,1,300
33258,1,300
33329,1,300
33329,1,300
33329,1,300
33329,1,300
33329,1,300
33329,1,300
33499,1,300
33499,1,300
33499,1,300
33499,1,300
33578,1,300
33663,1,300
33663,1,300
33663,1,300
33664,1,300
33666,1,300
33679,1,300
33679,1,300
33784,1,300
33784,1,300
33784,1,300
33829,1,300
33829,1,300
33829,1,300
33829,1,300
33829,1,300
33843,1,300
33848,1,300
33855,1,300
33855,1,300
33859,1,300
33859,1,300
33862,1,300
33862,1,300
33862,1,300
33863,1,300
33863,1,300
33863,1,300
33913,1,300
33913,1,300
33941,1,300
33950,1,300
33968,1,300
33968,1,300
33968,1,300
33968,1,300
33968,1,300
33971,1,300
33977,1,300
34001,1,300
34001,1,300
34001,1,300
34003,1,300
34004,1,300
34004,1,300
34004,1,300
34004,1,300
34004,1,300
34004,1,300
34004,1,300
34004,1,300
34087,1,300
34087,1,300
34255,1,300
34255,1,300
34264,1,300
34328,1,300
34366,1,300
34766,1,300
34766,1,300
34766,1,300
34766,1,300
34766,1,300
34766,1,300
34766,1,300
34802,1,300
34802,1,300
34829,1,300
34853,1,300
34853,1,300
34853,1,300
34867,1,300
34869,1,300
34869,1,300
34869,1,300
34869,1,300
35576,1,300
35576,1,300
35613,1,300
35613,1,300
35613,1,300
35613,1,300
35613,1,300
35613,1,300
35614,1,300
35617,1,300
35620,1,300
35620,1,300
35620,1,300
35620,1,300
35620,1,300
35620,1,300
35620,1,300
35627,1,300
35627,1,300
35628,1,300
35628,1,300
35628,1,300
35628,1,300
35628,1,300
35634,1,300
35634,1,300
35636,1,300
35911,1,300
35911,1,300
36038,1,300
36040,1,300
36043,1,300
36046,1,300
36077,1,300
36100,1,300
36108,1,300
36108,1,300
36108,1,300
36122,1,300
36122,1,300
36135,1,300
36135,1,300
36148,1,300
36148,1,300
36148,1,300
36148,1,300
36148,1,300
36148,1,300
36148,1,300
36148,1,300
36479,1,300
36479,1,300
36481,1,300
36583,1,300
36583,1,300
36605,1,300
36605,1,300
36607,1,300
36618,1,300
36674,1,300
36674,1,300
36674,1,300
36674,1,300
36996,1,300
37009,1,300
37009,1,300
37009,1,300
37392,1,300
37408,1,300
37408,1,300
37972,1,300
37972,1,300
37972,1,300
37972,1,300
37977,1,300
37977,1,300
37977,1,300
38006,1,300
38006,1,300
38131,1,300
38361,1,300
38361,1,300
38377,1,300
38377,1,300
38399,1,300
38399,1,300
38695,1,300
38695,1,300
38742,1,300
38979,1,300
38979,1,300
38982,1,300
39047,1,300
39940,1,300
39940,1,300
39959,1,300
39962,1,300
39962,1,300
39962,1,300
40009,1,300
40009,1,300
40029,1,300
40029,1,300
40034,1,300
40034,1,300
40034,1,300
40034,1,300
40034,1,300
40034,1,300
40527,1,300
40533,1,300
40533,1,300
40533,1,300
40537,1,300
41352,1,300
41352,1,300
41379,1,300
41379,1,300
41388,1,300
41391,1,300
41391,1,300
41391,1,300
41391,1,300
41391,1,300
41391,1,300
41772,1,300
41772,1,300
41774,1,300
43016,1,300
43016,1,300
43016,1,300
43016,1,300
43021,1,300
43021,1,300
43094,1,300
43097,1,300
43097,1,300
43097,1,300
43109,1,300
43117,1,300
43257,1,300
43358,1,300
43367,1,300
43367,1,300
43367,1,300
43367,1,300
43531,1,300
43566,1,300
43567,1,300
43570,1,300
43579,1,300
43579,1,300
43579,1,300
43579,1,300
43660,1,300
43660,1,300
43684,1,300
43687,1,300
43687,1,300
43687,1,300
43687,1,300
43687,1,300
43855,1,300
43856,1,300
43856,1,300
43856,1,300
43856,1,300
43856,1,300
43856,1,300
43906,1,300
44021,1,300
44021,1,300
44021,1,300
44021,1,300
44125,1,300
44260,1,300
44263,1,300
44510,1,300
44510,1,300
44510,1,300
44510,1,300
45191,1,300
45191,1,300
45191,1,300
45191,1,300
45191,1,300
45230,1,300
45233,1,300
45233,1,300
45353,1,300
45366,1,300
45373,1,300
45373,1,300
45373,1,300
45373,1,300
45373,1,300
45373,1,300
45373,1,300
45373,1,300
45373,1,300
45375,1,300
45391,1,300
45392,1,300
45392,1,300
45392,1,300
45392,1,300
46658,1,300
46660,1,300
47028,1,300
47541,1,300
47541,1,300
47541,1,300
47543,1,300
47543,1,300
47543,1,300
47543,1,300
47543,1,300
47543,1,300
47545,1,300
47545,1,300
47545,1,300
47556,1,300
48276,1,300
48276,1,300
48293,1,300
48303,1,300
48303,1,300
48303,1,300
48303,1,300
48303,1,300
48340,1,300
48347,1,300
48354,1,300
48359,1,300
48378,1,300
48378,1,300
48379,1,300
48381,1,300
48381,1,300
48381,1,300
48409,1,300
48409,1,300
48424,1,300
48424,1,300
48990,1,300
48990,1,300
48991,1,300
48991,1,300
49093,1,300
49147,1,300
49150,1,300
49150,1,300
49153,1,300
49153,1,300
49153,1,300
49160,1,300
49160,1,300
49160,1,300
49160,1,300
49160,1,300
49300,1,300
49300,1,300
49424,1,300
49424,1,300
49424,1,300
49424,1,300
49424,1,300
49424,1,300
49424,1,300
49469,1,300
49469,1,300
49469,1,300
49469,1,300
49489,1,300
49750,1,300
49751,1,300
49840,1,300
49890,1,300
49890,1,300
49890,1,300
49890,1,300
49893,1,300
49979,1,300
50410,1,300
50410,1,300
50410,1,300
50501,1,300
50533,1,300
50546,1,300
50546,1,300
50557,1,300
50728,1,300
50871,1,300
50873,1,300
50873,1,300
50873,1,300
50996,1,300
51018,1,300
51018,1,300
51018,1,300
51018,1,300
51021,1,300
51021,1,300
51026,1,300
51044,1,300
51048,1,300
51205,1,300
51205,1,300
51252,1,300
51366,1,300
51372,1,300
51372,1,300
51420,1,300
51420,1,300
51420,1,300
51836,1,300
51916,1,300
52132,1,300
52133,1,300
52133,1,300
52133,1,300
52133,1,300
52138,1,300
52138,1,300
52143,1,300
52159,1,300
52286,1,300
52286,1,300
52512,1,300
52512,1,300
52577,1,300
52815,1,300
52815,1,300
52815,1,300
52815,1,300
52856,1,300
52860,1,300
52860,1,300
52861,1,300
52877,1,300
52877,1,300
52877,1,300
52877,1,300
52985,1,300
52985,1,300
52985,1,300
52991,1,300
53026,1,300
53026,1,300
53040,1,300
53040,1,300
53040,1,300
53040,1,300
53040,1,300
53040,1,300
53040,1,300
53040,1,300
53125,1,300
53125,1,300
53126,1,300
53547,1,300
53549,1,300
53549,1,300
53549,1,300
54019,1,300
54019,1,300
54020,1,300
54020,1,300
54038,1,300
54038,1,300
54038,1,300
54057,1,300
54124,1,300
54124,1,300
54124,1,300
54586,1,300
54586,1,300
54586,1,300
54586,1,300
54586,1,300
54592,1,300
54633,1,300
54633,1,300
55744,1,300
55744,1,300
55744,1,300
55805,1,300
55805,1,300
55806,1,300
55813,1,300
55813,1,300
55813,1,300
55814,1,300
55814,1,300
55824,1,300
55824,1,300
55833,1,300
55834,1,300
55834,1,300
55834,1,300
55836,1,300
55950,1,300
56027,1,300
56027,1,300
56027,1,300
56128,1,300
56128,1,300
56251,1,300
56301,1,300
56301,1,300
56301,1,300
56333,1,300
56333,1,300
56402,1,300
56813,1,300
56813,1,300
56814,1,300
56817,1,300
56817,1,300
56817,1,300
56943,1,300
56943,1,300
56948,1,300
56948,1,300
56948,1,300
56959,1,300
56960,1,300
56960,1,300
57067,1,300
57100,1,300
57107,1,300
57107,1,300
57107,1,300
57107,1,300
57121,1,300
57121,1,300
57121,1,300
57382,1,300
57383,1,300
57403,1,300
57403,1,300
57919,1,300
57919,1,300
57919,1,300
57956,1,300
58255,1,300
58255,1,300
58265,1,300
58269,1,300
58294,1,300
58295,1,300
58296,1,300
58296,1,300
58296,1,300
58296,1,300
58296,1,300
58300,1,300
58351,1,300
58351,1,300
58377,1,300
58377,1,300
58578,1,300
58578,1,300
58578,1,300
58578,1,300
58643,1,300
58643,1,300
58644,1,300
58698,1,300
58700,1,300
58700,1,300
58770,1,300
58770,1,300
58772,1,300
58820,1,300
58849,1,300
58849,1,300
58851,1,300
58877,1,300
58892,1,300
58916,1,300
58926,1,300
58927,1,300
58947,1,300
58947,1,300
58947,1,300
58947,1,300
58947,1,300
58947,1,300
59240,1,300
59240,1,300
59240,1,300
59403,1,300
59403,1,300
59403,1,300
59407,1,300
59407,1,300
59407,1,300
59407,1,300
59409,1,300
59409,1,300
59439,1,300
59455,1,300
59455,1,300
59495,1,300
59556,1,300
59649,1,300
59649,1,300
59649,1,300
59852,1,300
59861,1,300
59862,1,300
59955,1,300
59967,1,300
60321,1,300
60321,1,300
60322,1,300
60322,1,300
60324,1,300
60324,1,300
60391,1,300
60589,1,300
60589,1,300
60593,1,300
60845,1,300
61030,1,300
61030,1,300
61225,1,300
61225,1,300
61225,1,300
61225,1,300
61225,1,300
61493,1,300
61963,1,300
61963,1,300
61963,1,300
61963,1,300
61963,1,300
61963,1,300
61993,1,300
61993,1,300
62181,1,300
62181,1,300
62181,1,300
62181,1,300
62181,1,300
62181,1,300
62186,1,300
62188,1,300
62209,1,300
62209,1,300
62209,1,300
62397,1,300
62400,1,300
62400,1,300
62401,1,300
62470,1,300
62520,1,300
62520,1,300
62520,1,300
62643,1,300
62684,1,300
62693,1,300
62693,1,300
62693,1,300
62693,1,300
62693,1,300
62695,1,300
62846,1,300
62846,1,300
62962,1,300
62975,1,300
63124,1,300
63134,1,300
63134,1,300
63135,1,300
63135,1,300
63135,1,300
63135,1,300
63143,1,300
63143,1,300
63143,1,300
63143,1,300
63208,1,300
63336,1,300
63342,1,300
63365,1,300
63368,1,300
64093,1,300
64093,1,300
64275,1,300
64631,1,300
64631,1,300
64636,1,300
64636,1,300
64827,1,300
64827,1,300
64847,1,300
64848,1,300
64848,1,300
64850,1,300
64850,1,300
64851,1,300
64851,1,300
64851,1,300
65808,1,300
65808,1,300
65812,1,300
65812,1,300
65812,1,300
65812,1,300
65815,1,300
65815,1,300
65898,1,300
65987,1,300
65996,1,300
65998,1,300
65998,1,300
65998,1,300
66149,1,300
66198,1,300
66556,1,300
66702,1,300
66703,1,300
66703,1,300
66703,1,300
66703,1,300
66703,1,300
66845,1,300
66845,1,300
66845,1,300
66845,1,300
66845,1,300
66845,1,300
66904,1,300
66904,1,300
66904,1,300
66904,1,300
66933,1,300
66933,1,300
66933,1,300
66936,1,300
67311,1,300
67325,1,300
67408,1,300
67408,1,300
67410,1,300
67410,1,300
67412,1,300
67420,1,300
67426,1,300
67453,1,300
67663,1,300
67716,1,300
67716,1,300
67737,1,300
67737,1,300
67812,1,300
67814,1,300
67814,1,300
68509,1,300
68510,1,300
68562,1,300
68562,1,300
68562,1,300
68562,1,300
68636,1,300
68645,1,300
68645,1,300
68645,1,300
68645,1,300
68645,1,300
68913,1,300
68915,1,300
68915,1,300
68915,1,300
68938,1,300
68948,1,300
68948,1,300
68948,1,300
68948,1,300
68953,1,300
68953,1,300
68953,1,300
68953,1,300
68953,1,300
68953,1,300
68953,1,300
68957,1,300
68957,1,300
68957,1,300
68957,1,300
68957,1,300
68957,1,300
69022,1,300
69022,1,300
69022,1,300
69022,1,300
69107,1,300
69114,1,300
69128,1,300
69128,1,300
69135,1,300
69155,1,300
69155,1,300
69155,1,300
69165,1,300
69829,1,300
69829,1,300
69829,1,300
69829,1,300
70042,1,300
70045,1,300
70045,1,300
70045,1,300
70045,1,300
70081,1,300
70093,1,300
70093,1,300
70096,1,300
70096,1,300
70096,1,300
70123,1,300
70131,1,300
70152,1,300
70154,1,300
70154,1,300
70154,1,300
70157,1,300
70157,1,300
70166,1,300
70166,1,300
70166,1,300
70166,1,300
70166,1,300
70166,1,300
70260,1,300
70260,1,300
71942,1,300
71942,1,300
71942,1,300
71942,1,300
71968,1,300
71968,1,300
71970,1,300
71970,1,300
71970,1,300
72099,1,300
72099,1,300
72126,1,300
72126,1,300
72143,1,300
72276,1,300
72276,1,300
72280,1,300
72281,1,300
72281,1,300
72286,1,300
72286,1,300
72286,1,300
72345,1,300
72397,1,300
72413,1,300
72424,1,300
72441,1,300
72442,1,300
72442,1,300
72442,1,300
72442,1,300
72442,1,300
72442,1,300
72442,1,300
72442,1,300
72762,1,300
72763,1,300
72764,1,300
72915,1,300
72921,1,300
72921,1,300
72921,1,300
72921,1,300
72926,1,300
72926,1,300
72926,1,300
72926,1,300
72927,1,300
73031,1,300
73097,1,300
73123,1,300
73177,1,300
73177,1,300
73177,1,300
73177,1,300
73330,1,300
73357,1,300
73930,1,300
73930,1,300
74247,1,300
74422,1,300
74575,1,300
74577,1,300
74577,1,300
74577,1,300
74695,1,300
74698,1,300
74698,1,300
74698,1,300
74698,1,300
74743,1,300
75874,1,300
75874,1,300
75923,1,300
75923,1,300
75939,1,300
75941,1,300
75941,1,300
75944,1,300
76000,1,300
76000,1,300
76000,1,300
76002,1,300
76006,1,300
76006,1,300
76011,1,300
76033,1,300
76033,1,300
76033,1,300
76033,1,300
76762,1,300
76777,1,300
76777,1,300
76805,1,300
76806,1,300
76806,1,300
76968,1,300
77157,1,300
77157,1,300
77157,1,300
77157,1,300
77163,1,300
77227,1,300
77227,1,300
77265,1,300
77265,1,300
77265,1,300
77265,1,300
77265,1,300
77265,1,300
77265,1,300
77280,1,300
77685,1,300
77692,1,300
77959,1,300
77995,1,300
77995,1,300
77995,1,300
78165,1,300
78165,1,300
78175,1,300
78176,1,300
78176,1,300
78177,1,300
78363,1,300
78363,1,300
78458,1,300
78458,1,300
78458,1,300
78458,1,300
78458,1,300
78474,1,300
78474,1,300
78474,1,300
78474,1,300
78478,1,300
78516,1,300
78516,1,300
78517,1,300
78517,1,300
78517,1,300
78517,1,300
78517,1,300
78517,1,300
78519,1,300
78525,1,300
78525,1,300
78546,1,300
78546,1,300
78546,1,300
78546,1,300
78546,1,300
78546,1,300
78548,1,300
78548,1,300
78548,1,300
78574,1,300
78574,1,300
78898,1,300
79735,1,300
79735,1,300
80134,1,300
80161,1,300
80161,1,300
80161,1,300
80185,1,300
80336,1,300
80338,1,300
80355,1,300
80540,1,300
80540,1,300
80589,1,300
81046,1,300
81299,1,300
81305,1,300
81310,1,300
81310,1,300
81310,1,300
81334,1,300
81334,1,300
81334,1,300
81336,1,300
81571,1,300
81614,1,300
81614,1,300
81615,1,300
81615,1,300
81615,1,300
81615,1,300
81615,1,300
81615,1,300
81645,1,300
81877,1,300
81877,1,300
81877,1,300
82141,1,300
82141,1,300
82145,1,300
82145,1,300
82145,1,300
82146,1,300
82146,1,300
82146,1,300
82436,1,300
82437,1,300
82470,1,300
82470,1,300
82470,1,300
82483,1,300
82483,1,300
82488,1,300
82540,1,300
82556,1,300
82556,1,300
82564,1,300
82582,1,300
82582,1,300
82606,1,300
82614,1,300
82614,1,300
82615,1,300
82615,1,300
82615,1,300
82615,1,300
82705,1,300
82705,1,300
82707,1,300
82707,1,300
82725,1,300
82725,1,300
82761,1,300
82762,1,300
82762,1,300
82762,1,300
82762,1,300
82762,1,300
82774,1,300
82774,1,300
82774,1,300
82774,1,300
82774,1,300
82774,1,300
82774,1,300
82780,1,300
83022,1,300
83022,1,300
83024,1,300
83026,1,300
83027,1,300
83044,1,300
83159,1,300
83167,1,300
83167,1,300
83167,1,300
83167,1,300
83167,1,300
83167,1,300
83167,1,300
83171,1,300
83171,1,300
83804,1,300
83804,1,300
83805,1,300
83805,1,300
83805,1,300
83807,1,300
83819,1,300
83822,1,300
83822,1,300
83870,1,300
83969,1,300
83969,1,300
83969,1,300
83969,1,300
83969,1,300
83969,1,300
83969,1,300
83970,1,300
83970,1,300
83970,1,300
83970,1,300
83970,1,300
83970,1,300
84014,1,300
84033,1,300
84033,1,300
84075,1,300
84561,1,300
84778,1,300
84778,1,300
84802,1,300
84803,1,300
84803,1,300
84811,1,300
84811,1,300
85209,1,300
85209,1,300
85209,1,300
85209,1,300
85485,1,300
85485,1,300
85562,1,300
85562,1,300
85568,1,300
85568,1,300
85568,1,300
85568,1,300
85568,1,300
85731,1,300
85766,1,300
85766,1,300
85766,1,300
85766,1,300
85766,1,300
85766,1,300
85788,1,300
85788,1,300
85788,1,300
86026,1,300
86026,1,300
86047,1,300
86047,1,300
86072,1,300
86072,1,300
86072,1,300
86072,1,300
86208,1,300
86208,1,300
86403,1,300
86495,1,300
86496,1,300
86496,1,300
87089,1,300
87106,1,300
87106,1,300
87108,1,300
87113,1,300
87113,1,300
87113,1,300
87113,1,300
87113,1,300
87113,1,300
87113,1,300
87150,1,300
87150,1,300
87151,1,300
87151,1,300
87151,1,300
87151,1,300
87151,1,300
87153,1,300
87155,1,300
87180,1,300
87180,1,300
87192,1,300
87194,1,300
87317,1,300
87317,1,300
87317,1,300
87317,1,300
87317,1,300
87321,1,300
87321,1,300
87353,1,300
87476,1,300
87476,1,300
87504,1,300
87560,1,300
87560,1,300
87560,1,300
88086,1,300
88086,1,300
88086,1,300
88086,1,300
88509,1,300
88509,1,300
88509,1,300
88515,1,300
88520,1,300
88896,1,300
88896,1,300
88898,1,300
88898,1,300
88898,1,300
88898,1,300
88899,1,300
88899,1,300
88899,1,300
88899,1,300
88899,1,300
88900,1,300
88917,1,300
88917,1,300
88957,1,300
88958,1,300
88958,1,300
88958,1,300
88958,1,300
88958,1,300
89009,1,300
89009,1,300
89009,1,300
89205,1,300
89205,1,300
89218,1,300
89224,1,300
89224,1,300
89224,1,300
89471,1,300
89471,1,300
89554,1,300
89595,1,300
89595,1,300
89597,1,300
89608,1,300
89608,1,300
89608,1,300
89702,1,300
89702,1,300
89702,1,300
89950,1,300
89950,1,300
90125,1,300
90125,1,300
90125,1,300
90149,1,300
90155,1,300
90156,1,300
90156,1,300
90397,1,300
90422,1,300
90422,1,300
90422,1,300
90428,1,300
90428,1,300
90432,1,300
90432,1,300
90432,1,300
90532,1,300
90559,1,300
90559,1,300
90559,1,300
90559,1,300
90559,1,300
90747,1,300
90748,1,300
90748,1,300
90748,1,300
90810,1,300
90810,1,300
90810,1,300
90810,1,300
90826,1,300
90826,1,300
90826,1,300
90879,1,300
91175,1,300
91175,1,300
91175,1,300
91187,1,300
91187,1,300
91195,1,300
91195,1,300
91195,1,300
91195,1,300
91419,1,300
91419,1,300
91419,1,300
91422,1,300
91442,1,300
91442,1,300
91442,1,300
91445,1,300
91556,1,300
91556,1,300
91556,1,300
91556,1,300
91587,1,300
91587,1,300
91587,1,300
91587,1,300
91587,1,300
91587,1,300
91587,1,300
91587,1,300
91587,1,300
91587,1,300
91587,1,300
91587,1,300
91589,1,300
91589,1,300
91589,1,300
91678,1,300
91680,1,300
91680,1,300
91681,1,300
91681,1,300
91682,1,300
91682,1,300
91687,1,300
91699,1,300
91699,1,300
91699,1,300
91699,1,300
91700,1,300
92080,1,300
92154,1,300
92277,1,300
92613,1,300
92614,1,300
92617,1,300
92619,1,300
92619,1,300
92623,1,300
92623,1,300
92623,1,300
92641,1,300
92695,1,300
92695,1,300
92695,1,300
92695,1,300
92695,1,300
92695,1,300
92895,1,300
92895,1,300
92916,1,300
92916,1,300
92916,1,300
92916,1,300
92917,1,300
92919,1,300
92919,1,300
92919,1,300
92919,1,300
92919,1,300
92919,1,300
92919,1,300
92920,1,300
92920,1,300
92933,1,300
92982,1,300
92982,1,300
92982,1,300
93243,1,300
93244,1,300
93244,1,300
93244,1,300
93244,1,300
93244,1,300
93244,1,300
93267,1,300
93267,1,300
93701,1,300
93701,1,300
93701,1,300
93744,1,300
93749,1,300
93749,1,300
93749,1,300
93749,1,300
93749,1,300
93749,1,300
93749,1,300
93750,1,300
93752,1,300
93757,1,300
93760,1,300
93760,1,300
93760,1,300
93760,1,300
93760,1,300
93928,1,300
93933,1,300
93933,1,300
94031,1,300
94031,1,300
94031,1,300
94031,1,300
94031,1,300
94103,1,300
94106,1,300
94106,1,300
94117,1,300
94299,1,300
94522,1,300
95079,1,300
95082,1,300
95085,1,300
95085,1,300
95085,1,300
95090,1,300
95090,1,300
95107,1,300
95152,1,300
95162,1,300
95162,1,300
95162,1,300
95167,1,300
95167,1,300
95167,1,300
95167,1,300
95167,1,300
95167,1,300
95278,1,300
95296,1,300
95296,1,300
95297,1,300
95297,1,300
95297,1,300
95297,1,300
95383,1,300
95383,1,300
95383,1,300
95383,1,300
95383,1,300
95396,1,300
95400,1,300
95919,1,300
96014,1,300
96015,1,300
96015,1,300
96112,1,300
96189,1,300
96196,1,300
96202,1,300
96202,1,300
96214,1,300
96214,1,300
96214,1,300
96214,1,300
96214,1,300
96214,1,300
96361,1,300
96363,1,300
96415,1,300
96424,1,300
96432,1,300
96561,1,300
96561,1,300
96561,1,300
96623,1,300
96624,1,300
96624,1,300
96628,1,300
96823,1,300
96823,1,300
96841,1,300
96841,1,300
96843,1,300
96887,1,300
96887,1,300
96887,1,300
96887,1,300
96887,1,300
96887,1,300
96893,1,300
96899,1,300
97008,1,300
97009,1,300
97009,1,300
97029,1,300
97032,1,300
97036,1,300
97036,1,300
97036,1,300
97036,1,300
97150,1,300
97150,1,300
97152,1,300
97202,1,300
97202,1,300
97202,1,300
97230,1,300
97230,1,300
97230,1,300
97233,1,300
97233,1,300
97233,1,300
97233,1,300
97293,1,300
97293,1,300
97293,1,300
97335,1,300
97335,1,300
97647,1,300
97923,1,300
97923,1,300
97923,1,300
97926,1,300
98327,1,300
98328,1,300
98328,1,300
98328,1,300
98328,1,300
98586,1,300
98900,1,300
98900,1,300
98900,1,300
98900,1,300
98912,1,300
98912,1,300
98917,1,300
99272,1,300
99303,1,300
99304,1,300
99571,1,300
99571,1,300
99571,1,300
99732,1,300
99899,1,300
99899,1,300
99909,1,300
99909,1,300
99909,1,300
99985,1,300
100037,1,300
100197,1,300
100197,1,300
100197,1,300
100197,1,300
100197,1,300
100197,1,300
100199,1,300
100199,1,300
100199,1,300
100213,1,300
100213,1,300
100218,1,300
100220,1,300
100220,1,300
100220,1,300
100220,1,300
100220,1,300
100220,1,300
100220,1,300
100220,1,300
100359,1,300
100522,1,300
100522,1,300
100522,1,300
100522,1,300
100536,1,300
100536,1,300
100536,1,300
100537,1,300
100539,1,300
100539,1,300
100540,1,300
100672,1,300
100672,1,300
100672,1,300
100672,1,300
100672,1,300
100674,1,300
100675,1,300
100695,1,300
100695,1,300
100695,1,300
100788,1,300
100788,1,300
100788,1,300
100788,1,300
100814,1,300
100814,1,300
100814,1,300
100814,1,300
100814,1,300
100814,1,300
100822,1,300
100824,1,300
100824,1,300
100824,1,300
100824,1,300
100826,1,300
100849,1,300
100849,1,300
100849,1,300
100849,1,300
100849,1,300
100936,1,300
100936,1,300
100936,1,300
100936,1,300
100939,1,300
100939,1,300
101052,1,300
101052,1,300
101281,1,300
101281,1,300
101281,1,300
101281,1,300
101281,1,300
101283,1,300
101436,1,300
101436,1,300
101436,1,300
101436,1,300
101443,1,300
101443,1,300
101668,1,300
101754,1,300
101754,1,300
101754,1,300
101754,1,300
101754,1,300
101754,1,300
101758,1,300
101781,1,300
101781,1,300
101781,1,300
101781,1,300
101791,1,300
101792,1,300
101794,1,300
101838,1,300
101838,1,300
101838,1,300
101856,1,300
101858,1,300
101858,1,300
101878,1,300
101878,1,300
101901,1,300
101901,1,300
101901,1,300
101901,1,300
101901,1,300
101956,1,300
101956,1,300
101956,1,300
101994,1,300
102200,1,300
102244,1,300
103042,1,300
103044,1,300
103044,1,300
103102,1,300
103104,1,300
103135,1,300
103152,1,300
103152,1,300
103155,1,300
103367,1,300
103376,1,300
103428,1,300
103468,1,300
103468,1,300
103499,1,300
103499,1,300
103499,1,300
103500,1,300
104006,1,300
104007,1,300
104007,1,300
104039,1,300
104039,1,300
104115,1,300
104194,1,300
104194,1,300
104194,1,300
104195,1,300
104195,1,300
104196,1,300
104196,1,300
104260,1,300
104267,1,300
104267,1,300
104389,1,300
104441,1,300
104450,1,300
104505,1,300
105061,1,300
105061,1,300
105061,1,300
105062,1,300
105062,1,300
105062,1,300
105068,1,300
105068,1,300
105541,1,300
105637,1,300
105640,1,300
105914,1,300
105944,1,300
105944,1,300
105951,1,300
105971,1,300
105971,1,300
105971,1,300
106263,1,300
106263,1,300
106267,1,300
106312,1,300
106315,1,300
106315,1,300
106315,1,300
106316,1,300
106316,1,300
106317,1,300
106317,1,300
106321,1,300
106343,1,300
106665,1,300
106665,1,300
106665,1,300
106665,1,300
106690,1,300
106699,1,300
106700,1,300
106700,1,300
106822,1,300
106822,1,300
106822,1,300
106822,1,300
106853,1,300
107012,1,300
107027,1,300
107027,1,300
107031,1,300
107044,1,300
107056,1,300
107060,1,300
107060,1,300
107085,1,300
107110,1,300
107110,1,300
107110,1,300
107111,1,300
107155,1,300
107155,1,300
107155,1,300
107155,1,300
107155,1,300
107370,1,300
107370,1,300
107373,1,300
107402,1,300
107402,1,300
107402,1,300
107403,1,300
107631,1,300
107631,1,300
107637,1,300
107637,1,300
107640,1,300
107640,1,300
107658,1,300
107825,1,300
108191,1,300
108191,1,300
108213,1,300
108213,1,300
108213,1,300
108248,1,300
108252,1,300
108252,1,300
108253,1,300
108253,1,300
108320,1,300
108320,1,300
108320,1,300
108320,1,300
108320,1,300
108351,1,300
108351,1,300
108351,1,300
108353,1,300
108353,1,300
108417,1,300
108417,1,300
108417,1,300
108417,1,300
108417,1,300
108417,1,300
108431,1,300
108484,1,300
108905,1,300
108905,1,300
108905,1,300
108905,1,300
108963,1,300
108968,1,300
108968,1,300
108968,1,300
108968,1,300
108974,1,300
108974,1,300
108974,1,300
108974,1,300
108989,1,300
109001,1,300
109022,1,300
109022,1,300
109027,1,300
109151,1,300
109151,1,300
109151,1,300
109152,1,300
109152,1,300
109152,1,300
109152,1,300
109152,1,300
109153,1,300
109156,1,300
109410,1,300
109627,1,300
109627,1,300
109662,1,300
109771,1,300
109772,1,300
109867,1,300
109867,1,300
109867,1,300
109867,1,300
109867,1,300
109867,1,300
109867,1,300
109868,1,300
109919,1,300
109924,1,300
109924,1,300
110269,1,300
110428,1,300
110440,1,300
110440,1,300
110440,1,300
110440,1,300
110440,1,300
110440,1,300
110440,1,300
110440,1,300
110440,1,300
110654,1,300
110661,1,300
110679,1,300
110679,1,300
110679,1,300
110679,1,300
110818,1,300
110818,1,300
111014,1,300
111014,1,300
111014,1,300
111017,1,300
111018,1,300
111023,1,300
111023,1,300
111037,1,300
111037,1,300
111733,1,300
111736,1,300
111736,1,300
111737,1,300
112163,1,300
112180,1,300
112180,1,300
112189,1,300
112189,1,300
112189,1,300
112189,1,300
112202,1,300
112268,1,300
112268,1,300
112272,1,300
112483,1,300
112507,1,300
112515,1,300
112515,1,300
112515,1,300
112515,1,300
112515,1,300
112520,1,300
112539,1,300
112539,1,300
112582,1,300
112595,1,300
112596,1,300
112596,1,300
112602,1,300
112602,1,300
112602,1,300
112602,1,300
112605,1,300
112618,1,300
112624,1,300
112624,1,300
112624,1,300
112624,1,300
112624,1,300
112624,1,300
112718,1,300
112718,1,300
112719,1,300
112719,1,300
112722,1,300
112739,1,300
112739,1,300
112739,1,300
113290,1,300
113392,1,300
113393,1,300
113395,1,300
113401,1,300
113401,1,300
113401,1,300
113401,1,300
113402,1,300
113402,1,300
113687,1,300
113687,1,300
113687,1,300
113955,1,300
114368,1,300
115361,1,300
115361,1,300
115406,1,300
115406,1,300
115406,1,300
116322,1,300
116337,1,300
116337,1,300
116337,1,300
116364,1,300
116364,1,300
116364,1,300
116366,1,300
116389,1,300
116389,1,300
116620,1,300
116620,1,300
116620,1,300
116621,1,300
116621,1,300
116638,1,300
116878,1,300
116878,1,300
116878,1,300
116878,1,300
116878,1,300
116878,1,300
116878,1,300
116878,1,300
116878,1,300
116878,1,300
116912,1,300
116912,1,300
116912,1,300
116912,1,300
116912,1,300
116919,1,300
116919,1,300
116942,1,300
116942,1,300
116943,1,300
116943,1,300
116943,1,300
116948,1,300
116948,1,300
116948,1,300
116948,1,300
116982,1,300
116982,1,300
116982,1,300
116993,1,300
116993,1,300
117198,1,300
117198,1,300
117281,1,300
117358,1,300
117373,1,300
117377,1,300
117387,1,300
117387,1,300
117388,1,300
117388,1,300
117442,1,300
117442,1,300
117442,1,300
117538,1,300
117538,1,300
117539,1,300
117539,1,300
117539,1,300
117539,1,300
117551,1,300
117551,1,300
117551,1,300
117552,1,300
117552,1,300
117617,1,300
117617,1,300
117617,1,300
117617,1,300
117625,1,300
117625,1,300
117625,1,300
117625,1,300
117652,1,300
117652,1,300
117734,1,300
117734,1,300
117737,1,300
117737,1,300
117737,1,300
117738,1,300
117757,1,300
117757,1,300
117784,1,300
117941,1,300
118195,1,300
118195,1,300
118565,1,300
118566,1,300
118566,1,300
118566,1,300
118566,1,300
118566,1,300
118566,1,300
118566,1,300
118983,1,300
118984,1,300
118984,1,300
118984,1,300
119027,1,300
119027,1,300
119037,1,300
119037,1,300
119037,1,300
119037,1,300
119083,1,300
119083,1,300
119085,1,300
119089,1,300
119089,1,300
119090,1,300
119090,1,300
119119,1,300
119119,1,300
119119,1,300
119173,1,300
119173,1,300
119174,1,300
119174,1,300
119174,1,300
119174,1,300
119174,1,300
119249,1,300
119249,1,300
119250,1,300
119250,1,300
119250,1,300
119253,1,300
119253,1,300
119253,1,300
119253,1,300
119253,1,300
119254,1,300
119254,1,300
119254,1,300
119254,1,300
119254,1,300
119614,1,300
119617,1,300
119674,1,300
119674,1,300
119674,1,300
119674,1,300
119975,1,300
119993,1,300
119993,1,300
119996,1,300
119996,1,300
119996,1,300
119996,1,300
119996,1,300
120032,1,300
120032,1,300
120032,1,300
120103,1,300
120104,1,300
120104,1,300
120104,1,300
120122,1,300
120122,1,300
120122,1,300
120122,1,300
120122,1,300
120122,1,300
120122,1,300
120183,1,300
120208,1,300
120267,1,300
120267,1,300
120267,1,300
120268,1,300
120269,1,300
120269,1,300
120274,1,300
120274,1,300
120282,1,300
120282,1,300
120282,1,300
120291,1,300
120291,1,300
120296,1,300
120617,1,300
120617,1,300
120617,1,300
120617,1,300
120617,1,300
120617,1,300
120661,1,300
120661,1,300
120670,1,300
120670,1,300
120670,1,300
120734,1,300
120765,1,300
120765,1,300
120765,1,300
120765,1,300
120765,1,300
120765,1,300
120765,1,300
120765,1,300
120765,1,300
120795,1,300
120795,1,300
120795,1,300
120795,1,300
120810,1,300
120846,1,300
120846,1,300
120933,1,300
120933,1,300
120933,1,300
120933,1,300
120945,1,300
120960,1,300
120960,1,300
120960,1,300
120960,1,300
120961,1,300
121187,1,300
121187,1,300
121187,1,300
121724,1,300
121732,1,300
121748,1,300
121748,1,300
121749,1,300
121749,1,300
122004,1,300
122005,1,300
122010,1,300
122010,1,300
122017,1,300
122017,1,300
122017,1,300
122038,1,300
122038,1,300
122038,1,300
122048,1,300
122048,1,300
122048,1,300
122048,1,300
122060,1,300
122060,1,300
122085,1,300
122118,1,300
122529,1,300
122533,1,300
122544,1,300
122544,1,300
122553,1,300
122554,1,300
122561,1,300
122621,1,300
122624,1,300
122624,1,300
122624,1,300
122624,1,300
122624,1,300
122997,1,300
123103,1,300
123103,1,300
123103,1,300
123436,1,300
123449,1,300
123449,1,300
123450,1,300
123452,1,300
123452,1,300
123555,1,300
123555,1,300
123555,1,300
123557,1,300
123571,1,300
124112,1,300
124114,1,300
124233,1,300
124254,1,300
124332,1,300
124333,1,300
124333,1,300
124333,1,300
124540,1,300
124540,1,300
124540,1,300
124540,1,300
124549,1,300
124549,1,300
124710,1,300
124710,1,300
124891,1,300
124891,1,300
125592,1,300
125777,1,300
126040,1,300
126041,1,300
126166,1,300
126166,1,300
126166,1,300
126166,1,300
126167,1,300
126167,1,300
126170,1,300
126170,1,300
126397,1,300
126397,1,300
126397,1,300
126435,1,300
126546,1,300
126601,1,300
126659,1,300
126659,1,300
126725,1,300
126725,1,300
126984,1,300
127008,1,300
127034,1,300
127049,1,300
127049,1,300
127057,1,300
127086,1,300
127089,1,300
127089,1,300
127089,1,300
127160,1,300
127160,1,300
127160,1,300
127160,1,300
127160,1,300
127552,1,300
127861,1,300
127913,1,300
127921,1,300
127921,1,300
127921,1,300
127921,1,300
127921,1,300
127982,1,300
127982,1,300
127982,1,300
128004,1,300
128004,1,300
128341,1,300
128413,1,300
128501,1,300
128501,1,300
128502,1,300
128502,1,300
128533,1,300
128533,1,300
128682,1,300
128682,1,300
128774,1,300
128774,1,300
128847,1,300
128851,1,300
128851,1,300
128851,1,300
128854,1,300
128856,1,300
128856,1,300
129075,1,300
129166,1,300
129166,1,300
129179,1,300
129186,1,300
129192,1,300
129192,1,300
129192,1,300
129201,1,300
129201,1,300
129201,1,300
129202,1,300
129203,1,300
129203,1,300
129690,1,300
129692,1,300
129692,1,300
129812,1,300
129812,1,300
129813,1,300
129813,1,300
129813,1,300
129813,1,300
129817,1,300
130178,1,300
130178,1,300
130178,1,300
130523,1,300
130529,1,300
130533,1,300
130594,1,300
130594,1,300
130609,1,300
130635,1,300
130635,1,300
130815,1,300
130815,1,300
131272,1,300
131272,1,300
131275,1,300
131949,1,300
131949,1,300
132107,1,300
132119,1,300
132119,1,300
132124,1,300
132124,1,300
132124,1,300
132239,1,300
132239,1,300
132239,1,300
132239,1,300
132239,1,300
132257,1,300
132257,1,300
132282,1,300
132282,1,300
132282,1,300
132282,1,300
132477,1,300
132479,1,300
132479,1,300
132479,1,300
132667,1,300
132667,1,300
133009,1,300
133163,1,300
133164,1,300
133217,1,300
133217,1,300
133218,1,300
133226,1,300
133439,1,300
133529,1,300
134028,1,300
134337,1,300
134337,1,300
137338,1,300
137512,1,300
137512,1,300
138139,1,300
138228,1,300
138228,1,300
138258,1,300
138258,1,300
138259,1,300
138259,1,300
138260,1,300
138288,1,300
138471,1,300
138471,1,300
138471,1,300
138472,1,300
138484,1,300
138484,1,300
138487,1,300
138487,1,300
138487,1,300
138673,1,300
138673,1,300
139353,1,300
139353,1,300
139567,1,300
139567,1,300
139853,1,300
139853,1,300
139857,1,300
139857,1,300
139857,1,300
139879,1,300
139879,1,300
139879,1,300
139915,1,300
140430,1,300
140468,1,300
140468,1,300
140477,1,300
140644,1,300
140674,1,300
140674,1,300
140788,1,300
140788,1,300
140789,1,300
140989,1,300
141002,1,300
141002,1,300
141004,1,300
141004,1,300
141004,1,300
141004,1,300
141004,1,300
141005,1,300
141005,1,300
141005,1,300
141050,1,300
141050,1,300
141050,1,300
141050,1,300
141050,1,300
141059,1,300
141113,1,300
141113,1,300
141113,1,300
141113,1,300
141113,1,300
141116,1,300
141140,1,300
141140,1,300
141140,1,300
141140,1,300
141140,1,300
141141,1,300
141142,1,300
141142,1,300
141142,1,300
141142,1,300
141143,1,300
141197,1,300
141197,1,300
141197,1,300
141197,1,300
141197,1,300
141197,1,300
141202,1,300
141202,1,300
141202,1,300
141705,1,300
141705,1,300
141705,1,300
141706,1,300
141706,1,300
141706,1,300
141706,1,300
141706,1,300
141879,1,300
142380,1,300
142390,1,300
142391,1,300
142391,1,300
142441,1,300
142489,1,300
142513,1,300
142513,1,300
142513,1,300
142513,1,300
142513,1,300
142513,1,300
142513,1,300
142615,1,300
142615,1,300
142615,1,300
142615,1,300
142730,1,300
143202,1,300
143204,1,300
143453,1,300
143540,1,300
143540,1,300
143540,1,300
143547,1,300
143547,1,300
143547,1,300
143547,1,300
143547,1,300
143547,1,300
143547,1,300
143575,1,300
143575,1,300
143575,1,300
143575,1,300
143588,1,300
143588,1,300
143588,1,300
143588,1,300
143588,1,300
143588,1,300
143590,1,300
143590,1,300
143593,1,300
143593,1,300
143616,1,300
143621,1,300
143786,1,300
143793,1,300
143940,1,300
143940,1,300
144619,1,300
144621,1,300
144629,1,300
144629,1,300
144629,1,300
144629,1,300
145273,1,300
145273,1,300
145273,1,300
145286,1,300
145324,1,300
145328,1,300
145334,1,300
145352,1,300
145353,1,300
145354,1,300
145354,1,300
145354,1,300
145355,1,300
145356,1,300
145356,1,300
145643,1,300
145643,1,300
145643,1,300
145643,1,300
145643,1,300
145684,1,300
145684,1,300
145684,1,300
145686,1,300
145688,1,300
145689,1,300
145689,1,300
146015,1,300
146015,1,300
146015,1,300
146017,1,300
146017,1,300
146017,1,300
146017,1,300
146017,1,300
146038,1,300
146039,1,300
146133,1,300
146458,1,300
146460,1,300
147015,1,300
147015,1,300
147111,1,300
147111,1,300
147111,1,300
147111,1,300
147111,1,300
147111,1,300
147111,1,300
147111,1,300
147173,1,300
147173,1,300
147173,1,300
147178,1,300
147178,1,300
147178,1,300
147178,1,300
147178,1,300
147178,1,300
147178,1,300
147194,1,300
147520,1,300
147520,1,300
147529,1,300
147529,1,300
147611,1,300
147792,1,300
147792,1,300
147792,1,300
147793,1,300
147793,1,300
147796,1,300
147796,1,300
147796,1,300
147796,1,300
147798,1,300
147829,1,300
147829,1,300
147829,1,300
147829,1,300
147831,1,300
147862,1,300
148007,1,300
148505,1,300
149003,1,300
149017,1,300
149029,1,300
149054,1,300
149054,1,300
149165,1,300
149324,1,300
149324,1,300
149344,1,300
149344,1,300
149344,1,300
149344,1,300
149344,1,300
149485,1,300
149494,1,300
149494,1,300
149494,1,300
149495,1,300
149495,1,300
149495,1,300
149626,1,300
149685,1,300
149734,1,300
149734,1,300
150010,1,300
150073,1,300
150073,1,300
150073,1,300
151279,1,300
151279,1,300
151279,1,300
151279,1,300
151330,1,300
151334,1,300
151342,1,300
151343,1,300
151356,1,300
151366,1,300
151372,1,300
151372,1,300
151372,1,300
151372,1,300
151376,1,300
151380,1,300
151381,1,300
151487,1,300
151578,1,300
151578,1,300
151583,1,300
151583,1,300
151625,1,300
151634,1,300
151643,1,300
151806,1,300
152156,1,300
152156,1,300
152156,1,300
152171,1,300
152186,1,300
152186,1,300
152186,1,300
152194,1,300
152775,1,300
152775,1,300
152776,1,300
152896,1,300
152924,1,300
152945,1,300
152947,1,300
152947,1,300
152948,1,300
152948,1,300
152949,1,300
152949,1,300
152949,1,300
152951,1,300
152962,1,300
152962,1,300
153012,1,300
153035,1,300
153035,1,300
153035,1,300
153045,1,300
153045,1,300
153991,1,300
153991,1,300
153991,1,300
154067,1,300
154067,1,300
154150,1,300
154150,1,300
154151,1,300
154151,1,300
154151,1,300
154151,1,300
154171,1,300
154190,1,300
154881,1,300
155356,1,300
155356,1,300
155356,1,300
155359,1,300
155359,1,300
155359,1,300
155360,1,300
155361,1,300
155362,1,300
155362,1,300
155362,1,300
155362,1,300
155373,1,300
155412,1,300
155412,1,300
155412,1,300
155423,1,300
155423,1,300
155917,1,300
155917,1,300
155980,1,300
155980,1,300
155997,1,300
155997,1,300
156029,1,300
156032,1,300
156032,1,300
156207,1,300
156207,1,300
156207,1,300
156207,1,300
156226,1,300
156226,1,300
156226,1,300
156226,1,300
156233,1,300
156233,1,300
156242,1,300
156510,1,300
156524,1,300
156621,1,300
156621,1,300
156629,1,300
156629,1,300
156629,1,300
156629,1,300
156735,1,300
156735,1,300
156735,1,300
156735,1,300
156735,1,300
156735,1,300
156735,1,300
156735,1,300
156736,1,300
156736,1,300
157105,1,300
157110,1,300
157110,1,300
157145,1,300
157145,1,300
157146,1,300
157146,1,300
157153,1,300
157153,1,300
157153,1,300
157153,1,300
157153,1,300
157327,1,300
157351,1,300
157351,1,300
157353,1,300
157371,1,300
157381,1,300
157409,1,300
157409,1,300
157409,1,300
157409,1,300
157409,1,300
157409,1,300
157409,1,300
157410,1,300
157410,1,300
157513,1,300
157580,1,300
157580,1,300
157580,1,300
157580,1,300
157931,1,300
157931,1,300
157931,1,300
157931,1,300
157931,1,300
157965,1,300
157971,1,300
157971,1,300
157972,1,300
158398,1,300
158398,1,300
158398,1,300
158398,1,300
158416,1,300
158416,1,300
158508,1,300
158568,1,300
158609,1,300
158617,1,300
158670,1,300
158671,1,300
158671,1,300
158678,1,300
158679,1,300
158776,1,300
158779,1,300
158779,1,300
158801,1,300
158851,1,300
158851,1,300
158855,1,300
158855,1,300
158975,1,300
158975,1,300
159702,1,300
159702,1,300
159702,1,300
159704,1,300
159704,1,300
159704,1,300
159706,1,300
159721,1,300
159721,1,300
159862,1,300
159895,1,300
159899,1,300
159899,1,300
159899,1,300
159899,1,300
159900,1,300
159900,1,300
159907,1,300
159907,1,300
159907,1,300
159907,1,300
159907,1,300
160212,1,300
160212,1,300
160212,1,300
160212,1,300
160213,1,300
160213,1,300
160213,1,300
160213,1,300
160213,1,300
160214,1,300
160216,1,300
160216,1,300
160318,1,300
160318,1,300
160318,1,300
160318,1,300
160318,1,300
160320,1,300
160322,1,300
160388,1,300
160388,1,300
160392,1,300
160392,1,300
160392,1,300
160571,1,300
160571,1,300
160590,1,300
160634,1,300
160679,1,300
160679,1,300
160679,1,300
160679,1,300
160682,1,300
160689,1,300
160689,1,300
160689,1,300
160689,1,300
160703,1,300
160703,1,300
160949,1,300
160949,1,300
160957,1,300
160957,1,300
160957,1,300
160957,1,300
160957,1,300
160980,1,300
160980,1,300
160981,1,300
161117,1,300
161340,1,300
161342,1,300
161551,1,300
161551,1,300
161551,1,300
161551,1,300
161551,1,300
161551,1,300
161551,1,300
161551,1,300
161551,1,300
161654,1,300
161681,1,300
161744,1,300
161750,1,300
161751,1,300
161767,1,300
161767,1,300
161770,1,300
161791,1,300
161995,1,300
162002,1,300
162002,1,300
162166,1,300
162209,1,300
162209,1,300
162218,1,300
162218,1,300
162218,1,300
162279,1,300
162279,1,300
162279,1,300
162279,1,300
162279,1,300
162279,1,300
162280,1,300
162282,1,300
162301,1,300
162301,1,300
162301,1,300
162301,1,300
162301,1,300
162387,1,300
162387,1,300
162387,1,300
162395,1,300
162397,1,300
162398,1,300
162398,1,300
162532,1,300
162532,1,300
162532,1,300
162532,1,300
162532,1,300
162532,1,300
162533,1,300
162533,1,300
162657,1,300
162657,1,300
162726,1,300
162726,1,300
162734,1,300
162734,1,300
162820,1,300
162820,1,300
162820,1,300
162820,1,300
162824,1,300
162833,1,300
162833,1,300
162834,1,300
162834,1,300
162834,1,300
162834,1,300
162876,1,300
162876,1,300
162877,1,300
162877,1,300
162993,1,300
162994,1,300
162994,1,300
162994,1,300
162994,1,300
162994,1,300
162994,1,300
162994,1,300
162996,1,300
163002,1,300
163002,1,300
163027,1,300
163027,1,300
163027,1,300
163027,1,300
163027,1,300
163027,1,300
163027,1,300
163027,1,300
163029,1,300
163029,1,300
163029,1,300
163078,1,300
163078,1,300
163150,1,300
163166,1,300
163186,1,300
163205,1,300
163205,1,300
163205,1,300
163258,1,300
163259,1,300
163259,1,300
163259,1,300
163259,1,300
163259,1,300
163259,1,300
163259,1,300
163347,1,300
163355,1,300
163355,1,300
163355,1,300
163368,1,300
163447,1,300
163563,1,300
163563,1,300
163748,1,300
163768,1,300
163768,1,300
163819,1,300
163829,1,300
163829,1,300
163851,1,300
163854,1,300
163854,1,300
163854,1,300
163854,1,300
163854,1,300
163854,1,300
163854,1,300
163859,1,300
163859,1,300
163859,1,300
163859,1,300
163861,1,300
163926,1,300
163926,1,300
163926,1,300
163947,1,300
163947,1,300
163947,1,300
163947,1,300
163947,1,300
165397,1,300
165440,1,300
165441,1,300
165441,1,300
165450,1,300
165450,1,300
165460,1,300
165481,1,300
165481,1,300
165482,1,300
165482,1,300
165482,1,300
165482,1,300
165488,1,300
165488,1,300
165715,1,300
165741,1,300
165741,1,300
165797,1,300
165798,1,300
165801,1,300
165801,1,300
165801,1,300
165801,1,300
166125,1,300
166126,1,300
166126,1,300
166126,1,300
166504,1,300
166507,1,300
166558,1,300
166558,1,300
166558,1,300
166558,1,300
166558,1,300
166558,1,300
166796,1,300
166800,1,300
166800,1,300
166838,1,300
166855,1,300
167142,1,300
167142,1,300
167145,1,300
167207,1,300
167207,1,300
167207,1,300
167351,1,300
167354,1,300
167354,1,300
167878,1,300
167878,1,300
168499,1,300
168500,1,300
168500,1,300
168505,1,300
168505,1,300
168665,1,300
168853,1,300
168853,1,300
168853,1,300
168854,1,300
168880,1,300
169095,1,300
169095,1,300
169175,1,300
169678,1,300
169678,1,300
169681,1,300
169681,1,300
169687,1,300
169687,1,300
169690,1,300
169690,1,300
169690,1,300
169690,1,300
169690,1,300
169690,1,300
169690,1,300
169690,1,300
170013,1,300
170054,1,300
170070,1,300
170116,1,300
170162,1,300
170170,1,300
170170,1,300
170170,1,300
170170,1,300
170468,1,300
170468,1,300
170468,1,300
170468,1,300
170468,1,300
170469,1,300
170469,1,300
170470,1,300
170470,1,300
170618,1,300
170618,1,300
170618,1,300
170629,1,300
170629,1,300
170670,1,300
170670,1,300
170670,1,300
170670,1,300
170670,1,300
170670,1,300
170670,1,300
170671,1,300
170679,1,300
170679,1,300
170743,1,300
170743,1,300
170945,1,300
170945,1,300
170945,1,300
170969,1,300
171106,1,300
171106,1,300
171106,1,300
171106,1,300
172106,1,300
172387,1,300
172387,1,300
172392,1,300
172392,1,300
172409,1,300
172409,1,300
172409,1,300
172628,1,300
172628,1,300
172628,1,300
173087,1,300
173087,1,300
173098,1,300
173098,1,300
173100,1,300
173117,1,300
173117,1,300
173117,1,300
173117,1,300
173117,1,300
173117,1,300
173117,1,300
173142,1,300
173142,1,300
173142,1,300
173142,1,300
173178,1,300
173179,1,300
173179,1,300
173179,1,300
173202,1,300
173203,1,300
173203,1,300
173205,1,300
173205,1,300
173206,1,300
173206,1,300
173206,1,300
173206,1,300
173309,1,300
173309,1,300
173759,1,300
173983,1,300
173983,1,300
173983,1,300
173983,1,300
173983,1,300
174297,1,300
174354,1,300
174357,1,300
174357,1,300
174358,1,300
174358,1,300
174358,1,300
174358,1,300
174358,1,300
174397,1,300
174397,1,300
174408,1,300
174408,1,300
174410,1,300
174411,1,300
174411,1,300
174456,1,300
174456,1,300
174456,1,300
174916,1,300
174916,1,300
174916,1,300
175561,1,300
175632,1,300
176190,1,300
176596,1,300
177152,1,300
177155,1,300
177155,1,300
177207,1,300
177207,1,300
177207,1,300
177254,1,300
177254,1,300
177255,1,300
177257,1,300
177257,1,300
177257,1,300
177270,1,300
177279,1,300
177365,1,300
177394,1,300
177395,1,300
177443,1,300
177443,1,300
177443,1,300
177453,1,300
177453,1,300
177453,1,300
177453,1,300
177453,1,300
177541,1,300
177541,1,300
177541,1,300
177541,1,300
177592,1,300
177592,1,300
177593,1,300
177593,1,300
177620,1,300
177620,1,300
177672,1,300
177694,1,300
177694,1,300
177694,1,300
177694,1,300
177778,1,300
177805,1,300
177805,1,300
177805,1,300
177816,1,300
177866,1,300
177866,1,300
178112,1,300
178112,1,300
178112,1,300
178425,1,300
178426,1,300
178428,1,300
178428,1,300
178429,1,300
178429,1,300
178469,1,300
178469,1,300
178470,1,300
178470,1,300
178606,1,300
178606,1,300
178606,1,300
178618,1,300
178618,1,300
178619,1,300
178622,1,300
178622,1,300
178622,1,300
178622,1,300
178622,1,300
178622,1,300
178632,1,300
178684,1,300
178684,1,300
178867,1,300
178951,1,300
178959,1,300
178959,1,300
179000,1,300
179034,1,300
179034,1,300
179034,1,300
179056,1,300
179056,1,300
179056,1,300
179056,1,300
179056,1,300
179056,1,300
179056,1,300
179087,1,300
179193,1,300
179193,1,300
179193,1,300
179193,1,300
179193,1,300
179205,1,300
179252,1,300
179289,1,300
179289,1,300
179292,1,300
179292,1,300
179405,1,300
179405,1,300
179828,1,300
179846,1,300
179846,1,300
179846,1,300
179848,1,300
179907,1,300
179922,1,300
179922,1,300
179922,1,300
179922,1,300
179924,1,300
180148,1,300
180148,1,300
180148,1,300
180148,1,300
180148,1,300
180148,1,300
180148,1,300
180150,1,300
180155,1,300
180327,1,300
180429,1,300
180524,1,300
180525,1,300
180525,1,300
180526,1,300
180528,1,300
180608,1,300
180724,1,300
180738,1,300
180738,1,300
180738,1,300
180738,1,300
180743,1,300
180774,1,300
180776,1,300
180776,1,300
180776,1,300
180776,1,300
180779,1,300
180779,1,300
180779,1,300
180811,1,300
180828,1,300
181015,1,300
181015,1,300
181015,1,300
181015,1,300
181015,1,300
181015,1,300
181037,1,300
181037,1,300
181042,1,300
181042,1,300
181048,1,300
181048,1,300
181048,1,300
181071,1,300
181072,1,300
181073,1,300
181073,1,300
181085,1,300
181092,1,300
181126,1,300
181140,1,300
181495,1,300
181519,1,300
181580,1,300
181580,1,300
181580,1,300
181592,1,300
181592,1,300
181596,1,300
181610,1,300
181627,1,300
181641,1,300
181674,1,300
181683,1,300
182194,1,300
182194,1,300
182194,1,300
182198,1,300
182199,1,300
182199,1,300
182263,1,300
182263,1,300
182278,1,300
182278,1,300
182278,1,300
182280,1,300
182280,1,300
182402,1,300
182408,1,300
182408,1,300
182408,1,300
182408,1,300
182408,1,300
182408,1,300
182502,1,300
182531,1,300
182533,1,300
182533,1,300
182534,1,300
182975,1,300
182975,1,300
182983,1,300
182983,1,300
182983,1,300
182983,1,300
182983,1,300
182991,1,300
183072,1,300
183072,1,300
183121,1,300
183121,1,300
183121,1,300
183270,1,300
183270,1,300
183270,1,300
183270,1,300
183270,1,300
183270,1,300
183337,1,300
183338,1,300
183338,1,300
183338,1,300
183425,1,300
183425,1,300
183425,1,300
183430,1,300
183434,1,300
183434,1,300
183434,1,300
183434,1,300
183445,1,300
183445,1,300
183445,1,300
183445,1,300
183446,1,300
183447,1,300
183447,1,300
183448,1,300
183448,1,300
183482,1,300
183552,1,300
183552,1,300
183552,1,300
183714,1,300
183749,1,300
183749,1,300
183749,1,300
183749,1,300
183750,1,300
183750,1,300
183759,1,300
183759,1,300
183810,1,300
183810,1,300
183810,1,300
183831,1,300
183831,1,300
183910,1,300
183910,1,300
183910,1,300
183998,1,300
183998,1,300
184038,1,300
184038,1,300
184040,1,300
184040,1,300
184040,1,300
184040,1,300
184043,1,300
184058,1,300
184061,1,300
184061,1,300
184061,1,300
184061,1,300
184061,1,300
184061,1,300
184061,1,300
184387,1,300
184387,1,300
184389,1,300
184507,1,300
184533,1,300
184533,1,300
184534,1,300
184537,1,300
184635,1,300
184636,1,300
184636,1,300
184636,1,300
184636,1,300
184636,1,300
184641,1,300
184641,1,300
184641,1,300
184641,1,300
184641,1,300
184641,1,300
184648,1,300
184648,1,300
184648,1,300
184656,1,300
184726,1,300
185158,1,300
185190,1,300
185203,1,300
185205,1,300
186133,1,300
186133,1,300
186133,1,300
186165,1,300
186335,1,300
186335,1,300
186393,1,300
186393,1,300
186393,1,300
186394,1,300
186461,1,300
186461,1,300
186461,1,300
186470,1,300
186470,1,300
186470,1,300
186509,1,300
186509,1,300
186509,1,300
186880,1,300
186880,1,300
186883,1,300
186883,1,300
186883,1,300
186885,1,300
186888,1,300
186888,1,300
186888,1,300
186888,1,300
186888,1,300
186922,1,300
186922,1,300
186922,1,300
186929,1,300
187037,1,300
187047,1,300
187047,1,300
187047,1,300
187049,1,300
187242,1,300
187242,1,300
187242,1,300
187242,1,300
187242,1,300
187495,1,300
187495,1,300
187495,1,300
187502,1,300
187531,1,300
187531,1,300
187531,1,300
187537,1,300
187538,1,300
187538,1,300
187538,1,300
187563,1,300
187563,1,300
187563,1,300
187564,1,300
187566,1,300
187750,1,300
187750,1,300
187750,1,300
187750,1,300
187753,1,300
187753,1,300
187753,1,300
187763,1,300
187763,1,300
187810,1,300
187810,1,300
187820,1,300
187820,1,300
187905,1,300
187912,1,300
188087,1,300
188099,1,300
188099,1,300
188635,1,300
188635,1,300
188635,1,300
188656,1,300
188656,1,300
188656,1,300
188766,1,300
188779,1,300
188788,1,300
188788,1,300
188788,1,300
188789,1,300
188795,1,300
188937,1,300
188973,1,300
188975,1,300
189042,1,300
189042,1,300
189042,1,300
189069,1,300
189069,1,300
189128,1,300
189128,1,300
189162,1,300
189233,1,300
189233,1,300
189380,1,300
189380,1,300
189380,1,300
189380,1,300
189381,1,300
189654,1,300
189654,1,300
189756,1,300
189756,1,300
189756,1,300
189785,1,300
189785,1,300
189796,1,300
189819,1,300
189819,1,300
189819,1,300
189819,1,300
189847,1,300
189847,1,300
189847,1,300
189861,1,300
189915,1,300
189926,1,300
189926,1,300
189964,1,300
189965,1,300
189965,1,300
190542,1,300
190639,1,300
190639,1,300
190639,1,300
190639,1,300
190639,1,300
190642,1,300
190675,1,300
190675,1,300
190675,1,300
190675,1,300
190678,1,300
190857,1,300
191187,1,300
191197,1,300
191197,1,300
191197,1,300
191238,1,300
191238,1,300
191444,1,300
191444,1,300
191444,1,300
191460,1,300
191460,1,300
191471,1,300
191471,1,300
191619,1,300
192054,1,300
192054,1,300
192057,1,300
192057,1,300
192058,1,300
192058,1,300
192059,1,300
192059,1,300
192151,1,300
192202,1,300
192203,1,300
192203,1,300
192301,1,300
192301,1,300
192305,1,300
192305,1,300
192305,1,300
192305,1,300
192355,1,300
192413,1,300
192413,1,300
192413,1,300
192414,1,300
192414,1,300
192417,1,300
192417,1,300
192417,1,300
192417,1,300
192772,1,300
192772,1,300
192821,1,300
193288,1,300
193491,1,300
193491,1,300
193531,1,300
193531,1,300
193543,1,300
193543,1,300
193543,1,300
193599,1,300
193599,1,300
193599,1,300
195351,1,300
195351,1,300
195354,1,300
195378,1,300
195378,1,300
195394,1,300
195395,1,300
195395,1,300
195402,1,300
195437,1,300
195437,1,300
195535,1,300
195535,1,300
195535,1,300
195535,1,300
195535,1,300
195547,1,300
195547,1,300
195547,1,300
195547,1,300
195547,1,300
195570,1,300
195570,1,300
195570,1,300
195570,1,300
195570,1,300
196020,1,300
196021,1,300
196021,1,300
196249,1,300
196249,1,300
196249,1,300
196249,1,300
196249,1,300
196249,1,300
196260,1,300
196268,1,300
196269,1,300
196269,1,300
196296,1,300
196429,1,300
196430,1,300
196430,1,300
196480,1,300
196480,1,300
196665,1,300
196665,1,300
196669,1,300
196669,1,300
196669,1,300
196955,1,300
197119,1,300
197173,1,300
197193,1,300
197243,1,300
197244,1,300
197327,1,300
197327,1,300
197550,1,300
197550,1,300
197626,1,300
198233,1,300
198233,1,300
198233,1,300
198680,1,300
198680,1,300
198680,1,300
198680,1,300
198680,1,300
198683,1,300
198684,1,300
198701,1,300
198701,1,300
198813,1,300
198815,1,300
198816,1,300
198816,1,300
198816,1,300
198816,1,300
198816,1,300
198886,1,300
198934,1,300
198934,1,300
198941,1,300
198943,1,300
199023,1,300
199047,1,300
199047,1,300
199179,1,300
199193,1,300
199193,1,300
199193,1,300
199193,1,300
199193,1,300
199196,1,300
199196,1,300
199205,1,300
199208,1,300
199208,1,300
199209,1,300
199209,1,300
199362,1,300
199707,1,300
199906,1,300
199906,1,300
199906,1,300
199906,1,300
199926,1,300
199926,1,300
199927,1,300
199936,1,300
199954,1,300
200879,1,300
200879,1,300
200885,1,300
200885,1,300
200885,1,300
200885,1,300
200885,1,300
200938,1,300
200952,1,300
200952,1,300
200952,1,300
201052,1,300
201052,1,300
201052,1,300
201052,1,300
201052,1,300
201052,1,300
201052,1,300
201052,1,300
201052,1,300
201105,1,300
201105,1,300
201105,1,300
201106,1,300
201119,1,300
201230,1,300
201504,1,300
201592,1,300
201620,1,300
201620,1,300
201620,1,300
201620,1,300
201620,1,300
202301,1,300
202301,1,300
202305,1,300
202395,1,300
202401,1,300
202401,1,300
202401,1,300
202402,1,300
202402,1,300
202435,1,300
202435,1,300
202435,1,300
202435,1,300
202436,1,300
202436,1,300
202436,1,300
202448,1,300
202644,1,300
203205,1,300
203205,1,300
203284,1,300
203284,1,300
203284,1,300
203290,1,300
203290,1,300
203290,1,300
203290,1,300
203381,1,300
203423,1,300
203423,1,300
203423,1,300
203431,1,300
203431,1,300
203431,1,300
203435,1,300
203435,1,300
203439,1,300
203439,1,300
203439,1,300
203511,1,300
203535,1,300
203537,1,300
203537,1,300
203540,1,300
203747,1,300
203840,1,300
203980,1,300
203980,1,300
203982,1,300
203982,1,300
203982,1,300
203982,1,300
203982,1,300
203982,1,300
203984,1,300
203984,1,300
204076,1,300
204076,1,300
204076,1,300
204076,1,300
204076,1,300
204085,1,300
204085,1,300
204085,1,300
204085,1,300
204085,1,300
204085,1,300
204090,1,300
204091,1,300
204096,1,300
204096,1,300
204140,1,300
204140,1,300
204140,1,300
204140,1,300
204516,1,300
204541,1,300
204541,1,300
204548,1,300
204553,1,300
204553,1,300
204553,1,300
204635,1,300
204639,1,300
204640,1,300
204640,1,300
204813,1,300
204831,1,300
204831,1,300
204832,1,300
204832,1,300
204832,1,300
204832,1,300
204857,1,300
204857,1,300
204857,1,300
204857,1,300
204872,1,300
204872,1,300
204872,1,300
204872,1,300
204872,1,300
204872,1,300
204872,1,300
204872,1,300
204873,1,300
204873,1,300
204877,1,300
204878,1,300
204878,1,300
204880,1,300
204880,1,300
204886,1,300
204886,1,300
204886,1,300
204886,1,300
204886,1,300
206196,1,300
206196,1,300
206198,1,300
206227,1,300
206227,1,300
206227,1,300
206234,1,300
206234,1,300
206294,1,300
206303,1,300
206371,1,300
206375,1,300
206375,1,300
206422,1,300
206422,1,300
206422,1,300
206454,1,300
206638,1,300
206641,1,300
206641,1,300
206698,1,300
206741,1,300
206741,1,300
206747,1,300
206747,1,300
206747,1,300
206843,1,300
206855,1,300
206855,1,300
206919,1,300
206919,1,300
206928,1,300
206929,1,300
207520,1,300
207530,1,300
207530,1,300
207595,1,300
207624,1,300
207624,1,300
207624,1,300
207624,1,300
207639,1,300
207642,1,300
207803,1,300
207804,1,300
207972,1,300
207972,1,300
207998,1,300
207998,1,300
207999,1,300
207999,1,300
208061,1,300
208061,1,300
208361,1,300
208568,1,300
208568,1,300
208650,1,300
208650,1,300
208650,1,300
208953,1,300
208953,1,300
209770,1,300
209770,1,300
209776,1,300
209776,1,300
209776,1,300
209776,1,300
209776,1,300
209776,1,300
209777,1,300
209927,1,300
209927,1,300
209977,1,300
209977,1,300
209979,1,300
209979,1,300
209979,1,300
210255,1,300
210255,1,300
210255,1,300
210255,1,300
210255,1,300
210255,1,300
210274,1,300
210274,1,300
210278,1,300
210286,1,300
210286,1,300
210342,1,300
210342,1,300
210342,1,300
210342,1,300
210342,1,300
210343,1,300
210370,1,300
210388,1,300
210388,1,300
210397,1,300
210404,1,300
210404,1,300
210404,1,300
210404,1,300
210420,1,300
210635,1,300
210640,1,300
210661,1,300
210661,1,300
210661,1,300
210661,1,300
210661,1,300
210661,1,300
210661,1,300
210674,1,300
210674,1,300
210679,1,300
210679,1,300
210679,1,300
210679,1,300
210679,1,300
210679,1,300
210716,1,300
210716,1,300
210716,1,300
210716,1,300
210717,1,300
210719,1,300
210719,1,300
210758,1,300
210759,1,300
210759,1,300
210949,1,300
210949,1,300
210949,1,300
210955,1,300
210994,1,300
211166,1,300
211279,1,300
211279,1,300
211298,1,300
211298,1,300
211298,1,300
211298,1,300
211298,1,300
211298,1,300
211300,1,300
211300,1,300
211404,1,300
211404,1,300
211404,1,300
211404,1,300
211404,1,300
211404,1,300
211404,1,300
211435,1,300
211435,1,300
211448,1,300
211448,1,300
211450,1,300
211452,1,300
211510,1,300
211510,1,300
211700,1,300
211700,1,300
211794,1,300
211794,1,300
211798,1,300
211798,1,300
211798,1,300
211805,1,300
212468,1,300
212470,1,300
212477,1,300
212477,1,300
212478,1,300
212633,1,300
212635,1,300
212635,1,300
212704,1,300
212704,1,300
212774,1,300
212774,1,300
212774,1,300
212774,1,300
212775,1,300
212779,1,300
212779,1,300
212779,1,300
212780,1,300
212828,1,300
212828,1,300
212828,1,300
213026,1,300
213026,1,300
213153,1,300
213153,1,300
213155,1,300
213155,1,300
213324,1,300
213324,1,300
213324,1,300
213324,1,300
213433,1,300
213433,1,300
213942,1,300
213942,1,300
213972,1,300
214193,1,300
214239,1,300
214239,1,300
214239,1,300
214247,1,300
214247,1,300
214247,1,300
214328,1,300
214328,1,300
214328,1,300
214328,1,300
214330,1,300
214330,1,300
214334,1,300
214457,1,300
214457,1,300
214467,1,300
214467,1,300
214498,1,300
214498,1,300
214498,1,300
214498,1,300
214500,1,300
214500,1,300
214532,1,300
214532,1,300
214658,1,300
214658,1,300
214688,1,300
214688,1,300
214688,1,300
214725,1,300
214726,1,300
214726,1,300
214726,1,300
214726,1,300
214799,1,300
214799,1,300
214825,1,300
214825,1,300
214825,1,300
214825,1,300
215031,1,300
215032,1,300
215032,1,300
215032,1,300
215032,1,300
215032,1,300
215032,1,300
215032,1,300
215490,1,300
215502,1,300
215502,1,300
215540,1,300
215540,1,300
215572,1,300
215573,1,300
215585,1,300
215616,1,300
215616,1,300
215618,1,300
215618,1,300
215618,1,300
215641,1,300
215642,1,300
215642,1,300
215652,1,300
215652,1,300
215652,1,300
215654,1,300
215654,1,300
215654,1,300
215657,1,300
215658,1,300
215658,1,300
215661,1,300
215846,1,300
215846,1,300
215854,1,300
215877,1,300
215877,1,300
215877,1,300
215877,1,300
215878,1,300
215885,1,300
215886,1,300
216358,1,300
216358,1,300
216376,1,300
216762,1,300
216762,1,300
216762,1,300
216762,1,300
216800,1,300
216936,1,300
216936,1,300
216936,1,300
216940,1,300
216940,1,300
216940,1,300
216940,1,300
216940,1,300
217008,1,300
217008,1,300
217008,1,300
217132,1,300
217132,1,300
217132,1,300
217132,1,300
217137,1,300
217202,1,300
217202,1,300
217203,1,300
217213,1,300
217213,1,300
217236,1,300
217236,1,300
217236,1,300
217236,1,300
217236,1,300
217236,1,300
217685,1,300
217781,1,300
217781,1,300
217781,1,300
217916,1,300
217916,1,300
217916,1,300
217963,1,300
217975,1,300
218025,1,300
218025,1,300
218025,1,300
218025,1,300
218025,1,300
218101,1,300
218119,1,300
218119,1,300
218120,1,300
218120,1,300
218120,1,300
218120,1,300
218120,1,300
218120,1,300
218120,1,300
218120,1,300
218120,1,300
218121,1,300
218122,1,300
219173,1,300
219175,1,300
219185,1,300
219185,1,300
219185,1,300
219307,1,300
219322,1,300
219322,1,300
219322,1,300
219471,1,300
219491,1,300
219491,1,300
219534,1,300
219534,1,300
219875,1,300
219892,1,300
219892,1,300
219893,1,300
219910,1,300
220421,1,300
220445,1,300
220445,1,300
220447,1,300
220447,1,300
220447,1,300
220447,1,300
220449,1,300
220454,1,300
220454,1,300
220463,1,300
220463,1,300
220465,1,300
220521,1,300
220521,1,300
220521,1,300
220521,1,300
220521,1,300
220521,1,300
220521,1,300
220531,1,300
220531,1,300
220541,1,300
220662,1,300
220666,1,300
220733,1,300
220733,1,300
220741,1,300
220741,1,300
220742,1,300
220785,1,300
220827,1,300
220849,1,300
220849,1,300
220849,1,300
220849,1,300
220849,1,300
220849,1,300
220850,1,300
220850,1,300
220876,1,300
220876,1,300
220879,1,300
220879,1,300
220879,1,300
220879,1,300
220879,1,300
220881,1,300
220881,1,300
220881,1,300
220881,1,300
220891,1,300
220891,1,300
220934,1,300
220935,1,300
221129,1,300
221132,1,300
221246,1,300
221246,1,300
221246,1,300
221246,1,300
221249,1,300
221278,1,300
221278,1,300
221278,1,300
221278,1,300
221278,1,300
221278,1,300
221397,1,300
221455,1,300
221455,1,300
221455,1,300
221456,1,300
221456,1,300
221656,1,300
221656,1,300
221672,1,300
221672,1,300
221674,1,300
221674,1,300
221674,1,300
221693,1,300
222331,1,300
222335,1,300
222335,1,300
222335,1,300
222335,1,300
222335,1,300
222360,1,300
222360,1,300
222360,1,300
222364,1,300
222369,1,300
222369,1,300
222382,1,300
222526,1,300
222526,1,300
222529,1,300
222529,1,300
222565,1,300
222565,1,300
222688,1,300
222691,1,300
222695,1,300
222695,1,300
222695,1,300
222695,1,300
222696,1,300
222696,1,300
222779,1,300
222823,1,300
222844,1,300
222856,1,300
222856,1,300
222856,1,300
222856,1,300
222856,1,300
223037,1,300
223061,1,300
223061,1,300
223061,1,300
223061,1,300
223142,1,300
223148,1,300
223152,1,300
223152,1,300
223152,1,300
223152,1,300
223168,1,300
223171,1,300
223171,1,300
223171,1,300
223171,1,300
223171,1,300
223171,1,300
223171,1,300
223177,1,300
223177,1,300
223179,1,300
223179,1,300
223179,1,300
223195,1,300
223195,1,300
223195,1,300
223195,1,300
223195,1,300
223197,1,300
223200,1,300
223200,1,300
223200,1,300
223200,1,300
223218,1,300
223218,1,300
223236,1,300
223236,1,300
223236,1,300
223236,1,300
223284,1,300
223284,1,300
223294,1,300
223294,1,300
223294,1,300
223294,1,300
223294,1,300
223294,1,300
223687,1,300
223687,1,300
223914,1,300
223923,1,300
223923,1,300
223958,1,300
223958,1,300
223958,1,300
223958,1,300
223958,1,300
223958,1,300
223960,1,300
223960,1,300
223961,1,300
223961,1,300
223961,1,300
223961,1,300
223965,1,300
224704,1,300
224790,1,300
224859,1,300
224859,1,300
224884,1,300
224884,1,300
224884,1,300
225085,1,300
225085,1,300
225085,1,300
225093,1,300
225093,1,300
225093,1,300
225093,1,300
225295,1,300
225297,1,300
225297,1,300
225298,1,300
225298,1,300
225299,1,300
225299,1,300
225318,1,300
225318,1,300
225318,1,300
225318,1,300
225322,1,300
225322,1,300
225325,1,300
225326,1,300
225329,1,300
225329,1,300
225336,1,300
225336,1,300
225336,1,300
225336,1,300
225336,1,300
225378,1,300
225378,1,300
225378,1,300
225378,1,300
225391,1,300
225391,1,300
225391,1,300
226501,1,300
226503,1,300
226506,1,300
226506,1,300
226506,1,300
226506,1,300
226506,1,300
226506,1,300
226506,1,300
226506,1,300
226561,1,300
226561,1,300
226562,1,300
226562,1,300
226562,1,300
226600,1,300
226615,1,300
226615,1,300
226686,1,300
226807,1,300
226807,1,300
226884,1,300
226885,1,300
227054,1,300
227054,1,300
227106,1,300
227106,1,300
227113,1,300
227113,1,300
227115,1,300
227115,1,300
227115,1,300
227115,1,300
227117,1,300
227117,1,300
227440,1,300
227441,1,300
227442,1,300
227442,1,300
227476,1,300
227476,1,300
227476,1,300
227609,1,300
227618,1,300
227618,1,300
227618,1,300
227618,1,300
227619,1,300
228029,1,300
228046,1,300
228046,1,300
228046,1,300
228118,1,300
228118,1,300
228123,1,300
228123,1,300
228137,1,300
228295,1,300
228296,1,300
228296,1,300
228308,1,300
228308,1,300
228308,1,300
228313,1,300
228381,1,300
228767,1,300
228768,1,300
228768,1,300
228978,1,300
228978,1,300
229023,1,300
229047,1,300
229620,1,300
229623,1,300
229880,1,300
230197,1,300
230503,1,300
230503,1,300
230919,1,300
230919,1,300
230922,1,300
230922,1,300
230942,1,300
230942,1,300
230989,1,300
230989,1,300
231383,1,300
231395,1,300
231400,1,300
231402,1,300
231402,1,300
231451,1,300
231480,1,300
231480,1,300
231488,1,300
231488,1,300
231488,1,300
231488,1,300
231488,1,300
231488,1,300
231488,1,300
231574,1,300
231622,1,300
231736,1,300
231736,1,300
231736,1,300
231736,1,300
231760,1,300
231760,1,300
231766,1,300
231778,1,300
231778,1,300
231804,1,300
231810,1,300
231812,1,300
231812,1,300
231812,1,300
231843,1,300
231844,1,300
231852,1,300
231852,1,300
231852,1,300
231852,1,300
232390,1,300
232390,1,300
232396,1,300
232398,1,300
232398,1,300
232521,1,300
232521,1,300
232521,1,300
232521,1,300
233257,1,300
233257,1,300
233257,1,300
233257,1,300
233257,1,300
233258,1,300
233258,1,300
233266,1,300
233266,1,300
233266,1,300
233283,1,300
233307,1,300
233307,1,300
233348,1,300
233348,1,300
233348,1,300
233351,1,300
233353,1,300
233353,1,300
233555,1,300
233555,1,300
233555,1,300
233700,1,300
233700,1,300
233700,1,300
233707,1,300
233711,1,300
233711,1,300
233711,1,300
233711,1,300
233711,1,300
233767,1,300
233767,1,300
233768,1,300
233770,1,300
233785,1,300
233785,1,300
233785,1,300
234194,1,300
234590,1,300
234590,1,300
234590,1,300
234590,1,300
234590,1,300
234590,1,300
234590,1,300
234592,1,300
234592,1,300
234592,1,300
234592,1,300
234600,1,300
234600,1,300
234694,1,300
234694,1,300
234694,1,300
234732,1,300
234734,1,300
234734,1,300
234881,1,300
235361,1,300
235366,1,300
235366,1,300
235393,1,300
235393,1,300
235393,1,300
235458,1,300
235458,1,300
235598,1,300
235639,1,300
235639,1,300
235642,1,300
235642,1,300
235642,1,300
235642,1,300
235642,1,300
235642,1,300
236300,1,300
236301,1,300
236314,1,300
236319,1,300
236319,1,300
236319,1,300
236319,1,300
236319,1,300
236319,1,300
236319,1,300
236320,1,300
236361,1,300
236435,1,300
236436,1,300
236455,1,300
236455,1,300
236455,1,300
236455,1,300
236468,1,300
236468,1,300
236468,1,300
236468,1,300
236472,1,300
236482,1,300
236482,1,300
236482,1,300
236495,1,300
236495,1,300
236500,1,300
236500,1,300
236500,1,300
236500,1,300
236500,1,300
236503,1,300
236557,1,300
236557,1,300
236627,1,300
236636,1,300
236636,1,300
236636,1,300
236636,1,300
236636,1,300
236636,1,300
236636,1,300
236636,1,300
236636,1,300
236636,1,300
236636,1,300
236638,1,300
236638,1,300
237095,1,300
237095,1,300
237095,1,300
237101,1,300
237115,1,300
237115,1,300
237117,1,300
237241,1,300
237241,1,300
237241,1,300
237241,1,300
237256,1,300
237344,1,300
237344,1,300
237344,1,300
237346,1,300
237354,1,300
237354,1,300
237354,1,300
237354,1,300
237354,1,300
237354,1,300
237354,1,300
237354,1,300
237484,1,300
237484,1,300
237491,1,300
237500,1,300
237828,1,300
237828,1,300
237831,1,300
237831,1,300
238907,1,300
238976,1,300
238982,1,300
238982,1,300
238982,1,300
238986,1,300
238986,1,300
238986,1,300
238986,1,300
238986,1,300
238988,1,300
238988,1,300
238988,1,300
238988,1,300
238988,1,300
238988,1,300
238988,1,300
239318,1,300
239318,1,300
239329,1,300
239329,1,300
239335,1,300
239335,1,300
239530,1,300
239530,1,300
239530,1,300
239530,1,300
239572,1,300
239572,1,300
239598,1,300
239598,1,300
239895,1,300
239899,1,300
239929,1,300
239929,1,300
239931,1,300
240123,1,300
240123,1,300
240123,1,300
240124,1,300
240124,1,300
240126,1,300
240126,1,300
240126,1,300
240196,1,300
240196,1,300
240259,1,300
240259,1,300
240267,1,300
240267,1,300
240267,1,300
240272,1,300
240272,1,300
240272,1,300
240272,1,300
240272,1,300
240273,1,300
240273,1,300
240273,1,300
240273,1,300
240273,1,300
240284,1,300
240319,1,300
240323,1,300
240323,1,300
240323,1,300
240361,1,300
240405,1,300
240405,1,300
240409,1,300
240409,1,300
240409,1,300
240409,1,300
240409,1,300
240409,1,300
240439,1,300
240439,1,300
240439,1,300
240440,1,300
240440,1,300
240445,1,300
240445,1,300
240445,1,300
240518,1,300
240519,1,300
240526,1,300
240532,1,300
240533,1,300
240535,1,300
240536,1,300
240566,1,300
240566,1,300
240566,1,300
240570,1,300
240570,1,300
240570,1,300
240576,1,300
240605,1,300
240605,1,300
240607,1,300
240607,1,300
240614,1,300
240614,1,300
240619,1,300
240619,1,300
240676,1,300
240756,1,300
241004,1,300
241004,1,300
241004,1,300
241004,1,300
241004,1,300
241004,1,300
241004,1,300
241004,1,300
241004,1,300
241004,1,300
241004,1,300
241004,1,300
241046,1,300
241082,1,300
241082,1,300
241090,1,300
241091,1,300
241252,1,300
241252,1,300
241631,1,300
241631,1,300
241631,1,300
241631,1,300
241706,1,300
241707,1,300
241714,1,300
241714,1,300
241714,1,300
241750,1,300
241760,1,300
241760,1,300
241760,1,300
241761,1,300
241761,1,300
241761,1,300
241763,1,300
241772,1,300
241772,1,300
241772,1,300
241774,1,300
241804,1,300
241804,1,300
241804,1,300
241806,1,300
241806,1,300
241806,1,300
241806,1,300
241828,1,300
241828,1,300
242717,1,300
242717,1,300
242717,1,300
242717,1,300
243168,1,300
243168,1,300
243168,1,300
243211,1,300
243257,1,300
243380,1,300
243380,1,300
243380,1,300
243380,1,300
243633,1,300
243639,1,300
243639,1,300
243639,1,300
243648,1,300
243648,1,300
243648,1,300
243648,1,300
243654,1,300
243654,1,300
243655,1,300
243655,1,300
243721,1,300
243750,1,300
243750,1,300
243796,1,300
243797,1,300
243932,1,300
243959,1,300
243959,1,300
244021,1,300
244112,1,300
244112,1,300
244112,1,300
244112,1,300
244112,1,300
244117,1,300
244198,1,300
244812,1,300
244812,1,300
244812,1,300
245288,1,300
245327,1,300
245327,1,300
245337,1,300
245357,1,300
245379,1,300
245388,1,300
245693,1,300
245693,1,300
245694,1,300
245694,1,300
245695,1,300
245695,1,300
245849,1,300
245981,1,300
245985,1,300
246001,1,300
246012,1,300
246012,1,300
246015,1,300
246015,1,300
246015,1,300
246015,1,300
246184,1,300
246184,1,300
246188,1,300
246188,1,300
246188,1,300
246213,1,300
246213,1,300
246221,1,300
246301,1,300
246302,1,300
246361,1,300
246361,1,300
246361,1,300
246361,1,300
246364,1,300
246364,1,300
246364,1,300
246364,1,300
246365,1,300
246418,1,300
246459,1,300
246460,1,300
246497,1,300
246498,1,300
246498,1,300
246861,1,300
246861,1,300
246917,1,300
246917,1,300
246918,1,300
246964,1,300
246974,1,300
247036,1,300
247071,1,300
247132,1,300
247132,1,300
247132,1,300
247501,1,300
247543,1,300
247637,1,300
247637,1,300
247637,1,300
247637,1,300
247637,1,300
247637,1,300
247637,1,300
247640,1,300
247659,1,300
247669,1,300
247737,1,300
247803,1,300
247803,1,300
247803,1,300
247841,1,300
247946,1,300
247953,1,300
247975,1,300
247979,1,300
248311,1,300
248317,1,300
248317,1,300
248375,1,300
248376,1,300
248376,1,300
248376,1,300
248426,1,300
248469,1,300
248469,1,300
248470,1,300
248470,1,300
248470,1,300
248639,1,300
248639,1,300
248664,1,300
248664,1,300
248668,1,300
248668,1,300
248668,1,300
248679,1,300
248690,1,300
248934,1,300
248934,1,300
248934,1,300
250067,1,300
250495,1,300
250495,1,300
250986,1,300
250997,1,300
251043,1,300
251043,1,300
251044,1,300
251044,1,300
251255,1,300
251256,1,300
251268,1,300
251268,1,300
251269,1,300
251269,1,300
251269,1,300
251289,1,300
251289,1,300
251447,1,300
252598,1,300
252599,1,300
252599,1,300
252605,1,300
252605,1,300
252607,1,300
252607,1,300
252610,1,300
252610,1,300
252616,1,300
252616,1,300
252616,1,300
252654,1,300
252654,1,300
252662,1,300
252662,1,300
252662,1,300
252727,1,300
252727,1,300
252727,1,300
252728,1,300
252738,1,300
252738,1,300
252738,1,300
252753,1,300
252753,1,300
252753,1,300
252790,1,300
252991,1,300
252991,1,300
252991,1,300
252995,1,300
252996,1,300
252996,1,300
253100,1,300
253104,1,300
253122,1,300
253131,1,300
253146,1,300
253146,1,300
253227,1,300
253227,1,300
253227,1,300
253311,1,300
253311,1,300
253334,1,300
253334,1,300
253493,1,300
253493,1,300
253493,1,300
253876,1,300
253897,1,300
255128,1,300
255203,1,300
255216,1,300
255216,1,300
255216,1,300
255234,1,300
255235,1,300
255246,1,300
255266,1,300
255266,1,300
255266,1,300
255271,1,300
255773,1,300
255773,1,300
255773,1,300
255773,1,300
255809,1,300
256777,1,300
256833,1,300
256833,1,300
256833,1,300
256833,1,300
256833,1,300
256870,1,300
256870,1,300
256870,1,300
256872,1,300
257025,1,300
257025,1,300
257025,1,300
257046,1,300
257134,1,300
257492,1,300
257492,1,300
257497,1,300
257497,1,300
257497,1,300
257497,1,300
257527,1,300
257527,1,300
257527,1,300
257603,1,300
257603,1,300
257606,1,300
257612,1,300
257612,1,300
257612,1,300
257612,1,300
257693,1,300
257698,1,300
257742,1,300
257742,1,300
257768,1,300
257772,1,300
257772,1,300
257772,1,300
257772,1,300
257772,1,300
257772,1,300
257772,1,300
257772,1,300
257772,1,300
257772,1,300
257772,1,300
257772,1,300
257772,1,300
257773,1,300
257912,1,300
257912,1,300
257912,1,300
257990,1,300
257990,1,300
257990,1,300
257990,1,300
257990,1,300
258036,1,300
258036,1,300
258036,1,300
258052,1,300
258064,1,300
258818,1,300
258838,1,300
258838,1,300
258843,1,300
258843,1,300
258993,1,300
259066,1,300
259067,1,300
259071,1,300
259092,1,300
259094,1,300
259094,1,300
259226,1,300
259226,1,300
259226,1,300
259227,1,300
259229,1,300
259318,1,300
259318,1,300
259320,1,300
259325,1,300
259325,1,300
259325,1,300
259325,1,300
259342,1,300
259342,1,300
259510,1,300
259510,1,300
259511,1,300
259512,1,300
259513,1,300
260156,1,300
260158,1,300
260173,1,300
260173,1,300
260177,1,300
260177,1,300
260192,1,300
260254,1,300
260254,1,300
260290,1,300
260290,1,300
260290,1,300
260365,1,300
260730,1,300
260731,1,300
260733,1,300
260743,1,300
261485,1,300
261485,1,300
261485,1,300
261485,1,300
261485,1,300
261485,1,300
261485,1,300
261511,1,300
261514,1,300
261514,1,300
261523,1,300
261533,1,300
261533,1,300
261686,1,300
261686,1,300
261686,1,300
262047,1,300
262047,1,300
262082,1,300
262083,1,300
262083,1,300
262109,1,300
262116,1,300
262127,1,300
262127,1,300
262128,1,300
262129,1,300
262129,1,300
262130,1,300
262130,1,300
262130,1,300
262135,1,300
262162,1,300
262163,1,300
262163,1,300
262175,1,300
262209,1,300
262245,1,300
262245,1,300
262245,1,300
262245,1,300
262245,1,300
262261,1,300
262261,1,300
262466,1,300
262466,1,300
262583,1,300
262583,1,300
262583,1,300
262583,1,300
262664,1,300
262664,1,300
262696,1,300
262696,1,300
262836,1,300
262845,1,300
262845,1,300
262845,1,300
262853,1,300
263065,1,300
263101,1,300
263453,1,300
263454,1,300
263454,1,300
263455,1,300
263455,1,300
263455,1,300
263455,1,300
263653,1,300
264570,1,300
264570,1,300
264571,1,300
264571,1,300
264571,1,300
264578,1,300
264578,1,300
264578,1,300
264579,1,300
264579,1,300
264680,1,300
264680,1,300
264707,1,300
264709,1,300
264711,1,300
264711,1,300
264711,1,300
264715,1,300
264715,1,300
264715,1,300
264715,1,300
264747,1,300
264747,1,300
264754,1,300
264754,1,300
264754,1,300
264757,1,300
264757,1,300
265158,1,300
265158,1,300
265177,1,300
265177,1,300
265235,1,300
265235,1,300
265256,1,300
265256,1,300
265310,1,300
265310,1,300
265310,1,300
265310,1,300
265321,1,300
265322,1,300
265374,1,300
265494,1,300
265495,1,300
265501,1,300
265501,1,300
265501,1,300
265501,1,300
265501,1,300
265501,1,300
265501,1,300
265642,1,300
265763,1,300
265763,1,300
265763,1,300
265813,1,300
265813,1,300
265813,1,300
265813,1,300
265813,1,300
265837,1,300
265837,1,300
265837,1,300
265839,1,300
265839,1,300
265839,1,300
265839,1,300
265839,1,300
265839,1,300
265855,1,300
265857,1,300
265972,1,300
265972,1,300
265972,1,300
266057,1,300
266057,1,300
266063,1,300
266063,1,300
266064,1,300
266069,1,300
266073,1,300
266073,1,300
266074,1,300
266074,1,300
266077,1,300
266175,1,300
266175,1,300
266218,1,300
266218,1,300
266218,1,300
267105,1,300
267230,1,300
267230,1,300
267230,1,300
267230,1,300
267230,1,300
267238,1,300
267238,1,300
267238,1,300
267238,1,300
267371,1,300
267486,1,300
267486,1,300
267487,1,300
267497,1,300
267497,1,300
267497,1,300
267536,1,300
267537,1,300
267537,1,300
267537,1,300
267537,1,300
267546,1,300
267546,1,300
267546,1,300
267625,1,300
267625,1,300
267625,1,300
267625,1,300
267625,1,300
267625,1,300
267631,1,300
267631,1,300
267631,1,300
267631,1,300
267809,1,300
267927,1,300
267969,1,300
267969,1,300
267969,1,300
267969,1,300
267969,1,300
268165,1,300
268180,1,300
268185,1,300
268185,1,300
268185,1,300
268251,1,300
268251,1,300
268253,1,300
268253,1,300
268261,1,300
268262,1,300
268262,1,300
268263,1,300
268264,1,300
268264,1,300
268268,1,300
268268,1,300
268269,1,300
268285,1,300
268314,1,300
268572,1,300
268572,1,300
268572,1,300
268572,1,300
268572,1,300
268572,1,300
268572,1,300
268572,1,300
268579,1,300
268630,1,300
268632,1,300
268806,1,300
268806,1,300
268806,1,300
268806,1,300
268811,1,300
268811,1,300
268858,1,300
268858,1,300
268926,1,300
269361,1,300
269361,1,300
269362,1,300
269362,1,300
269363,1,300
269425,1,300
269426,1,300
269426,1,300
269426,1,300
269426,1,300
269426,1,300
269426,1,300
269426,1,300
269449,1,300
269496,1,300
269516,1,300
269516,1,300
269523,1,300
269523,1,300
269523,1,300
269526,1,300
269526,1,300
269526,1,300
269526,1,300
269526,1,300
269526,1,300
269527,1,300
269569,1,300
269569,1,300
269569,1,300
269663,1,300
269663,1,300
269663,1,300
269665,1,300
269665,1,300
269668,1,300
269877,1,300
269886,1,300
269886,1,300
269902,1,300
269932,1,300
269932,1,300
269932,1,300
270223,1,300
270226,1,300
270238,1,300
270238,1,300
270238,1,300
270339,1,300
270955,1,300
270955,1,300
270955,1,300
270955,1,300
270955,1,300
270969,1,300
271080,1,300
271183,1,300
271183,1,300
271183,1,300
271183,1,300
271183,1,300
271188,1,300
271188,1,300
271188,1,300
271188,1,300
271215,1,300
271215,1,300
271215,1,300
271253,1,300
271253,1,300
271253,1,300
271273,1,300
271273,1,300
271273,1,300
271273,1,300
271274,1,300
271274,1,300
271296,1,300
271298,1,300
271298,1,300
271299,1,300
271314,1,300
271314,1,300
271314,1,300
271314,1,300
271314,1,300
271335,1,300
271335,1,300
271338,1,300
271339,1,300
271346,1,300
271346,1,300
271346,1,300
271346,1,300
271346,1,300
271346,1,300
271460,1,300
271510,1,300
271510,1,300
272056,1,300
272186,1,300
272194,1,300
272194,1,300
272194,1,300
272214,1,300
272215,1,300
272216,1,300
272298,1,300
272419,1,300
272440,1,300
272440,1,300
272440,1,300
272440,1,300
272440,1,300
272440,1,300
272440,1,300
272513,1,300
272515,1,300
272515,1,300
272515,1,300
272515,1,300
272515,1,300
272798,1,300
273532,1,300
273534,1,300
273534,1,300
273534,1,300
273534,1,300
274051,1,300
274238,1,300
274238,1,300
274345,1,300
274345,1,300
274393,1,300
274735,1,300
274735,1,300
274737,1,300
274739,1,300
274739,1,300
274883,1,300
275015,1,300
275148,1,300
275159,1,300
275159,1,300
275203,1,300
275203,1,300
275204,1,300
275204,1,300
275204,1,300
275204,1,300
275211,1,300
275211,1,300
275274,1,300
275274,1,300
275274,1,300
275373,1,300
275373,1,300
275374,1,300
275374,1,300
275470,1,300
275471,1,300
275546,1,300
275546,1,300
275546,1,300
275595,1,300
275595,1,300
275595,1,300
275595,1,300
275595,1,300
275595,1,300
275595,1,300
275595,1,300
275595,1,300
275600,1,300
275600,1,300
275641,1,300
275641,1,300
275641,1,300
275642,1,300
275959,1,300
275959,1,300
275969,1,300
275969,1,300
276076,1,300
276076,1,300
276076,1,300
276098,1,300
276098,1,300
276122,1,300
276122,1,300
276122,1,300
276216,1,300
276239,1,300
276270,1,300
276730,1,300
276730,1,300
276730,1,300
276792,1,300
276801,1,300
276801,1,300
276801,1,300
276801,1,300
276801,1,300
276801,1,300
277256,1,300
277256,1,300
277258,1,300
277452,1,300
277452,1,300
277452,1,300
277453,1,300
277453,1,300
277453,1,300
277454,1,300
277545,1,300
277545,1,300
277589,1,300
277589,1,300
277959,1,300
278938,1,300
278941,1,300
278981,1,300
278989,1,300
279000,1,300
279007,1,300
279007,1,300
279007,1,300
279174,1,300
279174,1,300
279174,1,300
279175,1,300
279178,1,300
279178,1,300
279178,1,300
279194,1,300
279194,1,300
279211,1,300
279212,1,300
279220,1,300
279220,1,300
279329,1,300
279330,1,300
279330,1,300
279330,1,300
279348,1,300
279361,1,300
280177,1,300
280177,1,300
280178,1,300
280213,1,300
280218,1,300
280218,1,300
280225,1,300
280432,1,300
280432,1,300
280432,1,300
280436,1,300
280462,1,300
280462,1,300
280462,1,300
280462,1,300
280570,1,300
280570,1,300
280570,1,300
280572,1,300
280572,1,300
280572,1,300
280572,1,300
280572,1,300
280579,1,300
280579,1,300
280590,1,300
280602,1,300
280602,1,300
280617,1,300
280617,1,300
280617,1,300
280617,1,300
280617,1,300
280617,1,300
280633,1,300
280633,1,300
280633,1,300
280633,1,300
280639,1,300
280639,1,300
280639,1,300
280639,1,300
280639,1,300
280639,1,300
280643,1,300
280643,1,300
280643,1,300
280643,1,300
280648,1,300
280648,1,300
280648,1,300
280648,1,300
281052,1,300
281052,1,300
281378,1,300
281383,1,300
281503,1,300
281508,1,300
281508,1,300
281511,1,300
282512,1,300
282512,1,300
282512,1,300
282512,1,300
282531,1,300
282561,1,300
282610,1,300
282610,1,300
282610,1,300
282610,1,300
282618,1,300
282618,1,300
282618,1,300
282618,1,300
282618,1,300
282618,1,300
282621,1,300
282621,1,300
282621,1,300
282627,1,300
282627,1,300
282627,1,300
282627,1,300
282627,1,300
282689,1,300
282689,1,300
282692,1,300
282708,1,300
282708,1,300
282741,1,300
282742,1,300
282742,1,300
282761,1,300
282814,1,300
282882,1,300
282882,1,300
282903,1,300
282903,1,300
282903,1,300
282903,1,300
282906,1,300
282909,1,300
282909,1,300
282909,1,300
282928,1,300
282928,1,300
282938,1,300
282953,1,300
282980,1,300
283058,1,300
283058,1,300
283060,1,300
283313,1,300
283315,1,300
283316,1,300
283842,1,300
283868,1,300
283869,1,300
283870,1,300
283871,1,300
283874,1,300
283874,1,300
283899,1,300
283899,1,300
283899,1,300
283908,1,300
283967,1,300
283971,1,300
284046,1,300
284046,1,300
284046,1,300
284046,1,300
284048,1,300
284087,1,300
284145,1,300
284158,1,300
284158,1,300
284158,1,300
284207,1,300
284209,1,300
284209,1,300
284210,1,300
284210,1,300
284213,1,300
284213,1,300
284213,1,300
284213,1,300
284401,1,300
284403,1,300
284403,1,300
284414,1,300
284414,1,300
284414,1,300
284450,1,300
284450,1,300
284450,1,300
284450,1,300
284466,1,300
284473,1,300
284481,1,300
284481,1,300
284482,1,300
284490,1,300
284490,1,300
284490,1,300
284490,1,300
284490,1,300
284490,1,300
284490,1,300
284493,1,300
284493,1,300
284494,1,300
284571,1,300
284571,1,300
284571,1,300
284571,1,300
284571,1,300
284571,1,300
284571,1,300
284714,1,300
284717,1,300
284717,1,300
284717,1,300
284827,1,300
284830,1,300
284831,1,300
284831,1,300
284831,1,300
285177,1,300
285326,1,300
285390,1,300
285414,1,300
285418,1,300
285424,1,300
285424,1,300
285424,1,300
285424,1,300
285603,1,300
285603,1,300
285694,1,300
285694,1,300
285694,1,300
285694,1,300
285781,1,300
285781,1,300
285784,1,300
285840,1,300
285894,1,300
285894,1,300
286666,1,300
286666,1,300
286670,1,300
286670,1,300
286670,1,300
286678,1,300
286678,1,300
286678,1,300
286725,1,300
286725,1,300
286725,1,300
286773,1,300
286804,1,300
286804,1,300
286937,1,300
287072,1,300
287076,1,300
287231,1,300
287231,1,300
287270,1,300
287270,1,300
287273,1,300
287273,1,300
287274,1,300
287274,1,300
287274,1,300
287290,1,300
287291,1,300
287334,1,300
287335,1,300
287343,1,300
287343,1,300
287515,1,300
287516,1,300
287516,1,300
287606,1,300
287608,1,300
287679,1,300
287679,1,300
287688,1,300
287688,1,300
287689,1,300
287689,1,300
287690,1,300
287690,1,300
287694,1,300
287724,1,300
287804,1,300
288224,1,300
288230,1,300
288233,1,300
288233,1,300
288233,1,300
288233,1,300
288234,1,300
288357,1,300
288357,1,300
288357,1,300
288357,1,300
288357,1,300
288365,1,300
288368,1,300
288488,1,300
288488,1,300
288977,1,300
289275,1,300
289348,1,300
289471,1,300
290078,1,300
290078,1,300
290080,1,300
290080,1,300
290118,1,300
290118,1,300
290131,1,300
290131,1,300
290131,1,300
290132,1,300
290132,1,300
290132,1,300
290136,1,300
290138,1,300
290138,1,300
290138,1,300
290138,1,300
290138,1,300
290293,1,300
290293,1,300
290481,1,300
290489,1,300
290516,1,300
290524,1,300
290908,1,300
290909,1,300
291153,1,300
291153,1,300
291153,1,300
291206,1,300
291326,1,300
291326,1,300
291326,1,300
291472,1,300
291475,1,300
292875,1,300
292875,1,300
292875,1,300
292971,1,300
292973,1,300
292973,1,300
292973,1,300
292973,1,300
292973,1,300
293360,1,300
293360,1,300
293364,1,300
293364,1,300
293364,1,300
293786,1,300
293786,1,300
293786,1,300
293788,1,300
293796,1,300
293825,1,300
293840,1,300
293870,1,300
293870,1,300
293873,1,300
293874,1,300
294039,1,300
294039,1,300
294041,1,300
294254,1,300
294254,1,300
294577,1,300
294580,1,300
294580,1,300
294581,1,300
294581,1,300
294581,1,300
294598,1,300
294598,1,300
294598,1,300
294870,1,300
294870,1,300
294871,1,300
295205,1,300
295217,1,300
295418,1,300
295418,1,300
295418,1,300
295418,1,300
295430,1,300
295430,1,300
295920,1,300
295934,1,300
295934,1,300
295999,1,300
296044,1,300
296742,1,300
296747,1,300
296749,1,300
296749,1,300
296782,1,300
296782,1,300
296792,1,300
297203,1,300
297203,1,300
297203,1,300
297254,1,300
297254,1,300
297254,1,300
297470,1,300
297470,1,300
297479,1,300
297479,1,300
297687,1,300
297687,1,300
297689,1,300
297689,1,300
297689,1,300
297706,1,300
297767,1,300
297872,1,300
297874,1,300
297880,1,300
297880,1,300
297881,1,300
297881,1,300
297882,1,300
297899,1,300
297899,1,300
297899,1,300
297899,1,300
297927,1,300
297927,1,300
297927,1,300
297927,1,300
297927,1,300
297928,1,300
297928,1,300
297930,1,300
297930,1,300
297931,1,300
297960,1,300
297966,1,300
297973,1,300
297973,1,300
297973,1,300
297974,1,300
297974,1,300
297986,1,300
297986,1,300
297990,1,300
298001,1,300
298001,1,300
298147,1,300
298147,1,300
298147,1,300
298148,1,300
298148,1,300
298149,1,300
298149,1,300
298149,1,300
298149,1,300
298149,1,300
298149,1,300
298150,1,300
298150,1,300
298248,1,300
298302,1,300
298302,1,300
298302,1,300
298302,1,300
298302,1,300
298440,1,300
298440,1,300
298440,1,300
298440,1,300
298440,1,300
298444,1,300
298616,1,300
298633,1,300
298633,1,300
298635,1,300
298636,1,300
298636,1,300
298636,1,300
298693,1,300
298693,1,300
298693,1,300
298693,1,300
298693,1,300
298742,1,300
298742,1,300
298742,1,300
298742,1,300
298862,1,300
298862,1,300
298869,1,300
298869,1,300
298869,1,300
298870,1,300
298870,1,300
298870,1,300
298871,1,300
298871,1,300
298877,1,300
298900,1,300
298904,1,300
298904,1,300
298904,1,300
298909,1,300
298995,1,300
298995,1,300
299081,1,300
