0,1,300
0,1,300
11,1,300
11,1,300
11,1,300
11,1,300
12,1,300
25,1,300
25,1,300
25,1,300
550,1,300
550,1,300
550,1,300
550,1,300
550,1,300
553,1,300
568,1,300
568,1,300
568,1,300
568,1,300
993,1,300
1116,1,300
1116,1,300
1116,1,300
1116,1,300
1116,1,300
1476,1,300
1696,1,300
1696,1,300
1696,1,300
1696,1,300
1808,1,300
1808,1,300
1814,1,300
1832,1,300
1832,1,300
1845,1,300
1845,1,300
1845,1,300
1867,1,300
1880,1,300
1933,1,300
1933,1,300
1933,1,300
1933,1,300
1933,1,300
1933,1,300
1982,1,300
2136,1,300
2136,1,300
2136,1,300
2136,1,300
2136,1,300
2325,1,300
2603,1,300
2603,1,300
2652,1,300
2652,1,300
2652,1,300
2666,1,300
3121,1,300
3121,1,300
3156,1,300
3239,1,300
3239,1,300
3240,1,300
3292,1,300
3296,1,300
3320,1,300
3320,1,300
3419,1,300
3433,1,300
3442,1,300
3446,1,300
3849,1,300
3849,1,300
3849,1,300
3849,1,300
4508,1,300
4508,1,300
4508,1,300
4512,1,300
4577,1,300
4577,1,300
4941,1,300
4945,1,300
4945,1,300
5110,1,300
5110,1,300
5110,1,300
5168,1,300
5611,1,300
5715,1,300
5746,1,300
5746,1,300
5746,1,300
5847,1,300
5931,1,300
5971,1,300
5971,1,300
5971,1,300
5971,1,300
5971,1,300
5971,1,300
5971,1,300
6647,1,300
6724,1,300
6731,1,300
6732,1,300
7480,1,300
7480,1,300
7480,1,300
7480,1,300
7491,1,300
7491,1,300
7491,1,300
7491,1,300
7491,1,300
7491,1,300
7537,1,300
7537,1,300
7542,1,300
7578,1,300
7578,1,300
7578,1,300
7585,1,300
7585,1,300
7603,1,300
7604,1,300
7604,1,300
7605,1,300
7607,1,300
7649,1,300
7827,1,300
7827,1,300
7833,1,300
7860,1,300
7860,1,300
7860,1,300
7887,1,300
7887,1,300
7889,1,300
7891,1,300
7891,1,300
7892,1,300
7928,1,300
7929,1,300
7929,1,300
7929,1,300
7938,1,300
8021,1,300
8590,1,300
8590,1,300
8590,1,300
8590,1,300
8591,1,300
8591,1,300
8612,1,300
9291,1,300
9439,1,300
9439,1,300
9439,1,300
9449,1,300
9449,1,300
9450,1,300
9450,1,300
9461,1,300
9462,1,300
9647,1,300
9647,1,300
9671,1,300
9671,1,300
10427,1,300
10431,1,300
10431,1,300
10432,1,300
10432,1,300
10437,1,300
10437,1,300
10437,1,300
10437,1,300
10437,1,300
10437,1,300
10450,1,300
10450,1,300
10450,1,300
10450,1,300
10450,1,300
10450,1,300
10514,1,300
10514,1,300
10514,1,300
10515,1,300
10645,1,300
10650,1,300
10651,1,300
10664,1,300
10664,1,300
10708,1,300
10711,1,300
10771,1,300
10877,1,300
10880,1,300
11011,1,300
11013,1,300
11247,1,300
11247,1,300
11247,1,300
11247,1,300
11634,1,300
11634,1,300
11634,1,300
11787,1,300
11796,1,300
11825,1,300
11827,1,300
11838,1,300
11838,1,300
12747,1,300
12747,1,300
12747,1,300
12747,1,300
12747,1,300
12912,1,300
12913,1,300
12934,1,300
12935,1,300
12935,1,300
12935,1,300
12935,1,300
13012,1,300
13013,1,300
13316,1,300
13346,1,300
13346,1,300
14071,1,300
14071,1,300
14071,1,300
14071,1,300
14071,1,300
14082,1,300
14082,1,300
14197,1,300
14197,1,300
14197,1,300
14197,1,300
14197,1,300
14198,1,300
14198,1,300
14198,1,300
14200,1,300
14223,1,300
14223,1,300
14225,1,300
14296,1,300
14296,1,300
14297,1,300
14301,1,300
14301,1,300
14301,1,300
14301,1,300
14301,1,300
14301,1,300
14331,1,300
14336,1,300
14336,1,300
14336,1,300
14356,1,300
14408,1,300
14409,1,300
14455,1,300
14470,1,300
14470,1,300
14582,1,300
14791,1,300
14791,1,300
14902,1,300
15040,1,300
15071,1,300
15573,1,300
15733,1,300
15830,1,300
15851,1,300
15852,1,300
15852,1,300
15852,1,300
15857,1,300
15857,1,300
15857,1,300
15857,1,300
15857,1,300
15857,1,300
15857,1,300
15857,1,300
15868,1,300
15904,1,300
15904,1,300
15904,1,300
15904,1,300
15908,1,300
15908,1,300
15909,1,300
15909,1,300
15909,1,300
15923,1,300
15923,1,300
15923,1,300
15923,1,300
15924,1,300
15931,1,300
15931,1,300
15931,1,300
15932,1,300
15937,1,300
16524,1,300
16528,1,300
16528,1,300
16528,1,300
16533,1,300
16533,1,300
16536,1,300
16536,1,300
16536,1,300
16828,1,300
17020,1,300
17078,1,300
17174,1,300
17178,1,300
17202,1,300
17203,1,300
17249,1,300
17249,1,300
17249,1,300
17250,1,300
17320,1,300
17434,1,300
17434,1,300
17434,1,300
17434,1,300
17434,1,300
17434,1,300
17434,1,300
17434,1,300
17598,1,300
17615,1,300
17879,1,300
17879,1,300
18030,1,300
18045,1,300
18077,1,300
18077,1,300
18077,1,300
18077,1,300
18115,1,300
18142,1,300
18142,1,300
18169,1,300
18183,1,300
18183,1,300
18183,1,300
18183,1,300
18544,1,300
18548,1,300
18548,1,300
18552,1,300
18559,1,300
18569,1,300
18584,1,300
18920,1,300
18920,1,300
18920,1,300
18920,1,300
18920,1,300
18920,1,300
18920,1,300
18920,1,300
18921,1,300
18922,1,300
18922,1,300
18922,1,300
18922,1,300
18922,1,300
18922,1,300
18922,1,300
18923,1,300
18923,1,300
18973,1,300
19013,1,300
19311,1,300
19311,1,300
19312,1,300
19314,1,300
19314,1,300
19314,1,300
19324,1,300
19349,1,300
19349,1,300
19362,1,300
19362,1,300
19372,1,300
19377,1,300
19638,1,300
19638,1,300
19660,1,300
19710,1,300
19730,1,300
19731,1,300
19731,1,300
19731,1,300
19731,1,300
19756,1,300
19783,1,300
19783,1,300
19783,1,300
19790,1,300
19790,1,300
19790,1,300
20005,1,300
20005,1,300
20171,1,300
20195,1,300
20195,1,300
20195,1,300
20195,1,300
20195,1,300
20207,1,300
20268,1,300
20269,1,300
20270,1,300
20270,1,300
20404,1,300
20421,1,300
20422,1,300
20422,1,300
20422,1,300
20427,1,300
20427,1,300
20427,1,300
20427,1,300
20427,1,300
20427,1,300
20427,1,300
20427,1,300
20427,1,300
20438,1,300
20438,1,300
20438,1,300
20449,1,300
20449,1,300
20449,1,300
20449,1,300
20449,1,300
20449,1,300
20515,1,300
20527,1,300
20580,1,300
20580,1,300
20580,1,300
20580,1,300
20581,1,300
20581,1,300
20635,1,300
20635,1,300
20635,1,300
20671,1,300
20701,1,300
20701,1,300
20709,1,300
21078,1,300
21102,1,300
21103,1,300
21103,1,300
21133,1,300
21133,1,300
21133,1,300
21133,1,300
21133,1,300
21134,1,300
21134,1,300
21148,1,300
21148,1,300
21162,1,300
21251,1,300
21251,1,300
21252,1,300
21252,1,300
21252,1,300
21260,1,300
21271,1,300
21271,1,300
21271,1,300
21271,1,300
21658,1,300
21658,1,300
22512,1,300
22516,1,300
22527,1,300
22528,1,300
22596,1,300
22653,1,300
22752,1,300
22752,1,300
22753,1,300
22753,1,300
22755,1,300
22755,1,300
22786,1,300
22786,1,300
22786,1,300
22795,1,300
22795,1,300
22918,1,300
22919,1,300
22919,1,300
22919,1,300
22919,1,300
22919,1,300
22919,1,300
22919,1,300
23073,1,300
23073,1,300
23342,1,300
23361,1,300
23361,1,300
23361,1,300
23361,1,300
23361,1,300
23361,1,300
23503,1,300
23503,1,300
23503,1,300
23505,1,300
23505,1,300
23505,1,300
23971,1,300
23973,1,300
23973,1,300
23977,1,300
23977,1,300
23977,1,300
24064,1,300
24064,1,300
24064,1,300
24068,1,300
24068,1,300
24068,1,300
24121,1,300
24121,1,300
24121,1,300
24121,1,300
24121,1,300
24121,1,300
24121,1,300
24123,1,300
24484,1,300
24484,1,300
24484,1,300
24484,1,300
25030,1,300
25030,1,300
25030,1,300
25030,1,300
25033,1,300
25039,1,300
25043,1,300
25044,1,300
25044,1,300
25110,1,300
25121,1,300
25221,1,300
25221,1,300
25221,1,300
25226,1,300
25226,1,300
25226,1,300
25234,1,300
25244,1,300
25244,1,300
25259,1,300
25314,1,300
25343,1,300
25343,1,300
25343,1,300
25343,1,300
25343,1,300
25343,1,300
25343,1,300
25352,1,300
25352,1,300
25405,1,300
25405,1,300
25407,1,300
25407,1,300
25545,1,300
25545,1,300
25545,1,300
25545,1,300
25563,1,300
25697,1,300
25697,1,300
25697,1,300
25697,1,300
25704,1,300
25707,1,300
25707,1,300
25709,1,300
25709,1,300
25715,1,300
25715,1,300
25719,1,300
26429,1,300
26429,1,300
26430,1,300
26430,1,300
26430,1,300
26472,1,300
26472,1,300
26472,1,300
26472,1,300
26593,1,300
26593,1,300
26620,1,300
26620,1,300
26620,1,300
26620,1,300
26621,1,300
26621,1,300
26635,1,300
26635,1,300
26635,1,300
26635,1,300
26635,1,300
26635,1,300
26635,1,300
26637,1,300
26645,1,300
26645,1,300
26648,1,300
26859,1,300
27269,1,300
27269,1,300
27269,1,300
27891,1,300
27891,1,300
27891,1,300
27891,1,300
27977,1,300
27977,1,300
27977,1,300
27977,1,300
27977,1,300
27977,1,300
27977,1,300
27977,1,300
27977,1,300
27977,1,300
27979,1,300
27986,1,300
27986,1,300
27986,1,300
27986,1,300
27986,1,300
27991,1,300
27991,1,300
28003,1,300
28102,1,300
28102,1,300
28102,1,300
28102,1,300
28217,1,300
28225,1,300
28226,1,300
28456,1,300
28479,1,300
28479,1,300
28479,1,300
28479,1,300
28479,1,300
28495,1,300
28496,1,300
28497,1,300
28514,1,300
28551,1,300
28633,1,300
28643,1,300
28665,1,300
28765,1,300
28768,1,300
28768,1,300
28768,1,300
28774,1,300
28774,1,300
28774,1,300
29644,1,300
29644,1,300
29645,1,300
29645,1,300
29646,1,300
29646,1,300
29646,1,300
29646,1,300
30025,1,300
30026,1,300
30026,1,300
30030,1,300
30076,1,300
30076,1,300
30076,1,300
30077,1,300
30077,1,300
30077,1,300
30082,1,300
30085,1,300
30838,1,300
30842,1,300
30842,1,300
31129,1,300
31159,1,300
31159,1,300
31159,1,300
31198,1,300
31198,1,300
31198,1,300
31198,1,300
31198,1,300
31497,1,300
31498,1,300
31974,1,300
31974,1,300
32082,1,300
32210,1,300
32291,1,300
32291,1,300
32291,1,300
32291,1,300
32291,1,300
32291,1,300
32324,1,300
32324,1,300
32324,1,300
32324,1,300
32408,1,300
32408,1,300
32454,1,300
32454,1,300
32462,1,300
32462,1,300
32462,1,300
32462,1,300
32462,1,300
33008,1,300
33012,1,300
33222,1,300
33253,1,300
33253,1,300
33467,1,300
33467,1,300
33467,1,300
33467,1,300
33469,1,300
33469,1,300
33469,1,300
33469,1,300
33469,1,300
33469,1,300
33469,1,300
33474,1,300
33474,1,300
33529,1,300
33529,1,300
33580,1,300
33580,1,300
33580,1,300
33583,1,300
33583,1,300
33583,1,300
33586,1,300
33586,1,300
33587,1,300
33587,1,300
33587,1,300
33587,1,300
33589,1,300
33589,1,300
33589,1,300
33589,1,300
33881,1,300
33881,1,300
33881,1,300
33895,1,300
33895,1,300
33895,1,300
33895,1,300
33895,1,300
34017,1,300
34089,1,300
34089,1,300
34089,1,300
34189,1,300
34189,1,300
34192,1,300
34203,1,300
34203,1,300
34203,1,300
34220,1,300
34356,1,300
34356,1,300
34356,1,300
34667,1,300
34667,1,300
34788,1,300
34788,1,300
34788,1,300
34788,1,300
34862,1,300
34862,1,300
34864,1,300
34864,1,300
34975,1,300
35042,1,300
35042,1,300
35042,1,300
35042,1,300
35042,1,300
35064,1,300
35126,1,300
35243,1,300
36161,1,300
36161,1,300
36162,1,300
36162,1,300
36162,1,300
36420,1,300
36430,1,300
36430,1,300
36456,1,300
36456,1,300
36492,1,300
36492,1,300
38635,1,300
38676,1,300
38676,1,300
38676,1,300
38676,1,300
38821,1,300
38821,1,300
38907,1,300
38916,1,300
38916,1,300
38929,1,300
38929,1,300
38929,1,300
38930,1,300
38987,1,300
38987,1,300
39034,1,300
39034,1,300
39048,1,300
39048,1,300
39048,1,300
39048,1,300
39048,1,300
39064,1,300
39228,1,300
39228,1,300
39253,1,300
39253,1,300
39253,1,300
39274,1,300
39307,1,300
39307,1,300
39335,1,300
39345,1,300
39345,1,300
39345,1,300
39346,1,300
39346,1,300
39544,1,300
39544,1,300
39729,1,300
39729,1,300
39729,1,300
39729,1,300
39729,1,300
39913,1,300
39924,1,300
39924,1,300
39957,1,300
39969,1,300
39969,1,300
40148,1,300
40164,1,300
40164,1,300
40164,1,300
40164,1,300
40164,1,300
40276,1,300
40277,1,300
40277,1,300
40325,1,300
40493,1,300
40640,1,300
40643,1,300
40910,1,300
40910,1,300
40910,1,300
40910,1,300
40910,1,300
40910,1,300
40910,1,300
40910,1,300
40910,1,300
40933,1,300
40933,1,300
41012,1,300
41019,1,300
41235,1,300
41235,1,300
41305,1,300
41374,1,300
41374,1,300
41374,1,300
41395,1,300
41511,1,300
41515,1,300
41516,1,300
41520,1,300
41623,1,300
41623,1,300
41686,1,300
41690,1,300
41690,1,300
41690,1,300
41690,1,300
41690,1,300
41691,1,300
41704,1,300
41705,1,300
41735,1,300
41788,1,300
41788,1,300
41794,1,300
41794,1,300
41796,1,300
41799,1,300
41805,1,300
41925,1,300
41925,1,300
41925,1,300
41927,1,300
41943,1,300
41943,1,300
43799,1,300
43799,1,300
43799,1,300
43801,1,300
43801,1,300
43802,1,300
43802,1,300
43802,1,300
43977,1,300
43997,1,300
44056,1,300
44307,1,300
44307,1,300
44307,1,300
44307,1,300
44307,1,300
44307,1,300
44315,1,300
44315,1,300
44373,1,300
44834,1,300
44834,1,300
44834,1,300
44834,1,300
44843,1,300
45177,1,300
45177,1,300
46109,1,300
46109,1,300
46109,1,300
46110,1,300
46110,1,300
46111,1,300
46111,1,300
46348,1,300
46348,1,300
46348,1,300
46349,1,300
46349,1,300
46349,1,300
46350,1,300
46350,1,300
46350,1,300
46350,1,300
46350,1,300
46521,1,300
46521,1,300
46521,1,300
46534,1,300
46554,1,300
46600,1,300
46600,1,300
47139,1,300
47139,1,300
47807,1,300
47811,1,300
47845,1,300
47845,1,300
47845,1,300
47896,1,300
47897,1,300
47897,1,300
47897,1,300
47936,1,300
47936,1,300
47936,1,300
47936,1,300
47936,1,300
47940,1,300
48234,1,300
48240,1,300
48276,1,300
48277,1,300
48277,1,300
48280,1,300
48283,1,300
48283,1,300
48283,1,300
48291,1,300
48324,1,300
48388,1,300
48388,1,300
48388,1,300
48388,1,300
48388,1,300
48388,1,300
48397,1,300
48397,1,300
48397,1,300
48494,1,300
48494,1,300
48497,1,300
48497,1,300
48574,1,300
48575,1,300
48575,1,300
48576,1,300
48578,1,300
48585,1,300
48585,1,300
48585,1,300
48585,1,300
48585,1,300
48585,1,300
48587,1,300
48587,1,300
48860,1,300
48863,1,300
48868,1,300
48868,1,300
48948,1,300
48957,1,300
48959,1,300
48959,1,300
48959,1,300
48959,1,300
49199,1,300
49199,1,300
49199,1,300
49202,1,300
49202,1,300
49202,1,300
49202,1,300
49202,1,300
49202,1,300
49202,1,300
49211,1,300
49211,1,300
49231,1,300
49231,1,300
49375,1,300
49376,1,300
49376,1,300
49376,1,300
49376,1,300
49382,1,300
49407,1,300
49454,1,300
49454,1,300
49454,1,300
49454,1,300
49454,1,300
49454,1,300
49455,1,300
49455,1,300
49455,1,300
49455,1,300
49459,1,300
49947,1,300
49947,1,300
49965,1,300
49965,1,300
49966,1,300
49966,1,300
49966,1,300
49966,1,300
49981,1,300
50148,1,300
50432,1,300
50432,1,300
50432,1,300
50432,1,300
50435,1,300
50435,1,300
50435,1,300
50436,1,300
50436,1,300
51834,1,300
51848,1,300
51850,1,300
51851,1,300
51859,1,300
51859,1,300
51859,1,300
51859,1,300
51866,1,300
51866,1,300
51866,1,300
51866,1,300
51866,1,300
51866,1,300
51866,1,300
51866,1,300
51866,1,300
51903,1,300
51903,1,300
51903,1,300
51903,1,300
51910,1,300
51910,1,300
51910,1,300
52245,1,300
52248,1,300
52260,1,300
52277,1,300
52278,1,300
52303,1,300
52303,1,300
52303,1,300
52303,1,300
52303,1,300
52315,1,300
52713,1,300
52970,1,300
52970,1,300
52978,1,300
53076,1,300
53076,1,300
53077,1,300
53152,1,300
53152,1,300
53152,1,300
53197,1,300
53250,1,300
53250,1,300
53253,1,300
53402,1,300
53415,1,300
53415,1,300
53415,1,300
53415,1,300
53415,1,300
53415,1,300
53415,1,300
53415,1,300
53415,1,300
53501,1,300
53501,1,300
53501,1,300
53501,1,300
53501,1,300
53501,1,300
53501,1,300
53501,1,300
53501,1,300
53501,1,300
53501,1,300
53841,1,300
53845,1,300
53845,1,300
53845,1,300
53845,1,300
53845,1,300
53858,1,300
54018,1,300
54018,1,300
54018,1,300
54018,1,300
54018,1,300
54025,1,300
54025,1,300
54025,1,300
54025,1,300
54034,1,300
54112,1,300
54133,1,300
54133,1,300
54133,1,300
54133,1,300
54133,1,300
54175,1,300
54436,1,300
54592,1,300
54593,1,300
54616,1,300
54616,1,300
54616,1,300
54616,1,300
54616,1,300
54648,1,300
54648,1,300
54648,1,300
54648,1,300
54652,1,300
54652,1,300
54895,1,300
54895,1,300
54895,1,300
54895,1,300
54895,1,300
55238,1,300
55238,1,300
55238,1,300
55238,1,300
55238,1,300
55238,1,300
55238,1,300
55238,1,300
55238,1,300
55238,1,300
55593,1,300
55596,1,300
55596,1,300
55599,1,300
55599,1,300
55600,1,300
55600,1,300
55600,1,300
55630,1,300
55922,1,300
55942,1,300
55944,1,300
55944,1,300
56034,1,300
56035,1,300
56035,1,300
56035,1,300
56035,1,300
56037,1,300
56037,1,300
56039,1,300
56039,1,300
56041,1,300
56041,1,300
56041,1,300
56041,1,300
56042,1,300
56050,1,300
56050,1,300
56050,1,300
56050,1,300
56050,1,300
56050,1,300
56050,1,300
56050,1,300
56159,1,300
56167,1,300
56167,1,300
56167,1,300
56167,1,300
56170,1,300
56170,1,300
56171,1,300
56171,1,300
56184,1,300
56218,1,300
56245,1,300
56246,1,300
56247,1,300
56525,1,300
56679,1,300
56787,1,300
56787,1,300
56787,1,300
56787,1,300
56787,1,300
56787,1,300
56954,1,300
56957,1,300
56957,1,300
56957,1,300
56957,1,300
57241,1,300
57241,1,300
57241,1,300
57241,1,300
57241,1,300
57241,1,300
57241,1,300
57263,1,300
57385,1,300
57385,1,300
57541,1,300
58371,1,300
58371,1,300
58405,1,300
58405,1,300
58405,1,300
58405,1,300
58405,1,300
58405,1,300
58677,1,300
58677,1,300
58678,1,300
58678,1,300
58965,1,300
58979,1,300
58979,1,300
58979,1,300
59162,1,300
59192,1,300
59200,1,300
59200,1,300
59200,1,300
59200,1,300
59261,1,300
59261,1,300
60423,1,300
60526,1,300
60526,1,300
60542,1,300
60584,1,300
60769,1,300
60773,1,300
61597,1,300
61598,1,300
61622,1,300
61622,1,300
61622,1,300
61632,1,300
61653,1,300
61653,1,300
62674,1,300
62674,1,300
62698,1,300
62698,1,300
64051,1,300
64051,1,300
64051,1,300
64051,1,300
64051,1,300
64196,1,300
64196,1,300
64198,1,300
64201,1,300
64214,1,300
64219,1,300
64241,1,300
64241,1,300
64241,1,300
64241,1,300
64249,1,300
64249,1,300
64271,1,300
64283,1,300
64283,1,300
64283,1,300
64283,1,300
64681,1,300
64681,1,300
64681,1,300
64681,1,300
64682,1,300
64682,1,300
64690,1,300
64691,1,300
64691,1,300
64691,1,300
64691,1,300
64753,1,300
64760,1,300
64761,1,300
64761,1,300
64822,1,300
64822,1,300
64892,1,300
64892,1,300
64953,1,300
64953,1,300
64953,1,300
64953,1,300
64953,1,300
64953,1,300
64953,1,300
64953,1,300
64958,1,300
64958,1,300
65322,1,300
65322,1,300
65322,1,300
65322,1,300
65322,1,300
65348,1,300
65348,1,300
65360,1,300
65360,1,300
65424,1,300
65653,1,300
65773,1,300
65773,1,300
66155,1,300
66155,1,300
66254,1,300
66254,1,300
66416,1,300
66417,1,300
66417,1,300
66417,1,300
66478,1,300
66478,1,300
66478,1,300
66478,1,300
66478,1,300
66509,1,300
66509,1,300
66535,1,300
66535,1,300
66584,1,300
66585,1,300
66585,1,300
66585,1,300
66585,1,300
66585,1,300
66592,1,300
66649,1,300
66649,1,300
66704,1,300
66830,1,300
66854,1,300
66855,1,300
66857,1,300
66862,1,300
66862,1,300
66946,1,300
66950,1,300
66973,1,300
66973,1,300
66973,1,300
66986,1,300
66988,1,300
66988,1,300
66988,1,300
66988,1,300
66988,1,300
67627,1,300
67627,1,300
67631,1,300
67634,1,300
67634,1,300
67637,1,300
67637,1,300
67637,1,300
67637,1,300
68222,1,300
68222,1,300
70775,1,300
70775,1,300
70775,1,300
70812,1,300
70830,1,300
70830,1,300
70830,1,300
70830,1,300
70892,1,300
70892,1,300
70892,1,300
71865,1,300
71865,1,300
71865,1,300
71905,1,300
71905,1,300
71905,1,300
71905,1,300
71905,1,300
71905,1,300
71905,1,300
71905,1,300
71907,1,300
72125,1,300
72125,1,300
72144,1,300
72144,1,300
72144,1,300
72144,1,300
72145,1,300
72146,1,300
72242,1,300
72242,1,300
72242,1,300
72242,1,300
72242,1,300
72332,1,300
72387,1,300
72874,1,300
74329,1,300
74747,1,300
74747,1,300
74747,1,300
74747,1,300
74747,1,300
74890,1,300
74890,1,300
74890,1,300
74890,1,300
75069,1,300
75106,1,300
75106,1,300
75106,1,300
75106,1,300
75630,1,300
75657,1,300
75700,1,300
75700,1,300
75700,1,300
75700,1,300
75701,1,300
75701,1,300
75840,1,300
76411,1,300
76411,1,300
76917,1,300
77591,1,300
77607,1,300
77698,1,300
77698,1,300
77698,1,300
77698,1,300
77698,1,300
77740,1,300
77740,1,300
77740,1,300
77740,1,300
77740,1,300
77740,1,300
77750,1,300
77789,1,300
77789,1,300
77789,1,300
77789,1,300
77789,1,300
77789,1,300
77789,1,300
77800,1,300
77906,1,300
77906,1,300
77958,1,300
77959,1,300
77959,1,300
77991,1,300
77991,1,300
77992,1,300
77992,1,300
78122,1,300
78123,1,300
78123,1,300
78133,1,300
78408,1,300
78408,1,300
78409,1,300
78409,1,300
78409,1,300
78409,1,300
78573,1,300
78574,1,300
78574,1,300
78740,1,300
78740,1,300
78751,1,300
78850,1,300
78850,1,300
78852,1,300
78852,1,300
78854,1,300
78854,1,300
78943,1,300
78943,1,300
78944,1,300
78944,1,300
78944,1,300
79035,1,300
79149,1,300
79149,1,300
79149,1,300
79149,1,300
79149,1,300
79298,1,300
79298,1,300
79303,1,300
79303,1,300
79477,1,300
79478,1,300
79478,1,300
79484,1,300
79484,1,300
79484,1,300
79564,1,300
79619,1,300
79619,1,300
79622,1,300
79622,1,300
79718,1,300
79718,1,300
79718,1,300
79718,1,300
79718,1,300
79718,1,300
79718,1,300
80003,1,300
80003,1,300
80003,1,300
80005,1,300
80069,1,300
80186,1,300
80186,1,300
80195,1,300
80195,1,300
80197,1,300
80729,1,300
80729,1,300
80730,1,300
80751,1,300
80752,1,300
80752,1,300
80752,1,300
80774,1,300
80774,1,300
80844,1,300
80845,1,300
80845,1,300
80845,1,300
80902,1,300
80902,1,300
81058,1,300
81058,1,300
81171,1,300
81171,1,300
81172,1,300
81174,1,300
81174,1,300
81177,1,300
81513,1,300
82219,1,300
82228,1,300
82234,1,300
82234,1,300
82234,1,300
82234,1,300
82565,1,300
82565,1,300
82565,1,300
82773,1,300
82773,1,300
82773,1,300
83280,1,300
83356,1,300
83483,1,300
83483,1,300
83485,1,300
83696,1,300
83696,1,300
83700,1,300
83700,1,300
83700,1,300
83708,1,300
83708,1,300
83708,1,300
83708,1,300
83708,1,300
83712,1,300
83712,1,300
83712,1,300
83925,1,300
83925,1,300
84473,1,300
84473,1,300
84475,1,300
84475,1,300
84482,1,300
84494,1,300
84494,1,300
84649,1,300
84679,1,300
84679,1,300
84720,1,300
84720,1,300
84720,1,300
84722,1,300
84722,1,300
84722,1,300
84722,1,300
84771,1,300
84771,1,300
84772,1,300
84875,1,300
84875,1,300
84875,1,300
84987,1,300
84988,1,300
85105,1,300
85157,1,300
85157,1,300
85157,1,300
85157,1,300
85157,1,300
85157,1,300
85157,1,300
85157,1,300
85157,1,300
85157,1,300
85166,1,300
85166,1,300
85188,1,300
85373,1,300
85419,1,300
85495,1,300
85495,1,300
85495,1,300
85495,1,300
85495,1,300
85495,1,300
85497,1,300
85857,1,300
85857,1,300
85858,1,300
85864,1,300
85864,1,300
85864,1,300
85874,1,300
85874,1,300
85875,1,300
85875,1,300
85875,1,300
85998,1,300
85998,1,300
86076,1,300
86078,1,300
86078,1,300
86496,1,300
86729,1,300
86819,1,300
86819,1,300
86854,1,300
86854,1,300
86978,1,300
87007,1,300
87007,1,300
87007,1,300
87007,1,300
87007,1,300
87007,1,300
87007,1,300
87007,1,300
87007,1,300
87050,1,300
87050,1,300
87050,1,300
87050,1,300
87050,1,300
87050,1,300
87050,1,300
87080,1,300
87096,1,300
87096,1,300
87096,1,300
87096,1,300
87096,1,300
87097,1,300
87097,1,300
87472,1,300
87472,1,300
87472,1,300
87475,1,300
87475,1,300
87475,1,300
87475,1,300
87475,1,300
87475,1,300
87497,1,300
87497,1,300
87497,1,300
87908,1,300
87908,1,300
87909,1,300
88232,1,300
88232,1,300
88246,1,300
88246,1,300
88286,1,300
88286,1,300
88708,1,300
88709,1,300
88709,1,300
88709,1,300
88709,1,300
88712,1,300
88712,1,300
88712,1,300
88832,1,300
88900,1,300
88900,1,300
88900,1,300
88900,1,300
88900,1,300
88900,1,300
88929,1,300
88935,1,300
88940,1,300
88940,1,300
89268,1,300
89268,1,300
89268,1,300
89268,1,300
89268,1,300
89268,1,300
89268,1,300
89268,1,300
89454,1,300
89454,1,300
89454,1,300
90369,1,300
90371,1,300
90452,1,300
90452,1,300
90452,1,300
90478,1,300
90534,1,300
90534,1,300
90534,1,300
90690,1,300
90690,1,300
90690,1,300
90690,1,300
90690,1,300
90727,1,300
90727,1,300
90727,1,300
90844,1,300
90844,1,300
90844,1,300
90844,1,300
90844,1,300
90844,1,300
90861,1,300
90861,1,300
90862,1,300
91228,1,300
91228,1,300
91366,1,300
91366,1,300
91381,1,300
91381,1,300
91389,1,300
91457,1,300
91457,1,300
91457,1,300
92110,1,300
92115,1,300
92146,1,300
92146,1,300
92147,1,300
92343,1,300
92345,1,300
92345,1,300
92345,1,300
92345,1,300
92345,1,300
92397,1,300
92397,1,300
92397,1,300
92397,1,300
92397,1,300
92397,1,300
92398,1,300
92398,1,300
92400,1,300
92403,1,300
92403,1,300
92552,1,300
92552,1,300
92552,1,300
93084,1,300
93084,1,300
93084,1,300
93090,1,300
93146,1,300
93146,1,300
93147,1,300
93214,1,300
93214,1,300
93214,1,300
93306,1,300
93313,1,300
93313,1,300
93313,1,300
93314,1,300
93314,1,300
93314,1,300
93822,1,300
93829,1,300
93867,1,300
94190,1,300
94332,1,300
94336,1,300
94336,1,300
94554,1,300
94554,1,300
94878,1,300
95108,1,300
95108,1,300
95132,1,300
95132,1,300
95132,1,300
95400,1,300
95405,1,300
95405,1,300
96052,1,300
96069,1,300
96179,1,300
96223,1,300
96898,1,300
96898,1,300
96898,1,300
97237,1,300
97237,1,300
97237,1,300
97237,1,300
97272,1,300
97276,1,300
97276,1,300
97276,1,300
97276,1,300
97276,1,300
97362,1,300
97368,1,300
97368,1,300
97368,1,300
97372,1,300
97492,1,300
97492,1,300
97493,1,300
97498,1,300
97498,1,300
97498,1,300
97602,1,300
97687,1,300
97722,1,300
97722,1,300
98045,1,300
98045,1,300
98045,1,300
98061,1,300
98244,1,300
98244,1,300
98244,1,300
98244,1,300
98246,1,300
98246,1,300
98247,1,300
98247,1,300
98250,1,300
98315,1,300
98332,1,300
98332,1,300
98334,1,300
98334,1,300
98334,1,300
98344,1,300
98346,1,300
98346,1,300
98346,1,300
98346,1,300
98346,1,300
98346,1,300
98347,1,300
98365,1,300
98365,1,300
98365,1,300
98366,1,300
98366,1,300
98461,1,300
98469,1,300
98469,1,300
98707,1,300
98719,1,300
98719,1,300
98902,1,300
98902,1,300
99049,1,300
99049,1,300
99094,1,300
99100,1,300
99100,1,300
99100,1,300
99100,1,300
99102,1,300
99102,1,300
99102,1,300
99102,1,300
99102,1,300
99102,1,300
99102,1,300
99103,1,300
99103,1,300
99103,1,300
99103,1,300
99111,1,300
99148,1,300
99150,1,300
99150,1,300
99150,1,300
99150,1,300
99151,1,300
99153,1,300
99153,1,300
99254,1,300
99254,1,300
99318,1,300
99321,1,300
99321,1,300
99321,1,300
99786,1,300
99832,1,300
99832,1,300
99832,1,300
99832,1,300
99845,1,300
99845,1,300
99851,1,300
99851,1,300
99851,1,300
100000,1,300
100477,1,300
100505,1,300
100579,1,300
100775,1,300
100775,1,300
100775,1,300
100775,1,300
100775,1,300
100775,1,300
100781,1,300
100788,1,300
100899,1,300
100914,1,300
100915,1,300
100932,1,300
100932,1,300
100933,1,300
100933,1,300
100988,1,300
100989,1,300
100989,1,300
100989,1,300
100990,1,300
100990,1,300
101863,1,300
101863,1,300
101872,1,300
101872,1,300
101872,1,300
101872,1,300
101872,1,300
101874,1,300
101874,1,300
101874,1,300
101874,1,300
101874,1,300
101874,1,300
101874,1,300
101874,1,300
101874,1,300
102009,1,300
102601,1,300
102601,1,300
102601,1,300
102601,1,300
102601,1,300
102603,1,300
102603,1,300
102603,1,300
102603,1,300
102603,1,300
102603,1,300
102603,1,300
102603,1,300
102621,1,300
102621,1,300
102680,1,300
102683,1,300
102683,1,300
102758,1,300
102824,1,300
102824,1,300
102824,1,300
102825,1,300
102828,1,300
102928,1,300
102929,1,300
102929,1,300
102930,1,300
102930,1,300
102930,1,300
102932,1,300
102948,1,300
102956,1,300
102956,1,300
102956,1,300
102956,1,300
102956,1,300
102956,1,300
102957,1,300
102957,1,300
103031,1,300
103031,1,300
103031,1,300
103107,1,300
103107,1,300
103120,1,300
103121,1,300
103138,1,300
103169,1,300
103169,1,300
103169,1,300
103169,1,300
103169,1,300
103748,1,300
103748,1,300
103755,1,300
103755,1,300
103755,1,300
103755,1,300
103755,1,300
103755,1,300
103821,1,300
103822,1,300
103827,1,300
103827,1,300
103827,1,300
104853,1,300
104853,1,300
104853,1,300
104853,1,300
104853,1,300
104853,1,300
104918,1,300
104918,1,300
104919,1,300
105053,1,300
105102,1,300
105115,1,300
105116,1,300
105116,1,300
105116,1,300
105120,1,300
105120,1,300
105121,1,300
105691,1,300
105691,1,300
105691,1,300
105691,1,300
105693,1,300
105693,1,300
105693,1,300
105693,1,300
105697,1,300
105697,1,300
105718,1,300
105729,1,300
105738,1,300
105738,1,300
105738,1,300
105738,1,300
105738,1,300
105738,1,300
106401,1,300
106469,1,300
106469,1,300
106567,1,300
106567,1,300
106567,1,300
106570,1,300
106570,1,300
106570,1,300
106597,1,300
106597,1,300
106603,1,300
106604,1,300
106622,1,300
106622,1,300
106759,1,300
106763,1,300
106763,1,300
106763,1,300
106763,1,300
106763,1,300
106788,1,300
106792,1,300
106815,1,300
107030,1,300
107047,1,300
107047,1,300
107047,1,300
107047,1,300
107047,1,300
107047,1,300
107047,1,300
107047,1,300
107047,1,300
107047,1,300
107053,1,300
107053,1,300
107058,1,300
107068,1,300
107068,1,300
107087,1,300
107087,1,300
107100,1,300
107100,1,300
107100,1,300
107106,1,300
107449,1,300
107449,1,300
107476,1,300
107479,1,300
107479,1,300
107483,1,300
107506,1,300
107506,1,300
107715,1,300
107715,1,300
107833,1,300
107833,1,300
109093,1,300
109107,1,300
109352,1,300
109524,1,300
109524,1,300
109524,1,300
109524,1,300
109524,1,300
109525,1,300
109525,1,300
109525,1,300
109525,1,300
109653,1,300
109653,1,300
109653,1,300
109653,1,300
109653,1,300
109653,1,300
109653,1,300
109740,1,300
109740,1,300
109740,1,300
109740,1,300
109837,1,300
109853,1,300
109853,1,300
109853,1,300
109854,1,300
109854,1,300
109855,1,300
109855,1,300
109855,1,300
109855,1,300
109855,1,300
110589,1,300
110603,1,300
110603,1,300
110613,1,300
110613,1,300
110761,1,300
110761,1,300
110761,1,300
110761,1,300
110761,1,300
110761,1,300
111218,1,300
111230,1,300
111230,1,300
111247,1,300
111589,1,300
111589,1,300
111595,1,300
111596,1,300
111681,1,300
111691,1,300
111691,1,300
111717,1,300
111814,1,300
111814,1,300
112630,1,300
112630,1,300
112631,1,300
112631,1,300
112631,1,300
112652,1,300
112652,1,300
112735,1,300
112737,1,300
112737,1,300
112738,1,300
112738,1,300
112738,1,300
112738,1,300
112738,1,300
112738,1,300
112739,1,300
112740,1,300
112740,1,300
112740,1,300
112740,1,300
112795,1,300
112795,1,300
112795,1,300
112799,1,300
112799,1,300
112813,1,300
112813,1,300
112888,1,300
112889,1,300
112889,1,300
112889,1,300
112889,1,300
113022,1,300
113153,1,300
113179,1,300
113179,1,300
113186,1,300
113195,1,300
114132,1,300
114132,1,300
114132,1,300
114247,1,300
114247,1,300
114460,1,300
114460,1,300
114460,1,300
114460,1,300
114460,1,300
114486,1,300
114486,1,300
114892,1,300
114892,1,300
114892,1,300
114892,1,300
114892,1,300
114892,1,300
114902,1,300
114902,1,300
114902,1,300
114905,1,300
114905,1,300
114905,1,300
114905,1,300
114905,1,300
115006,1,300
115006,1,300
115211,1,300
115211,1,300
115212,1,300
115288,1,300
115295,1,300
115295,1,300
115295,1,300
115296,1,300
115296,1,300
115296,1,300
115296,1,300
115296,1,300
115296,1,300
115296,1,300
115314,1,300
115314,1,300
115315,1,300
115317,1,300
115318,1,300
115319,1,300
115527,1,300
115527,1,300
115527,1,300
115527,1,300
115530,1,300
115538,1,300
115538,1,300
115538,1,300
115602,1,300
115654,1,300
115654,1,300
115654,1,300
115656,1,300
115758,1,300
115758,1,300
115941,1,300
115941,1,300
115941,1,300
115984,1,300
116014,1,300
116014,1,300
116150,1,300
116150,1,300
116165,1,300
116165,1,300
116265,1,300
116265,1,300
116265,1,300
116270,1,300
116270,1,300
116353,1,300
116353,1,300
116353,1,300
116353,1,300
116353,1,300
116354,1,300
116843,1,300
116843,1,300
116879,1,300
116879,1,300
116879,1,300
116879,1,300
117030,1,300
117030,1,300
117030,1,300
117030,1,300
117030,1,300
117030,1,300
117033,1,300
117033,1,300
117215,1,300
117215,1,300
117215,1,300
117215,1,300
117215,1,300
117216,1,300
117216,1,300
117223,1,300
117223,1,300
117223,1,300
117270,1,300
117270,1,300
117306,1,300
117307,1,300
117307,1,300
117307,1,300
117307,1,300
117911,1,300
118603,1,300
118607,1,300
118610,1,300
118610,1,300
118673,1,300
118673,1,300
118813,1,300
118813,1,300
118841,1,300
118841,1,300
118854,1,300
118854,1,300
119121,1,300
119221,1,300
119221,1,300
119221,1,300
119221,1,300
119295,1,300
119296,1,300
119296,1,300
119324,1,300
119324,1,300
119324,1,300
119341,1,300
119341,1,300
119445,1,300
119445,1,300
119445,1,300
119445,1,300
119551,1,300
119551,1,300
119551,1,300
119551,1,300
119579,1,300
119636,1,300
119712,1,300
119712,1,300
119849,1,300
119849,1,300
119975,1,300
119975,1,300
120014,1,300
120134,1,300
120134,1,300
120134,1,300
120355,1,300
120424,1,300
120610,1,300
120610,1,300
120610,1,300
120713,1,300
120979,1,300
120992,1,300
120992,1,300
120992,1,300
120992,1,300
120992,1,300
121138,1,300
121911,1,300
121911,1,300
121911,1,300
121912,1,300
122008,1,300
122008,1,300
122115,1,300
122115,1,300
122120,1,300
122120,1,300
122147,1,300
122205,1,300
122222,1,300
122222,1,300
122223,1,300
122223,1,300
122223,1,300
122231,1,300
122231,1,300
122231,1,300
122373,1,300
122374,1,300
122374,1,300
122387,1,300
122387,1,300
122387,1,300
122388,1,300
122388,1,300
122388,1,300
122389,1,300
122389,1,300
122389,1,300
122581,1,300
122587,1,300
122587,1,300
122680,1,300
122688,1,300
122688,1,300
122688,1,300
122802,1,300
122802,1,300
122802,1,300
122802,1,300
122802,1,300
122802,1,300
122802,1,300
122802,1,300
122802,1,300
122802,1,300
122802,1,300
122802,1,300
122802,1,300
122802,1,300
122817,1,300
122817,1,300
122928,1,300
122928,1,300
122928,1,300
122928,1,300
122928,1,300
122937,1,300
122970,1,300
123187,1,300
123187,1,300
123188,1,300
123188,1,300
123188,1,300
123194,1,300
123194,1,300
123195,1,300
124021,1,300
124325,1,300
124325,1,300
124412,1,300
124412,1,300
124412,1,300
124426,1,300
124440,1,300
124820,1,300
124820,1,300
124975,1,300
125119,1,300
125119,1,300
125119,1,300
125119,1,300
125119,1,300
125119,1,300
125119,1,300
125205,1,300
125205,1,300
125205,1,300
125205,1,300
125257,1,300
125257,1,300
125257,1,300
125257,1,300
125257,1,300
125258,1,300
125258,1,300
125296,1,300
125296,1,300
125296,1,300
125296,1,300
125350,1,300
125350,1,300
125351,1,300
125491,1,300
125494,1,300
125494,1,300
125495,1,300
125495,1,300
125495,1,300
125586,1,300
125589,1,300
125589,1,300
125589,1,300
125589,1,300
125589,1,300
125589,1,300
125604,1,300
125604,1,300
125609,1,300
125609,1,300
125609,1,300
125623,1,300
125626,1,300
125626,1,300
125630,1,300
125630,1,300
125711,1,300
125717,1,300
125724,1,300
125750,1,300
126708,1,300
126708,1,300
126708,1,300
126708,1,300
126708,1,300
126708,1,300
126708,1,300
126711,1,300
126711,1,300
126711,1,300
126795,1,300
127936,1,300
127952,1,300
128190,1,300
128804,1,300
128804,1,300
128805,1,300
128805,1,300
128805,1,300
128805,1,300
128805,1,300
128805,1,300
128824,1,300
128824,1,300
128826,1,300
128827,1,300
128827,1,300
128831,1,300
128831,1,300
128831,1,300
128832,1,300
128832,1,300
128832,1,300
129104,1,300
129104,1,300
129104,1,300
129121,1,300
129121,1,300
129121,1,300
129170,1,300
129211,1,300
129211,1,300
129212,1,300
129212,1,300
129212,1,300
129228,1,300
130232,1,300
130232,1,300
130232,1,300
130233,1,300
130234,1,300
130234,1,300
130239,1,300
130239,1,300
130239,1,300
130239,1,300
130246,1,300
130250,1,300
130326,1,300
130326,1,300
130326,1,300
130369,1,300
130369,1,300
130373,1,300
130382,1,300
130382,1,300
130387,1,300
130387,1,300
130388,1,300
130388,1,300
130388,1,300
130394,1,300
130394,1,300
130395,1,300
130436,1,300
130436,1,300
130436,1,300
130840,1,300
130841,1,300
131112,1,300
131138,1,300
131145,1,300
131380,1,300
131502,1,300
131502,1,300
131557,1,300
131563,1,300
131573,1,300
131575,1,300
131575,1,300
131575,1,300
131575,1,300
131575,1,300
131575,1,300
131575,1,300
131575,1,300
131698,1,300
131866,1,300
131866,1,300
131866,1,300
131866,1,300
131866,1,300
131866,1,300
131960,1,300
131960,1,300
131960,1,300
132014,1,300
132024,1,300
132024,1,300
132024,1,300
132024,1,300
132045,1,300
132045,1,300
132099,1,300
132099,1,300
132155,1,300
132155,1,300
132155,1,300
132228,1,300
132228,1,300
132228,1,300
132237,1,300
132237,1,300
132237,1,300
132237,1,300
132237,1,300
132282,1,300
132286,1,300
132288,1,300
132288,1,300
132288,1,300
132333,1,300
132333,1,300
132375,1,300
132375,1,300
132375,1,300
132375,1,300
132644,1,300
132646,1,300
132646,1,300
132646,1,300
132648,1,300
132648,1,300
133608,1,300
133615,1,300
133615,1,300
133745,1,300
133745,1,300
133745,1,300
133745,1,300
134636,1,300
134640,1,300
134722,1,300
134722,1,300
134722,1,300
134722,1,300
134730,1,300
134758,1,300
134758,1,300
134963,1,300
134972,1,300
134973,1,300
134973,1,300
134973,1,300
134977,1,300
134977,1,300
134982,1,300
135159,1,300
135163,1,300
135163,1,300
135163,1,300
135169,1,300
135239,1,300
135281,1,300
135493,1,300
135503,1,300
135835,1,300
135839,1,300
136137,1,300
136137,1,300
136167,1,300
136167,1,300
136168,1,300
136168,1,300
136168,1,300
136270,1,300
136270,1,300
136288,1,300
136528,1,300
136537,1,300
136547,1,300
136547,1,300
136549,1,300
136642,1,300
136642,1,300
136642,1,300
136642,1,300
136654,1,300
136654,1,300
136654,1,300
136654,1,300
136654,1,300
136659,1,300
136659,1,300
136661,1,300
136661,1,300
136688,1,300
137037,1,300
137037,1,300
137037,1,300
137037,1,300
137037,1,300
137041,1,300
137044,1,300
137057,1,300
137057,1,300
137057,1,300
137057,1,300
137071,1,300
137306,1,300
137306,1,300
137306,1,300
137306,1,300
137306,1,300
137306,1,300
137306,1,300
137306,1,300
137306,1,300
137334,1,300
137334,1,300
137334,1,300
137344,1,300
137344,1,300
139177,1,300
139177,1,300
139178,1,300
139178,1,300
139178,1,300
139197,1,300
139197,1,300
139199,1,300
139199,1,300
139199,1,300
139199,1,300
139211,1,300
139214,1,300
139262,1,300
139262,1,300
139264,1,300
139264,1,300
139264,1,300
139264,1,300
139266,1,300
139268,1,300
139268,1,300
139469,1,300
139469,1,300
139470,1,300
139470,1,300
139473,1,300
139474,1,300
139474,1,300
139474,1,300
139617,1,300
139983,1,300
140013,1,300
140013,1,300
140014,1,300
140014,1,300
140030,1,300
140030,1,300
140032,1,300
140033,1,300
140036,1,300
140123,1,300
140123,1,300
140127,1,300
140127,1,300
140127,1,300
140138,1,300
140138,1,300
140138,1,300
140138,1,300
140140,1,300
140142,1,300
140142,1,300
140247,1,300
140247,1,300
140247,1,300
140294,1,300
140297,1,300
140414,1,300
140414,1,300
140419,1,300
140449,1,300
140449,1,300
140449,1,300
140494,1,300
140502,1,300
140574,1,300
140574,1,300
140856,1,300
140856,1,300
140856,1,300
140874,1,300
140904,1,300
140904,1,300
140905,1,300
141220,1,300
141283,1,300
141311,1,300
141311,1,300
141317,1,300
142722,1,300
142722,1,300
142909,1,300
143000,1,300
143000,1,300
143013,1,300
143013,1,300
143013,1,300
143013,1,300
143027,1,300
143027,1,300
143118,1,300
143121,1,300
143121,1,300
143125,1,300
143126,1,300
143126,1,300
143126,1,300
143128,1,300
143128,1,300
143128,1,300
143128,1,300
143281,1,300
143282,1,300
143282,1,300
143727,1,300
143769,1,300
144025,1,300
144025,1,300
144025,1,300
144025,1,300
144025,1,300
144025,1,300
144061,1,300
144061,1,300
144061,1,300
144096,1,300
144687,1,300
144809,1,300
144809,1,300
144978,1,300
144989,1,300
144989,1,300
146037,1,300
146037,1,300
146043,1,300
146054,1,300
146058,1,300
146112,1,300
146114,1,300
146148,1,300
146148,1,300
146148,1,300
146148,1,300
146191,1,300
146191,1,300
146191,1,300
146194,1,300
146194,1,300
146194,1,300
146201,1,300
146201,1,300
146201,1,300
146204,1,300
146208,1,300
146273,1,300
146321,1,300
146321,1,300
146325,1,300
146325,1,300
146328,1,300
147316,1,300
147316,1,300
147316,1,300
147325,1,300
147325,1,300
147325,1,300
147325,1,300
147325,1,300
147331,1,300
147331,1,300
147332,1,300
147332,1,300
148266,1,300
148268,1,300
148309,1,300
148309,1,300
149657,1,300
149657,1,300
149657,1,300
150049,1,300
150049,1,300
150049,1,300
150049,1,300
150049,1,300
150049,1,300
150049,1,300
150049,1,300
150051,1,300
150051,1,300
150051,1,300
150051,1,300
150068,1,300
150068,1,300
150068,1,300
150068,1,300
150140,1,300
150236,1,300
150236,1,300
150236,1,300
150236,1,300
150244,1,300
150244,1,300
150244,1,300
150271,1,300
150271,1,300
150271,1,300
150271,1,300
150274,1,300
150274,1,300
150274,1,300
150274,1,300
150274,1,300
150274,1,300
150274,1,300
150274,1,300
150276,1,300
150276,1,300
152143,1,300
152146,1,300
152152,1,300
152152,1,300
152152,1,300
152152,1,300
152154,1,300
152154,1,300
152707,1,300
152707,1,300
152707,1,300
152971,1,300
152971,1,300
152971,1,300
152972,1,300
152983,1,300
152983,1,300
153073,1,300
153073,1,300
153073,1,300
153091,1,300
153091,1,300
153091,1,300
153132,1,300
153155,1,300
153155,1,300
153155,1,300
153155,1,300
153155,1,300
153210,1,300
153210,1,300
153226,1,300
153226,1,300
154268,1,300
154268,1,300
154268,1,300
154286,1,300
154286,1,300
154715,1,300
154715,1,300
154715,1,300
154716,1,300
154717,1,300
154717,1,300
154717,1,300
154717,1,300
154717,1,300
154717,1,300
154745,1,300
154745,1,300
155042,1,300
155042,1,300
155042,1,300
155042,1,300
155042,1,300
155267,1,300
155267,1,300
155267,1,300
155267,1,300
155534,1,300
155534,1,300
155648,1,300
155671,1,300
156512,1,300
156512,1,300
156723,1,300
156822,1,300
156823,1,300
156823,1,300
156823,1,300
156823,1,300
156823,1,300
156823,1,300
156823,1,300
156825,1,300
156828,1,300
156828,1,300
157134,1,300
157391,1,300
157391,1,300
157391,1,300
157391,1,300
157391,1,300
157391,1,300
157391,1,300
157464,1,300
157467,1,300
157469,1,300
157469,1,300
157470,1,300
157470,1,300
157470,1,300
157470,1,300
157594,1,300
157604,1,300
157604,1,300
157604,1,300
157604,1,300
157604,1,300
158002,1,300
158002,1,300
158002,1,300
158002,1,300
158002,1,300
158002,1,300
158002,1,300
158002,1,300
158002,1,300
158049,1,300
158063,1,300
158063,1,300
158063,1,300
158063,1,300
158271,1,300
158273,1,300
158308,1,300
158312,1,300
158312,1,300
158378,1,300
158378,1,300
158509,1,300
158509,1,300
158775,1,300
158778,1,300
158778,1,300
158778,1,300
159391,1,300
159391,1,300
159391,1,300
159391,1,300
159399,1,300
159399,1,300
159399,1,300
159574,1,300
159575,1,300
159575,1,300
159577,1,300
159579,1,300
159580,1,300
159580,1,300
159581,1,300
160059,1,300
160061,1,300
160061,1,300
160063,1,300
160063,1,300
160063,1,300
160582,1,300
160582,1,300
160597,1,300
160597,1,300
160598,1,300
160598,1,300
160598,1,300
160598,1,300
160598,1,300
160848,1,300
160850,1,300
160850,1,300
160850,1,300
160866,1,300
160866,1,300
160866,1,300
160867,1,300
160882,1,300
160883,1,300
160883,1,300
160883,1,300
160883,1,300
160929,1,300
160929,1,300
160929,1,300
160929,1,300
160929,1,300
160929,1,300
160953,1,300
160954,1,300
160954,1,300
160959,1,300
160961,1,300
160963,1,300
160964,1,300
160966,1,300
160966,1,300
160978,1,300
161042,1,300
161043,1,300
161043,1,300
161046,1,300
161051,1,300
161051,1,300
161108,1,300
161113,1,300
161265,1,300
161270,1,300
161270,1,300
161271,1,300
161274,1,300
161274,1,300
161274,1,300
161274,1,300
161302,1,300
161302,1,300
162287,1,300
162307,1,300
162311,1,300
162312,1,300
162312,1,300
162318,1,300
162321,1,300
162598,1,300
162609,1,300
162609,1,300
162609,1,300
162685,1,300
162685,1,300
162685,1,300
162728,1,300
162728,1,300
162728,1,300
162728,1,300
162728,1,300
162728,1,300
163583,1,300
163583,1,300
163643,1,300
163643,1,300
163656,1,300
163656,1,300
163656,1,300
163656,1,300
163671,1,300
163672,1,300
163672,1,300
163672,1,300
163672,1,300
163673,1,300
163673,1,300
163727,1,300
163727,1,300
163727,1,300
163727,1,300
164003,1,300
164004,1,300
164004,1,300
164004,1,300
164022,1,300
164022,1,300
164024,1,300
164035,1,300
164077,1,300
164087,1,300
164096,1,300
164115,1,300
164115,1,300
165212,1,300
165214,1,300
165214,1,300
165230,1,300
165240,1,300
165240,1,300
165240,1,300
165261,1,300
165261,1,300
165261,1,300
165261,1,300
165262,1,300
165380,1,300
165380,1,300
165826,1,300
165826,1,300
165878,1,300
165879,1,300
165879,1,300
165879,1,300
165881,1,300
165881,1,300
165882,1,300
165882,1,300
165883,1,300
165972,1,300
165972,1,300
165991,1,300
165991,1,300
165991,1,300
165991,1,300
165991,1,300
165991,1,300
165991,1,300
165992,1,300
165993,1,300
166004,1,300
166004,1,300
166102,1,300
166102,1,300
166105,1,300
166114,1,300
166129,1,300
166129,1,300
166129,1,300
166193,1,300
166193,1,300
166193,1,300
166262,1,300
166290,1,300
166291,1,300
166393,1,300
166393,1,300
166402,1,300
166402,1,300
166418,1,300
166454,1,300
166454,1,300
166454,1,300
166454,1,300
166454,1,300
166454,1,300
166635,1,300
166652,1,300
166652,1,300
166652,1,300
166653,1,300
166653,1,300
166654,1,300
166654,1,300
166654,1,300
166654,1,300
166654,1,300
166654,1,300
166663,1,300
166663,1,300
166668,1,300
166679,1,300
166680,1,300
166744,1,300
166815,1,300
166815,1,300
166845,1,300
166845,1,300
166865,1,300
166865,1,300
166867,1,300
166867,1,300
166868,1,300
166868,1,300
166949,1,300
166949,1,300
168233,1,300
168518,1,300
168518,1,300
168518,1,300
168518,1,300
168571,1,300
168737,1,300
168998,1,300
169263,1,300
169314,1,300
169314,1,300
169314,1,300
169344,1,300
169886,1,300
170260,1,300
170260,1,300
170441,1,300
170450,1,300
170490,1,300
170499,1,300
170499,1,300
170509,1,300
170509,1,300
170509,1,300
170515,1,300
170515,1,300
170515,1,300
170515,1,300
170515,1,300
170545,1,300
170545,1,300
170545,1,300
170576,1,300
170576,1,300
170576,1,300
170593,1,300
170604,1,300
170782,1,300
170782,1,300
171248,1,300
171248,1,300
171248,1,300
171381,1,300
171433,1,300
171434,1,300
171434,1,300
171434,1,300
171466,1,300
172049,1,300
172058,1,300
172058,1,300
172058,1,300
172058,1,300
172068,1,300
172068,1,300
172081,1,300
172081,1,300
172097,1,300
172148,1,300
172148,1,300
172148,1,300
172188,1,300
172190,1,300
172204,1,300
172551,1,300
172551,1,300
173697,1,300
173697,1,300
173714,1,300
173714,1,300
173714,1,300
173714,1,300
173741,1,300
173741,1,300
173741,1,300
173760,1,300
173840,1,300
173840,1,300
173863,1,300
173864,1,300
173891,1,300
173961,1,300
173961,1,300
173961,1,300
173961,1,300
173961,1,300
173961,1,300
176007,1,300
176033,1,300
176181,1,300
176187,1,300
176206,1,300
176206,1,300
176206,1,300
176206,1,300
176206,1,300
176206,1,300
176206,1,300
176206,1,300
176408,1,300
176408,1,300
176408,1,300
176408,1,300
176408,1,300
176408,1,300
176408,1,300
176408,1,300
176408,1,300
176409,1,300
176523,1,300
176996,1,300
177034,1,300
177127,1,300
177127,1,300
177150,1,300
177158,1,300
177161,1,300
177190,1,300
177190,1,300
177190,1,300
177326,1,300
177326,1,300
177326,1,300
177326,1,300
177326,1,300
177326,1,300
177326,1,300
177482,1,300
177482,1,300
177482,1,300
177787,1,300
177787,1,300
177900,1,300
177900,1,300
177900,1,300
177900,1,300
177910,1,300
177911,1,300
177911,1,300
177911,1,300
177911,1,300
177911,1,300
179341,1,300
179342,1,300
179378,1,300
179378,1,300
179378,1,300
179379,1,300
179379,1,300
179508,1,300
179508,1,300
179508,1,300
179616,1,300
179617,1,300
179617,1,300
179658,1,300
179658,1,300
179682,1,300
179876,1,300
179880,1,300
179880,1,300
180023,1,300
180024,1,300
180024,1,300
180037,1,300
180037,1,300
180181,1,300
180182,1,300
180185,1,300
180185,1,300
180322,1,300
180395,1,300
180395,1,300
180403,1,300
180403,1,300
180407,1,300
180407,1,300
180407,1,300
180407,1,300
180407,1,300
180419,1,300
180507,1,300
180507,1,300
180580,1,300
180580,1,300
180580,1,300
180609,1,300
180609,1,300
180609,1,300
180611,1,300
180620,1,300
180642,1,300
180642,1,300
181139,1,300
181144,1,300
181149,1,300
181172,1,300
181172,1,300
181173,1,300
181173,1,300
181226,1,300
181227,1,300
181241,1,300
181241,1,300
181241,1,300
181241,1,300
181241,1,300
181241,1,300
181241,1,300
181554,1,300
181554,1,300
181554,1,300
181554,1,300
181554,1,300
182114,1,300
182114,1,300
182114,1,300
182114,1,300
182259,1,300
182259,1,300
182259,1,300
182259,1,300
182259,1,300
182259,1,300
182363,1,300
182363,1,300
182767,1,300
182767,1,300
182767,1,300
183059,1,300
183059,1,300
183059,1,300
183102,1,300
183124,1,300
183126,1,300
183422,1,300
183422,1,300
183422,1,300
183422,1,300
183574,1,300
183574,1,300
183574,1,300
183634,1,300
183639,1,300
183639,1,300
183639,1,300
183680,1,300
183680,1,300
183680,1,300
183680,1,300
183680,1,300
183680,1,300
183680,1,300
183701,1,300
183831,1,300
183831,1,300
183832,1,300
183832,1,300
183846,1,300
183846,1,300
183849,1,300
183849,1,300
184017,1,300
184019,1,300
184019,1,300
184019,1,300
184019,1,300
184019,1,300
184019,1,300
184032,1,300
184032,1,300
184134,1,300
184134,1,300
184141,1,300
184141,1,300
184141,1,300
184141,1,300
184186,1,300
184340,1,300
184340,1,300
184404,1,300
184404,1,300
184404,1,300
185200,1,300
185216,1,300
185216,1,300
185249,1,300
185249,1,300
185314,1,300
185314,1,300
185476,1,300
185813,1,300
185813,1,300
185826,1,300
185826,1,300
185837,1,300
185856,1,300
185857,1,300
185857,1,300
185857,1,300
185858,1,300
185858,1,300
185863,1,300
185974,1,300
185987,1,300
185991,1,300
185991,1,300
185997,1,300
185997,1,300
186010,1,300
186010,1,300
186010,1,300
186011,1,300
186013,1,300
186013,1,300
186013,1,300
186080,1,300
186080,1,300
186080,1,300
186080,1,300
186080,1,300
186113,1,300
186113,1,300
186167,1,300
186167,1,300
186167,1,300
186174,1,300
186285,1,300
186389,1,300
186389,1,300
186389,1,300
186389,1,300
186452,1,300
186452,1,300
186454,1,300
186611,1,300
186611,1,300
187072,1,300
187078,1,300
187078,1,300
187078,1,300
187078,1,300
187078,1,300
187080,1,300
187080,1,300
187081,1,300
187081,1,300
187081,1,300
187081,1,300
187082,1,300
187085,1,300
187085,1,300
187085,1,300
187104,1,300
187104,1,300
187104,1,300
187104,1,300
187223,1,300
187223,1,300
187223,1,300
187313,1,300
187321,1,300
187321,1,300
187400,1,300
187405,1,300
187405,1,300
187405,1,300
187413,1,300
187413,1,300
187413,1,300
187433,1,300
187443,1,300
187443,1,300
187443,1,300
187509,1,300
187509,1,300
187609,1,300
187620,1,300
187621,1,300
187688,1,300
187688,1,300
187745,1,300
187745,1,300
187807,1,300
187812,1,300
187836,1,300
187836,1,300
187844,1,300
187844,1,300
188245,1,300
188375,1,300
188378,1,300
188391,1,300
188391,1,300
188391,1,300
188431,1,300
188458,1,300
188460,1,300
188485,1,300
188485,1,300
188488,1,300
188491,1,300
188491,1,300
188491,1,300
188491,1,300
188491,1,300
188491,1,300
188491,1,300
188500,1,300
188500,1,300
188503,1,300
188517,1,300
188517,1,300
188518,1,300
188540,1,300
188540,1,300
188544,1,300
188560,1,300
188565,1,300
188565,1,300
188565,1,300
188637,1,300
188671,1,300
188671,1,300
188671,1,300
188671,1,300
188671,1,300
188671,1,300
188771,1,300
188775,1,300
188794,1,300
188794,1,300
188794,1,300
188794,1,300
188822,1,300
188822,1,300
188822,1,300
188984,1,300
188984,1,300
188992,1,300
189232,1,300
190271,1,300
190271,1,300
190271,1,300
190271,1,300
190271,1,300
190271,1,300
190271,1,300
190271,1,300
190286,1,300
190286,1,300
190478,1,300
190478,1,300
190478,1,300
190479,1,300
190479,1,300
190479,1,300
190479,1,300
190479,1,300
190491,1,300
190491,1,300
190491,1,300
190493,1,300
190494,1,300
190503,1,300
190506,1,300
190769,1,300
190775,1,300
190775,1,300
190775,1,300
190775,1,300
190775,1,300
190775,1,300
190775,1,300
190776,1,300
190785,1,300
190785,1,300
190785,1,300
190788,1,300
190788,1,300
191562,1,300
191562,1,300
191562,1,300
191585,1,300
191717,1,300
191717,1,300
191717,1,300
191717,1,300
191717,1,300
191718,1,300
191852,1,300
191852,1,300
191852,1,300
192526,1,300
192526,1,300
192526,1,300
192610,1,300
192610,1,300
192610,1,300
193704,1,300
193802,1,300
193802,1,300
193809,1,300
193972,1,300
194031,1,300
194031,1,300
194081,1,300
194190,1,300
194190,1,300
194190,1,300
194190,1,300
194191,1,300
194191,1,300
194195,1,300
194202,1,300
194202,1,300
194566,1,300
194566,1,300
194566,1,300
194710,1,300
194862,1,300
194863,1,300
194863,1,300
194864,1,300
195281,1,300
195281,1,300
195281,1,300
195282,1,300
195289,1,300
195303,1,300
195305,1,300
195306,1,300
195306,1,300
195306,1,300
195306,1,300
195306,1,300
195306,1,300
195817,1,300
195817,1,300
195817,1,300
195817,1,300
195818,1,300
195818,1,300
195818,1,300
195822,1,300
195822,1,300
195822,1,300
195874,1,300
195874,1,300
195887,1,300
195887,1,300
195887,1,300
196066,1,300
196066,1,300
196066,1,300
196081,1,300
196264,1,300
196264,1,300
196265,1,300
196269,1,300
196283,1,300
196283,1,300
196288,1,300
196288,1,300
196288,1,300
196288,1,300
196288,1,300
196564,1,300
196566,1,300
196566,1,300
196566,1,300
196567,1,300
196567,1,300
196573,1,300
196666,1,300
196818,1,300
196832,1,300
196832,1,300
196832,1,300
196833,1,300
196833,1,300
196837,1,300
196837,1,300
196837,1,300
196945,1,300
196957,1,300
196957,1,300
196959,1,300
196985,1,300
196986,1,300
196995,1,300
197005,1,300
197093,1,300
197093,1,300
197093,1,300
197093,1,300
197197,1,300
197198,1,300
197198,1,300
197198,1,300
197233,1,300
197233,1,300
197233,1,300
197275,1,300
197397,1,300
197398,1,300
197398,1,300
197398,1,300
197399,1,300
197400,1,300
197400,1,300
197400,1,300
197400,1,300
197400,1,300
197400,1,300
197400,1,300
197415,1,300
197678,1,300
197692,1,300
197805,1,300
197840,1,300
197924,1,300
197927,1,300
198100,1,300
198100,1,300
198101,1,300
198144,1,300
198154,1,300
198185,1,300
198185,1,300
198185,1,300
198185,1,300
198276,1,300
198276,1,300
198486,1,300
198486,1,300
198486,1,300
198486,1,300
198486,1,300
198487,1,300
198555,1,300
198555,1,300
198557,1,300
198558,1,300
198765,1,300
198765,1,300
198767,1,300
198794,1,300
198893,1,300
198918,1,300
198918,1,300
198918,1,300
198918,1,300
198918,1,300
198918,1,300
198918,1,300
198940,1,300
198940,1,300
198951,1,300
198956,1,300
198956,1,300
198956,1,300
199063,1,300
199063,1,300
199076,1,300
199083,1,300
199093,1,300
199093,1,300
199093,1,300
199093,1,300
199095,1,300
199327,1,300
199327,1,300
199818,1,300
199818,1,300
199818,1,300
199818,1,300
199934,1,300
199935,1,300
200032,1,300
200032,1,300
200032,1,300
200033,1,300
200035,1,300
200035,1,300
200042,1,300
200042,1,300
200042,1,300
200046,1,300
200053,1,300
200060,1,300
200143,1,300
200143,1,300
200143,1,300
200145,1,300
200146,1,300
200146,1,300
200153,1,300
200319,1,300
200746,1,300
200746,1,300
200746,1,300
200746,1,300
200746,1,300
200746,1,300
200746,1,300
200746,1,300
200746,1,300
200746,1,300
200747,1,300
200771,1,300
200787,1,300
200787,1,300
200787,1,300
200787,1,300
200787,1,300
200788,1,300
200898,1,300
200900,1,300
200900,1,300
200904,1,300
200937,1,300
200937,1,300
200938,1,300
200941,1,300
200941,1,300
200947,1,300
200947,1,300
200960,1,300
200986,1,300
200986,1,300
200986,1,300
201175,1,300
201175,1,300
201180,1,300
201193,1,300
201193,1,300
201206,1,300
201252,1,300
201253,1,300
201254,1,300
201254,1,300
201301,1,300
201304,1,300
201304,1,300
201308,1,300
201308,1,300
201309,1,300
201309,1,300
201310,1,300
201314,1,300
201318,1,300
201318,1,300
201320,1,300
201325,1,300
201325,1,300
201327,1,300
201327,1,300
201327,1,300
201360,1,300
201360,1,300
201361,1,300
201703,1,300
201703,1,300
201703,1,300
201819,1,300
201819,1,300
201884,1,300
201885,1,300
201885,1,300
202247,1,300
202272,1,300
202272,1,300
202273,1,300
202273,1,300
202273,1,300
202273,1,300
202273,1,300
202273,1,300
202309,1,300
202312,1,300
202318,1,300
202318,1,300
202318,1,300
202445,1,300
202459,1,300
202895,1,300
202992,1,300
202992,1,300
202992,1,300
202993,1,300
202993,1,300
203046,1,300
203046,1,300
203046,1,300
203046,1,300
203046,1,300
203046,1,300
203046,1,300
203046,1,300
203046,1,300
203046,1,300
203046,1,300
203046,1,300
203046,1,300
203046,1,300
203046,1,300
203046,1,300
203048,1,300
203048,1,300
203054,1,300
203054,1,300
203058,1,300
203060,1,300
203072,1,300
203077,1,300
203077,1,300
203077,1,300
203341,1,300
203341,1,300
203341,1,300
203368,1,300
203546,1,300
203546,1,300
203547,1,300
203550,1,300
203550,1,300
203550,1,300
203560,1,300
203584,1,300
203598,1,300
203598,1,300
203598,1,300
203598,1,300
203598,1,300
203598,1,300
203598,1,300
203637,1,300
203637,1,300
203637,1,300
203638,1,300
203638,1,300
203743,1,300
204008,1,300
204453,1,300
204453,1,300
204453,1,300
204453,1,300
204453,1,300
204456,1,300
204456,1,300
204566,1,300
204566,1,300
204576,1,300
204928,1,300
205128,1,300
205128,1,300
206830,1,300
206830,1,300
206834,1,300
206835,1,300
206837,1,300
206837,1,300
206837,1,300
206852,1,300
206852,1,300
206862,1,300
206862,1,300
206862,1,300
207526,1,300
207526,1,300
207526,1,300
207526,1,300
207584,1,300
207584,1,300
207588,1,300
207588,1,300
207918,1,300
208141,1,300
208141,1,300
208255,1,300
208304,1,300
208304,1,300
208304,1,300
208313,1,300
208365,1,300
208414,1,300
208414,1,300
208864,1,300
208864,1,300
208954,1,300
208954,1,300
208991,1,300
208991,1,300
208991,1,300
209027,1,300
209032,1,300
209318,1,300
209318,1,300
209318,1,300
209318,1,300
209355,1,300
209355,1,300
209355,1,300
209355,1,300
209449,1,300
209451,1,300
209451,1,300
209451,1,300
209451,1,300
209451,1,300
209484,1,300
209657,1,300
209657,1,300
209657,1,300
209657,1,300
209658,1,300
209661,1,300
209661,1,300
209661,1,300
209661,1,300
209661,1,300
209661,1,300
209661,1,300
209661,1,300
209769,1,300
209769,1,300
209776,1,300
209777,1,300
209803,1,300
209834,1,300
209860,1,300
209860,1,300
209860,1,300
209863,1,300
209865,1,300
210143,1,300
210145,1,300
210304,1,300
210324,1,300
210324,1,300
210324,1,300
210329,1,300
210329,1,300
210334,1,300
210334,1,300
210354,1,300
210354,1,300
210354,1,300
210374,1,300
210380,1,300
210382,1,300
210382,1,300
210382,1,300
210382,1,300
210382,1,300
210382,1,300
210382,1,300
210384,1,300
210411,1,300
210411,1,300
210411,1,300
210415,1,300
210417,1,300
210476,1,300
210476,1,300
210476,1,300
210476,1,300
210476,1,300
210485,1,300
210486,1,300
210486,1,300
210724,1,300
210724,1,300
210770,1,300
210770,1,300
210771,1,300
210990,1,300
210997,1,300
210997,1,300
210997,1,300
210997,1,300
211007,1,300
211007,1,300
211007,1,300
211007,1,300
211007,1,300
211007,1,300
211010,1,300
211010,1,300
211010,1,300
211010,1,300
211043,1,300
211043,1,300
211275,1,300
211276,1,300
211339,1,300
211339,1,300
211763,1,300
211763,1,300
211881,1,300
211881,1,300
211882,1,300
211900,1,300
211901,1,300
211905,1,300
211905,1,300
211905,1,300
211919,1,300
211953,1,300
211953,1,300
211963,1,300
211994,1,300
211994,1,300
211994,1,300
211994,1,300
211998,1,300
211998,1,300
212018,1,300
212024,1,300
212039,1,300
212039,1,300
212081,1,300
212176,1,300
212176,1,300
212177,1,300
212201,1,300
212279,1,300
212279,1,300
212687,1,300
212719,1,300
212719,1,300
212719,1,300
212722,1,300
212736,1,300
212740,1,300
212771,1,300
212771,1,300
212772,1,300
212800,1,300
212800,1,300
212800,1,300
212873,1,300
212873,1,300
212874,1,300
212898,1,300
212924,1,300
212924,1,300
212925,1,300
212925,1,300
212925,1,300
212928,1,300
212928,1,300
212928,1,300
212950,1,300
212950,1,300
212950,1,300
212966,1,300
212966,1,300
212974,1,300
212974,1,300
212974,1,300
212974,1,300
213445,1,300
213445,1,300
213466,1,300
213466,1,300
213466,1,300
213466,1,300
213467,1,300
213467,1,300
213673,1,300
213819,1,300
213819,1,300
213819,1,300
213822,1,300
213822,1,300
213839,1,300
214332,1,300
214333,1,300
214333,1,300
214343,1,300
214347,1,300
214347,1,300
214347,1,300
214347,1,300
214347,1,300
214347,1,300
214347,1,300
214400,1,300
214400,1,300
214400,1,300
214446,1,300
214446,1,300
214446,1,300
214446,1,300
214446,1,300
214446,1,300
214507,1,300
214557,1,300
214568,1,300
214571,1,300
214571,1,300
214657,1,300
214851,1,300
214851,1,300
214851,1,300
214851,1,300
214851,1,300
214851,1,300
214851,1,300
214851,1,300
214851,1,300
214851,1,300
214852,1,300
214886,1,300
214886,1,300
214886,1,300
214887,1,300
214889,1,300
214889,1,300
214889,1,300
215032,1,300
215078,1,300
215078,1,300
215078,1,300
215095,1,300
215095,1,300
215096,1,300
215096,1,300
215096,1,300
215096,1,300
215508,1,300
215517,1,300
215517,1,300
215517,1,300
215528,1,300
215528,1,300
215528,1,300
215528,1,300
215528,1,300
215528,1,300
215529,1,300
215539,1,300
215571,1,300
215796,1,300
215796,1,300
215803,1,300
215803,1,300
215803,1,300
215821,1,300
215917,1,300
215917,1,300
215953,1,300
215953,1,300
215953,1,300
215953,1,300
215963,1,300
215963,1,300
215963,1,300
215963,1,300
215964,1,300
215973,1,300
215973,1,300
215974,1,300
215974,1,300
216086,1,300
216086,1,300
216148,1,300
216148,1,300
216148,1,300
216204,1,300
216204,1,300
216204,1,300
216204,1,300
216205,1,300
217378,1,300
217379,1,300
217379,1,300
217383,1,300
217383,1,300
217383,1,300
217383,1,300
217448,1,300
217607,1,300
217607,1,300
217607,1,300
217607,1,300
217640,1,300
217640,1,300
217646,1,300
217962,1,300
217962,1,300
217962,1,300
217962,1,300
218005,1,300
218006,1,300
218006,1,300
218065,1,300
218065,1,300
218065,1,300
218065,1,300
218065,1,300
218132,1,300
218135,1,300
218135,1,300
218135,1,300
218135,1,300
218138,1,300
218138,1,300
218398,1,300
218398,1,300
218398,1,300
218428,1,300
218429,1,300
218489,1,300
218515,1,300
218519,1,300
218557,1,300
218615,1,300
218615,1,300
218615,1,300
218648,1,300
218942,1,300
218942,1,300
218956,1,300
218956,1,300
219080,1,300
219192,1,300
219192,1,300
219539,1,300
219539,1,300
219539,1,300
219539,1,300
219593,1,300
219598,1,300
219617,1,300
219625,1,300
219625,1,300
219625,1,300
219641,1,300
219645,1,300
219674,1,300
219674,1,300
219674,1,300
219674,1,300
220051,1,300
220062,1,300
220062,1,300
220073,1,300
220176,1,300
220177,1,300
220183,1,300
220186,1,300
220186,1,300
220186,1,300
220202,1,300
220211,1,300
220211,1,300
220377,1,300
221096,1,300
221295,1,300
221295,1,300
221541,1,300
222306,1,300
222306,1,300
222306,1,300
222306,1,300
222306,1,300
222306,1,300
222306,1,300
222307,1,300
222327,1,300
222327,1,300
222327,1,300
222405,1,300
222459,1,300
222566,1,300
222585,1,300
222585,1,300
222669,1,300
222669,1,300
222669,1,300
222669,1,300
222675,1,300
222750,1,300
222750,1,300
222790,1,300
222790,1,300
222790,1,300
222791,1,300
222791,1,300
222791,1,300
222791,1,300
222791,1,300
223045,1,300
223045,1,300
223045,1,300
223045,1,300
223045,1,300
223056,1,300
223056,1,300
223071,1,300
223071,1,300
223071,1,300
223071,1,300
223071,1,300
223071,1,300
223071,1,300
223071,1,300
223071,1,300
223071,1,300
223132,1,300
223143,1,300
223143,1,300
223143,1,300
223143,1,300
223143,1,300
223143,1,300
223143,1,300
223143,1,300
223143,1,300
223240,1,300
223240,1,300
223240,1,300
223244,1,300
223246,1,300
223305,1,300
223305,1,300
223305,1,300
223305,1,300
223337,1,300
223341,1,300
223341,1,300
223341,1,300
223341,1,300
223341,1,300
223341,1,300
223346,1,300
223346,1,300
223346,1,300
223346,1,300
223346,1,300
223346,1,300
223346,1,300
223377,1,300
223377,1,300
223377,1,300
223377,1,300
223377,1,300
223377,1,300
223384,1,300
223403,1,300
223403,1,300
223403,1,300
223403,1,300
223418,1,300
223419,1,300
223419,1,300
223551,1,300
223551,1,300
223552,1,300
223567,1,300
223567,1,300
223607,1,300
224215,1,300
224215,1,300
224215,1,300
224285,1,300
224285,1,300
224446,1,300
224446,1,300
224488,1,300
224488,1,300
224488,1,300
224488,1,300
224488,1,300
224488,1,300
224488,1,300
224499,1,300
224508,1,300
224518,1,300
224546,1,300
224546,1,300
224546,1,300
224561,1,300
224571,1,300
224571,1,300
224699,1,300
224759,1,300
224759,1,300
224759,1,300
224759,1,300
224766,1,300
224768,1,300
224768,1,300
224870,1,300
224870,1,300
224870,1,300
224973,1,300
224974,1,300
224974,1,300
224978,1,300
224978,1,300
224978,1,300
224978,1,300
224998,1,300
225003,1,300
225030,1,300
225182,1,300
225182,1,300
225209,1,300
225209,1,300
225209,1,300
225209,1,300
225209,1,300
225209,1,300
225214,1,300
226102,1,300
226108,1,300
226111,1,300
226111,1,300
226111,1,300
226355,1,300
226355,1,300
226553,1,300
226557,1,300
226558,1,300
226558,1,300
226558,1,300
226558,1,300
226558,1,300
226558,1,300
226698,1,300
226700,1,300
226700,1,300
226700,1,300
226700,1,300
226890,1,300
226895,1,300
226895,1,300
226895,1,300
226895,1,300
226895,1,300
226895,1,300
226895,1,300
226916,1,300
226921,1,300
226921,1,300
226922,1,300
226922,1,300
226927,1,300
226927,1,300
226974,1,300
227008,1,300
227008,1,300
227008,1,300
227010,1,300
227011,1,300
227011,1,300
227011,1,300
227011,1,300
227011,1,300
227024,1,300
227024,1,300
227035,1,300
227050,1,300
227050,1,300
227050,1,300
227050,1,300
227055,1,300
227089,1,300
227103,1,300
227123,1,300
227136,1,300
227138,1,300
227138,1,300
227138,1,300
227138,1,300
227138,1,300
227138,1,300
227138,1,300
227151,1,300
227151,1,300
227151,1,300
227151,1,300
227154,1,300
227615,1,300
227623,1,300
227623,1,300
227623,1,300
228097,1,300
228306,1,300
228306,1,300
228771,1,300
228772,1,300
228772,1,300
228772,1,300
228773,1,300
229031,1,300
229039,1,300
229040,1,300
229040,1,300
229040,1,300
229053,1,300
229099,1,300
229100,1,300
229100,1,300
229100,1,300
229140,1,300
229140,1,300
229148,1,300
229148,1,300
229148,1,300
229148,1,300
229236,1,300
229236,1,300
229236,1,300
229236,1,300
229252,1,300
229252,1,300
229252,1,300
229257,1,300
229257,1,300
229262,1,300
229262,1,300
229262,1,300
229262,1,300
229262,1,300
229265,1,300
229265,1,300
229308,1,300
229365,1,300
229413,1,300
229413,1,300
229413,1,300
229413,1,300
229417,1,300
229547,1,300
229547,1,300
229549,1,300
229549,1,300
229549,1,300
229569,1,300
229569,1,300
229569,1,300
229569,1,300
229569,1,300
229569,1,300
229569,1,300
229588,1,300
229598,1,300
229598,1,300
229600,1,300
229600,1,300
229600,1,300
229600,1,300
229602,1,300
229607,1,300
229607,1,300
229607,1,300
229608,1,300
229608,1,300
229621,1,300
229771,1,300
229771,1,300
229771,1,300
229771,1,300
229771,1,300
229771,1,300
229771,1,300
229771,1,300
229771,1,300
230221,1,300
230221,1,300
230225,1,300
230225,1,300
230225,1,300
230225,1,300
230225,1,300
230244,1,300
230244,1,300
230277,1,300
230277,1,300
230300,1,300
230300,1,300
230300,1,300
230300,1,300
230890,1,300
230890,1,300
230896,1,300
230897,1,300
230906,1,300
230906,1,300
230907,1,300
230907,1,300
230924,1,300
230924,1,300
230925,1,300
230925,1,300
230926,1,300
230926,1,300
230928,1,300
231079,1,300
231079,1,300
231079,1,300
231079,1,300
231079,1,300
231404,1,300
231639,1,300
231645,1,300
231810,1,300
231810,1,300
231831,1,300
231831,1,300
231831,1,300
232067,1,300
232067,1,300
232067,1,300
232335,1,300
232336,1,300
232336,1,300
232339,1,300
232521,1,300
232521,1,300
232527,1,300
232527,1,300
233114,1,300
233147,1,300
233196,1,300
233197,1,300
233197,1,300
233197,1,300
233201,1,300
233201,1,300
233201,1,300
233201,1,300
234765,1,300
234948,1,300
234948,1,300
234948,1,300
234948,1,300
234948,1,300
234950,1,300
235467,1,300
235467,1,300
235467,1,300
235470,1,300
235499,1,300
235608,1,300
235608,1,300
235608,1,300
235627,1,300
235627,1,300
235627,1,300
235627,1,300
235780,1,300
235780,1,300
235786,1,300
235786,1,300
235788,1,300
235788,1,300
235788,1,300
235794,1,300
235820,1,300
235820,1,300
235820,1,300
235820,1,300
235924,1,300
237107,1,300
237108,1,300
237118,1,300
237118,1,300
237118,1,300
237201,1,300
237201,1,300
237202,1,300
237202,1,300
237202,1,300
237202,1,300
237240,1,300
237240,1,300
237240,1,300
237244,1,300
237573,1,300
237573,1,300
237573,1,300
237575,1,300
237581,1,300
238108,1,300
238108,1,300
238109,1,300
238109,1,300
238109,1,300
238131,1,300
238131,1,300
238265,1,300
238375,1,300
238375,1,300
238375,1,300
238375,1,300
238375,1,300
238375,1,300
238495,1,300
238495,1,300
238786,1,300
238786,1,300
239067,1,300
240174,1,300
240174,1,300
240174,1,300
240174,1,300
240366,1,300
240367,1,300
240367,1,300
240367,1,300
240479,1,300
240584,1,300
240584,1,300
240584,1,300
240796,1,300
241120,1,300
241120,1,300
241239,1,300
241239,1,300
241326,1,300
241338,1,300
241338,1,300
241459,1,300
241764,1,300
241765,1,300
241765,1,300
241766,1,300
241841,1,300
241841,1,300
241841,1,300
241841,1,300
241841,1,300
242067,1,300
242067,1,300
242067,1,300
242070,1,300
242124,1,300
242127,1,300
242127,1,300
242127,1,300
242127,1,300
242127,1,300
242127,1,300
242127,1,300
242127,1,300
242355,1,300
242378,1,300
242378,1,300
242378,1,300
242378,1,300
242378,1,300
242631,1,300
242632,1,300
242632,1,300
242635,1,300
242635,1,300
242641,1,300
242641,1,300
242641,1,300
242641,1,300
242641,1,300
242873,1,300
243016,1,300
243018,1,300
243087,1,300
243087,1,300
243088,1,300
243088,1,300
243088,1,300
243094,1,300
243094,1,300
243117,1,300
243117,1,300
243118,1,300
243118,1,300
243118,1,300
243118,1,300
243118,1,300
243303,1,300
243317,1,300
243325,1,300
243325,1,300
243325,1,300
243388,1,300
243485,1,300
243487,1,300
243487,1,300
243493,1,300
243493,1,300
243493,1,300
243493,1,300
243493,1,300
243496,1,300
243496,1,300
243496,1,300
243496,1,300
243496,1,300
243496,1,300
243496,1,300
243496,1,300
243496,1,300
243496,1,300
243496,1,300
243496,1,300
243498,1,300
243502,1,300
243502,1,300
243503,1,300
244110,1,300
244110,1,300
244292,1,300
244333,1,300
244333,1,300
244333,1,300
244345,1,300
244345,1,300
244345,1,300
244381,1,300
244381,1,300
244381,1,300
244580,1,300
244580,1,300
244580,1,300
244580,1,300
244580,1,300
244580,1,300
244590,1,300
244590,1,300
244597,1,300
244597,1,300
244597,1,300
244666,1,300
244666,1,300
244666,1,300
244666,1,300
244745,1,300
244745,1,300
244844,1,300
245018,1,300
245049,1,300
245049,1,300
245084,1,300
245084,1,300
245088,1,300
245147,1,300
245147,1,300
245147,1,300
245192,1,300
245860,1,300
245860,1,300
245861,1,300
245869,1,300
246546,1,300
246546,1,300
246786,1,300
247048,1,300
247057,1,300
247057,1,300
247057,1,300
247057,1,300
247057,1,300
247057,1,300
247057,1,300
247057,1,300
247251,1,300
247251,1,300
247278,1,300
247279,1,300
247279,1,300
247279,1,300
247304,1,300
247304,1,300
247304,1,300
247305,1,300
247305,1,300
247305,1,300
247307,1,300
247307,1,300
247307,1,300
247315,1,300
247315,1,300
247316,1,300
247316,1,300
247317,1,300
247317,1,300
247317,1,300
247341,1,300
247341,1,300
247369,1,300
247372,1,300
247372,1,300
247372,1,300
247443,1,300
247454,1,300
247476,1,300
247481,1,300
247481,1,300
247481,1,300
247482,1,300
247512,1,300
247512,1,300
247512,1,300
247512,1,300
247516,1,300
247516,1,300
247833,1,300
247834,1,300
247834,1,300
247834,1,300
247834,1,300
247922,1,300
247922,1,300
247934,1,300
248122,1,300
248124,1,300
248138,1,300
248152,1,300
248283,1,300
248293,1,300
248615,1,300
248615,1,300
248622,1,300
248626,1,300
248628,1,300
248628,1,300
249070,1,300
249139,1,300
249339,1,300
249339,1,300
249380,1,300
249380,1,300
249406,1,300
249446,1,300
249446,1,300
249446,1,300
249446,1,300
249446,1,300
249446,1,300
249451,1,300
249492,1,300
249492,1,300
249492,1,300
249492,1,300
249503,1,300
249503,1,300
249503,1,300
249503,1,300
249504,1,300
249505,1,300
249520,1,300
250489,1,300
250514,1,300
250521,1,300
250556,1,300
250562,1,300
250568,1,300
250568,1,300
250570,1,300
250570,1,300
250570,1,300
250618,1,300
250618,1,300
250627,1,300
250627,1,300
250974,1,300
250974,1,300
250974,1,300
250974,1,300
250974,1,300
251001,1,300
251083,1,300
251170,1,300
251171,1,300
251172,1,300
251181,1,300
251181,1,300
251182,1,300
251645,1,300
251645,1,300
251645,1,300
252176,1,300
252176,1,300
252195,1,300
252195,1,300
252195,1,300
252231,1,300
252373,1,300
252376,1,300
252376,1,300
252391,1,300
252391,1,300
252450,1,300
252450,1,300
252451,1,300
252452,1,300
252567,1,300
252567,1,300
252942,1,300
254133,1,300
254195,1,300
254201,1,300
254201,1,300
254201,1,300
254201,1,300
254201,1,300
254202,1,300
254202,1,300
254202,1,300
254202,1,300
254202,1,300
255086,1,300
255086,1,300
255086,1,300
255169,1,300
255195,1,300
255195,1,300
255205,1,300
255205,1,300
255257,1,300
255257,1,300
255257,1,300
255269,1,300
255648,1,300
255651,1,300
255651,1,300
255651,1,300
255651,1,300
255651,1,300
255692,1,300
255692,1,300
255692,1,300
255848,1,300
255848,1,300
255850,1,300
255852,1,300
255852,1,300
256111,1,300
256139,1,300
256139,1,300
256139,1,300
256139,1,300
256139,1,300
256627,1,300
256687,1,300
256690,1,300
257055,1,300
257055,1,300
257055,1,300
257057,1,300
257064,1,300
257064,1,300
257106,1,300
257177,1,300
257215,1,300
257215,1,300
257215,1,300
257219,1,300
257222,1,300
257229,1,300
257229,1,300
257252,1,300
257252,1,300
257253,1,300
257253,1,300
257290,1,300
257290,1,300
257782,1,300
257782,1,300
257819,1,300
257883,1,300
257883,1,300
257954,1,300
257954,1,300
257954,1,300
257954,1,300
257954,1,300
257954,1,300
258119,1,300
258119,1,300
258141,1,300
258141,1,300
258142,1,300
258142,1,300
258143,1,300
258152,1,300
258156,1,300
258156,1,300
258221,1,300
258225,1,300
258225,1,300
258225,1,300
258225,1,300
258240,1,300
258354,1,300
258354,1,300
258885,1,300
258892,1,300
258892,1,300
258892,1,300
259614,1,300
259627,1,300
259736,1,300
259744,1,300
259913,1,300
259914,1,300
259914,1,300
259919,1,300
259919,1,300
259975,1,300
259975,1,300
260148,1,300
260148,1,300
260148,1,300
260148,1,300
260148,1,300
260148,1,300
260148,1,300
261476,1,300
261524,1,300
261524,1,300
261524,1,300
261524,1,300
261524,1,300
261524,1,300
261524,1,300
261526,1,300
261886,1,300
261886,1,300
261886,1,300
262088,1,300
262227,1,300
262227,1,300
262227,1,300
262228,1,300
262247,1,300
262247,1,300
262247,1,300
262247,1,300
262247,1,300
262247,1,300
262247,1,300
262276,1,300
262276,1,300
262314,1,300
262314,1,300
262354,1,300
262355,1,300
262355,1,300
262356,1,300
262356,1,300
262356,1,300
262356,1,300
262356,1,300
262356,1,300
262417,1,300
262546,1,300
262546,1,300
262674,1,300
262674,1,300
262674,1,300
262847,1,300
262847,1,300
262847,1,300
262847,1,300
262847,1,300
262847,1,300
262850,1,300
262850,1,300
262850,1,300
263774,1,300
263774,1,300
263774,1,300
263778,1,300
264473,1,300
264473,1,300
264473,1,300
264473,1,300
264474,1,300
264474,1,300
264572,1,300
264572,1,300
264572,1,300
264572,1,300
264589,1,300
264589,1,300
264598,1,300
264624,1,300
264711,1,300
264716,1,300
264716,1,300
264716,1,300
264716,1,300
265003,1,300
265003,1,300
265003,1,300
265042,1,300
265055,1,300
265110,1,300
265116,1,300
265116,1,300
265116,1,300
265116,1,300
265116,1,300
265152,1,300
265152,1,300
265152,1,300
265157,1,300
265157,1,300
265157,1,300
265553,1,300
265553,1,300
265553,1,300
265561,1,300
265838,1,300
265891,1,300
265891,1,300
265944,1,300
265944,1,300
265944,1,300
265945,1,300
265945,1,300
265958,1,300
265984,1,300
265984,1,300
265984,1,300
266009,1,300
266009,1,300
266009,1,300
266187,1,300
266207,1,300
266324,1,300
266324,1,300
266324,1,300
266355,1,300
266355,1,300
266355,1,300
266383,1,300
266497,1,300
266497,1,300
266497,1,300
266497,1,300
266501,1,300
266501,1,300
266501,1,300
266501,1,300
266501,1,300
266621,1,300
266634,1,300
266939,1,300
267093,1,300
267093,1,300
267399,1,300
267399,1,300
267399,1,300
267399,1,300
267399,1,300
267403,1,300
267404,1,300
267442,1,300
267486,1,300
267486,1,300
267504,1,300
267504,1,300
267504,1,300
267504,1,300
267504,1,300
267504,1,300
267504,1,300
267513,1,300
267557,1,300
267557,1,300
267557,1,300
267558,1,300
267558,1,300
267558,1,300
267558,1,300
267558,1,300
267558,1,300
267558,1,300
267614,1,300
267614,1,300
267630,1,300
267630,1,300
267632,1,300
267632,1,300
267632,1,300
267632,1,300
267632,1,300
267632,1,300
267635,1,300
267674,1,300
267675,1,300
267675,1,300
267679,1,300
267679,1,300
267679,1,300
267679,1,300
267679,1,300
267685,1,300
267685,1,300
267685,1,300
267686,1,300
267686,1,300
267694,1,300
267695,1,300
267695,1,300
267695,1,300
267883,1,300
267883,1,300
268221,1,300
268221,1,300
268221,1,300
268221,1,300
268226,1,300
268322,1,300
268342,1,300
268342,1,300
268352,1,300
268352,1,300
268352,1,300
268352,1,300
268352,1,300
268408,1,300
268408,1,300
268608,1,300
268608,1,300
268621,1,300
268628,1,300
268640,1,300
268651,1,300
268890,1,300
268896,1,300
268914,1,300
268914,1,300
268914,1,300
268924,1,300
268924,1,300
268924,1,300
269022,1,300
269022,1,300
269023,1,300
269023,1,300
269042,1,300
269042,1,300
269042,1,300
269042,1,300
269045,1,300
269045,1,300
269045,1,300
269045,1,300
269045,1,300
269045,1,300
269045,1,300
269050,1,300
269050,1,300
269050,1,300
269050,1,300
269050,1,300
269050,1,300
269059,1,300
269059,1,300
269059,1,300
269061,1,300
269061,1,300
269061,1,300
269061,1,300
269061,1,300
269061,1,300
269064,1,300
269064,1,300
269065,1,300
269249,1,300
269249,1,300
269253,1,300
269277,1,300
269310,1,300
269310,1,300
269311,1,300
269313,1,300
269956,1,300
269957,1,300
269975,1,300
270562,1,300
270562,1,300
270562,1,300
270563,1,300
271270,1,300
271273,1,300
271277,1,300
271277,1,300
271277,1,300
271293,1,300
271338,1,300
271338,1,300
271338,1,300
271338,1,300
271364,1,300
271364,1,300
271364,1,300
271523,1,300
271563,1,300
271734,1,300
271756,1,300
271807,1,300
271808,1,300
271812,1,300
271934,1,300
271934,1,300
271934,1,300
271934,1,300
271934,1,300
271936,1,300
271936,1,300
271938,1,300
272255,1,300
272255,1,300
272255,1,300
272323,1,300
272323,1,300
272385,1,300
272559,1,300
272559,1,300
272560,1,300
272617,1,300
272617,1,300
272617,1,300
272617,1,300
272617,1,300
272618,1,300
272618,1,300
272618,1,300
272618,1,300
272622,1,300
272623,1,300
272623,1,300
272623,1,300
272623,1,300
272884,1,300
272885,1,300
272885,1,300
272885,1,300
272931,1,300
272931,1,300
272951,1,300
272951,1,300
272951,1,300
272955,1,300
272955,1,300
272955,1,300
272955,1,300
272955,1,300
272955,1,300
273016,1,300
273016,1,300
273049,1,300
273157,1,300
273163,1,300
273786,1,300
273786,1,300
273824,1,300
273824,1,300
273837,1,300
273837,1,300
274056,1,300
274056,1,300
274056,1,300
274056,1,300
274056,1,300
274056,1,300
274081,1,300
274081,1,300
274081,1,300
274081,1,300
274081,1,300
274081,1,300
274081,1,300
274127,1,300
274127,1,300
274127,1,300
274302,1,300
274302,1,300
274820,1,300
274821,1,300
274821,1,300
274824,1,300
275364,1,300
275364,1,300
275368,1,300
275950,1,300
276453,1,300
276453,1,300
276650,1,300
276650,1,300
276650,1,300
276650,1,300
276650,1,300
276650,1,300
276650,1,300
276680,1,300
276680,1,300
276680,1,300
276680,1,300
276874,1,300
276911,1,300
276911,1,300
276921,1,300
276921,1,300
276921,1,300
276921,1,300
276921,1,300
277411,1,300
277411,1,300
277539,1,300
277539,1,300
277539,1,300
277559,1,300
277559,1,300
277559,1,300
277651,1,300
277831,1,300
277833,1,300
277833,1,300
277833,1,300
277833,1,300
277833,1,300
278088,1,300
278088,1,300
278146,1,300
278146,1,300
278148,1,300
278148,1,300
278148,1,300
278148,1,300
278148,1,300
278148,1,300
278149,1,300
278149,1,300
278151,1,300
278277,1,300
278391,1,300
278391,1,300
278391,1,300
278391,1,300
278391,1,300
278391,1,300
278508,1,300
278533,1,300
278675,1,300
278675,1,300
278679,1,300
278694,1,300
278694,1,300
278699,1,300
278699,1,300
278920,1,300
278920,1,300
278920,1,300
278925,1,300
278926,1,300
278931,1,300
278931,1,300
278932,1,300
278932,1,300
278932,1,300
278935,1,300
278935,1,300
278935,1,300
279059,1,300
279059,1,300
279059,1,300
279059,1,300
279059,1,300
279080,1,300
279097,1,300
279101,1,300
279120,1,300
279120,1,300
279120,1,300
279121,1,300
279121,1,300
279121,1,300
279121,1,300
279122,1,300
279122,1,300
279128,1,300
279137,1,300
279139,1,300
279141,1,300
279149,1,300
279315,1,300
279337,1,300
279337,1,300
279343,1,300
279397,1,300
279397,1,300
279397,1,300
279399,1,300
279516,1,300
279682,1,300
279782,1,300
280529,1,300
280644,1,300
280644,1,300
280644,1,300
280644,1,300
280799,1,300
280799,1,300
280800,1,300
280800,1,300
280803,1,300
280824,1,300
280833,1,300
280833,1,300
280833,1,300
280833,1,300
280833,1,300
280906,1,300
280907,1,300
280907,1,300
281129,1,300
281166,1,300
281166,1,300
281166,1,300
281166,1,300
281200,1,300
281286,1,300
281286,1,300
281286,1,300
281286,1,300
281367,1,300
281367,1,300
281368,1,300
281368,1,300
281377,1,300
281377,1,300
281378,1,300
281398,1,300
281398,1,300
281398,1,300
281398,1,300
281398,1,300
281398,1,300
282026,1,300
282037,1,300
282037,1,300
282037,1,300
282037,1,300
282854,1,300
282854,1,300
282854,1,300
282854,1,300
282854,1,300
282858,1,300
282859,1,300
282859,1,300
282859,1,300
282859,1,300
282886,1,300
282887,1,300
282900,1,300
283015,1,300
283024,1,300
283043,1,300
283043,1,300
283043,1,300
283043,1,300
283050,1,300
283050,1,300
283050,1,300
283050,1,300
283060,1,300
283060,1,300
283086,1,300
283086,1,300
283086,1,300
283096,1,300
283118,1,300
283136,1,300
283136,1,300
283183,1,300
283183,1,300
283183,1,300
283184,1,300
283188,1,300
283188,1,300
283189,1,300
283189,1,300
283189,1,300
283225,1,300
283225,1,300
283225,1,300
283225,1,300
283308,1,300
283327,1,300
283329,1,300
283329,1,300
283330,1,300
283330,1,300
283330,1,300
283330,1,300
283330,1,300
283330,1,300
283330,1,300
283330,1,300
283330,1,300
283330,1,300
283330,1,300
283350,1,300
283405,1,300
283405,1,300
283651,1,300
283652,1,300
283653,1,300
283694,1,300
283694,1,300
284140,1,300
284140,1,300
284140,1,300
284140,1,300
284141,1,300
284141,1,300
284141,1,300
284141,1,300
284328,1,300
284328,1,300
284328,1,300
284351,1,300
284351,1,300
284351,1,300
284351,1,300
284351,1,300
284352,1,300
284352,1,300
284573,1,300
284711,1,300
284711,1,300
284789,1,300
284868,1,300
284868,1,300
284868,1,300
284892,1,300
284892,1,300
284932,1,300
284932,1,300
284995,1,300
285624,1,300
285628,1,300
285628,1,300
285676,1,300
285681,1,300
285681,1,300
285891,1,300
285891,1,300
285891,1,300
285917,1,300
285917,1,300
285946,1,300
285947,1,300
285947,1,300
285950,1,300
285959,1,300
286012,1,300
286020,1,300
286176,1,300
286212,1,300
286212,1,300
286212,1,300
286212,1,300
286248,1,300
286248,1,300
286865,1,300
287052,1,300
287109,1,300
287109,1,300
287109,1,300
287109,1,300
287109,1,300
287109,1,300
288439,1,300
288484,1,300
288486,1,300
288572,1,300
288572,1,300
289245,1,300
289254,1,300
289254,1,300
289254,1,300
289254,1,300
289254,1,300
289393,1,300
289394,1,300
289396,1,300
289466,1,300
289466,1,300
289480,1,300
289481,1,300
289485,1,300
289487,1,300
289487,1,300
290144,1,300
290144,1,300
290319,1,300
290437,1,300
290437,1,300
290506,1,300
290533,1,300
290533,1,300
290534,1,300
290534,1,300
290534,1,300
290534,1,300
290557,1,300
290557,1,300
290557,1,300
290557,1,300
291568,1,300
292278,1,300
292283,1,300
292283,1,300
292377,1,300
292377,1,300
292377,1,300
292443,1,300
292466,1,300
293126,1,300
293152,1,300
293153,1,300
293153,1,300
293161,1,300
293161,1,300
293162,1,300
293162,1,300
293162,1,300
293163,1,300
293960,1,300
294006,1,300
294187,1,300
294187,1,300
294187,1,300
294188,1,300
294188,1,300
294188,1,300
294238,1,300
294277,1,300
294277,1,300
294278,1,300
294278,1,300
294278,1,300
294295,1,300
294295,1,300
294551,1,300
294800,1,300
294800,1,300
294841,1,300
294841,1,300
294841,1,300
294841,1,300
295367,1,300
295368,1,300
295371,1,300
295371,1,300
295424,1,300
295730,1,300
295730,1,300
295733,1,300
295753,1,300
295753,1,300
296252,1,300
296252,1,300
296253,1,300
296264,1,300
296264,1,300
296264,1,300
296264,1,300
296264,1,300
296289,1,300
296569,1,300
296569,1,300
296569,1,300
296579,1,300
296590,1,300
297030,1,300
297030,1,300
297126,1,300
297126,1,300
297126,1,300
297126,1,300
297126,1,300
297474,1,300
297511,1,300
297511,1,300
297511,1,300
297662,1,300
297662,1,300
297662,1,300
297667,1,300
297667,1,300
297667,1,300
297667,1,300
297668,1,300
297861,1,300
298083,1,300
298085,1,300
298085,1,300
298085,1,300
298085,1,300
298085,1,300
298085,1,300
298089,1,300
298090,1,300
298090,1,300
298119,1,300
298119,1,300
298135,1,300
298135,1,300
298135,1,300
298135,1,300
298135,1,300
298135,1,300
298135,1,300
298135,1,300
298135,1,300
298135,1,300
298135,1,300
298135,1,300
298188,1,300
298188,1,300
298188,1,300
298192,1,300
298192,1,300
298192,1,300
298196,1,300
298196,1,300
298196,1,300
298196,1,300
298199,1,300
298208,1,300
299236,1,300
