0,1,300
0,1,300
56,1,300
57,1,300
57,1,300
64,1,300
66,1,300
66,1,300
66,1,300
66,1,300
130,1,300
130,1,300
144,1,300
145,1,300
151,1,300
151,1,300
201,1,300
201,1,300
247,1,300
247,1,300
247,1,300
250,1,300
250,1,300
250,1,300
251,1,300
253,1,300
254,1,300
254,1,300
312,1,300
363,1,300
375,1,300
375,1,300
375,1,300
375,1,300
404,1,300
474,1,300
484,1,300
484,1,300
484,1,300
554,1,300
554,1,300
597,1,300
597,1,300
632,1,300
632,1,300
632,1,300
632,1,300
633,1,300
644,1,300
644,1,300
765,1,300
1116,1,300
1184,1,300
1186,1,300
1374,1,300
2022,1,300
2022,1,300
2022,1,300
2093,1,300
2093,1,300
2093,1,300
2387,1,300
2387,1,300
2387,1,300
2460,1,300
2460,1,300
2460,1,300
2460,1,300
2497,1,300
2497,1,300
2499,1,300
2604,1,300
2635,1,300
2635,1,300
2638,1,300
2638,1,300
2641,1,300
2641,1,300
2641,1,300
2641,1,300
2641,1,300
2641,1,300
2641,1,300
2641,1,300
2698,1,300
2710,1,300
2710,1,300
2710,1,300
2717,1,300
2729,1,300
2987,1,300
2987,1,300
2987,1,300
2987,1,300
2987,1,300
2987,1,300
2987,1,300
2987,1,300
2987,1,300
3001,1,300
3001,1,300
3195,1,300
3195,1,300
3307,1,300
3307,1,300
3455,1,300
3455,1,300
3455,1,300
3455,1,300
3509,1,300
3509,1,300
3509,1,300
3618,1,300
3618,1,300
3618,1,300
3618,1,300
3621,1,300
3621,1,300
3753,1,300
3753,1,300
3757,1,300
3757,1,300
3757,1,300
3757,1,300
4408,1,300
4416,1,300
4416,1,300
4416,1,300
4419,1,300
4688,1,300
4688,1,300
4727,1,300
4914,1,300
4914,1,300
4914,1,300
4921,1,300
5184,1,300
5203,1,300
5203,1,300
5203,1,300
5218,1,300
5219,1,300
5221,1,300
5224,1,300
5236,1,300
5236,1,300
5243,1,300
5243,1,300
6191,1,300
6193,1,300
6193,1,300
6422,1,300
6769,1,300
6769,1,300
6821,1,300
6822,1,300
7056,1,300
7058,1,300
7126,1,300
7280,1,300
7409,1,300
7409,1,300
7409,1,300
7409,1,300
7506,1,300
7506,1,300
7506,1,300
7537,1,300
7541,1,300
7574,1,300
7574,1,300
7574,1,300
7603,1,300
7653,1,300
7673,1,300
7673,1,300
7824,1,300
7936,1,300
7936,1,300
7936,1,300
7936,1,300
7936,1,300
7936,1,300
7936,1,300
7973,1,300
7973,1,300
8885,1,300
10450,1,300
10455,1,300
10486,1,300
10486,1,300
10567,1,300
10567,1,300
10567,1,300
10567,1,300
10572,1,300
10572,1,300
10572,1,300
10572,1,300
10572,1,300
11592,1,300
11774,1,300
11792,1,300
12426,1,300
12511,1,300
12528,1,300
12528,1,300
12529,1,300
12777,1,300
12777,1,300
12777,1,300
12781,1,300
12896,1,300
12937,1,300
12937,1,300
12939,1,300
12939,1,300
12939,1,300
13217,1,300
13246,1,300
13246,1,300
13246,1,300
14151,1,300
14151,1,300
14157,1,300
14159,1,300
14159,1,300
14167,1,300
14167,1,300
14172,1,300
14199,1,300
14418,1,300
14500,1,300
14502,1,300
14502,1,300
14502,1,300
14502,1,300
14502,1,300
14502,1,300
14574,1,300
14583,1,300
14644,1,300
14644,1,300
14645,1,300
14785,1,300
14788,1,300
14788,1,300
14788,1,300
14788,1,300
14788,1,300
14886,1,300
15182,1,300
15182,1,300
15188,1,300
15188,1,300
15188,1,300
16120,1,300
16272,1,300
16272,1,300
16272,1,300
16272,1,300
16272,1,300
16315,1,300
16321,1,300
16321,1,300
16333,1,300
16333,1,300
16538,1,300
16818,1,300
16824,1,300
16934,1,300
16935,1,300
16935,1,300
16939,1,300
16939,1,300
16939,1,300
17296,1,300
17296,1,300
17296,1,300
17296,1,300
17296,1,300
17296,1,300
17296,1,300
17319,1,300
17322,1,300
17393,1,300
17424,1,300
17424,1,300
17643,1,300
17643,1,300
17644,1,300
17659,1,300
17659,1,300
17994,1,300
17994,1,300
18210,1,300
18210,1,300
18237,1,300
18272,1,300
18272,1,300
18305,1,300
18305,1,300
18305,1,300
18635,1,300
18637,1,300
18960,1,300
18960,1,300
18961,1,300
18961,1,300
18961,1,300
18961,1,300
18994,1,300
19421,1,300
19421,1,300
19421,1,300
19421,1,300
19423,1,300
19423,1,300
19423,1,300
19817,1,300
19822,1,300
19841,1,300
19841,1,300
19855,1,300
19866,1,300
20062,1,300
20062,1,300
20065,1,300
20065,1,300
20065,1,300
20065,1,300
20066,1,300
20066,1,300
20066,1,300
20070,1,300
20070,1,300
20070,1,300
20070,1,300
20531,1,300
20531,1,300
20531,1,300
20662,1,300
20662,1,300
20666,1,300
20669,1,300
20669,1,300
20669,1,300
20669,1,300
20669,1,300
20669,1,300
20669,1,300
20669,1,300
20669,1,300
20674,1,300
20676,1,300
20688,1,300
20849,1,300
20978,1,300
20978,1,300
20978,1,300
20979,1,300
21293,1,300
21293,1,300
21293,1,300
21425,1,300
21425,1,300
21427,1,300
21429,1,300
21429,1,300
21429,1,300
21720,1,300
21885,1,300
21885,1,300
21896,1,300
21902,1,300
21902,1,300
21978,1,300
21978,1,300
21978,1,300
21978,1,300
21984,1,300
21984,1,300
21984,1,300
21984,1,300
21984,1,300
21984,1,300
21984,1,300
22106,1,300
22106,1,300
22107,1,300
22139,1,300
22145,1,300
22535,1,300
22541,1,300
22544,1,300
22544,1,300
22570,1,300
22812,1,300
22825,1,300
23068,1,300
23068,1,300
23068,1,300
23068,1,300
23068,1,300
23167,1,300
23178,1,300
23178,1,300
23207,1,300
23207,1,300
23443,1,300
23460,1,300
23460,1,300
23514,1,300
23514,1,300
23514,1,300
23514,1,300
23517,1,300
23518,1,300
23538,1,300
23538,1,300
23538,1,300
23538,1,300
23538,1,300
23682,1,300
23798,1,300
23846,1,300
23846,1,300
23850,1,300
23850,1,300
23864,1,300
24410,1,300
24410,1,300
24427,1,300
24432,1,300
24432,1,300
24432,1,300
24432,1,300
24578,1,300
24679,1,300
24679,1,300
24719,1,300
24720,1,300
24753,1,300
24787,1,300
24787,1,300
24788,1,300
24788,1,300
24788,1,300
24788,1,300
24798,1,300
24798,1,300
24798,1,300
24798,1,300
24798,1,300
24798,1,300
24825,1,300
25145,1,300
25936,1,300
25936,1,300
25963,1,300
25963,1,300
25966,1,300
25968,1,300
26003,1,300
26445,1,300
26445,1,300
26445,1,300
26445,1,300
26449,1,300
26460,1,300
26460,1,300
26543,1,300
26543,1,300
26544,1,300
26544,1,300
26544,1,300
26549,1,300
26569,1,300
26570,1,300
26571,1,300
26571,1,300
26573,1,300
26573,1,300
26573,1,300
26602,1,300
28166,1,300
28181,1,300
28181,1,300
28181,1,300
28181,1,300
28181,1,300
28276,1,300
28276,1,300
28276,1,300
28276,1,300
28276,1,300
28294,1,300
28309,1,300
28309,1,300
28309,1,300
28309,1,300
29153,1,300
29190,1,300
29574,1,300
29607,1,300
29607,1,300
29630,1,300
29630,1,300
29664,1,300
29714,1,300
29772,1,300
30110,1,300
30111,1,300
30113,1,300
30113,1,300
30200,1,300
30200,1,300
30200,1,300
30201,1,300
30201,1,300
30201,1,300
30201,1,300
30202,1,300
30254,1,300
30254,1,300
30282,1,300
30282,1,300
30334,1,300
30460,1,300
30460,1,300
30598,1,300
30598,1,300
30598,1,300
30598,1,300
30653,1,300
30653,1,300
30667,1,300
30667,1,300
30696,1,300
30697,1,300
30779,1,300
33055,1,300
33681,1,300
33703,1,300
33777,1,300
33777,1,300
33783,1,300
33783,1,300
34137,1,300
34146,1,300
34146,1,300
34146,1,300
34146,1,300
34152,1,300
34154,1,300
34154,1,300
34705,1,300
34705,1,300
35490,1,300
35490,1,300
35730,1,300
35742,1,300
35744,1,300
35767,1,300
35767,1,300
35767,1,300
35781,1,300
35787,1,300
35787,1,300
35787,1,300
35787,1,300
35801,1,300
35801,1,300
35824,1,300
35824,1,300
35827,1,300
35827,1,300
35842,1,300
35842,1,300
35984,1,300
35990,1,300
36127,1,300
36127,1,300
36127,1,300
36127,1,300
36127,1,300
36127,1,300
36160,1,300
36205,1,300
36205,1,300
36205,1,300
36205,1,300
36205,1,300
36206,1,300
36206,1,300
36233,1,300
36234,1,300
36235,1,300
36237,1,300
36237,1,300
36255,1,300
36699,1,300
36699,1,300
36699,1,300
36809,1,300
36823,1,300
36835,1,300
36938,1,300
36938,1,300
36938,1,300
36939,1,300
36939,1,300
36942,1,300
36942,1,300
36955,1,300
36955,1,300
36956,1,300
36956,1,300
36956,1,300
36956,1,300
37224,1,300
37224,1,300
37635,1,300
37635,1,300
37635,1,300
37727,1,300
37727,1,300
37734,1,300
37735,1,300
37735,1,300
37735,1,300
37735,1,300
37735,1,300
37735,1,300
37735,1,300
37735,1,300
37735,1,300
37735,1,300
37735,1,300
37742,1,300
37743,1,300
37743,1,300
37743,1,300
37743,1,300
37746,1,300
37746,1,300
37747,1,300
37747,1,300
37751,1,300
37751,1,300
37754,1,300
37754,1,300
38457,1,300
38457,1,300
38457,1,300
38457,1,300
38459,1,300
38459,1,300
38459,1,300
38459,1,300
38470,1,300
38470,1,300
38471,1,300
38471,1,300
38471,1,300
38471,1,300
38594,1,300
38594,1,300
38597,1,300
38597,1,300
38597,1,300
38597,1,300
38597,1,300
38597,1,300
38597,1,300
38597,1,300
38597,1,300
38597,1,300
38610,1,300
38615,1,300
38628,1,300
38712,1,300
39405,1,300
39405,1,300
39405,1,300
39405,1,300
39405,1,300
39405,1,300
39405,1,300
40193,1,300
40200,1,300
40200,1,300
40225,1,300
40232,1,300
40233,1,300
40239,1,300
40239,1,300
40241,1,300
40241,1,300
40241,1,300
40510,1,300
40510,1,300
40510,1,300
40510,1,300
40511,1,300
40513,1,300
40663,1,300
40681,1,300
40681,1,300
41140,1,300
41141,1,300
41141,1,300
41141,1,300
41487,1,300
41489,1,300
41489,1,300
41505,1,300
41505,1,300
41505,1,300
41568,1,300
41570,1,300
41603,1,300
41605,1,300
41802,1,300
41802,1,300
41802,1,300
41815,1,300
41907,1,300
41969,1,300
41969,1,300
41970,1,300
41970,1,300
41970,1,300
41970,1,300
41970,1,300
41970,1,300
42399,1,300
42399,1,300
43265,1,300
43538,1,300
43538,1,300
43538,1,300
43633,1,300
43633,1,300
43662,1,300
43662,1,300
43662,1,300
43662,1,300
43662,1,300
44067,1,300
44253,1,300
44253,1,300
44253,1,300
44262,1,300
44262,1,300
44419,1,300
44419,1,300
44419,1,300
44419,1,300
44419,1,300
44421,1,300
44421,1,300
44423,1,300
44425,1,300
44431,1,300
44431,1,300
44435,1,300
44435,1,300
44435,1,300
44435,1,300
44515,1,300
44515,1,300
44617,1,300
44912,1,300
44919,1,300
44920,1,300
44920,1,300
44920,1,300
45985,1,300
45985,1,300
45993,1,300
45994,1,300
46057,1,300
46058,1,300
46058,1,300
46059,1,300
46060,1,300
46060,1,300
46062,1,300
46062,1,300
46096,1,300
46098,1,300
46190,1,300
46190,1,300
46190,1,300
46195,1,300
46195,1,300
46195,1,300
46207,1,300
46207,1,300
46207,1,300
46244,1,300
46244,1,300
46244,1,300
46245,1,300
46245,1,300
46246,1,300
46246,1,300
46246,1,300
46246,1,300
46256,1,300
46256,1,300
46636,1,300
46636,1,300
46636,1,300
46636,1,300
46664,1,300
46664,1,300
46664,1,300
46664,1,300
47099,1,300
47101,1,300
47101,1,300
47101,1,300
47131,1,300
47179,1,300
47181,1,300
47235,1,300
47235,1,300
47235,1,300
47308,1,300
47332,1,300
47332,1,300
47569,1,300
47764,1,300
48342,1,300
48403,1,300
48448,1,300
48449,1,300
48450,1,300
48451,1,300
48451,1,300
48451,1,300
48451,1,300
48536,1,300
48537,1,300
48537,1,300
48537,1,300
48537,1,300
48548,1,300
48577,1,300
48579,1,300
48579,1,300
48581,1,300
48777,1,300
48777,1,300
48778,1,300
48778,1,300
48778,1,300
48781,1,300
48784,1,300
48784,1,300
48785,1,300
48785,1,300
48785,1,300
48785,1,300
48785,1,300
48785,1,300
48785,1,300
48793,1,300
48804,1,300
48817,1,300
48818,1,300
48826,1,300
48850,1,300
48850,1,300
48850,1,300
48972,1,300
48981,1,300
49005,1,300
49006,1,300
49219,1,300
49219,1,300
49219,1,300
49220,1,300
49222,1,300
49222,1,300
49228,1,300
49228,1,300
49228,1,300
49228,1,300
49330,1,300
50620,1,300
50620,1,300
50620,1,300
50620,1,300
50621,1,300
50621,1,300
50621,1,300
50621,1,300
50621,1,300
50623,1,300
50626,1,300
50627,1,300
50764,1,300
50776,1,300
50779,1,300
50782,1,300
50782,1,300
50782,1,300
50782,1,300
50782,1,300
50782,1,300
50805,1,300
50808,1,300
50810,1,300
50810,1,300
50948,1,300
50948,1,300
50948,1,300
51195,1,300
51195,1,300
51350,1,300
51350,1,300
51371,1,300
51371,1,300
51398,1,300
51770,1,300
51770,1,300
51791,1,300
51791,1,300
51791,1,300
51792,1,300
51792,1,300
51793,1,300
51793,1,300
52322,1,300
52322,1,300
52346,1,300
52346,1,300
52346,1,300
52362,1,300
52362,1,300
52362,1,300
52364,1,300
52365,1,300
52365,1,300
52365,1,300
52365,1,300
52370,1,300
53610,1,300
53610,1,300
53981,1,300
53995,1,300
53995,1,300
53995,1,300
53995,1,300
53995,1,300
54078,1,300
54518,1,300
54518,1,300
54518,1,300
54518,1,300
54518,1,300
54518,1,300
54681,1,300
54681,1,300
54741,1,300
54741,1,300
54828,1,300
54828,1,300
54828,1,300
54848,1,300
54848,1,300
54933,1,300
54933,1,300
54933,1,300
54933,1,300
54933,1,300
54933,1,300
54934,1,300
54934,1,300
54934,1,300
54934,1,300
54945,1,300
54965,1,300
54967,1,300
54967,1,300
54967,1,300
55009,1,300
55013,1,300
55015,1,300
55021,1,300
55021,1,300
55021,1,300
55023,1,300
55056,1,300
55056,1,300
55099,1,300
55099,1,300
55157,1,300
55157,1,300
55164,1,300
55164,1,300
55166,1,300
55497,1,300
55497,1,300
55497,1,300
55497,1,300
55497,1,300
55497,1,300
55497,1,300
55497,1,300
55507,1,300
55507,1,300
55635,1,300
55635,1,300
55647,1,300
55647,1,300
55647,1,300
55651,1,300
55888,1,300
55888,1,300
55888,1,300
55902,1,300
55904,1,300
55904,1,300
56573,1,300
57040,1,300
57410,1,300
57420,1,300
57420,1,300
57420,1,300
57420,1,300
57427,1,300
57427,1,300
57427,1,300
57442,1,300
57444,1,300
57444,1,300
57444,1,300
57444,1,300
57444,1,300
57444,1,300
57444,1,300
57444,1,300
57446,1,300
57446,1,300
57727,1,300
57727,1,300
57727,1,300
57727,1,300
57732,1,300
57973,1,300
58342,1,300
58342,1,300
58342,1,300
58342,1,300
58342,1,300
58342,1,300
58342,1,300
58415,1,300
58415,1,300
58415,1,300
58588,1,300
58589,1,300
59301,1,300
59508,1,300
59665,1,300
60044,1,300
60044,1,300
60044,1,300
60067,1,300
60069,1,300
60069,1,300
60069,1,300
60069,1,300
60069,1,300
60069,1,300
60069,1,300
60069,1,300
60077,1,300
60077,1,300
60086,1,300
60086,1,300
60883,1,300
60883,1,300
60905,1,300
60905,1,300
60905,1,300
61138,1,300
61199,1,300
61199,1,300
61199,1,300
61199,1,300
61464,1,300
61464,1,300
61464,1,300
61470,1,300
61508,1,300
61510,1,300
61642,1,300
61642,1,300
61643,1,300
62003,1,300
62003,1,300
62003,1,300
62023,1,300
62023,1,300
62023,1,300
62088,1,300
62088,1,300
62088,1,300
62088,1,300
62088,1,300
62127,1,300
62127,1,300
62129,1,300
62129,1,300
62129,1,300
62129,1,300
62152,1,300
62153,1,300
62153,1,300
62153,1,300
62163,1,300
62163,1,300
62163,1,300
62163,1,300
62323,1,300
62348,1,300
62350,1,300
62350,1,300
62350,1,300
62404,1,300
62442,1,300
62452,1,300
62452,1,300
62452,1,300
62471,1,300
62471,1,300
62473,1,300
62490,1,300
62490,1,300
62491,1,300
62655,1,300
62946,1,300
62946,1,300
62946,1,300
63687,1,300
63776,1,300
63776,1,300
63781,1,300
63785,1,300
63785,1,300
63785,1,300
63785,1,300
63785,1,300
63785,1,300
64745,1,300
64749,1,300
65317,1,300
65317,1,300
65317,1,300
65726,1,300
65726,1,300
65727,1,300
65730,1,300
65870,1,300
65870,1,300
65870,1,300
65876,1,300
65944,1,300
66002,1,300
66010,1,300
66010,1,300
66102,1,300
66102,1,300
66205,1,300
66285,1,300
66285,1,300
66448,1,300
66549,1,300
66549,1,300
66549,1,300
66549,1,300
66576,1,300
66622,1,300
66622,1,300
66622,1,300
66622,1,300
66626,1,300
66626,1,300
67367,1,300
67367,1,300
67367,1,300
67367,1,300
67367,1,300
67367,1,300
67367,1,300
67367,1,300
67463,1,300
68302,1,300
68302,1,300
68302,1,300
68302,1,300
68302,1,300
68431,1,300
68453,1,300
68453,1,300
68478,1,300
68767,1,300
68767,1,300
68867,1,300
68868,1,300
68868,1,300
68934,1,300
68939,1,300
68939,1,300
68944,1,300
68944,1,300
68949,1,300
68949,1,300
69027,1,300
69033,1,300
69034,1,300
69034,1,300
69035,1,300
69164,1,300
69164,1,300
69219,1,300
69278,1,300
69278,1,300
69286,1,300
69286,1,300
69286,1,300
69286,1,300
69286,1,300
69286,1,300
69289,1,300
69313,1,300
69313,1,300
69313,1,300
69314,1,300
69314,1,300
69317,1,300
69317,1,300
69317,1,300
69318,1,300
69356,1,300
69381,1,300
69401,1,300
69401,1,300
69402,1,300
69403,1,300
69403,1,300
69403,1,300
70041,1,300
70041,1,300
70096,1,300
70096,1,300
70096,1,300
70096,1,300
70119,1,300
70119,1,300
70124,1,300
70130,1,300
70130,1,300
70176,1,300
71219,1,300
71292,1,300
71292,1,300
71292,1,300
71292,1,300
71292,1,300
71293,1,300
71299,1,300
71299,1,300
71488,1,300
71488,1,300
71545,1,300
71550,1,300
71551,1,300
71553,1,300
71553,1,300
71553,1,300
71555,1,300
71555,1,300
71555,1,300
71555,1,300
71583,1,300
71583,1,300
71636,1,300
71660,1,300
71845,1,300
71845,1,300
72006,1,300
72006,1,300
72006,1,300
72006,1,300
72189,1,300
72189,1,300
73797,1,300
73797,1,300
73797,1,300
73797,1,300
73817,1,300
73834,1,300
73834,1,300
73834,1,300
73834,1,300
73834,1,300
74719,1,300
74719,1,300
74719,1,300
74719,1,300
75258,1,300
75260,1,300
75264,1,300
75264,1,300
75285,1,300
75285,1,300
75285,1,300
75285,1,300
75285,1,300
75286,1,300
75303,1,300
75303,1,300
75305,1,300
75305,1,300
75465,1,300
76308,1,300
76468,1,300
76468,1,300
76651,1,300
76794,1,300
78263,1,300
78263,1,300
78264,1,300
78264,1,300
78266,1,300
78276,1,300
78276,1,300
78276,1,300
78284,1,300
78285,1,300
78285,1,300
78337,1,300
78337,1,300
78340,1,300
78340,1,300
78340,1,300
78724,1,300
78724,1,300
78724,1,300
78724,1,300
78808,1,300
78842,1,300
78851,1,300
78854,1,300
79402,1,300
79402,1,300
79402,1,300
79604,1,300
79625,1,300
79625,1,300
79636,1,300
79637,1,300
79655,1,300
79677,1,300
79679,1,300
79681,1,300
79703,1,300
79704,1,300
79708,1,300
81124,1,300
81124,1,300
81124,1,300
81791,1,300
81791,1,300
81812,1,300
81813,1,300
82115,1,300
82115,1,300
82148,1,300
82149,1,300
82404,1,300
82514,1,300
82514,1,300
82515,1,300
82515,1,300
82645,1,300
82647,1,300
82647,1,300
82647,1,300
82694,1,300
82696,1,300
82703,1,300
82703,1,300
82703,1,300
82703,1,300
82703,1,300
82704,1,300
82704,1,300
82704,1,300
82704,1,300
83216,1,300
83216,1,300
83329,1,300
83329,1,300
83329,1,300
83332,1,300
83337,1,300
83337,1,300
83340,1,300
83346,1,300
83565,1,300
83565,1,300
83588,1,300
83588,1,300
83897,1,300
83897,1,300
83903,1,300
83905,1,300
83905,1,300
83905,1,300
83909,1,300
83909,1,300
83917,1,300
83922,1,300
83927,1,300
83930,1,300
83931,1,300
83933,1,300
83936,1,300
83936,1,300
83954,1,300
83954,1,300
84755,1,300
84763,1,300
84763,1,300
84763,1,300
84763,1,300
84853,1,300
84898,1,300
84898,1,300
84908,1,300
85047,1,300
85236,1,300
85236,1,300
85237,1,300
85237,1,300
85237,1,300
85237,1,300
85240,1,300
85240,1,300
85240,1,300
85343,1,300
85353,1,300
85354,1,300
85356,1,300
85361,1,300
85361,1,300
85677,1,300
85677,1,300
85725,1,300
85725,1,300
85725,1,300
86139,1,300
86139,1,300
86153,1,300
86484,1,300
86510,1,300
86511,1,300
86511,1,300
86511,1,300
87128,1,300
87128,1,300
87129,1,300
87129,1,300
87131,1,300
87131,1,300
87131,1,300
87131,1,300
87132,1,300
87134,1,300
87135,1,300
87135,1,300
87213,1,300
87302,1,300
87546,1,300
87546,1,300
87576,1,300
88374,1,300
88394,1,300
88394,1,300
88397,1,300
88436,1,300
88496,1,300
88496,1,300
88698,1,300
88844,1,300
88844,1,300
88844,1,300
88844,1,300
89079,1,300
89079,1,300
89079,1,300
89079,1,300
89081,1,300
89082,1,300
89084,1,300
89318,1,300
89322,1,300
89326,1,300
89366,1,300
89366,1,300
89431,1,300
89431,1,300
89433,1,300
89433,1,300
89434,1,300
90189,1,300
90189,1,300
90210,1,300
90283,1,300
90310,1,300
90731,1,300
90738,1,300
90738,1,300
90740,1,300
90740,1,300
90740,1,300
90757,1,300
90761,1,300
90766,1,300
90766,1,300
90783,1,300
91228,1,300
91230,1,300
91243,1,300
91243,1,300
91243,1,300
91248,1,300
91349,1,300
91542,1,300
91544,1,300
91544,1,300
91544,1,300
91621,1,300
91622,1,300
91643,1,300
91643,1,300
91653,1,300
91654,1,300
91742,1,300
91745,1,300
91779,1,300
92135,1,300
92135,1,300
92354,1,300
92461,1,300
92461,1,300
92461,1,300
92461,1,300
92462,1,300
92462,1,300
92462,1,300
92474,1,300
92474,1,300
92474,1,300
92611,1,300
92799,1,300
92799,1,300
92799,1,300
92828,1,300
92835,1,300
92835,1,300
93098,1,300
93098,1,300
93098,1,300
93672,1,300
93862,1,300
93882,1,300
93882,1,300
93882,1,300
93883,1,300
93883,1,300
93897,1,300
93934,1,300
94054,1,300
94054,1,300
94054,1,300
94054,1,300
94075,1,300
94753,1,300
94753,1,300
94820,1,300
94964,1,300
94966,1,300
94966,1,300
94966,1,300
95123,1,300
95123,1,300
95123,1,300
95123,1,300
95123,1,300
95123,1,300
95123,1,300
95123,1,300
95123,1,300
95168,1,300
95168,1,300
95351,1,300
95354,1,300
95355,1,300
95517,1,300
95517,1,300
95517,1,300
95662,1,300
95662,1,300
95715,1,300
95715,1,300
95715,1,300
95715,1,300
95996,1,300
95996,1,300
96000,1,300
96000,1,300
96006,1,300
96006,1,300
96357,1,300
96357,1,300
96357,1,300
96709,1,300
96802,1,300
96804,1,300
96804,1,300
96833,1,300
96833,1,300
96833,1,300
97126,1,300
97128,1,300
97129,1,300
97129,1,300
97133,1,300
97133,1,300
97345,1,300
97345,1,300
97367,1,300
97367,1,300
97367,1,300
97377,1,300
97377,1,300
97389,1,300
97417,1,300
97417,1,300
97424,1,300
97426,1,300
97428,1,300
97429,1,300
97429,1,300
97429,1,300
98184,1,300
98193,1,300
98195,1,300
98196,1,300
98196,1,300
98210,1,300
98210,1,300
98210,1,300
98210,1,300
98222,1,300
98226,1,300
98252,1,300
98252,1,300
98252,1,300
98345,1,300
98355,1,300
98355,1,300
98567,1,300
98567,1,300
98626,1,300
98626,1,300
98627,1,300
98684,1,300
98684,1,300
98685,1,300
98689,1,300
98689,1,300
99875,1,300
99875,1,300
99877,1,300
99948,1,300
99957,1,300
99958,1,300
99963,1,300
99963,1,300
99963,1,300
99963,1,300
99963,1,300
99963,1,300
99963,1,300
99963,1,300
99963,1,300
101209,1,300
101375,1,300
101375,1,300
101411,1,300
101411,1,300
101560,1,300
101574,1,300
101574,1,300
101574,1,300
101629,1,300
101630,1,300
102193,1,300
102193,1,300
102196,1,300
102196,1,300
102196,1,300
102268,1,300
102402,1,300
102402,1,300
102407,1,300
102407,1,300
102408,1,300
102408,1,300
102408,1,300
102408,1,300
102408,1,300
102614,1,300
103094,1,300
103098,1,300
103098,1,300
103098,1,300
103135,1,300
103178,1,300
103432,1,300
103432,1,300
103432,1,300
103438,1,300
103447,1,300
103448,1,300
103448,1,300
103448,1,300
103448,1,300
103515,1,300
103517,1,300
103517,1,300
103517,1,300
103517,1,300
103517,1,300
103792,1,300
103792,1,300
104665,1,300
104665,1,300
104665,1,300
104665,1,300
104665,1,300
104667,1,300
104708,1,300
104710,1,300
104712,1,300
104712,1,300
105618,1,300
105725,1,300
105740,1,300
105741,1,300
105741,1,300
105745,1,300
105882,1,300
105991,1,300
106042,1,300
106042,1,300
106042,1,300
106087,1,300
106101,1,300
106110,1,300
106110,1,300
106405,1,300
106575,1,300
106575,1,300
106575,1,300
106575,1,300
106575,1,300
106937,1,300
106937,1,300
106942,1,300
106942,1,300
106942,1,300
106942,1,300
106942,1,300
106942,1,300
106942,1,300
107096,1,300
107096,1,300
107096,1,300
107199,1,300
107411,1,300
107420,1,300
107420,1,300
107420,1,300
107420,1,300
107420,1,300
107420,1,300
107420,1,300
107420,1,300
107467,1,300
107467,1,300
107467,1,300
107644,1,300
107644,1,300
107644,1,300
107893,1,300
107903,1,300
107903,1,300
107908,1,300
107917,1,300
108041,1,300
108101,1,300
108101,1,300
108101,1,300
109129,1,300
109130,1,300
109132,1,300
109312,1,300
109312,1,300
109312,1,300
109312,1,300
109427,1,300
109427,1,300
109427,1,300
109439,1,300
109439,1,300
109439,1,300
109439,1,300
109439,1,300
110343,1,300
110346,1,300
110351,1,300
110551,1,300
110910,1,300
110964,1,300
110969,1,300
110969,1,300
110969,1,300
110969,1,300
111077,1,300
111077,1,300
111077,1,300
111078,1,300
111078,1,300
111078,1,300
111078,1,300
111078,1,300
111080,1,300
111080,1,300
111080,1,300
111080,1,300
111375,1,300
111375,1,300
111375,1,300
111375,1,300
111376,1,300
111376,1,300
111376,1,300
111377,1,300
111564,1,300
111816,1,300
111816,1,300
111816,1,300
111816,1,300
111819,1,300
111819,1,300
111819,1,300
111844,1,300
111844,1,300
111868,1,300
111869,1,300
111869,1,300
111869,1,300
111870,1,300
111870,1,300
112018,1,300
112018,1,300
112018,1,300
112018,1,300
112110,1,300
112142,1,300
112180,1,300
112180,1,300
112186,1,300
112427,1,300
112758,1,300
112758,1,300
112843,1,300
112857,1,300
112870,1,300
113090,1,300
113158,1,300
113161,1,300
113161,1,300
113191,1,300
113192,1,300
113193,1,300
113194,1,300
113425,1,300
113425,1,300
113425,1,300
113426,1,300
113426,1,300
113567,1,300
113567,1,300
113567,1,300
113567,1,300
113567,1,300
113567,1,300
113567,1,300
114011,1,300
114011,1,300
114011,1,300
114011,1,300
114011,1,300
114011,1,300
114011,1,300
114436,1,300
114436,1,300
114436,1,300
114436,1,300
114615,1,300
114659,1,300
114659,1,300
114771,1,300
114771,1,300
114773,1,300
114773,1,300
114773,1,300
114773,1,300
114780,1,300
115120,1,300
115120,1,300
115120,1,300
115120,1,300
115120,1,300
115120,1,300
115120,1,300
115120,1,300
115122,1,300
115122,1,300
115122,1,300
115122,1,300
116617,1,300
116617,1,300
116617,1,300
116617,1,300
116620,1,300
116620,1,300
116620,1,300
116622,1,300
116623,1,300
116623,1,300
116631,1,300
116647,1,300
116647,1,300
116647,1,300
116648,1,300
116649,1,300
116649,1,300
116649,1,300
116649,1,300
117117,1,300
117117,1,300
117117,1,300
117117,1,300
117200,1,300
117418,1,300
117418,1,300
117421,1,300
117421,1,300
117421,1,300
117421,1,300
117907,1,300
117992,1,300
118007,1,300
118007,1,300
118014,1,300
118014,1,300
118014,1,300
118014,1,300
118014,1,300
118014,1,300
118014,1,300
118014,1,300
118111,1,300
118111,1,300
118462,1,300
118462,1,300
118462,1,300
118462,1,300
118463,1,300
118463,1,300
118621,1,300
118877,1,300
118877,1,300
118877,1,300
118877,1,300
119612,1,300
119612,1,300
119612,1,300
119612,1,300
119612,1,300
119615,1,300
119684,1,300
119886,1,300
119886,1,300
119897,1,300
119901,1,300
119901,1,300
119901,1,300
119901,1,300
119901,1,300
119937,1,300
119937,1,300
119940,1,300
119940,1,300
119940,1,300
119940,1,300
119995,1,300
119995,1,300
119995,1,300
119995,1,300
119995,1,300
119998,1,300
119998,1,300
119998,1,300
120084,1,300
120084,1,300
120084,1,300
120112,1,300
120132,1,300
120135,1,300
120293,1,300
120293,1,300
120293,1,300
120381,1,300
120382,1,300
120383,1,300
120383,1,300
120383,1,300
120383,1,300
120384,1,300
120465,1,300
120544,1,300
120578,1,300
120578,1,300
120578,1,300
120578,1,300
120647,1,300
121145,1,300
121145,1,300
121360,1,300
121360,1,300
121369,1,300
121369,1,300
121369,1,300
121369,1,300
121701,1,300
121702,1,300
121818,1,300
121818,1,300
121818,1,300
121818,1,300
121822,1,300
121825,1,300
121825,1,300
121825,1,300
121825,1,300
121847,1,300
121847,1,300
121847,1,300
121847,1,300
121847,1,300
121883,1,300
122071,1,300
123155,1,300
123155,1,300
123157,1,300
123158,1,300
123709,1,300
123739,1,300
123802,1,300
123802,1,300
123802,1,300
123802,1,300
124125,1,300
124125,1,300
124125,1,300
124238,1,300
124243,1,300
124243,1,300
124243,1,300
124244,1,300
124244,1,300
124245,1,300
124250,1,300
125429,1,300
125429,1,300
125429,1,300
125429,1,300
125445,1,300
125445,1,300
125445,1,300
125445,1,300
125458,1,300
125458,1,300
125759,1,300
125759,1,300
125794,1,300
125831,1,300
125831,1,300
125831,1,300
125844,1,300
125876,1,300
125876,1,300
125880,1,300
125880,1,300
125893,1,300
125935,1,300
125989,1,300
125989,1,300
125989,1,300
125989,1,300
125992,1,300
125992,1,300
126013,1,300
126013,1,300
126013,1,300
126013,1,300
126013,1,300
126013,1,300
126013,1,300
126047,1,300
126047,1,300
126047,1,300
126047,1,300
126051,1,300
126051,1,300
126051,1,300
126051,1,300
126081,1,300
126081,1,300
126081,1,300
126081,1,300
126082,1,300
126088,1,300
126088,1,300
126088,1,300
126088,1,300
126088,1,300
126102,1,300
126115,1,300
126115,1,300
126115,1,300
126120,1,300
126151,1,300
126151,1,300
126167,1,300
126167,1,300
126167,1,300
126297,1,300
126297,1,300
126297,1,300
126332,1,300
126334,1,300
126334,1,300
126334,1,300
126334,1,300
126334,1,300
126334,1,300
126334,1,300
126343,1,300
126343,1,300
126344,1,300
126370,1,300
126370,1,300
126468,1,300
126468,1,300
126468,1,300
126468,1,300
126541,1,300
126631,1,300
126634,1,300
126668,1,300
126699,1,300
126706,1,300
126818,1,300
126818,1,300
126818,1,300
126818,1,300
126818,1,300
126818,1,300
126821,1,300
126821,1,300
126821,1,300
126829,1,300
126834,1,300
126858,1,300
126864,1,300
126927,1,300
126927,1,300
127140,1,300
127193,1,300
127195,1,300
127209,1,300
127733,1,300
127733,1,300
127733,1,300
128014,1,300
128061,1,300
128731,1,300
128822,1,300
128822,1,300
128822,1,300
129876,1,300
129876,1,300
129876,1,300
129974,1,300
130319,1,300
130319,1,300
130446,1,300
130446,1,300
130991,1,300
131005,1,300
131005,1,300
131088,1,300
131090,1,300
131357,1,300
131357,1,300
131359,1,300
131359,1,300
131424,1,300
131424,1,300
131424,1,300
131534,1,300
131536,1,300
131536,1,300
131537,1,300
131537,1,300
131537,1,300
131537,1,300
131537,1,300
131537,1,300
131539,1,300
131920,1,300
131958,1,300
131958,1,300
131958,1,300
131958,1,300
132232,1,300
132232,1,300
132234,1,300
132246,1,300
132247,1,300
132247,1,300
132251,1,300
132251,1,300
132251,1,300
132251,1,300
132251,1,300
132263,1,300
132267,1,300
132267,1,300
132267,1,300
132267,1,300
132289,1,300
132499,1,300
133287,1,300
133401,1,300
133447,1,300
133447,1,300
133451,1,300
133451,1,300
133456,1,300
133456,1,300
133456,1,300
133547,1,300
134793,1,300
134793,1,300
135233,1,300
135233,1,300
135270,1,300
135306,1,300
135307,1,300
135307,1,300
135392,1,300
135395,1,300
135396,1,300
135426,1,300
135616,1,300
135616,1,300
135616,1,300
135616,1,300
135629,1,300
136628,1,300
136628,1,300
136634,1,300
136657,1,300
136687,1,300
137105,1,300
137107,1,300
137107,1,300
137122,1,300
137727,1,300
137727,1,300
137727,1,300
137732,1,300
137748,1,300
137752,1,300
137812,1,300
137812,1,300
139098,1,300
139110,1,300
139203,1,300
139384,1,300
139384,1,300
139384,1,300
139384,1,300
139384,1,300
139522,1,300
139522,1,300
139522,1,300
139522,1,300
139523,1,300
139711,1,300
139711,1,300
139711,1,300
139721,1,300
139721,1,300
139721,1,300
139721,1,300
139721,1,300
139721,1,300
139722,1,300
139722,1,300
139732,1,300
140099,1,300
140256,1,300
140364,1,300
140364,1,300
140364,1,300
140364,1,300
140400,1,300
140401,1,300
140417,1,300
140417,1,300
140964,1,300
140969,1,300
141017,1,300
141017,1,300
141017,1,300
141017,1,300
141017,1,300
141017,1,300
141083,1,300
141083,1,300
141083,1,300
141083,1,300
141084,1,300
141089,1,300
141089,1,300
141111,1,300
141111,1,300
141111,1,300
141137,1,300
141263,1,300
141263,1,300
141263,1,300
141264,1,300
141264,1,300
141283,1,300
141283,1,300
141371,1,300
141371,1,300
142488,1,300
142488,1,300
142488,1,300
142489,1,300
142490,1,300
143389,1,300
143389,1,300
143390,1,300
143413,1,300
143486,1,300
143577,1,300
143577,1,300
143577,1,300
143577,1,300
143578,1,300
143584,1,300
143584,1,300
143741,1,300
143742,1,300
143743,1,300
143794,1,300
143799,1,300
143813,1,300
143813,1,300
143813,1,300
143813,1,300
143904,1,300
143904,1,300
144078,1,300
144078,1,300
144078,1,300
144373,1,300
144447,1,300
144475,1,300
144475,1,300
144475,1,300
144475,1,300
144492,1,300
144516,1,300
144522,1,300
144522,1,300
144522,1,300
144532,1,300
144532,1,300
144611,1,300
144624,1,300
144624,1,300
144624,1,300
144630,1,300
144630,1,300
144630,1,300
144647,1,300
144647,1,300
144647,1,300
144649,1,300
144649,1,300
144649,1,300
144649,1,300
144649,1,300
144649,1,300
144683,1,300
144689,1,300
144689,1,300
144738,1,300
144760,1,300
145455,1,300
145476,1,300
145476,1,300
145476,1,300
145476,1,300
145476,1,300
145484,1,300
145529,1,300
145771,1,300
145771,1,300
145771,1,300
145776,1,300
145776,1,300
145776,1,300
146855,1,300
146855,1,300
146856,1,300
146859,1,300
146859,1,300
146859,1,300
146859,1,300
146859,1,300
146859,1,300
146859,1,300
146865,1,300
146867,1,300
146867,1,300
146867,1,300
146867,1,300
146869,1,300
146886,1,300
146886,1,300
146974,1,300
146974,1,300
147191,1,300
147191,1,300
147191,1,300
147191,1,300
147191,1,300
147191,1,300
147191,1,300
147215,1,300
147215,1,300
147629,1,300
147668,1,300
148221,1,300
148221,1,300
148221,1,300
148221,1,300
148221,1,300
148221,1,300
148224,1,300
148261,1,300
148261,1,300
148261,1,300
148261,1,300
148261,1,300
148261,1,300
148261,1,300
148261,1,300
148261,1,300
148285,1,300
148285,1,300
148435,1,300
148435,1,300
148447,1,300
148447,1,300
148630,1,300
148630,1,300
148696,1,300
148776,1,300
148790,1,300
148790,1,300
148795,1,300
148795,1,300
148795,1,300
148795,1,300
148828,1,300
148834,1,300
148834,1,300
149008,1,300
149412,1,300
149413,1,300
149456,1,300
149456,1,300
149456,1,300
149456,1,300
149844,1,300
150709,1,300
150735,1,300
150762,1,300
150762,1,300
150772,1,300
150966,1,300
150978,1,300
150979,1,300
150979,1,300
150979,1,300
150979,1,300
150981,1,300
150981,1,300
151543,1,300
151573,1,300
151607,1,300
151607,1,300
151616,1,300
151616,1,300
151708,1,300
151708,1,300
151843,1,300
151843,1,300
151843,1,300
151846,1,300
151848,1,300
152052,1,300
152062,1,300
152062,1,300
152063,1,300
152068,1,300
152068,1,300
152122,1,300
152179,1,300
152179,1,300
152179,1,300
152183,1,300
152183,1,300
152183,1,300
152183,1,300
152183,1,300
152183,1,300
152189,1,300
152190,1,300
152190,1,300
152190,1,300
152190,1,300
152190,1,300
152191,1,300
152191,1,300
152191,1,300
152191,1,300
152192,1,300
152192,1,300
152248,1,300
152364,1,300
152374,1,300
152398,1,300
152398,1,300
152398,1,300
152398,1,300
152398,1,300
152398,1,300
152407,1,300
152409,1,300
152409,1,300
152410,1,300
152495,1,300
152495,1,300
152497,1,300
152499,1,300
153693,1,300
153921,1,300
153921,1,300
153921,1,300
153921,1,300
153938,1,300
153938,1,300
153938,1,300
153939,1,300
153939,1,300
153939,1,300
153940,1,300
153940,1,300
153940,1,300
153940,1,300
153940,1,300
153956,1,300
153957,1,300
154074,1,300
154370,1,300
154370,1,300
154370,1,300
154370,1,300
154370,1,300
155366,1,300
155386,1,300
155386,1,300
155386,1,300
155386,1,300
155386,1,300
155429,1,300
155431,1,300
155431,1,300
155431,1,300
155431,1,300
155482,1,300
155544,1,300
155557,1,300
155557,1,300
155627,1,300
155653,1,300
155653,1,300
155653,1,300
155653,1,300
155670,1,300
155717,1,300
156312,1,300
156312,1,300
156312,1,300
156496,1,300
156497,1,300
156510,1,300
156612,1,300
156613,1,300
156614,1,300
156759,1,300
156760,1,300
156760,1,300
156760,1,300
156760,1,300
156775,1,300
156775,1,300
156867,1,300
156867,1,300
156867,1,300
156867,1,300
156867,1,300
156867,1,300
156875,1,300
158164,1,300
158164,1,300
158164,1,300
158164,1,300
158164,1,300
158179,1,300
158234,1,300
158241,1,300
158290,1,300
158310,1,300
158310,1,300
158377,1,300
158411,1,300
158411,1,300
158411,1,300
158411,1,300
158411,1,300
158416,1,300
158430,1,300
158955,1,300
158955,1,300
158955,1,300
158955,1,300
158955,1,300
158955,1,300
158955,1,300
158955,1,300
159000,1,300
159000,1,300
159618,1,300
159618,1,300
159620,1,300
159632,1,300
159679,1,300
159679,1,300
159679,1,300
159679,1,300
159690,1,300
159690,1,300
160162,1,300
160162,1,300
160162,1,300
160162,1,300
160205,1,300
160205,1,300
160205,1,300
160206,1,300
160206,1,300
160245,1,300
160245,1,300
160245,1,300
160245,1,300
160245,1,300
160279,1,300
160279,1,300
160286,1,300
160286,1,300
160951,1,300
160951,1,300
160951,1,300
161468,1,300
161468,1,300
161468,1,300
161523,1,300
161523,1,300
161523,1,300
161523,1,300
161529,1,300
161529,1,300
161529,1,300
161529,1,300
161529,1,300
161545,1,300
161545,1,300
161570,1,300
161570,1,300
161649,1,300
161649,1,300
161649,1,300
161777,1,300
161782,1,300
161782,1,300
161906,1,300
162041,1,300
162048,1,300
162357,1,300
162357,1,300
162359,1,300
162371,1,300
162371,1,300
162490,1,300
162543,1,300
163447,1,300
163448,1,300
164061,1,300
164061,1,300
164937,1,300
164937,1,300
164937,1,300
164950,1,300
164950,1,300
165995,1,300
165995,1,300
166012,1,300
166152,1,300
166166,1,300
166166,1,300
166376,1,300
166388,1,300
166399,1,300
166522,1,300
167300,1,300
167300,1,300
167300,1,300
167300,1,300
167751,1,300
167773,1,300
167773,1,300
167773,1,300
167773,1,300
167809,1,300
167992,1,300
168103,1,300
168235,1,300
168237,1,300
168237,1,300
168237,1,300
168420,1,300
168437,1,300
168441,1,300
168452,1,300
168453,1,300
168453,1,300
168453,1,300
168453,1,300
168454,1,300
168459,1,300
168459,1,300
168487,1,300
168487,1,300
168501,1,300
168501,1,300
168649,1,300
168649,1,300
168649,1,300
168713,1,300
168713,1,300
168960,1,300
169250,1,300
169250,1,300
169280,1,300
170063,1,300
170122,1,300
170157,1,300
170157,1,300
170157,1,300
170157,1,300
170157,1,300
170157,1,300
170476,1,300
170476,1,300
170480,1,300
170480,1,300
170967,1,300
171663,1,300
171663,1,300
171664,1,300
171664,1,300
171664,1,300
171665,1,300
171692,1,300
171692,1,300
171694,1,300
171694,1,300
172153,1,300
172156,1,300
172156,1,300
172156,1,300
172162,1,300
172181,1,300
172181,1,300
172181,1,300
172225,1,300
172701,1,300
172701,1,300
172719,1,300
172808,1,300
172808,1,300
172808,1,300
172808,1,300
172808,1,300
172808,1,300
172822,1,300
172822,1,300
172940,1,300
172940,1,300
172940,1,300
172940,1,300
172940,1,300
173076,1,300
173076,1,300
173085,1,300
173524,1,300
173541,1,300
173541,1,300
173627,1,300
173741,1,300
173741,1,300
173743,1,300
173831,1,300
173831,1,300
173832,1,300
173834,1,300
173847,1,300
174139,1,300
174139,1,300
174139,1,300
174142,1,300
174142,1,300
174146,1,300
174146,1,300
174146,1,300
174229,1,300
174229,1,300
174229,1,300
174229,1,300
174236,1,300
174236,1,300
174236,1,300
174303,1,300
174303,1,300
174303,1,300
174303,1,300
174303,1,300
174303,1,300
174303,1,300
174306,1,300
174306,1,300
174306,1,300
174306,1,300
174307,1,300
174365,1,300
174365,1,300
174366,1,300
174401,1,300
174401,1,300
174401,1,300
174401,1,300
174401,1,300
174401,1,300
174457,1,300
174457,1,300
174460,1,300
174468,1,300
174469,1,300
174477,1,300
174477,1,300
174478,1,300
174478,1,300
174480,1,300
174483,1,300
174557,1,300
174561,1,300
174735,1,300
174735,1,300
174777,1,300
174779,1,300
174821,1,300
174821,1,300
176183,1,300
176184,1,300
176184,1,300
176218,1,300
176218,1,300
176250,1,300
176540,1,300
177032,1,300
177032,1,300
177032,1,300
177032,1,300
177032,1,300
177032,1,300
177032,1,300
177034,1,300
177034,1,300
177034,1,300
177034,1,300
177034,1,300
177034,1,300
177034,1,300
177388,1,300
177390,1,300
177390,1,300
177390,1,300
177509,1,300
177509,1,300
178394,1,300
178395,1,300
178438,1,300
178438,1,300
178438,1,300
178438,1,300
178438,1,300
178457,1,300
178536,1,300
178549,1,300
178550,1,300
178550,1,300
178552,1,300
178552,1,300
178559,1,300
178559,1,300
178559,1,300
178559,1,300
178559,1,300
178559,1,300
178560,1,300
178598,1,300
178673,1,300
178785,1,300
178789,1,300
179033,1,300
179103,1,300
179335,1,300
179335,1,300
179851,1,300
179851,1,300
179851,1,300
180123,1,300
180123,1,300
180210,1,300
180371,1,300
180371,1,300
180374,1,300
180374,1,300
180389,1,300
180415,1,300
180415,1,300
180415,1,300
180416,1,300
180416,1,300
180607,1,300
180607,1,300
180639,1,300
180639,1,300
180639,1,300
180647,1,300
180647,1,300
180647,1,300
180692,1,300
180695,1,300
180711,1,300
180711,1,300
180912,1,300
180912,1,300
180912,1,300
180912,1,300
180913,1,300
180913,1,300
180913,1,300
180913,1,300
180913,1,300
180915,1,300
180915,1,300
180915,1,300
180915,1,300
180915,1,300
181048,1,300
181049,1,300
181050,1,300
181050,1,300
181060,1,300
181060,1,300
181060,1,300
181060,1,300
181121,1,300
181121,1,300
181121,1,300
181121,1,300
181121,1,300
181121,1,300
181121,1,300
181121,1,300
181249,1,300
181249,1,300
181249,1,300
181249,1,300
181249,1,300
181255,1,300
181423,1,300
181423,1,300
181423,1,300
181425,1,300
181427,1,300
181429,1,300
181470,1,300
181642,1,300
181642,1,300
181642,1,300
181642,1,300
181814,1,300
181815,1,300
181848,1,300
181848,1,300
181848,1,300
181964,1,300
181964,1,300
181966,1,300
181966,1,300
181966,1,300
182013,1,300
182013,1,300
182013,1,300
182013,1,300
182013,1,300
182024,1,300
182129,1,300
182244,1,300
182252,1,300
182252,1,300
182255,1,300
182255,1,300
182706,1,300
182865,1,300
182865,1,300
182867,1,300
182982,1,300
182982,1,300
183348,1,300
183491,1,300
183497,1,300
183523,1,300
183523,1,300
183523,1,300
183523,1,300
184288,1,300
184319,1,300
184319,1,300
184319,1,300
184322,1,300
184332,1,300
184373,1,300
184373,1,300
184373,1,300
184373,1,300
184373,1,300
184373,1,300
184375,1,300
184435,1,300
184529,1,300
184553,1,300
184553,1,300
184553,1,300
184569,1,300
184569,1,300
184569,1,300
184569,1,300
184570,1,300
184600,1,300
184602,1,300
185306,1,300
185313,1,300
185313,1,300
185316,1,300
186008,1,300
186008,1,300
186008,1,300
186008,1,300
186091,1,300
186091,1,300
186092,1,300
186092,1,300
186092,1,300
186092,1,300
186092,1,300
186146,1,300
186146,1,300
186308,1,300
186311,1,300
186311,1,300
186332,1,300
186343,1,300
186343,1,300
186343,1,300
186343,1,300
186343,1,300
186343,1,300
186343,1,300
186346,1,300
186388,1,300
186388,1,300
186621,1,300
186625,1,300
186653,1,300
186653,1,300
186653,1,300
186653,1,300
186653,1,300
186653,1,300
186653,1,300
186927,1,300
186946,1,300
187417,1,300
187417,1,300
187420,1,300
187420,1,300
187420,1,300
187420,1,300
187424,1,300
187491,1,300
187491,1,300
187519,1,300
187793,1,300
187795,1,300
187795,1,300
187801,1,300
187801,1,300
187801,1,300
187801,1,300
187834,1,300
187834,1,300
187834,1,300
187834,1,300
187837,1,300
187837,1,300
187839,1,300
187853,1,300
187854,1,300
187854,1,300
187854,1,300
187854,1,300
187859,1,300
187860,1,300
187860,1,300
187868,1,300
187868,1,300
187869,1,300
187869,1,300
187871,1,300
187871,1,300
187883,1,300
187883,1,300
187883,1,300
187911,1,300
187924,1,300
187963,1,300
187967,1,300
187967,1,300
187967,1,300
187967,1,300
187967,1,300
188125,1,300
188313,1,300
188324,1,300
188324,1,300
188478,1,300
188504,1,300
188504,1,300
188803,1,300
188808,1,300
188808,1,300
188808,1,300
189069,1,300
189069,1,300
189069,1,300
189284,1,300
189289,1,300
189289,1,300
189290,1,300
189304,1,300
189304,1,300
189336,1,300
189368,1,300
189368,1,300
189371,1,300
189371,1,300
189375,1,300
189376,1,300
189493,1,300
189496,1,300
189497,1,300
189497,1,300
189497,1,300
189500,1,300
189500,1,300
189932,1,300
189932,1,300
189932,1,300
189932,1,300
189932,1,300
189932,1,300
189932,1,300
189972,1,300
190108,1,300
190134,1,300
190212,1,300
190212,1,300
190778,1,300
190778,1,300
190778,1,300
190787,1,300
190789,1,300
190791,1,300
191119,1,300
191286,1,300
191300,1,300
191300,1,300
191524,1,300
191526,1,300
191644,1,300
191644,1,300
191644,1,300
191770,1,300
191770,1,300
191773,1,300
191773,1,300
191773,1,300
191773,1,300
191773,1,300
191940,1,300
192296,1,300
192752,1,300
193198,1,300
193256,1,300
193256,1,300
193256,1,300
193256,1,300
193264,1,300
193264,1,300
193266,1,300
193301,1,300
193308,1,300
193308,1,300
193315,1,300
193315,1,300
193315,1,300
193315,1,300
193315,1,300
193315,1,300
193315,1,300
193330,1,300
193336,1,300
193336,1,300
193336,1,300
193422,1,300
193453,1,300
193474,1,300
193475,1,300
193475,1,300
193475,1,300
193503,1,300
193503,1,300
193503,1,300
193545,1,300
193549,1,300
193549,1,300
193566,1,300
193769,1,300
193769,1,300
193773,1,300
193773,1,300
193773,1,300
193773,1,300
193804,1,300
193809,1,300
193812,1,300
193918,1,300
193918,1,300
193919,1,300
193919,1,300
193919,1,300
193919,1,300
193919,1,300
194037,1,300
194037,1,300
194037,1,300
194046,1,300
194051,1,300
194476,1,300
194546,1,300
194550,1,300
194691,1,300
194692,1,300
194692,1,300
194698,1,300
194698,1,300
194832,1,300
194909,1,300
194909,1,300
194909,1,300
194934,1,300
194934,1,300
194935,1,300
194936,1,300
194936,1,300
195480,1,300
195480,1,300
195480,1,300
195653,1,300
195656,1,300
196307,1,300
196307,1,300
196307,1,300
196307,1,300
196479,1,300
196479,1,300
196484,1,300
196484,1,300
196484,1,300
196485,1,300
197217,1,300
197217,1,300
197219,1,300
197219,1,300
197340,1,300
197340,1,300
197340,1,300
197340,1,300
197340,1,300
197340,1,300
197364,1,300
197364,1,300
197394,1,300
197394,1,300
197394,1,300
197394,1,300
197394,1,300
197699,1,300
197699,1,300
198429,1,300
198541,1,300
198541,1,300
198542,1,300
198543,1,300
198543,1,300
198543,1,300
198752,1,300
198825,1,300
198825,1,300
199737,1,300
199878,1,300
199878,1,300
199878,1,300
199878,1,300
199896,1,300
199905,1,300
200001,1,300
200001,1,300
200001,1,300
200005,1,300
200005,1,300
200486,1,300
200579,1,300
200585,1,300
200585,1,300
200591,1,300
200591,1,300
200592,1,300
200592,1,300
200593,1,300
200593,1,300
200597,1,300
200602,1,300
200712,1,300
200712,1,300
200714,1,300
200866,1,300
200866,1,300
200866,1,300
202002,1,300
202019,1,300
202019,1,300
202019,1,300
202025,1,300
202025,1,300
202521,1,300
202522,1,300
202541,1,300
202815,1,300
202815,1,300
202815,1,300
202815,1,300
202817,1,300
202817,1,300
202819,1,300
202829,1,300
202829,1,300
202829,1,300
202829,1,300
202860,1,300
202867,1,300
202870,1,300
202870,1,300
202956,1,300
202956,1,300
202956,1,300
203641,1,300
203665,1,300
203665,1,300
203665,1,300
203670,1,300
203670,1,300
203735,1,300
203735,1,300
203735,1,300
203735,1,300
203783,1,300
203783,1,300
203783,1,300
203783,1,300
203783,1,300
203918,1,300
203919,1,300
203919,1,300
203995,1,300
203995,1,300
203999,1,300
203999,1,300
204001,1,300
204001,1,300
204002,1,300
204004,1,300
204004,1,300
204004,1,300
204172,1,300
204172,1,300
204172,1,300
204172,1,300
204172,1,300
204172,1,300
204172,1,300
204172,1,300
204172,1,300
204186,1,300
204839,1,300
204839,1,300
204854,1,300
204979,1,300
204979,1,300
204979,1,300
204979,1,300
204979,1,300
204979,1,300
204979,1,300
205384,1,300
205424,1,300
205495,1,300
205495,1,300
205495,1,300
205498,1,300
205551,1,300
205551,1,300
205551,1,300
205551,1,300
205551,1,300
205551,1,300
205572,1,300
205576,1,300
205613,1,300
205622,1,300
206436,1,300
206439,1,300
206529,1,300
206529,1,300
206576,1,300
206955,1,300
206955,1,300
206955,1,300
206963,1,300
206963,1,300
206987,1,300
206987,1,300
206987,1,300
206989,1,300
206989,1,300
206989,1,300
206989,1,300
207082,1,300
207102,1,300
207108,1,300
207141,1,300
207236,1,300
207239,1,300
207680,1,300
207680,1,300
207680,1,300
207680,1,300
207681,1,300
207681,1,300
207696,1,300
207703,1,300
207706,1,300
207706,1,300
207710,1,300
207710,1,300
207766,1,300
207766,1,300
207780,1,300
207780,1,300
207787,1,300
207869,1,300
207872,1,300
207872,1,300
207872,1,300
208037,1,300
208211,1,300
208211,1,300
208211,1,300
208211,1,300
208211,1,300
208211,1,300
208211,1,300
208212,1,300
208212,1,300
208215,1,300
208215,1,300
209382,1,300
209382,1,300
209382,1,300
209382,1,300
209399,1,300
209413,1,300
209437,1,300
209478,1,300
209478,1,300
209491,1,300
209491,1,300
209491,1,300
209493,1,300
209493,1,300
209817,1,300
209817,1,300
209877,1,300
209877,1,300
209877,1,300
209877,1,300
209879,1,300
209887,1,300
209899,1,300
209899,1,300
209899,1,300
209899,1,300
209994,1,300
210214,1,300
210219,1,300
210219,1,300
210219,1,300
210219,1,300
210231,1,300
210358,1,300
210362,1,300
210362,1,300
210758,1,300
210767,1,300
210767,1,300
210767,1,300
210777,1,300
210777,1,300
210777,1,300
210778,1,300
210784,1,300
210930,1,300
210930,1,300
210931,1,300
210950,1,300
210950,1,300
210950,1,300
210952,1,300
210952,1,300
210952,1,300
210969,1,300
211003,1,300
211005,1,300
211008,1,300
211176,1,300
211176,1,300
211270,1,300
211589,1,300
211589,1,300
211715,1,300
211716,1,300
211716,1,300
211716,1,300
212002,1,300
212023,1,300
212035,1,300
212282,1,300
212282,1,300
212282,1,300
212309,1,300
212309,1,300
212315,1,300
212315,1,300
212425,1,300
212425,1,300
212425,1,300
212426,1,300
212426,1,300
212429,1,300
212764,1,300
212771,1,300
212771,1,300
212771,1,300
212771,1,300
212854,1,300
212855,1,300
212859,1,300
212861,1,300
213133,1,300
213172,1,300
213172,1,300
213211,1,300
213211,1,300
214767,1,300
214767,1,300
214767,1,300
214767,1,300
214768,1,300
214768,1,300
214772,1,300
214772,1,300
214876,1,300
214876,1,300
214905,1,300
214905,1,300
215306,1,300
215306,1,300
215398,1,300
215398,1,300
215398,1,300
215438,1,300
215438,1,300
215439,1,300
215441,1,300
215913,1,300
216271,1,300
216321,1,300
216325,1,300
216396,1,300
216396,1,300
217510,1,300
217510,1,300
217519,1,300
217519,1,300
217555,1,300
217555,1,300
217721,1,300
217987,1,300
218062,1,300
218063,1,300
218075,1,300
218096,1,300
218101,1,300
218273,1,300
218273,1,300
218277,1,300
218279,1,300
218279,1,300
218279,1,300
218311,1,300
218311,1,300
218311,1,300
218311,1,300
218490,1,300
218492,1,300
218495,1,300
218495,1,300
218505,1,300
218505,1,300
218769,1,300
218923,1,300
218927,1,300
218927,1,300
218927,1,300
218927,1,300
218927,1,300
218927,1,300
218953,1,300
218992,1,300
218992,1,300
219007,1,300
219082,1,300
219083,1,300
219091,1,300
219091,1,300
219100,1,300
219100,1,300
219112,1,300
219125,1,300
219132,1,300
219132,1,300
219163,1,300
219163,1,300
219199,1,300
219237,1,300
219237,1,300
219734,1,300
219734,1,300
219734,1,300
219750,1,300
219750,1,300
219750,1,300
220142,1,300
220146,1,300
220147,1,300
220147,1,300
220147,1,300
220147,1,300
220147,1,300
220148,1,300
220149,1,300
220149,1,300
220149,1,300
220149,1,300
220149,1,300
220149,1,300
220149,1,300
220149,1,300
220149,1,300
220149,1,300
220149,1,300
220149,1,300
220149,1,300
220149,1,300
220150,1,300
220150,1,300
220164,1,300
220567,1,300
220570,1,300
220833,1,300
220833,1,300
220833,1,300
220839,1,300
220845,1,300
220845,1,300
220845,1,300
220845,1,300
220872,1,300
220872,1,300
220909,1,300
220909,1,300
220909,1,300
221064,1,300
221078,1,300
221078,1,300
221078,1,300
221079,1,300
221079,1,300
221079,1,300
221083,1,300
221089,1,300
221089,1,300
221626,1,300
221626,1,300
221626,1,300
221667,1,300
221730,1,300
221730,1,300
221730,1,300
221731,1,300
221743,1,300
221795,1,300
221795,1,300
221795,1,300
221795,1,300
221797,1,300
221802,1,300
221802,1,300
221802,1,300
221802,1,300
221927,1,300
221927,1,300
221927,1,300
221927,1,300
221927,1,300
221976,1,300
221976,1,300
221983,1,300
221983,1,300
221983,1,300
221984,1,300
221984,1,300
221987,1,300
221987,1,300
221987,1,300
221994,1,300
221997,1,300
222017,1,300
222017,1,300
222017,1,300
222092,1,300
222092,1,300
222094,1,300
222094,1,300
222094,1,300
222187,1,300
222187,1,300
222187,1,300
222241,1,300
222241,1,300
222242,1,300
222242,1,300
222242,1,300
222242,1,300
222242,1,300
222242,1,300
222337,1,300
222370,1,300
222370,1,300
222370,1,300
222373,1,300
222373,1,300
222513,1,300
222643,1,300
222746,1,300
222746,1,300
222746,1,300
222746,1,300
222746,1,300
222748,1,300
222855,1,300
222903,1,300
223159,1,300
223159,1,300
223275,1,300
223275,1,300
223275,1,300
223275,1,300
223275,1,300
223275,1,300
223275,1,300
223282,1,300
223473,1,300
223473,1,300
223545,1,300
223546,1,300
223546,1,300
223546,1,300
223546,1,300
223546,1,300
223546,1,300
223604,1,300
223607,1,300
223607,1,300
223613,1,300
223613,1,300
223613,1,300
223613,1,300
223613,1,300
223784,1,300
223802,1,300
223802,1,300
223890,1,300
223890,1,300
223898,1,300
223898,1,300
223913,1,300
223913,1,300
223915,1,300
223994,1,300
223994,1,300
225211,1,300
225219,1,300
225219,1,300
225227,1,300
225227,1,300
225227,1,300
225227,1,300
225227,1,300
225477,1,300
225477,1,300
225597,1,300
225597,1,300
225601,1,300
225601,1,300
225603,1,300
225905,1,300
225905,1,300
225905,1,300
225931,1,300
225931,1,300
225934,1,300
225992,1,300
225992,1,300
226072,1,300
226244,1,300
226316,1,300
226706,1,300
226707,1,300
226707,1,300
226707,1,300
226746,1,300
226747,1,300
226910,1,300
226910,1,300
226910,1,300
226949,1,300
226949,1,300
226951,1,300
227085,1,300
227744,1,300
227750,1,300
227756,1,300
227756,1,300
227756,1,300
227756,1,300
227757,1,300
227757,1,300
227769,1,300
227769,1,300
227769,1,300
227819,1,300
227970,1,300
227970,1,300
228058,1,300
228060,1,300
228216,1,300
229517,1,300
229517,1,300
229517,1,300
229517,1,300
229517,1,300
229552,1,300
229552,1,300
229587,1,300
229703,1,300
229703,1,300
229717,1,300
229719,1,300
229726,1,300
229805,1,300
229990,1,300
230670,1,300
230672,1,300
231681,1,300
231689,1,300
231689,1,300
231689,1,300
231689,1,300
231763,1,300
231763,1,300
232943,1,300
232943,1,300
232943,1,300
233057,1,300
233781,1,300
233781,1,300
233781,1,300
233781,1,300
233782,1,300
233782,1,300
234023,1,300
234023,1,300
234086,1,300
234453,1,300
234453,1,300
234453,1,300
234479,1,300
234479,1,300
234479,1,300
234479,1,300
234479,1,300
234479,1,300
234479,1,300
234479,1,300
234479,1,300
234482,1,300
234485,1,300
234485,1,300
234485,1,300
234565,1,300
234660,1,300
234670,1,300
234812,1,300
234812,1,300
234814,1,300
234814,1,300
234822,1,300
234859,1,300
234859,1,300
234859,1,300
234859,1,300
235312,1,300
235312,1,300
235314,1,300
235581,1,300
235581,1,300
235602,1,300
235649,1,300
235649,1,300
235649,1,300
235649,1,300
235683,1,300
235683,1,300
235841,1,300
235841,1,300
235841,1,300
235897,1,300
235897,1,300
235910,1,300
235910,1,300
235915,1,300
236212,1,300
236212,1,300
236215,1,300
236215,1,300
236215,1,300
236253,1,300
236253,1,300
236547,1,300
236547,1,300
237131,1,300
237579,1,300
237588,1,300
237589,1,300
237590,1,300
237590,1,300
237593,1,300
237593,1,300
237594,1,300
237594,1,300
237748,1,300
237748,1,300
237772,1,300
237778,1,300
237841,1,300
237841,1,300
237907,1,300
237907,1,300
237907,1,300
237907,1,300
238211,1,300
238211,1,300
238611,1,300
238611,1,300
238618,1,300
238618,1,300
238618,1,300
238625,1,300
238625,1,300
238626,1,300
238628,1,300
239130,1,300
239136,1,300
239136,1,300
239136,1,300
239179,1,300
239179,1,300
239481,1,300
239481,1,300
239492,1,300
239492,1,300
239519,1,300
239519,1,300
239519,1,300
239521,1,300
239521,1,300
239652,1,300
239652,1,300
239652,1,300
239697,1,300
239700,1,300
239700,1,300
239741,1,300
239741,1,300
239747,1,300
239999,1,300
239999,1,300
239999,1,300
240253,1,300
240253,1,300
240253,1,300
241862,1,300
241862,1,300
241865,1,300
241871,1,300
241871,1,300
241907,1,300
242003,1,300
242004,1,300
242004,1,300
242004,1,300
242008,1,300
242074,1,300
242074,1,300
242074,1,300
242074,1,300
242074,1,300
242110,1,300
242110,1,300
242110,1,300
242110,1,300
242110,1,300
242110,1,300
242216,1,300
242217,1,300
242393,1,300
242410,1,300
242498,1,300
242498,1,300
242498,1,300
242498,1,300
242575,1,300
242579,1,300
242579,1,300
242593,1,300
242593,1,300
242593,1,300
242824,1,300
242824,1,300
242841,1,300
243007,1,300
243478,1,300
243495,1,300
243498,1,300
243498,1,300
243498,1,300
243499,1,300
243499,1,300
243499,1,300
243499,1,300
243584,1,300
243605,1,300
243605,1,300
243605,1,300
243655,1,300
243659,1,300
243699,1,300
243699,1,300
243699,1,300
243699,1,300
243712,1,300
243712,1,300
244022,1,300
244072,1,300
244072,1,300
244086,1,300
244092,1,300
244274,1,300
244274,1,300
244692,1,300
244724,1,300
244724,1,300
244726,1,300
244726,1,300
244937,1,300
244937,1,300
244937,1,300
244942,1,300
244996,1,300
244996,1,300
244996,1,300
244996,1,300
245078,1,300
245080,1,300
245080,1,300
245081,1,300
245101,1,300
245332,1,300
245332,1,300
245332,1,300
245332,1,300
245332,1,300
245413,1,300
245414,1,300
245417,1,300
245417,1,300
245417,1,300
245417,1,300
245417,1,300
245419,1,300
245419,1,300
245419,1,300
245440,1,300
245853,1,300
245873,1,300
245873,1,300
245873,1,300
245873,1,300
245873,1,300
245873,1,300
245873,1,300
245873,1,300
245873,1,300
245873,1,300
245873,1,300
245881,1,300
245881,1,300
246305,1,300
246331,1,300
246331,1,300
246332,1,300
246332,1,300
246332,1,300
246332,1,300
246332,1,300
246351,1,300
246351,1,300
246390,1,300
246390,1,300
246390,1,300
246390,1,300
246390,1,300
246390,1,300
246412,1,300
246420,1,300
246420,1,300
246420,1,300
246420,1,300
247318,1,300
247318,1,300
247318,1,300
247318,1,300
247325,1,300
247325,1,300
247327,1,300
247327,1,300
247327,1,300
247327,1,300
247335,1,300
247335,1,300
247335,1,300
247335,1,300
247366,1,300
247950,1,300
247951,1,300
247951,1,300
247952,1,300
247953,1,300
247953,1,300
247955,1,300
248785,1,300
248786,1,300
248818,1,300
248818,1,300
248818,1,300
248818,1,300
248818,1,300
248818,1,300
249265,1,300
249265,1,300
249265,1,300
249265,1,300
249265,1,300
249337,1,300
249337,1,300
249339,1,300
249339,1,300
249339,1,300
249339,1,300
250067,1,300
250067,1,300
250077,1,300
250077,1,300
250077,1,300
250090,1,300
250143,1,300
250169,1,300
250169,1,300
250169,1,300
250169,1,300
250411,1,300
250411,1,300
250411,1,300
250475,1,300
250475,1,300
251307,1,300
251309,1,300
251311,1,300
251389,1,300
251389,1,300
251389,1,300
251389,1,300
251389,1,300
251389,1,300
251389,1,300
251389,1,300
251389,1,300
251397,1,300
251399,1,300
251405,1,300
251405,1,300
251405,1,300
251405,1,300
251423,1,300
251448,1,300
251448,1,300
251448,1,300
251455,1,300
251473,1,300
251566,1,300
251583,1,300
251583,1,300
251584,1,300
251590,1,300
251590,1,300
251591,1,300
251604,1,300
251604,1,300
251604,1,300
251604,1,300
251604,1,300
251604,1,300
251604,1,300
251604,1,300
251622,1,300
251624,1,300
251627,1,300
251627,1,300
251627,1,300
251627,1,300
251639,1,300
251639,1,300
251639,1,300
251767,1,300
252329,1,300
252336,1,300
252337,1,300
252337,1,300
252386,1,300
252386,1,300
252386,1,300
252386,1,300
252386,1,300
252577,1,300
252577,1,300
252577,1,300
252577,1,300
252577,1,300
252577,1,300
252577,1,300
252577,1,300
252577,1,300
252860,1,300
252860,1,300
252860,1,300
252860,1,300
252864,1,300
252864,1,300
252864,1,300
252886,1,300
252886,1,300
252888,1,300
252888,1,300
253048,1,300
253053,1,300
253086,1,300
254585,1,300
254598,1,300
254606,1,300
254606,1,300
254608,1,300
254622,1,300
255433,1,300
255433,1,300
255446,1,300
255446,1,300
255449,1,300
255637,1,300
255637,1,300
255637,1,300
256081,1,300
256085,1,300
256085,1,300
256096,1,300
256096,1,300
256210,1,300
256212,1,300
256212,1,300
256212,1,300
256680,1,300
256707,1,300
257173,1,300
257522,1,300
257528,1,300
257551,1,300
257561,1,300
257561,1,300
257561,1,300
257561,1,300
257561,1,300
257561,1,300
257565,1,300
257565,1,300
257567,1,300
257567,1,300
257567,1,300
257573,1,300
257573,1,300
257573,1,300
257620,1,300
257620,1,300
257620,1,300
257630,1,300
257630,1,300
257630,1,300
257638,1,300
257638,1,300
257638,1,300
257638,1,300
257660,1,300
258492,1,300
258492,1,300
258492,1,300
258492,1,300
258492,1,300
258492,1,300
258492,1,300
258510,1,300
258510,1,300
258510,1,300
258512,1,300
258512,1,300
259011,1,300
259011,1,300
259011,1,300
259172,1,300
259341,1,300
259341,1,300
259378,1,300
259400,1,300
259461,1,300
259506,1,300
259506,1,300
259518,1,300
259594,1,300
259594,1,300
259594,1,300
259631,1,300
259631,1,300
259631,1,300
259641,1,300
259641,1,300
259641,1,300
259641,1,300
259642,1,300
259678,1,300
259681,1,300
259681,1,300
259694,1,300
259703,1,300
259779,1,300
259848,1,300
260155,1,300
260155,1,300
260155,1,300
260313,1,300
260314,1,300
260354,1,300
260354,1,300
260382,1,300
260382,1,300
260382,1,300
260391,1,300
260553,1,300
260598,1,300
261078,1,300
261078,1,300
261079,1,300
261082,1,300
261088,1,300
261091,1,300
261954,1,300
261954,1,300
261957,1,300
261957,1,300
261957,1,300
261957,1,300
261976,1,300
261976,1,300
261976,1,300
261978,1,300
261978,1,300
262416,1,300
262416,1,300
262863,1,300
262970,1,300
262971,1,300
262971,1,300
262971,1,300
262971,1,300
262971,1,300
263008,1,300
263008,1,300
263008,1,300
263026,1,300
263394,1,300
263394,1,300
263720,1,300
263766,1,300
264371,1,300
264392,1,300
264392,1,300
264392,1,300
264392,1,300
264392,1,300
264392,1,300
264392,1,300
264948,1,300
264948,1,300
264949,1,300
264949,1,300
264949,1,300
264951,1,300
264951,1,300
264951,1,300
265969,1,300
265969,1,300
265969,1,300
265973,1,300
265973,1,300
265973,1,300
265973,1,300
265973,1,300
265973,1,300
266158,1,300
266158,1,300
266804,1,300
266804,1,300
266808,1,300
266822,1,300
266826,1,300
266826,1,300
266826,1,300
266857,1,300
266858,1,300
266960,1,300
266962,1,300
266962,1,300
267183,1,300
267195,1,300
267251,1,300
267251,1,300
267251,1,300
267251,1,300
267285,1,300
267285,1,300
267285,1,300
267344,1,300
267346,1,300
267674,1,300
267785,1,300
267785,1,300
267785,1,300
267787,1,300
267787,1,300
267787,1,300
267787,1,300
267787,1,300
268002,1,300
268002,1,300
268011,1,300
268013,1,300
268014,1,300
268015,1,300
268082,1,300
268082,1,300
268082,1,300
268082,1,300
268107,1,300
268107,1,300
268107,1,300
268107,1,300
268311,1,300
268311,1,300
268315,1,300
268452,1,300
268452,1,300
268495,1,300
269372,1,300
269372,1,300
269426,1,300
269433,1,300
269433,1,300
269433,1,300
269453,1,300
269453,1,300
269453,1,300
269453,1,300
269453,1,300
269463,1,300
269463,1,300
269463,1,300
270461,1,300
270499,1,300
270510,1,300
270514,1,300
270514,1,300
270515,1,300
272105,1,300
272105,1,300
272105,1,300
272105,1,300
272105,1,300
272144,1,300
272144,1,300
272144,1,300
272144,1,300
272147,1,300
272751,1,300
272773,1,300
272773,1,300
273300,1,300
273300,1,300
273378,1,300
273413,1,300
273431,1,300
273431,1,300
273431,1,300
273431,1,300
273431,1,300
273431,1,300
273432,1,300
273482,1,300
273483,1,300
273483,1,300
273483,1,300
273483,1,300
273483,1,300
273485,1,300
273491,1,300
273493,1,300
274158,1,300
274158,1,300
274165,1,300
274637,1,300
274638,1,300
274695,1,300
275104,1,300
275104,1,300
275104,1,300
275107,1,300
275107,1,300
275107,1,300
275214,1,300
275214,1,300
275656,1,300
275656,1,300
275705,1,300
275705,1,300
275756,1,300
275758,1,300
275758,1,300
275807,1,300
275823,1,300
275823,1,300
275823,1,300
275849,1,300
275849,1,300
276524,1,300
276524,1,300
276524,1,300
276529,1,300
276530,1,300
276530,1,300
276530,1,300
276538,1,300
276538,1,300
276740,1,300
276740,1,300
276740,1,300
276740,1,300
276766,1,300
276840,1,300
276840,1,300
276840,1,300
276841,1,300
276852,1,300
276852,1,300
276868,1,300
276877,1,300
277139,1,300
277365,1,300
277365,1,300
277365,1,300
277374,1,300
277581,1,300
277680,1,300
277702,1,300
277702,1,300
277704,1,300
277704,1,300
278333,1,300
278334,1,300
278334,1,300
278334,1,300
278344,1,300
278348,1,300
278348,1,300
278398,1,300
279137,1,300
279989,1,300
279991,1,300
279991,1,300
279991,1,300
279992,1,300
279992,1,300
279992,1,300
279993,1,300
279993,1,300
279994,1,300
281763,1,300
281763,1,300
281866,1,300
281866,1,300
281866,1,300
281866,1,300
281866,1,300
282529,1,300
282530,1,300
282530,1,300
283588,1,300
283588,1,300
283588,1,300
283588,1,300
283758,1,300
283758,1,300
283767,1,300
283767,1,300
283767,1,300
283768,1,300
283769,1,300
283914,1,300
283914,1,300
283917,1,300
283917,1,300
283917,1,300
283917,1,300
283917,1,300
284140,1,300
284140,1,300
284140,1,300
284140,1,300
284140,1,300
284140,1,300
284140,1,300
284261,1,300
284261,1,300
284261,1,300
284261,1,300
284269,1,300
284610,1,300
284622,1,300
284622,1,300
284623,1,300
285076,1,300
285076,1,300
285076,1,300
285076,1,300
285076,1,300
285076,1,300
285085,1,300
285296,1,300
285518,1,300
285576,1,300
285577,1,300
285626,1,300
285626,1,300
285626,1,300
285940,1,300
285940,1,300
285940,1,300
285948,1,300
286273,1,300
286274,1,300
286274,1,300
286274,1,300
286274,1,300
286274,1,300
286274,1,300
286281,1,300
286281,1,300
286281,1,300
286283,1,300
286336,1,300
286336,1,300
286336,1,300
286336,1,300
286336,1,300
286568,1,300
286568,1,300
286568,1,300
286653,1,300
286658,1,300
286790,1,300
286790,1,300
286790,1,300
286790,1,300
286791,1,300
286999,1,300
286999,1,300
287006,1,300
287006,1,300
287068,1,300
287068,1,300
287068,1,300
287345,1,300
287345,1,300
287364,1,300
287364,1,300
287364,1,300
287364,1,300
287364,1,300
287364,1,300
287381,1,300
287420,1,300
287423,1,300
287423,1,300
287423,1,300
287529,1,300
287529,1,300
287529,1,300
288952,1,300
288952,1,300
288954,1,300
288954,1,300
289214,1,300
289219,1,300
289219,1,300
289844,1,300
289861,1,300
289862,1,300
289862,1,300
289866,1,300
289866,1,300
290165,1,300
290632,1,300
290632,1,300
290632,1,300
290632,1,300
290632,1,300
290632,1,300
290632,1,300
291534,1,300
291534,1,300
291542,1,300
291542,1,300
291542,1,300
291568,1,300
291568,1,300
291569,1,300
291571,1,300
291571,1,300
291571,1,300
291571,1,300
291571,1,300
291571,1,300
291612,1,300
291819,1,300
292002,1,300
292002,1,300
292002,1,300
292003,1,300
292056,1,300
292058,1,300
292065,1,300
292065,1,300
292065,1,300
292065,1,300
292065,1,300
292065,1,300
292287,1,300
292287,1,300
292287,1,300
292287,1,300
292418,1,300
292418,1,300
292419,1,300
292441,1,300
292441,1,300
292492,1,300
293583,1,300
293583,1,300
293747,1,300
293808,1,300
293808,1,300
293965,1,300
293965,1,300
293965,1,300
293965,1,300
293965,1,300
294163,1,300
294163,1,300
294163,1,300
294308,1,300
294316,1,300
294822,1,300
294823,1,300
294823,1,300
295199,1,300
295199,1,300
295201,1,300
295500,1,300
295500,1,300
295500,1,300
295500,1,300
295500,1,300
295500,1,300
295513,1,300
295513,1,300
295517,1,300
295558,1,300
295559,1,300
295570,1,300
295578,1,300
295578,1,300
295578,1,300
295708,1,300
295712,1,300
296206,1,300
296374,1,300
296376,1,300
296540,1,300
296544,1,300
297015,1,300
297050,1,300
297050,1,300
297053,1,300
297081,1,300
297081,1,300
297081,1,300
297081,1,300
297081,1,300
297081,1,300
297081,1,300
297087,1,300
297194,1,300
297382,1,300
297382,1,300
297382,1,300
297382,1,300
297382,1,300
297460,1,300
297460,1,300
297460,1,300
297483,1,300
297487,1,300
297487,1,300
297506,1,300
297512,1,300
297512,1,300
297512,1,300
297532,1,300
297536,1,300
297536,1,300
297536,1,300
297623,1,300
297626,1,300
297627,1,300
297758,1,300
297758,1,300
297762,1,300
297762,1,300
297762,1,300
297762,1,300
297762,1,300
297762,1,300
297847,1,300
297847,1,300
297847,1,300
297847,1,300
297847,1,300
297849,1,300
297887,1,300
297887,1,300
297887,1,300
297887,1,300
297887,1,300
297887,1,300
297887,1,300
297887,1,300
297964,1,300
297964,1,300
297966,1,300
297992,1,300
297992,1,300
297992,1,300
297993,1,300
297993,1,300
297993,1,300
297993,1,300
298039,1,300
298322,1,300
298322,1,300
298322,1,300
298330,1,300
298330,1,300
298494,1,300
298628,1,300
298628,1,300
298641,1,300
298641,1,300
298641,1,300
298660,1,300
299109,1,300
