171,1,50
243,1,50
299,1,50
383,1,50
581,1,50
674,1,50
781,1,50
860,1,50
897,1,50
936,1,50
1060,1,50
1115,1,50
1117,1,50
1279,1,50
1538,1,50
1778,1,50
1821,1,50
1877,1,50
1930,1,50
2010,1,50
2093,1,50
2192,1,50
2208,1,50
2247,1,50
2249,1,50
2344,1,50
2347,1,50
2374,1,50
2380,1,50
2391,1,50
2498,1,50
2705,1,50
2794,1,50
3022,1,50
3129,1,50
3145,1,50
3173,1,50
3518,1,50
3578,1,50
3686,1,50
3802,1,50
3845,1,50
4027,1,50
4039,1,50
4050,1,50
4069,1,50
4231,1,50
4235,1,50
4285,1,50
4337,1,50
4385,1,50
4490,1,50
4557,1,50
4652,1,50
4716,1,50
4726,1,50
4735,1,50
5229,1,50
5527,1,50
5766,1,50
5774,1,50
5801,1,50
6075,1,50
6146,1,50
6199,1,50
6212,1,50
6228,1,50
6398,1,50
6461,1,50
6544,1,50
6546,1,50
6718,1,50
6833,1,50
6836,1,50
6889,1,50
7153,1,50
7175,1,50
7220,1,50
7272,1,50
7476,1,50
7646,1,50
7706,1,50
8072,1,50
8234,1,50
8357,1,50
8360,1,50
8389,1,50
8503,1,50
8639,1,50
8862,1,50
8951,1,50
9001,1,50
9099,1,50
9216,1,50
9242,1,50
9244,1,50
9308,1,50
9315,1,50
9340,1,50
9359,1,50
9362,1,50
9413,1,50
9447,1,50
9466,1,50
9500,1,50
9515,1,50
9523,1,50
9550,1,50
9553,1,50
9566,1,50
9576,1,50
9623,1,50
9624,1,50
9665,1,50
9740,1,50
9763,1,50
10050,1,50
10121,1,50
10254,1,50
10265,1,50
10579,1,50
10716,1,50
10737,1,50
10771,1,50
10912,1,50
10966,1,50
11002,1,50
11013,1,50
11040,1,50
11065,1,50
11109,1,50
11140,1,50
11207,1,50
11238,1,50
11260,1,50
11310,1,50
11439,1,50
11462,1,50
11485,1,50
11649,1,50
11676,1,50
11728,1,50
11887,1,50
12041,1,50
12052,1,50
12119,1,50
12158,1,50
12159,1,50
12210,1,50
12433,1,50
12444,1,50
12477,1,50
12594,1,50
12641,1,50
12652,1,50
12659,1,50
13090,1,50
13151,1,50
13254,1,50
13267,1,50
13379,1,50
13389,1,50
13613,1,50
13667,1,50
13696,1,50
13772,1,50
14040,1,50
14139,1,50
14181,1,50
14245,1,50
14407,1,50
14474,1,50
14546,1,50
14546,1,50
14570,1,50
14617,1,50
14625,1,50
14632,1,50
14674,1,50
14748,1,50
14763,1,50
14785,1,50
14798,1,50
14836,1,50
14843,1,50
15014,1,50
15119,1,50
15169,1,50
15267,1,50
15429,1,50
15436,1,50
15440,1,50
15556,1,50
15642,1,50
15658,1,50
16004,1,50
16281,1,50
16375,1,50
16458,1,50
16468,1,50
16504,1,50
16685,1,50
16999,1,50
17164,1,50
17186,1,50
17662,1,50
17668,1,50
17753,1,50
17888,1,50
19017,1,50
19034,1,50
19104,1,50
19224,1,50
19352,1,50
19517,1,50
20033,1,50
20144,1,50
20559,1,50
20634,1,50
20669,1,50
20722,1,50
21068,1,50
21150,1,50
21215,1,50
21221,1,50
21274,1,50
21282,1,50
21309,1,50
21341,1,50
21388,1,50
21404,1,50
21418,1,50
21504,1,50
21608,1,50
21610,1,50
21621,1,50
21697,1,50
21785,1,50
21826,1,50
21830,1,50
21898,1,50
21975,1,50
21995,1,50
21999,1,50
22010,1,50
22043,1,50
22045,1,50
22124,1,50
22129,1,50
22171,1,50
22217,1,50
22234,1,50
22248,1,50
22248,1,50
22260,1,50
22267,1,50
22281,1,50
22297,1,50
22312,1,50
22324,1,50
22332,1,50
22373,1,50
22375,1,50
22409,1,50
22461,1,50
22478,1,50
22522,1,50
22591,1,50
23131,1,50
23260,1,50
23260,1,50
23286,1,50
23376,1,50
23403,1,50
23455,1,50
23471,1,50
23529,1,50
23537,1,50
23538,1,50
23593,1,50
23656,1,50
24014,1,50
24017,1,50
24064,1,50
24080,1,50
24084,1,50
24161,1,50
24256,1,50
24392,1,50
24406,1,50
24420,1,50
24452,1,50
24541,1,50
24745,1,50
24757,1,50
24782,1,50
24798,1,50
24852,1,50
24904,1,50
24915,1,50
24926,1,50
25027,1,50
25196,1,50
25240,1,50
25405,1,50
25466,1,50
25561,1,50
25808,1,50
25966,1,50
26042,1,50
26043,1,50
26056,1,50
26085,1,50
26107,1,50
26115,1,50
26138,1,50
26254,1,50
26265,1,50
26337,1,50
26521,1,50
26676,1,50
27053,1,50
27143,1,50
27147,1,50
27159,1,50
27338,1,50
27365,1,50
27383,1,50
27396,1,50
27407,1,50
27467,1,50
27684,1,50
27695,1,50
27730,1,50
27751,1,50
28034,1,50
28071,1,50
28114,1,50
28322,1,50
28377,1,50
28383,1,50
28399,1,50
28528,1,50
28529,1,50
28701,1,50
28703,1,50
28811,1,50
28838,1,50
28842,1,50
28861,1,50
28865,1,50
29031,1,50
29068,1,50
29262,1,50
29270,1,50
29291,1,50
29340,1,50
29585,1,50
29595,1,50
29714,1,50
29736,1,50
29932,1,50
30016,1,50
30066,1,50
30086,1,50
30154,1,50
30159,1,50
30395,1,50
30578,1,50
30838,1,50
30851,1,50
30938,1,50
30972,1,50
31366,1,50
31519,1,50
31538,1,50
31628,1,50
31735,1,50
31810,1,50
31829,1,50
31969,1,50
31982,1,50
32069,1,50
32092,1,50
32326,1,50
32372,1,50
32379,1,50
32382,1,50
32576,1,50
32728,1,50
32796,1,50
33015,1,50
33023,1,50
33028,1,50
33101,1,50
33102,1,50
33151,1,50
33160,1,50
33185,1,50
33190,1,50
33199,1,50
33238,1,50
33250,1,50
33262,1,50
33326,1,50
33358,1,50
33364,1,50
33419,1,50
33420,1,50
33421,1,50
33437,1,50
33443,1,50
33472,1,50
33485,1,50
33508,1,50
33510,1,50
33514,1,50
33515,1,50
33533,1,50
33540,1,50
33550,1,50
33669,1,50
33694,1,50
33750,1,50
33789,1,50
33831,1,50
33842,1,50
33958,1,50
34019,1,50
34099,1,50
34146,1,50
34161,1,50
34184,1,50
34236,1,50
34400,1,50
34417,1,50
34456,1,50
34506,1,50
34545,1,50
34589,1,50
34642,1,50
34669,1,50
34742,1,50
34788,1,50
34810,1,50
34813,1,50
34847,1,50
34896,1,50
34963,1,50
34973,1,50
35040,1,50
35053,1,50
35055,1,50
35116,1,50
35135,1,50
35170,1,50
35176,1,50
35185,1,50
35233,1,50
35323,1,50
35344,1,50
35391,1,50
35415,1,50
35418,1,50
35468,1,50
35546,1,50
35573,1,50
35653,1,50
35774,1,50
35843,1,50
35899,1,50
35943,1,50
35948,1,50
36056,1,50
36097,1,50
36140,1,50
36250,1,50
36270,1,50
36283,1,50
36314,1,50
36352,1,50
36390,1,50
36450,1,50
36453,1,50
36455,1,50
36462,1,50
36464,1,50
36548,1,50
36568,1,50
36585,1,50
36593,1,50
36654,1,50
37124,1,50
37252,1,50
37304,1,50
37368,1,50
37437,1,50
37692,1,50
37748,1,50
37784,1,50
37798,1,50
37955,1,50
38077,1,50
38097,1,50
38110,1,50
38155,1,50
38249,1,50
38269,1,50
38273,1,50
38289,1,50
38414,1,50
38442,1,50
38522,1,50
38678,1,50
38745,1,50
38745,1,50
38747,1,50
38826,1,50
38874,1,50
38941,1,50
38977,1,50
39017,1,50
39042,1,50
39081,1,50
39232,1,50
39246,1,50
39355,1,50
39428,1,50
39436,1,50
39445,1,50
39485,1,50
39640,1,50
39640,1,50
39767,1,50
39789,1,50
39796,1,50
39860,1,50
39937,1,50
39948,1,50
40047,1,50
40067,1,50
40110,1,50
40130,1,50
40186,1,50
40191,1,50
40278,1,50
40379,1,50
40430,1,50
40434,1,50
40458,1,50
40519,1,50
40522,1,50
40548,1,50
40604,1,50
40695,1,50
40735,1,50
40786,1,50
40842,1,50
40914,1,50
40927,1,50
41005,1,50
41006,1,50
41034,1,50
41035,1,50
41086,1,50
41222,1,50
41242,1,50
41255,1,50
41295,1,50
41352,1,50
41355,1,50
41398,1,50
41423,1,50
41538,1,50
41549,1,50
41567,1,50
41718,1,50
41723,1,50
41780,1,50
41960,1,50
42003,1,50
42180,1,50
42239,1,50
42242,1,50
42245,1,50
42370,1,50
42482,1,50
42544,1,50
42638,1,50
42767,1,50
42784,1,50
42798,1,50
42817,1,50
42961,1,50
43014,1,50
43110,1,50
43115,1,50
43119,1,50
43156,1,50
43173,1,50
43222,1,50
43404,1,50
43409,1,50
43423,1,50
43566,1,50
43656,1,50
43724,1,50
43774,1,50
43807,1,50
43820,1,50
43836,1,50
44024,1,50
44121,1,50
44123,1,50
44157,1,50
44196,1,50
44372,1,50
44384,1,50
44496,1,50
44586,1,50
44609,1,50
44653,1,50
44845,1,50
44871,1,50
44888,1,50
44920,1,50
44960,1,50
45048,1,50
45081,1,50
45101,1,50
45115,1,50
45125,1,50
45146,1,50
45148,1,50
45181,1,50
45184,1,50
45206,1,50
45253,1,50
45284,1,50
45295,1,50
45322,1,50
45345,1,50
45395,1,50
45439,1,50
45445,1,50
45459,1,50
45496,1,50
45503,1,50
45524,1,50
45545,1,50
45567,1,50
45636,1,50
45678,1,50
45688,1,50
45723,1,50
45765,1,50
45771,1,50
45790,1,50
45799,1,50
45799,1,50
45824,1,50
45910,1,50
45917,1,50
45920,1,50
46003,1,50
46033,1,50
46036,1,50
46046,1,50
46047,1,50
46059,1,50
46060,1,50
46061,1,50
46085,1,50
46089,1,50
46109,1,50
46122,1,50
46157,1,50
46164,1,50
46190,1,50
46190,1,50
46221,1,50
46226,1,50
46235,1,50
46266,1,50
46287,1,50
46311,1,50
46344,1,50
46426,1,50
46449,1,50
46458,1,50
46470,1,50
46496,1,50
46501,1,50
46509,1,50
46539,1,50
46563,1,50
46587,1,50
46610,1,50
46633,1,50
46641,1,50
46671,1,50
46676,1,50
46697,1,50
46726,1,50
46740,1,50
46746,1,50
46758,1,50
46770,1,50
46772,1,50
46840,1,50
46847,1,50
47022,1,50
47034,1,50
47046,1,50
47057,1,50
47084,1,50
47095,1,50
47149,1,50
47177,1,50
47181,1,50
47189,1,50
47214,1,50
47256,1,50
47264,1,50
47278,1,50
47292,1,50
47308,1,50
47309,1,50
47343,1,50
47347,1,50
47385,1,50
47420,1,50
47471,1,50
47496,1,50
47511,1,50
47515,1,50
47530,1,50
47555,1,50
47560,1,50
47571,1,50
47578,1,50
47596,1,50
47604,1,50
47612,1,50
47614,1,50
47642,1,50
47683,1,50
47699,1,50
48023,1,50
48028,1,50
48051,1,50
48077,1,50
48093,1,50
48127,1,50
48176,1,50
48210,1,50
48273,1,50
48323,1,50
48334,1,50
48361,1,50
48478,1,50
48494,1,50
48519,1,50
48521,1,50
48548,1,50
48556,1,50
48620,1,50
48622,1,50
48660,1,50
48660,1,50
48662,1,50
48715,1,50
48769,1,50
48797,1,50
48810,1,50
48812,1,50
48813,1,50
48856,1,50
48929,1,50
48973,1,50
48976,1,50
49005,1,50
49012,1,50
49019,1,50
49022,1,50
49059,1,50
49080,1,50
49117,1,50
49164,1,50
49164,1,50
49215,1,50
49223,1,50
49235,1,50
49261,1,50
49261,1,50
49275,1,50
49279,1,50
49355,1,50
49355,1,50
49368,1,50
49369,1,50
49370,1,50
49427,1,50
49440,1,50
49474,1,50
49476,1,50
49498,1,50
49564,1,50
49636,1,50
49638,1,50
49651,1,50
49665,1,50
49690,1,50
49697,1,50
50016,1,50
50035,1,50
50259,1,50
50264,1,50
50264,1,50
50270,1,50
50296,1,50
50305,1,50
50314,1,50
50338,1,50
50349,1,50
50364,1,50
50381,1,50
50382,1,50
50439,1,50
50510,1,50
50514,1,50
50566,1,50
50622,1,50
50624,1,50
50625,1,50
50686,1,50
50724,1,50
50774,1,50
50919,1,50
50920,1,50
50947,1,50
50955,1,50
50974,1,50
50977,1,50
51003,1,50
51004,1,50
51021,1,50
51029,1,50
51067,1,50
51070,1,50
51077,1,50
51083,1,50
51085,1,50
51088,1,50
51100,1,50
51109,1,50
51154,1,50
51168,1,50
51169,1,50
51188,1,50
51195,1,50
51206,1,50
51211,1,50
51226,1,50
51254,1,50
51259,1,50
51290,1,50
51297,1,50
51300,1,50
51333,1,50
51342,1,50
51343,1,50
51421,1,50
51434,1,50
51467,1,50
51518,1,50
51573,1,50
51581,1,50
51588,1,50
51671,1,50
51690,1,50
51699,1,50
51721,1,50
51740,1,50
51751,1,50
52005,1,50
52012,1,50
52095,1,50
52095,1,50
52129,1,50
52173,1,50
52190,1,50
52237,1,50
52240,1,50
52243,1,50
52244,1,50
52279,1,50
52292,1,50
52315,1,50
52327,1,50
52369,1,50
52373,1,50
52379,1,50
52379,1,50
52400,1,50
52427,1,50
52445,1,50
52449,1,50
52563,1,50
52596,1,50
52754,1,50
52756,1,50
52762,1,50
52778,1,50
52820,1,50
52861,1,50
52884,1,50
52909,1,50
52950,1,50
52966,1,50
53003,1,50
53019,1,50
53031,1,50
53035,1,50
53067,1,50
53067,1,50
53069,1,50
53095,1,50
53099,1,50
53102,1,50
53216,1,50
53251,1,50
53333,1,50
53438,1,50
53451,1,50
53456,1,50
53492,1,50
53523,1,50
53536,1,50
53558,1,50
53625,1,50
53636,1,50
53660,1,50
53664,1,50
53671,1,50
53738,1,50
53749,1,50
53780,1,50
53871,1,50
53871,1,50
53876,1,50
54009,1,50
54025,1,50
54064,1,50
54127,1,50
54139,1,50
54144,1,50
54167,1,50
54189,1,50
54196,1,50
54197,1,50
54366,1,50
54399,1,50
54408,1,50
54417,1,50
54488,1,50
54493,1,50
54540,1,50
54544,1,50
54546,1,50
54626,1,50
54650,1,50
54666,1,50
54679,1,50
54718,1,50
54750,1,50
54866,1,50
54915,1,50
55027,1,50
55060,1,50
55158,1,50
55168,1,50
55178,1,50
55184,1,50
55191,1,50
55228,1,50
55254,1,50
55260,1,50
55272,1,50
55279,1,50
55339,1,50
55364,1,50
55427,1,50
55441,1,50
55474,1,50
55476,1,50
55516,1,50
55557,1,50
55649,1,50
55650,1,50
55663,1,50
55688,1,50
55694,1,50
55715,1,50
55799,1,50
55807,1,50
55872,1,50
55876,1,50
55931,1,50
56012,1,50
56029,1,50
56041,1,50
56058,1,50
56079,1,50
56086,1,50
56098,1,50
56126,1,50
56137,1,50
56150,1,50
56222,1,50
56313,1,50
56391,1,50
56410,1,50
56429,1,50
56433,1,50
56471,1,50
56499,1,50
56563,1,50
56601,1,50
56623,1,50
56714,1,50
56739,1,50
56812,1,50
56860,1,50
56864,1,50
56903,1,50
56925,1,50
56961,1,50
56972,1,50
56972,1,50
56977,1,50
57005,1,50
57013,1,50
57055,1,50
57057,1,50
57058,1,50
57065,1,50
57066,1,50
57081,1,50
57081,1,50
57094,1,50
57101,1,50
57118,1,50
57135,1,50
57145,1,50
57192,1,50
57211,1,50
57211,1,50
57225,1,50
57235,1,50
57255,1,50
57267,1,50
57269,1,50
57296,1,50
57305,1,50
57314,1,50
57328,1,50
57342,1,50
57367,1,50
57376,1,50
57405,1,50
57408,1,50
57448,1,50
57472,1,50
57492,1,50
57509,1,50
57513,1,50
57549,1,50
57570,1,50
57583,1,50
57598,1,50
57599,1,50
57636,1,50
57637,1,50
57650,1,50
57676,1,50
57687,1,50
57698,1,50
57721,1,50
57722,1,50
57728,1,50
57729,1,50
57797,1,50
57830,1,50
57832,1,50
57855,1,50
57862,1,50
57876,1,50
57882,1,50
57884,1,50
57899,1,50
57947,1,50
57955,1,50
57968,1,50
57986,1,50
58016,1,50
58046,1,50
58052,1,50
58057,1,50
58070,1,50
58081,1,50
58082,1,50
58087,1,50
58105,1,50
58109,1,50
58133,1,50
58145,1,50
58182,1,50
58183,1,50
58215,1,50
58252,1,50
58314,1,50
58316,1,50
58336,1,50
58360,1,50
58361,1,50
58403,1,50
58445,1,50
58449,1,50
58479,1,50
58622,1,50
58642,1,50
58652,1,50
58680,1,50
58687,1,50
58717,1,50
58731,1,50
58754,1,50
58775,1,50
58789,1,50
58801,1,50
58810,1,50
58820,1,50
58824,1,50
58840,1,50
58869,1,50
58902,1,50
58938,1,50
58959,1,50
58996,1,50
59015,1,50
59016,1,50
59036,1,50
59036,1,50
59039,1,50
59045,1,50
59048,1,50
59072,1,50
59089,1,50
59100,1,50
59117,1,50
59128,1,50
59132,1,50
59152,1,50
59155,1,50
59201,1,50
59213,1,50
59222,1,50
59234,1,50
59239,1,50
59255,1,50
59262,1,50
59268,1,50
59269,1,50
59280,1,50
59289,1,50
59292,1,50
59384,1,50
59406,1,50
59428,1,50
59439,1,50
59446,1,50
59474,1,50
59481,1,50
59491,1,50
59504,1,50
59538,1,50
59539,1,50
59539,1,50
59558,1,50
59576,1,50
59605,1,50
59618,1,50
59630,1,50
59657,1,50
59689,1,50
59714,1,50
59773,1,50
59781,1,50
59821,1,50
59822,1,50
59841,1,50
59890,1,50
60007,1,50
60009,1,50
60028,1,50
60031,1,50
60065,1,50
60139,1,50
60155,1,50
60163,1,50
60178,1,50
60208,1,50
60283,1,50
60295,1,50
60316,1,50
60353,1,50
60368,1,50
60404,1,50
60405,1,50
60425,1,50
60515,1,50
60537,1,50
60553,1,50
60581,1,50
60600,1,50
60638,1,50
60652,1,50
60683,1,50
60693,1,50
60708,1,50
60715,1,50
60718,1,50
60807,1,50
60812,1,50
60822,1,50
60829,1,50
60850,1,50
60916,1,50
60956,1,50
60992,1,50
61017,1,50
61017,1,50
61026,1,50
61032,1,50
61072,1,50
61103,1,50
61153,1,50
61178,1,50
61192,1,50
61198,1,50
61216,1,50
61220,1,50
61239,1,50
61257,1,50
61294,1,50
61297,1,50
61328,1,50
61331,1,50
61340,1,50
61349,1,50
61396,1,50
61400,1,50
61410,1,50
61433,1,50
61458,1,50
61458,1,50
61563,1,50
61579,1,50
61586,1,50
61604,1,50
61649,1,50
61654,1,50
61657,1,50
61670,1,50
61672,1,50
61715,1,50
61730,1,50
61810,1,50
61830,1,50
61849,1,50
61863,1,50
61907,1,50
61912,1,50
61985,1,50
61995,1,50
61996,1,50
62000,1,50
62004,1,50
62040,1,50
62050,1,50
62084,1,50
62094,1,50
62102,1,50
62109,1,50
62116,1,50
62125,1,50
62151,1,50
62161,1,50
62169,1,50
62175,1,50
62182,1,50
62187,1,50
62207,1,50
62224,1,50
62230,1,50
62255,1,50
62282,1,50
62316,1,50
62334,1,50
62339,1,50
62381,1,50
62385,1,50
62448,1,50
62458,1,50
62466,1,50
62485,1,50
62504,1,50
62534,1,50
62577,1,50
62587,1,50
62601,1,50
62611,1,50
62621,1,50
62662,1,50
62694,1,50
62694,1,50
62740,1,50
62745,1,50
62752,1,50
62803,1,50
62808,1,50
62893,1,50
62911,1,50
62926,1,50
62951,1,50
63052,1,50
63063,1,50
63075,1,50
63115,1,50
63122,1,50
63133,1,50
63137,1,50
63138,1,50
63151,1,50
63152,1,50
63168,1,50
63184,1,50
63187,1,50
63195,1,50
63209,1,50
63219,1,50
63273,1,50
63282,1,50
63284,1,50
63296,1,50
63336,1,50
63337,1,50
63436,1,50
63453,1,50
63471,1,50
63547,1,50
63564,1,50
63580,1,50
63582,1,50
63587,1,50
63589,1,50
63609,1,50
63611,1,50
63615,1,50
63617,1,50
63656,1,50
63681,1,50
63686,1,50
63702,1,50
63713,1,50
63719,1,50
63769,1,50
63792,1,50
63803,1,50
63805,1,50
64036,1,50
64048,1,50
64051,1,50
64065,1,50
64098,1,50
64123,1,50
64124,1,50
64151,1,50
64171,1,50
64185,1,50
64189,1,50
64193,1,50
64198,1,50
64207,1,50
64244,1,50
64255,1,50
64290,1,50
64299,1,50
64310,1,50
64319,1,50
64319,1,50
64333,1,50
64362,1,50
64437,1,50
64438,1,50
64451,1,50
64457,1,50
64491,1,50
64506,1,50
64537,1,50
64542,1,50
64545,1,50
64571,1,50
64582,1,50
64586,1,50
64616,1,50
64617,1,50
64632,1,50
64670,1,50
64695,1,50
64709,1,50
64717,1,50
64729,1,50
64799,1,50
64810,1,50
64810,1,50
64816,1,50
65057,1,50
65069,1,50
65090,1,50
65131,1,50
65133,1,50
65135,1,50
65178,1,50
65193,1,50
65194,1,50
65229,1,50
65238,1,50
65257,1,50
65329,1,50
65330,1,50
65367,1,50
65369,1,50
65383,1,50
65385,1,50
65403,1,50
65411,1,50
65443,1,50
65475,1,50
65477,1,50
65484,1,50
65498,1,50
65510,1,50
65532,1,50
65533,1,50
65551,1,50
65597,1,50
65625,1,50
65653,1,50
65673,1,50
65676,1,50
65717,1,50
65766,1,50
65776,1,50
65776,1,50
65789,1,50
65797,1,50
65853,1,50
65876,1,50
65879,1,50
65937,1,50
65939,1,50
66013,1,50
66047,1,50
66060,1,50
66073,1,50
66089,1,50
66097,1,50
66137,1,50
66158,1,50
66170,1,50
66176,1,50
66188,1,50
66190,1,50
66206,1,50
66215,1,50
66238,1,50
66328,1,50
66366,1,50
66366,1,50
66417,1,50
66419,1,50
66438,1,50
66441,1,50
66452,1,50
66472,1,50
66527,1,50
66535,1,50
66565,1,50
66580,1,50
66585,1,50
66684,1,50
66712,1,50
66715,1,50
66724,1,50
66728,1,50
66761,1,50
66791,1,50
66810,1,50
66857,1,50
66875,1,50
66895,1,50
66899,1,50
66901,1,50
66941,1,50
66943,1,50
66975,1,50
67026,1,50
67057,1,50
67079,1,50
67134,1,50
67144,1,50
67169,1,50
67218,1,50
67218,1,50
67260,1,50
67271,1,50
67281,1,50
67400,1,50
67404,1,50
67410,1,50
67420,1,50
67437,1,50
67443,1,50
67474,1,50
67489,1,50
67499,1,50
67540,1,50
67552,1,50
67622,1,50
67639,1,50
67640,1,50
67661,1,50
67672,1,50
67693,1,50
67729,1,50
67753,1,50
67765,1,50
67823,1,50
67849,1,50
67865,1,50
67873,1,50
67900,1,50
67912,1,50
67921,1,50
67961,1,50
67983,1,50
67994,1,50
68020,1,50
68053,1,50
68059,1,50
68069,1,50
68071,1,50
68106,1,50
68114,1,50
68120,1,50
68145,1,50
68169,1,50
68192,1,50
68220,1,50
68222,1,50
68223,1,50
68246,1,50
68283,1,50
68322,1,50
68367,1,50
68385,1,50
68389,1,50
68440,1,50
68471,1,50
68482,1,50
68491,1,50
68504,1,50
68508,1,50
68562,1,50
68620,1,50
68643,1,50
68651,1,50
68686,1,50
68749,1,50
68761,1,50
68846,1,50
68860,1,50
68865,1,50
68890,1,50
68899,1,50
68899,1,50
68944,1,50
68974,1,50
69029,1,50
69032,1,50
69041,1,50
69042,1,50
69070,1,50
69073,1,50
69074,1,50
69094,1,50
69099,1,50
69110,1,50
69121,1,50
69136,1,50
69141,1,50
69148,1,50
69153,1,50
69153,1,50
69158,1,50
69188,1,50
69199,1,50
69202,1,50
69207,1,50
69220,1,50
69220,1,50
69223,1,50
69228,1,50
69232,1,50
69234,1,50
69236,1,50
69246,1,50
69258,1,50
69273,1,50
69281,1,50
69291,1,50
69291,1,50
69295,1,50
69305,1,50
69307,1,50
69312,1,50
69327,1,50
69333,1,50
69335,1,50
69337,1,50
69346,1,50
69349,1,50
69363,1,50
69375,1,50
69386,1,50
69405,1,50
69419,1,50
69423,1,50
69428,1,50
69428,1,50
69437,1,50
69438,1,50
69448,1,50
69459,1,50
69470,1,50
69486,1,50
69493,1,50
69513,1,50
69540,1,50
69574,1,50
69575,1,50
69605,1,50
69612,1,50
69614,1,50
69616,1,50
69617,1,50
69623,1,50
69649,1,50
69662,1,50
69662,1,50
69667,1,50
69676,1,50
69692,1,50
69699,1,50
69706,1,50
69707,1,50
69731,1,50
69732,1,50
69752,1,50
69753,1,50
69754,1,50
69758,1,50
69780,1,50
69793,1,50
69794,1,50
69798,1,50
69799,1,50
69807,1,50
69811,1,50
69821,1,50
69834,1,50
69837,1,50
69935,1,50
70001,1,50
70003,1,50
70029,1,50
70043,1,50
70053,1,50
70055,1,50
70074,1,50
70077,1,50
70090,1,50
70102,1,50
70121,1,50
70134,1,50
70147,1,50
70165,1,50
70189,1,50
70197,1,50
70223,1,50
70231,1,50
70247,1,50
70255,1,50
70256,1,50
70264,1,50
70286,1,50
70288,1,50
70289,1,50
70294,1,50
70304,1,50
70318,1,50
70322,1,50
70324,1,50
70329,1,50
70338,1,50
70346,1,50
70346,1,50
70370,1,50
70375,1,50
70410,1,50
70416,1,50
70424,1,50
70429,1,50
70440,1,50
70441,1,50
70442,1,50
70448,1,50
70449,1,50
70454,1,50
70495,1,50
70503,1,50
70508,1,50
70515,1,50
70528,1,50
70533,1,50
70536,1,50
70572,1,50
70579,1,50
70598,1,50
70611,1,50
70696,1,50
70726,1,50
70743,1,50
70764,1,50
70766,1,50
70777,1,50
70780,1,50
70783,1,50
70799,1,50
70807,1,50
70811,1,50
70815,1,50
71005,1,50
71035,1,50
71042,1,50
71042,1,50
71086,1,50
71091,1,50
71096,1,50
71102,1,50
71108,1,50
71137,1,50
71140,1,50
71150,1,50
71153,1,50
71180,1,50
71207,1,50
71215,1,50
71231,1,50
71235,1,50
71241,1,50
71245,1,50
71254,1,50
71260,1,50
71272,1,50
71273,1,50
71283,1,50
71283,1,50
71295,1,50
71342,1,50
71350,1,50
71368,1,50
71375,1,50
71377,1,50
71395,1,50
71470,1,50
71478,1,50
71485,1,50
71485,1,50
71498,1,50
71502,1,50
71515,1,50
71516,1,50
71556,1,50
71599,1,50
71600,1,50
71605,1,50
71637,1,50
71643,1,50
71699,1,50
71715,1,50
71717,1,50
71729,1,50
71755,1,50
71760,1,50
71763,1,50
71766,1,50
71777,1,50
71791,1,50
71797,1,50
71821,1,50
71839,1,50
71868,1,50
71883,1,50
71899,1,50
71924,1,50
71931,1,50
71952,1,50
72019,1,50
72028,1,50
72051,1,50
72114,1,50
72115,1,50
72157,1,50
72185,1,50
72196,1,50
72246,1,50
72255,1,50
72289,1,50
72301,1,50
72342,1,50
72388,1,50
72389,1,50
72391,1,50
72400,1,50
72401,1,50
72431,1,50
72442,1,50
72449,1,50
72464,1,50
72479,1,50
72519,1,50
72538,1,50
72547,1,50
72625,1,50
72629,1,50
72656,1,50
72660,1,50
72673,1,50
72682,1,50
72706,1,50
72708,1,50
72713,1,50
72718,1,50
72721,1,50
72746,1,50
72775,1,50
72783,1,50
72788,1,50
72806,1,50
72825,1,50
72831,1,50
72832,1,50
72841,1,50
72842,1,50
72845,1,50
72885,1,50
72894,1,50
72896,1,50
72900,1,50
72935,1,50
72952,1,50
72959,1,50
72975,1,50
72997,1,50
73002,1,50
73003,1,50
73004,1,50
73009,1,50
73009,1,50
73010,1,50
73014,1,50
73014,1,50
73019,1,50
73025,1,50
73044,1,50
73049,1,50
73057,1,50
73061,1,50
73063,1,50
73077,1,50
73077,1,50
73079,1,50
73097,1,50
73098,1,50
73108,1,50
73116,1,50
73118,1,50
73121,1,50
73127,1,50
73156,1,50
73156,1,50
73160,1,50
73163,1,50
73172,1,50
73173,1,50
73189,1,50
73197,1,50
73198,1,50
73201,1,50
73213,1,50
73228,1,50
73237,1,50
73254,1,50
73258,1,50
73265,1,50
73288,1,50
73313,1,50
73321,1,50
73331,1,50
73339,1,50
73341,1,50
73345,1,50
73361,1,50
73435,1,50
73437,1,50
73448,1,50
73453,1,50
73463,1,50
73473,1,50
73487,1,50
73501,1,50
73503,1,50
73505,1,50
73516,1,50
73533,1,50
73564,1,50
73574,1,50
73575,1,50
73577,1,50
73583,1,50
73643,1,50
73697,1,50
73717,1,50
73740,1,50
73744,1,50
73752,1,50
73771,1,50
74021,1,50
74033,1,50
74049,1,50
74052,1,50
74062,1,50
74079,1,50
74081,1,50
74095,1,50
74098,1,50
74102,1,50
74106,1,50
74150,1,50
74178,1,50
74207,1,50
74234,1,50
74242,1,50
74247,1,50
74269,1,50
74278,1,50
74280,1,50
74280,1,50
74294,1,50
74303,1,50
74318,1,50
74321,1,50
74323,1,50
74352,1,50
74354,1,50
74365,1,50
74414,1,50
74425,1,50
74425,1,50
74442,1,50
74455,1,50
74456,1,50
74477,1,50
74504,1,50
74514,1,50
74520,1,50
74520,1,50
74525,1,50
74563,1,50
74586,1,50
74611,1,50
74627,1,50
74630,1,50
74635,1,50
74669,1,50
74693,1,50
74704,1,50
74721,1,50
74745,1,50
74754,1,50
74774,1,50
74784,1,50
74809,1,50
74852,1,50
74880,1,50
74898,1,50
74918,1,50
74947,1,50
74954,1,50
74970,1,50
74973,1,50
74982,1,50
75008,1,50
75015,1,50
75032,1,50
75036,1,50
75049,1,50
75060,1,50
75087,1,50
75089,1,50
75093,1,50
75101,1,50
75111,1,50
75140,1,50
75159,1,50
75164,1,50
75174,1,50
75220,1,50
75227,1,50
75251,1,50
75253,1,50
75259,1,50
75278,1,50
75281,1,50
75283,1,50
75285,1,50
75292,1,50
75316,1,50
75321,1,50
75323,1,50
75356,1,50
75360,1,50
75385,1,50
75420,1,50
75437,1,50
75442,1,50
75446,1,50
75479,1,50
75506,1,50
75528,1,50
75541,1,50
75551,1,50
75555,1,50
75561,1,50
75585,1,50
75587,1,50
75633,1,50
75647,1,50
75651,1,50
75658,1,50
75677,1,50
75679,1,50
75691,1,50
75693,1,50
75713,1,50
75733,1,50
75733,1,50
75747,1,50
75767,1,50
75781,1,50
75792,1,50
75793,1,50
75796,1,50
75799,1,50
75800,1,50
75829,1,50
75836,1,50
75848,1,50
76009,1,50
76033,1,50
76065,1,50
76076,1,50
76089,1,50
76096,1,50
76118,1,50
76119,1,50
76124,1,50
76157,1,50
76230,1,50
76241,1,50
76311,1,50
76313,1,50
76321,1,50
76354,1,50
76377,1,50
76379,1,50
76406,1,50
76409,1,50
76423,1,50
76469,1,50
76473,1,50
76498,1,50
76522,1,50
76523,1,50
76530,1,50
76531,1,50
76535,1,50
76584,1,50
76612,1,50
76658,1,50
76770,1,50
76786,1,50
76790,1,50
76802,1,50
76817,1,50
76906,1,50
76921,1,50
76946,1,50
76952,1,50
76976,1,50
77003,1,50
77010,1,50
77026,1,50
77040,1,50
77045,1,50
77048,1,50
77051,1,50
77054,1,50
77070,1,50
77078,1,50
77081,1,50
77085,1,50
77109,1,50
77126,1,50
77131,1,50
77147,1,50
77149,1,50
77154,1,50
77160,1,50
77168,1,50
77169,1,50
77183,1,50
77214,1,50
77217,1,50
77229,1,50
77233,1,50
77236,1,50
77245,1,50
77251,1,50
77273,1,50
77273,1,50
77285,1,50
77303,1,50
77304,1,50
77311,1,50
77322,1,50
77352,1,50
77356,1,50
77382,1,50
77390,1,50
77401,1,50
77436,1,50
77495,1,50
77502,1,50
77561,1,50
77578,1,50
77587,1,50
77588,1,50
77622,1,50
77657,1,50
77658,1,50
77680,1,50
77710,1,50
77773,1,50
77803,1,50
77808,1,50
77808,1,50
77809,1,50
77839,1,50
77847,1,50
77849,1,50
77868,1,50
77878,1,50
77890,1,50
77932,1,50
77970,1,50
77980,1,50
77987,1,50
77991,1,50
78004,1,50
78008,1,50
78015,1,50
78025,1,50
78042,1,50
78042,1,50
78042,1,50
78084,1,50
78085,1,50
78090,1,50
78097,1,50
78104,1,50
78108,1,50
78111,1,50
78118,1,50
78120,1,50
78123,1,50
78127,1,50
78128,1,50
78132,1,50
78136,1,50
78138,1,50
78141,1,50
78145,1,50
78152,1,50
78162,1,50
78175,1,50
78189,1,50
78192,1,50
78210,1,50
78233,1,50
78237,1,50
78244,1,50
78248,1,50
78250,1,50
78260,1,50
78266,1,50
78282,1,50
78312,1,50
78331,1,50
78353,1,50
78370,1,50
78381,1,50
78382,1,50
78393,1,50
78440,1,50
78447,1,50
78449,1,50
78453,1,50
78473,1,50
78488,1,50
78488,1,50
78499,1,50
78523,1,50
78549,1,50
78563,1,50
78580,1,50
78597,1,50
78607,1,50
78615,1,50
78628,1,50
78667,1,50
78717,1,50
78729,1,50
78757,1,50
78790,1,50
78793,1,50
78802,1,50
78810,1,50
78832,1,50
78868,1,50
78876,1,50
78885,1,50
78888,1,50
78893,1,50
78909,1,50
78911,1,50
78915,1,50
78942,1,50
78948,1,50
79016,1,50
79062,1,50
79068,1,50
79076,1,50
79084,1,50
79100,1,50
79188,1,50
79195,1,50
79223,1,50
79228,1,50
79241,1,50
79272,1,50
79293,1,50
79296,1,50
79299,1,50
79302,1,50
79321,1,50
79329,1,50
79344,1,50
79355,1,50
79381,1,50
79382,1,50
79389,1,50
79492,1,50
79531,1,50
79547,1,50
79603,1,50
79611,1,50
79615,1,50
79628,1,50
79637,1,50
79643,1,50
79649,1,50
79653,1,50
79664,1,50
79665,1,50
79707,1,50
79714,1,50
79723,1,50
79733,1,50
79736,1,50
79759,1,50
79770,1,50
79785,1,50
79815,1,50
79910,1,50
79917,1,50
79933,1,50
79936,1,50
79956,1,50
79971,1,50
80012,1,50
80013,1,50
80016,1,50
80031,1,50
80057,1,50
80072,1,50
80074,1,50
80080,1,50
80082,1,50
80083,1,50
80088,1,50
80091,1,50
80093,1,50
80095,1,50
80100,1,50
80103,1,50
80104,1,50
80107,1,50
80131,1,50
80144,1,50
80163,1,50
80185,1,50
80233,1,50
80254,1,50
80263,1,50
80286,1,50
80332,1,50
80354,1,50
80385,1,50
80449,1,50
80477,1,50
80522,1,50
80533,1,50
80537,1,50
80571,1,50
80592,1,50
80609,1,50
80616,1,50
80634,1,50
80657,1,50
80679,1,50
80716,1,50
80723,1,50
80749,1,50
80756,1,50
80761,1,50
80762,1,50
80764,1,50
80780,1,50
80787,1,50
80839,1,50
80843,1,50
80857,1,50
80865,1,50
80867,1,50
80872,1,50
80890,1,50
80896,1,50
80911,1,50
80913,1,50
80915,1,50
80938,1,50
80946,1,50
80965,1,50
80966,1,50
80974,1,50
80995,1,50
81000,1,50
81005,1,50
81010,1,50
81013,1,50
81014,1,50
81021,1,50
81025,1,50
81027,1,50
81046,1,50
81049,1,50
81068,1,50
81088,1,50
81088,1,50
81119,1,50
81125,1,50
81139,1,50
81146,1,50
81149,1,50
81152,1,50
81162,1,50
81162,1,50
81179,1,50
81201,1,50
81214,1,50
81254,1,50
81268,1,50
81270,1,50
81271,1,50
81276,1,50
81280,1,50
81295,1,50
81298,1,50
81301,1,50
81302,1,50
81305,1,50
81307,1,50
81313,1,50
81347,1,50
81354,1,50
81356,1,50
81368,1,50
81369,1,50
81372,1,50
81380,1,50
81394,1,50
81473,1,50
81499,1,50
81505,1,50
81518,1,50
81520,1,50
81526,1,50
81529,1,50
81530,1,50
81557,1,50
81571,1,50
81572,1,50
81575,1,50
81585,1,50
81597,1,50
81621,1,50
81643,1,50
81648,1,50
81652,1,50
81656,1,50
81663,1,50
81666,1,50
81673,1,50
81674,1,50
81686,1,50
81701,1,50
81735,1,50
81753,1,50
81755,1,50
81759,1,50
81769,1,50
81770,1,50
81778,1,50
81785,1,50
81788,1,50
81790,1,50
81809,1,50
81826,1,50
81830,1,50
81854,1,50
81878,1,50
81888,1,50
81889,1,50
81901,1,50
81924,1,50
81942,1,50
81951,1,50
81983,1,50
81986,1,50
82003,1,50
82003,1,50
82010,1,50
82025,1,50
82038,1,50
82059,1,50
82080,1,50
82106,1,50
82111,1,50
82113,1,50
82115,1,50
82124,1,50
82128,1,50
82132,1,50
82142,1,50
82195,1,50
82204,1,50
82232,1,50
82234,1,50
82235,1,50
82249,1,50
82258,1,50
82322,1,50
82361,1,50
82362,1,50
82362,1,50
82374,1,50
82378,1,50
82380,1,50
82383,1,50
82388,1,50
82400,1,50
82405,1,50
82406,1,50
82430,1,50
82434,1,50
82451,1,50
82461,1,50
82470,1,50
82479,1,50
82480,1,50
82524,1,50
82548,1,50
82550,1,50
82571,1,50
82582,1,50
82595,1,50
82600,1,50
82615,1,50
82622,1,50
82624,1,50
82624,1,50
82624,1,50
82648,1,50
82651,1,50
82684,1,50
82690,1,50
82703,1,50
82706,1,50
82739,1,50
82749,1,50
82755,1,50
82768,1,50
82792,1,50
82830,1,50
82842,1,50
82857,1,50
82860,1,50
82866,1,50
82892,1,50
82900,1,50
82908,1,50
82912,1,50
82915,1,50
83003,1,50
83007,1,50
83008,1,50
83036,1,50
83040,1,50
83051,1,50
83056,1,50
83074,1,50
83091,1,50
83120,1,50
83124,1,50
83133,1,50
83134,1,50
83138,1,50
83149,1,50
83155,1,50
83163,1,50
83171,1,50
83212,1,50
83221,1,50
83226,1,50
83258,1,50
83317,1,50
83334,1,50
83347,1,50
83352,1,50
83358,1,50
83369,1,50
83408,1,50
83420,1,50
83429,1,50
83433,1,50
83440,1,50
83461,1,50
83483,1,50
83496,1,50
83518,1,50
83525,1,50
83534,1,50
83544,1,50
83556,1,50
83562,1,50
83571,1,50
83594,1,50
83634,1,50
83638,1,50
83654,1,50
83656,1,50
83664,1,50
83681,1,50
83716,1,50
83716,1,50
83716,1,50
83729,1,50
83746,1,50
83779,1,50
83786,1,50
83812,1,50
83812,1,50
83821,1,50
83829,1,50
83829,1,50
83830,1,50
83832,1,50
83852,1,50
83855,1,50
83859,1,50
83902,1,50
83937,1,50
83948,1,50
83964,1,50
83978,1,50
83986,1,50
84005,1,50
84011,1,50
84014,1,50
84048,1,50
84088,1,50
84106,1,50
84114,1,50
84124,1,50
84126,1,50
84141,1,50
84145,1,50
84150,1,50
84184,1,50
84195,1,50
84203,1,50
84213,1,50
84220,1,50
84221,1,50
84223,1,50
84238,1,50
84249,1,50
84266,1,50
84279,1,50
84285,1,50
84291,1,50
84323,1,50
84332,1,50
84344,1,50
84365,1,50
84369,1,50
84369,1,50
84370,1,50
84380,1,50
84393,1,50
84405,1,50
84406,1,50
84412,1,50
84413,1,50
84424,1,50
84437,1,50
84523,1,50
84523,1,50
84529,1,50
84534,1,50
84557,1,50
84566,1,50
84569,1,50
84591,1,50
84599,1,50
84623,1,50
84651,1,50
84652,1,50
84690,1,50
84696,1,50
84703,1,50
84741,1,50
84759,1,50
84766,1,50
84778,1,50
84822,1,50
84831,1,50
84835,1,50
84866,1,50
84906,1,50
84934,1,50
84953,1,50
84974,1,50
84982,1,50
85002,1,50
85009,1,50
85014,1,50
85018,1,50
85020,1,50
85024,1,50
85025,1,50
85036,1,50
85036,1,50
85037,1,50
85057,1,50
85118,1,50
85119,1,50
85122,1,50
85132,1,50
85135,1,50
85138,1,50
85141,1,50
85142,1,50
85187,1,50
85194,1,50
85220,1,50
85225,1,50
85225,1,50
85228,1,50
85248,1,50
85267,1,50
85310,1,50
85333,1,50
85334,1,50
85340,1,50
85372,1,50
85383,1,50
85384,1,50
85390,1,50
85404,1,50
85440,1,50
85447,1,50
85451,1,50
85460,1,50
85466,1,50
85481,1,50
85505,1,50
85512,1,50
85524,1,50
85527,1,50
85533,1,50
85540,1,50
85544,1,50
85567,1,50
85572,1,50
85585,1,50
85605,1,50
85628,1,50
85631,1,50
85631,1,50
85648,1,50
85664,1,50
85679,1,50
85701,1,50
85713,1,50
85744,1,50
85769,1,50
85771,1,50
85776,1,50
85789,1,50
85796,1,50
85808,1,50
85809,1,50
85813,1,50
85813,1,50
85835,1,50
85839,1,50
85865,1,50
86002,1,50
86028,1,50
86046,1,50
86049,1,50
86083,1,50
86138,1,50
86169,1,50
86170,1,50
86194,1,50
86197,1,50
86216,1,50
86230,1,50
86235,1,50
86243,1,50
86270,1,50
86281,1,50
86294,1,50
86331,1,50
86343,1,50
86350,1,50
86350,1,50
86435,1,50
86439,1,50
86469,1,50
86496,1,50
86498,1,50
86518,1,50
86576,1,50
86580,1,50
86581,1,50
86609,1,50
86613,1,50
86623,1,50
86682,1,50
86696,1,50
86698,1,50
86708,1,50
86710,1,50
86713,1,50
86717,1,50
86719,1,50
86735,1,50
86762,1,50
86766,1,50
86768,1,50
86784,1,50
86784,1,50
86787,1,50
86799,1,50
86813,1,50
86815,1,50
86855,1,50
86877,1,50
86880,1,50
86914,1,50
86933,1,50
86946,1,50
86953,1,50
86968,1,50
86981,1,50
87008,1,50
87019,1,50
87030,1,50
87031,1,50
87032,1,50
87037,1,50
87041,1,50
87045,1,50
87046,1,50
87050,1,50
87055,1,50
87063,1,50
87069,1,50
87080,1,50
87084,1,50
87085,1,50
87090,1,50
87090,1,50
87098,1,50
87103,1,50
87104,1,50
87104,1,50
87105,1,50
87108,1,50
87118,1,50
87119,1,50
87123,1,50
87130,1,50
87139,1,50
87144,1,50
87146,1,50
87146,1,50
87162,1,50
87165,1,50
87167,1,50
87258,1,50
87282,1,50
87325,1,50
87330,1,50
87343,1,50
87368,1,50
87386,1,50
87405,1,50
87417,1,50
87429,1,50
87429,1,50
87430,1,50
87434,1,50
87435,1,50
87460,1,50
87479,1,50
87504,1,50
87538,1,50
87546,1,50
87554,1,50
87618,1,50
87619,1,50
87626,1,50
87636,1,50
87643,1,50
87652,1,50
87667,1,50
87668,1,50
87678,1,50
87764,1,50
87768,1,50
87796,1,50
87802,1,50
87822,1,50
87833,1,50
87845,1,50
87849,1,50
87862,1,50
87877,1,50
87878,1,50
87884,1,50
87917,1,50
87934,1,50
87945,1,50
87945,1,50
87947,1,50
87977,1,50
87992,1,50
88006,1,50
88009,1,50
88028,1,50
88028,1,50
88048,1,50
88069,1,50
88080,1,50
88082,1,50
88086,1,50
88107,1,50
88125,1,50
88137,1,50
88144,1,50
88149,1,50
88166,1,50
88215,1,50
88219,1,50
88227,1,50
88249,1,50
88262,1,50
88267,1,50
88271,1,50
88275,1,50
88287,1,50
88326,1,50
88327,1,50
88341,1,50
88347,1,50
88363,1,50
88402,1,50
88413,1,50
88463,1,50
88467,1,50
88483,1,50
88483,1,50
88487,1,50
88491,1,50
88497,1,50
88524,1,50
88536,1,50
88543,1,50
88546,1,50
88575,1,50
88577,1,50
88585,1,50
88612,1,50
88631,1,50
88652,1,50
88663,1,50
88705,1,50
88708,1,50
88715,1,50
88727,1,50
88733,1,50
88741,1,50
88746,1,50
88754,1,50
88764,1,50
88770,1,50
88789,1,50
88792,1,50
88802,1,50
88803,1,50
88820,1,50
88863,1,50
88866,1,50
88882,1,50
88885,1,50
88890,1,50
88920,1,50
88924,1,50
88954,1,50
88958,1,50
88978,1,50
89009,1,50
89015,1,50
89019,1,50
89037,1,50
89077,1,50
89092,1,50
89096,1,50
89113,1,50
89138,1,50
89144,1,50
89157,1,50
89159,1,50
89169,1,50
89175,1,50
89186,1,50
89201,1,50
89247,1,50
89263,1,50
89271,1,50
89278,1,50
89290,1,50
89291,1,50
89295,1,50
89301,1,50
89313,1,50
89342,1,50
89356,1,50
89383,1,50
89384,1,50
89399,1,50
89406,1,50
89409,1,50
89421,1,50
89442,1,50
89451,1,50
89467,1,50
89473,1,50
89487,1,50
89497,1,50
89498,1,50
89504,1,50
89519,1,50
89541,1,50
89546,1,50
89559,1,50
89564,1,50
89571,1,50
89604,1,50
89606,1,50
89645,1,50
89654,1,50
89713,1,50
89738,1,50
89764,1,50
89786,1,50
89820,1,50
89828,1,50
89835,1,50
89841,1,50
89849,1,50
89850,1,50
89855,1,50
89856,1,50
89886,1,50
89893,1,50
89894,1,50
89894,1,50
89916,1,50
89922,1,50
89924,1,50
90003,1,50
90031,1,50
90050,1,50
90054,1,50
90073,1,50
90084,1,50
90115,1,50
90121,1,50
90123,1,50
90142,1,50
90146,1,50
90167,1,50
90172,1,50
90177,1,50
90187,1,50
90190,1,50
90210,1,50
90246,1,50
90262,1,50
90268,1,50
90285,1,50
90308,1,50
90327,1,50
90330,1,50
90336,1,50
90366,1,50
90395,1,50
90422,1,50
90426,1,50
90432,1,50
90441,1,50
90450,1,50
90474,1,50
90478,1,50
90494,1,50
90517,1,50
90548,1,50
90572,1,50
90582,1,50
90616,1,50
90625,1,50
90630,1,50
90635,1,50
90648,1,50
90673,1,50
90688,1,50
90693,1,50
90711,1,50
90783,1,50
90785,1,50
90800,1,50
90805,1,50
90806,1,50
90843,1,50
90844,1,50
90880,1,50
90880,1,50
90885,1,50
90897,1,50
90920,1,50
90934,1,50
90946,1,50
90951,1,50
90960,1,50
90964,1,50
90968,1,50
91002,1,50
91010,1,50
91056,1,50
91068,1,50
91087,1,50
91088,1,50
91095,1,50
91102,1,50
91105,1,50
91112,1,50
91121,1,50
91126,1,50
91137,1,50
91152,1,50
91171,1,50
91187,1,50
91188,1,50
91195,1,50
91197,1,50
91220,1,50
91231,1,50
91242,1,50
91263,1,50
91265,1,50
91273,1,50
91292,1,50
91295,1,50
91315,1,50
91320,1,50
91327,1,50
91328,1,50
91337,1,50
91351,1,50
91365,1,50
91372,1,50
91384,1,50
91386,1,50
91389,1,50
91429,1,50
91442,1,50
91443,1,50
91450,1,50
91469,1,50
91501,1,50
91507,1,50
91507,1,50
91511,1,50
91523,1,50
91526,1,50
91526,1,50
91540,1,50
91562,1,50
91564,1,50
91571,1,50
91571,1,50
91599,1,50
91617,1,50
91632,1,50
91633,1,50
91643,1,50
91658,1,50
91659,1,50
91673,1,50
91675,1,50
91678,1,50
91693,1,50
91740,1,50
91811,1,50
91812,1,50
91813,1,50
92004,1,50
92012,1,50
92034,1,50
92038,1,50
92046,1,50
92049,1,50
92054,1,50
92068,1,50
92084,1,50
92104,1,50
92105,1,50
92107,1,50
92108,1,50
92117,1,50
92119,1,50
92137,1,50
92169,1,50
92177,1,50
92188,1,50
92191,1,50
92203,1,50
92206,1,50
92207,1,50
92208,1,50
92212,1,50
92212,1,50
92228,1,50
92233,1,50
92235,1,50
92252,1,50
92260,1,50
92273,1,50
92285,1,50
92338,1,50
92365,1,50
92367,1,50
92380,1,50
92383,1,50
92416,1,50
92426,1,50
92430,1,50
92432,1,50
92435,1,50
92448,1,50
92453,1,50
92480,1,50
92481,1,50
92491,1,50
92523,1,50
92535,1,50
92537,1,50
92547,1,50
92578,1,50
92588,1,50
92597,1,50
92608,1,50
92614,1,50
92615,1,50
92626,1,50
92635,1,50
92642,1,50
92680,1,50
92684,1,50
92686,1,50
92718,1,50
92718,1,50
92737,1,50
93004,1,50
93009,1,50
93036,1,50
93040,1,50
93043,1,50
93044,1,50
93048,1,50
93070,1,50
93082,1,50
93089,1,50
93098,1,50
93113,1,50
93126,1,50
93132,1,50
93141,1,50
93149,1,50
93152,1,50
93182,1,50
93194,1,50
93200,1,50
93248,1,50
93258,1,50
93269,1,50
93280,1,50
93286,1,50
93292,1,50
93295,1,50
93296,1,50
93302,1,50
93306,1,50
93309,1,50
93330,1,50
93339,1,50
93348,1,50
93352,1,50
93364,1,50
93399,1,50
93400,1,50
93410,1,50
93416,1,50
93420,1,50
93428,1,50
93441,1,50
93453,1,50
93457,1,50
93458,1,50
93469,1,50
93476,1,50
93479,1,50
93485,1,50
93488,1,50
93498,1,50
93501,1,50
93502,1,50
93518,1,50
93526,1,50
93526,1,50
93552,1,50
93559,1,50
93573,1,50
93589,1,50
93593,1,50
93619,1,50
93619,1,50
93630,1,50
93634,1,50
93647,1,50
93673,1,50
93676,1,50
93676,1,50
93685,1,50
93686,1,50
93692,1,50
93698,1,50
93707,1,50
93708,1,50
93730,1,50
93734,1,50
93739,1,50
93753,1,50
93769,1,50
93773,1,50
93778,1,50
93782,1,50
93786,1,50
93800,1,50
93812,1,50
93818,1,50
93821,1,50
93823,1,50
93825,1,50
93873,1,50
93877,1,50
93900,1,50
93916,1,50
93917,1,50
93920,1,50
93948,1,50
93950,1,50
93952,1,50
93961,1,50
93972,1,50
93976,1,50
93976,1,50
93981,1,50
93996,1,50
94017,1,50
94044,1,50
94053,1,50
94055,1,50
94066,1,50
94080,1,50
94111,1,50
94117,1,50
94120,1,50
94123,1,50
94137,1,50
94151,1,50
94167,1,50
94195,1,50
94202,1,50
94239,1,50
94257,1,50
94266,1,50
94281,1,50
94287,1,50
94290,1,50
94297,1,50
94312,1,50
94312,1,50
94316,1,50
94329,1,50
94331,1,50
94353,1,50
94363,1,50
94365,1,50
94366,1,50
94376,1,50
94377,1,50
94388,1,50
94400,1,50
94409,1,50
94426,1,50
94442,1,50
94458,1,50
94462,1,50
94463,1,50
94463,1,50
94467,1,50
94469,1,50
94477,1,50
94480,1,50
94484,1,50
94484,1,50
94497,1,50
94509,1,50
94534,1,50
94568,1,50
94623,1,50
94640,1,50
94642,1,50
94649,1,50
94650,1,50
94651,1,50
94660,1,50
94692,1,50
94694,1,50
94704,1,50
94755,1,50
94761,1,50
94775,1,50
94802,1,50
94834,1,50
94840,1,50
94851,1,50
94903,1,50
94918,1,50
94929,1,50
94932,1,50
94975,1,50
94999,1,50
95023,1,50
95040,1,50
95041,1,50
95045,1,50
95047,1,50
95061,1,50
95081,1,50
95083,1,50
95093,1,50
95096,1,50
95097,1,50
95127,1,50
95149,1,50
95160,1,50
95168,1,50
95175,1,50
95181,1,50
95184,1,50
95189,1,50
95200,1,50
95206,1,50
95208,1,50
95211,1,50
95215,1,50
95229,1,50
95258,1,50
95274,1,50
95282,1,50
95292,1,50
95311,1,50
95311,1,50
95322,1,50
95323,1,50
95347,1,50
95350,1,50
95366,1,50
95379,1,50
95395,1,50
95417,1,50
95427,1,50
95427,1,50
95484,1,50
95497,1,50
95501,1,50
95506,1,50
95513,1,50
95520,1,50
95522,1,50
95538,1,50
95562,1,50
95587,1,50
95589,1,50
95591,1,50
95621,1,50
95625,1,50
95639,1,50
95657,1,50
95666,1,50
95692,1,50
95701,1,50
95706,1,50
95709,1,50
95727,1,50
95741,1,50
95767,1,50
95790,1,50
95802,1,50
95806,1,50
95819,1,50
95829,1,50
95845,1,50
95851,1,50
95861,1,50
95914,1,50
95916,1,50
95920,1,50
95944,1,50
95955,1,50
95957,1,50
95967,1,50
95973,1,50
96005,1,50
96021,1,50
96042,1,50
96054,1,50
96114,1,50
96121,1,50
96131,1,50
96132,1,50
96161,1,50
96162,1,50
96162,1,50
96166,1,50
96168,1,50
96172,1,50
96195,1,50
96213,1,50
96225,1,50
96248,1,50
96254,1,50
96266,1,50
96268,1,50
96275,1,50
96280,1,50
96293,1,50
96298,1,50
96305,1,50
96308,1,50
96331,1,50
96333,1,50
96346,1,50
96348,1,50
96351,1,50
96353,1,50
96363,1,50
96364,1,50
96389,1,50
96390,1,50
96392,1,50
96393,1,50
96400,1,50
96402,1,50
96411,1,50
96412,1,50
96423,1,50
96430,1,50
96452,1,50
96464,1,50
96464,1,50
96501,1,50
96513,1,50
96517,1,50
96538,1,50
96539,1,50
96612,1,50
96629,1,50
96645,1,50
96647,1,50
96677,1,50
96686,1,50
96690,1,50
96696,1,50
96701,1,50
96739,1,50
96778,1,50
96791,1,50
96792,1,50
96803,1,50
96810,1,50
96815,1,50
96820,1,50
96832,1,50
96867,1,50
96867,1,50
96868,1,50
97015,1,50
97026,1,50
97029,1,50
97040,1,50
97094,1,50
97099,1,50
97131,1,50
97133,1,50
97161,1,50
97177,1,50
97183,1,50
97193,1,50
97214,1,50
97237,1,50
97240,1,50
97264,1,50
97310,1,50
97319,1,50
97320,1,50
97323,1,50
97324,1,50
97349,1,50
97386,1,50
97406,1,50
97454,1,50
97476,1,50
97477,1,50
97508,1,50
97529,1,50
97538,1,50
97550,1,50
97552,1,50
97585,1,50
97599,1,50
97636,1,50
97637,1,50
97640,1,50
97654,1,50
97722,1,50
97727,1,50
97731,1,50
97753,1,50
97758,1,50
97777,1,50
97787,1,50
97788,1,50
97801,1,50
97803,1,50
97811,1,50
97834,1,50
97842,1,50
97848,1,50
97861,1,50
97867,1,50
97881,1,50
97886,1,50
97891,1,50
97892,1,50
97898,1,50
97939,1,50
97942,1,50
97945,1,50
97958,1,50
97968,1,50
97968,1,50
97975,1,50
97984,1,50
97997,1,50
98006,1,50
98007,1,50
98018,1,50
98033,1,50
98059,1,50
98076,1,50
98087,1,50
98138,1,50
98138,1,50
98139,1,50
98146,1,50
98167,1,50
98175,1,50
98176,1,50
98190,1,50
98232,1,50
98278,1,50
98297,1,50
98305,1,50
98324,1,50
98379,1,50
98402,1,50
98405,1,50
98418,1,50
98450,1,50
98472,1,50
98476,1,50
98479,1,50
98480,1,50
98487,1,50
98504,1,50
98518,1,50
98523,1,50
98523,1,50
98523,1,50
98532,1,50
98537,1,50
98539,1,50
98540,1,50
98562,1,50
98655,1,50
98681,1,50
98681,1,50
98683,1,50
98710,1,50
98753,1,50
98762,1,50
98768,1,50
98778,1,50
98794,1,50
98795,1,50
98801,1,50
98815,1,50
98817,1,50
98825,1,50
98832,1,50
98834,1,50
98844,1,50
98853,1,50
98872,1,50
98909,1,50
98916,1,50
98917,1,50
98923,1,50
98944,1,50
98983,1,50
99009,1,50
99010,1,50
99016,1,50
99046,1,50
99046,1,50
99056,1,50
99056,1,50
99060,1,50
99060,1,50
99069,1,50
99083,1,50
99085,1,50
99085,1,50
99095,1,50
99109,1,50
99127,1,50
99142,1,50
99153,1,50
99154,1,50
99191,1,50
99200,1,50
99200,1,50
99201,1,50
99212,1,50
99224,1,50
99227,1,50
99232,1,50
99234,1,50
99248,1,50
99250,1,50
99267,1,50
99276,1,50
99285,1,50
99300,1,50
99305,1,50
99316,1,50
99320,1,50
99344,1,50
99361,1,50
99374,1,50
99394,1,50
99416,1,50
99422,1,50
99429,1,50
99430,1,50
99430,1,50
99431,1,50
99450,1,50
99487,1,50
99511,1,50
99515,1,50
99533,1,50
99545,1,50
99548,1,50
99553,1,50
99585,1,50
99598,1,50
99600,1,50
99613,1,50
99616,1,50
99623,1,50
99643,1,50
99659,1,50
99667,1,50
99693,1,50
99705,1,50
99707,1,50
99779,1,50
99782,1,50
99848,1,50
99870,1,50
99882,1,50
99885,1,50
99904,1,50
99928,1,50
99930,1,50
99933,1,50
99945,1,50
99951,1,50
99972,1,50
100058,1,50
100071,1,50
100078,1,50
100134,1,50
100135,1,50
100145,1,50
100177,1,50
100182,1,50
100208,1,50
100217,1,50
100231,1,50
100249,1,50
100249,1,50
100264,1,50
100281,1,50
100284,1,50
100285,1,50
100293,1,50
100300,1,50
100301,1,50
100307,1,50
100342,1,50
100348,1,50
100356,1,50
100363,1,50
100410,1,50
100410,1,50
100431,1,50
100450,1,50
100460,1,50
100466,1,50
100485,1,50
100489,1,50
100506,1,50
100520,1,50
100521,1,50
100531,1,50
100550,1,50
100565,1,50
100585,1,50
100587,1,50
100587,1,50
100590,1,50
100600,1,50
100601,1,50
100608,1,50
100615,1,50
100631,1,50
100639,1,50
100646,1,50
100671,1,50
100724,1,50
100730,1,50
100755,1,50
100773,1,50
100775,1,50
100777,1,50
100779,1,50
100788,1,50
100789,1,50
100802,1,50
100863,1,50
100904,1,50
100919,1,50
100961,1,50
100972,1,50
100982,1,50
100984,1,50
100987,1,50
101004,1,50
101011,1,50
101014,1,50
101014,1,50
101024,1,50
101027,1,50
101033,1,50
101038,1,50
101049,1,50
101055,1,50
101060,1,50
101082,1,50
101090,1,50
101090,1,50
101137,1,50
101152,1,50
101162,1,50
101170,1,50
101172,1,50
101189,1,50
101199,1,50
101220,1,50
101230,1,50
101257,1,50
101262,1,50
101284,1,50
101286,1,50
101290,1,50
101290,1,50
101291,1,50
101318,1,50
101321,1,50
101333,1,50
101344,1,50
101353,1,50
101356,1,50
101369,1,50
101417,1,50
101417,1,50
101424,1,50
101447,1,50
101452,1,50
101471,1,50
101473,1,50
101497,1,50
101504,1,50
101547,1,50
101553,1,50
101556,1,50
101562,1,50
101572,1,50
101590,1,50
101643,1,50
101654,1,50
101675,1,50
101688,1,50
101708,1,50
101721,1,50
101726,1,50
101728,1,50
101751,1,50
101764,1,50
101779,1,50
101781,1,50
101786,1,50
101818,1,50
101851,1,50
101854,1,50
102041,1,50
102042,1,50
102047,1,50
102053,1,50
102068,1,50
102078,1,50
102101,1,50
102109,1,50
102135,1,50
102159,1,50
102160,1,50
102186,1,50
102192,1,50
102213,1,50
102225,1,50
102228,1,50
102239,1,50
102241,1,50
102249,1,50
102260,1,50
102304,1,50
102324,1,50
102345,1,50
102362,1,50
102369,1,50
102371,1,50
102371,1,50
102406,1,50
102428,1,50
102436,1,50
102460,1,50
102490,1,50
102497,1,50
102511,1,50
102514,1,50
102538,1,50
102573,1,50
102602,1,50
102606,1,50
102613,1,50
102629,1,50
102633,1,50
102645,1,50
102655,1,50
102673,1,50
102674,1,50
102679,1,50
102685,1,50
102741,1,50
102808,1,50
102826,1,50
102840,1,50
102879,1,50
102885,1,50
102889,1,50
102904,1,50
102923,1,50
102935,1,50
102945,1,50
102948,1,50
102955,1,50
102980,1,50
102990,1,50
103032,1,50
103037,1,50
103044,1,50
103052,1,50
103069,1,50
103078,1,50
103091,1,50
103096,1,50
103100,1,50
103105,1,50
103122,1,50
103128,1,50
103159,1,50
103165,1,50
103188,1,50
103190,1,50
103200,1,50
103203,1,50
103240,1,50
103305,1,50
103321,1,50
103324,1,50
103328,1,50
103331,1,50
103365,1,50
103421,1,50
103425,1,50
103427,1,50
103429,1,50
103437,1,50
103438,1,50
103444,1,50
103455,1,50
103458,1,50
103501,1,50
103504,1,50
103514,1,50
103531,1,50
103537,1,50
103540,1,50
103542,1,50
103565,1,50
103576,1,50
103603,1,50
103657,1,50
103662,1,50
103689,1,50
103703,1,50
103710,1,50
103757,1,50
103761,1,50
103765,1,50
103819,1,50
103830,1,50
103870,1,50
103884,1,50
103887,1,50
103891,1,50
103908,1,50
103916,1,50
103955,1,50
103974,1,50
103996,1,50
104028,1,50
104041,1,50
104048,1,50
104049,1,50
104062,1,50
104063,1,50
104070,1,50
104074,1,50
104079,1,50
104080,1,50
104093,1,50
104110,1,50
104119,1,50
104120,1,50
104131,1,50
104141,1,50
104175,1,50
104177,1,50
104250,1,50
104291,1,50
104300,1,50
104305,1,50
104305,1,50
104316,1,50
104317,1,50
104318,1,50
104384,1,50
104391,1,50
104450,1,50
104456,1,50
104473,1,50
104480,1,50
104500,1,50
104507,1,50
104521,1,50
104549,1,50
104556,1,50
104577,1,50
104582,1,50
104595,1,50
104598,1,50
104610,1,50
104610,1,50
104617,1,50
104679,1,50
104684,1,50
104687,1,50
104710,1,50
104721,1,50
104733,1,50
104747,1,50
104751,1,50
104755,1,50
104759,1,50
104760,1,50
104770,1,50
104786,1,50
104791,1,50
104817,1,50
104824,1,50
104841,1,50
104858,1,50
104863,1,50
104875,1,50
104877,1,50
104950,1,50
104981,1,50
105000,1,50
105016,1,50
105032,1,50
105089,1,50
105099,1,50
105103,1,50
105105,1,50
105140,1,50
105147,1,50
105172,1,50
105176,1,50
105179,1,50
105186,1,50
105193,1,50
105215,1,50
105219,1,50
105224,1,50
105225,1,50
105227,1,50
105227,1,50
105237,1,50
105251,1,50
105280,1,50
105313,1,50
105336,1,50
105340,1,50
105356,1,50
105368,1,50
105407,1,50
105419,1,50
105421,1,50
105428,1,50
105434,1,50
105437,1,50
105441,1,50
105469,1,50
105470,1,50
105473,1,50
105477,1,50
105519,1,50
105554,1,50
105568,1,50
105597,1,50
105600,1,50
105615,1,50
105659,1,50
105661,1,50
105673,1,50
105687,1,50
105697,1,50
105720,1,50
105722,1,50
105726,1,50
105742,1,50
105757,1,50
105763,1,50
105804,1,50
105808,1,50
105817,1,50
105836,1,50
105849,1,50
105887,1,50
105903,1,50
105904,1,50
105905,1,50
105905,1,50
105932,1,50
105961,1,50
105968,1,50
105981,1,50
106004,1,50
106008,1,50
106026,1,50
106045,1,50
106054,1,50
106057,1,50
106060,1,50
106062,1,50
106068,1,50
106068,1,50
106070,1,50
106070,1,50
106072,1,50
106074,1,50
106127,1,50
106130,1,50
106143,1,50
106153,1,50
106177,1,50
106178,1,50
106178,1,50
106180,1,50
106184,1,50
106192,1,50
106198,1,50
106249,1,50
106337,1,50
106353,1,50
106380,1,50
106405,1,50
106416,1,50
106427,1,50
106429,1,50
106437,1,50
106450,1,50
106452,1,50
106463,1,50
106474,1,50
106505,1,50
106510,1,50
106535,1,50
106537,1,50
106539,1,50
106546,1,50
106566,1,50
106574,1,50
106588,1,50
106604,1,50
106611,1,50
106613,1,50
106615,1,50
106631,1,50
106653,1,50
106676,1,50
106686,1,50
106692,1,50
106697,1,50
106707,1,50
106710,1,50
106715,1,50
106717,1,50
106724,1,50
106739,1,50
106760,1,50
106778,1,50
106796,1,50
106802,1,50
107059,1,50
107067,1,50
107086,1,50
107114,1,50
107134,1,50
107135,1,50
107173,1,50
107210,1,50
107211,1,50
107216,1,50
107220,1,50
107230,1,50
107242,1,50
107244,1,50
107273,1,50
107288,1,50
107294,1,50
107314,1,50
107333,1,50
107341,1,50
107374,1,50
107389,1,50
107407,1,50
107409,1,50
107508,1,50
107513,1,50
107515,1,50
107537,1,50
107537,1,50
107538,1,50
107541,1,50
107542,1,50
107569,1,50
107578,1,50
107594,1,50
107599,1,50
107606,1,50
107610,1,50
107631,1,50
107666,1,50
107687,1,50
107708,1,50
107727,1,50
107733,1,50
107741,1,50
107749,1,50
107752,1,50
107775,1,50
107780,1,50
107795,1,50
107820,1,50
107823,1,50
107872,1,50
107883,1,50
107903,1,50
107905,1,50
107933,1,50
108002,1,50
108005,1,50
108013,1,50
108048,1,50
108088,1,50
108089,1,50
108104,1,50
108116,1,50
108129,1,50
108138,1,50
108175,1,50
108187,1,50
108187,1,50
108194,1,50
108194,1,50
108213,1,50
108219,1,50
108278,1,50
108368,1,50
108410,1,50
108413,1,50
108415,1,50
108456,1,50
108517,1,50
108575,1,50
108591,1,50
108608,1,50
108621,1,50
108634,1,50
108639,1,50
108645,1,50
108655,1,50
108685,1,50
108703,1,50
108725,1,50
108736,1,50
108739,1,50
108740,1,50
108747,1,50
108747,1,50
108784,1,50
108799,1,50
108802,1,50
108820,1,50
108821,1,50
108835,1,50
108841,1,50
108851,1,50
108861,1,50
108875,1,50
108907,1,50
108913,1,50
108927,1,50
108940,1,50
109008,1,50
109054,1,50
109070,1,50
109082,1,50
109086,1,50
109108,1,50
109109,1,50
109129,1,50
109146,1,50
109162,1,50
109168,1,50
109178,1,50
109180,1,50
109182,1,50
109184,1,50
109192,1,50
109213,1,50
109235,1,50
109239,1,50
109243,1,50
109254,1,50
109290,1,50
109299,1,50
109332,1,50
109381,1,50
109390,1,50
109419,1,50
109442,1,50
109449,1,50
109456,1,50
109458,1,50
109489,1,50
109508,1,50
109516,1,50
109562,1,50
109574,1,50
109585,1,50
109604,1,50
109619,1,50
109624,1,50
109636,1,50
109653,1,50
109675,1,50
109715,1,50
109758,1,50
109773,1,50
109783,1,50
109792,1,50
109800,1,50
109801,1,50
109816,1,50
110022,1,50
110023,1,50
110046,1,50
110046,1,50
110076,1,50
110112,1,50
110115,1,50
110128,1,50
110133,1,50
110195,1,50
110203,1,50
110354,1,50
110376,1,50
110428,1,50
110430,1,50
110443,1,50
110457,1,50
110466,1,50
110496,1,50
110505,1,50
110538,1,50
110543,1,50
110549,1,50
110593,1,50
110600,1,50
110610,1,50
110619,1,50
110657,1,50
110664,1,50
110690,1,50
110739,1,50
110748,1,50
110760,1,50
110770,1,50
110828,1,50
110863,1,50
110871,1,50
110875,1,50
110875,1,50
110890,1,50
110892,1,50
110898,1,50
110922,1,50
110930,1,50
110971,1,50
110978,1,50
110983,1,50
110989,1,50
111005,1,50
111047,1,50
111072,1,50
111077,1,50
111084,1,50
111084,1,50
111093,1,50
111094,1,50
111100,1,50
111111,1,50
111121,1,50
111126,1,50
111141,1,50
111143,1,50
111145,1,50
111145,1,50
111148,1,50
111151,1,50
111173,1,50
111176,1,50
111208,1,50
111236,1,50
111237,1,50
111240,1,50
111268,1,50
111293,1,50
111341,1,50
111351,1,50
111352,1,50
111386,1,50
111419,1,50
111437,1,50
111438,1,50
111445,1,50
111453,1,50
111528,1,50
111546,1,50
111563,1,50
111583,1,50
111593,1,50
111635,1,50
111636,1,50
111639,1,50
111641,1,50
111645,1,50
111665,1,50
111671,1,50
111677,1,50
111688,1,50
111729,1,50
111739,1,50
111739,1,50
111752,1,50
111761,1,50
111771,1,50
111784,1,50
111790,1,50
111791,1,50
111794,1,50
111795,1,50
111823,1,50
111838,1,50
111875,1,50
111879,1,50
112010,1,50
112025,1,50
112074,1,50
112081,1,50
112082,1,50
112108,1,50
112123,1,50
112159,1,50
112179,1,50
112184,1,50
112248,1,50
112250,1,50
112264,1,50
112278,1,50
112282,1,50
112328,1,50
112339,1,50
112349,1,50
112362,1,50
112385,1,50
112415,1,50
112434,1,50
112438,1,50
112447,1,50
112465,1,50
112469,1,50
112490,1,50
112561,1,50
112580,1,50
112594,1,50
112601,1,50
112610,1,50
112636,1,50
112691,1,50
112766,1,50
112806,1,50
112806,1,50
112812,1,50
112812,1,50
112823,1,50
112837,1,50
112877,1,50
112894,1,50
112923,1,50
112939,1,50
112954,1,50
112988,1,50
113012,1,50
113015,1,50
113025,1,50
113039,1,50
113044,1,50
113049,1,50
113064,1,50
113067,1,50
113079,1,50
113080,1,50
113108,1,50
113109,1,50
113112,1,50
113118,1,50
113129,1,50
113147,1,50
113177,1,50
113213,1,50
113215,1,50
113258,1,50
113279,1,50
113287,1,50
113300,1,50
113306,1,50
113306,1,50
113314,1,50
113395,1,50
113439,1,50
113440,1,50
113443,1,50
113446,1,50
113446,1,50
113498,1,50
113545,1,50
113558,1,50
113558,1,50
113563,1,50
113564,1,50
113578,1,50
113608,1,50
113655,1,50
113668,1,50
113697,1,50
113762,1,50
113775,1,50
113779,1,50
113799,1,50
113817,1,50
113884,1,50
113888,1,50
113900,1,50
113902,1,50
113905,1,50
113916,1,50
113922,1,50
113981,1,50
113997,1,50
114003,1,50
114015,1,50
114045,1,50
114046,1,50
114063,1,50
114080,1,50
114088,1,50
114097,1,50
114119,1,50
114143,1,50
114162,1,50
114239,1,50
114252,1,50
114256,1,50
114258,1,50
114310,1,50
114321,1,50
114327,1,50
114356,1,50
114363,1,50
114375,1,50
114380,1,50
114386,1,50
114471,1,50
114492,1,50
114517,1,50
114574,1,50
114648,1,50
114671,1,50
114743,1,50
114755,1,50
114784,1,50
114789,1,50
114816,1,50
114847,1,50
114848,1,50
114856,1,50
114889,1,50
114907,1,50
114933,1,50
114937,1,50
114989,1,50
115005,1,50
115051,1,50
115051,1,50
115056,1,50
115058,1,50
115075,1,50
115087,1,50
115112,1,50
115123,1,50
115186,1,50
115191,1,50
115198,1,50
115204,1,50
115209,1,50
115210,1,50
115246,1,50
115248,1,50
115262,1,50
115267,1,50
115274,1,50
115280,1,50
115281,1,50
115285,1,50
115291,1,50
115296,1,50
115303,1,50
115312,1,50
115358,1,50
115367,1,50
115367,1,50
115414,1,50
115442,1,50
115531,1,50
115557,1,50
115597,1,50
115601,1,50
115613,1,50
115634,1,50
115647,1,50
115697,1,50
115741,1,50
115759,1,50
115776,1,50
115816,1,50
115825,1,50
115828,1,50
115880,1,50
115886,1,50
115898,1,50
115912,1,50
115912,1,50
115928,1,50
115939,1,50
115963,1,50
115969,1,50
115974,1,50
115994,1,50
116011,1,50
116013,1,50
116014,1,50
116023,1,50
116031,1,50
116053,1,50
116054,1,50
116058,1,50
116093,1,50
116103,1,50
116152,1,50
116166,1,50
116169,1,50
116280,1,50
116290,1,50
116296,1,50
116328,1,50
116357,1,50
116360,1,50
116367,1,50
116428,1,50
116454,1,50
116454,1,50
116473,1,50
116475,1,50
116477,1,50
116491,1,50
116493,1,50
116518,1,50
116578,1,50
116579,1,50
116592,1,50
116626,1,50
116626,1,50
116630,1,50
116633,1,50
116650,1,50
116694,1,50
116735,1,50
116738,1,50
116750,1,50
116784,1,50
116799,1,50
116857,1,50
116868,1,50
116918,1,50
116928,1,50
116952,1,50
116954,1,50
116996,1,50
116999,1,50
117002,1,50
117002,1,50
117028,1,50
117029,1,50
117087,1,50
117116,1,50
117211,1,50
117220,1,50
117240,1,50
117243,1,50
117264,1,50
117266,1,50
117291,1,50
117305,1,50
117327,1,50
117331,1,50
117340,1,50
117342,1,50
117347,1,50
117353,1,50
117362,1,50
117383,1,50
117392,1,50
117505,1,50
117535,1,50
117548,1,50
117572,1,50
117586,1,50
117599,1,50
117621,1,50
117634,1,50
117702,1,50
117718,1,50
117722,1,50
117735,1,50
117799,1,50
117822,1,50
117825,1,50
117830,1,50
117837,1,50
117914,1,50
117929,1,50
117933,1,50
117953,1,50
117978,1,50
117988,1,50
117989,1,50
117993,1,50
118019,1,50
118027,1,50
118040,1,50
118047,1,50
118049,1,50
118053,1,50
118067,1,50
118068,1,50
118078,1,50
118087,1,50
118088,1,50
118110,1,50
118117,1,50
118118,1,50
118136,1,50
118161,1,50
118167,1,50
118177,1,50
118181,1,50
118184,1,50
118189,1,50
118199,1,50
118202,1,50
118258,1,50
118261,1,50
118293,1,50
118296,1,50
118306,1,50
118344,1,50
118431,1,50
118441,1,50
118471,1,50
118505,1,50
118542,1,50
118562,1,50
118568,1,50
118583,1,50
118704,1,50
118778,1,50
118797,1,50
118814,1,50
118828,1,50
118854,1,50
118936,1,50
118941,1,50
118968,1,50
119018,1,50
119028,1,50
119031,1,50
119040,1,50
119049,1,50
119050,1,50
119056,1,50
119073,1,50
119075,1,50
119081,1,50
119101,1,50
119105,1,50
119129,1,50
119140,1,50
119141,1,50
119187,1,50
119197,1,50
119210,1,50
119227,1,50
119249,1,50
119253,1,50
119261,1,50
119339,1,50
119392,1,50
119393,1,50
119452,1,50
119454,1,50
119461,1,50
119477,1,50
119524,1,50
119570,1,50
119593,1,50
119596,1,50
119603,1,50
119613,1,50
119681,1,50
119742,1,50
119750,1,50
119779,1,50
119785,1,50
119910,1,50
119939,1,50
119979,1,50
119980,1,50
120002,1,50
120103,1,50
120132,1,50
120179,1,50
120296,1,50
120321,1,50
120323,1,50
120331,1,50
120366,1,50
120416,1,50
120419,1,50
120444,1,50
120470,1,50
120472,1,50
120561,1,50
120566,1,50
120576,1,50
120692,1,50
120699,1,50
120704,1,50
120718,1,50
120734,1,50
120747,1,50
120770,1,50
120801,1,50
120808,1,50
120811,1,50
120847,1,50
120847,1,50
120853,1,50
120877,1,50
120884,1,50
120909,1,50
120929,1,50
120939,1,50
120966,1,50
120983,1,50
121046,1,50
121046,1,50
121073,1,50
121092,1,50
121107,1,50
121217,1,50
121218,1,50
121243,1,50
121247,1,50
121253,1,50
121285,1,50
121346,1,50
121348,1,50
121360,1,50
121371,1,50
121423,1,50
121444,1,50
121489,1,50
121503,1,50
121553,1,50
121556,1,50
121565,1,50
121584,1,50
121587,1,50
121589,1,50
121616,1,50
121619,1,50
121660,1,50
121673,1,50
121680,1,50
121683,1,50
121696,1,50
121724,1,50
121731,1,50
121772,1,50
121783,1,50
121816,1,50
121887,1,50
122018,1,50
122025,1,50
122029,1,50
122053,1,50
122053,1,50
122079,1,50
122095,1,50
122097,1,50
122129,1,50
122181,1,50
122186,1,50
122267,1,50
122291,1,50
122299,1,50
122317,1,50
122337,1,50
122339,1,50
122422,1,50
122438,1,50
122469,1,50
122523,1,50
122598,1,50
122619,1,50
122647,1,50
122651,1,50
122656,1,50
122681,1,50
122687,1,50
122687,1,50
122721,1,50
122744,1,50
122766,1,50
122819,1,50
122830,1,50
122865,1,50
122888,1,50
122934,1,50
123025,1,50
123036,1,50
123093,1,50
123105,1,50
123205,1,50
123215,1,50
123224,1,50
123287,1,50
123295,1,50
123311,1,50
123333,1,50
123408,1,50
123466,1,50
123503,1,50
123526,1,50
123533,1,50
123617,1,50
123624,1,50
123635,1,50
123664,1,50
123700,1,50
123703,1,50
123734,1,50
123746,1,50
123790,1,50
123842,1,50
123842,1,50
123847,1,50
123851,1,50
123864,1,50
123924,1,50
123950,1,50
123968,1,50
123986,1,50
124022,1,50
124034,1,50
124098,1,50
124107,1,50
124178,1,50
124187,1,50
124210,1,50
124234,1,50
124247,1,50
124250,1,50
124266,1,50
124291,1,50
124354,1,50
124384,1,50
124461,1,50
124488,1,50
124527,1,50
124529,1,50
124680,1,50
124719,1,50
124740,1,50
124773,1,50
124846,1,50
124847,1,50
124863,1,50
124872,1,50
124879,1,50
124927,1,50
124932,1,50
124984,1,50
125014,1,50
125036,1,50
125060,1,50
125062,1,50
125062,1,50
125101,1,50
125119,1,50
125173,1,50
125188,1,50
125223,1,50
125244,1,50
125246,1,50
125275,1,50
125353,1,50
125356,1,50
125428,1,50
125525,1,50
125566,1,50
125572,1,50
125602,1,50
125635,1,50
125724,1,50
125736,1,50
125775,1,50
125781,1,50
125789,1,50
125798,1,50
125805,1,50
125843,1,50
125941,1,50
125964,1,50
125972,1,50
125976,1,50
126011,1,50
126016,1,50
126037,1,50
126045,1,50
126053,1,50
126074,1,50
126082,1,50
126086,1,50
126087,1,50
126097,1,50
126135,1,50
126137,1,50
126143,1,50
126163,1,50
126177,1,50
126178,1,50
126252,1,50
126284,1,50
126300,1,50
126306,1,50
126320,1,50
126339,1,50
126354,1,50
126357,1,50
126369,1,50
126373,1,50
126375,1,50
126458,1,50
126485,1,50
126498,1,50
126521,1,50
126561,1,50
126583,1,50
126628,1,50
126642,1,50
126777,1,50
126877,1,50
126882,1,50
126906,1,50
126948,1,50
126970,1,50
127033,1,50
127122,1,50
127127,1,50
127168,1,50
127177,1,50
127219,1,50
127229,1,50
127272,1,50
127296,1,50
127309,1,50
127318,1,50
127325,1,50
127352,1,50
127436,1,50
127443,1,50
127453,1,50
127458,1,50
127467,1,50
127485,1,50
127492,1,50
127493,1,50
127530,1,50
127581,1,50
127591,1,50
127635,1,50
127665,1,50
127689,1,50
127703,1,50
127756,1,50
127793,1,50
127804,1,50
127833,1,50
127851,1,50
127855,1,50
128042,1,50
128045,1,50
128060,1,50
128067,1,50
128110,1,50
128137,1,50
128141,1,50
128147,1,50
128165,1,50
128176,1,50
128182,1,50
128231,1,50
128281,1,50
128282,1,50
128293,1,50
128294,1,50
128320,1,50
128325,1,50
128335,1,50
128391,1,50
128408,1,50
128433,1,50
128442,1,50
128455,1,50
128459,1,50
128478,1,50
128489,1,50
128531,1,50
128532,1,50
128537,1,50
129017,1,50
129038,1,50
129060,1,50
129082,1,50
129085,1,50
129126,1,50
129134,1,50
129145,1,50
129148,1,50
129170,1,50
129178,1,50
129191,1,50
129309,1,50
129328,1,50
129340,1,50
129345,1,50
129356,1,50
129372,1,50
129441,1,50
129526,1,50
129533,1,50
129551,1,50
129578,1,50
129611,1,50
129631,1,50
129636,1,50
129738,1,50
129752,1,50
129797,1,50
129804,1,50
129804,1,50
129812,1,50
129813,1,50
129856,1,50
129899,1,50
129905,1,50
129952,1,50
129965,1,50
129985,1,50
129988,1,50
130073,1,50
130106,1,50
130106,1,50
130182,1,50
130198,1,50
130220,1,50
130263,1,50
130290,1,50
130296,1,50
130366,1,50
130433,1,50
130480,1,50
130507,1,50
130512,1,50
130525,1,50
130569,1,50
130609,1,50
130687,1,50
130818,1,50
130873,1,50
130901,1,50
130923,1,50
130936,1,50
130981,1,50
130996,1,50
131030,1,50
131047,1,50
131068,1,50
131074,1,50
131104,1,50
131110,1,50
131131,1,50
131160,1,50
131176,1,50
131258,1,50
131259,1,50
131345,1,50
131354,1,50
131361,1,50
131362,1,50
131370,1,50
131469,1,50
131502,1,50
131538,1,50
131540,1,50
131551,1,50
131567,1,50
131578,1,50
131633,1,50
131698,1,50
131726,1,50
131747,1,50
131762,1,50
131764,1,50
131801,1,50
132079,1,50
132122,1,50
132146,1,50
132157,1,50
132173,1,50
132264,1,50
132265,1,50
132295,1,50
132454,1,50
132548,1,50
132578,1,50
132583,1,50
132589,1,50
132630,1,50
132720,1,50
132739,1,50
132756,1,50
132766,1,50
132774,1,50
132787,1,50
132795,1,50
132809,1,50
132842,1,50
132861,1,50
132872,1,50
132930,1,50
133041,1,50
133102,1,50
133142,1,50
133305,1,50
133327,1,50
133350,1,50
133389,1,50
133491,1,50
133530,1,50
133543,1,50
133583,1,50
133609,1,50
133623,1,50
133659,1,50
133779,1,50
133822,1,50
133833,1,50
133852,1,50
133883,1,50
133895,1,50
134121,1,50
134134,1,50
134198,1,50
134223,1,50
134240,1,50
134244,1,50
134254,1,50
134293,1,50
134610,1,50
134616,1,50
134700,1,50
134785,1,50
134828,1,50
134934,1,50
134959,1,50
134984,1,50
135034,1,50
135040,1,50
135052,1,50
135068,1,50
135077,1,50
135108,1,50
135124,1,50
135129,1,50
135141,1,50
135158,1,50
135185,1,50
135188,1,50
135194,1,50
135197,1,50
135248,1,50
135261,1,50
135279,1,50
135301,1,50
135309,1,50
135311,1,50
135326,1,50
135408,1,50
135439,1,50
135452,1,50
135461,1,50
135497,1,50
135562,1,50
135670,1,50
135706,1,50
136064,1,50
136117,1,50
136142,1,50
136196,1,50
136293,1,50
136311,1,50
136338,1,50
136401,1,50
136510,1,50
136544,1,50
136615,1,50
136675,1,50
136701,1,50
136712,1,50
136745,1,50
136765,1,50
136798,1,50
136830,1,50
136863,1,50
136929,1,50
136933,1,50
136940,1,50
136955,1,50
136975,1,50
136987,1,50
137075,1,50
137098,1,50
137176,1,50
137214,1,50
137228,1,50
137258,1,50
137258,1,50
137258,1,50
137296,1,50
137422,1,50
137481,1,50
137527,1,50
137563,1,50
137610,1,50
137623,1,50
137638,1,50
137653,1,50
137667,1,50
137668,1,50
137678,1,50
137730,1,50
138001,1,50
138038,1,50
138049,1,50
138058,1,50
138093,1,50
138179,1,50
138197,1,50
138233,1,50
138320,1,50
138369,1,50
138397,1,50
138447,1,50
138451,1,50
138455,1,50
138458,1,50
138483,1,50
138501,1,50
138531,1,50
138546,1,50
138595,1,50
138618,1,50
139048,1,50
139079,1,50
139187,1,50
139193,1,50
139197,1,50
139257,1,50
139308,1,50
139335,1,50
139338,1,50
139383,1,50
139399,1,50
139461,1,50
139514,1,50
139581,1,50
139587,1,50
139616,1,50
139632,1,50
139746,1,50
139774,1,50
139948,1,50
140021,1,50
140037,1,50
140042,1,50
140065,1,50
140074,1,50
140087,1,50
140150,1,50
140175,1,50
140237,1,50
140356,1,50
140404,1,50
140485,1,50
140533,1,50
140541,1,50
140923,1,50
140952,1,50
140972,1,50
141031,1,50
141054,1,50
141074,1,50
141095,1,50
141152,1,50
141170,1,50
141177,1,50
141177,1,50
141306,1,50
141336,1,50
141354,1,50
141368,1,50
141474,1,50
141476,1,50
141587,1,50
141601,1,50
141639,1,50
141695,1,50
141696,1,50
141752,1,50
141773,1,50
141776,1,50
141851,1,50
141860,1,50
141885,1,50
141972,1,50
142011,1,50
142020,1,50
142024,1,50
142075,1,50
142095,1,50
142167,1,50
142280,1,50
142322,1,50
142448,1,50
142452,1,50
142467,1,50
142479,1,50
142497,1,50
142519,1,50
142591,1,50
143011,1,50
143076,1,50
143120,1,50
143128,1,50
143188,1,50
143199,1,50
143205,1,50
143341,1,50
143458,1,50
143561,1,50
143568,1,50
143619,1,50
143633,1,50
143685,1,50
143700,1,50
143809,1,50
143899,1,50
144069,1,50
144101,1,50
144139,1,50
144151,1,50
144162,1,50
144171,1,50
144304,1,50
144363,1,50
144560,1,50
144689,1,50
144721,1,50
144776,1,50
144972,1,50
144991,1,50
145042,1,50
145056,1,50
145115,1,50
145142,1,50
145274,1,50
145314,1,50
145322,1,50
145334,1,50
145372,1,50
145415,1,50
145418,1,50
145513,1,50
145656,1,50
145688,1,50
145700,1,50
145701,1,50
145767,1,50
145885,1,50
145950,1,50
146004,1,50
146006,1,50
146057,1,50
146083,1,50
146190,1,50
146204,1,50
146240,1,50
146247,1,50
146383,1,50
146415,1,50
146496,1,50
146566,1,50
146626,1,50
146782,1,50
146977,1,50
147027,1,50
147034,1,50
147039,1,50
147087,1,50
147098,1,50
147150,1,50
147379,1,50
147540,1,50
147557,1,50
147579,1,50
147626,1,50
147663,1,50
147738,1,50
147760,1,50
148007,1,50
148054,1,50
148078,1,50
148115,1,50
148161,1,50
148254,1,50
148424,1,50
148479,1,50
148727,1,50
148819,1,50
148838,1,50
148890,1,50
148984,1,50
149014,1,50
149079,1,50
149109,1,50
149137,1,50
149155,1,50
149168,1,50
149184,1,50
149191,1,50
149204,1,50
149215,1,50
149268,1,50
149291,1,50
149316,1,50
149522,1,50
149595,1,50
149611,1,50
149634,1,50
150102,1,50
150207,1,50
150496,1,50
150512,1,50
150548,1,50
150599,1,50
150754,1,50
150839,1,50
151003,1,50
151128,1,50
151248,1,50
151294,1,50
151335,1,50
151455,1,50
151474,1,50
151478,1,50
151489,1,50
151619,1,50
151625,1,50
151731,1,50
151743,1,50
151778,1,50
151937,1,50
152109,1,50
152242,1,50
152307,1,50
152347,1,50
152506,1,50
152583,1,50
152692,1,50
153039,1,50
153087,1,50
153089,1,50
153158,1,50
153170,1,50
153171,1,50
153178,1,50
153216,1,50
153219,1,50
153284,1,50
153329,1,50
153444,1,50
153596,1,50
153715,1,50
153735,1,50
153802,1,50
153821,1,50
153831,1,50
153979,1,50
153980,1,50
154013,1,50
154045,1,50
154092,1,50
154098,1,50
154114,1,50
154161,1,50
154165,1,50
154179,1,50
154200,1,50
154211,1,50
154224,1,50
154287,1,50
154369,1,50
154463,1,50
154762,1,50
154773,1,50
154827,1,50
154851,1,50
154909,1,50
154932,1,50
155035,1,50
155060,1,50
155068,1,50
155179,1,50
155181,1,50
155340,1,50
155541,1,50
155580,1,50
155597,1,50
155672,1,50
155797,1,50
155865,1,50
155948,1,50
155964,1,50
156273,1,50
156319,1,50
156373,1,50
156408,1,50
156460,1,50
156610,1,50
156640,1,50
156656,1,50
156861,1,50
156903,1,50
156911,1,50
157082,1,50
157180,1,50
157260,1,50
157339,1,50
157681,1,50
157737,1,50
157799,1,50
157955,1,50
158001,1,50
158142,1,50
158197,1,50
158594,1,50
158662,1,50
158708,1,50
158820,1,50
159027,1,50
159071,1,50
159081,1,50
159087,1,50
159209,1,50
159211,1,50
159227,1,50
159229,1,50
159281,1,50
159300,1,50
159305,1,50
159365,1,50
159390,1,50
159572,1,50
159716,1,50
159767,1,50
159823,1,50
159827,1,50
160033,1,50
160074,1,50
160097,1,50
160254,1,50
160264,1,50
160329,1,50
160331,1,50
160394,1,50
160502,1,50
160531,1,50
160694,1,50
160772,1,50
160877,1,50
160887,1,50
161034,1,50
161083,1,50
161098,1,50
161120,1,50
161148,1,50
161171,1,50
161247,1,50
161420,1,50
161472,1,50
162197,1,50
162753,1,50
162883,1,50
162885,1,50
162894,1,50
162951,1,50
163066,1,50
163108,1,50
163435,1,50
163474,1,50
163561,1,50
163808,1,50
164004,1,50
164066,1,50
164092,1,50
164174,1,50
164249,1,50
164304,1,50
164373,1,50
164438,1,50
164582,1,50
165019,1,50
165062,1,50
165111,1,50
165143,1,50
165201,1,50
165231,1,50
165299,1,50
165308,1,50
165337,1,50
165355,1,50
165357,1,50
165360,1,50
165379,1,50
165398,1,50
165408,1,50
165483,1,50
165490,1,50
165494,1,50
165525,1,50
165533,1,50
165586,1,50
165648,1,50
165686,1,50
165691,1,50
165703,1,50
166037,1,50
166123,1,50
166369,1,50
166391,1,50
166546,1,50
166598,1,50
166754,1,50
166826,1,50
166886,1,50
167004,1,50
167027,1,50
167049,1,50
167050,1,50
167053,1,50
167128,1,50
167172,1,50
167192,1,50
167243,1,50
167263,1,50
167346,1,50
167511,1,50
167600,1,50
167636,1,50
167644,1,50
168005,1,50
168094,1,50
168105,1,50
168120,1,50
168135,1,50
168155,1,50
168573,1,50
168624,1,50
168636,1,50
168777,1,50
168797,1,50
168798,1,50
168913,1,50
169014,1,50
169064,1,50
169073,1,50
169215,1,50
169647,1,50
169888,1,50
170253,1,50
170262,1,50
170402,1,50
170649,1,50
170662,1,50
170988,1,50
171104,1,50
171174,1,50
171180,1,50
171181,1,50
171207,1,50
171222,1,50
171227,1,50
171230,1,50
171247,1,50
171260,1,50
171454,1,50
171482,1,50
171535,1,50
171555,1,50
171673,1,50
171689,1,50
172008,1,50
172033,1,50
172150,1,50
172165,1,50
172205,1,50
172225,1,50
172362,1,50
172371,1,50
172491,1,50
172511,1,50
172547,1,50
172643,1,50
172654,1,50
173009,1,50
173128,1,50
173142,1,50
173769,1,50
173812,1,50
173882,1,50
173931,1,50
174230,1,50
174351,1,50
174354,1,50
174463,1,50
174700,1,50
174765,1,50
175077,1,50
175368,1,50
175434,1,50
175741,1,50
175821,1,50
176058,1,50
176143,1,50
176332,1,50
176580,1,50
176679,1,50
176699,1,50
176731,1,50
176788,1,50
177014,1,50
177032,1,50
177040,1,50
177077,1,50
177101,1,50
177156,1,50
177170,1,50
177179,1,50
177183,1,50
177201,1,50
177203,1,50
177212,1,50
177283,1,50
177321,1,50
177393,1,50
177394,1,50
177429,1,50
177499,1,50
177592,1,50
177642,1,50
177656,1,50
177676,1,50
177714,1,50
177729,1,50
177743,1,50
177753,1,50
177762,1,50
177764,1,50
177819,1,50
178085,1,50
178299,1,50
178347,1,50
178440,1,50
178507,1,50
178560,1,50
178582,1,50
178609,1,50
178621,1,50
178626,1,50
178646,1,50
178677,1,50
178704,1,50
179019,1,50
179034,1,50
179047,1,50
179187,1,50
179251,1,50
179261,1,50
179288,1,50
179313,1,50
179324,1,50
179360,1,50
179378,1,50
179379,1,50
179447,1,50
179463,1,50
179510,1,50
180024,1,50
180083,1,50
180276,1,50
180282,1,50
180502,1,50
180504,1,50
180619,1,50
180672,1,50
180921,1,50
181155,1,50
181419,1,50
181563,1,50
181575,1,50
181788,1,50
181886,1,50
182054,1,50
182203,1,50
182223,1,50
182233,1,50
182279,1,50
182297,1,50
182533,1,50
182703,1,50
182711,1,50
182800,1,50
183091,1,50
183132,1,50
183153,1,50
183176,1,50
183226,1,50
183344,1,50
183828,1,50
183857,1,50
183886,1,50
183989,1,50
184050,1,50
184136,1,50
184186,1,50
184269,1,50
184293,1,50
184416,1,50
184426,1,50
184490,1,50
184513,1,50
184582,1,50
184604,1,50
184682,1,50
184742,1,50
184744,1,50
184755,1,50
184986,1,50
185077,1,50
185082,1,50
185123,1,50
185149,1,50
185280,1,50
185315,1,50
185325,1,50
185427,1,50
185464,1,50
185580,1,50
185591,1,50
186181,1,50
186228,1,50
186650,1,50
186882,1,50
187026,1,50
187068,1,50
187073,1,50
187260,1,50
187313,1,50
187335,1,50
187413,1,50
187421,1,50
187466,1,50
187482,1,50
187532,1,50
187819,1,50
187994,1,50
188000,1,50
188023,1,50
188041,1,50
188073,1,50
188347,1,50
188368,1,50
188742,1,50
188789,1,50
189085,1,50
189098,1,50
189107,1,50
189128,1,50
189157,1,50
189161,1,50
189191,1,50
189225,1,50
189228,1,50
189234,1,50
189237,1,50
189260,1,50
189349,1,50
189357,1,50
189416,1,50
189460,1,50
189504,1,50
189525,1,50
189606,1,50
189730,1,50
189786,1,50
189794,1,50
189810,1,50
189881,1,50
189885,1,50
189902,1,50
189906,1,50
190066,1,50
190247,1,50
190310,1,50
190362,1,50
190561,1,50
190670,1,50
190692,1,50
190895,1,50
191105,1,50
191108,1,50
191142,1,50
191187,1,50
191383,1,50
191545,1,50
191812,1,50
191821,1,50
191834,1,50
192029,1,50
192035,1,50
192039,1,50
192040,1,50
192054,1,50
192079,1,50
192143,1,50
192160,1,50
192185,1,50
192209,1,50
192243,1,50
192244,1,50
192257,1,50
192315,1,50
192336,1,50
192343,1,50
192348,1,50
192350,1,50
192354,1,50
193000,1,50
193087,1,50
193265,1,50
193430,1,50
193445,1,50
193564,1,50
193816,1,50
193916,1,50
194045,1,50
194045,1,50
194063,1,50
194139,1,50
194206,1,50
194298,1,50
194355,1,50
194464,1,50
194576,1,50
194666,1,50
194679,1,50
194813,1,50
195042,1,50
195084,1,50
195103,1,50
195165,1,50
195231,1,50
195330,1,50
195361,1,50
195398,1,50
195421,1,50
195578,1,50
195597,1,50
195750,1,50
196119,1,50
196188,1,50
196241,1,50
196342,1,50
196483,1,50
196492,1,50
196645,1,50
196703,1,50
196864,1,50
196970,1,50
197019,1,50
197062,1,50
197139,1,50
197163,1,50
197204,1,50
197251,1,50
197384,1,50
197404,1,50
197468,1,50
197500,1,50
197506,1,50
197558,1,50
197559,1,50
198009,1,50
198428,1,50
198626,1,50
198698,1,50
198854,1,50
198899,1,50
198908,1,50
198916,1,50
198983,1,50
199355,1,50
199365,1,50
199388,1,50
199432,1,50
199451,1,50
199487,1,50
199618,1,50
199628,1,50
199797,1,50
199819,1,50
200032,1,50
200258,1,50
200532,1,50
200960,1,50
200999,1,50
201033,1,50
201047,1,50
201087,1,50
201089,1,50
201105,1,50
201108,1,50
201108,1,50
201119,1,50
201123,1,50
201175,1,50
201267,1,50
201274,1,50
201298,1,50
201333,1,50
201347,1,50
201376,1,50
201400,1,50
201432,1,50
201470,1,50
201514,1,50
201553,1,50
201599,1,50
201620,1,50
201643,1,50
201667,1,50
201683,1,50
201694,1,50
201715,1,50
201766,1,50
201768,1,50
201789,1,50
201808,1,50
201815,1,50
201820,1,50
201825,1,50
201855,1,50
201855,1,50
202086,1,50
202105,1,50
202329,1,50
202330,1,50
202576,1,50
202578,1,50
202590,1,50
202610,1,50
202670,1,50
202713,1,50
202771,1,50
202900,1,50
202929,1,50
203028,1,50
203040,1,50
203049,1,50
203076,1,50
203094,1,50
203109,1,50
203111,1,50
203138,1,50
203138,1,50
203337,1,50
203340,1,50
203371,1,50
203385,1,50
203397,1,50
203447,1,50
204079,1,50
204089,1,50
204096,1,50
204203,1,50
204210,1,50
204282,1,50
204306,1,50
204335,1,50
204575,1,50
204743,1,50
204807,1,50
204842,1,50
205037,1,50
205155,1,50
205157,1,50
205182,1,50
205205,1,50
205253,1,50
205292,1,50
205394,1,50
205422,1,50
205426,1,50
205496,1,50
205840,1,50
205946,1,50
206101,1,50
206154,1,50
206193,1,50
206262,1,50
206268,1,50
206294,1,50
206402,1,50
206427,1,50
206619,1,50
206645,1,50
206970,1,50
207032,1,50
207077,1,50
207126,1,50
207139,1,50
207184,1,50
207222,1,50
207237,1,50
207290,1,50
207354,1,50
207414,1,50
207444,1,50
207578,1,50
207640,1,50
207707,1,50
207738,1,50
207746,1,50
207752,1,50
207771,1,50
207933,1,50
207959,1,50
208027,1,50
208028,1,50
208105,1,50
208164,1,50
208185,1,50
208244,1,50
208327,1,50
208397,1,50
208439,1,50
208453,1,50
208504,1,50
208515,1,50
208556,1,50
208558,1,50
208604,1,50
208638,1,50
208639,1,50
209062,1,50
209080,1,50
209288,1,50
209325,1,50
209392,1,50
209486,1,50
209635,1,50
210071,1,50
210156,1,50
210164,1,50
210245,1,50
210331,1,50
210588,1,50
210848,1,50
211058,1,50
211352,1,50
211400,1,50
211543,1,50
211565,1,50
211667,1,50
211961,1,50
211983,1,50
212110,1,50
212159,1,50
212185,1,50
212216,1,50
212247,1,50
212281,1,50
212291,1,50
212299,1,50
212364,1,50
212403,1,50
212611,1,50
212618,1,50
212709,1,50
212758,1,50
212866,1,50
212911,1,50
212932,1,50
213000,1,50
213013,1,50
213052,1,50
213065,1,50
213071,1,50
213078,1,50
213083,1,50
213088,1,50
213138,1,50
213148,1,50
213149,1,50
213187,1,50
213196,1,50
213205,1,50
213254,1,50
213254,1,50
213263,1,50
213275,1,50
213294,1,50
213343,1,50
213367,1,50
213380,1,50
213382,1,50
213408,1,50
213447,1,50
213492,1,50
213513,1,50
213556,1,50
213580,1,50
213626,1,50
213630,1,50
213672,1,50
213691,1,50
214028,1,50
214130,1,50
214149,1,50
214209,1,50
214218,1,50
214240,1,50
214315,1,50
214321,1,50
214540,1,50
214590,1,50
214605,1,50
214785,1,50
214924,1,50
214934,1,50
215036,1,50
215087,1,50
215104,1,50
215107,1,50
215139,1,50
215151,1,50
215223,1,50
215269,1,50
215291,1,50
215415,1,50
215599,1,50
215639,1,50
215653,1,50
215669,1,50
215808,1,50
215849,1,50
215851,1,50
215883,1,50
215889,1,50
215939,1,50
215964,1,50
216056,1,50
216106,1,50
216193,1,50
216200,1,50
216226,1,50
216240,1,50
216302,1,50
216302,1,50
216342,1,50
216359,1,50
216590,1,50
216864,1,50
216872,1,50
216882,1,50
216911,1,50
216919,1,50
217200,1,50
217252,1,50
217295,1,50
217335,1,50
217500,1,50
217501,1,50
217562,1,50
217619,1,50
217690,1,50
217757,1,50
217940,1,50
218006,1,50
218026,1,50
218059,1,50
218173,1,50
218214,1,50
218238,1,50
218260,1,50
218386,1,50
218427,1,50
218427,1,50
218427,1,50
218477,1,50
218561,1,50
218632,1,50
218649,1,50
218745,1,50
218823,1,50
218903,1,50
219075,1,50
219120,1,50
219259,1,50
219649,1,50
219665,1,50
219709,1,50
219887,1,50
219933,1,50
220082,1,50
220086,1,50
220100,1,50
220222,1,50
220233,1,50
220245,1,50
220313,1,50
220317,1,50
220340,1,50
220351,1,50
220366,1,50
220369,1,50
220414,1,50
220421,1,50
220454,1,50
220469,1,50
220658,1,50
220702,1,50
220778,1,50
220840,1,50
220857,1,50
220882,1,50
220885,1,50
220886,1,50
220964,1,50
220985,1,50
220986,1,50
221063,1,50
221156,1,50
221322,1,50
221372,1,50
221403,1,50
221458,1,50
221464,1,50
221490,1,50
221512,1,50
221665,1,50
221742,1,50
221789,1,50
221803,1,50
221820,1,50
222027,1,50
222075,1,50
222171,1,50
222358,1,50
222403,1,50
222434,1,50
222451,1,50
222681,1,50
222696,1,50
222707,1,50
222710,1,50
222762,1,50
223032,1,50
223035,1,50
223048,1,50
223125,1,50
223194,1,50
223208,1,50
223289,1,50
223291,1,50
223293,1,50
223341,1,50
223457,1,50
223481,1,50
223546,1,50
223897,1,50
223907,1,50
223981,1,50
224035,1,50
224058,1,50
224383,1,50
224435,1,50
224489,1,50
224611,1,50
224750,1,50
224790,1,50
224882,1,50
225037,1,50
225038,1,50
225077,1,50
225103,1,50
225149,1,50
225159,1,50
225187,1,50
225201,1,50
225211,1,50
225236,1,50
225240,1,50
225256,1,50
225266,1,50
225270,1,50
225291,1,50
225298,1,50
225302,1,50
225304,1,50
225356,1,50
225362,1,50
225394,1,50
225420,1,50
225434,1,50
225445,1,50
225456,1,50
225538,1,50
225580,1,50
225581,1,50
225595,1,50
225660,1,50
225689,1,50
225704,1,50
225744,1,50
225774,1,50
225803,1,50
225805,1,50
225839,1,50
225871,1,50
225912,1,50
225922,1,50
225937,1,50
225960,1,50
226004,1,50
226008,1,50
226033,1,50
226043,1,50
226053,1,50
226068,1,50
226069,1,50
226071,1,50
226102,1,50
226106,1,50
226114,1,50
226124,1,50
226144,1,50
226241,1,50
226305,1,50
226326,1,50
226380,1,50
226382,1,50
226392,1,50
226440,1,50
226498,1,50
226588,1,50
226594,1,50
226630,1,50
226635,1,50
226667,1,50
226709,1,50
226859,1,50
226928,1,50
226995,1,50
227006,1,50
227027,1,50
227061,1,50
227062,1,50
227073,1,50
227076,1,50
227081,1,50
227099,1,50
227110,1,50
227150,1,50
227156,1,50
227173,1,50
227183,1,50
227184,1,50
227240,1,50
227259,1,50
227276,1,50
227304,1,50
227343,1,50
227442,1,50
227486,1,50
227506,1,50
227534,1,50
227608,1,50
227609,1,50
227636,1,50
227667,1,50
227700,1,50
227735,1,50
227754,1,50
227779,1,50
227812,1,50
227817,1,50
227909,1,50
227921,1,50
227941,1,50
228027,1,50
228056,1,50
228062,1,50
228073,1,50
228101,1,50
228213,1,50
228240,1,50
228266,1,50
228266,1,50
228299,1,50
228364,1,50
228377,1,50
228408,1,50
228413,1,50
228432,1,50
228455,1,50
228466,1,50
228491,1,50
228499,1,50
228562,1,50
228570,1,50
228606,1,50
228689,1,50
228711,1,50
228797,1,50
228828,1,50
228837,1,50
228911,1,50
228922,1,50
228992,1,50
228993,1,50
229002,1,50
229016,1,50
229017,1,50
229021,1,50
229027,1,50
229084,1,50
229148,1,50
229161,1,50
229197,1,50
229218,1,50
229238,1,50
229249,1,50
229256,1,50
229281,1,50
229289,1,50
229363,1,50
229375,1,50
229376,1,50
229386,1,50
229387,1,50
229409,1,50
229421,1,50
229425,1,50
229458,1,50
229526,1,50
229546,1,50
229549,1,50
230175,1,50
230194,1,50
230220,1,50
230268,1,50
230274,1,50
230292,1,50
230299,1,50
230307,1,50
230308,1,50
230322,1,50
230323,1,50
230325,1,50
230353,1,50
230362,1,50
230443,1,50
230451,1,50
230508,1,50
230518,1,50
230756,1,50
230855,1,50
230901,1,50
230925,1,50
230937,1,50
230969,1,50
230985,1,50
230988,1,50
231022,1,50
231056,1,50
231066,1,50
231069,1,50
231071,1,50
231077,1,50
231216,1,50
231237,1,50
231257,1,50
231265,1,50
231292,1,50
231330,1,50
231336,1,50
231482,1,50
231487,1,50
231504,1,50
231554,1,50
231564,1,50
231581,1,50
231583,1,50
231600,1,50
231632,1,50
231663,1,50
231707,1,50
231729,1,50
231748,1,50
231760,1,50
231796,1,50
231846,1,50
231860,1,50
231879,1,50
232015,1,50
232021,1,50
232025,1,50
232054,1,50
232117,1,50
232152,1,50
232184,1,50
232223,1,50
232224,1,50
232279,1,50
232297,1,50
232319,1,50
232374,1,50
232404,1,50
232423,1,50
232439,1,50
232447,1,50
232512,1,50
232530,1,50
232654,1,50
232687,1,50
232694,1,50
232697,1,50
232719,1,50
232746,1,50
232801,1,50
233060,1,50
233200,1,50
233272,1,50
233339,1,50
233496,1,50
233512,1,50
233585,1,50
233599,1,50
233620,1,50
233654,1,50
233686,1,50
233716,1,50
233734,1,50
233751,1,50
233769,1,50
233792,1,50
233823,1,50
233857,1,50
233867,1,50
233897,1,50
233974,1,50
234007,1,50
234009,1,50
234010,1,50
234041,1,50
234092,1,50
234110,1,50
234131,1,50
234144,1,50
234212,1,50
234349,1,50
234365,1,50
234437,1,50
234446,1,50
234456,1,50
234465,1,50
234486,1,50
234551,1,50
234565,1,50
234600,1,50
234675,1,50
234681,1,50
234716,1,50
234755,1,50
234800,1,50
234808,1,50
235062,1,50
235080,1,50
235174,1,50
235217,1,50
235317,1,50
235476,1,50
235479,1,50
235502,1,50
235531,1,50
235542,1,50
235561,1,50
235655,1,50
235710,1,50
235738,1,50
235776,1,50
235820,1,50
235837,1,50
235889,1,50
235950,1,50
235994,1,50
235999,1,50
236008,1,50
236011,1,50
236108,1,50
236260,1,50
236272,1,50
236308,1,50
236339,1,50
236382,1,50
236392,1,50
236396,1,50
236414,1,50
236426,1,50
236438,1,50
236493,1,50
236567,1,50
236617,1,50
236754,1,50
236758,1,50
236765,1,50
236822,1,50
236850,1,50
236881,1,50
236894,1,50
236897,1,50
237009,1,50
237014,1,50
237033,1,50
237033,1,50
237053,1,50
237067,1,50
237094,1,50
237096,1,50
237098,1,50
237099,1,50
237111,1,50
237118,1,50
237129,1,50
237154,1,50
237164,1,50
237165,1,50
237170,1,50
237177,1,50
237188,1,50
237203,1,50
237219,1,50
237230,1,50
237242,1,50
237257,1,50
237278,1,50
237298,1,50
237314,1,50
237351,1,50
237392,1,50
237424,1,50
237427,1,50
237432,1,50
237541,1,50
237555,1,50
237562,1,50
237571,1,50
237587,1,50
237607,1,50
237618,1,50
237650,1,50
237673,1,50
237687,1,50
237696,1,50
237715,1,50
237723,1,50
237728,1,50
237748,1,50
237851,1,50
237868,1,50
237883,1,50
237884,1,50
237919,1,50
237968,1,50
238000,1,50
238006,1,50
238053,1,50
238059,1,50
238097,1,50
238145,1,50
238171,1,50
238243,1,50
238276,1,50
238283,1,50
238289,1,50
238344,1,50
238392,1,50
238395,1,50
238411,1,50
238418,1,50
238480,1,50
238490,1,50
238520,1,50
238524,1,50
238541,1,50
238612,1,50
238621,1,50
238657,1,50
238765,1,50
238767,1,50
238788,1,50
238825,1,50
238907,1,50
238969,1,50
239042,1,50
239053,1,50
239068,1,50
239091,1,50
239105,1,50
239110,1,50
239130,1,50
239163,1,50
239172,1,50
239194,1,50
239215,1,50
239221,1,50
239325,1,50
239360,1,50
239369,1,50
239379,1,50
239388,1,50
239429,1,50
239443,1,50
239479,1,50
239489,1,50
239507,1,50
239579,1,50
239663,1,50
239680,1,50
239682,1,50
239784,1,50
239806,1,50
239828,1,50
239860,1,50
239869,1,50
239887,1,50
239949,1,50
239977,1,50
240011,1,50
240118,1,50
240184,1,50
240190,1,50
240196,1,50
240228,1,50
240280,1,50
240362,1,50
240433,1,50
240484,1,50
240501,1,50
240542,1,50
240563,1,50
240568,1,50
240595,1,50
240625,1,50
240635,1,50
240653,1,50
240660,1,50
240704,1,50
240719,1,50
240725,1,50
240787,1,50
240805,1,50
240838,1,50
240850,1,50
240902,1,50
240988,1,50
241019,1,50
241023,1,50
241025,1,50
241029,1,50
241038,1,50
241078,1,50
241094,1,50
241121,1,50
241139,1,50
241145,1,50
241146,1,50
241150,1,50
241152,1,50
241173,1,50
241179,1,50
241181,1,50
241185,1,50
241195,1,50
241203,1,50
241222,1,50
241227,1,50
241234,1,50
241298,1,50
241311,1,50
241320,1,50
241354,1,50
241470,1,50
241490,1,50
241497,1,50
241504,1,50
241505,1,50
241533,1,50
241615,1,50
241630,1,50
241638,1,50
242165,1,50
242209,1,50
242262,1,50
242267,1,50
242309,1,50
242352,1,50
242356,1,50
242432,1,50
242452,1,50
242475,1,50
242831,1,50
242881,1,50
242933,1,50
242941,1,50
242953,1,50
242974,1,50
242991,1,50
243002,1,50
243015,1,50
243017,1,50
243018,1,50
243055,1,50
243057,1,50
243078,1,50
243094,1,50
243123,1,50
243137,1,50
243146,1,50
243148,1,50
243160,1,50
243181,1,50
243212,1,50
243220,1,50
243245,1,50
243251,1,50
243255,1,50
243266,1,50
243305,1,50
243307,1,50
243314,1,50
243332,1,50
243349,1,50
243352,1,50
243366,1,50
243367,1,50
243386,1,50
243387,1,50
243428,1,50
243472,1,50
243530,1,50
243547,1,50
243548,1,50
243556,1,50
243590,1,50
243600,1,50
243625,1,50
243641,1,50
243672,1,50
243677,1,50
243719,1,50
244017,1,50
244069,1,50
244093,1,50
244129,1,50
244179,1,50
244195,1,50
244251,1,50
244270,1,50
244295,1,50
244301,1,50
244362,1,50
244443,1,50
244448,1,50
244451,1,50
244479,1,50
244482,1,50
244504,1,50
244506,1,50
244549,1,50
244648,1,50
244661,1,50
244681,1,50
244699,1,50
244787,1,50
244798,1,50
244817,1,50
244835,1,50
244907,1,50
244910,1,50
244974,1,50
244997,1,50
245071,1,50
245223,1,50
245282,1,50
245315,1,50
245321,1,50
245421,1,50
245433,1,50
245511,1,50
245530,1,50
245539,1,50
245581,1,50
245607,1,50
245612,1,50
245685,1,50
245726,1,50
245739,1,50
245769,1,50
245896,1,50
245921,1,50
245959,1,50
245961,1,50
246004,1,50
246025,1,50
246027,1,50
246054,1,50
246060,1,50
246066,1,50
246068,1,50
246122,1,50
246135,1,50
246160,1,50
246166,1,50
246177,1,50
246217,1,50
246268,1,50
246350,1,50
246383,1,50
246405,1,50
246408,1,50
246410,1,50
246474,1,50
246527,1,50
246600,1,50
246648,1,50
246652,1,50
246668,1,50
246685,1,50
246710,1,50
246730,1,50
246737,1,50
246739,1,50
246745,1,50
246775,1,50
246814,1,50
246832,1,50
247023,1,50
247044,1,50
247070,1,50
247138,1,50
247152,1,50
247154,1,50
247184,1,50
247223,1,50
247224,1,50
247230,1,50
247331,1,50
247436,1,50
247478,1,50
247486,1,50
247492,1,50
247640,1,50
247754,1,50
247860,1,50
247895,1,50
247980,1,50
248009,1,50
248112,1,50
248136,1,50
248137,1,50
248146,1,50
248187,1,50
248279,1,50
248301,1,50
248458,1,50
248571,1,50
248623,1,50
248632,1,50
248706,1,50
248727,1,50
248758,1,50
248852,1,50
249028,1,50
249042,1,50
249053,1,50
249067,1,50
249083,1,50
249089,1,50
249107,1,50
249111,1,50
249144,1,50
249151,1,50
249180,1,50
249181,1,50
249184,1,50
249188,1,50
249195,1,50
249198,1,50
249203,1,50
249207,1,50
249224,1,50
249225,1,50
249236,1,50
249238,1,50
249253,1,50
249277,1,50
249280,1,50
249295,1,50
249323,1,50
249369,1,50
249379,1,50
249393,1,50
249424,1,50
249435,1,50
249474,1,50
249489,1,50
249516,1,50
249550,1,50
249566,1,50
249568,1,50
249588,1,50
249602,1,50
249630,1,50
249636,1,50
249662,1,50
249713,1,50
249742,1,50
249786,1,50
249788,1,50
249796,1,50
249834,1,50
250027,1,50
250030,1,50
250046,1,50
250119,1,50
250136,1,50
250167,1,50
250257,1,50
250274,1,50
250297,1,50
250442,1,50
250455,1,50
250501,1,50
250562,1,50
250567,1,50
250580,1,50
250769,1,50
250770,1,50
250796,1,50
250817,1,50
250905,1,50
250994,1,50
251003,1,50
251077,1,50
251082,1,50
251094,1,50
251180,1,50
251182,1,50
251210,1,50
251228,1,50
251245,1,50
251264,1,50
251271,1,50
251279,1,50
251295,1,50
251390,1,50
251456,1,50
251483,1,50
251493,1,50
251496,1,50
251547,1,50
251576,1,50
251680,1,50
251746,1,50
251780,1,50
251970,1,50
252005,1,50
252014,1,50
252041,1,50
252114,1,50
252164,1,50
252179,1,50
252205,1,50
252279,1,50
252305,1,50
252305,1,50
252362,1,50
252436,1,50
252494,1,50
252581,1,50
252684,1,50
252775,1,50
252785,1,50
252868,1,50
252927,1,50
252961,1,50
252968,1,50
252991,1,50
252994,1,50
253016,1,50
253056,1,50
253059,1,50
253092,1,50
253098,1,50
253107,1,50
253131,1,50
253146,1,50
253194,1,50
253214,1,50
253235,1,50
253264,1,50
253343,1,50
253501,1,50
253543,1,50
253630,1,50
253645,1,50
253794,1,50
253825,1,50
253888,1,50
253889,1,50
253920,1,50
253938,1,50
253969,1,50
253994,1,50
254033,1,50
254115,1,50
254121,1,50
254148,1,50
254155,1,50
254176,1,50
254274,1,50
254305,1,50
254340,1,50
254345,1,50
254395,1,50
254406,1,50
254558,1,50
254602,1,50
254620,1,50
254758,1,50
254825,1,50
254861,1,50
254863,1,50
254901,1,50
254966,1,50
254996,1,50
255049,1,50
255080,1,50
255110,1,50
255126,1,50
255134,1,50
255166,1,50
255206,1,50
255249,1,50
255273,1,50
255300,1,50
255342,1,50
255383,1,50
255427,1,50
255521,1,50
255528,1,50
255613,1,50
255651,1,50
255685,1,50
255688,1,50
255734,1,50
255793,1,50
255800,1,50
255921,1,50
255921,1,50
255940,1,50
255995,1,50
256005,1,50
256009,1,50
256037,1,50
256059,1,50
256099,1,50
256104,1,50
256137,1,50
256154,1,50
256160,1,50
256179,1,50
256272,1,50
256281,1,50
256338,1,50
256349,1,50
256363,1,50
256374,1,50
256379,1,50
256478,1,50
256498,1,50
256583,1,50
256599,1,50
256648,1,50
256699,1,50
256707,1,50
256742,1,50
256772,1,50
256806,1,50
256869,1,50
256986,1,50
257021,1,50
257042,1,50
257077,1,50
257093,1,50
257225,1,50
257239,1,50
257301,1,50
257317,1,50
257418,1,50
257434,1,50
257570,1,50
257590,1,50
257598,1,50
257610,1,50
257617,1,50
257626,1,50
257675,1,50
257699,1,50
257854,1,50
257945,1,50
257952,1,50
258021,1,50
258024,1,50
258029,1,50
258037,1,50
258041,1,50
258201,1,50
258259,1,50
258391,1,50
258403,1,50
258407,1,50
258443,1,50
258451,1,50
258460,1,50
258633,1,50
258686,1,50
258704,1,50
258730,1,50
258743,1,50
258863,1,50
258889,1,50
258912,1,50
258923,1,50
258978,1,50
258978,1,50
259009,1,50
259010,1,50
259036,1,50
259038,1,50
259040,1,50
259113,1,50
259165,1,50
259447,1,50
259488,1,50
259495,1,50
259558,1,50
259590,1,50
259734,1,50
259786,1,50
259828,1,50
259843,1,50
259859,1,50
259872,1,50
259949,1,50
259962,1,50
259997,1,50
260020,1,50
260027,1,50
260033,1,50
260035,1,50
260057,1,50
260068,1,50
260139,1,50
260157,1,50
260189,1,50
260246,1,50
260248,1,50
260315,1,50
260341,1,50
260364,1,50
260385,1,50
260410,1,50
260471,1,50
260499,1,50
260552,1,50
260559,1,50
260656,1,50
260665,1,50
260740,1,50
261053,1,50
261056,1,50
261068,1,50
261105,1,50
261119,1,50
261135,1,50
261142,1,50
261143,1,50
261158,1,50
261191,1,50
261210,1,50
261294,1,50
261307,1,50
261353,1,50
261383,1,50
261384,1,50
261390,1,50
261434,1,50
261443,1,50
261462,1,50
261521,1,50
261540,1,50
261581,1,50
261670,1,50
261688,1,50
261718,1,50
261720,1,50
261779,1,50
261798,1,50
261798,1,50
262130,1,50
262163,1,50
262184,1,50
262353,1,50
262376,1,50
262376,1,50
262409,1,50
262454,1,50
262555,1,50
262728,1,50
262728,1,50
262792,1,50
262803,1,50
262815,1,50
262818,1,50
262898,1,50
263045,1,50
263117,1,50
263149,1,50
263196,1,50
263207,1,50
263229,1,50
263237,1,50
263251,1,50
263302,1,50
263320,1,50
263393,1,50
263396,1,50
263437,1,50
263439,1,50
263474,1,50
263476,1,50
263483,1,50
263527,1,50
263581,1,50
264043,1,50
264090,1,50
264130,1,50
264210,1,50
264235,1,50
264244,1,50
264289,1,50
264322,1,50
264385,1,50
264406,1,50
264438,1,50
264585,1,50
264620,1,50
264662,1,50
264680,1,50
264761,1,50
264785,1,50
264807,1,50
265012,1,50
265150,1,50
265289,1,50
265316,1,50
265377,1,50
265527,1,50
265613,1,50
265645,1,50
265645,1,50
265657,1,50
265787,1,50
265878,1,50
266072,1,50
266135,1,50
266172,1,50
266210,1,50
266222,1,50
266256,1,50
266348,1,50
266482,1,50
266520,1,50
266598,1,50
266608,1,50
266636,1,50
266638,1,50
266788,1,50
266943,1,50
267012,1,50
267014,1,50
267292,1,50
267423,1,50
267517,1,50
267549,1,50
267551,1,50
267568,1,50
267594,1,50
267660,1,50
267785,1,50
268015,1,50
268028,1,50
268065,1,50
268109,1,50
268164,1,50
268389,1,50
268410,1,50
268443,1,50
268563,1,50
268565,1,50
268573,1,50
268591,1,50
268606,1,50
268715,1,50
268795,1,50
269033,1,50
269293,1,50
269309,1,50
269321,1,50
269366,1,50
269526,1,50
269573,1,50
269706,1,50
269766,1,50
270062,1,50
270140,1,50
270144,1,50
270197,1,50
270299,1,50
270313,1,50
270342,1,50
270411,1,50
270453,1,50
271109,1,50
271229,1,50
271439,1,50
271577,1,50
271601,1,50
271644,1,50
271715,1,50
271813,1,50
271851,1,50
272002,1,50
272022,1,50
272074,1,50
272114,1,50
272202,1,50
272308,1,50
272499,1,50
272644,1,50
273055,1,50
273189,1,50
273190,1,50
273431,1,50
273600,1,50
273871,1,50
274075,1,50
274104,1,50
274175,1,50
274214,1,50
274365,1,50
274416,1,50
274532,1,50
274539,1,50
274725,1,50
274873,1,50
274919,1,50
275029,1,50
275183,1,50
275261,1,50
275449,1,50
275505,1,50
276022,1,50
276085,1,50
276366,1,50
276478,1,50
276498,1,50
276536,1,50
276543,1,50
276636,1,50
276640,1,50
276763,1,50
276787,1,50
277002,1,50
277067,1,50
277261,1,50
277497,1,50
277929,1,50
278060,1,50
278086,1,50
278483,1,50
278696,1,50
278765,1,50
278905,1,50
279348,1,50
279955,1,50
280013,1,50
280075,1,50
280117,1,50
280195,1,50
280281,1,50
280346,1,50
280408,1,50
281016,1,50
281076,1,50
281093,1,50
281209,1,50
281294,1,50
281723,1,50
282012,1,50
282025,1,50
282033,1,50
282120,1,50
282123,1,50
282489,1,50
282490,1,50
282684,1,50
282705,1,50
282778,1,50
282889,1,50
283091,1,50
283230,1,50
283250,1,50
283306,1,50
283352,1,50
283370,1,50
283389,1,50
283486,1,50
283524,1,50
283687,1,50
283708,1,50
283716,1,50
283719,1,50
283764,1,50
283829,1,50
283876,1,50
283880,1,50
283882,1,50
283952,1,50
284043,1,50
284055,1,50
284091,1,50
284130,1,50
284192,1,50
284256,1,50
284354,1,50
284381,1,50
284391,1,50
284477,1,50
284499,1,50
284587,1,50
284618,1,50
284628,1,50
284669,1,50
285291,1,50
285466,1,50
285570,1,50
285615,1,50
285665,1,50
285692,1,50
285816,1,50
286041,1,50
286097,1,50
286281,1,50
286281,1,50
286283,1,50
286290,1,50
286442,1,50
287511,1,50
287597,1,50
287733,1,50
287770,1,50
287771,1,50
287797,1,50
287799,1,50
287920,1,50
288090,1,50
288112,1,50
288321,1,50
288342,1,50
288498,1,50
288554,1,50
288571,1,50
289630,1,50
289732,1,50
289763,1,50
289904,1,50
290286,1,50
290427,1,50
290649,1,50
290719,1,50
290775,1,50
290959,1,50
290978,1,50
291085,1,50
291191,1,50
291367,1,50
