61,1,300
67,1,300
76,1,300
161,1,300
423,1,300
598,1,300
606,1,300
732,1,300
893,1,300
1005,1,300
1018,1,300
1066,1,300
1109,1,300
1168,1,300
1306,1,300
1348,1,300
1426,1,300
1582,1,300
1696,1,300
1730,1,300
2026,1,300
2119,1,300
2190,1,300
2338,1,300
2647,1,300
2737,1,300
2743,1,300
2912,1,300
3014,1,300
3050,1,300
3196,1,300
3433,1,300
3663,1,300
3826,1,300
3875,1,300
4008,1,300
4029,1,300
4083,1,300
4140,1,300
4185,1,300
4219,1,300
4382,1,300
4517,1,300
4639,1,300
4697,1,300
4827,1,300
4842,1,300
5010,1,300
5024,1,300
5287,1,300
5355,1,300
5720,1,300
5815,1,300
6016,1,300
6064,1,300
6088,1,300
6092,1,300
6150,1,300
6428,1,300
6437,1,300
6541,1,300
6558,1,300
6695,1,300
7034,1,300
7066,1,300
7121,1,300
7252,1,300
7596,1,300
7663,1,300
7786,1,300
7794,1,300
8006,1,300
8058,1,300
8124,1,300
8322,1,300
8557,1,300
8658,1,300
9039,1,300
9118,1,300
9221,1,300
9294,1,300
9354,1,300
9415,1,300
9503,1,300
9538,1,300
9563,1,300
9572,1,300
9576,1,300
9576,1,300
9642,1,300
9726,1,300
9817,1,300
9896,1,300
9968,1,300
10013,1,300
10033,1,300
10047,1,300
10054,1,300
10056,1,300
10058,1,300
10163,1,300
10217,1,300
10233,1,300
10338,1,300
10348,1,300
10374,1,300
10428,1,300
10429,1,300
10500,1,300
10615,1,300
10820,1,300
11081,1,300
11083,1,300
11315,1,300
11618,1,300
11635,1,300
11682,1,300
11891,1,300
12019,1,300
12148,1,300
12268,1,300
12286,1,300
12330,1,300
12429,1,300
12442,1,300
12466,1,300
12535,1,300
12651,1,300
12675,1,300
12814,1,300
13003,1,300
13012,1,300
13172,1,300
13214,1,300
13273,1,300
13319,1,300
13365,1,300
13436,1,300
13500,1,300
13508,1,300
13595,1,300
14008,1,300
14029,1,300
14031,1,300
14047,1,300
14094,1,300
14119,1,300
14135,1,300
14153,1,300
14259,1,300
14315,1,300
14362,1,300
14443,1,300
14479,1,300
14511,1,300
14542,1,300
14584,1,300
14691,1,300
15074,1,300
15281,1,300
15449,1,300
15645,1,300
15669,1,300
15780,1,300
15934,1,300
16021,1,300
16033,1,300
16115,1,300
16125,1,300
16244,1,300
16294,1,300
16369,1,300
16794,1,300
16812,1,300
16945,1,300
16981,1,300
17012,1,300
17146,1,300
17285,1,300
18163,1,300
18390,1,300
18736,1,300
19127,1,300
19196,1,300
19203,1,300
19222,1,300
19591,1,300
19839,1,300
19950,1,300
20070,1,300
20078,1,300
20137,1,300
20148,1,300
20154,1,300
20172,1,300
20201,1,300
20281,1,300
20296,1,300
20298,1,300
20298,1,300
20303,1,300
20342,1,300
20357,1,300
20412,1,300
20512,1,300
20540,1,300
20541,1,300
20605,1,300
20669,1,300
20707,1,300
20743,1,300
20766,1,300
20775,1,300
20781,1,300
20802,1,300
21056,1,300
21141,1,300
21214,1,300
21223,1,300
21408,1,300
21461,1,300
21471,1,300
21553,1,300
21563,1,300
21624,1,300
21810,1,300
21891,1,300
21896,1,300
21953,1,300
22010,1,300
22069,1,300
22099,1,300
22154,1,300
22161,1,300
22278,1,300
22290,1,300
22304,1,300
22368,1,300
22416,1,300
22451,1,300
22474,1,300
22499,1,300
22540,1,300
23005,1,300
23013,1,300
23094,1,300
23174,1,300
23182,1,300
23238,1,300
23266,1,300
23480,1,300
23521,1,300
23539,1,300
23635,1,300
23651,1,300
23825,1,300
23847,1,300
23972,1,300
24054,1,300
24071,1,300
24149,1,300
24803,1,300
24822,1,300
25076,1,300
25102,1,300
25131,1,300
25152,1,300
25161,1,300
25212,1,300
25223,1,300
25263,1,300
25282,1,300
25335,1,300
25947,1,300
25960,1,300
26129,1,300
26166,1,300
26214,1,300
26263,1,300
26316,1,300
26361,1,300
26361,1,300
26468,1,300
26470,1,300
26554,1,300
26592,1,300
26731,1,300
27073,1,300
27175,1,300
27297,1,300
27328,1,300
27406,1,300
27417,1,300
27465,1,300
27491,1,300
27525,1,300
27530,1,300
27551,1,300
27879,1,300
27923,1,300
27983,1,300
28013,1,300
28184,1,300
28312,1,300
28354,1,300
28522,1,300
28780,1,300
28809,1,300
28821,1,300
29056,1,300
29070,1,300
29097,1,300
29105,1,300
29126,1,300
29155,1,300
29346,1,300
29365,1,300
29385,1,300
29432,1,300
29463,1,300
30322,1,300
30396,1,300
30486,1,300
30532,1,300
30567,1,300
30732,1,300
30862,1,300
30888,1,300
31011,1,300
31031,1,300
31036,1,300
31068,1,300
31082,1,300
31131,1,300
31208,1,300
31326,1,300
31422,1,300
32030,1,300
32048,1,300
32067,1,300
32076,1,300
32083,1,300
32133,1,300
32206,1,300
32232,1,300
32339,1,300
32376,1,300
32405,1,300
32411,1,300
32416,1,300
32431,1,300
32468,1,300
32500,1,300
32542,1,300
32560,1,300
32605,1,300
32612,1,300
32652,1,300
32656,1,300
32729,1,300
32777,1,300
32784,1,300
32791,1,300
32820,1,300
32861,1,300
32902,1,300
32910,1,300
32920,1,300
32964,1,300
33004,1,300
33004,1,300
33011,1,300
33023,1,300
33077,1,300
33118,1,300
33143,1,300
33147,1,300
33188,1,300
33237,1,300
33258,1,300
33331,1,300
33367,1,300
33383,1,300
33443,1,300
33523,1,300
33561,1,300
33581,1,300
33592,1,300
33626,1,300
33698,1,300
34068,1,300
34116,1,300
34228,1,300
34293,1,300
34366,1,300
34376,1,300
34653,1,300
34748,1,300
34797,1,300
34882,1,300
34918,1,300
34932,1,300
34943,1,300
35006,1,300
35033,1,300
35088,1,300
35095,1,300
35128,1,300
35136,1,300
35209,1,300
35243,1,300
35288,1,300
35295,1,300
35306,1,300
35478,1,300
35783,1,300
35825,1,300
35901,1,300
35932,1,300
35955,1,300
35960,1,300
36094,1,300
36109,1,300
36280,1,300
36336,1,300
36427,1,300
36449,1,300
36548,1,300
36588,1,300
36616,1,300
36632,1,300
36749,1,300
37003,1,300
37009,1,300
37017,1,300
37028,1,300
37162,1,300
37170,1,300
37425,1,300
37443,1,300
37482,1,300
37547,1,300
37598,1,300
37763,1,300
37778,1,300
37832,1,300
37902,1,300
37989,1,300
38065,1,300
38065,1,300
38089,1,300
38129,1,300
38156,1,300
38164,1,300
38183,1,300
38291,1,300
38383,1,300
38440,1,300
38473,1,300
38512,1,300
38522,1,300
38528,1,300
38628,1,300
38645,1,300
39077,1,300
39086,1,300
39101,1,300
39111,1,300
39147,1,300
39281,1,300
39299,1,300
39309,1,300
39341,1,300
39355,1,300
39375,1,300
39572,1,300
39671,1,300
39673,1,300
39705,1,300
39754,1,300
39890,1,300
40011,1,300
40093,1,300
40148,1,300
40286,1,300
40314,1,300
40360,1,300
40481,1,300
40604,1,300
40652,1,300
40694,1,300
40707,1,300
40828,1,300
41051,1,300
41143,1,300
41173,1,300
41238,1,300
41288,1,300
41293,1,300
41295,1,300
41310,1,300
41386,1,300
41388,1,300
41432,1,300
41502,1,300
41521,1,300
41628,1,300
41632,1,300
41801,1,300
42255,1,300
42275,1,300
42335,1,300
42406,1,300
42417,1,300
42473,1,300
42490,1,300
42605,1,300
42608,1,300
42743,1,300
42748,1,300
42782,1,300
42862,1,300
42865,1,300
43128,1,300
43196,1,300
43214,1,300
43301,1,300
43320,1,300
43643,1,300
43707,1,300
43787,1,300
43797,1,300
43828,1,300
43858,1,300
43861,1,300
43872,1,300
43881,1,300
44010,1,300
44016,1,300
44065,1,300
44092,1,300
44113,1,300
44151,1,300
44183,1,300
44197,1,300
44230,1,300
44257,1,300
44292,1,300
44326,1,300
44359,1,300
44371,1,300
44399,1,300
44406,1,300
44406,1,300
44448,1,300
44469,1,300
44504,1,300
44554,1,300
44592,1,300
44644,1,300
44649,1,300
44677,1,300
44696,1,300
44712,1,300
44718,1,300
44721,1,300
44742,1,300
44758,1,300
44804,1,300
44809,1,300
44895,1,300
44915,1,300
44933,1,300
45012,1,300
45023,1,300
45023,1,300
45052,1,300
45071,1,300
45075,1,300
45122,1,300
45234,1,300
45261,1,300
45318,1,300
45328,1,300
45345,1,300
45377,1,300
45377,1,300
45467,1,300
45500,1,300
45530,1,300
45578,1,300
45595,1,300
45637,1,300
45741,1,300
45791,1,300
45833,1,300
45905,1,300
45908,1,300
45911,1,300
45949,1,300
45997,1,300
46028,1,300
46050,1,300
46065,1,300
46107,1,300
46113,1,300
46124,1,300
46129,1,300
46141,1,300
46167,1,300
46182,1,300
46226,1,300
46230,1,300
46252,1,300
46255,1,300
46349,1,300
46420,1,300
46432,1,300
46443,1,300
46444,1,300
46507,1,300
46541,1,300
46544,1,300
46614,1,300
46622,1,300
46623,1,300
46643,1,300
46655,1,300
46682,1,300
46692,1,300
46701,1,300
46744,1,300
46756,1,300
46776,1,300
46832,1,300
46844,1,300
46853,1,300
46865,1,300
47027,1,300
47034,1,300
47119,1,300
47122,1,300
47200,1,300
47218,1,300
47291,1,300
47324,1,300
47337,1,300
47358,1,300
47373,1,300
47432,1,300
47460,1,300
47542,1,300
47543,1,300
47560,1,300
47585,1,300
47600,1,300
47612,1,300
47667,1,300
47672,1,300
47720,1,300
47727,1,300
47735,1,300
47738,1,300
47769,1,300
47867,1,300
47868,1,300
47907,1,300
48018,1,300
48026,1,300
48070,1,300
48092,1,300
48118,1,300
48120,1,300
48138,1,300
48162,1,300
48172,1,300
48223,1,300
48246,1,300
48250,1,300
48257,1,300
48265,1,300
48298,1,300
48321,1,300
48331,1,300
48336,1,300
48336,1,300
48458,1,300
48463,1,300
48489,1,300
48523,1,300
48537,1,300
48581,1,300
48669,1,300
48691,1,300
48704,1,300
48727,1,300
49002,1,300
49007,1,300
49087,1,300
49120,1,300
49128,1,300
49167,1,300
49214,1,300
49222,1,300
49242,1,300
49245,1,300
49257,1,300
49333,1,300
49335,1,300
49361,1,300
49396,1,300
49407,1,300
49476,1,300
49530,1,300
49542,1,300
49585,1,300
49597,1,300
49610,1,300
49626,1,300
49654,1,300
49694,1,300
49699,1,300
49723,1,300
49770,1,300
49788,1,300
49831,1,300
49851,1,300
49860,1,300
49968,1,300
50014,1,300
50088,1,300
50143,1,300
50157,1,300
50165,1,300
50177,1,300
50183,1,300
50201,1,300
50214,1,300
50247,1,300
50263,1,300
50268,1,300
50279,1,300
50385,1,300
50395,1,300
50396,1,300
50408,1,300
50432,1,300
50449,1,300
50456,1,300
50464,1,300
50634,1,300
50647,1,300
50649,1,300
50673,1,300
50703,1,300
50749,1,300
50801,1,300
51019,1,300
51059,1,300
51153,1,300
51190,1,300
51215,1,300
51292,1,300
51303,1,300
51307,1,300
51338,1,300
51361,1,300
51368,1,300
51389,1,300
51437,1,300
51461,1,300
51588,1,300
51590,1,300
51594,1,300
51605,1,300
51642,1,300
51677,1,300
51726,1,300
51726,1,300
51748,1,300
51786,1,300
51822,1,300
51830,1,300
51831,1,300
51891,1,300
51913,1,300
51929,1,300
51930,1,300
52023,1,300
52024,1,300
52076,1,300
52211,1,300
52246,1,300
52264,1,300
52264,1,300
52350,1,300
52403,1,300
52425,1,300
52481,1,300
52489,1,300
52543,1,300
52630,1,300
52647,1,300
52651,1,300
52733,1,300
52786,1,300
52787,1,300
52794,1,300
52826,1,300
52878,1,300
52892,1,300
52896,1,300
52917,1,300
52933,1,300
53046,1,300
53056,1,300
53074,1,300
53090,1,300
53160,1,300
53181,1,300
53203,1,300
53204,1,300
53350,1,300
53403,1,300
53442,1,300
53457,1,300
53509,1,300
53630,1,300
53721,1,300
53736,1,300
53755,1,300
53790,1,300
53905,1,300
53919,1,300
53971,1,300
53978,1,300
54010,1,300
54020,1,300
54025,1,300
54042,1,300
54077,1,300
54084,1,300
54087,1,300
54111,1,300
54146,1,300
54161,1,300
54176,1,300
54177,1,300
54256,1,300
54315,1,300
54315,1,300
54447,1,300
54494,1,300
54546,1,300
54551,1,300
54567,1,300
54599,1,300
54671,1,300
54813,1,300
54848,1,300
54922,1,300
54923,1,300
54931,1,300
54937,1,300
55015,1,300
55033,1,300
55055,1,300
55092,1,300
55099,1,300
55139,1,300
55174,1,300
55232,1,300
55312,1,300
55363,1,300
55460,1,300
55466,1,300
55538,1,300
55543,1,300
55560,1,300
55581,1,300
55603,1,300
55677,1,300
55700,1,300
55715,1,300
55746,1,300
55825,1,300
55845,1,300
55873,1,300
55885,1,300
55980,1,300
56006,1,300
56036,1,300
56039,1,300
56057,1,300
56060,1,300
56093,1,300
56104,1,300
56166,1,300
56167,1,300
56181,1,300
56184,1,300
56188,1,300
56201,1,300
56209,1,300
56226,1,300
56227,1,300
56254,1,300
56254,1,300
56271,1,300
56287,1,300
56292,1,300
56312,1,300
56358,1,300
56374,1,300
56385,1,300
56387,1,300
56391,1,300
56395,1,300
56481,1,300
56538,1,300
56542,1,300
56583,1,300
56613,1,300
56669,1,300
56689,1,300
56693,1,300
56707,1,300
56715,1,300
56722,1,300
56741,1,300
56743,1,300
56834,1,300
56857,1,300
56874,1,300
56888,1,300
56895,1,300
56926,1,300
56947,1,300
56959,1,300
56993,1,300
56995,1,300
56997,1,300
57003,1,300
57023,1,300
57038,1,300
57082,1,300
57086,1,300
57096,1,300
57108,1,300
57118,1,300
57137,1,300
57159,1,300
57159,1,300
57160,1,300
57172,1,300
57175,1,300
57187,1,300
57191,1,300
57193,1,300
57197,1,300
57208,1,300
57235,1,300
57282,1,300
57283,1,300
57339,1,300
57379,1,300
57487,1,300
57515,1,300
57520,1,300
57521,1,300
57554,1,300
57569,1,300
57592,1,300
57613,1,300
57614,1,300
57628,1,300
57672,1,300
57685,1,300
57696,1,300
57748,1,300
57751,1,300
57766,1,300
57811,1,300
57854,1,300
57871,1,300
57931,1,300
57938,1,300
57945,1,300
58020,1,300
58040,1,300
58054,1,300
58056,1,300
58059,1,300
58061,1,300
58066,1,300
58169,1,300
58171,1,300
58209,1,300
58219,1,300
58220,1,300
58226,1,300
58249,1,300
58251,1,300
58256,1,300
58279,1,300
58296,1,300
58305,1,300
58322,1,300
58330,1,300
58344,1,300
58351,1,300
58391,1,300
58395,1,300
58411,1,300
58431,1,300
58434,1,300
58435,1,300
58448,1,300
58449,1,300
58458,1,300
58470,1,300
58478,1,300
58505,1,300
58513,1,300
58532,1,300
58535,1,300
58576,1,300
58648,1,300
58651,1,300
59028,1,300
59038,1,300
59060,1,300
59123,1,300
59216,1,300
59271,1,300
59304,1,300
59325,1,300
59332,1,300
59351,1,300
59392,1,300
59457,1,300
59481,1,300
59500,1,300
59501,1,300
59505,1,300
59506,1,300
59555,1,300
59574,1,300
59577,1,300
59578,1,300
59603,1,300
59635,1,300
59682,1,300
59720,1,300
59810,1,300
59842,1,300
59884,1,300
59899,1,300
59910,1,300
59932,1,300
59969,1,300
59972,1,300
59981,1,300
59989,1,300
60001,1,300
60018,1,300
60079,1,300
60080,1,300
60080,1,300
60127,1,300
60132,1,300
60145,1,300
60154,1,300
60182,1,300
60200,1,300
60203,1,300
60254,1,300
60266,1,300
60284,1,300
60292,1,300
60307,1,300
60344,1,300
60367,1,300
60405,1,300
60410,1,300
60411,1,300
60413,1,300
60442,1,300
60452,1,300
60474,1,300
60477,1,300
60485,1,300
60494,1,300
60553,1,300
60555,1,300
60588,1,300
60597,1,300
60611,1,300
60621,1,300
60625,1,300
60632,1,300
60691,1,300
60876,1,300
60876,1,300
61003,1,300
61013,1,300
61045,1,300
61073,1,300
61077,1,300
61078,1,300
61089,1,300
61107,1,300
61158,1,300
61170,1,300
61180,1,300
61191,1,300
61191,1,300
61236,1,300
61260,1,300
61279,1,300
61287,1,300
61292,1,300
61308,1,300
61321,1,300
61342,1,300
61346,1,300
61419,1,300
61425,1,300
61429,1,300
61451,1,300
61500,1,300
61510,1,300
61520,1,300
61541,1,300
61583,1,300
61587,1,300
61615,1,300
61622,1,300
61634,1,300
61653,1,300
61689,1,300
61743,1,300
61758,1,300
62011,1,300
62019,1,300
62025,1,300
62031,1,300
62090,1,300
62106,1,300
62150,1,300
62154,1,300
62262,1,300
62329,1,300
62373,1,300
62375,1,300
62385,1,300
62409,1,300
62419,1,300
62443,1,300
62472,1,300
62490,1,300
62491,1,300
62496,1,300
62542,1,300
62543,1,300
62598,1,300
62599,1,300
62618,1,300
62623,1,300
62630,1,300
62635,1,300
62694,1,300
62699,1,300
62737,1,300
62888,1,300
62919,1,300
62953,1,300
62997,1,300
62999,1,300
63000,1,300
63008,1,300
63055,1,300
63063,1,300
63117,1,300
63167,1,300
63167,1,300
63247,1,300
63309,1,300
63324,1,300
63352,1,300
63420,1,300
63423,1,300
63450,1,300
63538,1,300
63556,1,300
63562,1,300
63669,1,300
63735,1,300
63753,1,300
63766,1,300
63786,1,300
63823,1,300
63906,1,300
63930,1,300
63932,1,300
63945,1,300
63950,1,300
63957,1,300
64007,1,300
64015,1,300
64027,1,300
64034,1,300
64059,1,300
64106,1,300
64129,1,300
64129,1,300
64133,1,300
64144,1,300
64205,1,300
64225,1,300
64225,1,300
64227,1,300
64239,1,300
64242,1,300
64258,1,300
64261,1,300
64264,1,300
64271,1,300
64284,1,300
64295,1,300
64318,1,300
64326,1,300
64347,1,300
64396,1,300
64402,1,300
64403,1,300
64447,1,300
64451,1,300
64461,1,300
64467,1,300
64561,1,300
64569,1,300
64571,1,300
64599,1,300
64603,1,300
64646,1,300
64668,1,300
64688,1,300
64708,1,300
64753,1,300
64760,1,300
64766,1,300
64820,1,300
64848,1,300
64856,1,300
64965,1,300
65014,1,300
65022,1,300
65022,1,300
65025,1,300
65037,1,300
65062,1,300
65119,1,300
65120,1,300
65136,1,300
65158,1,300
65234,1,300
65309,1,300
65350,1,300
65377,1,300
65384,1,300
65447,1,300
65449,1,300
65505,1,300
65548,1,300
65593,1,300
65604,1,300
65618,1,300
65629,1,300
65662,1,300
65713,1,300
65719,1,300
65734,1,300
65778,1,300
65852,1,300
65887,1,300
65903,1,300
65943,1,300
65955,1,300
65969,1,300
65974,1,300
66012,1,300
66037,1,300
66040,1,300
66075,1,300
66086,1,300
66093,1,300
66102,1,300
66109,1,300
66110,1,300
66117,1,300
66118,1,300
66132,1,300
66132,1,300
66219,1,300
66221,1,300
66233,1,300
66272,1,300
66272,1,300
66286,1,300
66326,1,300
66371,1,300
66372,1,300
66372,1,300
66384,1,300
66395,1,300
66456,1,300
66463,1,300
66490,1,300
66530,1,300
66597,1,300
66599,1,300
66602,1,300
66630,1,300
66669,1,300
66684,1,300
66712,1,300
66714,1,300
66717,1,300
66722,1,300
66764,1,300
66807,1,300
66850,1,300
66857,1,300
66866,1,300
66872,1,300
67014,1,300
67060,1,300
67065,1,300
67084,1,300
67113,1,300
67132,1,300
67186,1,300
67189,1,300
67204,1,300
67205,1,300
67219,1,300
67230,1,300
67245,1,300
67248,1,300
67273,1,300
67324,1,300
67395,1,300
67399,1,300
67403,1,300
67473,1,300
67491,1,300
67512,1,300
67513,1,300
67521,1,300
67530,1,300
67557,1,300
67636,1,300
67647,1,300
67748,1,300
67761,1,300
67764,1,300
67776,1,300
67831,1,300
67832,1,300
67871,1,300
67893,1,300
67935,1,300
67976,1,300
68001,1,300
68007,1,300
68016,1,300
68022,1,300
68028,1,300
68029,1,300
68038,1,300
68048,1,300
68083,1,300
68084,1,300
68088,1,300
68106,1,300
68109,1,300
68160,1,300
68168,1,300
68174,1,300
68241,1,300
68257,1,300
68287,1,300
68316,1,300
68319,1,300
68341,1,300
68359,1,300
68361,1,300
68375,1,300
68391,1,300
68394,1,300
68461,1,300
68481,1,300
68486,1,300
68516,1,300
68540,1,300
68545,1,300
68549,1,300
68554,1,300
68562,1,300
68589,1,300
68628,1,300
68656,1,300
68668,1,300
68677,1,300
68679,1,300
68681,1,300
68703,1,300
68758,1,300
68766,1,300
68772,1,300
68773,1,300
68778,1,300
68838,1,300
68845,1,300
68845,1,300
68877,1,300
68878,1,300
68879,1,300
68939,1,300
68944,1,300
68947,1,300
68980,1,300
68980,1,300
68991,1,300
68991,1,300
69002,1,300
69019,1,300
69029,1,300
69043,1,300
69066,1,300
69070,1,300
69075,1,300
69075,1,300
69079,1,300
69080,1,300
69087,1,300
69089,1,300
69090,1,300
69091,1,300
69118,1,300
69121,1,300
69144,1,300
69144,1,300
69161,1,300
69171,1,300
69190,1,300
69193,1,300
69198,1,300
69213,1,300
69213,1,300
69216,1,300
69233,1,300
69235,1,300
69273,1,300
69277,1,300
69288,1,300
69322,1,300
69369,1,300
69376,1,300
69380,1,300
69426,1,300
69453,1,300
69479,1,300
69526,1,300
69544,1,300
69547,1,300
69550,1,300
69562,1,300
69565,1,300
69570,1,300
69581,1,300
69598,1,300
69600,1,300
69634,1,300
69646,1,300
69653,1,300
69659,1,300
69661,1,300
69700,1,300
69719,1,300
69751,1,300
69786,1,300
69790,1,300
69832,1,300
69857,1,300
69873,1,300
69889,1,300
69896,1,300
69917,1,300
69926,1,300
69965,1,300
69980,1,300
69984,1,300
69986,1,300
69995,1,300
70027,1,300
70032,1,300
70038,1,300
70040,1,300
70048,1,300
70058,1,300
70060,1,300
70084,1,300
70087,1,300
70100,1,300
70125,1,300
70128,1,300
70206,1,300
70234,1,300
70235,1,300
70245,1,300
70279,1,300
70308,1,300
70313,1,300
70320,1,300
70334,1,300
70350,1,300
70361,1,300
70365,1,300
70374,1,300
70386,1,300
70450,1,300
70546,1,300
70547,1,300
70547,1,300
70547,1,300
70575,1,300
70596,1,300
70598,1,300
70624,1,300
70664,1,300
70668,1,300
70688,1,300
70716,1,300
70717,1,300
70718,1,300
70722,1,300
70725,1,300
70746,1,300
70765,1,300
70799,1,300
70806,1,300
70832,1,300
70849,1,300
70855,1,300
70856,1,300
70865,1,300
70914,1,300
70926,1,300
70938,1,300
70948,1,300
70953,1,300
70972,1,300
70987,1,300
71006,1,300
71014,1,300
71032,1,300
71042,1,300
71042,1,300
71071,1,300
71091,1,300
71101,1,300
71145,1,300
71173,1,300
71176,1,300
71189,1,300
71212,1,300
71222,1,300
71225,1,300
71283,1,300
71375,1,300
71377,1,300
71386,1,300
71402,1,300
71403,1,300
71404,1,300
71415,1,300
71430,1,300
71439,1,300
71444,1,300
71448,1,300
71458,1,300
71459,1,300
71471,1,300
71517,1,300
71517,1,300
71518,1,300
71541,1,300
71545,1,300
71551,1,300
71564,1,300
71591,1,300
71657,1,300
71662,1,300
71696,1,300
71700,1,300
71718,1,300
71791,1,300
71815,1,300
71885,1,300
71887,1,300
71926,1,300
71930,1,300
71960,1,300
71965,1,300
71978,1,300
71987,1,300
72006,1,300
72008,1,300
72018,1,300
72019,1,300
72026,1,300
72032,1,300
72036,1,300
72048,1,300
72062,1,300
72067,1,300
72080,1,300
72090,1,300
72095,1,300
72117,1,300
72139,1,300
72154,1,300
72159,1,300
72169,1,300
72186,1,300
72198,1,300
72236,1,300
72276,1,300
72278,1,300
72279,1,300
72284,1,300
72326,1,300
72330,1,300
72355,1,300
72390,1,300
72412,1,300
72421,1,300
72427,1,300
72435,1,300
72447,1,300
72481,1,300
72491,1,300
72496,1,300
72496,1,300
72553,1,300
72568,1,300
72624,1,300
72635,1,300
72651,1,300
72652,1,300
72669,1,300
72671,1,300
72677,1,300
72713,1,300
72718,1,300
72726,1,300
72741,1,300
72752,1,300
72759,1,300
72761,1,300
72787,1,300
72805,1,300
72885,1,300
72930,1,300
73005,1,300
73040,1,300
73040,1,300
73050,1,300
73056,1,300
73071,1,300
73080,1,300
73083,1,300
73086,1,300
73132,1,300
73143,1,300
73144,1,300
73153,1,300
73162,1,300
73220,1,300
73225,1,300
73234,1,300
73249,1,300
73250,1,300
73289,1,300
73338,1,300
73340,1,300
73349,1,300
73356,1,300
73378,1,300
73385,1,300
73388,1,300
73399,1,300
73412,1,300
73432,1,300
73448,1,300
73466,1,300
73471,1,300
73498,1,300
73513,1,300
73527,1,300
73542,1,300
73545,1,300
73611,1,300
73616,1,300
73634,1,300
73652,1,300
73665,1,300
73677,1,300
73685,1,300
73706,1,300
73736,1,300
73747,1,300
73774,1,300
73774,1,300
73785,1,300
73803,1,300
73807,1,300
73817,1,300
73844,1,300
73845,1,300
73870,1,300
74013,1,300
74014,1,300
74079,1,300
74080,1,300
74123,1,300
74140,1,300
74146,1,300
74163,1,300
74175,1,300
74185,1,300
74205,1,300
74207,1,300
74207,1,300
74234,1,300
74245,1,300
74252,1,300
74280,1,300
74290,1,300
74312,1,300
74352,1,300
74377,1,300
74380,1,300
74382,1,300
74387,1,300
74393,1,300
74438,1,300
74439,1,300
74439,1,300
74449,1,300
74457,1,300
74484,1,300
74485,1,300
74489,1,300
74513,1,300
74542,1,300
74567,1,300
74593,1,300
74613,1,300
74640,1,300
74646,1,300
74675,1,300
74725,1,300
74761,1,300
74761,1,300
74771,1,300
74788,1,300
74788,1,300
74796,1,300
74806,1,300
74818,1,300
74824,1,300
74861,1,300
74862,1,300
74868,1,300
74894,1,300
75003,1,300
75004,1,300
75032,1,300
75095,1,300
75099,1,300
75150,1,300
75178,1,300
75190,1,300
75192,1,300
75210,1,300
75217,1,300
75218,1,300
75256,1,300
75263,1,300
75279,1,300
75344,1,300
75358,1,300
75432,1,300
75440,1,300
75444,1,300
75446,1,300
75484,1,300
75505,1,300
75507,1,300
75542,1,300
75565,1,300
75571,1,300
75575,1,300
75579,1,300
75647,1,300
75650,1,300
75684,1,300
75685,1,300
75689,1,300
75715,1,300
75717,1,300
75729,1,300
75740,1,300
75762,1,300
75795,1,300
75810,1,300
75858,1,300
75865,1,300
75880,1,300
75904,1,300
75910,1,300
75942,1,300
75974,1,300
75983,1,300
76002,1,300
76006,1,300
76038,1,300
76047,1,300
76087,1,300
76111,1,300
76112,1,300
76114,1,300
76116,1,300
76121,1,300
76123,1,300
76147,1,300
76183,1,300
76200,1,300
76245,1,300
76285,1,300
76315,1,300
76315,1,300
76317,1,300
76317,1,300
76372,1,300
76428,1,300
76437,1,300
76458,1,300
76477,1,300
76484,1,300
76497,1,300
76532,1,300
76569,1,300
76581,1,300
76584,1,300
76584,1,300
76616,1,300
76628,1,300
76642,1,300
76647,1,300
76673,1,300
76704,1,300
76710,1,300
76715,1,300
76720,1,300
76729,1,300
76783,1,300
76812,1,300
76838,1,300
76904,1,300
76907,1,300
76939,1,300
76970,1,300
76973,1,300
76976,1,300
76992,1,300
77007,1,300
77019,1,300
77027,1,300
77032,1,300
77039,1,300
77041,1,300
77046,1,300
77087,1,300
77100,1,300
77103,1,300
77106,1,300
77118,1,300
77124,1,300
77129,1,300
77138,1,300
77148,1,300
77217,1,300
77220,1,300
77229,1,300
77259,1,300
77267,1,300
77285,1,300
77306,1,300
77330,1,300
77336,1,300
77351,1,300
77372,1,300
77386,1,300
77399,1,300
77459,1,300
77466,1,300
77479,1,300
77499,1,300
77511,1,300
77513,1,300
77535,1,300
77537,1,300
77538,1,300
77540,1,300
77564,1,300
77583,1,300
77593,1,300
77641,1,300
77641,1,300
77657,1,300
77663,1,300
77666,1,300
77676,1,300
77712,1,300
77733,1,300
77737,1,300
77742,1,300
77754,1,300
77790,1,300
77791,1,300
77812,1,300
77821,1,300
77835,1,300
77860,1,300
77865,1,300
77891,1,300
77983,1,300
77986,1,300
78014,1,300
78049,1,300
78090,1,300
78103,1,300
78123,1,300
78214,1,300
78227,1,300
78250,1,300
78299,1,300
78327,1,300
78332,1,300
78335,1,300
78337,1,300
78349,1,300
78352,1,300
78366,1,300
78379,1,300
78401,1,300
78431,1,300
78432,1,300
78493,1,300
78628,1,300
78637,1,300
78643,1,300
78664,1,300
78670,1,300
78673,1,300
78676,1,300
78678,1,300
78711,1,300
78718,1,300
78801,1,300
78835,1,300
78932,1,300
78943,1,300
78960,1,300
78964,1,300
78979,1,300
78980,1,300
78991,1,300
79012,1,300
79019,1,300
79039,1,300
79049,1,300
79054,1,300
79060,1,300
79073,1,300
79085,1,300
79086,1,300
79090,1,300
79095,1,300
79108,1,300
79108,1,300
79166,1,300
79191,1,300
79204,1,300
79205,1,300
79209,1,300
79209,1,300
79210,1,300
79211,1,300
79231,1,300
79238,1,300
79244,1,300
79256,1,300
79261,1,300
79262,1,300
79277,1,300
79279,1,300
79283,1,300
79302,1,300
79312,1,300
79324,1,300
79326,1,300
79341,1,300
79348,1,300
79372,1,300
79425,1,300
79432,1,300
79476,1,300
79488,1,300
79575,1,300
79587,1,300
79597,1,300
79612,1,300
79612,1,300
79639,1,300
79677,1,300
79693,1,300
79771,1,300
79772,1,300
79905,1,300
80004,1,300
80006,1,300
80007,1,300
80007,1,300
80024,1,300
80025,1,300
80031,1,300
80032,1,300
80038,1,300
80040,1,300
80050,1,300
80060,1,300
80073,1,300
80076,1,300
80088,1,300
80090,1,300
80097,1,300
80101,1,300
80103,1,300
80108,1,300
80113,1,300
80116,1,300
80121,1,300
80125,1,300
80128,1,300
80137,1,300
80138,1,300
80139,1,300
80157,1,300
80160,1,300
80162,1,300
80163,1,300
80169,1,300
80174,1,300
80187,1,300
80231,1,300
80232,1,300
80234,1,300
80285,1,300
80334,1,300
80347,1,300
80348,1,300
80356,1,300
80368,1,300
80370,1,300
80374,1,300
80394,1,300
80397,1,300
80400,1,300
80409,1,300
80414,1,300
80421,1,300
80433,1,300
80452,1,300
80469,1,300
80474,1,300
80489,1,300
80492,1,300
80500,1,300
80505,1,300
80507,1,300
80531,1,300
80534,1,300
80537,1,300
80557,1,300
80593,1,300
80596,1,300
80599,1,300
80630,1,300
80659,1,300
80662,1,300
80663,1,300
80698,1,300
80721,1,300
80733,1,300
80746,1,300
80754,1,300
80793,1,300
80833,1,300
80842,1,300
80846,1,300
80864,1,300
80895,1,300
80904,1,300
80912,1,300
80921,1,300
80929,1,300
80938,1,300
80940,1,300
81024,1,300
81049,1,300
81058,1,300
81081,1,300
81103,1,300
81114,1,300
81115,1,300
81125,1,300
81131,1,300
81139,1,300
81142,1,300
81151,1,300
81171,1,300
81179,1,300
81213,1,300
81222,1,300
81227,1,300
81228,1,300
81250,1,300
81255,1,300
81266,1,300
81271,1,300
81276,1,300
81312,1,300
81319,1,300
81373,1,300
81405,1,300
81434,1,300
81446,1,300
81462,1,300
81475,1,300
81492,1,300
81509,1,300
81510,1,300
81517,1,300
81560,1,300
81579,1,300
81580,1,300
81585,1,300
81608,1,300
81610,1,300
81612,1,300
81651,1,300
81704,1,300
81732,1,300
81743,1,300
81761,1,300
81788,1,300
81789,1,300
81800,1,300
81801,1,300
81825,1,300
81845,1,300
81847,1,300
81854,1,300
81861,1,300
81891,1,300
81907,1,300
81925,1,300
81927,1,300
81941,1,300
81980,1,300
81981,1,300
81995,1,300
82007,1,300
82027,1,300
82035,1,300
82056,1,300
82067,1,300
82094,1,300
82108,1,300
82112,1,300
82143,1,300
82150,1,300
82167,1,300
82179,1,300
82180,1,300
82231,1,300
82235,1,300
82238,1,300
82246,1,300
82249,1,300
82262,1,300
82271,1,300
82282,1,300
82288,1,300
82324,1,300
82335,1,300
82361,1,300
82390,1,300
82406,1,300
82413,1,300
82413,1,300
82436,1,300
82440,1,300
82448,1,300
82456,1,300
82465,1,300
82467,1,300
82497,1,300
82509,1,300
82521,1,300
82521,1,300
82523,1,300
82540,1,300
82574,1,300
82596,1,300
82605,1,300
82616,1,300
82621,1,300
82658,1,300
82664,1,300
82669,1,300
82675,1,300
82688,1,300
82720,1,300
82732,1,300
82750,1,300
82753,1,300
82761,1,300
82775,1,300
82803,1,300
82820,1,300
82825,1,300
82851,1,300
82881,1,300
82890,1,300
83000,1,300
83019,1,300
83033,1,300
83039,1,300
83097,1,300
83122,1,300
83139,1,300
83146,1,300
83155,1,300
83160,1,300
83177,1,300
83179,1,300
83183,1,300
83210,1,300
83212,1,300
83213,1,300
83263,1,300
83274,1,300
83276,1,300
83285,1,300
83320,1,300
83326,1,300
83337,1,300
83343,1,300
83354,1,300
83372,1,300
83376,1,300
83387,1,300
83406,1,300
83438,1,300
83464,1,300
83489,1,300
83498,1,300
83526,1,300
83528,1,300
83610,1,300
83642,1,300
83672,1,300
83762,1,300
83775,1,300
83783,1,300
83791,1,300
83801,1,300
83807,1,300
83809,1,300
83830,1,300
83841,1,300
83842,1,300
83860,1,300
83864,1,300
83918,1,300
83921,1,300
83939,1,300
83988,1,300
84003,1,300
84015,1,300
84020,1,300
84021,1,300
84028,1,300
84040,1,300
84043,1,300
84047,1,300
84064,1,300
84076,1,300
84078,1,300
84083,1,300
84083,1,300
84095,1,300
84113,1,300
84132,1,300
84137,1,300
84139,1,300
84146,1,300
84205,1,300
84238,1,300
84245,1,300
84336,1,300
84362,1,300
84368,1,300
84373,1,300
84373,1,300
84375,1,300
84380,1,300
84380,1,300
84385,1,300
84399,1,300
84404,1,300
84413,1,300
84415,1,300
84415,1,300
84429,1,300
84431,1,300
84435,1,300
84437,1,300
84460,1,300
84492,1,300
84496,1,300
84544,1,300
84577,1,300
84583,1,300
84603,1,300
84614,1,300
84620,1,300
84623,1,300
84623,1,300
84628,1,300
84631,1,300
84638,1,300
84653,1,300
84662,1,300
84665,1,300
84666,1,300
84682,1,300
84779,1,300
84784,1,300
84786,1,300
84791,1,300
84792,1,300
84902,1,300
84914,1,300
84917,1,300
85062,1,300
85086,1,300
85089,1,300
85147,1,300
85171,1,300
85177,1,300
85187,1,300
85195,1,300
85245,1,300
85256,1,300
85273,1,300
85318,1,300
85332,1,300
85335,1,300
85356,1,300
85378,1,300
85383,1,300
85387,1,300
85418,1,300
85423,1,300
85429,1,300
85433,1,300
85454,1,300
85478,1,300
85503,1,300
85508,1,300
85558,1,300
85563,1,300
85578,1,300
85587,1,300
85591,1,300
85602,1,300
85614,1,300
85615,1,300
85618,1,300
85624,1,300
85629,1,300
85667,1,300
85779,1,300
85807,1,300
85809,1,300
85845,1,300
85848,1,300
85859,1,300
85865,1,300
85884,1,300
85885,1,300
85900,1,300
85901,1,300
85909,1,300
85934,1,300
85935,1,300
85949,1,300
85950,1,300
85953,1,300
85957,1,300
86058,1,300
86061,1,300
86063,1,300
86072,1,300
86075,1,300
86087,1,300
86088,1,300
86105,1,300
86106,1,300
86116,1,300
86143,1,300
86181,1,300
86231,1,300
86252,1,300
86306,1,300
86331,1,300
86368,1,300
86396,1,300
86397,1,300
86404,1,300
86413,1,300
86461,1,300
86512,1,300
86515,1,300
86521,1,300
86521,1,300
86532,1,300
86533,1,300
86582,1,300
86583,1,300
86600,1,300
86615,1,300
86622,1,300
86639,1,300
86644,1,300
86648,1,300
86706,1,300
86735,1,300
86763,1,300
86766,1,300
86769,1,300
86774,1,300
86775,1,300
86793,1,300
86807,1,300
86811,1,300
86844,1,300
86865,1,300
86879,1,300
86927,1,300
86955,1,300
86967,1,300
86975,1,300
86979,1,300
86981,1,300
86984,1,300
86993,1,300
87004,1,300
87007,1,300
87013,1,300
87013,1,300
87024,1,300
87035,1,300
87039,1,300
87040,1,300
87041,1,300
87042,1,300
87064,1,300
87072,1,300
87087,1,300
87122,1,300
87127,1,300
87130,1,300
87137,1,300
87157,1,300
87160,1,300
87162,1,300
87171,1,300
87171,1,300
87183,1,300
87192,1,300
87209,1,300
87258,1,300
87258,1,300
87267,1,300
87293,1,300
87317,1,300
87317,1,300
87327,1,300
87333,1,300
87357,1,300
87364,1,300
87389,1,300
87389,1,300
87400,1,300
87403,1,300
87418,1,300
87435,1,300
87446,1,300
87487,1,300
87513,1,300
87546,1,300
87550,1,300
87582,1,300
87584,1,300
87602,1,300
87619,1,300
87620,1,300
87625,1,300
87649,1,300
87675,1,300
87675,1,300
87683,1,300
87683,1,300
87694,1,300
87698,1,300
87700,1,300
87730,1,300
87757,1,300
87774,1,300
87781,1,300
87783,1,300
87804,1,300
87827,1,300
87831,1,300
87848,1,300
87858,1,300
87859,1,300
87868,1,300
87871,1,300
88035,1,300
88041,1,300
88042,1,300
88050,1,300
88071,1,300
88091,1,300
88106,1,300
88125,1,300
88153,1,300
88184,1,300
88197,1,300
88218,1,300
88259,1,300
88279,1,300
88282,1,300
88287,1,300
88295,1,300
88311,1,300
88329,1,300
88331,1,300
88337,1,300
88346,1,300
88349,1,300
88351,1,300
88355,1,300
88362,1,300
88422,1,300
88507,1,300
88578,1,300
88591,1,300
88605,1,300
88626,1,300
88654,1,300
88658,1,300
88675,1,300
88687,1,300
88693,1,300
88699,1,300
88715,1,300
88745,1,300
88770,1,300
88776,1,300
88784,1,300
88786,1,300
88788,1,300
88797,1,300
88813,1,300
88857,1,300
88880,1,300
88891,1,300
88913,1,300
88919,1,300
88934,1,300
88966,1,300
88980,1,300
89018,1,300
89021,1,300
89037,1,300
89055,1,300
89060,1,300
89062,1,300
89062,1,300
89063,1,300
89065,1,300
89081,1,300
89119,1,300
89121,1,300
89125,1,300
89137,1,300
89139,1,300
89148,1,300
89194,1,300
89196,1,300
89207,1,300
89229,1,300
89234,1,300
89257,1,300
89263,1,300
89269,1,300
89299,1,300
89326,1,300
89329,1,300
89337,1,300
89375,1,300
89378,1,300
89393,1,300
89431,1,300
89432,1,300
89463,1,300
89475,1,300
89485,1,300
89534,1,300
89563,1,300
89565,1,300
89589,1,300
89651,1,300
89655,1,300
89678,1,300
89689,1,300
89720,1,300
89748,1,300
89764,1,300
89768,1,300
89816,1,300
89816,1,300
89833,1,300
89837,1,300
89855,1,300
89861,1,300
89874,1,300
89880,1,300
89889,1,300
89893,1,300
89909,1,300
89914,1,300
89983,1,300
90025,1,300
90036,1,300
90053,1,300
90061,1,300
90089,1,300
90113,1,300
90142,1,300
90161,1,300
90172,1,300
90214,1,300
90241,1,300
90247,1,300
90252,1,300
90279,1,300
90290,1,300
90301,1,300
90317,1,300
90385,1,300
90407,1,300
90411,1,300
90413,1,300
90418,1,300
90451,1,300
90461,1,300
90471,1,300
90496,1,300
90500,1,300
90537,1,300
90540,1,300
90554,1,300
90560,1,300
90583,1,300
90603,1,300
90615,1,300
90616,1,300
90622,1,300
90639,1,300
90657,1,300
90660,1,300
90662,1,300
90684,1,300
90689,1,300
90712,1,300
90754,1,300
90771,1,300
90771,1,300
90779,1,300
90802,1,300
90805,1,300
90881,1,300
90884,1,300
90899,1,300
91006,1,300
91015,1,300
91015,1,300
91032,1,300
91040,1,300
91045,1,300
91046,1,300
91053,1,300
91073,1,300
91083,1,300
91089,1,300
91090,1,300
91102,1,300
91102,1,300
91124,1,300
91131,1,300
91178,1,300
91188,1,300
91194,1,300
91207,1,300
91261,1,300
91292,1,300
91307,1,300
91310,1,300
91313,1,300
91323,1,300
91332,1,300
91346,1,300
91385,1,300
91403,1,300
91412,1,300
91454,1,300
91465,1,300
91508,1,300
91528,1,300
91543,1,300
91548,1,300
91573,1,300
91587,1,300
91608,1,300
91613,1,300
91614,1,300
91624,1,300
91627,1,300
91632,1,300
91643,1,300
91651,1,300
91658,1,300
91690,1,300
91718,1,300
91729,1,300
91751,1,300
91781,1,300
91791,1,300
91800,1,300
91803,1,300
91811,1,300
91811,1,300
91815,1,300
91845,1,300
91864,1,300
91882,1,300
91891,1,300
91910,1,300
91914,1,300
91965,1,300
92001,1,300
92012,1,300
92016,1,300
92016,1,300
92048,1,300
92066,1,300
92068,1,300
92076,1,300
92080,1,300
92134,1,300
92138,1,300
92152,1,300
92156,1,300
92157,1,300
92165,1,300
92177,1,300
92198,1,300
92210,1,300
92245,1,300
92258,1,300
92263,1,300
92267,1,300
92268,1,300
92269,1,300
92275,1,300
92287,1,300
92295,1,300
92300,1,300
92315,1,300
92329,1,300
92362,1,300
92367,1,300
92390,1,300
92393,1,300
92402,1,300
92413,1,300
92424,1,300
92427,1,300
92429,1,300
92433,1,300
92436,1,300
92439,1,300
92457,1,300
92512,1,300
92522,1,300
92536,1,300
92559,1,300
92569,1,300
92595,1,300
92611,1,300
92614,1,300
92627,1,300
92649,1,300
92654,1,300
92666,1,300
92681,1,300
92682,1,300
92700,1,300
92721,1,300
92723,1,300
92747,1,300
92750,1,300
92767,1,300
92835,1,300
92853,1,300
92856,1,300
92865,1,300
92880,1,300
92889,1,300
92889,1,300
92892,1,300
92899,1,300
92902,1,300
92907,1,300
92917,1,300
92923,1,300
92928,1,300
92940,1,300
92942,1,300
92951,1,300
92965,1,300
92971,1,300
93000,1,300
93003,1,300
93005,1,300
93008,1,300
93010,1,300
93011,1,300
93012,1,300
93013,1,300
93014,1,300
93033,1,300
93035,1,300
93045,1,300
93051,1,300
93052,1,300
93053,1,300
93054,1,300
93065,1,300
93065,1,300
93067,1,300
93082,1,300
93093,1,300
93132,1,300
93156,1,300
93163,1,300
93165,1,300
93165,1,300
93173,1,300
93179,1,300
93185,1,300
93202,1,300
93202,1,300
93207,1,300
93212,1,300
93238,1,300
93240,1,300
93263,1,300
93268,1,300
93292,1,300
93302,1,300
93315,1,300
93331,1,300
93334,1,300
93345,1,300
93357,1,300
93363,1,300
93378,1,300
93383,1,300
93384,1,300
93392,1,300
93401,1,300
93404,1,300
93404,1,300
93441,1,300
93444,1,300
93455,1,300
93455,1,300
93466,1,300
93506,1,300
93526,1,300
93534,1,300
93545,1,300
93574,1,300
93581,1,300
93601,1,300
93623,1,300
93624,1,300
93627,1,300
93627,1,300
93637,1,300
93667,1,300
93712,1,300
93739,1,300
93739,1,300
93754,1,300
93777,1,300
93784,1,300
94007,1,300
94033,1,300
94047,1,300
94064,1,300
94118,1,300
94122,1,300
94138,1,300
94153,1,300
94171,1,300
94185,1,300
94187,1,300
94225,1,300
94305,1,300
94308,1,300
94312,1,300
94355,1,300
94396,1,300
94397,1,300
94413,1,300
94413,1,300
94437,1,300
94438,1,300
94439,1,300
94442,1,300
94451,1,300
94494,1,300
94496,1,300
94503,1,300
94506,1,300
94522,1,300
94546,1,300
94549,1,300
94553,1,300
94557,1,300
94564,1,300
94574,1,300
94588,1,300
94589,1,300
94618,1,300
94638,1,300
94662,1,300
94675,1,300
94698,1,300
94713,1,300
94737,1,300
94753,1,300
94756,1,300
94767,1,300
94778,1,300
94786,1,300
94794,1,300
94803,1,300
94817,1,300
94822,1,300
94839,1,300
94874,1,300
94897,1,300
94913,1,300
94918,1,300
94949,1,300
94960,1,300
95015,1,300
95019,1,300
95021,1,300
95024,1,300
95024,1,300
95040,1,300
95046,1,300
95057,1,300
95059,1,300
95084,1,300
95092,1,300
95105,1,300
95120,1,300
95130,1,300
95146,1,300
95185,1,300
95194,1,300
95213,1,300
95220,1,300
95234,1,300
95236,1,300
95242,1,300
95290,1,300
95290,1,300
95334,1,300
95397,1,300
95412,1,300
95418,1,300
95423,1,300
95432,1,300
95437,1,300
95446,1,300
95457,1,300
95485,1,300
95510,1,300
95515,1,300
95522,1,300
95550,1,300
95565,1,300
95572,1,300
95574,1,300
95577,1,300
95592,1,300
95596,1,300
95603,1,300
95623,1,300
95624,1,300
95654,1,300
95659,1,300
95665,1,300
95670,1,300
95720,1,300
95725,1,300
95728,1,300
95731,1,300
95732,1,300
95734,1,300
95738,1,300
95741,1,300
95749,1,300
95764,1,300
95766,1,300
95852,1,300
95855,1,300
95907,1,300
95909,1,300
95938,1,300
95943,1,300
95951,1,300
96005,1,300
96010,1,300
96037,1,300
96048,1,300
96049,1,300
96052,1,300
96057,1,300
96085,1,300
96092,1,300
96096,1,300
96097,1,300
96111,1,300
96129,1,300
96161,1,300
96192,1,300
96195,1,300
96198,1,300
96202,1,300
96203,1,300
96234,1,300
96244,1,300
96255,1,300
96259,1,300
96283,1,300
96286,1,300
96296,1,300
96297,1,300
96321,1,300
96342,1,300
96345,1,300
96351,1,300
96355,1,300
96391,1,300
96402,1,300
96419,1,300
96429,1,300
96435,1,300
96498,1,300
96500,1,300
96510,1,300
96609,1,300
96622,1,300
96665,1,300
96667,1,300
96692,1,300
96698,1,300
96700,1,300
96707,1,300
96719,1,300
96726,1,300
96748,1,300
96817,1,300
96827,1,300
96832,1,300
96833,1,300
96839,1,300
96840,1,300
96844,1,300
96865,1,300
96875,1,300
96917,1,300
97011,1,300
97014,1,300
97028,1,300
97035,1,300
97104,1,300
97111,1,300
97121,1,300
97127,1,300
97138,1,300
97155,1,300
97205,1,300
97232,1,300
97259,1,300
97273,1,300
97279,1,300
97279,1,300
97292,1,300
97303,1,300
97309,1,300
97312,1,300
97332,1,300
97335,1,300
97346,1,300
97350,1,300
97371,1,300
97372,1,300
97378,1,300
97420,1,300
97428,1,300
97437,1,300
97442,1,300
97457,1,300
97460,1,300
97464,1,300
97471,1,300
97474,1,300
97475,1,300
97487,1,300
97498,1,300
97501,1,300
97549,1,300
97560,1,300
97562,1,300
97564,1,300
97594,1,300
97613,1,300
97614,1,300
97633,1,300
97642,1,300
97653,1,300
97712,1,300
97726,1,300
97735,1,300
97748,1,300
97751,1,300
97774,1,300
97788,1,300
97803,1,300
97840,1,300
97874,1,300
97943,1,300
98001,1,300
98046,1,300
98050,1,300
98055,1,300
98075,1,300
98081,1,300
98091,1,300
98105,1,300
98116,1,300
98136,1,300
98163,1,300
98166,1,300
98168,1,300
98178,1,300
98183,1,300
98185,1,300
98208,1,300
98210,1,300
98253,1,300
98269,1,300
98283,1,300
98294,1,300
98338,1,300
98368,1,300
98379,1,300
98392,1,300
98398,1,300
98416,1,300
98418,1,300
98454,1,300
98456,1,300
98467,1,300
98474,1,300
98481,1,300
98519,1,300
98543,1,300
98564,1,300
98578,1,300
98597,1,300
98599,1,300
98634,1,300
98646,1,300
98649,1,300
98710,1,300
98720,1,300
98744,1,300
98797,1,300
98802,1,300
98810,1,300
98815,1,300
98820,1,300
98829,1,300
98838,1,300
98858,1,300
98871,1,300
98876,1,300
98910,1,300
98919,1,300
98924,1,300
98926,1,300
98928,1,300
99007,1,300
99014,1,300
99025,1,300
99035,1,300
99096,1,300
99125,1,300
99144,1,300
99179,1,300
99179,1,300
99214,1,300
99222,1,300
99240,1,300
99295,1,300
99296,1,300
99312,1,300
99314,1,300
99331,1,300
99370,1,300
99403,1,300
99440,1,300
99457,1,300
99466,1,300
99507,1,300
99513,1,300
99522,1,300
99568,1,300
99577,1,300
99589,1,300
99597,1,300
99627,1,300
99640,1,300
99661,1,300
99666,1,300
99673,1,300
99679,1,300
99686,1,300
99696,1,300
99710,1,300
99721,1,300
99726,1,300
99743,1,300
99770,1,300
99775,1,300
99781,1,300
99785,1,300
99792,1,300
99820,1,300
99832,1,300
99857,1,300
99862,1,300
99902,1,300
99917,1,300
99940,1,300
99940,1,300
99941,1,300
99953,1,300
100009,1,300
100019,1,300
100048,1,300
100061,1,300
100078,1,300
100101,1,300
100113,1,300
100128,1,300
100129,1,300
100140,1,300
100164,1,300
100172,1,300
100205,1,300
100250,1,300
100282,1,300
100292,1,300
100295,1,300
100343,1,300
100344,1,300
100370,1,300
100477,1,300
100480,1,300
100491,1,300
100506,1,300
100514,1,300
100560,1,300
100564,1,300
100602,1,300
100642,1,300
100645,1,300
100649,1,300
100650,1,300
100659,1,300
100667,1,300
100678,1,300
100684,1,300
100699,1,300
100707,1,300
100751,1,300
100760,1,300
100801,1,300
100859,1,300
100883,1,300
100917,1,300
100959,1,300
100965,1,300
101015,1,300
101021,1,300
101023,1,300
101042,1,300
101050,1,300
101051,1,300
101059,1,300
101064,1,300
101068,1,300
101079,1,300
101093,1,300
101109,1,300
101111,1,300
101115,1,300
101124,1,300
101127,1,300
101161,1,300
101180,1,300
101201,1,300
101218,1,300
101220,1,300
101228,1,300
101245,1,300
101254,1,300
101258,1,300
101276,1,300
101291,1,300
101313,1,300
101328,1,300
101346,1,300
101357,1,300
101361,1,300
101363,1,300
101368,1,300
101397,1,300
101398,1,300
101404,1,300
101405,1,300
101417,1,300
101424,1,300
101449,1,300
101460,1,300
101477,1,300
101479,1,300
101495,1,300
101537,1,300
101544,1,300
101553,1,300
101581,1,300
101593,1,300
101600,1,300
101627,1,300
101631,1,300
101645,1,300
101664,1,300
101716,1,300
101724,1,300
101744,1,300
101781,1,300
101826,1,300
101848,1,300
101882,1,300
101893,1,300
101901,1,300
101976,1,300
102005,1,300
102029,1,300
102030,1,300
102047,1,300
102051,1,300
102060,1,300
102060,1,300
102070,1,300
102077,1,300
102084,1,300
102087,1,300
102091,1,300
102092,1,300
102096,1,300
102134,1,300
102139,1,300
102148,1,300
102168,1,300
102172,1,300
102178,1,300
102183,1,300
102185,1,300
102191,1,300
102221,1,300
102239,1,300
102252,1,300
102257,1,300
102260,1,300
102264,1,300
102272,1,300
102289,1,300
102290,1,300
102294,1,300
102357,1,300
102363,1,300
102369,1,300
102467,1,300
102646,1,300
102649,1,300
102703,1,300
102722,1,300
102741,1,300
102746,1,300
102759,1,300
102760,1,300
102778,1,300
102783,1,300
102812,1,300
102815,1,300
102824,1,300
102825,1,300
102836,1,300
102852,1,300
102906,1,300
102918,1,300
102924,1,300
102953,1,300
102978,1,300
102989,1,300
102993,1,300
103014,1,300
103058,1,300
103076,1,300
103112,1,300
103177,1,300
103178,1,300
103229,1,300
103273,1,300
103287,1,300
103300,1,300
103306,1,300
103321,1,300
103329,1,300
103348,1,300
103354,1,300
103363,1,300
103403,1,300
103421,1,300
103463,1,300
103466,1,300
103469,1,300
103487,1,300
103488,1,300
103488,1,300
103521,1,300
103548,1,300
103575,1,300
103584,1,300
103628,1,300
103659,1,300
103664,1,300
103717,1,300
103722,1,300
103728,1,300
103732,1,300
103742,1,300
103766,1,300
103773,1,300
103776,1,300
103815,1,300
103823,1,300
103844,1,300
103859,1,300
103869,1,300
103895,1,300
103911,1,300
103936,1,300
103949,1,300
103958,1,300
103985,1,300
104001,1,300
104011,1,300
104012,1,300
104013,1,300
104016,1,300
104019,1,300
104023,1,300
104029,1,300
104032,1,300
104039,1,300
104041,1,300
104070,1,300
104076,1,300
104077,1,300
104080,1,300
104094,1,300
104102,1,300
104127,1,300
104147,1,300
104150,1,300
104167,1,300
104168,1,300
104178,1,300
104202,1,300
104232,1,300
104264,1,300
104289,1,300
104358,1,300
104358,1,300
104377,1,300
104402,1,300
104403,1,300
104407,1,300
104411,1,300
104442,1,300
104449,1,300
104458,1,300
104477,1,300
104490,1,300
104521,1,300
104537,1,300
104566,1,300
104620,1,300
104621,1,300
104635,1,300
104643,1,300
104657,1,300
104660,1,300
104665,1,300
104670,1,300
104691,1,300
104700,1,300
104714,1,300
104722,1,300
104732,1,300
104735,1,300
104742,1,300
104750,1,300
104761,1,300
104786,1,300
104790,1,300
104790,1,300
104805,1,300
104813,1,300
104831,1,300
104841,1,300
104845,1,300
104874,1,300
104875,1,300
104884,1,300
104888,1,300
104913,1,300
105002,1,300
105031,1,300
105066,1,300
105074,1,300
105075,1,300
105075,1,300
105080,1,300
105085,1,300
105188,1,300
105208,1,300
105220,1,300
105253,1,300
105284,1,300
105312,1,300
105356,1,300
105389,1,300
105390,1,300
105412,1,300
105419,1,300
105431,1,300
105475,1,300
105484,1,300
105488,1,300
105528,1,300
105531,1,300
105554,1,300
105566,1,300
105573,1,300
105581,1,300
105623,1,300
105644,1,300
105645,1,300
105666,1,300
105675,1,300
105682,1,300
105690,1,300
105690,1,300
105702,1,300
105746,1,300
105786,1,300
105803,1,300
105807,1,300
105810,1,300
105815,1,300
105822,1,300
105836,1,300
105887,1,300
105902,1,300
105911,1,300
105914,1,300
105919,1,300
106013,1,300
106095,1,300
106114,1,300
106166,1,300
106172,1,300
106175,1,300
106180,1,300
106205,1,300
106213,1,300
106213,1,300
106225,1,300
106235,1,300
106236,1,300
106248,1,300
106275,1,300
106291,1,300
106304,1,300
106306,1,300
106352,1,300
106405,1,300
106424,1,300
106445,1,300
106447,1,300
106458,1,300
106461,1,300
106477,1,300
106480,1,300
106483,1,300
106501,1,300
106505,1,300
106512,1,300
106532,1,300
106535,1,300
106543,1,300
106572,1,300
106604,1,300
106610,1,300
106618,1,300
106631,1,300
106645,1,300
106679,1,300
106712,1,300
106717,1,300
106718,1,300
106729,1,300
106778,1,300
106804,1,300
106806,1,300
106812,1,300
107033,1,300
107039,1,300
107051,1,300
107053,1,300
107072,1,300
107104,1,300
107130,1,300
107226,1,300
107304,1,300
107309,1,300
107328,1,300
107330,1,300
107335,1,300
107336,1,300
107394,1,300
107409,1,300
107444,1,300
107470,1,300
107471,1,300
107504,1,300
107517,1,300
107528,1,300
107539,1,300
107541,1,300
107565,1,300
107652,1,300
107664,1,300
107682,1,300
107704,1,300
107706,1,300
107766,1,300
107835,1,300
107857,1,300
107887,1,300
107899,1,300
107919,1,300
107940,1,300
107971,1,300
107983,1,300
107986,1,300
107989,1,300
108008,1,300
108013,1,300
108015,1,300
108029,1,300
108034,1,300
108051,1,300
108096,1,300
108153,1,300
108156,1,300
108166,1,300
108170,1,300
108187,1,300
108191,1,300
108192,1,300
108223,1,300
108239,1,300
108292,1,300
108299,1,300
108302,1,300
108307,1,300
108342,1,300
108343,1,300
108347,1,300
108369,1,300
108398,1,300
108406,1,300
108443,1,300
108458,1,300
108486,1,300
108511,1,300
108592,1,300
108600,1,300
108602,1,300
108625,1,300
108632,1,300
108656,1,300
108658,1,300
108706,1,300
108706,1,300
108760,1,300
108781,1,300
108810,1,300
108810,1,300
108825,1,300
108841,1,300
108844,1,300
108847,1,300
108863,1,300
108912,1,300
109017,1,300
109037,1,300
109039,1,300
109041,1,300
109070,1,300
109075,1,300
109082,1,300
109082,1,300
109093,1,300
109098,1,300
109136,1,300
109153,1,300
109156,1,300
109195,1,300
109247,1,300
109249,1,300
109262,1,300
109270,1,300
109271,1,300
109276,1,300
109305,1,300
109312,1,300
109332,1,300
109337,1,300
109350,1,300
109350,1,300
109371,1,300
109390,1,300
109400,1,300
109412,1,300
109496,1,300
109567,1,300
109569,1,300
109577,1,300
109577,1,300
109601,1,300
109606,1,300
109618,1,300
109641,1,300
109660,1,300
109681,1,300
109688,1,300
109720,1,300
109741,1,300
109764,1,300
109764,1,300
109767,1,300
109768,1,300
110021,1,300
110064,1,300
110070,1,300
110124,1,300
110124,1,300
110125,1,300
110178,1,300
110196,1,300
110295,1,300
110299,1,300
110318,1,300
110328,1,300
110383,1,300
110423,1,300
110474,1,300
110482,1,300
110484,1,300
110536,1,300
110548,1,300
110569,1,300
110598,1,300
110643,1,300
110670,1,300
110705,1,300
110738,1,300
110742,1,300
110748,1,300
110751,1,300
110801,1,300
110802,1,300
110823,1,300
110849,1,300
110876,1,300
110878,1,300
110881,1,300
110912,1,300
110934,1,300
110940,1,300
110942,1,300
110947,1,300
110970,1,300
110974,1,300
110981,1,300
110995,1,300
111016,1,300
111017,1,300
111020,1,300
111039,1,300
111041,1,300
111052,1,300
111055,1,300
111064,1,300
111071,1,300
111138,1,300
111152,1,300
111167,1,300
111172,1,300
111175,1,300
111187,1,300
111211,1,300
111229,1,300
111237,1,300
111249,1,300
111318,1,300
111330,1,300
111333,1,300
111359,1,300
111399,1,300
111404,1,300
111411,1,300
111476,1,300
111478,1,300
111493,1,300
111572,1,300
111591,1,300
111623,1,300
111624,1,300
111646,1,300
111652,1,300
111677,1,300
111683,1,300
111685,1,300
111706,1,300
111717,1,300
111760,1,300
111786,1,300
111805,1,300
111814,1,300
111821,1,300
111826,1,300
111837,1,300
111843,1,300
111869,1,300
111872,1,300
111890,1,300
111912,1,300
111947,1,300
112021,1,300
112021,1,300
112057,1,300
112095,1,300
112115,1,300
112125,1,300
112154,1,300
112187,1,300
112220,1,300
112282,1,300
112289,1,300
112301,1,300
112333,1,300
112348,1,300
112383,1,300
112394,1,300
112419,1,300
112465,1,300
112484,1,300
112503,1,300
112544,1,300
112551,1,300
112561,1,300
112577,1,300
112583,1,300
112591,1,300
112603,1,300
112636,1,300
112688,1,300
112712,1,300
112753,1,300
112800,1,300
112814,1,300
112858,1,300
112875,1,300
112915,1,300
112918,1,300
112981,1,300
113002,1,300
113006,1,300
113011,1,300
113014,1,300
113028,1,300
113030,1,300
113057,1,300
113063,1,300
113067,1,300
113086,1,300
113116,1,300
113123,1,300
113151,1,300
113170,1,300
113192,1,300
113198,1,300
113200,1,300
113211,1,300
113212,1,300
113255,1,300
113262,1,300
113264,1,300
113273,1,300
113283,1,300
113358,1,300
113405,1,300
113468,1,300
113478,1,300
113506,1,300
113511,1,300
113593,1,300
113631,1,300
113664,1,300
113672,1,300
113679,1,300
113747,1,300
113751,1,300
113778,1,300
113809,1,300
113843,1,300
113887,1,300
113909,1,300
113913,1,300
113917,1,300
113939,1,300
113947,1,300
113974,1,300
114011,1,300
114021,1,300
114024,1,300
114035,1,300
114078,1,300
114090,1,300
114098,1,300
114143,1,300
114178,1,300
114227,1,300
114253,1,300
114265,1,300
114271,1,300
114320,1,300
114327,1,300
114335,1,300
114366,1,300
114386,1,300
114397,1,300
114402,1,300
114435,1,300
114455,1,300
114470,1,300
114519,1,300
114522,1,300
114555,1,300
114575,1,300
114578,1,300
114633,1,300
114828,1,300
114888,1,300
114902,1,300
114910,1,300
114913,1,300
114917,1,300
114949,1,300
114950,1,300
114980,1,300
115006,1,300
115015,1,300
115018,1,300
115046,1,300
115098,1,300
115187,1,300
115193,1,300
115236,1,300
115273,1,300
115294,1,300
115298,1,300
115299,1,300
115319,1,300
115330,1,300
115336,1,300
115341,1,300
115378,1,300
115400,1,300
115403,1,300
115418,1,300
115441,1,300
115450,1,300
115455,1,300
115475,1,300
115512,1,300
115564,1,300
115601,1,300
115708,1,300
115742,1,300
115786,1,300
115798,1,300
115885,1,300
115950,1,300
115953,1,300
115970,1,300
116004,1,300
116013,1,300
116024,1,300
116024,1,300
116039,1,300
116058,1,300
116076,1,300
116089,1,300
116096,1,300
116096,1,300
116118,1,300
116123,1,300
116150,1,300
116155,1,300
116170,1,300
116179,1,300
116184,1,300
116187,1,300
116194,1,300
116218,1,300
116236,1,300
116237,1,300
116244,1,300
116254,1,300
116264,1,300
116270,1,300
116293,1,300
116313,1,300
116317,1,300
116406,1,300
116412,1,300
116418,1,300
116435,1,300
116449,1,300
116454,1,300
116459,1,300
116460,1,300
116470,1,300
116645,1,300
116652,1,300
116693,1,300
116698,1,300
116730,1,300
116748,1,300
116773,1,300
116823,1,300
116827,1,300
116830,1,300
116848,1,300
116859,1,300
116863,1,300
116863,1,300
116887,1,300
116890,1,300
116936,1,300
116989,1,300
117002,1,300
117008,1,300
117030,1,300
117049,1,300
117061,1,300
117065,1,300
117109,1,300
117137,1,300
117228,1,300
117260,1,300
117284,1,300
117285,1,300
117335,1,300
117368,1,300
117410,1,300
117412,1,300
117424,1,300
117504,1,300
117523,1,300
117524,1,300
117591,1,300
117623,1,300
117629,1,300
117636,1,300
117665,1,300
117712,1,300
117758,1,300
117804,1,300
117888,1,300
117927,1,300
117989,1,300
117998,1,300
118035,1,300
118053,1,300
118080,1,300
118105,1,300
118110,1,300
118132,1,300
118141,1,300
118184,1,300
118212,1,300
118220,1,300
118240,1,300
118242,1,300
118247,1,300
118250,1,300
118266,1,300
118299,1,300
118301,1,300
118316,1,300
118324,1,300
118325,1,300
118359,1,300
118375,1,300
118519,1,300
118525,1,300
118562,1,300
118595,1,300
118631,1,300
118666,1,300
118668,1,300
118864,1,300
118886,1,300
118908,1,300
118914,1,300
118926,1,300
118945,1,300
119012,1,300
119018,1,300
119019,1,300
119032,1,300
119033,1,300
119073,1,300
119075,1,300
119099,1,300
119108,1,300
119151,1,300
119163,1,300
119190,1,300
119233,1,300
119271,1,300
119276,1,300
119298,1,300
119303,1,300
119335,1,300
119370,1,300
119371,1,300
119391,1,300
119439,1,300
119456,1,300
119505,1,300
119562,1,300
119613,1,300
119680,1,300
119685,1,300
119766,1,300
119810,1,300
119841,1,300
119859,1,300
119864,1,300
119875,1,300
119881,1,300
120025,1,300
120042,1,300
120046,1,300
120052,1,300
120061,1,300
120100,1,300
120127,1,300
120166,1,300
120198,1,300
120204,1,300
120207,1,300
120219,1,300
120250,1,300
120261,1,300
120274,1,300
120314,1,300
120320,1,300
120393,1,300
120538,1,300
120678,1,300
120696,1,300
120723,1,300
120733,1,300
120751,1,300
120771,1,300
120792,1,300
120797,1,300
120816,1,300
120823,1,300
120834,1,300
120854,1,300
120855,1,300
120880,1,300
120902,1,300
121052,1,300
121058,1,300
121148,1,300
121160,1,300
121238,1,300
121259,1,300
121271,1,300
121399,1,300
121431,1,300
121449,1,300
121466,1,300
121474,1,300
121478,1,300
121482,1,300
121483,1,300
121490,1,300
121560,1,300
121561,1,300
121564,1,300
121583,1,300
121594,1,300
121618,1,300
121626,1,300
121713,1,300
121751,1,300
121796,1,300
121843,1,300
121847,1,300
121853,1,300
121873,1,300
122049,1,300
122066,1,300
122066,1,300
122129,1,300
122149,1,300
122187,1,300
122200,1,300
122211,1,300
122228,1,300
122277,1,300
122323,1,300
122330,1,300
122371,1,300
122410,1,300
122426,1,300
122436,1,300
122474,1,300
122479,1,300
122524,1,300
122615,1,300
122646,1,300
122895,1,300
122910,1,300
122936,1,300
122946,1,300
122959,1,300
122993,1,300
122996,1,300
122998,1,300
123024,1,300
123031,1,300
123155,1,300
123166,1,300
123166,1,300
123205,1,300
123255,1,300
123262,1,300
123276,1,300
123291,1,300
123336,1,300
123338,1,300
123351,1,300
123388,1,300
123408,1,300
123447,1,300
123457,1,300
123478,1,300
123479,1,300
123517,1,300
123533,1,300
123555,1,300
123615,1,300
123630,1,300
123632,1,300
123695,1,300
123700,1,300
123720,1,300
123733,1,300
123794,1,300
123846,1,300
123856,1,300
123931,1,300
124021,1,300
124108,1,300
124121,1,300
124216,1,300
124218,1,300
124293,1,300
124296,1,300
124303,1,300
124324,1,300
124356,1,300
124379,1,300
124430,1,300
124590,1,300
124627,1,300
124651,1,300
124693,1,300
124747,1,300
124755,1,300
124801,1,300
124814,1,300
124849,1,300
124984,1,300
125016,1,300
125100,1,300
125117,1,300
125131,1,300
125133,1,300
125151,1,300
125153,1,300
125154,1,300
125192,1,300
125207,1,300
125225,1,300
125247,1,300
125248,1,300
125272,1,300
125283,1,300
125318,1,300
125396,1,300
125412,1,300
125419,1,300
125541,1,300
125561,1,300
125566,1,300
125569,1,300
125584,1,300
125604,1,300
125609,1,300
125664,1,300
125665,1,300
125665,1,300
125671,1,300
125709,1,300
125719,1,300
125724,1,300
125741,1,300
125808,1,300
126033,1,300
126035,1,300
126092,1,300
126116,1,300
126180,1,300
126192,1,300
126196,1,300
126238,1,300
126301,1,300
126314,1,300
126355,1,300
126360,1,300
126367,1,300
126395,1,300
126425,1,300
126431,1,300
126474,1,300
126509,1,300
126626,1,300
126641,1,300
126651,1,300
126747,1,300
126807,1,300
126891,1,300
126923,1,300
126970,1,300
126987,1,300
126996,1,300
127001,1,300
127004,1,300
127046,1,300
127142,1,300
127187,1,300
127229,1,300
127235,1,300
127343,1,300
127373,1,300
127386,1,300
127388,1,300
127444,1,300
127472,1,300
127483,1,300
127539,1,300
127572,1,300
127580,1,300
127594,1,300
127649,1,300
127687,1,300
127719,1,300
127733,1,300
127758,1,300
127769,1,300
127786,1,300
127898,1,300
127909,1,300
128014,1,300
128029,1,300
128041,1,300
128058,1,300
128121,1,300
128214,1,300
128223,1,300
128275,1,300
128279,1,300
128303,1,300
128340,1,300
128383,1,300
128420,1,300
128513,1,300
128548,1,300
128558,1,300
128570,1,300
128625,1,300
128631,1,300
128656,1,300
128713,1,300
128773,1,300
128819,1,300
128822,1,300
128861,1,300
128907,1,300
128908,1,300
128927,1,300
128959,1,300
128965,1,300
129003,1,300
129008,1,300
129013,1,300
129015,1,300
129023,1,300
129038,1,300
129097,1,300
129117,1,300
129170,1,300
129182,1,300
129187,1,300
129227,1,300
129264,1,300
129281,1,300
129288,1,300
129324,1,300
129353,1,300
129397,1,300
129433,1,300
129488,1,300
129725,1,300
129737,1,300
129748,1,300
129775,1,300
129777,1,300
129834,1,300
129901,1,300
129917,1,300
130016,1,300
130060,1,300
130104,1,300
130112,1,300
130190,1,300
130235,1,300
130242,1,300
130274,1,300
130284,1,300
130321,1,300
130363,1,300
130393,1,300
130423,1,300
130455,1,300
130549,1,300
130598,1,300
130642,1,300
130679,1,300
130754,1,300
130777,1,300
130822,1,300
130872,1,300
130923,1,300
130926,1,300
131153,1,300
131289,1,300
131300,1,300
131400,1,300
131409,1,300
131432,1,300
131494,1,300
131551,1,300
131641,1,300
131711,1,300
131716,1,300
131723,1,300
131755,1,300
131773,1,300
131809,1,300
131972,1,300
132034,1,300
132094,1,300
132124,1,300
132128,1,300
132187,1,300
132190,1,300
132234,1,300
132309,1,300
132374,1,300
132424,1,300
132436,1,300
132450,1,300
132535,1,300
132617,1,300
132641,1,300
132673,1,300
132735,1,300
132765,1,300
132957,1,300
133054,1,300
133081,1,300
133082,1,300
133143,1,300
133180,1,300
133226,1,300
133249,1,300
133271,1,300
133356,1,300
133422,1,300
133488,1,300
133551,1,300
133577,1,300
133594,1,300
133600,1,300
133672,1,300
133808,1,300
133851,1,300
133902,1,300
134026,1,300
134047,1,300
134053,1,300
134065,1,300
134121,1,300
134127,1,300
134133,1,300
134240,1,300
134256,1,300
134257,1,300
134285,1,300
134313,1,300
134388,1,300
134428,1,300
134489,1,300
134501,1,300
134531,1,300
134601,1,300
134617,1,300
134629,1,300
134641,1,300
134755,1,300
134839,1,300
134865,1,300
135035,1,300
135184,1,300
135234,1,300
135312,1,300
135338,1,300
135413,1,300
135423,1,300
135497,1,300
135498,1,300
135525,1,300
135646,1,300
135649,1,300
135723,1,300
135738,1,300
135820,1,300
135901,1,300
136005,1,300
136074,1,300
136112,1,300
136114,1,300
136154,1,300
136163,1,300
136218,1,300
136235,1,300
136253,1,300
136270,1,300
136285,1,300
136714,1,300
136788,1,300
136834,1,300
136877,1,300
137000,1,300
137098,1,300
137120,1,300
137161,1,300
137255,1,300
137263,1,300
137273,1,300
137370,1,300
137375,1,300
137408,1,300
137420,1,300
137454,1,300
137461,1,300
137533,1,300
137539,1,300
137645,1,300
137758,1,300
138045,1,300
138047,1,300
138049,1,300
138051,1,300
138076,1,300
138076,1,300
138152,1,300
138208,1,300
138226,1,300
138294,1,300
138297,1,300
138307,1,300
138308,1,300
138318,1,300
138327,1,300
138401,1,300
138410,1,300
138481,1,300
138489,1,300
138490,1,300
138509,1,300
138659,1,300
138707,1,300
138882,1,300
138915,1,300
139009,1,300
139035,1,300
139044,1,300
139045,1,300
139073,1,300
139158,1,300
139168,1,300
139268,1,300
139613,1,300
139629,1,300
139736,1,300
139741,1,300
139757,1,300
139845,1,300
139885,1,300
139916,1,300
139980,1,300
140004,1,300
140183,1,300
140200,1,300
140345,1,300
140538,1,300
140585,1,300
140606,1,300
140618,1,300
140645,1,300
140740,1,300
140781,1,300
140790,1,300
140794,1,300
140926,1,300
140942,1,300
140943,1,300
140991,1,300
140995,1,300
141000,1,300
141077,1,300
141084,1,300
141090,1,300
141095,1,300
141136,1,300
141151,1,300
141155,1,300
141163,1,300
141195,1,300
141224,1,300
141269,1,300
141478,1,300
141493,1,300
141515,1,300
141532,1,300
141560,1,300
141593,1,300
141645,1,300
142037,1,300
142053,1,300
142111,1,300
142151,1,300
142230,1,300
142252,1,300
142257,1,300
142331,1,300
142382,1,300
142396,1,300
142423,1,300
142465,1,300
143039,1,300
143261,1,300
143336,1,300
143535,1,300
143552,1,300
143576,1,300
143725,1,300
143764,1,300
143783,1,300
143795,1,300
143940,1,300
143983,1,300
144092,1,300
144193,1,300
144273,1,300
144302,1,300
144314,1,300
144316,1,300
144317,1,300
144323,1,300
144339,1,300
144363,1,300
144485,1,300
144515,1,300
144575,1,300
144614,1,300
144851,1,300
144993,1,300
145160,1,300
145163,1,300
145411,1,300
145447,1,300
145474,1,300
145552,1,300
145576,1,300
145652,1,300
145659,1,300
145671,1,300
145782,1,300
145818,1,300
145880,1,300
145905,1,300
146059,1,300
146101,1,300
146103,1,300
146103,1,300
146160,1,300
146238,1,300
146367,1,300
146452,1,300
146474,1,300
146494,1,300
146557,1,300
147158,1,300
147170,1,300
147183,1,300
147210,1,300
147273,1,300
147408,1,300
147590,1,300
147652,1,300
147671,1,300
147672,1,300
147715,1,300
147743,1,300
147764,1,300
147803,1,300
147803,1,300
147804,1,300
148012,1,300
148037,1,300
148109,1,300
148337,1,300
148398,1,300
148488,1,300
148741,1,300
148933,1,300
149012,1,300
149058,1,300
149078,1,300
149234,1,300
149303,1,300
149400,1,300
149435,1,300
149543,1,300
149647,1,300
149954,1,300
149967,1,300
150127,1,300
150158,1,300
150292,1,300
150419,1,300
150641,1,300
150694,1,300
150731,1,300
150778,1,300
150840,1,300
150927,1,300
151067,1,300
151087,1,300
151127,1,300
151557,1,300
151759,1,300
151874,1,300
151901,1,300
151922,1,300
152008,1,300
152047,1,300
152051,1,300
152150,1,300
152202,1,300
152257,1,300
152313,1,300
152340,1,300
152480,1,300
152507,1,300
152544,1,300
152581,1,300
152585,1,300
152602,1,300
152627,1,300
152680,1,300
152716,1,300
152731,1,300
152733,1,300
153006,1,300
153014,1,300
153017,1,300
153073,1,300
153400,1,300
153487,1,300
153639,1,300
153804,1,300
153852,1,300
153868,1,300
153953,1,300
154020,1,300
154102,1,300
154207,1,300
154389,1,300
154394,1,300
154483,1,300
154555,1,300
154585,1,300
155065,1,300
155101,1,300
155112,1,300
155163,1,300
155234,1,300
155285,1,300
155304,1,300
155374,1,300
155392,1,300
155432,1,300
155581,1,300
155609,1,300
155781,1,300
155907,1,300
156130,1,300
156136,1,300
156548,1,300
156661,1,300
156838,1,300
156886,1,300
157013,1,300
157062,1,300
157391,1,300
157473,1,300
157530,1,300
157651,1,300
157819,1,300
158098,1,300
158108,1,300
158131,1,300
158268,1,300
158276,1,300
158306,1,300
158343,1,300
158458,1,300
158575,1,300
158934,1,300
158979,1,300
159020,1,300
159042,1,300
159076,1,300
159225,1,300
159267,1,300
159324,1,300
159334,1,300
159396,1,300
159503,1,300
159557,1,300
159586,1,300
159674,1,300
159738,1,300
159840,1,300
159842,1,300
159845,1,300
159923,1,300
159936,1,300
159980,1,300
160069,1,300
160100,1,300
160165,1,300
160740,1,300
161086,1,300
161088,1,300
161112,1,300
161679,1,300
161826,1,300
161956,1,300
162015,1,300
162024,1,300
162048,1,300
162218,1,300
162369,1,300
163137,1,300
163186,1,300
163234,1,300
163269,1,300
163410,1,300
163823,1,300
164020,1,300
164184,1,300
164200,1,300
164223,1,300
164293,1,300
164323,1,300
164332,1,300
164389,1,300
164414,1,300
164479,1,300
164500,1,300
164554,1,300
164643,1,300
164653,1,300
164668,1,300
164793,1,300
164834,1,300
164864,1,300
164902,1,300
164909,1,300
165000,1,300
165029,1,300
165062,1,300
165074,1,300
165167,1,300
165272,1,300
165283,1,300
165391,1,300
165398,1,300
165424,1,300
165444,1,300
165529,1,300
165532,1,300
166126,1,300
166473,1,300
166542,1,300
166589,1,300
166749,1,300
166818,1,300
166876,1,300
166882,1,300
166926,1,300
167005,1,300
167103,1,300
167165,1,300
167210,1,300
167222,1,300
167403,1,300
167411,1,300
167421,1,300
167518,1,300
167521,1,300
167555,1,300
167660,1,300
167683,1,300
168087,1,300
168245,1,300
168955,1,300
169420,1,300
169563,1,300
169596,1,300
169598,1,300
169654,1,300
169668,1,300
169669,1,300
169840,1,300
169843,1,300
169887,1,300
169887,1,300
169908,1,300
170151,1,300
170197,1,300
170438,1,300
170564,1,300
170586,1,300
170630,1,300
170636,1,300
171163,1,300
171165,1,300
171294,1,300
171327,1,300
171345,1,300
171352,1,300
171386,1,300
171423,1,300
171479,1,300
171487,1,300
171588,1,300
172153,1,300
172376,1,300
172421,1,300
172886,1,300
172914,1,300
172988,1,300
173408,1,300
173418,1,300
173559,1,300
173677,1,300
173697,1,300
174089,1,300
174138,1,300
174340,1,300
174353,1,300
174383,1,300
174491,1,300
174711,1,300
175293,1,300
175405,1,300
175660,1,300
175934,1,300
176029,1,300
176064,1,300
176095,1,300
176116,1,300
176142,1,300
176146,1,300
176186,1,300
176187,1,300
176255,1,300
176270,1,300
176307,1,300
176321,1,300
176342,1,300
176363,1,300
176393,1,300
176404,1,300
176434,1,300
176450,1,300
176500,1,300
176511,1,300
176526,1,300
176551,1,300
176644,1,300
176665,1,300
176674,1,300
177004,1,300
177018,1,300
177095,1,300
177166,1,300
177184,1,300
177308,1,300
177358,1,300
177367,1,300
177396,1,300
177423,1,300
177648,1,300
177671,1,300
177692,1,300
178032,1,300
178059,1,300
178150,1,300
178321,1,300
178387,1,300
178400,1,300
178683,1,300
178985,1,300
179013,1,300
179030,1,300
179082,1,300
179165,1,300
179311,1,300
179433,1,300
179494,1,300
179536,1,300
179617,1,300
179669,1,300
179788,1,300
180068,1,300
180124,1,300
180279,1,300
180464,1,300
180544,1,300
181134,1,300
181510,1,300
181608,1,300
181666,1,300
181668,1,300
181850,1,300
181854,1,300
181862,1,300
182150,1,300
182210,1,300
182269,1,300
182301,1,300
182401,1,300
182485,1,300
182507,1,300
182540,1,300
182687,1,300
182794,1,300
183007,1,300
183120,1,300
183334,1,300
183384,1,300
183406,1,300
183452,1,300
183654,1,300
183702,1,300
183744,1,300
183776,1,300
183854,1,300
183900,1,300
184000,1,300
184120,1,300
184355,1,300
184509,1,300
184557,1,300
184747,1,300
184812,1,300
184949,1,300
184959,1,300
184990,1,300
185010,1,300
185032,1,300
185081,1,300
185152,1,300
185154,1,300
185305,1,300
185385,1,300
186057,1,300
186098,1,300
186283,1,300
186354,1,300
186361,1,300
186370,1,300
186370,1,300
186382,1,300
186395,1,300
186757,1,300
187206,1,300
187480,1,300
187628,1,300
188004,1,300
188060,1,300
188132,1,300
188169,1,300
188173,1,300
188231,1,300
188284,1,300
188317,1,300
188453,1,300
188493,1,300
188501,1,300
188545,1,300
188589,1,300
188592,1,300
188623,1,300
188625,1,300
188653,1,300
188660,1,300
188698,1,300
188739,1,300
188795,1,300
188795,1,300
188798,1,300
188805,1,300
188824,1,300
189088,1,300
189473,1,300
189554,1,300
189576,1,300
189629,1,300
190079,1,300
190084,1,300
190140,1,300
190156,1,300
190203,1,300
190227,1,300
190340,1,300
190375,1,300
190533,1,300
190546,1,300
190615,1,300
190992,1,300
191079,1,300
191086,1,300
191091,1,300
191096,1,300
191116,1,300
191148,1,300
191230,1,300
191267,1,300
191273,1,300
191330,1,300
191376,1,300
191486,1,300
191516,1,300
192153,1,300
192153,1,300
192218,1,300
192507,1,300
192560,1,300
192747,1,300
193012,1,300
193070,1,300
193302,1,300
193339,1,300
193433,1,300
193537,1,300
193943,1,300
194116,1,300
194189,1,300
194306,1,300
194341,1,300
194349,1,300
194367,1,300
194372,1,300
194386,1,300
194493,1,300
194551,1,300
194557,1,300
194571,1,300
194893,1,300
194895,1,300
195019,1,300
195187,1,300
195238,1,300
195394,1,300
195439,1,300
195473,1,300
195600,1,300
195615,1,300
195664,1,300
196073,1,300
196118,1,300
196118,1,300
196169,1,300
196177,1,300
196386,1,300
196527,1,300
196744,1,300
196965,1,300
196975,1,300
197077,1,300
197137,1,300
197376,1,300
197425,1,300
197666,1,300
197865,1,300
198013,1,300
198069,1,300
198127,1,300
198170,1,300
198224,1,300
198228,1,300
198432,1,300
198705,1,300
199110,1,300
199166,1,300
199201,1,300
199398,1,300
199408,1,300
199493,1,300
199600,1,300
200019,1,300
200111,1,300
200117,1,300
200178,1,300
200208,1,300
200242,1,300
200269,1,300
200272,1,300
200276,1,300
200347,1,300
200386,1,300
200405,1,300
200409,1,300
200411,1,300
200421,1,300
200422,1,300
200434,1,300
200448,1,300
200481,1,300
200515,1,300
200592,1,300
200676,1,300
200677,1,300
200731,1,300
200731,1,300
200747,1,300
200750,1,300
200754,1,300
200773,1,300
200789,1,300
200789,1,300
201103,1,300
201105,1,300
201149,1,300
201178,1,300
201278,1,300
201465,1,300
201574,1,300
201590,1,300
201765,1,300
201829,1,300
201879,1,300
202010,1,300
202035,1,300
202114,1,300
202139,1,300
202191,1,300
202442,1,300
202451,1,300
202590,1,300
202774,1,300
202909,1,300
202927,1,300
202992,1,300
203046,1,300
203137,1,300
203156,1,300
203202,1,300
203218,1,300
203228,1,300
203328,1,300
203376,1,300
203382,1,300
203559,1,300
203712,1,300
203734,1,300
203769,1,300
204046,1,300
204049,1,300
204136,1,300
204163,1,300
204342,1,300
204436,1,300
204522,1,300
204874,1,300
204889,1,300
205065,1,300
205065,1,300
205133,1,300
205150,1,300
205167,1,300
205175,1,300
205185,1,300
205243,1,300
205281,1,300
205373,1,300
205482,1,300
205581,1,300
205669,1,300
206056,1,300
206093,1,300
206206,1,300
206388,1,300
206512,1,300
206581,1,300
206628,1,300
206679,1,300
206767,1,300
206860,1,300
206861,1,300
206891,1,300
206979,1,300
207018,1,300
207031,1,300
207106,1,300
207171,1,300
207180,1,300
207183,1,300
207215,1,300
207330,1,300
207340,1,300
207421,1,300
207686,1,300
207759,1,300
207928,1,300
207967,1,300
208083,1,300
208087,1,300
208123,1,300
208589,1,300
208890,1,300
209033,1,300
209325,1,300
209385,1,300
209713,1,300
209732,1,300
209828,1,300
209940,1,300
209964,1,300
210025,1,300
210050,1,300
210242,1,300
210283,1,300
210441,1,300
210467,1,300
210564,1,300
210584,1,300
210705,1,300
210713,1,300
211141,1,300
211220,1,300
211258,1,300
211283,1,300
211321,1,300
211484,1,300
211821,1,300
211914,1,300
212003,1,300
212065,1,300
212096,1,300
212110,1,300
212123,1,300
212125,1,300
212137,1,300
212213,1,300
212246,1,300
212332,1,300
212461,1,300
212505,1,300
212508,1,300
212539,1,300
212553,1,300
212561,1,300
212565,1,300
212570,1,300
212636,1,300
212644,1,300
212678,1,300
212705,1,300
212726,1,300
212745,1,300
212819,1,300
212831,1,300
212841,1,300
212860,1,300
212942,1,300
212951,1,300
212975,1,300
213003,1,300
213092,1,300
213109,1,300
213167,1,300
213168,1,300
213306,1,300
213335,1,300
213420,1,300
213450,1,300
213599,1,300
213737,1,300
213869,1,300
214043,1,300
214089,1,300
214127,1,300
214196,1,300
214291,1,300
214328,1,300
214340,1,300
214409,1,300
214489,1,300
214512,1,300
214523,1,300
214542,1,300
214621,1,300
214666,1,300
214707,1,300
214810,1,300
214923,1,300
215048,1,300
215072,1,300
215088,1,300
215230,1,300
215234,1,300
215313,1,300
215322,1,300
215593,1,300
215642,1,300
215772,1,300
215890,1,300
215990,1,300
216025,1,300
216098,1,300
216130,1,300
216204,1,300
216230,1,300
216288,1,300
216407,1,300
216423,1,300
216447,1,300
216615,1,300
216636,1,300
216644,1,300
216675,1,300
216758,1,300
216791,1,300
216793,1,300
216796,1,300
217166,1,300
217191,1,300
217225,1,300
217250,1,300
217295,1,300
217407,1,300
217409,1,300
217449,1,300
217476,1,300
217487,1,300
217625,1,300
217675,1,300
218002,1,300
218103,1,300
218381,1,300
218539,1,300
218559,1,300
218619,1,300
218628,1,300
218645,1,300
218728,1,300
218734,1,300
218735,1,300
218982,1,300
218989,1,300
219004,1,300
219215,1,300
219229,1,300
219277,1,300
219312,1,300
219321,1,300
219548,1,300
219828,1,300
219849,1,300
219854,1,300
219919,1,300
219956,1,300
219958,1,300
220005,1,300
220015,1,300
220040,1,300
220088,1,300
220114,1,300
220171,1,300
220192,1,300
220308,1,300
220396,1,300
220421,1,300
220423,1,300
220546,1,300
220639,1,300
220659,1,300
220709,1,300
220722,1,300
221021,1,300
221042,1,300
221133,1,300
221186,1,300
221240,1,300
221251,1,300
221337,1,300
221351,1,300
221360,1,300
221363,1,300
221367,1,300
221376,1,300
222089,1,300
222150,1,300
222157,1,300
222286,1,300
222332,1,300
222407,1,300
222457,1,300
222511,1,300
222578,1,300
222674,1,300
222711,1,300
222803,1,300
222901,1,300
223047,1,300
223090,1,300
223111,1,300
223198,1,300
223253,1,300
223260,1,300
223304,1,300
223326,1,300
223519,1,300
223627,1,300
223642,1,300
223711,1,300
223728,1,300
223863,1,300
224025,1,300
224027,1,300
224064,1,300
224070,1,300
224078,1,300
224082,1,300
224116,1,300
224197,1,300
224264,1,300
224276,1,300
224291,1,300
224312,1,300
224346,1,300
224362,1,300
224408,1,300
224414,1,300
224438,1,300
224504,1,300
224518,1,300
224672,1,300
224676,1,300
224726,1,300
224761,1,300
224762,1,300
224832,1,300
224872,1,300
224898,1,300
224905,1,300
224945,1,300
224946,1,300
224960,1,300
224969,1,300
225010,1,300
225042,1,300
225117,1,300
225121,1,300
225214,1,300
225231,1,300
225339,1,300
225358,1,300
225377,1,300
225405,1,300
225437,1,300
225484,1,300
225593,1,300
225607,1,300
225614,1,300
225620,1,300
225653,1,300
225664,1,300
225704,1,300
225784,1,300
225799,1,300
225804,1,300
225869,1,300
226000,1,300
226048,1,300
226081,1,300
226154,1,300
226159,1,300
226159,1,300
226186,1,300
226242,1,300
226244,1,300
226293,1,300
226314,1,300
226373,1,300
226402,1,300
226458,1,300
226484,1,300
226510,1,300
226523,1,300
226529,1,300
226538,1,300
226548,1,300
226586,1,300
226648,1,300
226688,1,300
226742,1,300
226792,1,300
226965,1,300
226973,1,300
226990,1,300
227018,1,300
227031,1,300
227048,1,300
227056,1,300
227062,1,300
227114,1,300
227152,1,300
227197,1,300
227200,1,300
227209,1,300
227268,1,300
227271,1,300
227271,1,300
227274,1,300
227288,1,300
227305,1,300
227337,1,300
227348,1,300
227393,1,300
227438,1,300
227438,1,300
227497,1,300
227573,1,300
227575,1,300
227599,1,300
227704,1,300
227718,1,300
227729,1,300
227757,1,300
227818,1,300
228017,1,300
228025,1,300
228058,1,300
228098,1,300
228115,1,300
228146,1,300
228156,1,300
228174,1,300
228183,1,300
228229,1,300
228261,1,300
228262,1,300
228271,1,300
228319,1,300
228360,1,300
228446,1,300
228447,1,300
228522,1,300
228628,1,300
228751,1,300
228811,1,300
228848,1,300
229018,1,300
229047,1,300
229089,1,300
229133,1,300
229195,1,300
229236,1,300
229240,1,300
229242,1,300
229283,1,300
229287,1,300
229288,1,300
229289,1,300
229349,1,300
229469,1,300
229581,1,300
229675,1,300
229697,1,300
229711,1,300
229740,1,300
229816,1,300
229856,1,300
229879,1,300
230002,1,300
230033,1,300
230038,1,300
230078,1,300
230084,1,300
230183,1,300
230222,1,300
230245,1,300
230276,1,300
230327,1,300
230349,1,300
230398,1,300
230400,1,300
230427,1,300
230437,1,300
230492,1,300
230510,1,300
230616,1,300
230722,1,300
230739,1,300
230881,1,300
230881,1,300
230950,1,300
230962,1,300
231018,1,300
231030,1,300
231041,1,300
231047,1,300
231048,1,300
231070,1,300
231107,1,300
231133,1,300
231157,1,300
231162,1,300
231182,1,300
231208,1,300
231260,1,300
231299,1,300
231315,1,300
231335,1,300
231508,1,300
231517,1,300
231577,1,300
231586,1,300
231592,1,300
231600,1,300
231616,1,300
231660,1,300
231669,1,300
232078,1,300
232145,1,300
232166,1,300
232204,1,300
232249,1,300
232409,1,300
232460,1,300
232465,1,300
232488,1,300
232511,1,300
232571,1,300
232582,1,300
232605,1,300
232629,1,300
232722,1,300
232725,1,300
232844,1,300
232857,1,300
232876,1,300
232898,1,300
233140,1,300
233172,1,300
233232,1,300
233278,1,300
233295,1,300
233348,1,300
233383,1,300
233441,1,300
233485,1,300
233526,1,300
233706,1,300
233750,1,300
233911,1,300
233974,1,300
233978,1,300
234019,1,300
234031,1,300
234045,1,300
234108,1,300
234135,1,300
234179,1,300
234191,1,300
234208,1,300
234217,1,300
234230,1,300
234262,1,300
234302,1,300
234334,1,300
234335,1,300
234374,1,300
234418,1,300
234551,1,300
234614,1,300
234637,1,300
234643,1,300
234670,1,300
234734,1,300
234771,1,300
234811,1,300
234895,1,300
234919,1,300
234936,1,300
234999,1,300
235147,1,300
235155,1,300
235321,1,300
235428,1,300
235461,1,300
235663,1,300
235775,1,300
235798,1,300
235803,1,300
235811,1,300
235861,1,300
235896,1,300
235940,1,300
236002,1,300
236012,1,300
236030,1,300
236039,1,300
236069,1,300
236078,1,300
236080,1,300
236091,1,300
236157,1,300
236171,1,300
236207,1,300
236211,1,300
236239,1,300
236242,1,300
236259,1,300
236264,1,300
236274,1,300
236286,1,300
236311,1,300
236321,1,300
236332,1,300
236349,1,300
236352,1,300
236359,1,300
236383,1,300
236406,1,300
236458,1,300
236471,1,300
236477,1,300
236520,1,300
236549,1,300
236586,1,300
236597,1,300
236607,1,300
236615,1,300
236635,1,300
236676,1,300
236678,1,300
236822,1,300
236879,1,300
236902,1,300
236911,1,300
236931,1,300
236942,1,300
236989,1,300
237030,1,300
237061,1,300
237103,1,300
237108,1,300
237151,1,300
237167,1,300
237183,1,300
237208,1,300
237219,1,300
237219,1,300
237268,1,300
237297,1,300
237318,1,300
237343,1,300
237362,1,300
237369,1,300
237382,1,300
237393,1,300
237565,1,300
237596,1,300
237630,1,300
237657,1,300
237670,1,300
237712,1,300
237714,1,300
237754,1,300
237766,1,300
237809,1,300
237896,1,300
237971,1,300
237981,1,300
238181,1,300
238216,1,300
238236,1,300
238262,1,300
238326,1,300
238364,1,300
238445,1,300
238446,1,300
238469,1,300
238508,1,300
238538,1,300
238545,1,300
238554,1,300
238631,1,300
238649,1,300
238673,1,300
238761,1,300
238764,1,300
238783,1,300
238806,1,300
238809,1,300
238850,1,300
238851,1,300
238861,1,300
238876,1,300
238929,1,300
238971,1,300
239035,1,300
239043,1,300
239049,1,300
239089,1,300
239192,1,300
239229,1,300
239261,1,300
239273,1,300
239433,1,300
239475,1,300
239488,1,300
239519,1,300
239622,1,300
239631,1,300
239643,1,300
239654,1,300
239708,1,300
239715,1,300
239726,1,300
239739,1,300
239813,1,300
239817,1,300
239850,1,300
239914,1,300
239917,1,300
239924,1,300
239949,1,300
239973,1,300
239998,1,300
240004,1,300
240009,1,300
240081,1,300
240210,1,300
240401,1,300
240414,1,300
240465,1,300
240466,1,300
240489,1,300
240534,1,300
240542,1,300
240574,1,300
240590,1,300
240659,1,300
240697,1,300
240765,1,300
240833,1,300
240842,1,300
240844,1,300
240950,1,300
240966,1,300
240985,1,300
241059,1,300
241068,1,300
241101,1,300
241168,1,300
241192,1,300
241220,1,300
241228,1,300
241232,1,300
241346,1,300
241462,1,300
241473,1,300
241482,1,300
241491,1,300
241520,1,300
241570,1,300
241579,1,300
241585,1,300
241620,1,300
241626,1,300
241663,1,300
241672,1,300
241697,1,300
241739,1,300
241741,1,300
241769,1,300
241852,1,300
242000,1,300
242048,1,300
242071,1,300
242077,1,300
242135,1,300
242153,1,300
242165,1,300
242194,1,300
242242,1,300
242249,1,300
242274,1,300
242321,1,300
242334,1,300
242367,1,300
242371,1,300
242399,1,300
242456,1,300
242513,1,300
242520,1,300
242594,1,300
242618,1,300
242634,1,300
242658,1,300
242662,1,300
242677,1,300
242682,1,300
242763,1,300
243003,1,300
243011,1,300
243106,1,300
243129,1,300
243176,1,300
243188,1,300
243225,1,300
243275,1,300
243447,1,300
243483,1,300
243524,1,300
243531,1,300
243573,1,300
243649,1,300
243735,1,300
243755,1,300
243761,1,300
243796,1,300
243801,1,300
243855,1,300
243903,1,300
243943,1,300
243969,1,300
243987,1,300
243995,1,300
244001,1,300
244008,1,300
244016,1,300
244017,1,300
244138,1,300
244154,1,300
244157,1,300
244235,1,300
244282,1,300
244360,1,300
244371,1,300
244380,1,300
244385,1,300
244415,1,300
244485,1,300
244491,1,300
244500,1,300
244542,1,300
244622,1,300
244662,1,300
244695,1,300
244726,1,300
244733,1,300
244774,1,300
244838,1,300
245123,1,300
245159,1,300
245199,1,300
245229,1,300
245235,1,300
245301,1,300
245437,1,300
245475,1,300
245583,1,300
245683,1,300
245700,1,300
245722,1,300
245748,1,300
245763,1,300
245771,1,300
245773,1,300
245836,1,300
245883,1,300
246018,1,300
246022,1,300
246032,1,300
246080,1,300
246084,1,300
246109,1,300
246177,1,300
246211,1,300
246319,1,300
246399,1,300
246433,1,300
246444,1,300
246462,1,300
246464,1,300
246470,1,300
246475,1,300
246486,1,300
246582,1,300
246628,1,300
246681,1,300
246697,1,300
246850,1,300
246868,1,300
246876,1,300
246896,1,300
246903,1,300
247210,1,300
247225,1,300
247622,1,300
247669,1,300
247845,1,300
247890,1,300
247899,1,300
247932,1,300
247942,1,300
247946,1,300
248009,1,300
248016,1,300
248030,1,300
248075,1,300
248124,1,300
248136,1,300
248159,1,300
248198,1,300
248207,1,300
248244,1,300
248261,1,300
248274,1,300
248278,1,300
248307,1,300
248390,1,300
248397,1,300
248402,1,300
248480,1,300
248482,1,300
248488,1,300
248499,1,300
248514,1,300
248523,1,300
248595,1,300
248638,1,300
248647,1,300
248655,1,300
248658,1,300
248700,1,300
248739,1,300
248765,1,300
248794,1,300
248876,1,300
248911,1,300
248927,1,300
248940,1,300
249010,1,300
249016,1,300
249027,1,300
249037,1,300
249043,1,300
249062,1,300
249098,1,300
249134,1,300
249141,1,300
249153,1,300
249213,1,300
249288,1,300
249425,1,300
249446,1,300
249657,1,300
249668,1,300
249702,1,300
249731,1,300
249733,1,300
249843,1,300
249865,1,300
249878,1,300
249910,1,300
249956,1,300
250025,1,300
250031,1,300
250047,1,300
250067,1,300
250104,1,300
250132,1,300
250197,1,300
250201,1,300
250254,1,300
250406,1,300
250416,1,300
250496,1,300
250507,1,300
250530,1,300
250575,1,300
250616,1,300
250716,1,300
250761,1,300
250763,1,300
250789,1,300
250807,1,300
250891,1,300
250896,1,300
251045,1,300
251055,1,300
251166,1,300
251209,1,300
251219,1,300
251242,1,300
251264,1,300
251284,1,300
251288,1,300
251378,1,300
251420,1,300
251506,1,300
251610,1,300
251643,1,300
251680,1,300
251684,1,300
251689,1,300
251740,1,300
251754,1,300
251772,1,300
251865,1,300
251871,1,300
251883,1,300
252127,1,300
252141,1,300
252230,1,300
252286,1,300
252298,1,300
252320,1,300
252352,1,300
252417,1,300
252463,1,300
252493,1,300
252524,1,300
252621,1,300
252638,1,300
252727,1,300
252754,1,300
252777,1,300
252785,1,300
252799,1,300
252806,1,300
252807,1,300
252831,1,300
253164,1,300
253165,1,300
253166,1,300
253246,1,300
253273,1,300
253339,1,300
253364,1,300
253430,1,300
253555,1,300
253625,1,300
253760,1,300
253874,1,300
253915,1,300
253968,1,300
253992,1,300
254049,1,300
254134,1,300
254149,1,300
254149,1,300
254162,1,300
254184,1,300
254228,1,300
254269,1,300
254307,1,300
254355,1,300
254382,1,300
254400,1,300
254512,1,300
254519,1,300
254710,1,300
254787,1,300
254802,1,300
254825,1,300
254840,1,300
254913,1,300
254915,1,300
254940,1,300
254995,1,300
255075,1,300
255076,1,300
255105,1,300
255125,1,300
255163,1,300
255197,1,300
255219,1,300
255263,1,300
255316,1,300
255331,1,300
255397,1,300
255422,1,300
255549,1,300
255569,1,300
255569,1,300
255587,1,300
255616,1,300
255751,1,300
255799,1,300
255847,1,300
255937,1,300
256022,1,300
256040,1,300
256042,1,300
256062,1,300
256077,1,300
256094,1,300
256115,1,300
256120,1,300
256133,1,300
256144,1,300
256150,1,300
256159,1,300
256305,1,300
256412,1,300
256416,1,300
256489,1,300
256492,1,300
256510,1,300
256532,1,300
256538,1,300
256648,1,300
256682,1,300
256744,1,300
257039,1,300
257097,1,300
257122,1,300
257132,1,300
257142,1,300
257159,1,300
257253,1,300
257314,1,300
257367,1,300
257577,1,300
257675,1,300
257699,1,300
257716,1,300
257717,1,300
257769,1,300
257769,1,300
257777,1,300
257795,1,300
258005,1,300
258093,1,300
258116,1,300
258164,1,300
258177,1,300
258210,1,300
258214,1,300
258236,1,300
258242,1,300
258281,1,300
258426,1,300
258503,1,300
258510,1,300
258525,1,300
258582,1,300
258609,1,300
258616,1,300
258761,1,300
258787,1,300
258839,1,300
258944,1,300
259027,1,300
259050,1,300
259066,1,300
259116,1,300
259136,1,300
259198,1,300
259402,1,300
259408,1,300
259424,1,300
259431,1,300
259464,1,300
259475,1,300
259483,1,300
259487,1,300
259513,1,300
259586,1,300
259590,1,300
259674,1,300
260030,1,300
260031,1,300
260099,1,300
260136,1,300
260155,1,300
260201,1,300
260214,1,300
260227,1,300
260251,1,300
260295,1,300
260297,1,300
260386,1,300
260411,1,300
260414,1,300
260575,1,300
260685,1,300
260798,1,300
260800,1,300
260803,1,300
261001,1,300
261011,1,300
261034,1,300
261077,1,300
261086,1,300
261104,1,300
261107,1,300
261126,1,300
261156,1,300
261156,1,300
261166,1,300
261224,1,300
261288,1,300
261294,1,300
261297,1,300
261355,1,300
261414,1,300
261511,1,300
261528,1,300
261725,1,300
262010,1,300
262067,1,300
262086,1,300
262164,1,300
262230,1,300
262320,1,300
262427,1,300
262652,1,300
262798,1,300
262843,1,300
262869,1,300
262984,1,300
263010,1,300
263035,1,300
263047,1,300
263061,1,300
263083,1,300
263390,1,300
263508,1,300
263580,1,300
263585,1,300
263617,1,300
263766,1,300
263768,1,300
263854,1,300
263891,1,300
263926,1,300
263970,1,300
264033,1,300
264063,1,300
264096,1,300
264286,1,300
264364,1,300
264658,1,300
264940,1,300
265021,1,300
265021,1,300
265066,1,300
265075,1,300
265078,1,300
265098,1,300
265117,1,300
265170,1,300
265195,1,300
265300,1,300
265462,1,300
265492,1,300
265547,1,300
265578,1,300
265730,1,300
265780,1,300
265870,1,300
265879,1,300
265892,1,300
266095,1,300
266306,1,300
266342,1,300
266415,1,300
266456,1,300
266967,1,300
266993,1,300
267001,1,300
267017,1,300
267035,1,300
267073,1,300
267188,1,300
267191,1,300
267225,1,300
267270,1,300
267414,1,300
267449,1,300
267489,1,300
267641,1,300
267684,1,300
267710,1,300
267807,1,300
268037,1,300
268109,1,300
268278,1,300
268454,1,300
268679,1,300
268729,1,300
269038,1,300
269057,1,300
269059,1,300
269116,1,300
269184,1,300
269227,1,300
269523,1,300
269546,1,300
269558,1,300
269714,1,300
270195,1,300
270614,1,300
270682,1,300
271172,1,300
271183,1,300
271217,1,300
271301,1,300
271345,1,300
271392,1,300
271481,1,300
271607,1,300
271870,1,300
271874,1,300
271911,1,300
271946,1,300
272022,1,300
272136,1,300
272325,1,300
272339,1,300
272557,1,300
272635,1,300
272776,1,300
273051,1,300
273180,1,300
273201,1,300
273426,1,300
273554,1,300
273566,1,300
273659,1,300
273660,1,300
274092,1,300
274357,1,300
274476,1,300
274872,1,300
275034,1,300
275058,1,300
275121,1,300
275161,1,300
275306,1,300
275491,1,300
275667,1,300
275817,1,300
275838,1,300
275877,1,300
276452,1,300
276608,1,300
276774,1,300
276930,1,300
277038,1,300
277409,1,300
277420,1,300
277788,1,300
278550,1,300
278639,1,300
278711,1,300
279009,1,300
279073,1,300
279461,1,300
279671,1,300
279724,1,300
280112,1,300
280114,1,300
280197,1,300
280235,1,300
280618,1,300
280668,1,300
280736,1,300
281098,1,300
281224,1,300
281314,1,300
281480,1,300
281503,1,300
281583,1,300
281622,1,300
281708,1,300
282085,1,300
282323,1,300
282332,1,300
282341,1,300
282348,1,300
282360,1,300
282397,1,300
282411,1,300
282552,1,300
282569,1,300
282570,1,300
282615,1,300
282659,1,300
282684,1,300
282722,1,300
282768,1,300
282828,1,300
282854,1,300
282876,1,300
283043,1,300
283117,1,300
283223,1,300
283355,1,300
283545,1,300
283576,1,300
283630,1,300
283710,1,300
284013,1,300
284064,1,300
284158,1,300
284298,1,300
284513,1,300
284541,1,300
284633,1,300
284928,1,300
285242,1,300
285370,1,300
285370,1,300
286012,1,300
286032,1,300
286081,1,300
286082,1,300
286312,1,300
286361,1,300
286510,1,300
286727,1,300
286908,1,300
287094,1,300
287118,1,300
287410,1,300
287421,1,300
287426,1,300
288018,1,300
288210,1,300
288213,1,300
288234,1,300
288525,1,300
288593,1,300
288672,1,300
288823,1,300
289026,1,300
289035,1,300
289115,1,300
289137,1,300
289433,1,300
289435,1,300
