59,1,300
301,1,300
690,1,300
703,1,300
761,1,300
827,1,300
1178,1,300
1233,1,300
1294,1,300
1352,1,300
2006,1,300
2019,1,300
2057,1,300
2196,1,300
2368,1,300
2385,1,300
2449,1,300
2557,1,300
3130,1,300
3184,1,300
3294,1,300
3317,1,300
3411,1,300
3460,1,300
4073,1,300
4398,1,300
4409,1,300
4454,1,300
4467,1,300
4574,1,300
4609,1,300
5016,1,300
5219,1,300
5264,1,300
5697,1,300
5968,1,300
6194,1,300
6236,1,300
6426,1,300
6598,1,300
6688,1,300
7017,1,300
7030,1,300
7331,1,300
7342,1,300
7383,1,300
8162,1,300
8270,1,300
8652,1,300
8714,1,300
9089,1,300
9188,1,300
9258,1,300
9333,1,300
9412,1,300
9414,1,300
9476,1,300
9569,1,300
9616,1,300
9625,1,300
9712,1,300
9723,1,300
9971,1,300
10083,1,300
10664,1,300
10713,1,300
10784,1,300
11032,1,300
11160,1,300
11195,1,300
11224,1,300
11274,1,300
11307,1,300
11335,1,300
11617,1,300
11772,1,300
11934,1,300
12003,1,300
12395,1,300
12425,1,300
12439,1,300
12644,1,300
12653,1,300
12758,1,300
12894,1,300
13066,1,300
13257,1,300
13356,1,300
13497,1,300
13519,1,300
13713,1,300
14096,1,300
14327,1,300
14415,1,300
14423,1,300
14570,1,300
14588,1,300
14758,1,300
14925,1,300
15020,1,300
15070,1,300
15123,1,300
15172,1,300
15293,1,300
16000,1,300
16019,1,300
16255,1,300
16272,1,300
16439,1,300
16694,1,300
16712,1,300
16787,1,300
17006,1,300
17315,1,300
18642,1,300
18731,1,300
18895,1,300
18961,1,300
19117,1,300
19428,1,300
19581,1,300
20010,1,300
20366,1,300
20543,1,300
20550,1,300
20577,1,300
20657,1,300
20777,1,300
20859,1,300
20878,1,300
20960,1,300
20999,1,300
21008,1,300
21010,1,300
21019,1,300
21047,1,300
21127,1,300
21227,1,300
21285,1,300
21311,1,300
21384,1,300
21516,1,300
21518,1,300
21725,1,300
21741,1,300
21744,1,300
22012,1,300
22025,1,300
22123,1,300
22249,1,300
22273,1,300
22277,1,300
22489,1,300
22670,1,300
23041,1,300
23044,1,300
23210,1,300
23212,1,300
23321,1,300
23331,1,300
23407,1,300
23499,1,300
23542,1,300
23641,1,300
24268,1,300
24602,1,300
24633,1,300
24672,1,300
25337,1,300
25364,1,300
25427,1,300
25457,1,300
25538,1,300
25676,1,300
26146,1,300
26161,1,300
26418,1,300
26459,1,300
26576,1,300
26717,1,300
26763,1,300
26771,1,300
27268,1,300
27272,1,300
27484,1,300
27498,1,300
27533,1,300
27583,1,300
27679,1,300
27950,1,300
27957,1,300
28277,1,300
28563,1,300
28605,1,300
28674,1,300
28738,1,300
28854,1,300
29103,1,300
29126,1,300
29278,1,300
29709,1,300
29838,1,300
30057,1,300
30109,1,300
30111,1,300
30350,1,300
30355,1,300
30474,1,300
30477,1,300
30588,1,300
31225,1,300
31369,1,300
31435,1,300
31532,1,300
32005,1,300
32016,1,300
32018,1,300
32038,1,300
32134,1,300
32188,1,300
32210,1,300
32221,1,300
32226,1,300
32291,1,300
32334,1,300
32364,1,300
32388,1,300
32404,1,300
32412,1,300
32520,1,300
32565,1,300
32569,1,300
32590,1,300
32599,1,300
32612,1,300
33105,1,300
33228,1,300
33268,1,300
33338,1,300
33432,1,300
33455,1,300
33515,1,300
33561,1,300
33590,1,300
33639,1,300
33815,1,300
33887,1,300
34053,1,300
34154,1,300
34270,1,300
34322,1,300
34422,1,300
34671,1,300
34703,1,300
34768,1,300
34782,1,300
34964,1,300
35007,1,300
35047,1,300
35252,1,300
35332,1,300
35371,1,300
35409,1,300
35705,1,300
35781,1,300
35823,1,300
35868,1,300
36064,1,300
36218,1,300
36285,1,300
36343,1,300
36676,1,300
36689,1,300
37089,1,300
37173,1,300
37176,1,300
37254,1,300
37486,1,300
37677,1,300
37784,1,300
38027,1,300
38028,1,300
38029,1,300
38077,1,300
38105,1,300
38124,1,300
38257,1,300
38327,1,300
38481,1,300
38483,1,300
38563,1,300
38927,1,300
38992,1,300
39024,1,300
39109,1,300
39217,1,300
39231,1,300
39347,1,300
39347,1,300
39365,1,300
39438,1,300
39516,1,300
39700,1,300
39776,1,300
39823,1,300
39967,1,300
40128,1,300
40338,1,300
40400,1,300
40403,1,300
40479,1,300
40606,1,300
40874,1,300
40925,1,300
40929,1,300
41175,1,300
41470,1,300
41574,1,300
41686,1,300
41687,1,300
41687,1,300
42015,1,300
42121,1,300
42247,1,300
42659,1,300
42661,1,300
42735,1,300
42842,1,300
42947,1,300
43015,1,300
43099,1,300
43183,1,300
43213,1,300
43422,1,300
43501,1,300
43752,1,300
43798,1,300
43887,1,300
44023,1,300
44180,1,300
44191,1,300
44228,1,300
44233,1,300
44257,1,300
44347,1,300
44353,1,300
44394,1,300
44476,1,300
44487,1,300
44518,1,300
44628,1,300
44635,1,300
44661,1,300
44679,1,300
44694,1,300
44711,1,300
44725,1,300
44745,1,300
44771,1,300
44792,1,300
44800,1,300
44801,1,300
44803,1,300
44841,1,300
44851,1,300
45203,1,300
45224,1,300
45250,1,300
45262,1,300
45321,1,300
45350,1,300
45510,1,300
45510,1,300
45568,1,300
45572,1,300
45611,1,300
45623,1,300
45643,1,300
45651,1,300
45677,1,300
45693,1,300
45798,1,300
45808,1,300
45839,1,300
45882,1,300
46015,1,300
46022,1,300
46025,1,300
46084,1,300
46092,1,300
46107,1,300
46212,1,300
46228,1,300
46257,1,300
46294,1,300
46305,1,300
46331,1,300
46408,1,300
46419,1,300
46427,1,300
46465,1,300
46515,1,300
46546,1,300
46669,1,300
46686,1,300
47001,1,300
47197,1,300
47201,1,300
47251,1,300
47346,1,300
47439,1,300
47524,1,300
47680,1,300
47776,1,300
47819,1,300
47826,1,300
47876,1,300
47877,1,300
47991,1,300
48024,1,300
48039,1,300
48158,1,300
48182,1,300
48192,1,300
48198,1,300
48228,1,300
48245,1,300
48365,1,300
48466,1,300
48530,1,300
48549,1,300
48554,1,300
48568,1,300
48603,1,300
48635,1,300
48694,1,300
48767,1,300
48816,1,300
48862,1,300
48904,1,300
48982,1,300
49018,1,300
49078,1,300
49087,1,300
49109,1,300
49158,1,300
49252,1,300
49272,1,300
49303,1,300
49312,1,300
49466,1,300
49499,1,300
49574,1,300
49609,1,300
49730,1,300
49879,1,300
49986,1,300
50025,1,300
50035,1,300
50038,1,300
50054,1,300
50070,1,300
50125,1,300
50129,1,300
50156,1,300
50171,1,300
50192,1,300
50201,1,300
50259,1,300
50319,1,300
50343,1,300
50512,1,300
50517,1,300
50537,1,300
50656,1,300
50659,1,300
50684,1,300
50700,1,300
50730,1,300
50841,1,300
51037,1,300
51119,1,300
51230,1,300
51268,1,300
51458,1,300
51461,1,300
51596,1,300
51646,1,300
51693,1,300
51753,1,300
51758,1,300
51786,1,300
51865,1,300
51879,1,300
51973,1,300
51976,1,300
52030,1,300
52035,1,300
52042,1,300
52048,1,300
52060,1,300
52073,1,300
52102,1,300
52121,1,300
52124,1,300
52169,1,300
52197,1,300
52287,1,300
52296,1,300
52306,1,300
52316,1,300
52318,1,300
52349,1,300
52476,1,300
52499,1,300
53054,1,300
53091,1,300
53125,1,300
53166,1,300
53243,1,300
53302,1,300
53500,1,300
53518,1,300
53646,1,300
53707,1,300
53723,1,300
53772,1,300
53804,1,300
53831,1,300
53887,1,300
54001,1,300
54105,1,300
54122,1,300
54153,1,300
54191,1,300
54240,1,300
54258,1,300
54313,1,300
54522,1,300
54524,1,300
54632,1,300
54668,1,300
54680,1,300
54693,1,300
54896,1,300
54933,1,300
55007,1,300
55016,1,300
55051,1,300
55141,1,300
55158,1,300
55184,1,300
55230,1,300
55281,1,300
55348,1,300
55372,1,300
55409,1,300
55470,1,300
55490,1,300
55825,1,300
55922,1,300
55959,1,300
56020,1,300
56046,1,300
56068,1,300
56080,1,300
56083,1,300
56091,1,300
56104,1,300
56105,1,300
56108,1,300
56137,1,300
56209,1,300
56222,1,300
56228,1,300
56235,1,300
56241,1,300
56278,1,300
56281,1,300
56281,1,300
56355,1,300
56399,1,300
56429,1,300
56501,1,300
56523,1,300
56537,1,300
56619,1,300
56627,1,300
56901,1,300
56912,1,300
57063,1,300
57093,1,300
57148,1,300
57183,1,300
57188,1,300
57192,1,300
57210,1,300
57215,1,300
57222,1,300
57270,1,300
57280,1,300
57289,1,300
57307,1,300
57319,1,300
57322,1,300
57336,1,300
57406,1,300
57416,1,300
57434,1,300
57488,1,300
57516,1,300
57540,1,300
57615,1,300
57660,1,300
57663,1,300
57694,1,300
57748,1,300
57767,1,300
57792,1,300
57805,1,300
57815,1,300
57826,1,300
57888,1,300
57924,1,300
57943,1,300
58091,1,300
58202,1,300
58222,1,300
58238,1,300
58290,1,300
58300,1,300
58302,1,300
58308,1,300
58349,1,300
58352,1,300
58378,1,300
58437,1,300
58482,1,300
58502,1,300
58503,1,300
58564,1,300
58613,1,300
58631,1,300
58633,1,300
58725,1,300
58738,1,300
58751,1,300
58764,1,300
58802,1,300
58814,1,300
58894,1,300
59047,1,300
59068,1,300
59134,1,300
59137,1,300
59158,1,300
59179,1,300
59209,1,300
59232,1,300
59377,1,300
59407,1,300
59412,1,300
59428,1,300
59438,1,300
59438,1,300
59595,1,300
59598,1,300
59617,1,300
59673,1,300
59685,1,300
59730,1,300
59760,1,300
59780,1,300
60009,1,300
60070,1,300
60072,1,300
60076,1,300
60078,1,300
60119,1,300
60147,1,300
60148,1,300
60161,1,300
60176,1,300
60179,1,300
60194,1,300
60206,1,300
60210,1,300
60225,1,300
60246,1,300
60291,1,300
60340,1,300
60403,1,300
60404,1,300
60495,1,300
60508,1,300
60510,1,300
60565,1,300
60586,1,300
61003,1,300
61006,1,300
61027,1,300
61049,1,300
61072,1,300
61082,1,300
61092,1,300
61143,1,300
61156,1,300
61167,1,300
61195,1,300
61273,1,300
61283,1,300
61361,1,300
61396,1,300
61424,1,300
61438,1,300
61447,1,300
61448,1,300
61468,1,300
61497,1,300
61506,1,300
61629,1,300
61673,1,300
61681,1,300
62020,1,300
62084,1,300
62121,1,300
62263,1,300
62310,1,300
62342,1,300
62349,1,300
62427,1,300
62434,1,300
62450,1,300
62476,1,300
62517,1,300
62580,1,300
62590,1,300
62644,1,300
62724,1,300
62753,1,300
62865,1,300
62871,1,300
62871,1,300
62879,1,300
62882,1,300
62897,1,300
62904,1,300
63062,1,300
63163,1,300
63196,1,300
63224,1,300
63327,1,300
63364,1,300
63409,1,300
63439,1,300
63448,1,300
63470,1,300
63479,1,300
63494,1,300
63498,1,300
63609,1,300
63665,1,300
63670,1,300
63676,1,300
63691,1,300
63766,1,300
63766,1,300
63834,1,300
63846,1,300
63892,1,300
63902,1,300
63910,1,300
64008,1,300
64015,1,300
64020,1,300
64046,1,300
64060,1,300
64146,1,300
64151,1,300
64153,1,300
64176,1,300
64196,1,300
64198,1,300
64238,1,300
64329,1,300
64356,1,300
64396,1,300
64480,1,300
64509,1,300
64538,1,300
64558,1,300
64628,1,300
64676,1,300
64726,1,300
64727,1,300
64740,1,300
65014,1,300
65021,1,300
65065,1,300
65090,1,300
65136,1,300
65400,1,300
65420,1,300
65444,1,300
65449,1,300
65476,1,300
65505,1,300
65626,1,300
65740,1,300
65774,1,300
65816,1,300
65863,1,300
65957,1,300
66000,1,300
66068,1,300
66080,1,300
66091,1,300
66130,1,300
66135,1,300
66154,1,300
66169,1,300
66184,1,300
66196,1,300
66271,1,300
66298,1,300
66301,1,300
66327,1,300
66354,1,300
66363,1,300
66375,1,300
66376,1,300
66415,1,300
66456,1,300
66572,1,300
66585,1,300
66598,1,300
66602,1,300
66605,1,300
66622,1,300
66635,1,300
66636,1,300
66670,1,300
66675,1,300
66709,1,300
67010,1,300
67029,1,300
67070,1,300
67097,1,300
67103,1,300
67147,1,300
67211,1,300
67230,1,300
67235,1,300
67293,1,300
67354,1,300
67361,1,300
67442,1,300
67478,1,300
67497,1,300
67571,1,300
67586,1,300
67601,1,300
67645,1,300
67658,1,300
67669,1,300
67705,1,300
67706,1,300
67720,1,300
67722,1,300
67735,1,300
68005,1,300
68011,1,300
68019,1,300
68037,1,300
68091,1,300
68118,1,300
68142,1,300
68153,1,300
68179,1,300
68243,1,300
68252,1,300
68267,1,300
68321,1,300
68334,1,300
68334,1,300
68337,1,300
68359,1,300
68380,1,300
68382,1,300
68434,1,300
68511,1,300
68564,1,300
68574,1,300
68589,1,300
68652,1,300
68680,1,300
68692,1,300
68698,1,300
68754,1,300
68766,1,300
68806,1,300
68823,1,300
68840,1,300
68849,1,300
68860,1,300
68887,1,300
68898,1,300
68915,1,300
68923,1,300
68934,1,300
68937,1,300
68954,1,300
68967,1,300
69009,1,300
69026,1,300
69027,1,300
69058,1,300
69073,1,300
69093,1,300
69098,1,300
69124,1,300
69141,1,300
69147,1,300
69168,1,300
69273,1,300
69364,1,300
69371,1,300
69396,1,300
69412,1,300
69489,1,300
69494,1,300
69515,1,300
69561,1,300
69646,1,300
69649,1,300
69664,1,300
69665,1,300
69687,1,300
69821,1,300
69895,1,300
69897,1,300
69924,1,300
69988,1,300
70001,1,300
70024,1,300
70040,1,300
70071,1,300
70086,1,300
70088,1,300
70095,1,300
70097,1,300
70133,1,300
70135,1,300
70139,1,300
70139,1,300
70157,1,300
70177,1,300
70184,1,300
70192,1,300
70200,1,300
70214,1,300
70271,1,300
70289,1,300
70318,1,300
70343,1,300
70395,1,300
70401,1,300
70453,1,300
70458,1,300
70461,1,300
70465,1,300
70519,1,300
70531,1,300
70534,1,300
70550,1,300
70587,1,300
70610,1,300
70656,1,300
70685,1,300
70690,1,300
70776,1,300
70796,1,300
70830,1,300
70830,1,300
70861,1,300
70938,1,300
70942,1,300
70947,1,300
71047,1,300
71055,1,300
71089,1,300
71122,1,300
71131,1,300
71134,1,300
71148,1,300
71172,1,300
71174,1,300
71200,1,300
71293,1,300
71344,1,300
71345,1,300
71349,1,300
71395,1,300
71412,1,300
71429,1,300
71440,1,300
71480,1,300
71506,1,300
71563,1,300
71563,1,300
71578,1,300
71667,1,300
71710,1,300
71738,1,300
71847,1,300
71887,1,300
71945,1,300
71968,1,300
72003,1,300
72005,1,300
72009,1,300
72042,1,300
72046,1,300
72052,1,300
72060,1,300
72067,1,300
72076,1,300
72077,1,300
72089,1,300
72136,1,300
72208,1,300
72233,1,300
72300,1,300
72307,1,300
72317,1,300
72369,1,300
72396,1,300
72437,1,300
72449,1,300
72450,1,300
72450,1,300
72476,1,300
72541,1,300
72550,1,300
72629,1,300
72632,1,300
72636,1,300
72652,1,300
72655,1,300
72689,1,300
72774,1,300
72806,1,300
72839,1,300
72871,1,300
72908,1,300
72917,1,300
72970,1,300
73014,1,300
73016,1,300
73057,1,300
73078,1,300
73085,1,300
73206,1,300
73216,1,300
73241,1,300
73278,1,300
73285,1,300
73333,1,300
73349,1,300
73360,1,300
73450,1,300
73451,1,300
73465,1,300
73522,1,300
73546,1,300
73582,1,300
73635,1,300
73653,1,300
73696,1,300
73706,1,300
73732,1,300
73745,1,300
73747,1,300
73794,1,300
73893,1,300
73894,1,300
73896,1,300
73904,1,300
73973,1,300
73973,1,300
73974,1,300
74010,1,300
74024,1,300
74028,1,300
74042,1,300
74068,1,300
74073,1,300
74084,1,300
74113,1,300
74155,1,300
74243,1,300
74254,1,300
74274,1,300
74278,1,300
74364,1,300
74460,1,300
74494,1,300
74509,1,300
74513,1,300
74551,1,300
74582,1,300
74604,1,300
74654,1,300
74658,1,300
74692,1,300
74699,1,300
74766,1,300
74779,1,300
74780,1,300
74788,1,300
74839,1,300
74885,1,300
74929,1,300
74930,1,300
74974,1,300
75018,1,300
75080,1,300
75101,1,300
75108,1,300
75111,1,300
75137,1,300
75318,1,300
75359,1,300
75438,1,300
75453,1,300
75464,1,300
75482,1,300
75518,1,300
75616,1,300
75622,1,300
75632,1,300
75690,1,300
75738,1,300
75742,1,300
75759,1,300
75774,1,300
75774,1,300
75795,1,300
75856,1,300
75871,1,300
75904,1,300
75964,1,300
75971,1,300
75977,1,300
75989,1,300
75992,1,300
76002,1,300
76007,1,300
76010,1,300
76053,1,300
76079,1,300
76082,1,300
76105,1,300
76130,1,300
76139,1,300
76145,1,300
76150,1,300
76167,1,300
76171,1,300
76172,1,300
76191,1,300
76192,1,300
76270,1,300
76319,1,300
76381,1,300
76387,1,300
76423,1,300
76433,1,300
76500,1,300
76509,1,300
76565,1,300
76568,1,300
76581,1,300
76620,1,300
76703,1,300
76716,1,300
76760,1,300
76763,1,300
76775,1,300
76776,1,300
76781,1,300
76786,1,300
76790,1,300
76848,1,300
76922,1,300
76924,1,300
76956,1,300
77007,1,300
77025,1,300
77064,1,300
77095,1,300
77117,1,300
77194,1,300
77233,1,300
77254,1,300
77262,1,300
77316,1,300
77330,1,300
77339,1,300
77339,1,300
77361,1,300
77378,1,300
77408,1,300
77413,1,300
77470,1,300
77475,1,300
77483,1,300
77510,1,300
77518,1,300
77530,1,300
77535,1,300
77611,1,300
77631,1,300
77687,1,300
77707,1,300
77744,1,300
77775,1,300
77802,1,300
77805,1,300
77808,1,300
77816,1,300
77857,1,300
78054,1,300
78067,1,300
78099,1,300
78133,1,300
78152,1,300
78183,1,300
78227,1,300
78237,1,300
78240,1,300
78244,1,300
78284,1,300
78306,1,300
78325,1,300
78356,1,300
78363,1,300
78372,1,300
78445,1,300
78508,1,300
78562,1,300
78618,1,300
78653,1,300
78666,1,300
78679,1,300
78745,1,300
78751,1,300
78778,1,300
78803,1,300
78840,1,300
78856,1,300
78862,1,300
78872,1,300
78933,1,300
79010,1,300
79025,1,300
79044,1,300
79091,1,300
79132,1,300
79167,1,300
79170,1,300
79202,1,300
79237,1,300
79247,1,300
79278,1,300
79324,1,300
79327,1,300
79351,1,300
79382,1,300
79430,1,300
79453,1,300
79576,1,300
79601,1,300
79636,1,300
79661,1,300
79674,1,300
79744,1,300
79790,1,300
79799,1,300
79800,1,300
79814,1,300
79824,1,300
79853,1,300
79888,1,300
79934,1,300
80014,1,300
80020,1,300
80027,1,300
80042,1,300
80046,1,300
80059,1,300
80097,1,300
80104,1,300
80106,1,300
80142,1,300
80147,1,300
80149,1,300
80163,1,300
80175,1,300
80227,1,300
80268,1,300
80270,1,300
80284,1,300
80322,1,300
80335,1,300
80347,1,300
80369,1,300
80429,1,300
80431,1,300
80456,1,300
80496,1,300
80535,1,300
80551,1,300
80645,1,300
80655,1,300
80711,1,300
80721,1,300
80728,1,300
80730,1,300
80759,1,300
80771,1,300
80836,1,300
80861,1,300
80892,1,300
80910,1,300
80912,1,300
80929,1,300
80932,1,300
80935,1,300
80985,1,300
80997,1,300
81000,1,300
81007,1,300
81008,1,300
81011,1,300
81013,1,300
81084,1,300
81106,1,300
81111,1,300
81117,1,300
81163,1,300
81215,1,300
81221,1,300
81242,1,300
81279,1,300
81307,1,300
81336,1,300
81362,1,300
81378,1,300
81434,1,300
81465,1,300
81507,1,300
81519,1,300
81521,1,300
81526,1,300
81532,1,300
81592,1,300
81628,1,300
81632,1,300
81636,1,300
81657,1,300
81689,1,300
81707,1,300
81719,1,300
81766,1,300
81773,1,300
81800,1,300
81843,1,300
81924,1,300
81927,1,300
81938,1,300
81946,1,300
82000,1,300
82003,1,300
82014,1,300
82024,1,300
82028,1,300
82045,1,300
82057,1,300
82130,1,300
82137,1,300
82182,1,300
82239,1,300
82269,1,300
82293,1,300
82325,1,300
82427,1,300
82431,1,300
82442,1,300
82464,1,300
82477,1,300
82484,1,300
82499,1,300
82544,1,300
82586,1,300
82604,1,300
82680,1,300
82698,1,300
82708,1,300
82773,1,300
82820,1,300
82830,1,300
82837,1,300
82848,1,300
82866,1,300
82885,1,300
82904,1,300
82911,1,300
82920,1,300
82921,1,300
83022,1,300
83028,1,300
83046,1,300
83075,1,300
83081,1,300
83089,1,300
83092,1,300
83126,1,300
83161,1,300
83163,1,300
83167,1,300
83169,1,300
83177,1,300
83183,1,300
83218,1,300
83230,1,300
83255,1,300
83317,1,300
83320,1,300
83352,1,300
83357,1,300
83357,1,300
83376,1,300
83398,1,300
83445,1,300
83476,1,300
83478,1,300
83512,1,300
83515,1,300
83517,1,300
83525,1,300
83585,1,300
83631,1,300
83640,1,300
83691,1,300
83695,1,300
83774,1,300
83796,1,300
83821,1,300
83853,1,300
83858,1,300
83892,1,300
83910,1,300
83912,1,300
83950,1,300
84004,1,300
84016,1,300
84016,1,300
84030,1,300
84033,1,300
84080,1,300
84081,1,300
84089,1,300
84094,1,300
84097,1,300
84140,1,300
84204,1,300
84240,1,300
84350,1,300
84367,1,300
84413,1,300
84428,1,300
84449,1,300
84456,1,300
84486,1,300
84517,1,300
84534,1,300
84541,1,300
84548,1,300
84593,1,300
84595,1,300
84606,1,300
84614,1,300
84619,1,300
84655,1,300
84676,1,300
84717,1,300
84718,1,300
84741,1,300
84796,1,300
84817,1,300
84821,1,300
85002,1,300
85015,1,300
85015,1,300
85046,1,300
85065,1,300
85087,1,300
85139,1,300
85146,1,300
85160,1,300
85161,1,300
85190,1,300
85199,1,300
85232,1,300
85234,1,300
85238,1,300
85245,1,300
85251,1,300
85252,1,300
85255,1,300
85264,1,300
85270,1,300
85280,1,300
85375,1,300
85387,1,300
85404,1,300
85411,1,300
85451,1,300
85521,1,300
85522,1,300
85559,1,300
85571,1,300
85630,1,300
85632,1,300
85637,1,300
85637,1,300
85641,1,300
85675,1,300
85686,1,300
85760,1,300
86032,1,300
86034,1,300
86094,1,300
86104,1,300
86146,1,300
86301,1,300
86310,1,300
86311,1,300
86379,1,300
86403,1,300
86438,1,300
86446,1,300
86489,1,300
86539,1,300
86590,1,300
86619,1,300
86639,1,300
86693,1,300
86694,1,300
86746,1,300
86765,1,300
86806,1,300
86815,1,300
86815,1,300
86826,1,300
86831,1,300
86844,1,300
86845,1,300
86856,1,300
86882,1,300
86893,1,300
86901,1,300
86917,1,300
86950,1,300
86982,1,300
87011,1,300
87038,1,300
87059,1,300
87089,1,300
87097,1,300
87129,1,300
87133,1,300
87159,1,300
87176,1,300
87223,1,300
87244,1,300
87253,1,300
87261,1,300
87267,1,300
87316,1,300
87332,1,300
87340,1,300
87407,1,300
87416,1,300
87458,1,300
87480,1,300
87527,1,300
87564,1,300
87615,1,300
87669,1,300
87703,1,300
87705,1,300
87718,1,300
87719,1,300
87776,1,300
87803,1,300
87854,1,300
87895,1,300
87947,1,300
87957,1,300
87968,1,300
87990,1,300
87994,1,300
88007,1,300
88019,1,300
88027,1,300
88058,1,300
88068,1,300
88134,1,300
88159,1,300
88198,1,300
88208,1,300
88267,1,300
88275,1,300
88287,1,300
88289,1,300
88295,1,300
88299,1,300
88365,1,300
88379,1,300
88428,1,300
88433,1,300
88444,1,300
88494,1,300
88498,1,300
88513,1,300
88522,1,300
88530,1,300
88579,1,300
88740,1,300
88748,1,300
88759,1,300
88799,1,300
88810,1,300
88877,1,300
88883,1,300
88952,1,300
88977,1,300
88992,1,300
89003,1,300
89005,1,300
89011,1,300
89017,1,300
89060,1,300
89063,1,300
89106,1,300
89109,1,300
89110,1,300
89122,1,300
89130,1,300
89135,1,300
89145,1,300
89159,1,300
89179,1,300
89264,1,300
89287,1,300
89306,1,300
89324,1,300
89366,1,300
89369,1,300
89526,1,300
89536,1,300
89557,1,300
89622,1,300
89624,1,300
89627,1,300
89638,1,300
89644,1,300
89669,1,300
89687,1,300
89707,1,300
89760,1,300
89768,1,300
89813,1,300
89910,1,300
89913,1,300
89941,1,300
89975,1,300
89979,1,300
90002,1,300
90027,1,300
90047,1,300
90062,1,300
90068,1,300
90074,1,300
90084,1,300
90097,1,300
90138,1,300
90220,1,300
90222,1,300
90240,1,300
90328,1,300
90337,1,300
90356,1,300
90438,1,300
90455,1,300
90513,1,300
90547,1,300
90560,1,300
90572,1,300
90663,1,300
90677,1,300
90726,1,300
90748,1,300
90784,1,300
90862,1,300
90877,1,300
90923,1,300
90935,1,300
91055,1,300
91060,1,300
91063,1,300
91102,1,300
91104,1,300
91107,1,300
91107,1,300
91117,1,300
91118,1,300
91127,1,300
91142,1,300
91146,1,300
91150,1,300
91170,1,300
91172,1,300
91173,1,300
91207,1,300
91208,1,300
91213,1,300
91222,1,300
91237,1,300
91249,1,300
91272,1,300
91277,1,300
91354,1,300
91386,1,300
91417,1,300
91446,1,300
91476,1,300
91480,1,300
91513,1,300
91518,1,300
91539,1,300
91554,1,300
91562,1,300
91577,1,300
91585,1,300
91601,1,300
91652,1,300
91723,1,300
91748,1,300
91762,1,300
91791,1,300
91803,1,300
91839,1,300
91904,1,300
92007,1,300
92015,1,300
92021,1,300
92024,1,300
92025,1,300
92025,1,300
92044,1,300
92078,1,300
92096,1,300
92104,1,300
92104,1,300
92106,1,300
92154,1,300
92179,1,300
92187,1,300
92214,1,300
92237,1,300
92248,1,300
92265,1,300
92276,1,300
92278,1,300
92301,1,300
92323,1,300
92335,1,300
92360,1,300
92366,1,300
92380,1,300
92382,1,300
92420,1,300
92431,1,300
92433,1,300
92437,1,300
92462,1,300
92465,1,300
92467,1,300
92542,1,300
92562,1,300
92582,1,300
92584,1,300
92600,1,300
92623,1,300
92625,1,300
92638,1,300
92639,1,300
92658,1,300
92689,1,300
92690,1,300
92690,1,300
92698,1,300
92700,1,300
92779,1,300
92796,1,300
92807,1,300
92818,1,300
92834,1,300
92844,1,300
92852,1,300
93023,1,300
93026,1,300
93037,1,300
93052,1,300
93054,1,300
93059,1,300
93111,1,300
93154,1,300
93206,1,300
93237,1,300
93249,1,300
93316,1,300
93322,1,300
93359,1,300
93360,1,300
93379,1,300
93414,1,300
93438,1,300
93482,1,300
93519,1,300
93529,1,300
93548,1,300
93553,1,300
93569,1,300
93619,1,300
93629,1,300
93682,1,300
93689,1,300
93704,1,300
93722,1,300
93737,1,300
93759,1,300
93765,1,300
93810,1,300
93860,1,300
93928,1,300
93934,1,300
93949,1,300
94005,1,300
94029,1,300
94036,1,300
94038,1,300
94050,1,300
94051,1,300
94052,1,300
94054,1,300
94054,1,300
94063,1,300
94127,1,300
94147,1,300
94165,1,300
94189,1,300
94202,1,300
94249,1,300
94254,1,300
94313,1,300
94329,1,300
94351,1,300
94360,1,300
94362,1,300
94363,1,300
94424,1,300
94445,1,300
94452,1,300
94456,1,300
94490,1,300
94490,1,300
94492,1,300
94520,1,300
94527,1,300
94574,1,300
94581,1,300
94582,1,300
94686,1,300
94701,1,300
94732,1,300
94740,1,300
94741,1,300
94760,1,300
94796,1,300
94880,1,300
94881,1,300
94883,1,300
95035,1,300
95076,1,300
95089,1,300
95093,1,300
95096,1,300
95128,1,300
95160,1,300
95162,1,300
95171,1,300
95174,1,300
95176,1,300
95186,1,300
95205,1,300
95233,1,300
95257,1,300
95298,1,300
95306,1,300
95310,1,300
95329,1,300
95337,1,300
95341,1,300
95351,1,300
95416,1,300
95487,1,300
95513,1,300
95519,1,300
95545,1,300
95549,1,300
95562,1,300
95605,1,300
95606,1,300
95693,1,300
95793,1,300
95816,1,300
95828,1,300
95839,1,300
95855,1,300
95876,1,300
95921,1,300
95936,1,300
96004,1,300
96012,1,300
96044,1,300
96134,1,300
96148,1,300
96248,1,300
96254,1,300
96263,1,300
96305,1,300
96323,1,300
96349,1,300
96399,1,300
96410,1,300
96448,1,300
96465,1,300
96467,1,300
96484,1,300
96496,1,300
96501,1,300
96542,1,300
96550,1,300
96559,1,300
96560,1,300
96593,1,300
96618,1,300
96628,1,300
96661,1,300
96663,1,300
96684,1,300
96697,1,300
96698,1,300
96699,1,300
96705,1,300
96712,1,300
96720,1,300
96730,1,300
96779,1,300
96796,1,300
97004,1,300
97056,1,300
97102,1,300
97115,1,300
97115,1,300
97133,1,300
97154,1,300
97160,1,300
97167,1,300
97276,1,300
97284,1,300
97314,1,300
97329,1,300
97342,1,300
97384,1,300
97436,1,300
97450,1,300
97492,1,300
97519,1,300
97559,1,300
97560,1,300
97568,1,300
97570,1,300
97603,1,300
97612,1,300
97639,1,300
97708,1,300
97743,1,300
97787,1,300
97818,1,300
97876,1,300
97889,1,300
97929,1,300
98009,1,300
98012,1,300
98036,1,300
98079,1,300
98091,1,300
98099,1,300
98113,1,300
98114,1,300
98118,1,300
98120,1,300
98121,1,300
98124,1,300
98126,1,300
98137,1,300
98169,1,300
98172,1,300
98194,1,300
98213,1,300
98239,1,300
98258,1,300
98263,1,300
98402,1,300
98500,1,300
98548,1,300
98593,1,300
98664,1,300
98670,1,300
98679,1,300
98697,1,300
98757,1,300
98770,1,300
98799,1,300
98831,1,300
98893,1,300
98916,1,300
98925,1,300
98979,1,300
98995,1,300
99001,1,300
99021,1,300
99047,1,300
99057,1,300
99069,1,300
99112,1,300
99131,1,300
99161,1,300
99163,1,300
99175,1,300
99188,1,300
99191,1,300
99211,1,300
99211,1,300
99214,1,300
99216,1,300
99225,1,300
99232,1,300
99255,1,300
99264,1,300
99291,1,300
99361,1,300
99368,1,300
99368,1,300
99378,1,300
99451,1,300
99462,1,300
99482,1,300
99503,1,300
99524,1,300
99535,1,300
99601,1,300
99631,1,300
99634,1,300
99691,1,300
99692,1,300
99697,1,300
99720,1,300
99778,1,300
99781,1,300
99798,1,300
99803,1,300
99815,1,300
99891,1,300
99900,1,300
100016,1,300
100030,1,300
100037,1,300
100053,1,300
100111,1,300
100125,1,300
100136,1,300
100171,1,300
100188,1,300
100195,1,300
100201,1,300
100241,1,300
100280,1,300
100395,1,300
100418,1,300
100432,1,300
100524,1,300
100571,1,300
100586,1,300
100632,1,300
100654,1,300
100660,1,300
100663,1,300
100669,1,300
100688,1,300
100759,1,300
100761,1,300
100802,1,300
100812,1,300
100812,1,300
100856,1,300
100870,1,300
100875,1,300
100903,1,300
100933,1,300
101015,1,300
101035,1,300
101135,1,300
101140,1,300
101141,1,300
101165,1,300
101200,1,300
101256,1,300
101283,1,300
101325,1,300
101347,1,300
101355,1,300
101439,1,300
101449,1,300
101476,1,300
101487,1,300
101569,1,300
101593,1,300
101594,1,300
101606,1,300
101633,1,300
101729,1,300
101737,1,300
101752,1,300
101757,1,300
101760,1,300
101801,1,300
101820,1,300
101825,1,300
101893,1,300
101905,1,300
101909,1,300
101929,1,300
102034,1,300
102034,1,300
102063,1,300
102069,1,300
102134,1,300
102141,1,300
102165,1,300
102165,1,300
102259,1,300
102268,1,300
102274,1,300
102295,1,300
102308,1,300
102336,1,300
102354,1,300
102378,1,300
102398,1,300
102403,1,300
102434,1,300
102441,1,300
102460,1,300
102469,1,300
102496,1,300
102522,1,300
102635,1,300
102666,1,300
102753,1,300
102757,1,300
102758,1,300
102783,1,300
102820,1,300
102831,1,300
102847,1,300
102864,1,300
102895,1,300
102922,1,300
102923,1,300
102998,1,300
103015,1,300
103022,1,300
103051,1,300
103060,1,300
103106,1,300
103155,1,300
103197,1,300
103251,1,300
103305,1,300
103338,1,300
103393,1,300
103413,1,300
103420,1,300
103480,1,300
103499,1,300
103540,1,300
103550,1,300
103602,1,300
103613,1,300
103619,1,300
103640,1,300
103641,1,300
103665,1,300
103666,1,300
103685,1,300
103731,1,300
103813,1,300
103817,1,300
103833,1,300
103851,1,300
103861,1,300
103913,1,300
103940,1,300
104015,1,300
104067,1,300
104078,1,300
104101,1,300
104101,1,300
104139,1,300
104182,1,300
104192,1,300
104213,1,300
104261,1,300
104262,1,300
104341,1,300
104408,1,300
104418,1,300
104465,1,300
104522,1,300
104681,1,300
104684,1,300
104702,1,300
104765,1,300
104790,1,300
104791,1,300
104838,1,300
104853,1,300
104864,1,300
104874,1,300
104879,1,300
104890,1,300
104897,1,300
104911,1,300
104919,1,300
104947,1,300
104966,1,300
104972,1,300
104974,1,300
105003,1,300
105019,1,300
105022,1,300
105025,1,300
105053,1,300
105059,1,300
105062,1,300
105080,1,300
105091,1,300
105093,1,300
105116,1,300
105132,1,300
105133,1,300
105134,1,300
105138,1,300
105177,1,300
105185,1,300
105218,1,300
105250,1,300
105263,1,300
105263,1,300
105341,1,300
105359,1,300
105426,1,300
105473,1,300
105531,1,300
105633,1,300
105633,1,300
105654,1,300
105703,1,300
105825,1,300
105894,1,300
105912,1,300
105914,1,300
105916,1,300
105928,1,300
105936,1,300
105938,1,300
105966,1,300
105989,1,300
106005,1,300
106016,1,300
106035,1,300
106144,1,300
106238,1,300
106241,1,300
106315,1,300
106326,1,300
106369,1,300
106385,1,300
106436,1,300
106504,1,300
106511,1,300
106553,1,300
106598,1,300
106621,1,300
106655,1,300
106661,1,300
106688,1,300
106723,1,300
106759,1,300
106797,1,300
106800,1,300
106805,1,300
106906,1,300
106922,1,300
106930,1,300
106938,1,300
106973,1,300
107006,1,300
107050,1,300
107065,1,300
107067,1,300
107110,1,300
107121,1,300
107122,1,300
107138,1,300
107150,1,300
107182,1,300
107252,1,300
107266,1,300
107328,1,300
107378,1,300
107395,1,300
107437,1,300
107460,1,300
107482,1,300
107491,1,300
107517,1,300
107595,1,300
107612,1,300
107665,1,300
107783,1,300
107796,1,300
107839,1,300
107852,1,300
107914,1,300
107917,1,300
107976,1,300
107984,1,300
108049,1,300
108063,1,300
108067,1,300
108072,1,300
108104,1,300
108111,1,300
108155,1,300
108194,1,300
108310,1,300
108371,1,300
108475,1,300
108494,1,300
108502,1,300
108571,1,300
108612,1,300
108714,1,300
108719,1,300
108752,1,300
108766,1,300
108779,1,300
108789,1,300
108796,1,300
108829,1,300
108851,1,300
108863,1,300
108892,1,300
108919,1,300
108988,1,300
109134,1,300
109146,1,300
109165,1,300
109181,1,300
109228,1,300
109253,1,300
109295,1,300
109384,1,300
109414,1,300
109415,1,300
109472,1,300
109475,1,300
109553,1,300
109605,1,300
109618,1,300
109672,1,300
109706,1,300
109719,1,300
109720,1,300
109771,1,300
109794,1,300
109858,1,300
109871,1,300
109874,1,300
109883,1,300
109919,1,300
109980,1,300
109981,1,300
109987,1,300
109996,1,300
110029,1,300
110048,1,300
110050,1,300
110052,1,300
110068,1,300
110098,1,300
110163,1,300
110170,1,300
110171,1,300
110189,1,300
110217,1,300
110290,1,300
110337,1,300
110382,1,300
110403,1,300
110468,1,300
110469,1,300
110534,1,300
110540,1,300
110540,1,300
110562,1,300
110625,1,300
110679,1,300
110694,1,300
110857,1,300
110875,1,300
110917,1,300
110934,1,300
110935,1,300
110942,1,300
111040,1,300
111069,1,300
111070,1,300
111170,1,300
111427,1,300
111432,1,300
111445,1,300
111464,1,300
111481,1,300
111528,1,300
111650,1,300
111823,1,300
111829,1,300
111833,1,300
111845,1,300
111848,1,300
111872,1,300
111888,1,300
111920,1,300
111986,1,300
112053,1,300
112092,1,300
112121,1,300
112135,1,300
112144,1,300
112149,1,300
112163,1,300
112171,1,300
112187,1,300
112211,1,300
112253,1,300
112299,1,300
112301,1,300
112305,1,300
112318,1,300
112323,1,300
112331,1,300
112339,1,300
112345,1,300
112405,1,300
112414,1,300
112424,1,300
112426,1,300
112460,1,300
112498,1,300
112501,1,300
112503,1,300
112521,1,300
112543,1,300
112548,1,300
112603,1,300
112632,1,300
112636,1,300
112648,1,300
112753,1,300
112826,1,300
112829,1,300
112876,1,300
113061,1,300
113076,1,300
113117,1,300
113192,1,300
113234,1,300
113239,1,300
113316,1,300
113332,1,300
113337,1,300
113383,1,300
113456,1,300
113468,1,300
113483,1,300
113508,1,300
113569,1,300
113647,1,300
113653,1,300
113663,1,300
113669,1,300
113674,1,300
113682,1,300
113686,1,300
113716,1,300
113741,1,300
113758,1,300
113776,1,300
113795,1,300
114039,1,300
114057,1,300
114162,1,300
114222,1,300
114288,1,300
114310,1,300
114350,1,300
114381,1,300
114501,1,300
114634,1,300
114652,1,300
114670,1,300
114670,1,300
114703,1,300
114745,1,300
114752,1,300
114847,1,300
114852,1,300
114978,1,300
114990,1,300
115002,1,300
115005,1,300
115051,1,300
115060,1,300
115078,1,300
115089,1,300
115131,1,300
115160,1,300
115161,1,300
115161,1,300
115163,1,300
115167,1,300
115176,1,300
115235,1,300
115266,1,300
115267,1,300
115278,1,300
115289,1,300
115325,1,300
115377,1,300
115389,1,300
115389,1,300
115408,1,300
115577,1,300
115579,1,300
115587,1,300
115609,1,300
115674,1,300
115690,1,300
115726,1,300
115753,1,300
115775,1,300
115799,1,300
115830,1,300
115839,1,300
116021,1,300
116022,1,300
116110,1,300
116157,1,300
116163,1,300
116195,1,300
116206,1,300
116227,1,300
116239,1,300
116240,1,300
116256,1,300
116259,1,300
116280,1,300
116309,1,300
116360,1,300
116382,1,300
116387,1,300
116422,1,300
116521,1,300
116522,1,300
116557,1,300
116567,1,300
116583,1,300
116607,1,300
116677,1,300
116803,1,300
116849,1,300
116874,1,300
116886,1,300
116894,1,300
117025,1,300
117055,1,300
117078,1,300
117107,1,300
117158,1,300
117180,1,300
117229,1,300
117252,1,300
117265,1,300
117277,1,300
117414,1,300
117462,1,300
117475,1,300
117484,1,300
117621,1,300
117657,1,300
117661,1,300
117710,1,300
117747,1,300
117793,1,300
117818,1,300
117825,1,300
118098,1,300
118139,1,300
118150,1,300
118173,1,300
118202,1,300
118284,1,300
118290,1,300
118298,1,300
118378,1,300
118394,1,300
118396,1,300
118412,1,300
118418,1,300
118433,1,300
118524,1,300
118551,1,300
118598,1,300
118632,1,300
118649,1,300
118682,1,300
118720,1,300
119048,1,300
119064,1,300
119080,1,300
119081,1,300
119094,1,300
119177,1,300
119191,1,300
119232,1,300
119236,1,300
119246,1,300
119342,1,300
119350,1,300
119382,1,300
119409,1,300
119422,1,300
119427,1,300
119457,1,300
119598,1,300
119621,1,300
119635,1,300
120077,1,300
120117,1,300
120163,1,300
120179,1,300
120198,1,300
120221,1,300
120256,1,300
120271,1,300
120273,1,300
120331,1,300
120367,1,300
120408,1,300
120427,1,300
120435,1,300
120484,1,300
120489,1,300
120493,1,300
120594,1,300
120599,1,300
120684,1,300
121119,1,300
121179,1,300
121256,1,300
121267,1,300
121319,1,300
121341,1,300
121346,1,300
121409,1,300
121440,1,300
121566,1,300
121567,1,300
121575,1,300
121585,1,300
121644,1,300
121659,1,300
121691,1,300
121709,1,300
121720,1,300
121846,1,300
121890,1,300
122130,1,300
122144,1,300
122242,1,300
122328,1,300
122479,1,300
122505,1,300
122578,1,300
122715,1,300
122859,1,300
122983,1,300
123008,1,300
123052,1,300
123052,1,300
123079,1,300
123085,1,300
123112,1,300
123118,1,300
123135,1,300
123170,1,300
123175,1,300
123186,1,300
123198,1,300
123199,1,300
123229,1,300
123317,1,300
123347,1,300
123396,1,300
123420,1,300
123531,1,300
123551,1,300
123683,1,300
123826,1,300
123861,1,300
123874,1,300
123904,1,300
123973,1,300
123984,1,300
123997,1,300
124001,1,300
124034,1,300
124084,1,300
124123,1,300
124216,1,300
124430,1,300
124458,1,300
124595,1,300
124700,1,300
124708,1,300
124749,1,300
124822,1,300
124851,1,300
124938,1,300
124945,1,300
124946,1,300
125074,1,300
125118,1,300
125136,1,300
125155,1,300
125190,1,300
125252,1,300
125253,1,300
125268,1,300
125276,1,300
125313,1,300
125432,1,300
125441,1,300
125462,1,300
125467,1,300
125612,1,300
125659,1,300
125727,1,300
125849,1,300
125892,1,300
125967,1,300
126027,1,300
126063,1,300
126079,1,300
126079,1,300
126081,1,300
126176,1,300
126197,1,300
126208,1,300
126299,1,300
126322,1,300
126384,1,300
126401,1,300
126498,1,300
126542,1,300
126547,1,300
126572,1,300
126667,1,300
126669,1,300
127024,1,300
127060,1,300
127070,1,300
127111,1,300
127126,1,300
127175,1,300
127177,1,300
127396,1,300
127400,1,300
127492,1,300
127577,1,300
127583,1,300
127599,1,300
127684,1,300
127699,1,300
127767,1,300
128067,1,300
128076,1,300
128077,1,300
128087,1,300
128098,1,300
128135,1,300
128407,1,300
128503,1,300
128515,1,300
128644,1,300
128648,1,300
128682,1,300
128705,1,300
128707,1,300
128734,1,300
128749,1,300
128774,1,300
128820,1,300
128902,1,300
128949,1,300
128951,1,300
129007,1,300
129229,1,300
129312,1,300
129341,1,300
129400,1,300
129471,1,300
129577,1,300
129584,1,300
129676,1,300
129681,1,300
129689,1,300
129747,1,300
129885,1,300
129900,1,300
129902,1,300
129904,1,300
130014,1,300
130157,1,300
130206,1,300
130211,1,300
130217,1,300
130294,1,300
130358,1,300
130363,1,300
130384,1,300
130397,1,300
130419,1,300
130534,1,300
130574,1,300
130587,1,300
130704,1,300
131080,1,300
131080,1,300
131088,1,300
131146,1,300
131163,1,300
131404,1,300
131459,1,300
131462,1,300
131530,1,300
131627,1,300
131710,1,300
131807,1,300
131902,1,300
131994,1,300
132297,1,300
132313,1,300
132438,1,300
132587,1,300
132770,1,300
132850,1,300
132941,1,300
132999,1,300
133065,1,300
133071,1,300
133147,1,300
133147,1,300
133156,1,300
133167,1,300
133309,1,300
133359,1,300
133441,1,300
133642,1,300
133655,1,300
133814,1,300
133907,1,300
134050,1,300
134092,1,300
134441,1,300
134454,1,300
134514,1,300
134527,1,300
134530,1,300
134567,1,300
134574,1,300
134575,1,300
134648,1,300
134667,1,300
134794,1,300
134796,1,300
135160,1,300
135171,1,300
135196,1,300
135199,1,300
135214,1,300
135224,1,300
135315,1,300
135353,1,300
135363,1,300
135523,1,300
135808,1,300
135856,1,300
135976,1,300
136002,1,300
136052,1,300
136088,1,300
136100,1,300
136203,1,300
136277,1,300
136389,1,300
136684,1,300
136842,1,300
136864,1,300
136993,1,300
137004,1,300
137219,1,300
137306,1,300
137451,1,300
137562,1,300
137716,1,300
137738,1,300
137760,1,300
137852,1,300
138021,1,300
138036,1,300
138068,1,300
138136,1,300
138305,1,300
138380,1,300
138388,1,300
138421,1,300
138511,1,300
138566,1,300
138604,1,300
138686,1,300
138768,1,300
138784,1,300
138796,1,300
139125,1,300
139246,1,300
139375,1,300
139589,1,300
139690,1,300
139873,1,300
139885,1,300
139975,1,300
140013,1,300
140070,1,300
140071,1,300
140080,1,300
140092,1,300
140099,1,300
140209,1,300
140258,1,300
140302,1,300
140430,1,300
140597,1,300
140854,1,300
140951,1,300
140978,1,300
141063,1,300
141079,1,300
141105,1,300
141223,1,300
141805,1,300
141820,1,300
142048,1,300
142068,1,300
142108,1,300
142151,1,300
142224,1,300
142264,1,300
142358,1,300
142379,1,300
142453,1,300
142530,1,300
142776,1,300
142807,1,300
143053,1,300
143310,1,300
143324,1,300
143336,1,300
143914,1,300
144027,1,300
144111,1,300
144133,1,300
144276,1,300
144415,1,300
144524,1,300
144690,1,300
144707,1,300
144733,1,300
144863,1,300
144956,1,300
145170,1,300
145316,1,300
145395,1,300
145425,1,300
145425,1,300
145553,1,300
145642,1,300
145731,1,300
145830,1,300
146004,1,300
146057,1,300
146079,1,300
146143,1,300
146181,1,300
146585,1,300
146871,1,300
147046,1,300
147086,1,300
147184,1,300
147191,1,300
147273,1,300
147332,1,300
147695,1,300
147711,1,300
148128,1,300
148180,1,300
148281,1,300
148371,1,300
148408,1,300
148467,1,300
148495,1,300
148686,1,300
148727,1,300
149228,1,300
149242,1,300
149449,1,300
149562,1,300
149751,1,300
149912,1,300
149946,1,300
150355,1,300
150437,1,300
150475,1,300
150498,1,300
150670,1,300
150691,1,300
150696,1,300
151020,1,300
151073,1,300
151159,1,300
151492,1,300
152024,1,300
152039,1,300
152044,1,300
152194,1,300
152251,1,300
152270,1,300
152309,1,300
152418,1,300
152499,1,300
152587,1,300
152654,1,300
152820,1,300
153081,1,300
153104,1,300
153244,1,300
153409,1,300
153520,1,300
153523,1,300
153556,1,300
153604,1,300
153761,1,300
154290,1,300
154416,1,300
154457,1,300
154952,1,300
155078,1,300
155120,1,300
155251,1,300
155266,1,300
155280,1,300
155356,1,300
155466,1,300
155499,1,300
156380,1,300
156412,1,300
156433,1,300
156693,1,300
157058,1,300
157088,1,300
157166,1,300
157198,1,300
157261,1,300
158047,1,300
158090,1,300
158578,1,300
158723,1,300
158825,1,300
159139,1,300
159230,1,300
159267,1,300
159283,1,300
159565,1,300
159573,1,300
159626,1,300
159969,1,300
159981,1,300
160032,1,300
160212,1,300
160221,1,300
160268,1,300
160430,1,300
160561,1,300
160690,1,300
161021,1,300
161281,1,300
161586,1,300
161670,1,300
162051,1,300
162080,1,300
162214,1,300
163490,1,300
164070,1,300
164107,1,300
164175,1,300
164266,1,300
164285,1,300
164290,1,300
164325,1,300
164358,1,300
164592,1,300
164658,1,300
164816,1,300
164829,1,300
164846,1,300
164894,1,300
164997,1,300
165006,1,300
165010,1,300
165111,1,300
165198,1,300
165314,1,300
165393,1,300
165472,1,300
165853,1,300
166004,1,300
166559,1,300
166580,1,300
166597,1,300
166799,1,300
166970,1,300
167059,1,300
167217,1,300
167224,1,300
167501,1,300
167633,1,300
167682,1,300
167683,1,300
167717,1,300
168591,1,300
169039,1,300
169112,1,300
169163,1,300
169326,1,300
169530,1,300
169535,1,300
169729,1,300
170036,1,300
170055,1,300
170461,1,300
170480,1,300
170535,1,300
170614,1,300
170818,1,300
171217,1,300
171413,1,300
171568,1,300
171710,1,300
171760,1,300
171875,1,300
172283,1,300
172472,1,300
172483,1,300
172586,1,300
172793,1,300
173028,1,300
173737,1,300
174110,1,300
174117,1,300
174214,1,300
174227,1,300
174488,1,300
175288,1,300
175381,1,300
175404,1,300
176029,1,300
176032,1,300
176158,1,300
176324,1,300
176358,1,300
176376,1,300
176434,1,300
176447,1,300
176513,1,300
176589,1,300
176623,1,300
176716,1,300
176720,1,300
176780,1,300
176819,1,300
176864,1,300
177199,1,300
177225,1,300
177427,1,300
177433,1,300
177519,1,300
177822,1,300
177828,1,300
178034,1,300
178301,1,300
178363,1,300
178367,1,300
178426,1,300
178621,1,300
178635,1,300
178790,1,300
179403,1,300
179587,1,300
179734,1,300
180308,1,300
180388,1,300
180567,1,300
180879,1,300
180959,1,300
181119,1,300
181162,1,300
181345,1,300
181479,1,300
181531,1,300
181647,1,300
182464,1,300
182527,1,300
182668,1,300
182784,1,300
183039,1,300
183072,1,300
183074,1,300
183137,1,300
183184,1,300
183219,1,300
183284,1,300
183434,1,300
183484,1,300
183541,1,300
184008,1,300
184419,1,300
185143,1,300
185149,1,300
185202,1,300
185312,1,300
185419,1,300
185760,1,300
185777,1,300
185903,1,300
186335,1,300
186514,1,300
186514,1,300
186640,1,300
186640,1,300
186646,1,300
187266,1,300
187287,1,300
187338,1,300
188044,1,300
188229,1,300
188279,1,300
188668,1,300
188672,1,300
188674,1,300
188735,1,300
189032,1,300
189091,1,300
189111,1,300
189120,1,300
189156,1,300
189160,1,300
189209,1,300
189363,1,300
189900,1,300
190026,1,300
190027,1,300
190078,1,300
190231,1,300
190278,1,300
190312,1,300
190334,1,300
190555,1,300
190971,1,300
191029,1,300
191095,1,300
191104,1,300
191224,1,300
191302,1,300
191326,1,300
191720,1,300
191919,1,300
192532,1,300
192761,1,300
192975,1,300
193321,1,300
193385,1,300
193458,1,300
193552,1,300
193782,1,300
193817,1,300
193904,1,300
194118,1,300
194270,1,300
194730,1,300
194826,1,300
194989,1,300
195013,1,300
195157,1,300
195199,1,300
195266,1,300
195304,1,300
195436,1,300
195819,1,300
195849,1,300
195873,1,300
196107,1,300
196439,1,300
196913,1,300
196931,1,300
197280,1,300
197350,1,300
197450,1,300
197540,1,300
197545,1,300
197570,1,300
198185,1,300
198281,1,300
198382,1,300
198524,1,300
198595,1,300
198713,1,300
200018,1,300
200084,1,300
200088,1,300
200125,1,300
200277,1,300
200307,1,300
200335,1,300
200436,1,300
200630,1,300
200658,1,300
200665,1,300
200715,1,300
200854,1,300
200966,1,300
201017,1,300
201018,1,300
201048,1,300
201162,1,300
201196,1,300
201254,1,300
201256,1,300
201289,1,300
201297,1,300
201313,1,300
201417,1,300
201440,1,300
201472,1,300
201703,1,300
201847,1,300
201857,1,300
202083,1,300
202267,1,300
202585,1,300
202751,1,300
202763,1,300
202868,1,300
202910,1,300
203186,1,300
203315,1,300
203405,1,300
203551,1,300
203709,1,300
203835,1,300
203897,1,300
203907,1,300
204042,1,300
204644,1,300
204653,1,300
204929,1,300
204969,1,300
205147,1,300
205197,1,300
205218,1,300
205271,1,300
205393,1,300
205828,1,300
205863,1,300
206136,1,300
206185,1,300
206274,1,300
206300,1,300
206342,1,300
206407,1,300
206408,1,300
206434,1,300
206509,1,300
206528,1,300
206534,1,300
207001,1,300
207274,1,300
207523,1,300
207613,1,300
207699,1,300
207810,1,300
207845,1,300
208017,1,300
208114,1,300
208143,1,300
208148,1,300
208388,1,300
209241,1,300
209384,1,300
209587,1,300
209922,1,300
209969,1,300
210138,1,300
210220,1,300
210297,1,300
210366,1,300
210423,1,300
210454,1,300
211011,1,300
211017,1,300
211133,1,300
211134,1,300
211529,1,300
211658,1,300
211675,1,300
212082,1,300
212158,1,300
212235,1,300
212284,1,300
212354,1,300
212364,1,300
212452,1,300
212516,1,300
212534,1,300
212599,1,300
212616,1,300
212689,1,300
212839,1,300
212857,1,300
212914,1,300
212949,1,300
213006,1,300
213064,1,300
213091,1,300
213189,1,300
213311,1,300
213375,1,300
213520,1,300
213612,1,300
213644,1,300
214019,1,300
214081,1,300
214099,1,300
214202,1,300
214331,1,300
214356,1,300
214602,1,300
214715,1,300
214847,1,300
215131,1,300
215133,1,300
215156,1,300
215260,1,300
215263,1,300
215270,1,300
215274,1,300
215402,1,300
215464,1,300
215482,1,300
215553,1,300
216509,1,300
216615,1,300
216779,1,300
216843,1,300
217122,1,300
217309,1,300
217352,1,300
217675,1,300
217692,1,300
217723,1,300
218193,1,300
218341,1,300
218356,1,300
218367,1,300
218499,1,300
218502,1,300
218514,1,300
218523,1,300
218554,1,300
218576,1,300
218597,1,300
218634,1,300
218648,1,300
218649,1,300
218669,1,300
219012,1,300
219216,1,300
219256,1,300
219331,1,300
219346,1,300
219475,1,300
219487,1,300
219522,1,300
219552,1,300
219592,1,300
220015,1,300
220222,1,300
220411,1,300
220572,1,300
220594,1,300
220646,1,300
220705,1,300
220780,1,300
221010,1,300
221047,1,300
221052,1,300
221230,1,300
221239,1,300
221358,1,300
221381,1,300
221400,1,300
222038,1,300
222056,1,300
222245,1,300
222571,1,300
223002,1,300
223026,1,300
223119,1,300
223172,1,300
223175,1,300
223274,1,300
223279,1,300
223532,1,300
223777,1,300
223814,1,300
223816,1,300
223998,1,300
224009,1,300
224027,1,300
224041,1,300
224063,1,300
224125,1,300
224130,1,300
224272,1,300
224349,1,300
224363,1,300
224398,1,300
224416,1,300
224446,1,300
224446,1,300
224455,1,300
224495,1,300
224578,1,300
224741,1,300
224808,1,300
224829,1,300
224951,1,300
224971,1,300
225024,1,300
225150,1,300
225153,1,300
225172,1,300
225328,1,300
225702,1,300
225721,1,300
225742,1,300
225810,1,300
225975,1,300
226031,1,300
226048,1,300
226082,1,300
226091,1,300
226124,1,300
226159,1,300
226188,1,300
226200,1,300
226207,1,300
226257,1,300
226258,1,300
226273,1,300
226279,1,300
226285,1,300
226299,1,300
226299,1,300
226376,1,300
226400,1,300
226420,1,300
226527,1,300
226625,1,300
226635,1,300
226651,1,300
226656,1,300
227005,1,300
227181,1,300
227204,1,300
227264,1,300
227280,1,300
227285,1,300
227288,1,300
227305,1,300
227435,1,300
227541,1,300
227601,1,300
227682,1,300
227721,1,300
227724,1,300
227780,1,300
227865,1,300
227936,1,300
228009,1,300
228065,1,300
228092,1,300
228135,1,300
228136,1,300
228190,1,300
228262,1,300
228456,1,300
228498,1,300
228515,1,300
228529,1,300
228587,1,300
228939,1,300
228962,1,300
229012,1,300
229083,1,300
229088,1,300
229178,1,300
229236,1,300
229599,1,300
229758,1,300
229959,1,300
229965,1,300
230030,1,300
230049,1,300
230068,1,300
230075,1,300
230122,1,300
230155,1,300
230185,1,300
230193,1,300
230200,1,300
230234,1,300
230273,1,300
230311,1,300
230311,1,300
230311,1,300
230387,1,300
230400,1,300
230458,1,300
230488,1,300
230537,1,300
230628,1,300
230630,1,300
230718,1,300
231019,1,300
231170,1,300
231419,1,300
231422,1,300
231589,1,300
232069,1,300
232104,1,300
232111,1,300
232151,1,300
232181,1,300
232345,1,300
232387,1,300
232423,1,300
232448,1,300
232462,1,300
232498,1,300
232523,1,300
232531,1,300
232543,1,300
232605,1,300
232606,1,300
232643,1,300
232752,1,300
232808,1,300
232831,1,300
232840,1,300
233035,1,300
233137,1,300
233192,1,300
233340,1,300
233368,1,300
233588,1,300
233602,1,300
233633,1,300
233736,1,300
233755,1,300
233802,1,300
233908,1,300
234095,1,300
234302,1,300
234389,1,300
234392,1,300
234551,1,300
234569,1,300
234673,1,300
234674,1,300
234708,1,300
234791,1,300
234970,1,300
235041,1,300
235076,1,300
235077,1,300
235110,1,300
235199,1,300
235304,1,300
235306,1,300
235338,1,300
235580,1,300
235629,1,300
235858,1,300
235910,1,300
236051,1,300
236068,1,300
236069,1,300
236071,1,300
236124,1,300
236132,1,300
236152,1,300
236167,1,300
236212,1,300
236269,1,300
236291,1,300
236294,1,300
236305,1,300
236352,1,300
236357,1,300
236365,1,300
236403,1,300
236403,1,300
236411,1,300
236425,1,300
236452,1,300
236532,1,300
236572,1,300
236582,1,300
236615,1,300
236635,1,300
236670,1,300
236725,1,300
236729,1,300
236742,1,300
236746,1,300
237057,1,300
237083,1,300
237100,1,300
237182,1,300
237212,1,300
237225,1,300
237299,1,300
237301,1,300
237563,1,300
237572,1,300
237682,1,300
237786,1,300
237819,1,300
237858,1,300
237875,1,300
238084,1,300
238092,1,300
238093,1,300
238099,1,300
238102,1,300
238116,1,300
238123,1,300
238124,1,300
238168,1,300
238185,1,300
238194,1,300
238218,1,300
238253,1,300
238375,1,300
238402,1,300
238426,1,300
238455,1,300
238524,1,300
239022,1,300
239066,1,300
239205,1,300
239210,1,300
239222,1,300
239277,1,300
239324,1,300
239401,1,300
239433,1,300
239459,1,300
239460,1,300
239556,1,300
239644,1,300
239777,1,300
239812,1,300
239849,1,300
239945,1,300
240007,1,300
240021,1,300
240069,1,300
240132,1,300
240231,1,300
240334,1,300
240347,1,300
240390,1,300
240517,1,300
240570,1,300
240577,1,300
240615,1,300
240646,1,300
240735,1,300
240748,1,300
240846,1,300
241113,1,300
241178,1,300
241291,1,300
241389,1,300
241489,1,300
241496,1,300
241512,1,300
241699,1,300
241711,1,300
241788,1,300
241846,1,300
241865,1,300
241891,1,300
241902,1,300
242038,1,300
242040,1,300
242043,1,300
242063,1,300
242081,1,300
242092,1,300
242189,1,300
242286,1,300
242297,1,300
242305,1,300
242365,1,300
242399,1,300
242446,1,300
242543,1,300
242645,1,300
242686,1,300
242721,1,300
242743,1,300
243071,1,300
243101,1,300
243171,1,300
243173,1,300
243181,1,300
243225,1,300
243226,1,300
243365,1,300
243416,1,300
243455,1,300
243486,1,300
243556,1,300
243607,1,300
243624,1,300
243671,1,300
243700,1,300
243764,1,300
244083,1,300
244195,1,300
244286,1,300
244300,1,300
244339,1,300
244401,1,300
244455,1,300
244531,1,300
244557,1,300
244604,1,300
244612,1,300
244694,1,300
244792,1,300
244855,1,300
244903,1,300
245074,1,300
245081,1,300
245192,1,300
245426,1,300
245499,1,300
245630,1,300
245707,1,300
245772,1,300
245811,1,300
245859,1,300
245877,1,300
246032,1,300
246084,1,300
246129,1,300
246162,1,300
246213,1,300
246254,1,300
246291,1,300
246392,1,300
246860,1,300
246884,1,300
246920,1,300
246922,1,300
246967,1,300
247032,1,300
247041,1,300
247041,1,300
247096,1,300
247123,1,300
247187,1,300
247194,1,300
247278,1,300
247400,1,300
247421,1,300
247524,1,300
247678,1,300
247679,1,300
247721,1,300
248056,1,300
248056,1,300
248078,1,300
248178,1,300
248187,1,300
248196,1,300
248239,1,300
248248,1,300
248275,1,300
248314,1,300
248326,1,300
248473,1,300
248486,1,300
248511,1,300
248603,1,300
248637,1,300
248659,1,300
248676,1,300
248696,1,300
248711,1,300
248723,1,300
249074,1,300
249092,1,300
249209,1,300
249235,1,300
249275,1,300
249602,1,300
249626,1,300
249684,1,300
249760,1,300
249851,1,300
249948,1,300
249970,1,300
250027,1,300
250159,1,300
250405,1,300
250482,1,300
250529,1,300
250641,1,300
250719,1,300
250727,1,300
250729,1,300
250780,1,300
250988,1,300
251046,1,300
251085,1,300
251121,1,300
251237,1,300
251348,1,300
251352,1,300
251378,1,300
251516,1,300
251536,1,300
251611,1,300
251652,1,300
251701,1,300
251701,1,300
251729,1,300
251774,1,300
252000,1,300
252041,1,300
252141,1,300
252147,1,300
252208,1,300
252264,1,300
252304,1,300
252654,1,300
252665,1,300
252685,1,300
252702,1,300
252727,1,300
252743,1,300
252871,1,300
253077,1,300
253160,1,300
253173,1,300
253220,1,300
253232,1,300
253312,1,300
253522,1,300
253595,1,300
253641,1,300
253649,1,300
253663,1,300
253747,1,300
254104,1,300
254106,1,300
254150,1,300
254195,1,300
254357,1,300
254412,1,300
254415,1,300
254514,1,300
254544,1,300
254679,1,300
254783,1,300
255011,1,300
255037,1,300
255069,1,300
255072,1,300
255227,1,300
255231,1,300
255283,1,300
255290,1,300
255398,1,300
255467,1,300
255487,1,300
255508,1,300
255528,1,300
255539,1,300
255540,1,300
255622,1,300
255658,1,300
256021,1,300
256068,1,300
256117,1,300
256303,1,300
256305,1,300
256399,1,300
256465,1,300
256479,1,300
256531,1,300
256599,1,300
256822,1,300
256914,1,300
257038,1,300
257080,1,300
257152,1,300
257303,1,300
257617,1,300
257653,1,300
257665,1,300
257707,1,300
257715,1,300
257837,1,300
257999,1,300
258063,1,300
258116,1,300
258302,1,300
258430,1,300
258457,1,300
258559,1,300
258680,1,300
258775,1,300
258799,1,300
258811,1,300
258831,1,300
258867,1,300
258990,1,300
259119,1,300
259204,1,300
259243,1,300
259280,1,300
259327,1,300
259351,1,300
259412,1,300
259639,1,300
259821,1,300
260005,1,300
260066,1,300
260145,1,300
260203,1,300
260216,1,300
260256,1,300
260267,1,300
260373,1,300
260474,1,300
260509,1,300
260515,1,300
260572,1,300
260794,1,300
260869,1,300
260895,1,300
261020,1,300
261097,1,300
261150,1,300
261199,1,300
261229,1,300
261255,1,300
261270,1,300
261314,1,300
261497,1,300
261626,1,300
261627,1,300
261761,1,300
262061,1,300
262147,1,300
262317,1,300
262349,1,300
262560,1,300
262560,1,300
262637,1,300
262810,1,300
262817,1,300
262843,1,300
263124,1,300
263230,1,300
263381,1,300
263687,1,300
263698,1,300
263699,1,300
263814,1,300
263879,1,300
263943,1,300
264061,1,300
264101,1,300
264116,1,300
264117,1,300
264199,1,300
264210,1,300
264236,1,300
264422,1,300
265176,1,300
265203,1,300
265225,1,300
265307,1,300
265366,1,300
265474,1,300
265492,1,300
265755,1,300
266324,1,300
266433,1,300
266670,1,300
266748,1,300
267077,1,300
267099,1,300
267225,1,300
267350,1,300
267448,1,300
267626,1,300
267652,1,300
267657,1,300
267771,1,300
267789,1,300
268011,1,300
268029,1,300
268665,1,300
268953,1,300
269092,1,300
269124,1,300
269359,1,300
269447,1,300
269496,1,300
270146,1,300
270148,1,300
270184,1,300
270189,1,300
270210,1,300
270221,1,300
271079,1,300
271364,1,300
271491,1,300
271606,1,300
272062,1,300
272093,1,300
272437,1,300
273181,1,300
273189,1,300
273304,1,300
273341,1,300
273732,1,300
273846,1,300
274066,1,300
274095,1,300
274244,1,300
274337,1,300
274532,1,300
275638,1,300
275737,1,300
275767,1,300
275785,1,300
276105,1,300
277041,1,300
277263,1,300
277345,1,300
278123,1,300
278236,1,300
278424,1,300
279367,1,300
280344,1,300
280348,1,300
280880,1,300
281113,1,300
281313,1,300
281333,1,300
281923,1,300
282011,1,300
282063,1,300
282134,1,300
282135,1,300
282192,1,300
282222,1,300
282286,1,300
282296,1,300
282333,1,300
282511,1,300
282598,1,300
282644,1,300
282702,1,300
282815,1,300
283423,1,300
283445,1,300
283549,1,300
283796,1,300
283907,1,300
283986,1,300
284012,1,300
284197,1,300
284288,1,300
284439,1,300
285310,1,300
285551,1,300
286056,1,300
286385,1,300
286496,1,300
286539,1,300
286639,1,300
286696,1,300
287779,1,300
287875,1,300
288346,1,300
288454,1,300
288536,1,300
288736,1,300
288784,1,300
288881,1,300
289243,1,300
289550,1,300
289900,1,300
290118,1,300
