69,1,300
196,1,300
239,1,300
289,1,300
300,1,300
401,1,300
1129,1,300
1176,1,300
1318,1,300
1633,1,300
1969,1,300
2199,1,300
2256,1,300
2267,1,300
2344,1,300
3070,1,300
3092,1,300
3518,1,300
3800,1,300
4138,1,300
4220,1,300
4293,1,300
5096,1,300
5338,1,300
5377,1,300
5428,1,300
5545,1,300
5613,1,300
5635,1,300
6032,1,300
6135,1,300
6223,1,300
6490,1,300
6880,1,300
7168,1,300
7184,1,300
7229,1,300
7784,1,300
8029,1,300
8176,1,300
8625,1,300
9044,1,300
9117,1,300
9174,1,300
9235,1,300
9287,1,300
9389,1,300
9598,1,300
9614,1,300
9666,1,300
9792,1,300
9794,1,300
9856,1,300
10201,1,300
10358,1,300
10983,1,300
11000,1,300
11046,1,300
11216,1,300
11389,1,300
11578,1,300
11668,1,300
11792,1,300
11881,1,300
12004,1,300
12083,1,300
12237,1,300
12280,1,300
12592,1,300
12742,1,300
12828,1,300
12937,1,300
13011,1,300
13053,1,300
13165,1,300
13411,1,300
13420,1,300
14018,1,300
14045,1,300
14175,1,300
14289,1,300
14319,1,300
14405,1,300
14787,1,300
15187,1,300
15285,1,300
15361,1,300
15378,1,300
15557,1,300
15775,1,300
15788,1,300
16029,1,300
16188,1,300
16190,1,300
16320,1,300
16490,1,300
17631,1,300
17681,1,300
18119,1,300
18259,1,300
18820,1,300
18913,1,300
19516,1,300
20103,1,300
20115,1,300
20149,1,300
20173,1,300
20320,1,300
20417,1,300
20509,1,300
20593,1,300
20605,1,300
20651,1,300
20678,1,300
20700,1,300
20750,1,300
20773,1,300
20779,1,300
21001,1,300
21032,1,300
21255,1,300
21370,1,300
21419,1,300
21491,1,300
21543,1,300
21661,1,300
22115,1,300
22169,1,300
22251,1,300
22283,1,300
22325,1,300
22334,1,300
22431,1,300
23052,1,300
23324,1,300
23404,1,300
23407,1,300
23409,1,300
23448,1,300
23480,1,300
23608,1,300
24018,1,300
24744,1,300
25024,1,300
25217,1,300
25259,1,300
25284,1,300
25298,1,300
25463,1,300
25465,1,300
25540,1,300
26105,1,300
26232,1,300
26331,1,300
26487,1,300
26627,1,300
26807,1,300
26830,1,300
27002,1,300
27011,1,300
27029,1,300
27111,1,300
27223,1,300
27240,1,300
27318,1,300
27492,1,300
28078,1,300
28126,1,300
28280,1,300
28359,1,300
28993,1,300
29063,1,300
29317,1,300
29469,1,300
29850,1,300
30035,1,300
30365,1,300
30474,1,300
30575,1,300
30598,1,300
30618,1,300
30799,1,300
31095,1,300
31563,1,300
32179,1,300
32213,1,300
32216,1,300
32251,1,300
32452,1,300
32558,1,300
32585,1,300
32598,1,300
32620,1,300
32626,1,300
32630,1,300
32693,1,300
32702,1,300
32715,1,300
32786,1,300
32865,1,300
32872,1,300
32893,1,300
32992,1,300
33010,1,300
33019,1,300
33027,1,300
33055,1,300
33120,1,300
33333,1,300
33334,1,300
33364,1,300
33410,1,300
33487,1,300
33549,1,300
33585,1,300
34003,1,300
34108,1,300
34126,1,300
34257,1,300
34263,1,300
34296,1,300
34437,1,300
34535,1,300
34621,1,300
35026,1,300
35054,1,300
35243,1,300
35292,1,300
35337,1,300
35398,1,300
35455,1,300
35509,1,300
35606,1,300
36039,1,300
36106,1,300
36168,1,300
36199,1,300
36268,1,300
36374,1,300
37083,1,300
37129,1,300
37510,1,300
38013,1,300
38051,1,300
38173,1,300
38187,1,300
38247,1,300
38292,1,300
38329,1,300
38333,1,300
38361,1,300
38422,1,300
38453,1,300
38550,1,300
38792,1,300
38862,1,300
38886,1,300
39144,1,300
39198,1,300
39516,1,300
39577,1,300
39732,1,300
39767,1,300
40017,1,300
40023,1,300
40066,1,300
40137,1,300
40249,1,300
40362,1,300
40418,1,300
40564,1,300
40802,1,300
40891,1,300
41046,1,300
41079,1,300
41086,1,300
41424,1,300
41610,1,300
41756,1,300
41762,1,300
41768,1,300
41836,1,300
42046,1,300
42103,1,300
42223,1,300
42235,1,300
42323,1,300
42510,1,300
42562,1,300
42574,1,300
43309,1,300
43339,1,300
43367,1,300
43461,1,300
43755,1,300
43831,1,300
44002,1,300
44006,1,300
44046,1,300
44061,1,300
44066,1,300
44073,1,300
44088,1,300
44098,1,300
44102,1,300
44138,1,300
44141,1,300
44143,1,300
44220,1,300
44239,1,300
44244,1,300
44289,1,300
44300,1,300
44357,1,300
44388,1,300
44458,1,300
44471,1,300
44683,1,300
44686,1,300
45085,1,300
45224,1,300
45306,1,300
45380,1,300
45457,1,300
45526,1,300
45591,1,300
45624,1,300
45633,1,300
45644,1,300
45685,1,300
45712,1,300
45758,1,300
45878,1,300
45914,1,300
45918,1,300
45925,1,300
45942,1,300
46023,1,300
46036,1,300
46045,1,300
46310,1,300
46416,1,300
46424,1,300
46441,1,300
46463,1,300
46557,1,300
46585,1,300
46628,1,300
46629,1,300
46664,1,300
46677,1,300
46982,1,300
46995,1,300
47004,1,300
47222,1,300
47259,1,300
47311,1,300
47446,1,300
47497,1,300
47595,1,300
47623,1,300
47867,1,300
47967,1,300
48022,1,300
48065,1,300
48237,1,300
48249,1,300
48253,1,300
48330,1,300
48359,1,300
48394,1,300
48398,1,300
48477,1,300
48499,1,300
48524,1,300
48593,1,300
48667,1,300
48727,1,300
48809,1,300
48942,1,300
48960,1,300
49002,1,300
49023,1,300
49124,1,300
49137,1,300
49180,1,300
49214,1,300
49216,1,300
49219,1,300
49254,1,300
49323,1,300
49340,1,300
49369,1,300
49382,1,300
49396,1,300
49435,1,300
49449,1,300
49477,1,300
49548,1,300
49553,1,300
49596,1,300
49657,1,300
49679,1,300
49680,1,300
50093,1,300
50123,1,300
50188,1,300
50206,1,300
50244,1,300
50245,1,300
50456,1,300
50484,1,300
50749,1,300
50761,1,300
50792,1,300
50836,1,300
50912,1,300
50940,1,300
51003,1,300
51028,1,300
51063,1,300
51083,1,300
51089,1,300
51107,1,300
51115,1,300
51121,1,300
51123,1,300
51127,1,300
51215,1,300
51338,1,300
51391,1,300
51478,1,300
51496,1,300
51669,1,300
51789,1,300
51979,1,300
52008,1,300
52010,1,300
52026,1,300
52034,1,300
52035,1,300
52105,1,300
52264,1,300
52423,1,300
52444,1,300
52658,1,300
52716,1,300
52875,1,300
53001,1,300
53043,1,300
53080,1,300
53095,1,300
53103,1,300
53275,1,300
53334,1,300
53377,1,300
53427,1,300
53484,1,300
53485,1,300
53502,1,300
53536,1,300
53553,1,300
53585,1,300
53592,1,300
54002,1,300
54048,1,300
54064,1,300
54302,1,300
54323,1,300
54374,1,300
54462,1,300
54470,1,300
54736,1,300
54741,1,300
54836,1,300
54848,1,300
54911,1,300
54984,1,300
55010,1,300
55071,1,300
55076,1,300
55178,1,300
55418,1,300
55484,1,300
55501,1,300
55544,1,300
55576,1,300
55653,1,300
55841,1,300
55857,1,300
55873,1,300
56107,1,300
56136,1,300
56217,1,300
56231,1,300
56247,1,300
56293,1,300
56390,1,300
56471,1,300
56473,1,300
56494,1,300
56496,1,300
56498,1,300
56501,1,300
56541,1,300
56550,1,300
56564,1,300
56569,1,300
56598,1,300
56605,1,300
56627,1,300
56643,1,300
56676,1,300
56690,1,300
56726,1,300
56737,1,300
56752,1,300
56771,1,300
56803,1,300
56826,1,300
56837,1,300
56877,1,300
56888,1,300
56904,1,300
56934,1,300
57004,1,300
57055,1,300
57070,1,300
57074,1,300
57098,1,300
57196,1,300
57197,1,300
57242,1,300
57280,1,300
57282,1,300
57327,1,300
57331,1,300
57357,1,300
57396,1,300
57486,1,300
57567,1,300
57626,1,300
57638,1,300
57679,1,300
57777,1,300
57779,1,300
57787,1,300
58021,1,300
58099,1,300
58155,1,300
58170,1,300
58267,1,300
58302,1,300
58359,1,300
58376,1,300
58519,1,300
58589,1,300
58603,1,300
58733,1,300
58739,1,300
58743,1,300
58777,1,300
58798,1,300
58846,1,300
58857,1,300
58885,1,300
58953,1,300
58968,1,300
58985,1,300
59008,1,300
59011,1,300
59025,1,300
59057,1,300
59068,1,300
59178,1,300
59282,1,300
59299,1,300
59401,1,300
59407,1,300
59502,1,300
59555,1,300
59568,1,300
59601,1,300
59609,1,300
59655,1,300
59734,1,300
59782,1,300
59792,1,300
59956,1,300
60094,1,300
60152,1,300
60232,1,300
60244,1,300
60292,1,300
60331,1,300
60335,1,300
60409,1,300
60478,1,300
60572,1,300
60596,1,300
60603,1,300
60641,1,300
60644,1,300
60686,1,300
60695,1,300
60711,1,300
60808,1,300
60860,1,300
60929,1,300
60949,1,300
60961,1,300
61023,1,300
61033,1,300
61096,1,300
61128,1,300
61226,1,300
61267,1,300
61278,1,300
61280,1,300
61288,1,300
61357,1,300
61392,1,300
61419,1,300
61425,1,300
61505,1,300
61578,1,300
61612,1,300
61621,1,300
61731,1,300
61748,1,300
61771,1,300
61807,1,300
61825,1,300
62041,1,300
62247,1,300
62312,1,300
62334,1,300
62508,1,300
62566,1,300
62660,1,300
62737,1,300
62777,1,300
62783,1,300
62886,1,300
62895,1,300
62912,1,300
62970,1,300
63052,1,300
63055,1,300
63066,1,300
63076,1,300
63100,1,300
63138,1,300
63171,1,300
63183,1,300
63190,1,300
63247,1,300
63270,1,300
63275,1,300
63305,1,300
63356,1,300
63373,1,300
63374,1,300
63374,1,300
63425,1,300
63458,1,300
63653,1,300
63700,1,300
63711,1,300
63787,1,300
63792,1,300
63836,1,300
63842,1,300
63876,1,300
64091,1,300
64137,1,300
64144,1,300
64155,1,300
64157,1,300
64157,1,300
64158,1,300
64172,1,300
64174,1,300
64246,1,300
64265,1,300
64274,1,300
64286,1,300
64303,1,300
64381,1,300
64499,1,300
64501,1,300
64730,1,300
64763,1,300
64858,1,300
64955,1,300
64975,1,300
64981,1,300
65077,1,300
65086,1,300
65138,1,300
65192,1,300
65223,1,300
65242,1,300
65244,1,300
65261,1,300
65320,1,300
65374,1,300
65388,1,300
65393,1,300
65416,1,300
65430,1,300
65467,1,300
65476,1,300
65488,1,300
65537,1,300
65618,1,300
65656,1,300
65679,1,300
66087,1,300
66088,1,300
66182,1,300
66244,1,300
66340,1,300
66362,1,300
66368,1,300
66398,1,300
66402,1,300
66465,1,300
66629,1,300
66645,1,300
66886,1,300
66905,1,300
66919,1,300
66987,1,300
67014,1,300
67017,1,300
67036,1,300
67057,1,300
67065,1,300
67071,1,300
67074,1,300
67088,1,300
67102,1,300
67118,1,300
67150,1,300
67155,1,300
67179,1,300
67241,1,300
67247,1,300
67282,1,300
67296,1,300
67332,1,300
67351,1,300
67372,1,300
67377,1,300
67438,1,300
67454,1,300
67537,1,300
67577,1,300
67583,1,300
67641,1,300
67663,1,300
68013,1,300
68016,1,300
68048,1,300
68070,1,300
68094,1,300
68112,1,300
68138,1,300
68144,1,300
68157,1,300
68268,1,300
68271,1,300
68321,1,300
68346,1,300
68351,1,300
68376,1,300
68423,1,300
68443,1,300
68483,1,300
68485,1,300
68496,1,300
68513,1,300
68530,1,300
68561,1,300
68593,1,300
68610,1,300
68648,1,300
68659,1,300
68703,1,300
68725,1,300
68741,1,300
68763,1,300
68775,1,300
68776,1,300
68791,1,300
68792,1,300
68803,1,300
68850,1,300
68852,1,300
68886,1,300
68898,1,300
69004,1,300
69070,1,300
69093,1,300
69122,1,300
69142,1,300
69159,1,300
69192,1,300
69216,1,300
69221,1,300
69229,1,300
69239,1,300
69266,1,300
69335,1,300
69344,1,300
69391,1,300
69396,1,300
69447,1,300
69474,1,300
69576,1,300
69589,1,300
69707,1,300
69783,1,300
69843,1,300
69921,1,300
69935,1,300
69978,1,300
70013,1,300
70023,1,300
70045,1,300
70048,1,300
70054,1,300
70057,1,300
70066,1,300
70100,1,300
70120,1,300
70154,1,300
70178,1,300
70200,1,300
70227,1,300
70268,1,300
70269,1,300
70277,1,300
70279,1,300
70279,1,300
70281,1,300
70326,1,300
70353,1,300
70363,1,300
70408,1,300
70460,1,300
70584,1,300
70605,1,300
70616,1,300
70649,1,300
70693,1,300
70705,1,300
70737,1,300
70767,1,300
70767,1,300
70788,1,300
70817,1,300
70832,1,300
70835,1,300
70947,1,300
71004,1,300
71071,1,300
71075,1,300
71091,1,300
71107,1,300
71173,1,300
71176,1,300
71178,1,300
71196,1,300
71227,1,300
71243,1,300
71255,1,300
71285,1,300
71293,1,300
71295,1,300
71310,1,300
71316,1,300
71377,1,300
71457,1,300
71494,1,300
71496,1,300
71511,1,300
71512,1,300
71570,1,300
71637,1,300
71716,1,300
71733,1,300
71740,1,300
71748,1,300
71773,1,300
71790,1,300
71954,1,300
72001,1,300
72016,1,300
72026,1,300
72034,1,300
72058,1,300
72068,1,300
72120,1,300
72129,1,300
72135,1,300
72145,1,300
72256,1,300
72296,1,300
72301,1,300
72368,1,300
72427,1,300
72456,1,300
72463,1,300
72569,1,300
72601,1,300
72639,1,300
72642,1,300
72699,1,300
72791,1,300
72837,1,300
72871,1,300
72876,1,300
72923,1,300
72939,1,300
72954,1,300
73026,1,300
73068,1,300
73180,1,300
73227,1,300
73231,1,300
73232,1,300
73275,1,300
73282,1,300
73299,1,300
73354,1,300
73355,1,300
73376,1,300
73394,1,300
73398,1,300
73434,1,300
73436,1,300
73547,1,300
73577,1,300
73579,1,300
73690,1,300
73724,1,300
73782,1,300
73799,1,300
73827,1,300
73838,1,300
73871,1,300
73876,1,300
73879,1,300
73989,1,300
74008,1,300
74025,1,300
74029,1,300
74092,1,300
74096,1,300
74122,1,300
74129,1,300
74161,1,300
74174,1,300
74290,1,300
74327,1,300
74392,1,300
74424,1,300
74438,1,300
74475,1,300
74500,1,300
74526,1,300
74545,1,300
74548,1,300
74550,1,300
74590,1,300
74605,1,300
74609,1,300
74631,1,300
74657,1,300
74733,1,300
74794,1,300
74805,1,300
74818,1,300
74833,1,300
74881,1,300
74884,1,300
75020,1,300
75023,1,300
75053,1,300
75070,1,300
75072,1,300
75110,1,300
75170,1,300
75193,1,300
75222,1,300
75243,1,300
75265,1,300
75304,1,300
75312,1,300
75411,1,300
75439,1,300
75445,1,300
75450,1,300
75508,1,300
75616,1,300
75621,1,300
75638,1,300
75725,1,300
75734,1,300
75740,1,300
75829,1,300
75833,1,300
75929,1,300
75968,1,300
76001,1,300
76033,1,300
76072,1,300
76075,1,300
76087,1,300
76088,1,300
76104,1,300
76184,1,300
76247,1,300
76282,1,300
76347,1,300
76378,1,300
76399,1,300
76426,1,300
76491,1,300
76527,1,300
76530,1,300
76552,1,300
76575,1,300
76579,1,300
76588,1,300
76591,1,300
76619,1,300
76671,1,300
76788,1,300
76804,1,300
76810,1,300
76831,1,300
76846,1,300
76853,1,300
76930,1,300
76995,1,300
77005,1,300
77064,1,300
77110,1,300
77119,1,300
77125,1,300
77172,1,300
77207,1,300
77278,1,300
77285,1,300
77286,1,300
77301,1,300
77325,1,300
77334,1,300
77341,1,300
77438,1,300
77445,1,300
77464,1,300
77513,1,300
77530,1,300
77545,1,300
77566,1,300
77618,1,300
77621,1,300
77639,1,300
77672,1,300
77676,1,300
77680,1,300
77713,1,300
77783,1,300
77791,1,300
78083,1,300
78137,1,300
78203,1,300
78326,1,300
78387,1,300
78395,1,300
78415,1,300
78430,1,300
78458,1,300
78538,1,300
78604,1,300
78619,1,300
78635,1,300
78660,1,300
78697,1,300
78771,1,300
78772,1,300
78792,1,300
78811,1,300
78951,1,300
78967,1,300
78974,1,300
78988,1,300
79002,1,300
79020,1,300
79028,1,300
79031,1,300
79032,1,300
79044,1,300
79051,1,300
79110,1,300
79125,1,300
79132,1,300
79152,1,300
79157,1,300
79160,1,300
79164,1,300
79216,1,300
79272,1,300
79316,1,300
79469,1,300
79557,1,300
79578,1,300
79579,1,300
79678,1,300
79679,1,300
79710,1,300
79722,1,300
79797,1,300
79815,1,300
79910,1,300
79950,1,300
79961,1,300
79962,1,300
80000,1,300
80008,1,300
80028,1,300
80033,1,300
80050,1,300
80067,1,300
80084,1,300
80094,1,300
80104,1,300
80133,1,300
80134,1,300
80175,1,300
80218,1,300
80218,1,300
80231,1,300
80238,1,300
80278,1,300
80325,1,300
80333,1,300
80337,1,300
80361,1,300
80361,1,300
80404,1,300
80411,1,300
80415,1,300
80428,1,300
80445,1,300
80448,1,300
80454,1,300
80492,1,300
80509,1,300
80526,1,300
80538,1,300
80570,1,300
80576,1,300
80590,1,300
80616,1,300
80636,1,300
80647,1,300
80681,1,300
80682,1,300
80688,1,300
80703,1,300
80714,1,300
80745,1,300
81040,1,300
81040,1,300
81072,1,300
81105,1,300
81149,1,300
81164,1,300
81170,1,300
81203,1,300
81206,1,300
81210,1,300
81245,1,300
81251,1,300
81258,1,300
81352,1,300
81357,1,300
81375,1,300
81465,1,300
81493,1,300
81505,1,300
81535,1,300
81602,1,300
81638,1,300
81650,1,300
81659,1,300
81739,1,300
81755,1,300
81779,1,300
81803,1,300
81898,1,300
81900,1,300
81905,1,300
81928,1,300
81932,1,300
81950,1,300
81959,1,300
82013,1,300
82048,1,300
82132,1,300
82144,1,300
82292,1,300
82322,1,300
82370,1,300
82509,1,300
82527,1,300
82531,1,300
82556,1,300
82575,1,300
82609,1,300
82629,1,300
82661,1,300
82699,1,300
82782,1,300
82795,1,300
82796,1,300
82803,1,300
82804,1,300
82828,1,300
82840,1,300
82901,1,300
82908,1,300
82919,1,300
82955,1,300
82958,1,300
82979,1,300
83008,1,300
83013,1,300
83033,1,300
83064,1,300
83095,1,300
83104,1,300
83122,1,300
83140,1,300
83161,1,300
83178,1,300
83190,1,300
83285,1,300
83290,1,300
83296,1,300
83368,1,300
83404,1,300
83437,1,300
83441,1,300
83444,1,300
83511,1,300
83552,1,300
83570,1,300
83596,1,300
83610,1,300
83618,1,300
83619,1,300
83632,1,300
83635,1,300
83637,1,300
83657,1,300
83663,1,300
83694,1,300
83707,1,300
83741,1,300
83775,1,300
83826,1,300
83852,1,300
83966,1,300
84003,1,300
84006,1,300
84012,1,300
84037,1,300
84053,1,300
84067,1,300
84071,1,300
84083,1,300
84109,1,300
84132,1,300
84193,1,300
84260,1,300
84359,1,300
84374,1,300
84384,1,300
84399,1,300
84419,1,300
84447,1,300
84464,1,300
84489,1,300
84513,1,300
84549,1,300
84600,1,300
84604,1,300
84612,1,300
84616,1,300
84643,1,300
84662,1,300
84709,1,300
84729,1,300
84797,1,300
84857,1,300
84865,1,300
84869,1,300
84943,1,300
85024,1,300
85063,1,300
85139,1,300
85142,1,300
85204,1,300
85208,1,300
85209,1,300
85225,1,300
85345,1,300
85353,1,300
85397,1,300
85405,1,300
85432,1,300
85456,1,300
85475,1,300
85478,1,300
85489,1,300
85494,1,300
85503,1,300
85519,1,300
85530,1,300
85537,1,300
85537,1,300
85571,1,300
85576,1,300
85629,1,300
85638,1,300
85684,1,300
85739,1,300
85769,1,300
85770,1,300
85793,1,300
85807,1,300
85822,1,300
86041,1,300
86105,1,300
86143,1,300
86146,1,300
86202,1,300
86239,1,300
86293,1,300
86293,1,300
86297,1,300
86306,1,300
86332,1,300
86392,1,300
86394,1,300
86412,1,300
86441,1,300
86467,1,300
86471,1,300
86505,1,300
86545,1,300
86568,1,300
86597,1,300
86614,1,300
86712,1,300
86840,1,300
86846,1,300
86848,1,300
86867,1,300
86939,1,300
86947,1,300
86964,1,300
86965,1,300
87029,1,300
87032,1,300
87048,1,300
87061,1,300
87065,1,300
87078,1,300
87094,1,300
87122,1,300
87145,1,300
87222,1,300
87235,1,300
87238,1,300
87244,1,300
87257,1,300
87267,1,300
87283,1,300
87297,1,300
87402,1,300
87422,1,300
87521,1,300
87638,1,300
87680,1,300
87735,1,300
87739,1,300
87759,1,300
87801,1,300
87818,1,300
87829,1,300
87833,1,300
87840,1,300
87877,1,300
87888,1,300
87907,1,300
87938,1,300
87954,1,300
87956,1,300
87971,1,300
87974,1,300
88018,1,300
88023,1,300
88097,1,300
88117,1,300
88154,1,300
88170,1,300
88187,1,300
88274,1,300
88304,1,300
88337,1,300
88365,1,300
88374,1,300
88374,1,300
88408,1,300
88472,1,300
88479,1,300
88506,1,300
88518,1,300
88562,1,300
88575,1,300
88584,1,300
88639,1,300
88649,1,300
88655,1,300
88672,1,300
88708,1,300
88766,1,300
88772,1,300
88791,1,300
88827,1,300
88847,1,300
88857,1,300
88870,1,300
89020,1,300
89068,1,300
89116,1,300
89128,1,300
89260,1,300
89272,1,300
89290,1,300
89385,1,300
89505,1,300
89511,1,300
89563,1,300
89596,1,300
89599,1,300
89630,1,300
89652,1,300
89667,1,300
89668,1,300
89691,1,300
89700,1,300
89702,1,300
89707,1,300
89718,1,300
89723,1,300
89796,1,300
89873,1,300
89914,1,300
89964,1,300
90023,1,300
90061,1,300
90096,1,300
90128,1,300
90156,1,300
90172,1,300
90184,1,300
90200,1,300
90203,1,300
90213,1,300
90300,1,300
90355,1,300
90386,1,300
90414,1,300
90463,1,300
90466,1,300
90511,1,300
90598,1,300
90603,1,300
90664,1,300
90727,1,300
90747,1,300
90768,1,300
90801,1,300
90818,1,300
90825,1,300
90827,1,300
90913,1,300
90931,1,300
90952,1,300
91006,1,300
91030,1,300
91063,1,300
91092,1,300
91104,1,300
91106,1,300
91119,1,300
91131,1,300
91134,1,300
91167,1,300
91181,1,300
91191,1,300
91193,1,300
91198,1,300
91198,1,300
91205,1,300
91226,1,300
91248,1,300
91327,1,300
91336,1,300
91391,1,300
91420,1,300
91432,1,300
91438,1,300
91442,1,300
91477,1,300
91555,1,300
91579,1,300
91580,1,300
91585,1,300
91647,1,300
91712,1,300
91733,1,300
91762,1,300
91791,1,300
91816,1,300
91928,1,300
91954,1,300
91983,1,300
92009,1,300
92026,1,300
92046,1,300
92073,1,300
92081,1,300
92143,1,300
92184,1,300
92191,1,300
92198,1,300
92199,1,300
92204,1,300
92205,1,300
92252,1,300
92295,1,300
92328,1,300
92333,1,300
92372,1,300
92381,1,300
92397,1,300
92433,1,300
92450,1,300
92454,1,300
92510,1,300
92536,1,300
92539,1,300
92564,1,300
92586,1,300
92588,1,300
92603,1,300
92606,1,300
92680,1,300
92703,1,300
92721,1,300
92729,1,300
92793,1,300
92800,1,300
92820,1,300
92830,1,300
92862,1,300
92864,1,300
92879,1,300
92879,1,300
92914,1,300
92923,1,300
92936,1,300
92942,1,300
92965,1,300
92998,1,300
93003,1,300
93011,1,300
93018,1,300
93024,1,300
93045,1,300
93048,1,300
93060,1,300
93086,1,300
93126,1,300
93156,1,300
93211,1,300
93233,1,300
93252,1,300
93284,1,300
93289,1,300
93297,1,300
93354,1,300
93359,1,300
93365,1,300
93374,1,300
93415,1,300
93435,1,300
93437,1,300
93478,1,300
93640,1,300
93669,1,300
93670,1,300
93699,1,300
93732,1,300
93767,1,300
93796,1,300
93820,1,300
93821,1,300
93841,1,300
93842,1,300
93850,1,300
93851,1,300
93856,1,300
93889,1,300
94011,1,300
94015,1,300
94020,1,300
94023,1,300
94030,1,300
94104,1,300
94117,1,300
94158,1,300
94159,1,300
94165,1,300
94190,1,300
94236,1,300
94272,1,300
94301,1,300
94361,1,300
94370,1,300
94399,1,300
94447,1,300
94590,1,300
94614,1,300
94642,1,300
94643,1,300
94654,1,300
94685,1,300
94706,1,300
94709,1,300
94766,1,300
94783,1,300
94786,1,300
94788,1,300
94797,1,300
94838,1,300
94878,1,300
94890,1,300
94914,1,300
94935,1,300
95015,1,300
95030,1,300
95061,1,300
95084,1,300
95088,1,300
95102,1,300
95104,1,300
95129,1,300
95142,1,300
95230,1,300
95255,1,300
95266,1,300
95327,1,300
95356,1,300
95444,1,300
95518,1,300
95521,1,300
95526,1,300
95582,1,300
95606,1,300
95620,1,300
95622,1,300
95650,1,300
95674,1,300
95730,1,300
95762,1,300
95768,1,300
95814,1,300
95824,1,300
95826,1,300
95838,1,300
95866,1,300
95869,1,300
95966,1,300
95980,1,300
96020,1,300
96071,1,300
96120,1,300
96145,1,300
96148,1,300
96259,1,300
96269,1,300
96287,1,300
96303,1,300
96329,1,300
96414,1,300
96420,1,300
96436,1,300
96442,1,300
96474,1,300
96497,1,300
96522,1,300
96556,1,300
96665,1,300
96710,1,300
96752,1,300
96817,1,300
96840,1,300
96844,1,300
96859,1,300
96866,1,300
96949,1,300
96955,1,300
97005,1,300
97047,1,300
97051,1,300
97052,1,300
97058,1,300
97080,1,300
97105,1,300
97139,1,300
97148,1,300
97148,1,300
97234,1,300
97266,1,300
97305,1,300
97306,1,300
97324,1,300
97325,1,300
97328,1,300
97370,1,300
97399,1,300
97403,1,300
97412,1,300
97482,1,300
97501,1,300
97505,1,300
97511,1,300
97551,1,300
97582,1,300
97584,1,300
97594,1,300
97662,1,300
97692,1,300
97720,1,300
97724,1,300
97783,1,300
97801,1,300
97846,1,300
97849,1,300
97888,1,300
97947,1,300
98010,1,300
98029,1,300
98087,1,300
98121,1,300
98136,1,300
98182,1,300
98195,1,300
98201,1,300
98213,1,300
98322,1,300
98331,1,300
98349,1,300
98374,1,300
98389,1,300
98398,1,300
98437,1,300
98451,1,300
98494,1,300
98504,1,300
98515,1,300
98523,1,300
98528,1,300
98609,1,300
98628,1,300
98717,1,300
98742,1,300
98750,1,300
98796,1,300
98802,1,300
98804,1,300
98806,1,300
98931,1,300
98955,1,300
99011,1,300
99013,1,300
99098,1,300
99153,1,300
99180,1,300
99181,1,300
99293,1,300
99341,1,300
99374,1,300
99376,1,300
99376,1,300
99391,1,300
99415,1,300
99427,1,300
99429,1,300
99435,1,300
99534,1,300
99558,1,300
99634,1,300
99641,1,300
99714,1,300
99721,1,300
99837,1,300
99839,1,300
99884,1,300
99903,1,300
99973,1,300
99974,1,300
100003,1,300
100012,1,300
100017,1,300
100073,1,300
100100,1,300
100110,1,300
100115,1,300
100116,1,300
100127,1,300
100127,1,300
100144,1,300
100184,1,300
100191,1,300
100195,1,300
100196,1,300
100197,1,300
100207,1,300
100216,1,300
100244,1,300
100252,1,300
100254,1,300
100257,1,300
100408,1,300
100420,1,300
100429,1,300
100567,1,300
100624,1,300
100629,1,300
100664,1,300
100744,1,300
100746,1,300
100750,1,300
100786,1,300
100847,1,300
100860,1,300
100902,1,300
100927,1,300
100929,1,300
101015,1,300
101084,1,300
101104,1,300
101117,1,300
101171,1,300
101189,1,300
101301,1,300
101317,1,300
101382,1,300
101428,1,300
101464,1,300
101470,1,300
101550,1,300
101586,1,300
101587,1,300
101616,1,300
101630,1,300
101649,1,300
101667,1,300
101676,1,300
101748,1,300
101748,1,300
101758,1,300
101783,1,300
101797,1,300
101876,1,300
101892,1,300
101896,1,300
101926,1,300
101934,1,300
102024,1,300
102024,1,300
102031,1,300
102046,1,300
102054,1,300
102062,1,300
102070,1,300
102084,1,300
102139,1,300
102145,1,300
102186,1,300
102198,1,300
102199,1,300
102219,1,300
102221,1,300
102243,1,300
102268,1,300
102276,1,300
102301,1,300
102311,1,300
102314,1,300
102320,1,300
102357,1,300
102398,1,300
102405,1,300
102414,1,300
102431,1,300
102526,1,300
102604,1,300
102665,1,300
102678,1,300
103042,1,300
103050,1,300
103060,1,300
103077,1,300
103125,1,300
103177,1,300
103235,1,300
103246,1,300
103337,1,300
103339,1,300
103365,1,300
103387,1,300
103456,1,300
103484,1,300
103494,1,300
103499,1,300
103534,1,300
103557,1,300
103560,1,300
103587,1,300
103604,1,300
103622,1,300
103651,1,300
103688,1,300
103727,1,300
103734,1,300
103845,1,300
103852,1,300
103961,1,300
104000,1,300
104010,1,300
104013,1,300
104022,1,300
104023,1,300
104032,1,300
104036,1,300
104036,1,300
104065,1,300
104103,1,300
104138,1,300
104163,1,300
104172,1,300
104180,1,300
104237,1,300
104347,1,300
104373,1,300
104393,1,300
104403,1,300
104413,1,300
104444,1,300
104457,1,300
104468,1,300
104490,1,300
104528,1,300
104531,1,300
104531,1,300
104532,1,300
104640,1,300
104687,1,300
104693,1,300
104694,1,300
104697,1,300
104725,1,300
104807,1,300
104879,1,300
104903,1,300
104927,1,300
105092,1,300
105125,1,300
105145,1,300
105149,1,300
105169,1,300
105260,1,300
105266,1,300
105341,1,300
105381,1,300
105382,1,300
105419,1,300
105453,1,300
105480,1,300
105497,1,300
105541,1,300
105629,1,300
105629,1,300
105678,1,300
105736,1,300
105737,1,300
105774,1,300
105840,1,300
105858,1,300
105863,1,300
105889,1,300
105917,1,300
105929,1,300
105935,1,300
106023,1,300
106057,1,300
106084,1,300
106124,1,300
106148,1,300
106157,1,300
106179,1,300
106204,1,300
106307,1,300
106326,1,300
106387,1,300
106403,1,300
106455,1,300
106456,1,300
106468,1,300
106471,1,300
106491,1,300
106533,1,300
106577,1,300
106582,1,300
106649,1,300
106689,1,300
106756,1,300
106827,1,300
106866,1,300
106875,1,300
106893,1,300
107027,1,300
107087,1,300
107124,1,300
107153,1,300
107205,1,300
107314,1,300
107330,1,300
107454,1,300
107460,1,300
107519,1,300
107525,1,300
107595,1,300
107606,1,300
107616,1,300
107720,1,300
107723,1,300
107744,1,300
107753,1,300
107808,1,300
107820,1,300
107828,1,300
107952,1,300
107973,1,300
108024,1,300
108039,1,300
108055,1,300
108090,1,300
108099,1,300
108102,1,300
108138,1,300
108182,1,300
108189,1,300
108205,1,300
108260,1,300
108330,1,300
108333,1,300
108338,1,300
108378,1,300
108382,1,300
108416,1,300
108424,1,300
108466,1,300
108512,1,300
108557,1,300
108633,1,300
108703,1,300
108754,1,300
108774,1,300
108778,1,300
109025,1,300
109146,1,300
109179,1,300
109197,1,300
109204,1,300
109258,1,300
109320,1,300
109336,1,300
109362,1,300
109508,1,300
109533,1,300
109578,1,300
109581,1,300
109707,1,300
109761,1,300
109893,1,300
109897,1,300
109919,1,300
109940,1,300
110016,1,300
110039,1,300
110076,1,300
110100,1,300
110125,1,300
110143,1,300
110153,1,300
110168,1,300
110193,1,300
110194,1,300
110224,1,300
110245,1,300
110247,1,300
110339,1,300
110364,1,300
110460,1,300
110543,1,300
110544,1,300
110559,1,300
110578,1,300
110632,1,300
110640,1,300
110641,1,300
110672,1,300
110701,1,300
110702,1,300
110709,1,300
110808,1,300
110887,1,300
110918,1,300
110918,1,300
110955,1,300
110959,1,300
111008,1,300
111020,1,300
111022,1,300
111035,1,300
111041,1,300
111045,1,300
111064,1,300
111076,1,300
111096,1,300
111163,1,300
111177,1,300
111193,1,300
111285,1,300
111292,1,300
111303,1,300
111334,1,300
111421,1,300
111444,1,300
111513,1,300
111549,1,300
111633,1,300
111674,1,300
111752,1,300
111759,1,300
111776,1,300
111781,1,300
111782,1,300
112017,1,300
112030,1,300
112112,1,300
112139,1,300
112208,1,300
112391,1,300
112458,1,300
112463,1,300
112481,1,300
112615,1,300
112685,1,300
112718,1,300
112724,1,300
112813,1,300
112825,1,300
112882,1,300
112969,1,300
112973,1,300
113001,1,300
113014,1,300
113073,1,300
113081,1,300
113084,1,300
113114,1,300
113116,1,300
113129,1,300
113140,1,300
113214,1,300
113233,1,300
113288,1,300
113356,1,300
113381,1,300
113398,1,300
113408,1,300
113430,1,300
113523,1,300
113569,1,300
113644,1,300
113662,1,300
113672,1,300
113683,1,300
113758,1,300
113768,1,300
113774,1,300
113794,1,300
113820,1,300
113897,1,300
113922,1,300
114058,1,300
114231,1,300
114281,1,300
114338,1,300
114389,1,300
114417,1,300
114420,1,300
114420,1,300
114428,1,300
114492,1,300
114554,1,300
114561,1,300
114581,1,300
114602,1,300
114607,1,300
114778,1,300
114810,1,300
114818,1,300
114867,1,300
114928,1,300
115002,1,300
115093,1,300
115095,1,300
115111,1,300
115116,1,300
115131,1,300
115163,1,300
115212,1,300
115243,1,300
115249,1,300
115260,1,300
115262,1,300
115270,1,300
115276,1,300
115291,1,300
115321,1,300
115391,1,300
115404,1,300
115446,1,300
115573,1,300
115588,1,300
115616,1,300
115624,1,300
115678,1,300
115721,1,300
115723,1,300
115726,1,300
116029,1,300
116057,1,300
116084,1,300
116094,1,300
116103,1,300
116170,1,300
116189,1,300
116312,1,300
116372,1,300
116434,1,300
116451,1,300
116455,1,300
116493,1,300
116513,1,300
116520,1,300
116543,1,300
116677,1,300
116691,1,300
116698,1,300
116699,1,300
116717,1,300
116783,1,300
116822,1,300
116859,1,300
117041,1,300
117054,1,300
117072,1,300
117171,1,300
117428,1,300
117457,1,300
117554,1,300
117655,1,300
117657,1,300
117776,1,300
117805,1,300
117816,1,300
117859,1,300
117907,1,300
118031,1,300
118038,1,300
118068,1,300
118071,1,300
118130,1,300
118139,1,300
118185,1,300
118195,1,300
118212,1,300
118215,1,300
118263,1,300
118301,1,300
118343,1,300
118344,1,300
118351,1,300
118466,1,300
118514,1,300
118521,1,300
118548,1,300
118571,1,300
118629,1,300
118651,1,300
118802,1,300
118814,1,300
118904,1,300
119009,1,300
119068,1,300
119292,1,300
119546,1,300
119610,1,300
119623,1,300
119632,1,300
119696,1,300
119700,1,300
119701,1,300
119749,1,300
119756,1,300
119781,1,300
119784,1,300
119882,1,300
119884,1,300
119958,1,300
120081,1,300
120135,1,300
120146,1,300
120299,1,300
120320,1,300
120371,1,300
120408,1,300
120426,1,300
120577,1,300
120619,1,300
120687,1,300
120747,1,300
120789,1,300
120797,1,300
120848,1,300
120982,1,300
120993,1,300
121001,1,300
121006,1,300
121071,1,300
121121,1,300
121147,1,300
121212,1,300
121292,1,300
121292,1,300
121301,1,300
121308,1,300
121308,1,300
121346,1,300
121377,1,300
121396,1,300
121429,1,300
121457,1,300
121519,1,300
121566,1,300
122094,1,300
122142,1,300
122174,1,300
122191,1,300
122200,1,300
122247,1,300
122323,1,300
122358,1,300
122392,1,300
122410,1,300
122454,1,300
122479,1,300
122498,1,300
122668,1,300
122805,1,300
122876,1,300
123005,1,300
123013,1,300
123078,1,300
123134,1,300
123157,1,300
123233,1,300
123269,1,300
123339,1,300
123392,1,300
123433,1,300
123443,1,300
123573,1,300
123574,1,300
123587,1,300
123615,1,300
123637,1,300
123861,1,300
123867,1,300
124044,1,300
124095,1,300
124187,1,300
124204,1,300
124343,1,300
124375,1,300
124394,1,300
124469,1,300
124501,1,300
124526,1,300
124641,1,300
124650,1,300
124792,1,300
124920,1,300
124959,1,300
125051,1,300
125122,1,300
125128,1,300
125264,1,300
125348,1,300
125352,1,300
125370,1,300
125476,1,300
125488,1,300
125496,1,300
125549,1,300
125556,1,300
125595,1,300
125628,1,300
125730,1,300
125779,1,300
126100,1,300
126251,1,300
126251,1,300
126328,1,300
126344,1,300
126552,1,300
126772,1,300
126794,1,300
126863,1,300
126870,1,300
126884,1,300
126921,1,300
126956,1,300
126978,1,300
127011,1,300
127053,1,300
127091,1,300
127166,1,300
127177,1,300
127268,1,300
127314,1,300
127321,1,300
127493,1,300
127670,1,300
127695,1,300
127787,1,300
127896,1,300
128074,1,300
128125,1,300
128148,1,300
128282,1,300
128295,1,300
128329,1,300
128434,1,300
128457,1,300
128534,1,300
128579,1,300
128604,1,300
128621,1,300
128646,1,300
128666,1,300
128688,1,300
128771,1,300
128978,1,300
129042,1,300
129046,1,300
129053,1,300
129058,1,300
129162,1,300
129189,1,300
129231,1,300
129270,1,300
129271,1,300
129294,1,300
129305,1,300
129437,1,300
129510,1,300
129832,1,300
129905,1,300
129924,1,300
129933,1,300
129939,1,300
130005,1,300
130067,1,300
130196,1,300
130231,1,300
130241,1,300
130332,1,300
130386,1,300
130426,1,300
130479,1,300
130485,1,300
130762,1,300
130791,1,300
130980,1,300
131047,1,300
131113,1,300
131244,1,300
131329,1,300
131479,1,300
131646,1,300
131718,1,300
131724,1,300
131768,1,300
131772,1,300
131808,1,300
131895,1,300
132239,1,300
132250,1,300
132319,1,300
132363,1,300
132510,1,300
132558,1,300
132682,1,300
132754,1,300
132888,1,300
133051,1,300
133087,1,300
133210,1,300
133280,1,300
133295,1,300
133374,1,300
133520,1,300
133575,1,300
133595,1,300
133640,1,300
133658,1,300
134091,1,300
134200,1,300
134236,1,300
134277,1,300
134297,1,300
134374,1,300
134445,1,300
134515,1,300
134583,1,300
134748,1,300
135131,1,300
135175,1,300
135233,1,300
135283,1,300
135289,1,300
135395,1,300
135395,1,300
135655,1,300
135906,1,300
136026,1,300
136111,1,300
136217,1,300
136218,1,300
136285,1,300
136368,1,300
136420,1,300
136495,1,300
136503,1,300
136854,1,300
136918,1,300
137018,1,300
137034,1,300
137035,1,300
137084,1,300
137163,1,300
137166,1,300
137492,1,300
137689,1,300
137814,1,300
137844,1,300
137924,1,300
137976,1,300
138071,1,300
138118,1,300
138184,1,300
138337,1,300
138409,1,300
138543,1,300
138543,1,300
138701,1,300
138902,1,300
138948,1,300
138983,1,300
139210,1,300
139315,1,300
139320,1,300
139553,1,300
139840,1,300
140191,1,300
140197,1,300
140227,1,300
140255,1,300
140290,1,300
140333,1,300
140340,1,300
140410,1,300
140430,1,300
140457,1,300
140515,1,300
140635,1,300
140638,1,300
140770,1,300
140814,1,300
141045,1,300
141061,1,300
141193,1,300
141306,1,300
141353,1,300
141745,1,300
141999,1,300
142055,1,300
142258,1,300
142285,1,300
142376,1,300
142709,1,300
142810,1,300
142905,1,300
143055,1,300
143165,1,300
143284,1,300
143351,1,300
143417,1,300
143425,1,300
143431,1,300
143467,1,300
144072,1,300
144217,1,300
144435,1,300
144989,1,300
145033,1,300
145102,1,300
145180,1,300
145203,1,300
145319,1,300
145437,1,300
145459,1,300
145548,1,300
145722,1,300
145834,1,300
145868,1,300
145898,1,300
146119,1,300
146386,1,300
146407,1,300
146494,1,300
146509,1,300
146779,1,300
146845,1,300
147285,1,300
147317,1,300
147382,1,300
147388,1,300
147391,1,300
147408,1,300
147677,1,300
147693,1,300
147820,1,300
148708,1,300
148990,1,300
149027,1,300
149132,1,300
149228,1,300
149329,1,300
149413,1,300
149493,1,300
149575,1,300
149736,1,300
150063,1,300
150477,1,300
150922,1,300
151038,1,300
151150,1,300
151194,1,300
151277,1,300
151329,1,300
151413,1,300
151511,1,300
152023,1,300
152109,1,300
152150,1,300
152161,1,300
152428,1,300
152456,1,300
152569,1,300
152603,1,300
152863,1,300
152894,1,300
153075,1,300
153246,1,300
153378,1,300
153618,1,300
153716,1,300
153741,1,300
153834,1,300
153897,1,300
154088,1,300
154114,1,300
154126,1,300
154183,1,300
154191,1,300
154765,1,300
155098,1,300
155244,1,300
155386,1,300
155704,1,300
155722,1,300
155788,1,300
156051,1,300
156222,1,300
156246,1,300
156284,1,300
157136,1,300
157280,1,300
157882,1,300
157988,1,300
158136,1,300
158199,1,300
158213,1,300
158276,1,300
158572,1,300
158903,1,300
159010,1,300
159226,1,300
159671,1,300
159717,1,300
159731,1,300
159944,1,300
159945,1,300
159965,1,300
160085,1,300
160118,1,300
160189,1,300
160299,1,300
161001,1,300
161270,1,300
161584,1,300
162343,1,300
162841,1,300
163092,1,300
163141,1,300
163221,1,300
163368,1,300
163571,1,300
164023,1,300
164044,1,300
164068,1,300
164071,1,300
164140,1,300
164216,1,300
164319,1,300
164340,1,300
164456,1,300
164456,1,300
164497,1,300
164506,1,300
165045,1,300
165150,1,300
165339,1,300
165518,1,300
165576,1,300
165596,1,300
166251,1,300
166390,1,300
166487,1,300
166555,1,300
166710,1,300
166783,1,300
167073,1,300
167285,1,300
167545,1,300
167697,1,300
167730,1,300
168450,1,300
168918,1,300
168939,1,300
169428,1,300
169455,1,300
169761,1,300
169894,1,300
170067,1,300
170088,1,300
170137,1,300
170197,1,300
170212,1,300
170820,1,300
171352,1,300
171413,1,300
171566,1,300
171683,1,300
172151,1,300
172213,1,300
172214,1,300
172717,1,300
172907,1,300
173060,1,300
173061,1,300
173629,1,300
174011,1,300
174104,1,300
174950,1,300
175202,1,300
175224,1,300
175825,1,300
176262,1,300
176302,1,300
176498,1,300
176620,1,300
176657,1,300
176785,1,300
176805,1,300
176812,1,300
176858,1,300
176946,1,300
177041,1,300
177050,1,300
177059,1,300
177113,1,300
177224,1,300
177323,1,300
177336,1,300
177355,1,300
178013,1,300
178162,1,300
178542,1,300
178615,1,300
178865,1,300
179097,1,300
179173,1,300
179191,1,300
179220,1,300
179272,1,300
179503,1,300
179598,1,300
179835,1,300
180103,1,300
180309,1,300
180665,1,300
181182,1,300
181380,1,300
181646,1,300
181845,1,300
181857,1,300
182038,1,300
182615,1,300
182847,1,300
182972,1,300
183025,1,300
183043,1,300
183045,1,300
183162,1,300
183166,1,300
183185,1,300
183302,1,300
183528,1,300
184436,1,300
184443,1,300
184465,1,300
184808,1,300
184908,1,300
185458,1,300
186007,1,300
186181,1,300
186342,1,300
186440,1,300
186729,1,300
186909,1,300
187021,1,300
187082,1,300
187374,1,300
187792,1,300
187960,1,300
188079,1,300
188096,1,300
188147,1,300
188200,1,300
188250,1,300
188313,1,300
188341,1,300
188365,1,300
188412,1,300
188611,1,300
188693,1,300
188737,1,300
188792,1,300
189042,1,300
189274,1,300
189343,1,300
189452,1,300
189517,1,300
190279,1,300
190343,1,300
191055,1,300
191113,1,300
191134,1,300
191931,1,300
191979,1,300
191982,1,300
192224,1,300
192353,1,300
192358,1,300
192383,1,300
192871,1,300
193047,1,300
193181,1,300
193341,1,300
193498,1,300
193732,1,300
193883,1,300
194076,1,300
194118,1,300
194248,1,300
194302,1,300
194419,1,300
194834,1,300
194988,1,300
195012,1,300
195024,1,300
195061,1,300
195063,1,300
195089,1,300
195124,1,300
196299,1,300
196439,1,300
196601,1,300
196613,1,300
196683,1,300
197283,1,300
197288,1,300
197423,1,300
197504,1,300
198226,1,300
198289,1,300
198367,1,300
198562,1,300
198826,1,300
199094,1,300
199220,1,300
199619,1,300
200065,1,300
200152,1,300
200185,1,300
200209,1,300
200420,1,300
200420,1,300
200454,1,300
200484,1,300
200550,1,300
200608,1,300
200878,1,300
200988,1,300
201020,1,300
201074,1,300
201208,1,300
201269,1,300
201304,1,300
201305,1,300
201350,1,300
201452,1,300
201591,1,300
201929,1,300
202231,1,300
202269,1,300
202290,1,300
202293,1,300
202742,1,300
202851,1,300
202987,1,300
203031,1,300
203033,1,300
203100,1,300
203139,1,300
203190,1,300
203569,1,300
203598,1,300
203688,1,300
204008,1,300
204490,1,300
204591,1,300
204628,1,300
204803,1,300
205053,1,300
205324,1,300
205338,1,300
205617,1,300
206053,1,300
206073,1,300
206241,1,300
206298,1,300
206429,1,300
206615,1,300
206800,1,300
206937,1,300
207112,1,300
207125,1,300
207139,1,300
207192,1,300
207217,1,300
207413,1,300
207437,1,300
207517,1,300
207597,1,300
208224,1,300
208304,1,300
208579,1,300
209043,1,300
209912,1,300
210008,1,300
210126,1,300
210239,1,300
210296,1,300
210320,1,300
210465,1,300
210470,1,300
210523,1,300
211245,1,300
211349,1,300
211545,1,300
211850,1,300
211885,1,300
211997,1,300
212081,1,300
212114,1,300
212230,1,300
212298,1,300
212442,1,300
212449,1,300
212491,1,300
212632,1,300
212688,1,300
212725,1,300
212741,1,300
212777,1,300
212951,1,300
212968,1,300
212983,1,300
213004,1,300
213093,1,300
213409,1,300
213410,1,300
213453,1,300
213545,1,300
213755,1,300
213909,1,300
213981,1,300
214080,1,300
214303,1,300
214426,1,300
214689,1,300
214975,1,300
214978,1,300
215015,1,300
215073,1,300
215128,1,300
215138,1,300
215188,1,300
215214,1,300
215475,1,300
215544,1,300
215676,1,300
215698,1,300
216386,1,300
216412,1,300
216495,1,300
216533,1,300
216775,1,300
216900,1,300
217144,1,300
217194,1,300
217241,1,300
217284,1,300
217520,1,300
217552,1,300
217590,1,300
217657,1,300
218267,1,300
218281,1,300
218312,1,300
218431,1,300
218437,1,300
219125,1,300
219317,1,300
219369,1,300
219391,1,300
219504,1,300
219538,1,300
219567,1,300
219612,1,300
219625,1,300
219793,1,300
219796,1,300
219801,1,300
220086,1,300
220188,1,300
220398,1,300
220819,1,300
220963,1,300
221199,1,300
221219,1,300
221260,1,300
221563,1,300
221597,1,300
221666,1,300
221766,1,300
221803,1,300
222005,1,300
222192,1,300
222198,1,300
222233,1,300
222409,1,300
222422,1,300
222423,1,300
222458,1,300
223306,1,300
223500,1,300
223587,1,300
223642,1,300
223645,1,300
223731,1,300
223914,1,300
223957,1,300
224080,1,300
224155,1,300
224208,1,300
224225,1,300
224268,1,300
224451,1,300
224462,1,300
224711,1,300
224721,1,300
224803,1,300
224813,1,300
224815,1,300
224879,1,300
224932,1,300
224944,1,300
224977,1,300
225005,1,300
225041,1,300
225098,1,300
225130,1,300
225302,1,300
225400,1,300
225425,1,300
225456,1,300
225533,1,300
225550,1,300
225630,1,300
225649,1,300
225668,1,300
225679,1,300
225682,1,300
225698,1,300
225742,1,300
226142,1,300
226215,1,300
226292,1,300
226371,1,300
226425,1,300
226454,1,300
226469,1,300
226536,1,300
226751,1,300
226971,1,300
227025,1,300
227046,1,300
227050,1,300
227078,1,300
227128,1,300
227198,1,300
227229,1,300
227258,1,300
227303,1,300
227322,1,300
227340,1,300
227356,1,300
227504,1,300
227553,1,300
227573,1,300
227584,1,300
227599,1,300
227613,1,300
227650,1,300
228021,1,300
228221,1,300
228312,1,300
228314,1,300
228400,1,300
228611,1,300
228686,1,300
228736,1,300
228741,1,300
228788,1,300
228806,1,300
228852,1,300
229002,1,300
229012,1,300
229021,1,300
229045,1,300
229140,1,300
229252,1,300
229320,1,300
229494,1,300
229535,1,300
229581,1,300
229698,1,300
229712,1,300
230008,1,300
230073,1,300
230076,1,300
230089,1,300
230094,1,300
230113,1,300
230121,1,300
230131,1,300
230258,1,300
230337,1,300
230361,1,300
230394,1,300
230418,1,300
230431,1,300
230479,1,300
231168,1,300
231296,1,300
231304,1,300
231341,1,300
231492,1,300
231528,1,300
231705,1,300
231708,1,300
231781,1,300
231849,1,300
231853,1,300
231924,1,300
232241,1,300
232388,1,300
232709,1,300
232752,1,300
232770,1,300
232808,1,300
232825,1,300
232938,1,300
233010,1,300
233057,1,300
233063,1,300
233102,1,300
233136,1,300
233269,1,300
233355,1,300
233377,1,300
233398,1,300
233424,1,300
233478,1,300
233489,1,300
233553,1,300
233670,1,300
234014,1,300
234061,1,300
234147,1,300
234151,1,300
234154,1,300
234171,1,300
234219,1,300
234234,1,300
234263,1,300
234286,1,300
234334,1,300
234362,1,300
234518,1,300
235061,1,300
235096,1,300
235200,1,300
235264,1,300
235267,1,300
235350,1,300
235512,1,300
235643,1,300
235669,1,300
235738,1,300
235945,1,300
236018,1,300
236035,1,300
236081,1,300
236094,1,300
236149,1,300
236192,1,300
236265,1,300
236278,1,300
236291,1,300
236291,1,300
236293,1,300
236298,1,300
236318,1,300
236377,1,300
236409,1,300
236435,1,300
236469,1,300
236485,1,300
236517,1,300
236565,1,300
236621,1,300
236694,1,300
236704,1,300
236757,1,300
237057,1,300
237101,1,300
237184,1,300
237335,1,300
237430,1,300
237448,1,300
237498,1,300
237521,1,300
237528,1,300
237571,1,300
237574,1,300
237689,1,300
237874,1,300
237964,1,300
238006,1,300
238015,1,300
238028,1,300
238441,1,300
238450,1,300
238461,1,300
238519,1,300
238632,1,300
238676,1,300
238793,1,300
238875,1,300
239021,1,300
239054,1,300
239073,1,300
239110,1,300
239150,1,300
239167,1,300
239179,1,300
239232,1,300
239253,1,300
239273,1,300
239374,1,300
239374,1,300
239416,1,300
239436,1,300
239470,1,300
239487,1,300
239496,1,300
239613,1,300
239731,1,300
239746,1,300
240278,1,300
240434,1,300
240489,1,300
240537,1,300
240564,1,300
240592,1,300
241045,1,300
241112,1,300
241140,1,300
241142,1,300
241148,1,300
241193,1,300
241203,1,300
241217,1,300
241220,1,300
241235,1,300
241315,1,300
241328,1,300
241354,1,300
241364,1,300
241391,1,300
241481,1,300
241523,1,300
241571,1,300
241697,1,300
241707,1,300
241912,1,300
242007,1,300
242115,1,300
242360,1,300
242375,1,300
242384,1,300
242489,1,300
242640,1,300
242661,1,300
242697,1,300
242757,1,300
242877,1,300
242927,1,300
242930,1,300
242992,1,300
243044,1,300
243054,1,300
243143,1,300
243174,1,300
243229,1,300
243275,1,300
243341,1,300
243478,1,300
243541,1,300
243542,1,300
243553,1,300
243567,1,300
243664,1,300
243673,1,300
243802,1,300
243825,1,300
244120,1,300
244200,1,300
244263,1,300
244284,1,300
244298,1,300
244335,1,300
244350,1,300
244533,1,300
244539,1,300
244588,1,300
244640,1,300
244742,1,300
244771,1,300
245032,1,300
245074,1,300
245235,1,300
245423,1,300
245489,1,300
245677,1,300
245679,1,300
245776,1,300
245820,1,300
245863,1,300
245925,1,300
246062,1,300
246064,1,300
246067,1,300
246134,1,300
246238,1,300
246306,1,300
246335,1,300
246424,1,300
246575,1,300
246628,1,300
246728,1,300
246736,1,300
246822,1,300
246904,1,300
247102,1,300
247108,1,300
247359,1,300
247431,1,300
247461,1,300
247474,1,300
247578,1,300
247658,1,300
247760,1,300
247833,1,300
248167,1,300
248195,1,300
248219,1,300
248238,1,300
248241,1,300
248287,1,300
248360,1,300
248538,1,300
248557,1,300
248643,1,300
248661,1,300
248678,1,300
248689,1,300
248768,1,300
248790,1,300
248862,1,300
248916,1,300
248923,1,300
248944,1,300
249062,1,300
249164,1,300
249264,1,300
249328,1,300
249356,1,300
249362,1,300
249405,1,300
249700,1,300
249734,1,300
249851,1,300
249892,1,300
249905,1,300
250062,1,300
250070,1,300
250084,1,300
250238,1,300
250300,1,300
250302,1,300
250351,1,300
250422,1,300
250442,1,300
250597,1,300
250673,1,300
251042,1,300
251134,1,300
251176,1,300
251186,1,300
251219,1,300
251277,1,300
251361,1,300
251397,1,300
251434,1,300
251701,1,300
251828,1,300
251909,1,300
252045,1,300
252090,1,300
252100,1,300
252254,1,300
252380,1,300
252493,1,300
252511,1,300
252562,1,300
252571,1,300
252651,1,300
252708,1,300
252777,1,300
253072,1,300
253102,1,300
253144,1,300
253197,1,300
253209,1,300
253507,1,300
253630,1,300
253746,1,300
253833,1,300
253836,1,300
254004,1,300
254040,1,300
254214,1,300
254257,1,300
254460,1,300
254537,1,300
254654,1,300
254812,1,300
254837,1,300
254887,1,300
254937,1,300
254941,1,300
255076,1,300
255103,1,300
255279,1,300
255280,1,300
255305,1,300
255337,1,300
255474,1,300
255501,1,300
255502,1,300
255553,1,300
255722,1,300
255723,1,300
255737,1,300
256095,1,300
256130,1,300
256414,1,300
256504,1,300
256510,1,300
256542,1,300
256585,1,300
256636,1,300
256652,1,300
256728,1,300
257059,1,300
257116,1,300
257429,1,300
257628,1,300
257681,1,300
257695,1,300
257708,1,300
257793,1,300
257987,1,300
258115,1,300
258136,1,300
258149,1,300
258223,1,300
258292,1,300
258300,1,300
258319,1,300
258465,1,300
258487,1,300
258494,1,300
258669,1,300
258670,1,300
259003,1,300
259321,1,300
259732,1,300
259800,1,300
259961,1,300
260058,1,300
260154,1,300
260255,1,300
260287,1,300
260344,1,300
260377,1,300
260447,1,300
260451,1,300
260482,1,300
260537,1,300
260557,1,300
260564,1,300
260689,1,300
260834,1,300
260854,1,300
260919,1,300
260928,1,300
261073,1,300
261201,1,300
261307,1,300
261353,1,300
261365,1,300
261498,1,300
261527,1,300
261550,1,300
261666,1,300
261917,1,300
262090,1,300
262261,1,300
262318,1,300
262364,1,300
262382,1,300
262534,1,300
262578,1,300
262628,1,300
262733,1,300
263071,1,300
263082,1,300
263138,1,300
263165,1,300
263184,1,300
263240,1,300
263274,1,300
263281,1,300
264014,1,300
264082,1,300
264094,1,300
264195,1,300
264513,1,300
264608,1,300
265401,1,300
265545,1,300
265619,1,300
265634,1,300
265815,1,300
265951,1,300
266064,1,300
266152,1,300
266211,1,300
266509,1,300
266585,1,300
266648,1,300
266658,1,300
267116,1,300
267587,1,300
267617,1,300
267617,1,300
267671,1,300
267740,1,300
268222,1,300
268491,1,300
268715,1,300
269079,1,300
269395,1,300
269438,1,300
269570,1,300
269594,1,300
270137,1,300
270480,1,300
270614,1,300
270728,1,300
270800,1,300
271041,1,300
271125,1,300
271610,1,300
271901,1,300
272200,1,300
272283,1,300
272359,1,300
272381,1,300
273096,1,300
273359,1,300
273400,1,300
273603,1,300
274050,1,300
274464,1,300
274546,1,300
274579,1,300
275094,1,300
275195,1,300
275310,1,300
276142,1,300
276595,1,300
276775,1,300
277159,1,300
277181,1,300
277273,1,300
278430,1,300
279200,1,300
279463,1,300
280183,1,300
280650,1,300
280935,1,300
280978,1,300
281700,1,300
281729,1,300
281759,1,300
281879,1,300
282049,1,300
282169,1,300
282403,1,300
282481,1,300
282516,1,300
282575,1,300
282623,1,300
282680,1,300
282898,1,300
283114,1,300
283125,1,300
283171,1,300
283419,1,300
283575,1,300
283594,1,300
283660,1,300
283670,1,300
284306,1,300
284344,1,300
285213,1,300
286175,1,300
286303,1,300
286360,1,300
286469,1,300
286489,1,300
286707,1,300
287181,1,300
287438,1,300
287501,1,300
288193,1,300
288545,1,300
288907,1,300
289392,1,300
289483,1,300
290308,1,300
