275,1,300
286,1,300
299,1,300
434,1,300
505,1,300
712,1,300
739,1,300
1073,1,300
1109,1,300
1778,1,300
1790,1,300
2112,1,300
2112,1,300
2590,1,300
2713,1,300
2773,1,300
2803,1,300
3106,1,300
3203,1,300
3206,1,300
3213,1,300
3431,1,300
3453,1,300
3825,1,300
4075,1,300
4156,1,300
4157,1,300
4179,1,300
4378,1,300
4553,1,300
4561,1,300
4611,1,300
4702,1,300
4921,1,300
5020,1,300
5079,1,300
5150,1,300
5252,1,300
5533,1,300
5567,1,300
5898,1,300
6032,1,300
6078,1,300
6083,1,300
6193,1,300
6552,1,300
7070,1,300
7078,1,300
7223,1,300
7282,1,300
7507,1,300
7730,1,300
7753,1,300
7916,1,300
8623,1,300
8817,1,300
9009,1,300
9096,1,300
9116,1,300
9137,1,300
9145,1,300
9180,1,300
9262,1,300
9341,1,300
9423,1,300
9625,1,300
9630,1,300
9637,1,300
9678,1,300
9699,1,300
9831,1,300
9916,1,300
9949,1,300
9981,1,300
10024,1,300
10051,1,300
10070,1,300
10142,1,300
10514,1,300
10560,1,300
10839,1,300
10839,1,300
10930,1,300
10931,1,300
10934,1,300
11022,1,300
11064,1,300
11464,1,300
11645,1,300
11745,1,300
11818,1,300
11861,1,300
11939,1,300
12243,1,300
12278,1,300
12319,1,300
12373,1,300
12592,1,300
12631,1,300
12739,1,300
12766,1,300
13002,1,300
13225,1,300
13334,1,300
13753,1,300
14061,1,300
14066,1,300
14105,1,300
14133,1,300
14268,1,300
14323,1,300
14328,1,300
14331,1,300
14357,1,300
14379,1,300
14532,1,300
14588,1,300
14653,1,300
14711,1,300
14770,1,300
14878,1,300
15024,1,300
15317,1,300
15318,1,300
15372,1,300
15477,1,300
15573,1,300
15579,1,300
16012,1,300
16202,1,300
16238,1,300
16252,1,300
16281,1,300
16363,1,300
16547,1,300
17838,1,300
17907,1,300
18313,1,300
18322,1,300
18425,1,300
18516,1,300
18631,1,300
18688,1,300
19346,1,300
19586,1,300
19731,1,300
19954,1,300
20056,1,300
20122,1,300
20236,1,300
20340,1,300
20383,1,300
20419,1,300
20442,1,300
20477,1,300
20519,1,300
20528,1,300
20546,1,300
20550,1,300
20554,1,300
20564,1,300
20686,1,300
20712,1,300
20751,1,300
20773,1,300
20816,1,300
21007,1,300
21117,1,300
21119,1,300
21240,1,300
21286,1,300
21291,1,300
21564,1,300
21803,1,300
22014,1,300
22070,1,300
22135,1,300
22184,1,300
22204,1,300
22223,1,300
22272,1,300
22430,1,300
22462,1,300
22568,1,300
23024,1,300
23028,1,300
23058,1,300
23058,1,300
23148,1,300
23158,1,300
23183,1,300
23193,1,300
23327,1,300
23368,1,300
23375,1,300
23396,1,300
23397,1,300
23488,1,300
23586,1,300
24006,1,300
24401,1,300
24737,1,300
24787,1,300
24802,1,300
25184,1,300
25453,1,300
25507,1,300
25865,1,300
25967,1,300
26018,1,300
26043,1,300
26095,1,300
26220,1,300
26292,1,300
26367,1,300
26406,1,300
26493,1,300
26823,1,300
27016,1,300
27039,1,300
27058,1,300
27077,1,300
27115,1,300
27152,1,300
27160,1,300
27183,1,300
27196,1,300
27320,1,300
27466,1,300
27562,1,300
27580,1,300
28481,1,300
28549,1,300
28657,1,300
28727,1,300
28734,1,300
29108,1,300
29113,1,300
29121,1,300
29458,1,300
29574,1,300
29602,1,300
29756,1,300
29935,1,300
30008,1,300
30098,1,300
30268,1,300
30304,1,300
30408,1,300
30490,1,300
30582,1,300
30596,1,300
30691,1,300
30738,1,300
31018,1,300
31035,1,300
31104,1,300
31145,1,300
31233,1,300
32040,1,300
32128,1,300
32138,1,300
32138,1,300
32250,1,300
32266,1,300
32266,1,300
32285,1,300
32355,1,300
32392,1,300
32445,1,300
32448,1,300
32464,1,300
32510,1,300
32513,1,300
32572,1,300
32584,1,300
32603,1,300
32668,1,300
32677,1,300
32701,1,300
32745,1,300
32755,1,300
32758,1,300
32763,1,300
33167,1,300
33168,1,300
33227,1,300
33295,1,300
33300,1,300
33337,1,300
33405,1,300
33499,1,300
33560,1,300
33579,1,300
33693,1,300
33986,1,300
34169,1,300
34178,1,300
34284,1,300
34307,1,300
34344,1,300
34411,1,300
34465,1,300
34527,1,300
34555,1,300
34569,1,300
34729,1,300
34788,1,300
34970,1,300
35028,1,300
35057,1,300
35140,1,300
35264,1,300
35440,1,300
35625,1,300
35827,1,300
36094,1,300
36178,1,300
36236,1,300
36249,1,300
36271,1,300
36387,1,300
36391,1,300
36417,1,300
36434,1,300
36573,1,300
36613,1,300
36760,1,300
37017,1,300
37038,1,300
37087,1,300
37124,1,300
37193,1,300
37200,1,300
37326,1,300
37346,1,300
37385,1,300
37411,1,300
37544,1,300
37635,1,300
37672,1,300
37758,1,300
37808,1,300
38041,1,300
38053,1,300
38164,1,300
38217,1,300
38285,1,300
38355,1,300
38439,1,300
38451,1,300
38460,1,300
38464,1,300
38505,1,300
38557,1,300
38620,1,300
39021,1,300
39025,1,300
39061,1,300
39190,1,300
39200,1,300
39226,1,300
39239,1,300
39269,1,300
39506,1,300
39581,1,300
39613,1,300
39640,1,300
39717,1,300
39802,1,300
40208,1,300
40283,1,300
40295,1,300
40490,1,300
40635,1,300
40813,1,300
40818,1,300
40856,1,300
41143,1,300
41156,1,300
41202,1,300
41208,1,300
41223,1,300
41251,1,300
41301,1,300
41362,1,300
41704,1,300
41844,1,300
41852,1,300
41910,1,300
42160,1,300
42173,1,300
42360,1,300
42525,1,300
42549,1,300
42591,1,300
42610,1,300
42643,1,300
42771,1,300
42917,1,300
42986,1,300
43166,1,300
43171,1,300
43173,1,300
43285,1,300
43381,1,300
43385,1,300
43637,1,300
43793,1,300
43821,1,300
43845,1,300
43929,1,300
44015,1,300
44082,1,300
44128,1,300
44145,1,300
44172,1,300
44184,1,300
44238,1,300
44250,1,300
44252,1,300
44258,1,300
44290,1,300
44339,1,300
44361,1,300
44393,1,300
44464,1,300
44484,1,300
44490,1,300
44520,1,300
44575,1,300
44632,1,300
44636,1,300
44675,1,300
44711,1,300
44851,1,300
44885,1,300
45021,1,300
45033,1,300
45037,1,300
45052,1,300
45163,1,300
45222,1,300
45245,1,300
45340,1,300
45391,1,300
45436,1,300
45441,1,300
45462,1,300
45466,1,300
45468,1,300
45520,1,300
45526,1,300
45551,1,300
45553,1,300
45564,1,300
45579,1,300
45640,1,300
45658,1,300
45700,1,300
45702,1,300
45721,1,300
45734,1,300
45753,1,300
45762,1,300
46017,1,300
46023,1,300
46065,1,300
46131,1,300
46156,1,300
46171,1,300
46563,1,300
46724,1,300
46769,1,300
46815,1,300
46926,1,300
46928,1,300
46931,1,300
46951,1,300
46954,1,300
47009,1,300
47016,1,300
47035,1,300
47050,1,300
47076,1,300
47089,1,300
47130,1,300
47156,1,300
47180,1,300
47186,1,300
47218,1,300
47232,1,300
47254,1,300
47268,1,300
47271,1,300
47281,1,300
47305,1,300
47448,1,300
47490,1,300
47568,1,300
47577,1,300
47587,1,300
47622,1,300
47685,1,300
47690,1,300
47723,1,300
47787,1,300
47826,1,300
47999,1,300
48002,1,300
48059,1,300
48060,1,300
48067,1,300
48068,1,300
48069,1,300
48155,1,300
48168,1,300
48179,1,300
48185,1,300
48202,1,300
48223,1,300
48226,1,300
48234,1,300
48247,1,300
48341,1,300
48385,1,300
48392,1,300
48404,1,300
48414,1,300
48432,1,300
48469,1,300
48618,1,300
48758,1,300
49048,1,300
49129,1,300
49155,1,300
49251,1,300
49362,1,300
49384,1,300
49402,1,300
49506,1,300
49573,1,300
49685,1,300
49750,1,300
49781,1,300
49800,1,300
49816,1,300
49821,1,300
49823,1,300
49896,1,300
49908,1,300
49924,1,300
49934,1,300
49954,1,300
49962,1,300
50014,1,300
50058,1,300
50124,1,300
50139,1,300
50193,1,300
50207,1,300
50213,1,300
50298,1,300
50337,1,300
50351,1,300
50353,1,300
50355,1,300
50416,1,300
50477,1,300
50516,1,300
50660,1,300
50662,1,300
50709,1,300
50711,1,300
50801,1,300
50907,1,300
50941,1,300
50970,1,300
50985,1,300
51000,1,300
51044,1,300
51078,1,300
51084,1,300
51220,1,300
51277,1,300
51354,1,300
51522,1,300
51542,1,300
51587,1,300
51629,1,300
51641,1,300
51717,1,300
51722,1,300
51844,1,300
51865,1,300
51868,1,300
51916,1,300
51952,1,300
52012,1,300
52024,1,300
52133,1,300
52162,1,300
52243,1,300
52403,1,300
52407,1,300
52422,1,300
52642,1,300
52646,1,300
52676,1,300
52676,1,300
52713,1,300
52723,1,300
52926,1,300
52978,1,300
52988,1,300
52991,1,300
53030,1,300
53071,1,300
53124,1,300
53145,1,300
53161,1,300
53290,1,300
53320,1,300
53402,1,300
53429,1,300
53531,1,300
53534,1,300
53544,1,300
53571,1,300
53627,1,300
53646,1,300
53652,1,300
53776,1,300
53840,1,300
53849,1,300
53872,1,300
53947,1,300
53952,1,300
54060,1,300
54093,1,300
54105,1,300
54123,1,300
54151,1,300
54192,1,300
54194,1,300
54339,1,300
54535,1,300
54550,1,300
54613,1,300
54681,1,300
54707,1,300
54710,1,300
54741,1,300
54763,1,300
54771,1,300
54834,1,300
54848,1,300
54872,1,300
54910,1,300
54999,1,300
55016,1,300
55024,1,300
55038,1,300
55084,1,300
55088,1,300
55131,1,300
55191,1,300
55253,1,300
55289,1,300
55410,1,300
55419,1,300
55431,1,300
55477,1,300
55491,1,300
55493,1,300
55677,1,300
55705,1,300
55728,1,300
55783,1,300
55785,1,300
56003,1,300
56012,1,300
56013,1,300
56049,1,300
56095,1,300
56101,1,300
56124,1,300
56188,1,300
56208,1,300
56250,1,300
56281,1,300
56347,1,300
56361,1,300
56387,1,300
56391,1,300
56392,1,300
56468,1,300
56527,1,300
56561,1,300
56565,1,300
56567,1,300
56573,1,300
56578,1,300
56682,1,300
56692,1,300
56750,1,300
56760,1,300
56774,1,300
56864,1,300
56882,1,300
56884,1,300
56917,1,300
56996,1,300
57001,1,300
57002,1,300
57032,1,300
57052,1,300
57062,1,300
57106,1,300
57124,1,300
57127,1,300
57130,1,300
57131,1,300
57138,1,300
57185,1,300
57215,1,300
57223,1,300
57289,1,300
57313,1,300
57349,1,300
57383,1,300
57394,1,300
57461,1,300
57472,1,300
57500,1,300
57528,1,300
57594,1,300
57631,1,300
57655,1,300
57721,1,300
57731,1,300
57793,1,300
57854,1,300
57900,1,300
58019,1,300
58021,1,300
58029,1,300
58063,1,300
58065,1,300
58070,1,300
58084,1,300
58095,1,300
58110,1,300
58122,1,300
58182,1,300
58184,1,300
58196,1,300
58218,1,300
58222,1,300
58244,1,300
58273,1,300
58301,1,300
58364,1,300
58433,1,300
58488,1,300
58544,1,300
58561,1,300
58564,1,300
58585,1,300
58587,1,300
58592,1,300
58630,1,300
58641,1,300
58647,1,300
58665,1,300
58668,1,300
58773,1,300
58801,1,300
58901,1,300
58913,1,300
58933,1,300
58946,1,300
58956,1,300
59001,1,300
59020,1,300
59049,1,300
59077,1,300
59135,1,300
59184,1,300
59231,1,300
59265,1,300
59347,1,300
59363,1,300
59402,1,300
59409,1,300
59409,1,300
59428,1,300
59450,1,300
59575,1,300
59576,1,300
59584,1,300
59588,1,300
59668,1,300
59679,1,300
59709,1,300
59715,1,300
59744,1,300
59804,1,300
59816,1,300
59855,1,300
60093,1,300
60094,1,300
60144,1,300
60180,1,300
60190,1,300
60194,1,300
60203,1,300
60211,1,300
60233,1,300
60259,1,300
60365,1,300
60407,1,300
60440,1,300
60495,1,300
60495,1,300
60508,1,300
60508,1,300
60512,1,300
60545,1,300
60545,1,300
60567,1,300
60567,1,300
60618,1,300
60630,1,300
60648,1,300
60701,1,300
60792,1,300
60858,1,300
60875,1,300
60881,1,300
61004,1,300
61012,1,300
61040,1,300
61061,1,300
61066,1,300
61073,1,300
61089,1,300
61123,1,300
61146,1,300
61170,1,300
61189,1,300
61197,1,300
61218,1,300
61259,1,300
61342,1,300
61369,1,300
61378,1,300
61409,1,300
61418,1,300
61435,1,300
61442,1,300
61456,1,300
61562,1,300
61588,1,300
61607,1,300
61628,1,300
61805,1,300
61854,1,300
61871,1,300
61918,1,300
62039,1,300
62053,1,300
62059,1,300
62060,1,300
62097,1,300
62140,1,300
62200,1,300
62259,1,300
62278,1,300
62280,1,300
62285,1,300
62316,1,300
62337,1,300
62344,1,300
62348,1,300
62381,1,300
62382,1,300
62420,1,300
62425,1,300
62425,1,300
62522,1,300
62530,1,300
62579,1,300
62621,1,300
62625,1,300
62655,1,300
62679,1,300
62700,1,300
62739,1,300
63021,1,300
63066,1,300
63087,1,300
63098,1,300
63174,1,300
63180,1,300
63298,1,300
63326,1,300
63382,1,300
63439,1,300
63447,1,300
63470,1,300
63498,1,300
63613,1,300
63635,1,300
63718,1,300
63723,1,300
63761,1,300
63844,1,300
63877,1,300
63920,1,300
63945,1,300
63978,1,300
64042,1,300
64136,1,300
64137,1,300
64223,1,300
64229,1,300
64236,1,300
64244,1,300
64269,1,300
64296,1,300
64297,1,300
64308,1,300
64349,1,300
64352,1,300
64381,1,300
64382,1,300
64429,1,300
64450,1,300
64469,1,300
64491,1,300
64506,1,300
64508,1,300
64525,1,300
64541,1,300
64579,1,300
64610,1,300
64617,1,300
64769,1,300
64777,1,300
64864,1,300
64869,1,300
64995,1,300
65005,1,300
65010,1,300
65046,1,300
65063,1,300
65090,1,300
65129,1,300
65142,1,300
65151,1,300
65162,1,300
65179,1,300
65210,1,300
65272,1,300
65291,1,300
65310,1,300
65349,1,300
65411,1,300
65456,1,300
65484,1,300
65496,1,300
65507,1,300
65626,1,300
65638,1,300
65657,1,300
65747,1,300
65772,1,300
65780,1,300
65891,1,300
65891,1,300
65898,1,300
65911,1,300
65933,1,300
65972,1,300
65983,1,300
66006,1,300
66008,1,300
66010,1,300
66076,1,300
66078,1,300
66173,1,300
66229,1,300
66262,1,300
66311,1,300
66357,1,300
66418,1,300
66464,1,300
66467,1,300
66482,1,300
66487,1,300
66556,1,300
66598,1,300
66616,1,300
66671,1,300
66683,1,300
66691,1,300
66730,1,300
66738,1,300
66771,1,300
66930,1,300
66946,1,300
67005,1,300
67031,1,300
67057,1,300
67077,1,300
67078,1,300
67081,1,300
67090,1,300
67193,1,300
67248,1,300
67265,1,300
67270,1,300
67322,1,300
67360,1,300
67363,1,300
67483,1,300
67523,1,300
67530,1,300
67547,1,300
67561,1,300
67586,1,300
67635,1,300
67672,1,300
67721,1,300
67723,1,300
67728,1,300
67799,1,300
67816,1,300
67848,1,300
67867,1,300
67922,1,300
67944,1,300
67953,1,300
67960,1,300
67971,1,300
67990,1,300
68045,1,300
68056,1,300
68087,1,300
68089,1,300
68090,1,300
68106,1,300
68128,1,300
68179,1,300
68200,1,300
68201,1,300
68208,1,300
68210,1,300
68229,1,300
68235,1,300
68245,1,300
68267,1,300
68275,1,300
68332,1,300
68334,1,300
68357,1,300
68366,1,300
68369,1,300
68408,1,300
68411,1,300
68414,1,300
68419,1,300
68421,1,300
68423,1,300
68424,1,300
68457,1,300
68470,1,300
68503,1,300
68539,1,300
68557,1,300
68587,1,300
68597,1,300
68727,1,300
68776,1,300
68793,1,300
68822,1,300
68836,1,300
68838,1,300
68846,1,300
68862,1,300
68875,1,300
68889,1,300
68977,1,300
68985,1,300
68988,1,300
69026,1,300
69028,1,300
69030,1,300
69032,1,300
69035,1,300
69037,1,300
69040,1,300
69052,1,300
69052,1,300
69053,1,300
69067,1,300
69092,1,300
69152,1,300
69158,1,300
69173,1,300
69178,1,300
69214,1,300
69252,1,300
69275,1,300
69306,1,300
69323,1,300
69338,1,300
69361,1,300
69362,1,300
69395,1,300
69427,1,300
69445,1,300
69448,1,300
69457,1,300
69462,1,300
69479,1,300
69483,1,300
69516,1,300
69537,1,300
69544,1,300
69593,1,300
69606,1,300
69614,1,300
69631,1,300
69653,1,300
69656,1,300
69657,1,300
69691,1,300
69721,1,300
69773,1,300
69780,1,300
69812,1,300
69832,1,300
69864,1,300
69866,1,300
69866,1,300
70014,1,300
70040,1,300
70046,1,300
70052,1,300
70079,1,300
70092,1,300
70097,1,300
70113,1,300
70140,1,300
70141,1,300
70168,1,300
70179,1,300
70199,1,300
70226,1,300
70242,1,300
70243,1,300
70243,1,300
70252,1,300
70276,1,300
70276,1,300
70317,1,300
70364,1,300
70406,1,300
70485,1,300
70569,1,300
70583,1,300
70590,1,300
70696,1,300
70700,1,300
70742,1,300
70798,1,300
70808,1,300
70816,1,300
70820,1,300
70838,1,300
70881,1,300
70892,1,300
70920,1,300
70928,1,300
70930,1,300
70993,1,300
71007,1,300
71013,1,300
71021,1,300
71025,1,300
71039,1,300
71044,1,300
71075,1,300
71146,1,300
71150,1,300
71156,1,300
71186,1,300
71194,1,300
71196,1,300
71198,1,300
71240,1,300
71244,1,300
71261,1,300
71282,1,300
71282,1,300
71321,1,300
71391,1,300
71427,1,300
71436,1,300
71471,1,300
71569,1,300
71575,1,300
71594,1,300
71599,1,300
71610,1,300
71623,1,300
71644,1,300
71651,1,300
71652,1,300
71702,1,300
71739,1,300
71755,1,300
71767,1,300
71774,1,300
71809,1,300
71826,1,300
71898,1,300
71929,1,300
71940,1,300
71956,1,300
71961,1,300
71966,1,300
72032,1,300
72040,1,300
72040,1,300
72044,1,300
72055,1,300
72074,1,300
72083,1,300
72169,1,300
72174,1,300
72212,1,300
72258,1,300
72290,1,300
72336,1,300
72357,1,300
72373,1,300
72396,1,300
72575,1,300
72583,1,300
72592,1,300
72616,1,300
72627,1,300
72631,1,300
72634,1,300
72638,1,300
72695,1,300
72727,1,300
72772,1,300
72788,1,300
72817,1,300
72834,1,300
72873,1,300
72889,1,300
72910,1,300
72949,1,300
72955,1,300
72956,1,300
72958,1,300
72964,1,300
72986,1,300
73019,1,300
73031,1,300
73032,1,300
73052,1,300
73088,1,300
73095,1,300
73096,1,300
73115,1,300
73135,1,300
73172,1,300
73190,1,300
73283,1,300
73287,1,300
73293,1,300
73304,1,300
73327,1,300
73337,1,300
73360,1,300
73364,1,300
73370,1,300
73371,1,300
73395,1,300
73399,1,300
73471,1,300
73477,1,300
73481,1,300
73514,1,300
73528,1,300
73580,1,300
73587,1,300
73615,1,300
73634,1,300
73683,1,300
73721,1,300
73736,1,300
73754,1,300
73754,1,300
73786,1,300
73827,1,300
73900,1,300
73910,1,300
73913,1,300
73919,1,300
73941,1,300
74016,1,300
74120,1,300
74126,1,300
74130,1,300
74188,1,300
74215,1,300
74235,1,300
74249,1,300
74264,1,300
74272,1,300
74355,1,300
74369,1,300
74398,1,300
74405,1,300
74418,1,300
74423,1,300
74461,1,300
74538,1,300
74545,1,300
74550,1,300
74583,1,300
74589,1,300
74613,1,300
74643,1,300
74662,1,300
74670,1,300
74670,1,300
74685,1,300
74699,1,300
74717,1,300
74721,1,300
74740,1,300
74812,1,300
74840,1,300
74887,1,300
74942,1,300
74992,1,300
75002,1,300
75040,1,300
75048,1,300
75052,1,300
75071,1,300
75073,1,300
75076,1,300
75088,1,300
75089,1,300
75100,1,300
75106,1,300
75110,1,300
75176,1,300
75177,1,300
75193,1,300
75201,1,300
75205,1,300
75217,1,300
75224,1,300
75242,1,300
75248,1,300
75328,1,300
75334,1,300
75352,1,300
75371,1,300
75375,1,300
75376,1,300
75391,1,300
75393,1,300
75395,1,300
75421,1,300
75437,1,300
75439,1,300
75447,1,300
75449,1,300
75487,1,300
75513,1,300
75544,1,300
75585,1,300
75599,1,300
75605,1,300
75611,1,300
75616,1,300
75623,1,300
75700,1,300
75720,1,300
76016,1,300
76059,1,300
76071,1,300
76086,1,300
76105,1,300
76113,1,300
76128,1,300
76185,1,300
76208,1,300
76209,1,300
76236,1,300
76244,1,300
76309,1,300
76330,1,300
76333,1,300
76340,1,300
76368,1,300
76396,1,300
76431,1,300
76435,1,300
76438,1,300
76449,1,300
76452,1,300
76465,1,300
76465,1,300
76475,1,300
76477,1,300
76581,1,300
76625,1,300
76634,1,300
76682,1,300
76731,1,300
76751,1,300
76771,1,300
76773,1,300
76815,1,300
76824,1,300
76847,1,300
76851,1,300
76887,1,300
76894,1,300
77015,1,300
77026,1,300
77052,1,300
77106,1,300
77132,1,300
77132,1,300
77150,1,300
77172,1,300
77204,1,300
77204,1,300
77212,1,300
77303,1,300
77311,1,300
77340,1,300
77364,1,300
77393,1,300
77393,1,300
77425,1,300
77434,1,300
77450,1,300
77469,1,300
77496,1,300
77516,1,300
77553,1,300
77575,1,300
77621,1,300
77646,1,300
77698,1,300
77720,1,300
77729,1,300
77729,1,300
77729,1,300
77847,1,300
77875,1,300
77882,1,300
77902,1,300
77932,1,300
77981,1,300
78003,1,300
78030,1,300
78034,1,300
78040,1,300
78059,1,300
78066,1,300
78077,1,300
78136,1,300
78141,1,300
78197,1,300
78239,1,300
78274,1,300
78291,1,300
78306,1,300
78388,1,300
78395,1,300
78410,1,300
78428,1,300
78458,1,300
78482,1,300
78534,1,300
78549,1,300
78553,1,300
78566,1,300
78596,1,300
78608,1,300
78610,1,300
78631,1,300
78647,1,300
78669,1,300
78698,1,300
78709,1,300
78764,1,300
78794,1,300
78817,1,300
78826,1,300
78831,1,300
78840,1,300
78874,1,300
78918,1,300
78935,1,300
78969,1,300
79001,1,300
79009,1,300
79020,1,300
79101,1,300
79161,1,300
79169,1,300
79177,1,300
79215,1,300
79241,1,300
79255,1,300
79264,1,300
79280,1,300
79299,1,300
79385,1,300
79396,1,300
79405,1,300
79406,1,300
79412,1,300
79431,1,300
79434,1,300
79443,1,300
79461,1,300
79473,1,300
79525,1,300
79545,1,300
79555,1,300
79595,1,300
79634,1,300
79771,1,300
79780,1,300
79782,1,300
79788,1,300
79839,1,300
79843,1,300
79849,1,300
79875,1,300
79896,1,300
79941,1,300
79945,1,300
79963,1,300
80016,1,300
80094,1,300
80102,1,300
80125,1,300
80126,1,300
80140,1,300
80156,1,300
80161,1,300
80161,1,300
80185,1,300
80191,1,300
80195,1,300
80208,1,300
80209,1,300
80246,1,300
80280,1,300
80298,1,300
80309,1,300
80316,1,300
80317,1,300
80322,1,300
80357,1,300
80371,1,300
80373,1,300
80402,1,300
80403,1,300
80415,1,300
80451,1,300
80468,1,300
80471,1,300
80478,1,300
80490,1,300
80501,1,300
80540,1,300
80542,1,300
80544,1,300
80547,1,300
80575,1,300
80602,1,300
80606,1,300
80606,1,300
80629,1,300
80651,1,300
80653,1,300
80687,1,300
80689,1,300
80694,1,300
80700,1,300
80732,1,300
80801,1,300
80804,1,300
80810,1,300
80861,1,300
80885,1,300
80918,1,300
80931,1,300
80943,1,300
80945,1,300
81026,1,300
81051,1,300
81057,1,300
81062,1,300
81064,1,300
81076,1,300
81087,1,300
81120,1,300
81134,1,300
81143,1,300
81149,1,300
81201,1,300
81201,1,300
81246,1,300
81269,1,300
81310,1,300
81334,1,300
81341,1,300
81344,1,300
81389,1,300
81390,1,300
81393,1,300
81417,1,300
81432,1,300
81448,1,300
81465,1,300
81470,1,300
81482,1,300
81484,1,300
81485,1,300
81486,1,300
81509,1,300
81525,1,300
81534,1,300
81544,1,300
81573,1,300
81578,1,300
81588,1,300
81605,1,300
81607,1,300
81611,1,300
81617,1,300
81638,1,300
81646,1,300
81670,1,300
81679,1,300
81683,1,300
81689,1,300
82000,1,300
82014,1,300
82033,1,300
82051,1,300
82061,1,300
82064,1,300
82069,1,300
82093,1,300
82102,1,300
82110,1,300
82113,1,300
82114,1,300
82119,1,300
82121,1,300
82130,1,300
82142,1,300
82162,1,300
82177,1,300
82185,1,300
82187,1,300
82218,1,300
82221,1,300
82259,1,300
82286,1,300
82304,1,300
82340,1,300
82359,1,300
82360,1,300
82364,1,300
82400,1,300
82432,1,300
82436,1,300
82448,1,300
82460,1,300
82463,1,300
82464,1,300
82472,1,300
82487,1,300
82515,1,300
82542,1,300
82544,1,300
82548,1,300
82558,1,300
82558,1,300
82566,1,300
82572,1,300
82575,1,300
82582,1,300
83005,1,300
83041,1,300
83044,1,300
83052,1,300
83074,1,300
83083,1,300
83090,1,300
83138,1,300
83138,1,300
83148,1,300
83152,1,300
83160,1,300
83168,1,300
83186,1,300
83209,1,300
83210,1,300
83214,1,300
83236,1,300
83239,1,300
83262,1,300
83301,1,300
83336,1,300
83355,1,300
83375,1,300
83375,1,300
83376,1,300
83376,1,300
83392,1,300
83403,1,300
83414,1,300
83433,1,300
83444,1,300
83449,1,300
83474,1,300
83526,1,300
83535,1,300
83566,1,300
83570,1,300
83596,1,300
83599,1,300
83609,1,300
83610,1,300
83619,1,300
83629,1,300
83634,1,300
83635,1,300
83638,1,300
84074,1,300
84094,1,300
84107,1,300
84112,1,300
84118,1,300
84125,1,300
84138,1,300
84151,1,300
84156,1,300
84207,1,300
84210,1,300
84240,1,300
84245,1,300
84253,1,300
84265,1,300
84266,1,300
84281,1,300
84336,1,300
84338,1,300
84349,1,300
84423,1,300
84449,1,300
84469,1,300
84482,1,300
84525,1,300
84536,1,300
84544,1,300
84557,1,300
84580,1,300
84580,1,300
84612,1,300
84654,1,300
84661,1,300
84670,1,300
84674,1,300
84677,1,300
84682,1,300
84699,1,300
84738,1,300
84746,1,300
84801,1,300
84838,1,300
84847,1,300
84848,1,300
85038,1,300
85077,1,300
85093,1,300
85095,1,300
85098,1,300
85119,1,300
85126,1,300
85140,1,300
85173,1,300
85185,1,300
85201,1,300
85202,1,300
85248,1,300
85278,1,300
85308,1,300
85311,1,300
85317,1,300
85318,1,300
85333,1,300
85337,1,300
85353,1,300
85371,1,300
85402,1,300
85431,1,300
85446,1,300
85449,1,300
85485,1,300
85486,1,300
85508,1,300
85530,1,300
85532,1,300
85535,1,300
85545,1,300
85564,1,300
85569,1,300
85580,1,300
85654,1,300
85655,1,300
85689,1,300
85728,1,300
85741,1,300
85744,1,300
85833,1,300
85852,1,300
85868,1,300
85937,1,300
85994,1,300
86033,1,300
86041,1,300
86049,1,300
86060,1,300
86066,1,300
86085,1,300
86109,1,300
86167,1,300
86185,1,300
86207,1,300
86209,1,300
86272,1,300
86274,1,300
86285,1,300
86324,1,300
86337,1,300
86342,1,300
86435,1,300
86449,1,300
86480,1,300
86519,1,300
86557,1,300
86599,1,300
86615,1,300
86660,1,300
86670,1,300
86693,1,300
86700,1,300
86707,1,300
86710,1,300
86725,1,300
86742,1,300
86754,1,300
86790,1,300
86830,1,300
86863,1,300
86898,1,300
86961,1,300
86971,1,300
86972,1,300
86997,1,300
87013,1,300
87036,1,300
87045,1,300
87050,1,300
87060,1,300
87068,1,300
87078,1,300
87083,1,300
87093,1,300
87124,1,300
87128,1,300
87168,1,300
87203,1,300
87214,1,300
87270,1,300
87274,1,300
87292,1,300
87295,1,300
87328,1,300
87366,1,300
87380,1,300
87392,1,300
87393,1,300
87424,1,300
87455,1,300
87466,1,300
87486,1,300
87497,1,300
87523,1,300
87528,1,300
87530,1,300
87564,1,300
87603,1,300
87630,1,300
87632,1,300
87667,1,300
87702,1,300
87711,1,300
87724,1,300
87759,1,300
87845,1,300
87859,1,300
87870,1,300
87887,1,300
87972,1,300
87992,1,300
88000,1,300
88008,1,300
88016,1,300
88016,1,300
88034,1,300
88043,1,300
88044,1,300
88071,1,300
88089,1,300
88104,1,300
88107,1,300
88115,1,300
88132,1,300
88146,1,300
88150,1,300
88189,1,300
88193,1,300
88207,1,300
88269,1,300
88278,1,300
88294,1,300
88308,1,300
88335,1,300
88340,1,300
88419,1,300
88428,1,300
88437,1,300
88438,1,300
88440,1,300
88459,1,300
88472,1,300
88473,1,300
88489,1,300
88500,1,300
88503,1,300
88518,1,300
88526,1,300
88577,1,300
88605,1,300
88657,1,300
88679,1,300
88720,1,300
88728,1,300
88734,1,300
88763,1,300
88788,1,300
88789,1,300
88810,1,300
88861,1,300
88881,1,300
88884,1,300
89044,1,300
89083,1,300
89099,1,300
89118,1,300
89124,1,300
89128,1,300
89170,1,300
89180,1,300
89197,1,300
89232,1,300
89315,1,300
89319,1,300
89328,1,300
89332,1,300
89337,1,300
89347,1,300
89418,1,300
89421,1,300
89461,1,300
89480,1,300
89485,1,300
89489,1,300
89504,1,300
89539,1,300
89542,1,300
89587,1,300
89623,1,300
89637,1,300
89643,1,300
89678,1,300
89699,1,300
89749,1,300
89779,1,300
89800,1,300
89815,1,300
89816,1,300
89877,1,300
89903,1,300
89906,1,300
89924,1,300
89943,1,300
89947,1,300
89967,1,300
90035,1,300
90056,1,300
90072,1,300
90082,1,300
90108,1,300
90142,1,300
90216,1,300
90219,1,300
90258,1,300
90277,1,300
90280,1,300
90298,1,300
90308,1,300
90331,1,300
90362,1,300
90362,1,300
90376,1,300
90381,1,300
90469,1,300
90470,1,300
90471,1,300
90478,1,300
90530,1,300
90573,1,300
90578,1,300
90578,1,300
90579,1,300
90590,1,300
90611,1,300
90627,1,300
90638,1,300
90639,1,300
90702,1,300
90707,1,300
90714,1,300
90716,1,300
90733,1,300
90766,1,300
90810,1,300
90817,1,300
90826,1,300
90852,1,300
90866,1,300
90867,1,300
90894,1,300
90894,1,300
91000,1,300
91129,1,300
91135,1,300
91153,1,300
91227,1,300
91295,1,300
91316,1,300
91382,1,300
91385,1,300
91386,1,300
91396,1,300
91412,1,300
91417,1,300
91454,1,300
91521,1,300
91551,1,300
91562,1,300
91571,1,300
91577,1,300
91586,1,300
91590,1,300
91669,1,300
91681,1,300
91694,1,300
91730,1,300
91744,1,300
91754,1,300
91762,1,300
91763,1,300
91775,1,300
91877,1,300
91923,1,300
91956,1,300
91998,1,300
92008,1,300
92011,1,300
92018,1,300
92022,1,300
92027,1,300
92038,1,300
92051,1,300
92057,1,300
92095,1,300
92117,1,300
92123,1,300
92123,1,300
92124,1,300
92128,1,300
92130,1,300
92135,1,300
92149,1,300
92172,1,300
92172,1,300
92184,1,300
92188,1,300
92189,1,300
92194,1,300
92199,1,300
92202,1,300
92205,1,300
92224,1,300
92226,1,300
92252,1,300
92320,1,300
92342,1,300
92382,1,300
92383,1,300
92392,1,300
92393,1,300
92408,1,300
92434,1,300
92445,1,300
92446,1,300
92492,1,300
92511,1,300
92526,1,300
92532,1,300
92539,1,300
92546,1,300
92631,1,300
92639,1,300
92670,1,300
92695,1,300
92702,1,300
92705,1,300
92721,1,300
92796,1,300
92812,1,300
92825,1,300
92828,1,300
92841,1,300
92860,1,300
92863,1,300
92899,1,300
92903,1,300
92920,1,300
92922,1,300
92944,1,300
92965,1,300
92980,1,300
92985,1,300
92991,1,300
93005,1,300
93010,1,300
93012,1,300
93021,1,300
93040,1,300
93043,1,300
93049,1,300
93053,1,300
93065,1,300
93067,1,300
93069,1,300
93085,1,300
93092,1,300
93092,1,300
93102,1,300
93103,1,300
93108,1,300
93113,1,300
93115,1,300
93117,1,300
93164,1,300
93226,1,300
93233,1,300
93234,1,300
93237,1,300
93246,1,300
93250,1,300
93250,1,300
93284,1,300
93300,1,300
93355,1,300
93413,1,300
93419,1,300
93436,1,300
93461,1,300
93466,1,300
93492,1,300
93498,1,300
93582,1,300
93617,1,300
93635,1,300
93650,1,300
93661,1,300
93682,1,300
93693,1,300
93747,1,300
93768,1,300
93770,1,300
93786,1,300
93811,1,300
93820,1,300
93829,1,300
93837,1,300
93864,1,300
93888,1,300
93923,1,300
93943,1,300
93944,1,300
93955,1,300
93979,1,300
94008,1,300
94014,1,300
94017,1,300
94025,1,300
94053,1,300
94066,1,300
94078,1,300
94081,1,300
94087,1,300
94109,1,300
94109,1,300
94145,1,300
94158,1,300
94179,1,300
94216,1,300
94226,1,300
94232,1,300
94244,1,300
94266,1,300
94290,1,300
94298,1,300
94346,1,300
94362,1,300
94374,1,300
94398,1,300
94416,1,300
94427,1,300
94443,1,300
94481,1,300
94481,1,300
94513,1,300
94540,1,300
94559,1,300
94572,1,300
94583,1,300
94598,1,300
94617,1,300
94619,1,300
94661,1,300
94678,1,300
94686,1,300
94698,1,300
94800,1,300
94809,1,300
94833,1,300
94844,1,300
94862,1,300
94866,1,300
94915,1,300
94937,1,300
94947,1,300
94993,1,300
95002,1,300
95008,1,300
95037,1,300
95046,1,300
95061,1,300
95085,1,300
95097,1,300
95097,1,300
95100,1,300
95140,1,300
95146,1,300
95150,1,300
95158,1,300
95189,1,300
95225,1,300
95285,1,300
95321,1,300
95336,1,300
95351,1,300
95360,1,300
95372,1,300
95377,1,300
95394,1,300
95437,1,300
95510,1,300
95520,1,300
95555,1,300
95595,1,300
95598,1,300
95608,1,300
95640,1,300
95644,1,300
95662,1,300
95669,1,300
95672,1,300
95674,1,300
95680,1,300
95698,1,300
95698,1,300
95744,1,300
95746,1,300
95793,1,300
95805,1,300
95813,1,300
95851,1,300
95864,1,300
95923,1,300
95929,1,300
96049,1,300
96064,1,300
96092,1,300
96097,1,300
96103,1,300
96126,1,300
96153,1,300
96187,1,300
96198,1,300
96236,1,300
96259,1,300
96286,1,300
96331,1,300
96385,1,300
96388,1,300
96407,1,300
96415,1,300
96485,1,300
96536,1,300
96550,1,300
96564,1,300
96570,1,300
96571,1,300
96589,1,300
96598,1,300
96640,1,300
96650,1,300
96658,1,300
96671,1,300
96687,1,300
96716,1,300
96726,1,300
96741,1,300
96756,1,300
96793,1,300
96794,1,300
96843,1,300
96869,1,300
96932,1,300
96953,1,300
96967,1,300
96980,1,300
97009,1,300
97024,1,300
97028,1,300
97029,1,300
97032,1,300
97060,1,300
97068,1,300
97115,1,300
97125,1,300
97129,1,300
97138,1,300
97142,1,300
97169,1,300
97215,1,300
97234,1,300
97259,1,300
97271,1,300
97283,1,300
97288,1,300
97315,1,300
97350,1,300
97367,1,300
97378,1,300
97392,1,300
97398,1,300
97428,1,300
97452,1,300
97458,1,300
97472,1,300
97497,1,300
97497,1,300
97524,1,300
97538,1,300
97541,1,300
97645,1,300
97645,1,300
97656,1,300
97662,1,300
97679,1,300
97693,1,300
97707,1,300
97717,1,300
97729,1,300
97748,1,300
97799,1,300
97807,1,300
97817,1,300
97825,1,300
97828,1,300
97829,1,300
98004,1,300
98006,1,300
98015,1,300
98066,1,300
98070,1,300
98081,1,300
98102,1,300
98107,1,300
98110,1,300
98114,1,300
98126,1,300
98151,1,300
98154,1,300
98162,1,300
98174,1,300
98231,1,300
98236,1,300
98282,1,300
98301,1,300
98388,1,300
98389,1,300
98393,1,300
98457,1,300
98488,1,300
98488,1,300
98495,1,300
98515,1,300
98527,1,300
98531,1,300
98557,1,300
98571,1,300
98607,1,300
98624,1,300
98624,1,300
98655,1,300
98685,1,300
98699,1,300
98702,1,300
98710,1,300
98726,1,300
98727,1,300
98745,1,300
98790,1,300
98834,1,300
98858,1,300
98859,1,300
99013,1,300
99024,1,300
99033,1,300
99051,1,300
99095,1,300
99146,1,300
99156,1,300
99165,1,300
99184,1,300
99187,1,300
99200,1,300
99205,1,300
99263,1,300
99266,1,300
99269,1,300
99271,1,300
99291,1,300
99310,1,300
99314,1,300
99373,1,300
99381,1,300
99384,1,300
99437,1,300
99479,1,300
99502,1,300
99509,1,300
99568,1,300
99590,1,300
99611,1,300
99635,1,300
99735,1,300
99742,1,300
99748,1,300
99748,1,300
99779,1,300
99833,1,300
99880,1,300
99903,1,300
99915,1,300
99940,1,300
100003,1,300
100003,1,300
100005,1,300
100008,1,300
100034,1,300
100081,1,300
100088,1,300
100106,1,300
100108,1,300
100138,1,300
100155,1,300
100186,1,300
100201,1,300
100205,1,300
100219,1,300
100219,1,300
100241,1,300
100246,1,300
100250,1,300
100269,1,300
100288,1,300
100289,1,300
100329,1,300
100330,1,300
100349,1,300
100399,1,300
100409,1,300
100416,1,300
100419,1,300
100428,1,300
100433,1,300
100437,1,300
100477,1,300
100487,1,300
100499,1,300
100544,1,300
100568,1,300
100606,1,300
100637,1,300
100641,1,300
100692,1,300
100717,1,300
100740,1,300
100747,1,300
100796,1,300
100861,1,300
100927,1,300
100933,1,300
100951,1,300
101013,1,300
101075,1,300
101098,1,300
101142,1,300
101194,1,300
101209,1,300
101234,1,300
101273,1,300
101303,1,300
101310,1,300
101341,1,300
101374,1,300
101398,1,300
101403,1,300
101405,1,300
101420,1,300
101437,1,300
101467,1,300
101477,1,300
101528,1,300
101537,1,300
101597,1,300
101616,1,300
101661,1,300
101687,1,300
101713,1,300
101718,1,300
101768,1,300
101783,1,300
101792,1,300
101796,1,300
101799,1,300
101816,1,300
101837,1,300
101854,1,300
101909,1,300
101918,1,300
101919,1,300
101928,1,300
101933,1,300
101943,1,300
101943,1,300
101950,1,300
102008,1,300
102036,1,300
102044,1,300
102053,1,300
102067,1,300
102084,1,300
102110,1,300
102112,1,300
102156,1,300
102168,1,300
102170,1,300
102171,1,300
102175,1,300
102206,1,300
102227,1,300
102243,1,300
102271,1,300
102280,1,300
102313,1,300
102359,1,300
102362,1,300
102368,1,300
102382,1,300
102398,1,300
102419,1,300
102443,1,300
102467,1,300
102478,1,300
102484,1,300
102548,1,300
102557,1,300
102570,1,300
102595,1,300
102613,1,300
102641,1,300
102650,1,300
102702,1,300
102799,1,300
102806,1,300
102821,1,300
102866,1,300
103035,1,300
103051,1,300
103101,1,300
103126,1,300
103131,1,300
103190,1,300
103205,1,300
103261,1,300
103275,1,300
103275,1,300
103364,1,300
103386,1,300
103425,1,300
103474,1,300
103483,1,300
103488,1,300
103493,1,300
103524,1,300
103544,1,300
103557,1,300
103591,1,300
103603,1,300
103612,1,300
103625,1,300
103631,1,300
103646,1,300
103658,1,300
103717,1,300
103780,1,300
103790,1,300
103799,1,300
103836,1,300
104008,1,300
104064,1,300
104064,1,300
104067,1,300
104073,1,300
104125,1,300
104148,1,300
104157,1,300
104160,1,300
104162,1,300
104166,1,300
104170,1,300
104183,1,300
104192,1,300
104196,1,300
104229,1,300
104243,1,300
104253,1,300
104281,1,300
104282,1,300
104284,1,300
104458,1,300
104464,1,300
104476,1,300
104552,1,300
104552,1,300
104570,1,300
104620,1,300
104621,1,300
104654,1,300
104661,1,300
104661,1,300
104662,1,300
104679,1,300
104697,1,300
104704,1,300
104712,1,300
104717,1,300
104762,1,300
104836,1,300
104870,1,300
104890,1,300
104911,1,300
104941,1,300
104945,1,300
105008,1,300
105011,1,300
105020,1,300
105025,1,300
105033,1,300
105039,1,300
105046,1,300
105055,1,300
105067,1,300
105080,1,300
105089,1,300
105094,1,300
105096,1,300
105104,1,300
105126,1,300
105135,1,300
105139,1,300
105156,1,300
105157,1,300
105196,1,300
105220,1,300
105235,1,300
105238,1,300
105249,1,300
105263,1,300
105279,1,300
105281,1,300
105297,1,300
105310,1,300
105334,1,300
105345,1,300
105370,1,300
105380,1,300
105384,1,300
105396,1,300
105425,1,300
105452,1,300
105484,1,300
105492,1,300
105503,1,300
105574,1,300
105613,1,300
105649,1,300
105663,1,300
105663,1,300
105733,1,300
105739,1,300
105893,1,300
105906,1,300
105914,1,300
106012,1,300
106012,1,300
106017,1,300
106021,1,300
106067,1,300
106097,1,300
106105,1,300
106116,1,300
106121,1,300
106122,1,300
106163,1,300
106176,1,300
106194,1,300
106231,1,300
106262,1,300
106267,1,300
106282,1,300
106324,1,300
106330,1,300
106334,1,300
106389,1,300
106464,1,300
106470,1,300
106497,1,300
106546,1,300
106571,1,300
106589,1,300
106616,1,300
106659,1,300
106718,1,300
106723,1,300
106805,1,300
106806,1,300
106817,1,300
106870,1,300
106870,1,300
106884,1,300
106906,1,300
106971,1,300
107008,1,300
107025,1,300
107045,1,300
107071,1,300
107083,1,300
107140,1,300
107146,1,300
107152,1,300
107168,1,300
107194,1,300
107196,1,300
107218,1,300
107240,1,300
107244,1,300
107246,1,300
107267,1,300
107298,1,300
107317,1,300
107322,1,300
107377,1,300
107449,1,300
107461,1,300
107517,1,300
107541,1,300
107587,1,300
107589,1,300
107620,1,300
107699,1,300
107700,1,300
107727,1,300
107772,1,300
107776,1,300
107792,1,300
107798,1,300
107818,1,300
108003,1,300
108031,1,300
108102,1,300
108122,1,300
108131,1,300
108150,1,300
108201,1,300
108235,1,300
108250,1,300
108298,1,300
108371,1,300
108482,1,300
108508,1,300
108515,1,300
108522,1,300
108545,1,300
108558,1,300
108588,1,300
108599,1,300
108640,1,300
108641,1,300
108646,1,300
108676,1,300
108755,1,300
108783,1,300
108805,1,300
108827,1,300
108828,1,300
108835,1,300
108838,1,300
108839,1,300
108840,1,300
108874,1,300
109039,1,300
109062,1,300
109069,1,300
109071,1,300
109097,1,300
109105,1,300
109140,1,300
109143,1,300
109156,1,300
109167,1,300
109207,1,300
109245,1,300
109255,1,300
109392,1,300
109486,1,300
109538,1,300
109589,1,300
109593,1,300
109600,1,300
109614,1,300
109615,1,300
109630,1,300
109688,1,300
109693,1,300
109699,1,300
109726,1,300
109756,1,300
109761,1,300
109819,1,300
109820,1,300
109843,1,300
109867,1,300
109885,1,300
109913,1,300
109914,1,300
109943,1,300
110003,1,300
110012,1,300
110017,1,300
110048,1,300
110065,1,300
110082,1,300
110116,1,300
110125,1,300
110144,1,300
110145,1,300
110147,1,300
110258,1,300
110484,1,300
110492,1,300
110506,1,300
110509,1,300
110543,1,300
110559,1,300
110563,1,300
110563,1,300
110565,1,300
110573,1,300
110601,1,300
110610,1,300
110635,1,300
110641,1,300
110652,1,300
110692,1,300
110695,1,300
110715,1,300
110715,1,300
110755,1,300
110757,1,300
110762,1,300
110803,1,300
110886,1,300
111019,1,300
111031,1,300
111046,1,300
111062,1,300
111072,1,300
111078,1,300
111079,1,300
111092,1,300
111092,1,300
111129,1,300
111151,1,300
111183,1,300
111235,1,300
111243,1,300
111264,1,300
111266,1,300
111351,1,300
111381,1,300
111382,1,300
111459,1,300
111513,1,300
111518,1,300
111520,1,300
111523,1,300
111556,1,300
111579,1,300
111647,1,300
111677,1,300
111683,1,300
111688,1,300
111750,1,300
111883,1,300
111889,1,300
111906,1,300
111935,1,300
111965,1,300
111972,1,300
112056,1,300
112087,1,300
112088,1,300
112100,1,300
112124,1,300
112136,1,300
112154,1,300
112158,1,300
112165,1,300
112226,1,300
112297,1,300
112315,1,300
112323,1,300
112350,1,300
112358,1,300
112445,1,300
112559,1,300
112585,1,300
112605,1,300
112658,1,300
112695,1,300
112812,1,300
112846,1,300
112875,1,300
112923,1,300
113024,1,300
113027,1,300
113038,1,300
113066,1,300
113107,1,300
113113,1,300
113119,1,300
113146,1,300
113147,1,300
113217,1,300
113226,1,300
113249,1,300
113281,1,300
113340,1,300
113363,1,300
113413,1,300
113450,1,300
113520,1,300
113539,1,300
113564,1,300
113565,1,300
113623,1,300
113641,1,300
113661,1,300
113669,1,300
113688,1,300
113748,1,300
113791,1,300
113805,1,300
113842,1,300
113897,1,300
113956,1,300
113957,1,300
114026,1,300
114037,1,300
114053,1,300
114059,1,300
114059,1,300
114062,1,300
114075,1,300
114099,1,300
114103,1,300
114144,1,300
114145,1,300
114168,1,300
114172,1,300
114176,1,300
114181,1,300
114183,1,300
114231,1,300
114250,1,300
114313,1,300
114376,1,300
114396,1,300
114410,1,300
114411,1,300
114427,1,300
114460,1,300
114470,1,300
114569,1,300
114570,1,300
114597,1,300
114662,1,300
114740,1,300
114801,1,300
114857,1,300
114867,1,300
114894,1,300
114910,1,300
114913,1,300
114991,1,300
115019,1,300
115022,1,300
115025,1,300
115034,1,300
115043,1,300
115052,1,300
115139,1,300
115209,1,300
115240,1,300
115268,1,300
115289,1,300
115324,1,300
115330,1,300
115342,1,300
115346,1,300
115374,1,300
115458,1,300
115555,1,300
115555,1,300
115582,1,300
115585,1,300
115624,1,300
115634,1,300
115636,1,300
115663,1,300
115666,1,300
115666,1,300
115682,1,300
115716,1,300
115756,1,300
115756,1,300
115759,1,300
115787,1,300
116007,1,300
116051,1,300
116112,1,300
116144,1,300
116188,1,300
116188,1,300
116219,1,300
116227,1,300
116259,1,300
116321,1,300
116322,1,300
116339,1,300
116381,1,300
116391,1,300
116414,1,300
116453,1,300
116472,1,300
116480,1,300
116483,1,300
116500,1,300
116504,1,300
116513,1,300
116546,1,300
116581,1,300
116612,1,300
116642,1,300
116654,1,300
116672,1,300
116688,1,300
116700,1,300
116707,1,300
116750,1,300
116761,1,300
116778,1,300
116780,1,300
116784,1,300
117071,1,300
117101,1,300
117114,1,300
117121,1,300
117151,1,300
117184,1,300
117206,1,300
117247,1,300
117263,1,300
117335,1,300
117388,1,300
117407,1,300
117444,1,300
117502,1,300
117590,1,300
117616,1,300
117717,1,300
117739,1,300
117890,1,300
117908,1,300
117909,1,300
117914,1,300
117923,1,300
117923,1,300
118019,1,300
118033,1,300
118060,1,300
118071,1,300
118105,1,300
118120,1,300
118127,1,300
118131,1,300
118136,1,300
118157,1,300
118227,1,300
118236,1,300
118251,1,300
118315,1,300
118317,1,300
118444,1,300
118450,1,300
118480,1,300
118593,1,300
118730,1,300
118750,1,300
118764,1,300
118767,1,300
118767,1,300
118779,1,300
118786,1,300
118787,1,300
119035,1,300
119056,1,300
119069,1,300
119093,1,300
119115,1,300
119156,1,300
119178,1,300
119314,1,300
119372,1,300
119393,1,300
119474,1,300
119512,1,300
119550,1,300
119600,1,300
119659,1,300
119771,1,300
119807,1,300
119881,1,300
119914,1,300
119934,1,300
119938,1,300
119955,1,300
120056,1,300
120127,1,300
120139,1,300
120152,1,300
120185,1,300
120199,1,300
120200,1,300
120214,1,300
120280,1,300
120362,1,300
120365,1,300
120402,1,300
120465,1,300
120468,1,300
120514,1,300
120522,1,300
120585,1,300
120603,1,300
120629,1,300
120730,1,300
120748,1,300
120864,1,300
120873,1,300
120874,1,300
120883,1,300
120892,1,300
121087,1,300
121131,1,300
121188,1,300
121214,1,300
121223,1,300
121249,1,300
121273,1,300
121359,1,300
121367,1,300
121371,1,300
121381,1,300
121423,1,300
121489,1,300
121527,1,300
121564,1,300
121629,1,300
121684,1,300
121697,1,300
121724,1,300
121731,1,300
121754,1,300
121854,1,300
121964,1,300
121966,1,300
122009,1,300
122019,1,300
122070,1,300
122290,1,300
122316,1,300
122327,1,300
122360,1,300
122364,1,300
122378,1,300
122415,1,300
122423,1,300
122520,1,300
122529,1,300
122560,1,300
122651,1,300
122670,1,300
122686,1,300
122698,1,300
122724,1,300
122755,1,300
122760,1,300
122809,1,300
122873,1,300
123006,1,300
123092,1,300
123098,1,300
123152,1,300
123184,1,300
123234,1,300
123247,1,300
123264,1,300
123266,1,300
123312,1,300
123436,1,300
123445,1,300
123468,1,300
123503,1,300
123525,1,300
123538,1,300
123551,1,300
123568,1,300
123575,1,300
123591,1,300
123670,1,300
123682,1,300
123732,1,300
123738,1,300
124013,1,300
124047,1,300
124117,1,300
124213,1,300
124344,1,300
124396,1,300
124409,1,300
124580,1,300
124646,1,300
124824,1,300
124868,1,300
124901,1,300
124967,1,300
125018,1,300
125070,1,300
125132,1,300
125202,1,300
125215,1,300
125315,1,300
125337,1,300
125344,1,300
125388,1,300
125389,1,300
125397,1,300
125403,1,300
125441,1,300
125459,1,300
125491,1,300
125508,1,300
125511,1,300
125551,1,300
125556,1,300
125780,1,300
125805,1,300
125910,1,300
125912,1,300
125944,1,300
126010,1,300
126063,1,300
126070,1,300
126079,1,300
126101,1,300
126112,1,300
126141,1,300
126168,1,300
126172,1,300
126212,1,300
126222,1,300
126235,1,300
126316,1,300
126323,1,300
126345,1,300
126351,1,300
126366,1,300
126433,1,300
126525,1,300
126526,1,300
126553,1,300
126583,1,300
126588,1,300
126631,1,300
126635,1,300
126655,1,300
126775,1,300
127007,1,300
127046,1,300
127090,1,300
127136,1,300
127175,1,300
127181,1,300
127257,1,300
127262,1,300
127263,1,300
127276,1,300
127358,1,300
127375,1,300
127423,1,300
127514,1,300
127596,1,300
127708,1,300
127865,1,300
128033,1,300
128040,1,300
128070,1,300
128081,1,300
128086,1,300
128128,1,300
128132,1,300
128138,1,300
128160,1,300
128260,1,300
128387,1,300
128412,1,300
128416,1,300
128423,1,300
128454,1,300
128475,1,300
128563,1,300
128580,1,300
128622,1,300
128622,1,300
128796,1,300
128808,1,300
128817,1,300
128876,1,300
128888,1,300
128912,1,300
129030,1,300
129060,1,300
129083,1,300
129181,1,300
129186,1,300
129187,1,300
129189,1,300
129258,1,300
129307,1,300
129315,1,300
129335,1,300
129496,1,300
129518,1,300
129572,1,300
129694,1,300
129760,1,300
129795,1,300
129840,1,300
129877,1,300
130004,1,300
130013,1,300
130080,1,300
130106,1,300
130185,1,300
130303,1,300
130438,1,300
130442,1,300
130479,1,300
130521,1,300
130672,1,300
130683,1,300
130691,1,300
130721,1,300
130763,1,300
130772,1,300
130777,1,300
130807,1,300
130852,1,300
130979,1,300
131173,1,300
131301,1,300
131501,1,300
131515,1,300
131551,1,300
131582,1,300
131598,1,300
131610,1,300
131740,1,300
131743,1,300
131775,1,300
131785,1,300
131796,1,300
131838,1,300
131974,1,300
132062,1,300
132062,1,300
132162,1,300
132214,1,300
132436,1,300
132704,1,300
132754,1,300
132814,1,300
132884,1,300
132901,1,300
133026,1,300
133089,1,300
133094,1,300
133116,1,300
133211,1,300
133230,1,300
133281,1,300
133310,1,300
133313,1,300
133348,1,300
133625,1,300
133793,1,300
133850,1,300
133907,1,300
133965,1,300
133997,1,300
134025,1,300
134155,1,300
134216,1,300
134217,1,300
134218,1,300
134308,1,300
134344,1,300
134371,1,300
134434,1,300
134473,1,300
134525,1,300
134533,1,300
134702,1,300
134718,1,300
134904,1,300
134934,1,300
134973,1,300
134977,1,300
135089,1,300
135120,1,300
135234,1,300
135278,1,300
135340,1,300
135436,1,300
135444,1,300
135447,1,300
135504,1,300
135623,1,300
135695,1,300
135837,1,300
135846,1,300
135887,1,300
135923,1,300
135955,1,300
136082,1,300
136142,1,300
136146,1,300
136152,1,300
136266,1,300
136288,1,300
136306,1,300
136311,1,300
136375,1,300
136380,1,300
136568,1,300
136629,1,300
136633,1,300
136634,1,300
137004,1,300
137048,1,300
137393,1,300
137515,1,300
137549,1,300
137582,1,300
137597,1,300
137654,1,300
137722,1,300
137764,1,300
137944,1,300
138028,1,300
138037,1,300
138054,1,300
138063,1,300
138139,1,300
138305,1,300
138319,1,300
138619,1,300
138657,1,300
138667,1,300
138723,1,300
138751,1,300
138774,1,300
138866,1,300
138884,1,300
138934,1,300
138981,1,300
139042,1,300
139091,1,300
139172,1,300
139297,1,300
139341,1,300
139510,1,300
139825,1,300
139833,1,300
139890,1,300
139945,1,300
140009,1,300
140027,1,300
140114,1,300
140126,1,300
140143,1,300
140210,1,300
140225,1,300
140274,1,300
140484,1,300
140493,1,300
140496,1,300
140518,1,300
140545,1,300
140547,1,300
140568,1,300
140585,1,300
140700,1,300
140863,1,300
140904,1,300
141063,1,300
141386,1,300
141491,1,300
141866,1,300
141869,1,300
142039,1,300
142055,1,300
142157,1,300
142189,1,300
142223,1,300
142248,1,300
142427,1,300
142518,1,300
142574,1,300
142718,1,300
142761,1,300
142825,1,300
142891,1,300
143015,1,300
143019,1,300
143026,1,300
143091,1,300
143170,1,300
143281,1,300
143289,1,300
143447,1,300
143453,1,300
144033,1,300
144063,1,300
144123,1,300
144156,1,300
144310,1,300
144515,1,300
144551,1,300
144698,1,300
144707,1,300
144719,1,300
144726,1,300
144743,1,300
145294,1,300
145356,1,300
145658,1,300
146027,1,300
146049,1,300
146052,1,300
146320,1,300
146332,1,300
146387,1,300
146411,1,300
146450,1,300
146455,1,300
146482,1,300
146520,1,300
146599,1,300
146691,1,300
146720,1,300
146802,1,300
146927,1,300
146934,1,300
147030,1,300
147171,1,300
147221,1,300
147303,1,300
147400,1,300
147401,1,300
147474,1,300
147506,1,300
147575,1,300
147671,1,300
147678,1,300
147683,1,300
148178,1,300
148420,1,300
148520,1,300
148555,1,300
148821,1,300
148823,1,300
148978,1,300
149047,1,300
149047,1,300
149090,1,300
149277,1,300
149312,1,300
149321,1,300
149368,1,300
149555,1,300
150094,1,300
150105,1,300
150337,1,300
150606,1,300
150771,1,300
150859,1,300
150914,1,300
151023,1,300
151090,1,300
151109,1,300
151272,1,300
151421,1,300
151752,1,300
152035,1,300
152074,1,300
152105,1,300
152266,1,300
152352,1,300
152380,1,300
152549,1,300
152631,1,300
152737,1,300
152741,1,300
152754,1,300
152837,1,300
152852,1,300
153008,1,300
153012,1,300
153024,1,300
153026,1,300
153045,1,300
153062,1,300
153073,1,300
153297,1,300
153339,1,300
153366,1,300
153433,1,300
153502,1,300
154008,1,300
154056,1,300
154282,1,300
154432,1,300
154435,1,300
154689,1,300
155229,1,300
155277,1,300
155333,1,300
155365,1,300
155660,1,300
155690,1,300
155745,1,300
155843,1,300
155861,1,300
156166,1,300
156207,1,300
156647,1,300
156691,1,300
156777,1,300
157086,1,300
157117,1,300
157433,1,300
157526,1,300
157529,1,300
157647,1,300
157707,1,300
157869,1,300
158006,1,300
158278,1,300
158335,1,300
158464,1,300
158628,1,300
159027,1,300
159034,1,300
159071,1,300
159134,1,300
159178,1,300
159195,1,300
159196,1,300
159244,1,300
159270,1,300
159386,1,300
159406,1,300
159408,1,300
159419,1,300
159510,1,300
159562,1,300
160871,1,300
161291,1,300
161313,1,300
161513,1,300
161606,1,300
161679,1,300
161949,1,300
162438,1,300
162451,1,300
163069,1,300
163081,1,300
163166,1,300
163223,1,300
163266,1,300
163293,1,300
163294,1,300
164137,1,300
164226,1,300
164314,1,300
164316,1,300
164610,1,300
164649,1,300
164657,1,300
164698,1,300
164749,1,300
164835,1,300
164864,1,300
164909,1,300
165037,1,300
165045,1,300
165127,1,300
165132,1,300
165165,1,300
165277,1,300
165277,1,300
165437,1,300
165464,1,300
165494,1,300
165551,1,300
165656,1,300
166040,1,300
166044,1,300
166187,1,300
166193,1,300
166268,1,300
166438,1,300
166627,1,300
167046,1,300
167147,1,300
167213,1,300
167214,1,300
167233,1,300
167288,1,300
167311,1,300
167320,1,300
167396,1,300
168067,1,300
168312,1,300
168757,1,300
168809,1,300
169220,1,300
169306,1,300
169665,1,300
169681,1,300
169732,1,300
169831,1,300
169936,1,300
170130,1,300
170164,1,300
170443,1,300
170614,1,300
170994,1,300
171199,1,300
171255,1,300
171349,1,300
171394,1,300
171406,1,300
171545,1,300
171953,1,300
172034,1,300
172238,1,300
172289,1,300
172300,1,300
172317,1,300
172340,1,300
173269,1,300
173313,1,300
173680,1,300
173734,1,300
173930,1,300
174287,1,300
174301,1,300
174302,1,300
174508,1,300
174997,1,300
175098,1,300
175394,1,300
175440,1,300
176000,1,300
176028,1,300
176155,1,300
176255,1,300
176263,1,300
176265,1,300
176278,1,300
176289,1,300
176418,1,300
176435,1,300
176500,1,300
176511,1,300
176607,1,300
176670,1,300
176748,1,300
176781,1,300
176813,1,300
176837,1,300
176865,1,300
177008,1,300
177109,1,300
177326,1,300
177357,1,300
177366,1,300
177440,1,300
177605,1,300
177730,1,300
177826,1,300
177946,1,300
178076,1,300
178167,1,300
178425,1,300
178540,1,300
178643,1,300
178651,1,300
178667,1,300
178759,1,300
178884,1,300
179172,1,300
179410,1,300
179413,1,300
179432,1,300
179632,1,300
179818,1,300
180165,1,300
180364,1,300
180843,1,300
180895,1,300
181047,1,300
181331,1,300
181402,1,300
181746,1,300
181954,1,300
182009,1,300
182046,1,300
182114,1,300
182116,1,300
182439,1,300
182955,1,300
183027,1,300
183057,1,300
183089,1,300
183191,1,300
183202,1,300
183220,1,300
183250,1,300
183415,1,300
183425,1,300
183508,1,300
183681,1,300
183715,1,300
183726,1,300
184181,1,300
184281,1,300
184421,1,300
184422,1,300
184595,1,300
184643,1,300
184744,1,300
185044,1,300
185433,1,300
185482,1,300
185817,1,300
186025,1,300
186088,1,300
186119,1,300
186227,1,300
186231,1,300
186263,1,300
186342,1,300
186723,1,300
187556,1,300
187811,1,300
188098,1,300
188098,1,300
188116,1,300
188122,1,300
188140,1,300
188164,1,300
188188,1,300
188204,1,300
188224,1,300
188297,1,300
188300,1,300
188440,1,300
188440,1,300
188495,1,300
188497,1,300
188544,1,300
188595,1,300
188598,1,300
188796,1,300
189272,1,300
189303,1,300
189575,1,300
189838,1,300
190075,1,300
190112,1,300
190223,1,300
190224,1,300
190322,1,300
190547,1,300
190605,1,300
190812,1,300
190849,1,300
191166,1,300
191327,1,300
191447,1,300
191706,1,300
191716,1,300
191813,1,300
191927,1,300
191984,1,300
191987,1,300
192161,1,300
192569,1,300
193045,1,300
193201,1,300
193262,1,300
193275,1,300
193284,1,300
193326,1,300
193416,1,300
193500,1,300
193522,1,300
193563,1,300
193689,1,300
193748,1,300
194696,1,300
194793,1,300
195296,1,300
195345,1,300
195347,1,300
195382,1,300
195431,1,300
195464,1,300
195467,1,300
195476,1,300
195711,1,300
195713,1,300
195780,1,300
195835,1,300
195880,1,300
195937,1,300
196154,1,300
196342,1,300
196472,1,300
196496,1,300
196801,1,300
196963,1,300
197065,1,300
197219,1,300
197331,1,300
197352,1,300
197425,1,300
197586,1,300
197753,1,300
198042,1,300
198327,1,300
198365,1,300
198423,1,300
198444,1,300
198814,1,300
198845,1,300
199076,1,300
199227,1,300
199444,1,300
199542,1,300
200025,1,300
200035,1,300
200043,1,300
200107,1,300
200122,1,300
200139,1,300
200181,1,300
200194,1,300
200247,1,300
200262,1,300
200330,1,300
200503,1,300
200518,1,300
200554,1,300
200574,1,300
200591,1,300
200666,1,300
200703,1,300
200710,1,300
200713,1,300
200725,1,300
200733,1,300
200816,1,300
200882,1,300
201096,1,300
201280,1,300
201363,1,300
201470,1,300
201649,1,300
201652,1,300
201652,1,300
201749,1,300
201837,1,300
202075,1,300
202184,1,300
202185,1,300
202257,1,300
202375,1,300
202669,1,300
202907,1,300
202919,1,300
203036,1,300
203053,1,300
203130,1,300
203374,1,300
203448,1,300
203552,1,300
203560,1,300
203621,1,300
203688,1,300
203910,1,300
204007,1,300
204057,1,300
204103,1,300
204254,1,300
204312,1,300
204361,1,300
205005,1,300
205139,1,300
205188,1,300
205258,1,300
205331,1,300
205345,1,300
205360,1,300
205456,1,300
205514,1,300
205840,1,300
205941,1,300
206000,1,300
206252,1,300
206258,1,300
206353,1,300
206520,1,300
206562,1,300
206659,1,300
206737,1,300
206780,1,300
206840,1,300
206873,1,300
207120,1,300
207131,1,300
207467,1,300
207554,1,300
207565,1,300
207608,1,300
207687,1,300
207728,1,300
207774,1,300
207980,1,300
208024,1,300
208367,1,300
209013,1,300
209234,1,300
209247,1,300
209368,1,300
209656,1,300
209660,1,300
209704,1,300
210006,1,300
210140,1,300
210194,1,300
210454,1,300
210486,1,300
210630,1,300
211126,1,300
211190,1,300
211285,1,300
211285,1,300
211325,1,300
211458,1,300
211602,1,300
211669,1,300
211765,1,300
211768,1,300
211915,1,300
212029,1,300
212057,1,300
212101,1,300
212185,1,300
212205,1,300
212226,1,300
212227,1,300
212290,1,300
212407,1,300
212416,1,300
212500,1,300
212502,1,300
212600,1,300
212668,1,300
212669,1,300
212719,1,300
212752,1,300
212819,1,300
212827,1,300
212919,1,300
212932,1,300
212936,1,300
213120,1,300
213429,1,300
213445,1,300
213474,1,300
213475,1,300
213500,1,300
213538,1,300
213544,1,300
213572,1,300
213578,1,300
213583,1,300
213589,1,300
213601,1,300
214048,1,300
214110,1,300
214233,1,300
214313,1,300
214333,1,300
214342,1,300
214582,1,300
214594,1,300
214736,1,300
214797,1,300
214911,1,300
215052,1,300
215201,1,300
215219,1,300
215340,1,300
215372,1,300
215502,1,300
215659,1,300
215803,1,300
215905,1,300
216122,1,300
216141,1,300
216178,1,300
216193,1,300
216272,1,300
216401,1,300
216410,1,300
216514,1,300
216571,1,300
216591,1,300
216621,1,300
217067,1,300
217231,1,300
217290,1,300
217292,1,300
217495,1,300
217574,1,300
217587,1,300
217738,1,300
217794,1,300
218141,1,300
218152,1,300
218419,1,300
218493,1,300
218500,1,300
218646,1,300
218648,1,300
218656,1,300
218719,1,300
218913,1,300
219025,1,300
219054,1,300
219057,1,300
219091,1,300
219173,1,300
219308,1,300
219357,1,300
219380,1,300
219536,1,300
219676,1,300
219720,1,300
219730,1,300
219835,1,300
220022,1,300
220194,1,300
220234,1,300
220285,1,300
220301,1,300
220325,1,300
220350,1,300
220518,1,300
220675,1,300
221106,1,300
221402,1,300
221404,1,300
221426,1,300
221430,1,300
221463,1,300
221599,1,300
221640,1,300
221779,1,300
222140,1,300
222154,1,300
222244,1,300
222353,1,300
222405,1,300
222481,1,300
222552,1,300
222867,1,300
223061,1,300
223068,1,300
223086,1,300
223113,1,300
223117,1,300
223118,1,300
223200,1,300
223234,1,300
223367,1,300
223442,1,300
223455,1,300
223644,1,300
223782,1,300
224014,1,300
224034,1,300
224059,1,300
224177,1,300
224219,1,300
224226,1,300
224292,1,300
224316,1,300
224366,1,300
224426,1,300
224629,1,300
224633,1,300
224661,1,300
224721,1,300
224737,1,300
224769,1,300
224875,1,300
224884,1,300
224987,1,300
225036,1,300
225074,1,300
225161,1,300
225180,1,300
225181,1,300
225185,1,300
225207,1,300
225256,1,300
225284,1,300
225287,1,300
225312,1,300
225325,1,300
225358,1,300
225471,1,300
225636,1,300
225745,1,300
225757,1,300
225834,1,300
225961,1,300
225980,1,300
226010,1,300
226049,1,300
226053,1,300
226057,1,300
226066,1,300
226070,1,300
226074,1,300
226193,1,300
226217,1,300
226224,1,300
226232,1,300
226276,1,300
226339,1,300
226414,1,300
226696,1,300
226716,1,300
226773,1,300
226851,1,300
226878,1,300
226964,1,300
227073,1,300
227087,1,300
227156,1,300
227236,1,300
227252,1,300
227266,1,300
227286,1,300
227310,1,300
227435,1,300
227443,1,300
227458,1,300
227482,1,300
227550,1,300
227604,1,300
227746,1,300
227790,1,300
227892,1,300
227893,1,300
227972,1,300
228064,1,300
228069,1,300
228072,1,300
228141,1,300
228184,1,300
228189,1,300
228199,1,300
228284,1,300
228365,1,300
228376,1,300
228384,1,300
228413,1,300
228475,1,300
228478,1,300
228512,1,300
228542,1,300
228611,1,300
228779,1,300
228787,1,300
228809,1,300
228821,1,300
228827,1,300
229029,1,300
229035,1,300
229038,1,300
229039,1,300
229081,1,300
229161,1,300
229276,1,300
229278,1,300
229352,1,300
229413,1,300
229487,1,300
229564,1,300
229708,1,300
229743,1,300
229763,1,300
229773,1,300
229933,1,300
229990,1,300
230021,1,300
230023,1,300
230031,1,300
230111,1,300
230143,1,300
230248,1,300
230260,1,300
230410,1,300
230415,1,300
230437,1,300
230468,1,300
230480,1,300
230552,1,300
230661,1,300
230667,1,300
230696,1,300
230722,1,300
230793,1,300
230844,1,300
230904,1,300
230957,1,300
230988,1,300
231036,1,300
231055,1,300
231065,1,300
231111,1,300
231118,1,300
231271,1,300
231382,1,300
231426,1,300
231470,1,300
231538,1,300
231601,1,300
231616,1,300
231712,1,300
231806,1,300
231809,1,300
231857,1,300
231907,1,300
232074,1,300
232120,1,300
232136,1,300
232204,1,300
232207,1,300
232219,1,300
232221,1,300
232255,1,300
232493,1,300
232690,1,300
232710,1,300
232793,1,300
232835,1,300
232891,1,300
232899,1,300
233104,1,300
233233,1,300
233379,1,300
233420,1,300
233476,1,300
233495,1,300
233563,1,300
233650,1,300
233713,1,300
233752,1,300
233760,1,300
233796,1,300
233909,1,300
233954,1,300
234045,1,300
234067,1,300
234128,1,300
234205,1,300
234214,1,300
234273,1,300
234275,1,300
234356,1,300
234403,1,300
234438,1,300
234452,1,300
234490,1,300
234496,1,300
234506,1,300
234537,1,300
234553,1,300
234568,1,300
234590,1,300
235126,1,300
235129,1,300
235137,1,300
235246,1,300
235272,1,300
235410,1,300
235486,1,300
235488,1,300
235542,1,300
235743,1,300
235759,1,300
235859,1,300
235886,1,300
235887,1,300
236011,1,300
236015,1,300
236032,1,300
236072,1,300
236145,1,300
236150,1,300
236157,1,300
236160,1,300
236198,1,300
236205,1,300
236216,1,300
236227,1,300
236248,1,300
236265,1,300
236277,1,300
236340,1,300
236387,1,300
236407,1,300
236407,1,300
236426,1,300
236493,1,300
236494,1,300
236517,1,300
236540,1,300
236586,1,300
236626,1,300
236671,1,300
236725,1,300
236736,1,300
236759,1,300
236771,1,300
236778,1,300
236833,1,300
236861,1,300
237015,1,300
237033,1,300
237076,1,300
237191,1,300
237196,1,300
237273,1,300
237378,1,300
237428,1,300
237492,1,300
237531,1,300
237605,1,300
237658,1,300
237707,1,300
237886,1,300
237992,1,300
238035,1,300
238049,1,300
238079,1,300
238125,1,300
238135,1,300
238140,1,300
238174,1,300
238180,1,300
238182,1,300
238191,1,300
238365,1,300
238410,1,300
238413,1,300
238490,1,300
238499,1,300
238510,1,300
238543,1,300
238554,1,300
238643,1,300
238714,1,300
238727,1,300
238802,1,300
238846,1,300
238926,1,300
239013,1,300
239038,1,300
239052,1,300
239098,1,300
239134,1,300
239151,1,300
239256,1,300
239261,1,300
239270,1,300
239337,1,300
239366,1,300
239425,1,300
239441,1,300
239502,1,300
239544,1,300
239545,1,300
239619,1,300
239701,1,300
239705,1,300
239805,1,300
239859,1,300
239869,1,300
240010,1,300
240017,1,300
240037,1,300
240051,1,300
240056,1,300
240116,1,300
240122,1,300
240262,1,300
240278,1,300
240284,1,300
240290,1,300
240311,1,300
240371,1,300
240465,1,300
240478,1,300
240496,1,300
240613,1,300
240664,1,300
240667,1,300
241089,1,300
241109,1,300
241128,1,300
241146,1,300
241187,1,300
241259,1,300
241406,1,300
241408,1,300
241433,1,300
241472,1,300
241542,1,300
241555,1,300
241622,1,300
241672,1,300
241680,1,300
241703,1,300
241770,1,300
241829,1,300
242011,1,300
242052,1,300
242055,1,300
242164,1,300
242165,1,300
242194,1,300
242245,1,300
242266,1,300
242312,1,300
242386,1,300
242436,1,300
242648,1,300
242674,1,300
242690,1,300
242720,1,300
242727,1,300
242750,1,300
242767,1,300
242774,1,300
242784,1,300
243014,1,300
243075,1,300
243224,1,300
243229,1,300
243291,1,300
243292,1,300
243345,1,300
243469,1,300
243478,1,300
243483,1,300
243542,1,300
243545,1,300
243652,1,300
243682,1,300
243691,1,300
243743,1,300
243775,1,300
243854,1,300
243909,1,300
243953,1,300
243962,1,300
243963,1,300
244009,1,300
244012,1,300
244103,1,300
244106,1,300
244194,1,300
244227,1,300
244314,1,300
244348,1,300
244385,1,300
244441,1,300
244512,1,300
244558,1,300
244568,1,300
244572,1,300
244610,1,300
244732,1,300
244752,1,300
244826,1,300
245005,1,300
245115,1,300
245120,1,300
245142,1,300
245200,1,300
245368,1,300
245525,1,300
245577,1,300
245724,1,300
245743,1,300
245748,1,300
245758,1,300
245794,1,300
245901,1,300
245938,1,300
246017,1,300
246102,1,300
246223,1,300
246233,1,300
246320,1,300
246329,1,300
246332,1,300
246359,1,300
246441,1,300
246472,1,300
246487,1,300
246667,1,300
246914,1,300
247010,1,300
247026,1,300
247040,1,300
247093,1,300
247164,1,300
247175,1,300
247185,1,300
247219,1,300
247279,1,300
247298,1,300
247332,1,300
247386,1,300
247392,1,300
247419,1,300
247467,1,300
247470,1,300
247489,1,300
247508,1,300
248039,1,300
248174,1,300
248210,1,300
248329,1,300
248336,1,300
248386,1,300
248452,1,300
248516,1,300
248521,1,300
248586,1,300
248694,1,300
248703,1,300
248710,1,300
248741,1,300
248746,1,300
248783,1,300
248817,1,300
248830,1,300
248869,1,300
248879,1,300
248934,1,300
249017,1,300
249030,1,300
249044,1,300
249074,1,300
249175,1,300
249187,1,300
249187,1,300
249239,1,300
249246,1,300
249269,1,300
249403,1,300
249446,1,300
249476,1,300
249487,1,300
249559,1,300
249567,1,300
249631,1,300
249659,1,300
249667,1,300
249670,1,300
249674,1,300
250331,1,300
250372,1,300
250429,1,300
250470,1,300
250498,1,300
250524,1,300
250528,1,300
250604,1,300
250651,1,300
250773,1,300
250792,1,300
251039,1,300
251071,1,300
251109,1,300
251225,1,300
251267,1,300
251321,1,300
251324,1,300
251348,1,300
251359,1,300
251362,1,300
251380,1,300
251392,1,300
251402,1,300
251408,1,300
251485,1,300
251527,1,300
251550,1,300
251570,1,300
251616,1,300
251865,1,300
252009,1,300
252050,1,300
252061,1,300
252120,1,300
252141,1,300
252147,1,300
252373,1,300
252381,1,300
252381,1,300
252403,1,300
252410,1,300
252654,1,300
252658,1,300
252746,1,300
252791,1,300
252847,1,300
252864,1,300
253043,1,300
253103,1,300
253239,1,300
253246,1,300
253281,1,300
253426,1,300
253567,1,300
253688,1,300
253702,1,300
253708,1,300
253852,1,300
254022,1,300
254024,1,300
254042,1,300
254065,1,300
254074,1,300
254200,1,300
254209,1,300
254356,1,300
254357,1,300
254564,1,300
254649,1,300
254754,1,300
254813,1,300
254819,1,300
254914,1,300
254925,1,300
254972,1,300
255012,1,300
255040,1,300
255043,1,300
255043,1,300
255185,1,300
255219,1,300
255222,1,300
255251,1,300
255324,1,300
255380,1,300
255391,1,300
255437,1,300
255528,1,300
255555,1,300
255580,1,300
255585,1,300
255590,1,300
255591,1,300
255608,1,300
255743,1,300
256010,1,300
256040,1,300
256303,1,300
256312,1,300
256462,1,300
256520,1,300
256532,1,300
256549,1,300
256682,1,300
256707,1,300
256738,1,300
256771,1,300
256863,1,300
256964,1,300
257027,1,300
257028,1,300
257097,1,300
257269,1,300
257370,1,300
257479,1,300
257501,1,300
257513,1,300
257572,1,300
257665,1,300
257858,1,300
257931,1,300
257932,1,300
257934,1,300
258123,1,300
258173,1,300
258300,1,300
258339,1,300
258350,1,300
258544,1,300
258581,1,300
258589,1,300
258667,1,300
258711,1,300
258889,1,300
258920,1,300
258993,1,300
259032,1,300
259048,1,300
259098,1,300
259110,1,300
259113,1,300
259247,1,300
259362,1,300
259410,1,300
259501,1,300
259602,1,300
259605,1,300
259607,1,300
259830,1,300
259832,1,300
259882,1,300
260017,1,300
260099,1,300
260142,1,300
260144,1,300
260198,1,300
260207,1,300
260227,1,300
260237,1,300
260298,1,300
260308,1,300
260322,1,300
260356,1,300
260398,1,300
260404,1,300
260470,1,300
260483,1,300
260493,1,300
260625,1,300
260739,1,300
261094,1,300
261540,1,300
261610,1,300
261612,1,300
261821,1,300
261863,1,300
262037,1,300
262074,1,300
262107,1,300
262122,1,300
262164,1,300
262167,1,300
262208,1,300
262219,1,300
262325,1,300
262394,1,300
262532,1,300
262559,1,300
262616,1,300
262815,1,300
262943,1,300
262988,1,300
263023,1,300
263036,1,300
263055,1,300
263085,1,300
263092,1,300
263131,1,300
263159,1,300
263214,1,300
263369,1,300
263499,1,300
263542,1,300
263560,1,300
264098,1,300
264103,1,300
264587,1,300
264793,1,300
265134,1,300
265208,1,300
265263,1,300
265270,1,300
265444,1,300
265559,1,300
265614,1,300
265654,1,300
265669,1,300
265797,1,300
265841,1,300
266094,1,300
266103,1,300
266115,1,300
266159,1,300
266189,1,300
266321,1,300
266330,1,300
266360,1,300
266625,1,300
266807,1,300
266813,1,300
266826,1,300
267101,1,300
267308,1,300
267330,1,300
267363,1,300
267650,1,300
267852,1,300
267864,1,300
267875,1,300
268350,1,300
268493,1,300
268522,1,300
268613,1,300
268620,1,300
268625,1,300
269122,1,300
269199,1,300
269258,1,300
269294,1,300
269326,1,300
269561,1,300
270271,1,300
270298,1,300
270343,1,300
270496,1,300
270938,1,300
270998,1,300
271007,1,300
271153,1,300
271190,1,300
271293,1,300
271299,1,300
272115,1,300
272317,1,300
272573,1,300
272728,1,300
272733,1,300
273107,1,300
273109,1,300
273784,1,300
274265,1,300
274377,1,300
274387,1,300
274450,1,300
274934,1,300
275125,1,300
275130,1,300
275169,1,300
275221,1,300
275323,1,300
275364,1,300
275368,1,300
275370,1,300
275556,1,300
276458,1,300
276952,1,300
277005,1,300
277375,1,300
277720,1,300
277844,1,300
278225,1,300
278313,1,300
278715,1,300
279260,1,300
279265,1,300
279431,1,300
280175,1,300
280179,1,300
280541,1,300
280625,1,300
280729,1,300
281212,1,300
281303,1,300
281822,1,300
281827,1,300
281892,1,300
282118,1,300
282157,1,300
282223,1,300
282294,1,300
282334,1,300
282337,1,300
282363,1,300
282430,1,300
282455,1,300
282683,1,300
282703,1,300
282725,1,300
282785,1,300
282796,1,300
282855,1,300
283108,1,300
283152,1,300
283188,1,300
283288,1,300
283388,1,300
283422,1,300
283438,1,300
283511,1,300
283531,1,300
284678,1,300
285069,1,300
285195,1,300
285233,1,300
286003,1,300
286240,1,300
286252,1,300
286387,1,300
286517,1,300
286679,1,300
286848,1,300
286921,1,300
287066,1,300
287102,1,300
287365,1,300
287647,1,300
287739,1,300
288135,1,300
288139,1,300
288458,1,300
288688,1,300
289145,1,300
289299,1,300
289429,1,300
289597,1,300
289673,1,300
