48,1,150
94,1,150
133,1,150
147,1,150
323,1,150
436,1,150
532,1,150
587,1,150
695,1,150
707,1,150
1161,1,150
1323,1,150
1349,1,150
1920,1,150
1930,1,150
2039,1,150
2061,1,150
2095,1,150
2101,1,150
2156,1,150
2157,1,150
2191,1,150
2205,1,150
2284,1,150
2285,1,150
2299,1,150
2328,1,150
2603,1,150
3071,1,150
3073,1,150
3394,1,150
3617,1,150
3757,1,150
4042,1,150
4101,1,150
4114,1,150
4233,1,150
4256,1,150
4366,1,150
4368,1,150
4439,1,150
4492,1,150
4545,1,150
4623,1,150
4666,1,150
4785,1,150
4896,1,150
4962,1,150
5006,1,150
5008,1,150
5045,1,150
5072,1,150
5196,1,150
5228,1,150
5454,1,150
6101,1,150
6193,1,150
6210,1,150
6279,1,150
6318,1,150
6349,1,150
6386,1,150
7103,1,150
7192,1,150
7217,1,150
7622,1,150
7784,1,150
7793,1,150
8005,1,150
8241,1,150
8317,1,150
8557,1,150
8698,1,150
8751,1,150
8778,1,150
9003,1,150
9043,1,150
9235,1,150
9295,1,150
9366,1,150
9378,1,150
9438,1,150
9536,1,150
9577,1,150
9870,1,150
9910,1,150
10003,1,150
10005,1,150
10049,1,150
10061,1,150
10064,1,150
10136,1,150
10162,1,150
10165,1,150
10184,1,150
10189,1,150
10210,1,150
10227,1,150
10234,1,150
10310,1,150
10352,1,150
10432,1,150
10448,1,150
10571,1,150
10583,1,150
10598,1,150
10799,1,150
10872,1,150
10933,1,150
11016,1,150
11019,1,150
11044,1,150
11172,1,150
11312,1,150
11475,1,150
11520,1,150
11600,1,150
11617,1,150
11620,1,150
12027,1,150
12034,1,150
12082,1,150
12083,1,150
12259,1,150
12369,1,150
12519,1,150
12530,1,150
12535,1,150
12581,1,150
12637,1,150
13025,1,150
13187,1,150
13208,1,150
13306,1,150
13446,1,150
13458,1,150
13470,1,150
13533,1,150
13792,1,150
14129,1,150
14156,1,150
14247,1,150
14296,1,150
14298,1,150
14300,1,150
14324,1,150
14371,1,150
14399,1,150
14521,1,150
14668,1,150
14960,1,150
15009,1,150
15019,1,150
15054,1,150
15176,1,150
15196,1,150
15216,1,150
15603,1,150
15729,1,150
15738,1,150
16044,1,150
16060,1,150
16066,1,150
16102,1,150
16185,1,150
16198,1,150
16315,1,150
16358,1,150
16404,1,150
16450,1,150
16455,1,150
16607,1,150
17263,1,150
17507,1,150
17973,1,150
18757,1,150
19074,1,150
19183,1,150
19318,1,150
19700,1,150
19759,1,150
20131,1,150
20394,1,150
20572,1,150
20707,1,150
20935,1,150
21084,1,150
21129,1,150
21170,1,150
21172,1,150
21223,1,150
21274,1,150
21398,1,150
21411,1,150
21467,1,150
21556,1,150
21560,1,150
21581,1,150
21596,1,150
21703,1,150
21705,1,150
21831,1,150
21850,1,150
21903,1,150
22032,1,150
22039,1,150
22052,1,150
22068,1,150
22071,1,150
22164,1,150
22170,1,150
22179,1,150
22184,1,150
22196,1,150
22204,1,150
22220,1,150
22279,1,150
22562,1,150
22565,1,150
22592,1,150
22655,1,150
22709,1,150
22756,1,150
22765,1,150
22847,1,150
23057,1,150
23294,1,150
23296,1,150
23376,1,150
23400,1,150
23530,1,150
23674,1,150
23742,1,150
23750,1,150
23804,1,150
23853,1,150
24065,1,150
24144,1,150
24154,1,150
24158,1,150
24191,1,150
24249,1,150
24298,1,150
24466,1,150
24517,1,150
24599,1,150
24650,1,150
24727,1,150
24743,1,150
24753,1,150
24770,1,150
24833,1,150
25180,1,150
25204,1,150
25206,1,150
25216,1,150
25312,1,150
25531,1,150
25769,1,150
26223,1,150
26248,1,150
26353,1,150
26380,1,150
26413,1,150
26942,1,150
27020,1,150
27045,1,150
27099,1,150
27137,1,150
27155,1,150
27160,1,150
27174,1,150
27229,1,150
27253,1,150
27323,1,150
27376,1,150
27398,1,150
27427,1,150
27435,1,150
27453,1,150
27494,1,150
28031,1,150
28033,1,150
28049,1,150
28282,1,150
28332,1,150
28359,1,150
28397,1,150
28441,1,150
28452,1,150
28465,1,150
28649,1,150
28662,1,150
28730,1,150
29173,1,150
29271,1,150
29601,1,150
29674,1,150
30004,1,150
30051,1,150
30055,1,150
30146,1,150
30149,1,150
30194,1,150
30301,1,150
30314,1,150
30316,1,150
30334,1,150
30513,1,150
30607,1,150
30632,1,150
31041,1,150
31101,1,150
31128,1,150
31148,1,150
31163,1,150
31175,1,150
31191,1,150
31227,1,150
31333,1,150
31349,1,150
31401,1,150
31777,1,150
32243,1,150
32430,1,150
32471,1,150
32989,1,150
33034,1,150
33048,1,150
33062,1,150
33070,1,150
33111,1,150
33131,1,150
33157,1,150
33217,1,150
33309,1,150
33343,1,150
33376,1,150
33377,1,150
33380,1,150
33407,1,150
33420,1,150
33426,1,150
33468,1,150
33503,1,150
33510,1,150
33560,1,150
33600,1,150
33651,1,150
33740,1,150
33740,1,150
33753,1,150
33766,1,150
33768,1,150
33792,1,150
33832,1,150
33849,1,150
33855,1,150
33887,1,150
33904,1,150
33922,1,150
33946,1,150
34039,1,150
34042,1,150
34075,1,150
34086,1,150
34115,1,150
34216,1,150
34436,1,150
34495,1,150
34500,1,150
34500,1,150
34507,1,150
34515,1,150
34552,1,150
34571,1,150
34589,1,150
34609,1,150
34633,1,150
34673,1,150
34749,1,150
35035,1,150
35109,1,150
35122,1,150
35286,1,150
35303,1,150
35329,1,150
35338,1,150
35380,1,150
35418,1,150
35663,1,150
35730,1,150
35763,1,150
35860,1,150
35895,1,150
35971,1,150
36027,1,150
36066,1,150
36387,1,150
36401,1,150
36419,1,150
36429,1,150
36433,1,150
36468,1,150
36491,1,150
36531,1,150
36616,1,150
36625,1,150
36681,1,150
36685,1,150
36721,1,150
37132,1,150
37195,1,150
37197,1,150
37328,1,150
37524,1,150
37593,1,150
38058,1,150
38154,1,150
38172,1,150
38271,1,150
38273,1,150
38326,1,150
38334,1,150
38347,1,150
38525,1,150
38614,1,150
38656,1,150
38679,1,150
38692,1,150
38705,1,150
38706,1,150
38751,1,150
38752,1,150
38776,1,150
38783,1,150
38851,1,150
39113,1,150
39113,1,150
39197,1,150
39204,1,150
39209,1,150
39255,1,150
39342,1,150
39399,1,150
39463,1,150
39550,1,150
39708,1,150
39711,1,150
39742,1,150
39759,1,150
39841,1,150
39880,1,150
40048,1,150
40082,1,150
40190,1,150
40210,1,150
40308,1,150
40342,1,150
40475,1,150
40544,1,150
40608,1,150
40657,1,150
40708,1,150
40738,1,150
40765,1,150
40861,1,150
40935,1,150
40948,1,150
40966,1,150
41100,1,150
41266,1,150
41323,1,150
41347,1,150
41389,1,150
41541,1,150
41552,1,150
41632,1,150
41640,1,150
41720,1,150
41789,1,150
41791,1,150
41876,1,150
41994,1,150
42083,1,150
42091,1,150
42184,1,150
42328,1,150
42477,1,150
42597,1,150
42627,1,150
42709,1,150
42710,1,150
42741,1,150
42782,1,150
42788,1,150
42874,1,150
43040,1,150
43252,1,150
43300,1,150
43340,1,150
43563,1,150
43657,1,150
43743,1,150
43818,1,150
43901,1,150
43938,1,150
44005,1,150
44150,1,150
44187,1,150
44210,1,150
44239,1,150
44363,1,150
44375,1,150
44389,1,150
44402,1,150
44405,1,150
44413,1,150
44480,1,150
44670,1,150
44731,1,150
44737,1,150
44791,1,150
44879,1,150
44965,1,150
45020,1,150
45024,1,150
45063,1,150
45067,1,150
45075,1,150
45082,1,150
45086,1,150
45127,1,150
45221,1,150
45244,1,150
45292,1,150
45303,1,150
45304,1,150
45342,1,150
45345,1,150
45356,1,150
45356,1,150
45506,1,150
45546,1,150
45561,1,150
45586,1,150
45614,1,150
45656,1,150
45697,1,150
45705,1,150
45766,1,150
45794,1,150
45843,1,150
45870,1,150
45886,1,150
45897,1,150
45920,1,150
45935,1,150
45941,1,150
45944,1,150
45991,1,150
46064,1,150
46084,1,150
46093,1,150
46098,1,150
46203,1,150
46256,1,150
46325,1,150
46337,1,150
46345,1,150
46350,1,150
46367,1,150
46369,1,150
46574,1,150
46647,1,150
46668,1,150
46674,1,150
46730,1,150
46779,1,150
46803,1,150
46867,1,150
46905,1,150
46914,1,150
46920,1,150
46932,1,150
46945,1,150
46971,1,150
47012,1,150
47015,1,150
47030,1,150
47042,1,150
47077,1,150
47084,1,150
47097,1,150
47186,1,150
47208,1,150
47240,1,150
47286,1,150
47332,1,150
47333,1,150
47343,1,150
47351,1,150
47354,1,150
47449,1,150
47490,1,150
47497,1,150
47554,1,150
47570,1,150
47640,1,150
47641,1,150
47661,1,150
47666,1,150
47699,1,150
47699,1,150
47719,1,150
47743,1,150
47746,1,150
47783,1,150
47788,1,150
47822,1,150
47974,1,150
48004,1,150
48027,1,150
48038,1,150
48076,1,150
48129,1,150
48160,1,150
48170,1,150
48174,1,150
48181,1,150
48222,1,150
48228,1,150
48232,1,150
48303,1,150
48323,1,150
48362,1,150
48386,1,150
48486,1,150
48540,1,150
48542,1,150
48586,1,150
48589,1,150
48600,1,150
48633,1,150
48639,1,150
48727,1,150
48779,1,150
48830,1,150
48839,1,150
48882,1,150
48930,1,150
48968,1,150
49045,1,150
49051,1,150
49115,1,150
49161,1,150
49170,1,150
49188,1,150
49199,1,150
49305,1,150
49311,1,150
49326,1,150
49328,1,150
49328,1,150
49330,1,150
49373,1,150
49410,1,150
49411,1,150
49416,1,150
49457,1,150
49555,1,150
49570,1,150
49587,1,150
49596,1,150
49635,1,150
49646,1,150
49704,1,150
49753,1,150
49812,1,150
49835,1,150
50002,1,150
50014,1,150
50056,1,150
50084,1,150
50110,1,150
50147,1,150
50208,1,150
50358,1,150
50468,1,150
50547,1,150
50589,1,150
50626,1,150
50672,1,150
50674,1,150
50677,1,150
50720,1,150
50805,1,150
50834,1,150
50850,1,150
50858,1,150
50898,1,150
50917,1,150
50935,1,150
50948,1,150
50960,1,150
50965,1,150
50990,1,150
51026,1,150
51027,1,150
51031,1,150
51032,1,150
51042,1,150
51061,1,150
51119,1,150
51144,1,150
51157,1,150
51177,1,150
51223,1,150
51277,1,150
51278,1,150
51333,1,150
51352,1,150
51393,1,150
51415,1,150
51418,1,150
51423,1,150
51437,1,150
51450,1,150
51462,1,150
51529,1,150
51575,1,150
51606,1,150
51685,1,150
51699,1,150
51761,1,150
51770,1,150
51784,1,150
51804,1,150
51811,1,150
52126,1,150
52130,1,150
52153,1,150
52244,1,150
52292,1,150
52313,1,150
52361,1,150
52366,1,150
52426,1,150
52448,1,150
52502,1,150
52523,1,150
52534,1,150
52557,1,150
52564,1,150
52593,1,150
52607,1,150
52641,1,150
52656,1,150
52658,1,150
52752,1,150
52755,1,150
52766,1,150
52793,1,150
52802,1,150
52835,1,150
52849,1,150
52908,1,150
52942,1,150
53006,1,150
53075,1,150
53089,1,150
53102,1,150
53137,1,150
53140,1,150
53151,1,150
53177,1,150
53215,1,150
53217,1,150
53238,1,150
53300,1,150
53356,1,150
53357,1,150
53411,1,150
53430,1,150
53561,1,150
53577,1,150
53590,1,150
53647,1,150
53666,1,150
53675,1,150
53708,1,150
53729,1,150
53805,1,150
53862,1,150
54052,1,150
54132,1,150
54150,1,150
54195,1,150
54234,1,150
54243,1,150
54306,1,150
54340,1,150
54370,1,150
54413,1,150
54436,1,150
54458,1,150
54498,1,150
54508,1,150
54552,1,150
54624,1,150
54755,1,150
54779,1,150
54852,1,150
54858,1,150
54943,1,150
54974,1,150
54974,1,150
55069,1,150
55073,1,150
55108,1,150
55152,1,150
55208,1,150
55283,1,150
55319,1,150
55334,1,150
55352,1,150
55355,1,150
55405,1,150
55427,1,150
55429,1,150
55509,1,150
55565,1,150
55579,1,150
55606,1,150
55702,1,150
55721,1,150
55728,1,150
55787,1,150
55788,1,150
55855,1,150
55928,1,150
55984,1,150
55996,1,150
56003,1,150
56045,1,150
56064,1,150
56065,1,150
56110,1,150
56132,1,150
56163,1,150
56248,1,150
56267,1,150
56382,1,150
56450,1,150
56470,1,150
56504,1,150
56516,1,150
56618,1,150
56701,1,150
56720,1,150
56886,1,150
56958,1,150
57024,1,150
57029,1,150
57055,1,150
57056,1,150
57063,1,150
57105,1,150
57115,1,150
57126,1,150
57140,1,150
57143,1,150
57153,1,150
57160,1,150
57165,1,150
57172,1,150
57176,1,150
57190,1,150
57190,1,150
57193,1,150
57202,1,150
57205,1,150
57205,1,150
57238,1,150
57252,1,150
57253,1,150
57279,1,150
57280,1,150
57286,1,150
57294,1,150
57299,1,150
57305,1,150
57307,1,150
57338,1,150
57340,1,150
57340,1,150
57341,1,150
57357,1,150
57379,1,150
57393,1,150
57453,1,150
57457,1,150
57458,1,150
57478,1,150
57493,1,150
57500,1,150
57534,1,150
57548,1,150
57556,1,150
57559,1,150
57560,1,150
57560,1,150
57617,1,150
57632,1,150
57645,1,150
57658,1,150
57677,1,150
57709,1,150
57737,1,150
57764,1,150
57776,1,150
57786,1,150
57803,1,150
57836,1,150
57836,1,150
58003,1,150
58016,1,150
58022,1,150
58083,1,150
58107,1,150
58121,1,150
58128,1,150
58146,1,150
58154,1,150
58155,1,150
58195,1,150
58220,1,150
58270,1,150
58292,1,150
58323,1,150
58421,1,150
58545,1,150
58552,1,150
58561,1,150
58575,1,150
58588,1,150
58603,1,150
58612,1,150
58618,1,150
58620,1,150
58621,1,150
58653,1,150
58657,1,150
58666,1,150
58674,1,150
58682,1,150
58732,1,150
58747,1,150
58827,1,150
58840,1,150
58879,1,150
58897,1,150
58982,1,150
59001,1,150
59013,1,150
59017,1,150
59019,1,150
59034,1,150
59068,1,150
59087,1,150
59144,1,150
59158,1,150
59195,1,150
59235,1,150
59250,1,150
59255,1,150
59278,1,150
59285,1,150
59306,1,150
59317,1,150
59332,1,150
59338,1,150
59345,1,150
59405,1,150
59501,1,150
59520,1,150
59521,1,150
59543,1,150
59549,1,150
59585,1,150
59598,1,150
59609,1,150
59617,1,150
59621,1,150
59623,1,150
59628,1,150
59634,1,150
59653,1,150
59689,1,150
59694,1,150
59821,1,150
59829,1,150
59855,1,150
59965,1,150
60064,1,150
60214,1,150
60248,1,150
60260,1,150
60267,1,150
60290,1,150
60337,1,150
60375,1,150
60398,1,150
60402,1,150
60406,1,150
60457,1,150
60476,1,150
60513,1,150
60581,1,150
60588,1,150
60615,1,150
60622,1,150
60664,1,150
60678,1,150
60692,1,150
60696,1,150
60709,1,150
60802,1,150
60833,1,150
60903,1,150
60927,1,150
60965,1,150
60981,1,150
61003,1,150
61021,1,150
61027,1,150
61029,1,150
61034,1,150
61060,1,150
61070,1,150
61093,1,150
61107,1,150
61174,1,150
61174,1,150
61186,1,150
61196,1,150
61251,1,150
61339,1,150
61348,1,150
61415,1,150
61419,1,150
61424,1,150
61451,1,150
61476,1,150
61508,1,150
61562,1,150
61623,1,150
61651,1,150
61672,1,150
61685,1,150
61691,1,150
61697,1,150
61707,1,150
61724,1,150
61735,1,150
61746,1,150
61752,1,150
61753,1,150
61783,1,150
61797,1,150
61808,1,150
61812,1,150
61844,1,150
61846,1,150
61849,1,150
61878,1,150
61906,1,150
62007,1,150
62031,1,150
62093,1,150
62136,1,150
62191,1,150
62212,1,150
62226,1,150
62242,1,150
62278,1,150
62284,1,150
62300,1,150
62376,1,150
62388,1,150
62402,1,150
62427,1,150
62498,1,150
62527,1,150
62622,1,150
62633,1,150
62639,1,150
62642,1,150
62657,1,150
62667,1,150
62706,1,150
62718,1,150
62799,1,150
62819,1,150
62821,1,150
62840,1,150
62867,1,150
62920,1,150
63007,1,150
63017,1,150
63020,1,150
63032,1,150
63047,1,150
63072,1,150
63082,1,150
63107,1,150
63124,1,150
63133,1,150
63145,1,150
63149,1,150
63152,1,150
63180,1,150
63182,1,150
63199,1,150
63215,1,150
63238,1,150
63242,1,150
63251,1,150
63290,1,150
63297,1,150
63365,1,150
63365,1,150
63371,1,150
63397,1,150
63448,1,150
63452,1,150
63497,1,150
63499,1,150
63521,1,150
63549,1,150
63613,1,150
63628,1,150
63664,1,150
63684,1,150
63698,1,150
63705,1,150
63737,1,150
63757,1,150
63831,1,150
63890,1,150
63890,1,150
63954,1,150
64029,1,150
64054,1,150
64102,1,150
64124,1,150
64145,1,150
64264,1,150
64267,1,150
64299,1,150
64358,1,150
64364,1,150
64381,1,150
64387,1,150
64390,1,150
64391,1,150
64398,1,150
64429,1,150
64452,1,150
64513,1,150
64534,1,150
64570,1,150
64605,1,150
64613,1,150
64619,1,150
64632,1,150
64658,1,150
64712,1,150
64722,1,150
64727,1,150
64731,1,150
64755,1,150
64792,1,150
64795,1,150
64813,1,150
64941,1,150
65007,1,150
65008,1,150
65033,1,150
65051,1,150
65052,1,150
65060,1,150
65061,1,150
65064,1,150
65078,1,150
65096,1,150
65099,1,150
65126,1,150
65136,1,150
65152,1,150
65216,1,150
65257,1,150
65285,1,150
65311,1,150
65354,1,150
65367,1,150
65367,1,150
65428,1,150
65446,1,150
65474,1,150
65490,1,150
65552,1,150
65554,1,150
65569,1,150
65579,1,150
65588,1,150
65588,1,150
65613,1,150
65630,1,150
65701,1,150
65753,1,150
65775,1,150
65775,1,150
65777,1,150
65846,1,150
65865,1,150
65873,1,150
65890,1,150
65911,1,150
66008,1,150
66094,1,150
66101,1,150
66101,1,150
66146,1,150
66174,1,150
66179,1,150
66200,1,150
66218,1,150
66220,1,150
66231,1,150
66261,1,150
66291,1,150
66336,1,150
66377,1,150
66383,1,150
66388,1,150
66409,1,150
66432,1,150
66433,1,150
66435,1,150
66500,1,150
66522,1,150
66536,1,150
66542,1,150
66591,1,150
66660,1,150
66689,1,150
66748,1,150
66781,1,150
66877,1,150
66913,1,150
66955,1,150
66960,1,150
66987,1,150
67000,1,150
67021,1,150
67026,1,150
67048,1,150
67048,1,150
67051,1,150
67080,1,150
67081,1,150
67090,1,150
67098,1,150
67119,1,150
67174,1,150
67208,1,150
67263,1,150
67279,1,150
67286,1,150
67288,1,150
67298,1,150
67318,1,150
67339,1,150
67375,1,150
67401,1,150
67434,1,150
67482,1,150
67490,1,150
67521,1,150
67529,1,150
67544,1,150
67568,1,150
67578,1,150
67579,1,150
67602,1,150
67686,1,150
67714,1,150
67747,1,150
67801,1,150
67810,1,150
67815,1,150
67827,1,150
68058,1,150
68099,1,150
68126,1,150
68173,1,150
68175,1,150
68184,1,150
68233,1,150
68240,1,150
68263,1,150
68296,1,150
68306,1,150
68331,1,150
68385,1,150
68447,1,150
68486,1,150
68494,1,150
68498,1,150
68506,1,150
68593,1,150
68596,1,150
68601,1,150
68633,1,150
68641,1,150
68686,1,150
68712,1,150
68769,1,150
68806,1,150
68834,1,150
68871,1,150
68893,1,150
68914,1,150
68932,1,150
68951,1,150
68958,1,150
68981,1,150
69004,1,150
69006,1,150
69022,1,150
69026,1,150
69027,1,150
69030,1,150
69037,1,150
69043,1,150
69059,1,150
69072,1,150
69075,1,150
69080,1,150
69098,1,150
69111,1,150
69126,1,150
69145,1,150
69160,1,150
69167,1,150
69171,1,150
69189,1,150
69197,1,150
69203,1,150
69228,1,150
69232,1,150
69240,1,150
69242,1,150
69267,1,150
69269,1,150
69299,1,150
69309,1,150
69311,1,150
69319,1,150
69338,1,150
69346,1,150
69355,1,150
69367,1,150
69402,1,150
69402,1,150
69405,1,150
69408,1,150
69417,1,150
69420,1,150
69441,1,150
69446,1,150
69464,1,150
69466,1,150
69466,1,150
69472,1,150
69485,1,150
69527,1,150
69540,1,150
69541,1,150
69543,1,150
69546,1,150
69547,1,150
69580,1,150
69647,1,150
69660,1,150
69684,1,150
69692,1,150
69703,1,150
69716,1,150
69735,1,150
69753,1,150
69762,1,150
69768,1,150
69826,1,150
69829,1,150
69844,1,150
69844,1,150
69849,1,150
69882,1,150
69890,1,150
69890,1,150
69915,1,150
69916,1,150
70008,1,150
70027,1,150
70030,1,150
70074,1,150
70094,1,150
70096,1,150
70096,1,150
70105,1,150
70108,1,150
70128,1,150
70179,1,150
70183,1,150
70184,1,150
70192,1,150
70249,1,150
70249,1,150
70263,1,150
70276,1,150
70305,1,150
70314,1,150
70324,1,150
70339,1,150
70351,1,150
70354,1,150
70361,1,150
70399,1,150
70405,1,150
70408,1,150
70433,1,150
70436,1,150
70442,1,150
70451,1,150
70457,1,150
70523,1,150
70524,1,150
70561,1,150
70561,1,150
70590,1,150
70614,1,150
70614,1,150
70626,1,150
70628,1,150
70633,1,150
70688,1,150
70689,1,150
70705,1,150
70716,1,150
70719,1,150
70719,1,150
70721,1,150
70729,1,150
70736,1,150
70758,1,150
70763,1,150
70770,1,150
70786,1,150
70794,1,150
70805,1,150
71009,1,150
71010,1,150
71017,1,150
71055,1,150
71062,1,150
71064,1,150
71067,1,150
71073,1,150
71075,1,150
71077,1,150
71079,1,150
71177,1,150
71223,1,150
71233,1,150
71240,1,150
71312,1,150
71362,1,150
71368,1,150
71406,1,150
71442,1,150
71484,1,150
71494,1,150
71503,1,150
71520,1,150
71541,1,150
71549,1,150
71549,1,150
71557,1,150
71559,1,150
71626,1,150
71660,1,150
71697,1,150
71742,1,150
71750,1,150
71774,1,150
71791,1,150
71802,1,150
71815,1,150
71815,1,150
71821,1,150
71843,1,150
71892,1,150
71919,1,150
71920,1,150
71948,1,150
71958,1,150
71990,1,150
71995,1,150
72003,1,150
72035,1,150
72036,1,150
72038,1,150
72040,1,150
72041,1,150
72042,1,150
72043,1,150
72055,1,150
72062,1,150
72063,1,150
72064,1,150
72067,1,150
72072,1,150
72104,1,150
72108,1,150
72129,1,150
72141,1,150
72155,1,150
72163,1,150
72180,1,150
72242,1,150
72258,1,150
72274,1,150
72292,1,150
72298,1,150
72314,1,150
72321,1,150
72346,1,150
72372,1,150
72381,1,150
72390,1,150
72392,1,150
72406,1,150
72428,1,150
72472,1,150
72481,1,150
72493,1,150
72495,1,150
72511,1,150
72569,1,150
72591,1,150
72596,1,150
72671,1,150
72685,1,150
72699,1,150
72721,1,150
72813,1,150
72850,1,150
72852,1,150
72860,1,150
72872,1,150
72889,1,150
72907,1,150
72923,1,150
72954,1,150
72980,1,150
72983,1,150
72984,1,150
73033,1,150
73036,1,150
73043,1,150
73043,1,150
73048,1,150
73053,1,150
73056,1,150
73063,1,150
73064,1,150
73105,1,150
73139,1,150
73153,1,150
73163,1,150
73201,1,150
73233,1,150
73244,1,150
73248,1,150
73252,1,150
73254,1,150
73257,1,150
73269,1,150
73270,1,150
73280,1,150
73298,1,150
73368,1,150
73391,1,150
73426,1,150
73433,1,150
73434,1,150
73505,1,150
73514,1,150
73568,1,150
73601,1,150
73617,1,150
73620,1,150
73662,1,150
73665,1,150
73736,1,150
73785,1,150
73805,1,150
73863,1,150
73873,1,150
73931,1,150
73943,1,150
73955,1,150
74013,1,150
74019,1,150
74049,1,150
74053,1,150
74060,1,150
74078,1,150
74097,1,150
74114,1,150
74127,1,150
74130,1,150
74148,1,150
74156,1,150
74162,1,150
74169,1,150
74175,1,150
74209,1,150
74225,1,150
74231,1,150
74233,1,150
74236,1,150
74244,1,150
74247,1,150
74264,1,150
74266,1,150
74299,1,150
74304,1,150
74304,1,150
74322,1,150
74325,1,150
74339,1,150
74355,1,150
74374,1,150
74374,1,150
74374,1,150
74387,1,150
74405,1,150
74408,1,150
74416,1,150
74425,1,150
74435,1,150
74465,1,150
74480,1,150
74485,1,150
74496,1,150
74521,1,150
74530,1,150
74601,1,150
74627,1,150
74656,1,150
74658,1,150
74703,1,150
74717,1,150
74745,1,150
74751,1,150
74768,1,150
74773,1,150
74778,1,150
74799,1,150
74799,1,150
74801,1,150
74817,1,150
74818,1,150
74835,1,150
74848,1,150
74871,1,150
74878,1,150
74903,1,150
74903,1,150
75031,1,150
75059,1,150
75062,1,150
75063,1,150
75082,1,150
75103,1,150
75153,1,150
75155,1,150
75165,1,150
75170,1,150
75187,1,150
75247,1,150
75259,1,150
75268,1,150
75282,1,150
75344,1,150
75365,1,150
75370,1,150
75378,1,150
75384,1,150
75418,1,150
75506,1,150
75551,1,150
75555,1,150
75567,1,150
75571,1,150
75611,1,150
75626,1,150
75685,1,150
75704,1,150
75746,1,150
75750,1,150
75759,1,150
75763,1,150
75788,1,150
75796,1,150
75865,1,150
75884,1,150
75895,1,150
75913,1,150
75956,1,150
75959,1,150
75986,1,150
75992,1,150
76004,1,150
76005,1,150
76007,1,150
76012,1,150
76016,1,150
76018,1,150
76021,1,150
76023,1,150
76029,1,150
76043,1,150
76053,1,150
76063,1,150
76081,1,150
76084,1,150
76089,1,150
76094,1,150
76116,1,150
76123,1,150
76124,1,150
76126,1,150
76135,1,150
76137,1,150
76141,1,150
76142,1,150
76150,1,150
76188,1,150
76189,1,150
76207,1,150
76217,1,150
76241,1,150
76246,1,150
76247,1,150
76255,1,150
76259,1,150
76289,1,150
76333,1,150
76357,1,150
76363,1,150
76366,1,150
76383,1,150
76387,1,150
76394,1,150
76409,1,150
76443,1,150
76446,1,150
76481,1,150
76487,1,150
76527,1,150
76561,1,150
76564,1,150
76572,1,150
76597,1,150
76611,1,150
76627,1,150
76642,1,150
76686,1,150
76709,1,150
76752,1,150
76775,1,150
76776,1,150
76785,1,150
76798,1,150
76831,1,150
77011,1,150
77013,1,150
77019,1,150
77042,1,150
77069,1,150
77083,1,150
77114,1,150
77123,1,150
77133,1,150
77138,1,150
77142,1,150
77146,1,150
77149,1,150
77155,1,150
77170,1,150
77172,1,150
77183,1,150
77224,1,150
77228,1,150
77231,1,150
77261,1,150
77261,1,150
77265,1,150
77300,1,150
77327,1,150
77347,1,150
77356,1,150
77358,1,150
77385,1,150
77398,1,150
77401,1,150
77402,1,150
77406,1,150
77425,1,150
77460,1,150
77460,1,150
77470,1,150
77479,1,150
77501,1,150
77501,1,150
77523,1,150
77535,1,150
77593,1,150
77605,1,150
77605,1,150
77639,1,150
77657,1,150
77664,1,150
77697,1,150
77728,1,150
77743,1,150
77797,1,150
77800,1,150
78023,1,150
78031,1,150
78037,1,150
78043,1,150
78053,1,150
78060,1,150
78083,1,150
78098,1,150
78109,1,150
78115,1,150
78162,1,150
78263,1,150
78264,1,150
78272,1,150
78279,1,150
78308,1,150
78328,1,150
78336,1,150
78340,1,150
78371,1,150
78379,1,150
78386,1,150
78429,1,150
78432,1,150
78465,1,150
78505,1,150
78541,1,150
78566,1,150
78577,1,150
78579,1,150
78595,1,150
78606,1,150
78612,1,150
78619,1,150
78630,1,150
78694,1,150
78706,1,150
78708,1,150
78721,1,150
78745,1,150
78756,1,150
78822,1,150
78840,1,150
78853,1,150
78880,1,150
78919,1,150
78944,1,150
78958,1,150
78961,1,150
78973,1,150
79007,1,150
79013,1,150
79028,1,150
79039,1,150
79047,1,150
79059,1,150
79071,1,150
79075,1,150
79105,1,150
79123,1,150
79133,1,150
79159,1,150
79179,1,150
79182,1,150
79219,1,150
79222,1,150
79232,1,150
79234,1,150
79239,1,150
79240,1,150
79245,1,150
79254,1,150
79263,1,150
79273,1,150
79278,1,150
79306,1,150
79316,1,150
79318,1,150
79344,1,150
79375,1,150
79391,1,150
79432,1,150
79443,1,150
79483,1,150
79491,1,150
79495,1,150
79528,1,150
79547,1,150
79555,1,150
79579,1,150
79592,1,150
79601,1,150
79608,1,150
79657,1,150
79659,1,150
79710,1,150
79738,1,150
79740,1,150
79774,1,150
79784,1,150
79796,1,150
79801,1,150
79868,1,150
80001,1,150
80007,1,150
80025,1,150
80029,1,150
80040,1,150
80086,1,150
80220,1,150
80227,1,150
80242,1,150
80260,1,150
80265,1,150
80311,1,150
80318,1,150
80352,1,150
80372,1,150
80381,1,150
80384,1,150
80391,1,150
80405,1,150
80416,1,150
80443,1,150
80518,1,150
80529,1,150
80545,1,150
80606,1,150
80630,1,150
80690,1,150
80735,1,150
80747,1,150
80766,1,150
80766,1,150
80775,1,150
80803,1,150
80839,1,150
80843,1,150
80846,1,150
80870,1,150
80885,1,150
80903,1,150
80909,1,150
80935,1,150
80967,1,150
80973,1,150
80999,1,150
81018,1,150
81020,1,150
81034,1,150
81035,1,150
81040,1,150
81040,1,150
81051,1,150
81057,1,150
81059,1,150
81089,1,150
81092,1,150
81094,1,150
81102,1,150
81108,1,150
81120,1,150
81125,1,150
81141,1,150
81146,1,150
81163,1,150
81171,1,150
81172,1,150
81237,1,150
81241,1,150
81252,1,150
81254,1,150
81285,1,150
81288,1,150
81296,1,150
81324,1,150
81337,1,150
81391,1,150
81392,1,150
81414,1,150
81432,1,150
81438,1,150
81473,1,150
81512,1,150
81514,1,150
81518,1,150
81518,1,150
81555,1,150
81556,1,150
81563,1,150
81586,1,150
81628,1,150
81659,1,150
81661,1,150
81672,1,150
81673,1,150
81674,1,150
81684,1,150
81700,1,150
81715,1,150
81745,1,150
81774,1,150
81781,1,150
81782,1,150
81783,1,150
81791,1,150
81811,1,150
81815,1,150
81824,1,150
81827,1,150
81844,1,150
81899,1,150
81899,1,150
81903,1,150
81950,1,150
81958,1,150
81984,1,150
82012,1,150
82013,1,150
82013,1,150
82018,1,150
82030,1,150
82049,1,150
82055,1,150
82063,1,150
82068,1,150
82070,1,150
82074,1,150
82087,1,150
82089,1,150
82090,1,150
82099,1,150
82100,1,150
82131,1,150
82136,1,150
82138,1,150
82140,1,150
82142,1,150
82149,1,150
82183,1,150
82188,1,150
82205,1,150
82217,1,150
82225,1,150
82239,1,150
82258,1,150
82273,1,150
82274,1,150
82278,1,150
82281,1,150
82292,1,150
82299,1,150
82318,1,150
82323,1,150
82353,1,150
82366,1,150
82386,1,150
82390,1,150
82428,1,150
82443,1,150
82479,1,150
82486,1,150
82502,1,150
82517,1,150
82528,1,150
82544,1,150
82545,1,150
82574,1,150
82594,1,150
82598,1,150
82599,1,150
82615,1,150
82624,1,150
82626,1,150
82659,1,150
82670,1,150
82680,1,150
82684,1,150
82695,1,150
82736,1,150
82755,1,150
82776,1,150
82780,1,150
82857,1,150
82903,1,150
82940,1,150
82955,1,150
82974,1,150
82977,1,150
83003,1,150
83007,1,150
83028,1,150
83040,1,150
83055,1,150
83077,1,150
83086,1,150
83097,1,150
83108,1,150
83127,1,150
83134,1,150
83145,1,150
83159,1,150
83169,1,150
83187,1,150
83189,1,150
83199,1,150
83259,1,150
83279,1,150
83306,1,150
83316,1,150
83317,1,150
83319,1,150
83329,1,150
83333,1,150
83337,1,150
83376,1,150
83377,1,150
83441,1,150
83448,1,150
83453,1,150
83454,1,150
83460,1,150
83471,1,150
83474,1,150
83482,1,150
83490,1,150
83523,1,150
83559,1,150
83567,1,150
83572,1,150
83587,1,150
83601,1,150
83608,1,150
83609,1,150
83615,1,150
83615,1,150
83627,1,150
83653,1,150
83665,1,150
83683,1,150
83690,1,150
83720,1,150
83729,1,150
83750,1,150
83766,1,150
83799,1,150
83802,1,150
83807,1,150
83813,1,150
83815,1,150
83834,1,150
83834,1,150
83860,1,150
84052,1,150
84084,1,150
84128,1,150
84132,1,150
84143,1,150
84195,1,150
84197,1,150
84199,1,150
84205,1,150
84214,1,150
84241,1,150
84261,1,150
84300,1,150
84306,1,150
84309,1,150
84320,1,150
84335,1,150
84352,1,150
84355,1,150
84361,1,150
84369,1,150
84372,1,150
84373,1,150
84377,1,150
84386,1,150
84407,1,150
84411,1,150
84431,1,150
84468,1,150
84491,1,150
84537,1,150
84552,1,150
84564,1,150
84573,1,150
84633,1,150
84636,1,150
84716,1,150
84758,1,150
84759,1,150
84780,1,150
84882,1,150
84892,1,150
84917,1,150
84959,1,150
84980,1,150
84984,1,150
84984,1,150
84985,1,150
84997,1,150
84999,1,150
85016,1,150
85019,1,150
85021,1,150
85025,1,150
85027,1,150
85030,1,150
85034,1,150
85037,1,150
85040,1,150
85049,1,150
85057,1,150
85064,1,150
85077,1,150
85078,1,150
85082,1,150
85084,1,150
85088,1,150
85105,1,150
85123,1,150
85178,1,150
85208,1,150
85237,1,150
85247,1,150
85262,1,150
85263,1,150
85283,1,150
85292,1,150
85325,1,150
85381,1,150
85394,1,150
85398,1,150
85438,1,150
85447,1,150
85451,1,150
85475,1,150
85478,1,150
85528,1,150
85540,1,150
85563,1,150
85581,1,150
85619,1,150
85620,1,150
85621,1,150
85627,1,150
85634,1,150
85651,1,150
85660,1,150
85669,1,150
85686,1,150
85722,1,150
85728,1,150
85786,1,150
85825,1,150
85836,1,150
85836,1,150
85862,1,150
85873,1,150
85878,1,150
85890,1,150
85932,1,150
85971,1,150
85972,1,150
85982,1,150
85993,1,150
86003,1,150
86007,1,150
86019,1,150
86022,1,150
86028,1,150
86058,1,150
86072,1,150
86077,1,150
86083,1,150
86087,1,150
86094,1,150
86099,1,150
86137,1,150
86146,1,150
86160,1,150
86190,1,150
86203,1,150
86223,1,150
86223,1,150
86225,1,150
86239,1,150
86273,1,150
86291,1,150
86298,1,150
86320,1,150
86336,1,150
86345,1,150
86376,1,150
86404,1,150
86421,1,150
86431,1,150
86436,1,150
86446,1,150
86452,1,150
86453,1,150
86526,1,150
86533,1,150
86551,1,150
86562,1,150
86578,1,150
86603,1,150
86606,1,150
86621,1,150
86665,1,150
86688,1,150
86702,1,150
86725,1,150
86726,1,150
86749,1,150
86752,1,150
86766,1,150
86774,1,150
86798,1,150
86807,1,150
86824,1,150
86831,1,150
86840,1,150
86876,1,150
86882,1,150
86909,1,150
86939,1,150
86959,1,150
86986,1,150
87001,1,150
87009,1,150
87009,1,150
87011,1,150
87032,1,150
87034,1,150
87037,1,150
87039,1,150
87050,1,150
87052,1,150
87063,1,150
87067,1,150
87070,1,150
87081,1,150
87084,1,150
87109,1,150
87116,1,150
87126,1,150
87127,1,150
87131,1,150
87132,1,150
87205,1,150
87217,1,150
87227,1,150
87335,1,150
87340,1,150
87366,1,150
87381,1,150
87397,1,150
87398,1,150
87416,1,150
87430,1,150
87434,1,150
87442,1,150
87461,1,150
87475,1,150
87476,1,150
87509,1,150
87521,1,150
87523,1,150
87529,1,150
87536,1,150
87536,1,150
87543,1,150
87559,1,150
87575,1,150
87586,1,150
87587,1,150
87593,1,150
87629,1,150
87639,1,150
87676,1,150
87678,1,150
87713,1,150
87769,1,150
87836,1,150
87840,1,150
87842,1,150
87850,1,150
87864,1,150
87928,1,150
88032,1,150
88091,1,150
88101,1,150
88141,1,150
88154,1,150
88178,1,150
88209,1,150
88236,1,150
88238,1,150
88245,1,150
88257,1,150
88265,1,150
88272,1,150
88275,1,150
88290,1,150
88352,1,150
88378,1,150
88397,1,150
88397,1,150
88403,1,150
88407,1,150
88435,1,150
88462,1,150
88489,1,150
88499,1,150
88505,1,150
88506,1,150
88518,1,150
88538,1,150
88549,1,150
88563,1,150
88567,1,150
88593,1,150
88595,1,150
88601,1,150
88609,1,150
88688,1,150
88694,1,150
88781,1,150
88793,1,150
88812,1,150
88884,1,150
88889,1,150
88894,1,150
88922,1,150
88937,1,150
88975,1,150
88979,1,150
89000,1,150
89000,1,150
89000,1,150
89024,1,150
89025,1,150
89029,1,150
89032,1,150
89034,1,150
89040,1,150
89072,1,150
89082,1,150
89086,1,150
89103,1,150
89106,1,150
89115,1,150
89127,1,150
89127,1,150
89129,1,150
89142,1,150
89143,1,150
89153,1,150
89171,1,150
89175,1,150
89175,1,150
89177,1,150
89179,1,150
89181,1,150
89205,1,150
89265,1,150
89269,1,150
89289,1,150
89301,1,150
89341,1,150
89417,1,150
89441,1,150
89448,1,150
89460,1,150
89472,1,150
89490,1,150
89495,1,150
89507,1,150
89526,1,150
89544,1,150
89555,1,150
89575,1,150
89600,1,150
89617,1,150
89626,1,150
89631,1,150
89640,1,150
89648,1,150
89657,1,150
89658,1,150
89694,1,150
89704,1,150
89746,1,150
89748,1,150
89787,1,150
89793,1,150
89795,1,150
89802,1,150
89803,1,150
89822,1,150
89829,1,150
89846,1,150
89854,1,150
89856,1,150
89891,1,150
89901,1,150
89944,1,150
89956,1,150
90025,1,150
90027,1,150
90030,1,150
90041,1,150
90068,1,150
90090,1,150
90145,1,150
90178,1,150
90179,1,150
90195,1,150
90200,1,150
90232,1,150
90234,1,150
90255,1,150
90260,1,150
90264,1,150
90277,1,150
90302,1,150
90343,1,150
90357,1,150
90363,1,150
90378,1,150
90412,1,150
90421,1,150
90421,1,150
90422,1,150
90433,1,150
90450,1,150
90463,1,150
90470,1,150
90513,1,150
90536,1,150
90541,1,150
90553,1,150
90574,1,150
90626,1,150
90659,1,150
90696,1,150
90700,1,150
90737,1,150
90754,1,150
90754,1,150
90837,1,150
90841,1,150
90866,1,150
90878,1,150
90929,1,150
90932,1,150
90959,1,150
90972,1,150
91001,1,150
91009,1,150
91034,1,150
91045,1,150
91046,1,150
91059,1,150
91059,1,150
91074,1,150
91099,1,150
91112,1,150
91116,1,150
91139,1,150
91149,1,150
91177,1,150
91206,1,150
91219,1,150
91229,1,150
91235,1,150
91240,1,150
91240,1,150
91264,1,150
91265,1,150
91273,1,150
91313,1,150
91356,1,150
91363,1,150
91372,1,150
91401,1,150
91404,1,150
91414,1,150
91420,1,150
91442,1,150
91457,1,150
91468,1,150
91469,1,150
91470,1,150
91489,1,150
91493,1,150
91495,1,150
91543,1,150
91545,1,150
91554,1,150
91566,1,150
91570,1,150
91581,1,150
91582,1,150
91605,1,150
91607,1,150
91608,1,150
91608,1,150
91616,1,150
91619,1,150
91651,1,150
91701,1,150
91714,1,150
91743,1,150
91749,1,150
91759,1,150
91762,1,150
91790,1,150
91804,1,150
91813,1,150
91847,1,150
91865,1,150
92008,1,150
92010,1,150
92016,1,150
92027,1,150
92075,1,150
92090,1,150
92093,1,150
92096,1,150
92099,1,150
92162,1,150
92165,1,150
92185,1,150
92217,1,150
92218,1,150
92222,1,150
92243,1,150
92246,1,150
92306,1,150
92312,1,150
92329,1,150
92340,1,150
92347,1,150
92349,1,150
92363,1,150
92380,1,150
92385,1,150
92389,1,150
92392,1,150
92403,1,150
92408,1,150
92410,1,150
92418,1,150
92418,1,150
92428,1,150
92444,1,150
92500,1,150
92543,1,150
92550,1,150
92568,1,150
92569,1,150
92581,1,150
92617,1,150
92623,1,150
92636,1,150
92679,1,150
92694,1,150
92696,1,150
92703,1,150
92714,1,150
92727,1,150
92728,1,150
92751,1,150
92761,1,150
92784,1,150
92790,1,150
92792,1,150
93005,1,150
93010,1,150
93021,1,150
93029,1,150
93039,1,150
93047,1,150
93076,1,150
93085,1,150
93123,1,150
93134,1,150
93135,1,150
93139,1,150
93143,1,150
93152,1,150
93181,1,150
93197,1,150
93199,1,150
93200,1,150
93216,1,150
93240,1,150
93240,1,150
93254,1,150
93254,1,150
93255,1,150
93256,1,150
93266,1,150
93269,1,150
93274,1,150
93297,1,150
93315,1,150
93327,1,150
93330,1,150
93342,1,150
93347,1,150
93350,1,150
93358,1,150
93377,1,150
93386,1,150
93408,1,150
93431,1,150
93433,1,150
93445,1,150
93451,1,150
93479,1,150
93480,1,150
93483,1,150
93484,1,150
93495,1,150
93504,1,150
93505,1,150
93511,1,150
93516,1,150
93537,1,150
93574,1,150
93582,1,150
93588,1,150
93600,1,150
93603,1,150
93622,1,150
93630,1,150
93643,1,150
93648,1,150
93654,1,150
93655,1,150
93657,1,150
93661,1,150
93691,1,150
93718,1,150
93727,1,150
93727,1,150
93730,1,150
93743,1,150
93751,1,150
93754,1,150
93770,1,150
93771,1,150
93789,1,150
93794,1,150
93800,1,150
93805,1,150
93819,1,150
93823,1,150
93827,1,150
93837,1,150
93840,1,150
93841,1,150
93848,1,150
93853,1,150
93862,1,150
94005,1,150
94006,1,150
94010,1,150
94012,1,150
94035,1,150
94037,1,150
94041,1,150
94043,1,150
94076,1,150
94080,1,150
94081,1,150
94096,1,150
94151,1,150
94164,1,150
94167,1,150
94178,1,150
94208,1,150
94211,1,150
94226,1,150
94249,1,150
94280,1,150
94281,1,150
94284,1,150
94284,1,150
94306,1,150
94331,1,150
94382,1,150
94384,1,150
94400,1,150
94410,1,150
94413,1,150
94414,1,150
94446,1,150
94450,1,150
94456,1,150
94457,1,150
94475,1,150
94496,1,150
94512,1,150
94529,1,150
94547,1,150
94554,1,150
94568,1,150
94601,1,150
94618,1,150
94638,1,150
94652,1,150
94669,1,150
94674,1,150
94684,1,150
94712,1,150
94729,1,150
94762,1,150
94763,1,150
94776,1,150
94791,1,150
94809,1,150
94841,1,150
94876,1,150
94894,1,150
94902,1,150
94990,1,150
94993,1,150
94999,1,150
95021,1,150
95023,1,150
95023,1,150
95059,1,150
95075,1,150
95076,1,150
95077,1,150
95123,1,150
95172,1,150
95210,1,150
95226,1,150
95231,1,150
95236,1,150
95245,1,150
95249,1,150
95250,1,150
95268,1,150
95271,1,150
95296,1,150
95303,1,150
95314,1,150
95331,1,150
95348,1,150
95361,1,150
95371,1,150
95406,1,150
95423,1,150
95448,1,150
95464,1,150
95482,1,150
95483,1,150
95489,1,150
95507,1,150
95528,1,150
95576,1,150
95614,1,150
95632,1,150
95656,1,150
95657,1,150
95726,1,150
95732,1,150
95748,1,150
95758,1,150
95760,1,150
95775,1,150
95794,1,150
95811,1,150
95818,1,150
95827,1,150
95858,1,150
95859,1,150
95861,1,150
95861,1,150
95868,1,150
95900,1,150
95900,1,150
95908,1,150
95927,1,150
95933,1,150
95946,1,150
95949,1,150
95964,1,150
95971,1,150
95980,1,150
96002,1,150
96012,1,150
96027,1,150
96035,1,150
96073,1,150
96078,1,150
96108,1,150
96137,1,150
96149,1,150
96161,1,150
96161,1,150
96171,1,150
96189,1,150
96193,1,150
96228,1,150
96236,1,150
96238,1,150
96245,1,150
96255,1,150
96301,1,150
96310,1,150
96323,1,150
96337,1,150
96339,1,150
96355,1,150
96367,1,150
96367,1,150
96380,1,150
96386,1,150
96394,1,150
96406,1,150
96423,1,150
96425,1,150
96428,1,150
96434,1,150
96443,1,150
96486,1,150
96488,1,150
96537,1,150
96615,1,150
96634,1,150
96650,1,150
96676,1,150
96676,1,150
96682,1,150
96688,1,150
96691,1,150
96702,1,150
96709,1,150
96730,1,150
96736,1,150
96745,1,150
96757,1,150
96763,1,150
96766,1,150
96781,1,150
96805,1,150
96806,1,150
96807,1,150
96825,1,150
96848,1,150
96868,1,150
96869,1,150
97009,1,150
97011,1,150
97027,1,150
97036,1,150
97048,1,150
97054,1,150
97055,1,150
97059,1,150
97076,1,150
97111,1,150
97131,1,150
97151,1,150
97153,1,150
97202,1,150
97203,1,150
97224,1,150
97231,1,150
97246,1,150
97273,1,150
97289,1,150
97292,1,150
97293,1,150
97335,1,150
97342,1,150
97362,1,150
97400,1,150
97404,1,150
97405,1,150
97409,1,150
97449,1,150
97466,1,150
97476,1,150
97483,1,150
97485,1,150
97489,1,150
97497,1,150
97498,1,150
97504,1,150
97511,1,150
97524,1,150
97529,1,150
97532,1,150
97563,1,150
97563,1,150
97594,1,150
97600,1,150
97611,1,150
97645,1,150
97657,1,150
97698,1,150
97758,1,150
97759,1,150
97765,1,150
97779,1,150
97794,1,150
97802,1,150
97806,1,150
97822,1,150
97830,1,150
98002,1,150
98044,1,150
98075,1,150
98096,1,150
98109,1,150
98125,1,150
98156,1,150
98186,1,150
98196,1,150
98231,1,150
98255,1,150
98258,1,150
98269,1,150
98270,1,150
98294,1,150
98310,1,150
98382,1,150
98384,1,150
98417,1,150
98418,1,150
98443,1,150
98461,1,150
98500,1,150
98507,1,150
98528,1,150
98536,1,150
98550,1,150
98561,1,150
98565,1,150
98567,1,150
98576,1,150
98580,1,150
98580,1,150
98624,1,150
98654,1,150
98666,1,150
98704,1,150
98711,1,150
98747,1,150
98748,1,150
98751,1,150
98768,1,150
98786,1,150
98816,1,150
98819,1,150
98832,1,150
98845,1,150
98861,1,150
98865,1,150
98867,1,150
98872,1,150
98894,1,150
98926,1,150
98931,1,150
98969,1,150
99000,1,150
99013,1,150
99025,1,150
99031,1,150
99032,1,150
99035,1,150
99048,1,150
99055,1,150
99059,1,150
99060,1,150
99077,1,150
99079,1,150
99084,1,150
99134,1,150
99143,1,150
99183,1,150
99190,1,150
99196,1,150
99214,1,150
99229,1,150
99261,1,150
99287,1,150
99338,1,150
99342,1,150
99351,1,150
99358,1,150
99363,1,150
99382,1,150
99394,1,150
99401,1,150
99411,1,150
99433,1,150
99445,1,150
99455,1,150
99459,1,150
99469,1,150
99491,1,150
99513,1,150
99538,1,150
99562,1,150
99590,1,150
99596,1,150
99597,1,150
99608,1,150
99613,1,150
99633,1,150
99651,1,150
99690,1,150
99748,1,150
99754,1,150
99763,1,150
99777,1,150
99785,1,150
99790,1,150
99832,1,150
99869,1,150
99876,1,150
99916,1,150
99917,1,150
99955,1,150
99969,1,150
99977,1,150
99979,1,150
100023,1,150
100024,1,150
100039,1,150
100046,1,150
100098,1,150
100117,1,150
100135,1,150
100158,1,150
100175,1,150
100180,1,150
100193,1,150
100198,1,150
100213,1,150
100215,1,150
100271,1,150
100283,1,150
100290,1,150
100302,1,150
100311,1,150
100405,1,150
100418,1,150
100441,1,150
100444,1,150
100518,1,150
100553,1,150
100561,1,150
100574,1,150
100633,1,150
100658,1,150
100671,1,150
100679,1,150
100733,1,150
100760,1,150
100782,1,150
100829,1,150
100861,1,150
100923,1,150
100938,1,150
100940,1,150
101021,1,150
101030,1,150
101036,1,150
101038,1,150
101051,1,150
101056,1,150
101057,1,150
101058,1,150
101062,1,150
101082,1,150
101084,1,150
101096,1,150
101102,1,150
101106,1,150
101124,1,150
101140,1,150
101146,1,150
101148,1,150
101154,1,150
101162,1,150
101176,1,150
101179,1,150
101180,1,150
101193,1,150
101204,1,150
101220,1,150
101221,1,150
101244,1,150
101254,1,150
101256,1,150
101257,1,150
101266,1,150
101267,1,150
101271,1,150
101276,1,150
101277,1,150
101308,1,150
101330,1,150
101335,1,150
101336,1,150
101343,1,150
101404,1,150
101408,1,150
101444,1,150
101446,1,150
101456,1,150
101462,1,150
101489,1,150
101498,1,150
101521,1,150
101540,1,150
101592,1,150
101602,1,150
101619,1,150
101667,1,150
101674,1,150
101701,1,150
101706,1,150
101750,1,150
101767,1,150
101772,1,150
101790,1,150
101800,1,150
101820,1,150
101872,1,150
101901,1,150
101925,1,150
101925,1,150
101977,1,150
101982,1,150
101996,1,150
101999,1,150
102004,1,150
102004,1,150
102006,1,150
102009,1,150
102019,1,150
102021,1,150
102051,1,150
102062,1,150
102083,1,150
102088,1,150
102118,1,150
102119,1,150
102147,1,150
102152,1,150
102161,1,150
102199,1,150
102208,1,150
102219,1,150
102254,1,150
102266,1,150
102266,1,150
102300,1,150
102308,1,150
102321,1,150
102327,1,150
102377,1,150
102378,1,150
102396,1,150
102412,1,150
102423,1,150
102429,1,150
102452,1,150
102461,1,150
102492,1,150
102509,1,150
102514,1,150
102547,1,150
102581,1,150
102606,1,150
102622,1,150
102622,1,150
102647,1,150
102670,1,150
102677,1,150
102704,1,150
102711,1,150
102715,1,150
102725,1,150
102745,1,150
102790,1,150
102791,1,150
102817,1,150
102847,1,150
102879,1,150
102907,1,150
102933,1,150
102940,1,150
102954,1,150
102965,1,150
102988,1,150
102993,1,150
103015,1,150
103020,1,150
103160,1,150
103244,1,150
103269,1,150
103329,1,150
103362,1,150
103384,1,150
103409,1,150
103420,1,150
103486,1,150
103499,1,150
103582,1,150
103593,1,150
103631,1,150
103635,1,150
103642,1,150
103652,1,150
103689,1,150
103692,1,150
103706,1,150
103713,1,150
103722,1,150
103739,1,150
103777,1,150
103838,1,150
103845,1,150
103860,1,150
103869,1,150
103896,1,150
103919,1,150
103923,1,150
103926,1,150
103950,1,150
103968,1,150
103980,1,150
103981,1,150
104017,1,150
104018,1,150
104022,1,150
104024,1,150
104027,1,150
104029,1,150
104032,1,150
104040,1,150
104043,1,150
104056,1,150
104059,1,150
104095,1,150
104110,1,150
104140,1,150
104145,1,150
104157,1,150
104160,1,150
104164,1,150
104173,1,150
104175,1,150
104179,1,150
104182,1,150
104196,1,150
104205,1,150
104214,1,150
104219,1,150
104225,1,150
104233,1,150
104242,1,150
104252,1,150
104255,1,150
104261,1,150
104265,1,150
104291,1,150
104305,1,150
104316,1,150
104383,1,150
104384,1,150
104387,1,150
104388,1,150
104425,1,150
104425,1,150
104428,1,150
104430,1,150
104472,1,150
104494,1,150
104520,1,150
104523,1,150
104588,1,150
104598,1,150
104619,1,150
104646,1,150
104654,1,150
104683,1,150
104689,1,150
104705,1,150
104746,1,150
104766,1,150
104775,1,150
104777,1,150
104777,1,150
104790,1,150
104795,1,150
104822,1,150
104829,1,150
104855,1,150
104865,1,150
105051,1,150
105054,1,150
105054,1,150
105060,1,150
105063,1,150
105071,1,150
105073,1,150
105074,1,150
105084,1,150
105102,1,150
105103,1,150
105117,1,150
105126,1,150
105127,1,150
105143,1,150
105152,1,150
105152,1,150
105153,1,150
105154,1,150
105172,1,150
105173,1,150
105195,1,150
105220,1,150
105239,1,150
105247,1,150
105275,1,150
105295,1,150
105302,1,150
105302,1,150
105306,1,150
105309,1,150
105395,1,150
105399,1,150
105400,1,150
105439,1,150
105453,1,150
105471,1,150
105543,1,150
105570,1,150
105610,1,150
105610,1,150
105613,1,150
105614,1,150
105615,1,150
105615,1,150
105617,1,150
105622,1,150
105648,1,150
105665,1,150
105688,1,150
105697,1,150
105699,1,150
105718,1,150
105729,1,150
105746,1,150
105746,1,150
105749,1,150
105755,1,150
105758,1,150
105792,1,150
105828,1,150
105830,1,150
105855,1,150
105864,1,150
105867,1,150
106054,1,150
106065,1,150
106104,1,150
106112,1,150
106135,1,150
106141,1,150
106153,1,150
106187,1,150
106188,1,150
106210,1,150
106251,1,150
106267,1,150
106271,1,150
106334,1,150
106335,1,150
106336,1,150
106363,1,150
106386,1,150
106392,1,150
106409,1,150
106422,1,150
106423,1,150
106454,1,150
106456,1,150
106458,1,150
106473,1,150
106473,1,150
106479,1,150
106514,1,150
106535,1,150
106542,1,150
106545,1,150
106567,1,150
106600,1,150
106604,1,150
106605,1,150
106647,1,150
106662,1,150
106669,1,150
106712,1,150
106743,1,150
106746,1,150
106757,1,150
106777,1,150
106813,1,150
106828,1,150
106838,1,150
106849,1,150
106849,1,150
107003,1,150
107014,1,150
107015,1,150
107026,1,150
107055,1,150
107063,1,150
107066,1,150
107066,1,150
107071,1,150
107087,1,150
107097,1,150
107117,1,150
107124,1,150
107142,1,150
107190,1,150
107209,1,150
107221,1,150
107234,1,150
107235,1,150
107279,1,150
107296,1,150
107298,1,150
107312,1,150
107338,1,150
107379,1,150
107399,1,150
107407,1,150
107458,1,150
107505,1,150
107508,1,150
107513,1,150
107520,1,150
107527,1,150
107534,1,150
107547,1,150
107552,1,150
107569,1,150
107601,1,150
107631,1,150
107666,1,150
107691,1,150
107702,1,150
107706,1,150
107712,1,150
107730,1,150
107730,1,150
107764,1,150
108001,1,150
108032,1,150
108050,1,150
108063,1,150
108076,1,150
108078,1,150
108118,1,150
108153,1,150
108159,1,150
108163,1,150
108172,1,150
108175,1,150
108187,1,150
108202,1,150
108222,1,150
108251,1,150
108255,1,150
108286,1,150
108324,1,150
108349,1,150
108396,1,150
108448,1,150
108469,1,150
108529,1,150
108539,1,150
108582,1,150
108592,1,150
108627,1,150
108627,1,150
108630,1,150
108652,1,150
108654,1,150
108665,1,150
108702,1,150
108712,1,150
108726,1,150
108734,1,150
108752,1,150
108760,1,150
108785,1,150
108805,1,150
108807,1,150
108823,1,150
108863,1,150
108876,1,150
109092,1,150
109106,1,150
109144,1,150
109205,1,150
109233,1,150
109237,1,150
109242,1,150
109270,1,150
109280,1,150
109297,1,150
109306,1,150
109314,1,150
109319,1,150
109352,1,150
109376,1,150
109445,1,150
109452,1,150
109474,1,150
109478,1,150
109496,1,150
109517,1,150
109539,1,150
109559,1,150
109560,1,150
109590,1,150
109603,1,150
109619,1,150
109661,1,150
109667,1,150
109706,1,150
109743,1,150
109785,1,150
109819,1,150
109824,1,150
109830,1,150
109851,1,150
109851,1,150
109933,1,150
109979,1,150
109980,1,150
110006,1,150
110013,1,150
110031,1,150
110047,1,150
110056,1,150
110059,1,150
110064,1,150
110067,1,150
110075,1,150
110087,1,150
110106,1,150
110114,1,150
110152,1,150
110180,1,150
110180,1,150
110184,1,150
110206,1,150
110228,1,150
110231,1,150
110285,1,150
110292,1,150
110297,1,150
110299,1,150
110328,1,150
110374,1,150
110389,1,150
110397,1,150
110422,1,150
110448,1,150
110453,1,150
110491,1,150
110505,1,150
110509,1,150
110523,1,150
110532,1,150
110568,1,150
110657,1,150
110690,1,150
110713,1,150
110715,1,150
110772,1,150
110777,1,150
110782,1,150
110789,1,150
110865,1,150
110886,1,150
110907,1,150
110916,1,150
110919,1,150
111030,1,150
111034,1,150
111054,1,150
111113,1,150
111119,1,150
111127,1,150
111137,1,150
111164,1,150
111184,1,150
111204,1,150
111209,1,150
111221,1,150
111224,1,150
111246,1,150
111256,1,150
111322,1,150
111422,1,150
111442,1,150
111457,1,150
111472,1,150
111482,1,150
111484,1,150
111485,1,150
111505,1,150
111525,1,150
111525,1,150
111546,1,150
111574,1,150
111586,1,150
111608,1,150
111621,1,150
111647,1,150
111652,1,150
111682,1,150
111715,1,150
111734,1,150
111752,1,150
111752,1,150
111791,1,150
111794,1,150
111799,1,150
111830,1,150
111839,1,150
111855,1,150
111860,1,150
111863,1,150
112030,1,150
112077,1,150
112085,1,150
112116,1,150
112140,1,150
112172,1,150
112212,1,150
112219,1,150
112247,1,150
112351,1,150
112450,1,150
112461,1,150
112478,1,150
112480,1,150
112509,1,150
112515,1,150
112525,1,150
112531,1,150
112590,1,150
112618,1,150
112620,1,150
112630,1,150
112667,1,150
112680,1,150
112725,1,150
112740,1,150
112762,1,150
112764,1,150
112786,1,150
112803,1,150
112805,1,150
112832,1,150
112840,1,150
112846,1,150
112871,1,150
112883,1,150
112916,1,150
112978,1,150
112982,1,150
113018,1,150
113037,1,150
113052,1,150
113068,1,150
113080,1,150
113081,1,150
113088,1,150
113108,1,150
113116,1,150
113145,1,150
113152,1,150
113194,1,150
113194,1,150
113205,1,150
113210,1,150
113215,1,150
113239,1,150
113271,1,150
113272,1,150
113324,1,150
113335,1,150
113346,1,150
113352,1,150
113356,1,150
113376,1,150
113379,1,150
113393,1,150
113402,1,150
113490,1,150
113524,1,150
113532,1,150
113540,1,150
113549,1,150
113618,1,150
113622,1,150
113631,1,150
113647,1,150
113659,1,150
113668,1,150
113692,1,150
113734,1,150
113738,1,150
113741,1,150
113753,1,150
113770,1,150
113774,1,150
113780,1,150
113787,1,150
113791,1,150
113820,1,150
114015,1,150
114015,1,150
114029,1,150
114118,1,150
114159,1,150
114174,1,150
114176,1,150
114193,1,150
114208,1,150
114213,1,150
114237,1,150
114260,1,150
114264,1,150
114266,1,150
114288,1,150
114319,1,150
114361,1,150
114378,1,150
114388,1,150
114390,1,150
114407,1,150
114440,1,150
114464,1,150
114468,1,150
114484,1,150
114485,1,150
114535,1,150
114543,1,150
114584,1,150
114600,1,150
114606,1,150
114617,1,150
114656,1,150
114661,1,150
114687,1,150
114698,1,150
114701,1,150
114710,1,150
114720,1,150
114735,1,150
114746,1,150
114750,1,150
115003,1,150
115008,1,150
115023,1,150
115024,1,150
115034,1,150
115070,1,150
115079,1,150
115203,1,150
115246,1,150
115275,1,150
115275,1,150
115301,1,150
115302,1,150
115306,1,150
115373,1,150
115424,1,150
115463,1,150
115483,1,150
115513,1,150
115523,1,150
115528,1,150
115540,1,150
115566,1,150
115607,1,150
115628,1,150
115649,1,150
115651,1,150
115737,1,150
115778,1,150
115817,1,150
115844,1,150
115873,1,150
115896,1,150
115907,1,150
115928,1,150
115965,1,150
115976,1,150
115984,1,150
116017,1,150
116023,1,150
116025,1,150
116039,1,150
116040,1,150
116057,1,150
116064,1,150
116064,1,150
116093,1,150
116105,1,150
116146,1,150
116147,1,150
116151,1,150
116152,1,150
116153,1,150
116221,1,150
116236,1,150
116270,1,150
116270,1,150
116272,1,150
116314,1,150
116319,1,150
116348,1,150
116373,1,150
116378,1,150
116418,1,150
116422,1,150
116447,1,150
116450,1,150
116475,1,150
116480,1,150
116491,1,150
116498,1,150
116507,1,150
116540,1,150
116558,1,150
116572,1,150
116580,1,150
116631,1,150
116632,1,150
116649,1,150
116650,1,150
116651,1,150
116680,1,150
116702,1,150
116754,1,150
117036,1,150
117086,1,150
117121,1,150
117122,1,150
117147,1,150
117150,1,150
117153,1,150
117161,1,150
117165,1,150
117167,1,150
117170,1,150
117184,1,150
117216,1,150
117242,1,150
117248,1,150
117257,1,150
117274,1,150
117285,1,150
117299,1,150
117312,1,150
117380,1,150
117396,1,150
117408,1,150
117423,1,150
117441,1,150
117487,1,150
117489,1,150
117516,1,150
117538,1,150
117552,1,150
117610,1,150
117617,1,150
117620,1,150
117628,1,150
117702,1,150
117714,1,150
117747,1,150
117787,1,150
117790,1,150
117798,1,150
117810,1,150
117822,1,150
117871,1,150
117878,1,150
117899,1,150
117914,1,150
118010,1,150
118032,1,150
118033,1,150
118051,1,150
118097,1,150
118100,1,150
118121,1,150
118160,1,150
118162,1,150
118181,1,150
118187,1,150
118263,1,150
118266,1,150
118270,1,150
118270,1,150
118335,1,150
118345,1,150
118367,1,150
118472,1,150
118478,1,150
118480,1,150
118497,1,150
118516,1,150
118569,1,150
118577,1,150
118604,1,150
118614,1,150
118667,1,150
118680,1,150
118685,1,150
118690,1,150
118694,1,150
118722,1,150
118820,1,150
119079,1,150
119092,1,150
119093,1,150
119125,1,150
119161,1,150
119191,1,150
119258,1,150
119272,1,150
119347,1,150
119351,1,150
119373,1,150
119437,1,150
119451,1,150
119520,1,150
119580,1,150
119581,1,150
119589,1,150
119653,1,150
119699,1,150
119714,1,150
119736,1,150
119746,1,150
119780,1,150
119821,1,150
119865,1,150
119913,1,150
119921,1,150
119934,1,150
119939,1,150
120004,1,150
120008,1,150
120012,1,150
120014,1,150
120015,1,150
120019,1,150
120042,1,150
120098,1,150
120160,1,150
120226,1,150
120445,1,150
120450,1,150
120621,1,150
120727,1,150
120955,1,150
120960,1,150
120978,1,150
120981,1,150
121011,1,150
121025,1,150
121025,1,150
121028,1,150
121031,1,150
121039,1,150
121061,1,150
121062,1,150
121068,1,150
121070,1,150
121146,1,150
121161,1,150
121185,1,150
121193,1,150
121195,1,150
121199,1,150
121218,1,150
121242,1,150
121245,1,150
121247,1,150
121264,1,150
121292,1,150
121296,1,150
121353,1,150
121359,1,150
121368,1,150
121383,1,150
121390,1,150
121409,1,150
121411,1,150
121418,1,150
121451,1,150
121462,1,150
121481,1,150
121493,1,150
121557,1,150
121585,1,150
121591,1,150
121600,1,150
121607,1,150
121626,1,150
121645,1,150
121701,1,150
121717,1,150
121789,1,150
121802,1,150
121838,1,150
122077,1,150
122137,1,150
122153,1,150
122193,1,150
122241,1,150
122292,1,150
122303,1,150
122316,1,150
122319,1,150
122343,1,150
122389,1,150
122423,1,150
122506,1,150
122519,1,150
122543,1,150
122573,1,150
122593,1,150
122615,1,150
122629,1,150
122661,1,150
122669,1,150
122671,1,150
122715,1,150
122731,1,150
122777,1,150
122792,1,150
122806,1,150
122824,1,150
122825,1,150
122879,1,150
122889,1,150
123018,1,150
123057,1,150
123096,1,150
123105,1,150
123112,1,150
123137,1,150
123147,1,150
123190,1,150
123238,1,150
123325,1,150
123345,1,150
123417,1,150
123420,1,150
123434,1,150
123532,1,150
123533,1,150
123534,1,150
123560,1,150
123649,1,150
123678,1,150
123688,1,150
123708,1,150
123748,1,150
123767,1,150
123787,1,150
123817,1,150
123818,1,150
123851,1,150
123930,1,150
124045,1,150
124055,1,150
124099,1,150
124115,1,150
124141,1,150
124144,1,150
124156,1,150
124167,1,150
124189,1,150
124205,1,150
124210,1,150
124337,1,150
124367,1,150
124438,1,150
124443,1,150
124465,1,150
124472,1,150
124511,1,150
124530,1,150
124551,1,150
124569,1,150
124599,1,150
124714,1,150
124761,1,150
124802,1,150
124858,1,150
124922,1,150
125001,1,150
125032,1,150
125042,1,150
125046,1,150
125103,1,150
125177,1,150
125230,1,150
125259,1,150
125292,1,150
125301,1,150
125412,1,150
125424,1,150
125431,1,150
125439,1,150
125453,1,150
125470,1,150
125500,1,150
125548,1,150
125597,1,150
125598,1,150
125609,1,150
125627,1,150
125671,1,150
125675,1,150
125724,1,150
125782,1,150
125838,1,150
125854,1,150
125915,1,150
126000,1,150
126012,1,150
126019,1,150
126036,1,150
126060,1,150
126063,1,150
126188,1,150
126192,1,150
126197,1,150
126216,1,150
126272,1,150
126315,1,150
126386,1,150
126399,1,150
126416,1,150
126448,1,150
126457,1,150
126482,1,150
126486,1,150
126536,1,150
126551,1,150
126633,1,150
126647,1,150
126679,1,150
126682,1,150
126698,1,150
126761,1,150
126815,1,150
126830,1,150
127071,1,150
127095,1,150
127140,1,150
127241,1,150
127274,1,150
127426,1,150
127433,1,150
127466,1,150
127547,1,150
127603,1,150
127623,1,150
127635,1,150
127638,1,150
127647,1,150
127658,1,150
127666,1,150
127681,1,150
127751,1,150
127778,1,150
127836,1,150
127846,1,150
127897,1,150
127968,1,150
127993,1,150
128017,1,150
128076,1,150
128132,1,150
128138,1,150
128164,1,150
128176,1,150
128180,1,150
128237,1,150
128310,1,150
128328,1,150
128333,1,150
128342,1,150
128391,1,150
128454,1,150
128474,1,150
128524,1,150
128566,1,150
128569,1,150
128579,1,150
128617,1,150
128624,1,150
128633,1,150
128658,1,150
128803,1,150
128826,1,150
128859,1,150
128875,1,150
128908,1,150
128936,1,150
129000,1,150
129012,1,150
129047,1,150
129080,1,150
129082,1,150
129086,1,150
129119,1,150
129142,1,150
129148,1,150
129188,1,150
129201,1,150
129217,1,150
129281,1,150
129312,1,150
129345,1,150
129360,1,150
129365,1,150
129367,1,150
129374,1,150
129379,1,150
129422,1,150
129424,1,150
129433,1,150
129472,1,150
129490,1,150
129516,1,150
129524,1,150
129554,1,150
129559,1,150
129654,1,150
129689,1,150
129764,1,150
129778,1,150
129925,1,150
130004,1,150
130019,1,150
130023,1,150
130028,1,150
130065,1,150
130176,1,150
130300,1,150
130381,1,150
130381,1,150
130390,1,150
130391,1,150
130515,1,150
130567,1,150
130608,1,150
130659,1,150
130686,1,150
130754,1,150
130817,1,150
131032,1,150
131040,1,150
131056,1,150
131100,1,150
131111,1,150
131138,1,150
131150,1,150
131200,1,150
131272,1,150
131322,1,150
131340,1,150
131345,1,150
131407,1,150
131409,1,150
131476,1,150
131496,1,150
131523,1,150
131570,1,150
131607,1,150
131766,1,150
131845,1,150
131885,1,150
131885,1,150
131900,1,150
131955,1,150
131962,1,150
131987,1,150
132082,1,150
132083,1,150
132106,1,150
132113,1,150
132129,1,150
132140,1,150
132208,1,150
132223,1,150
132292,1,150
132324,1,150
132331,1,150
132374,1,150
132399,1,150
132454,1,150
132488,1,150
132490,1,150
132494,1,150
132512,1,150
132525,1,150
132554,1,150
132564,1,150
132577,1,150
132610,1,150
133005,1,150
133027,1,150
133037,1,150
133081,1,150
133085,1,150
133121,1,150
133137,1,150
133185,1,150
133279,1,150
133284,1,150
133325,1,150
133474,1,150
133550,1,150
133596,1,150
133644,1,150
133651,1,150
134009,1,150
134056,1,150
134067,1,150
134069,1,150
134107,1,150
134133,1,150
134157,1,150
134233,1,150
134325,1,150
134407,1,150
134471,1,150
134549,1,150
134560,1,150
134596,1,150
134612,1,150
134625,1,150
134665,1,150
134686,1,150
134719,1,150
135037,1,150
135068,1,150
135068,1,150
135085,1,150
135142,1,150
135212,1,150
135242,1,150
135266,1,150
135278,1,150
135308,1,150
135313,1,150
135330,1,150
135373,1,150
135379,1,150
135414,1,150
135474,1,150
135485,1,150
135679,1,150
136013,1,150
136031,1,150
136055,1,150
136077,1,150
136120,1,150
136156,1,150
136302,1,150
136360,1,150
136422,1,150
136443,1,150
136527,1,150
136543,1,150
136608,1,150
136625,1,150
136866,1,150
136923,1,150
136933,1,150
136999,1,150
137083,1,150
137085,1,150
137092,1,150
137104,1,150
137137,1,150
137189,1,150
137226,1,150
137307,1,150
137384,1,150
137477,1,150
137499,1,150
137570,1,150
137580,1,150
137589,1,150
137674,1,150
137741,1,150
137789,1,150
137815,1,150
137970,1,150
137978,1,150
137995,1,150
138114,1,150
138201,1,150
138206,1,150
138212,1,150
138252,1,150
138339,1,150
138359,1,150
138379,1,150
138401,1,150
138419,1,150
138480,1,150
138524,1,150
138558,1,150
138579,1,150
138604,1,150
138689,1,150
138721,1,150
139011,1,150
139031,1,150
139123,1,150
139124,1,150
139133,1,150
139173,1,150
139237,1,150
139257,1,150
139271,1,150
139407,1,150
139551,1,150
139559,1,150
139574,1,150
139577,1,150
139605,1,150
139686,1,150
139698,1,150
139755,1,150
139803,1,150
140065,1,150
140116,1,150
140139,1,150
140235,1,150
140479,1,150
140503,1,150
140551,1,150
140786,1,150
141024,1,150
141058,1,150
141138,1,150
141154,1,150
141191,1,150
141226,1,150
141264,1,150
141299,1,150
141306,1,150
141307,1,150
141354,1,150
141453,1,150
141465,1,150
141480,1,150
141495,1,150
141496,1,150
141631,1,150
141650,1,150
141661,1,150
141706,1,150
141743,1,150
141773,1,150
141774,1,150
141846,1,150
141876,1,150
141983,1,150
141984,1,150
142001,1,150
142078,1,150
142139,1,150
142244,1,150
142257,1,150
142347,1,150
142491,1,150
142626,1,150
142629,1,150
142642,1,150
142649,1,150
142701,1,150
142721,1,150
142823,1,150
143086,1,150
143129,1,150
143139,1,150
143165,1,150
143181,1,150
143190,1,150
143275,1,150
143326,1,150
143464,1,150
143666,1,150
143870,1,150
143906,1,150
144009,1,150
144140,1,150
144155,1,150
144278,1,150
144288,1,150
144334,1,150
144350,1,150
144375,1,150
144433,1,150
144502,1,150
144545,1,150
144605,1,150
145010,1,150
145126,1,150
145170,1,150
145285,1,150
145302,1,150
145324,1,150
145339,1,150
145365,1,150
145368,1,150
145483,1,150
145550,1,150
145614,1,150
145721,1,150
145761,1,150
145806,1,150
146144,1,150
146333,1,150
146377,1,150
146405,1,150
146510,1,150
146546,1,150
146666,1,150
146761,1,150
146925,1,150
146942,1,150
147054,1,150
147096,1,150
147114,1,150
147160,1,150
147257,1,150
147311,1,150
147312,1,150
147321,1,150
147371,1,150
147560,1,150
147615,1,150
147635,1,150
147701,1,150
147989,1,150
148003,1,150
148007,1,150
148321,1,150
148417,1,150
148444,1,150
148591,1,150
148593,1,150
148595,1,150
148782,1,150
148788,1,150
148804,1,150
148824,1,150
148841,1,150
148968,1,150
149002,1,150
149043,1,150
149064,1,150
149442,1,150
149486,1,150
149495,1,150
149685,1,150
149699,1,150
149870,1,150
149903,1,150
150011,1,150
150018,1,150
150257,1,150
150325,1,150
150337,1,150
150448,1,150
150459,1,150
150538,1,150
150698,1,150
150815,1,150
151052,1,150
151095,1,150
151168,1,150
151217,1,150
151223,1,150
151365,1,150
151384,1,150
151425,1,150
151489,1,150
151543,1,150
151652,1,150
151703,1,150
152072,1,150
152182,1,150
152217,1,150
152311,1,150
152551,1,150
152558,1,150
153020,1,150
153055,1,150
153087,1,150
153113,1,150
153198,1,150
153291,1,150
153308,1,150
153450,1,150
153450,1,150
153561,1,150
153598,1,150
153681,1,150
153718,1,150
153846,1,150
153915,1,150
154032,1,150
154096,1,150
154125,1,150
154182,1,150
154264,1,150
154320,1,150
154476,1,150
154501,1,150
154596,1,150
154623,1,150
154624,1,150
154652,1,150
154680,1,150
154747,1,150
154788,1,150
154857,1,150
155018,1,150
155046,1,150
155056,1,150
155061,1,150
155084,1,150
155130,1,150
155137,1,150
155336,1,150
155361,1,150
155409,1,150
155455,1,150
156087,1,150
156172,1,150
156355,1,150
156355,1,150
156375,1,150
156507,1,150
156814,1,150
156966,1,150
156992,1,150
157107,1,150
157154,1,150
157211,1,150
157532,1,150
157653,1,150
157699,1,150
158090,1,150
158111,1,150
158128,1,150
158182,1,150
158279,1,150
158478,1,150
158516,1,150
158663,1,150
158677,1,150
158710,1,150
159019,1,150
159075,1,150
159141,1,150
159147,1,150
159230,1,150
159293,1,150
159575,1,150
159617,1,150
159627,1,150
159638,1,150
159755,1,150
160263,1,150
160353,1,150
160378,1,150
160391,1,150
160502,1,150
160566,1,150
160674,1,150
160683,1,150
160714,1,150
160754,1,150
160792,1,150
160820,1,150
160846,1,150
161029,1,150
161049,1,150
161590,1,150
161680,1,150
161879,1,150
161914,1,150
162288,1,150
162530,1,150
162577,1,150
162756,1,150
162894,1,150
163075,1,150
163245,1,150
163276,1,150
163295,1,150
163721,1,150
163886,1,150
164342,1,150
164362,1,150
164953,1,150
165045,1,150
165047,1,150
165119,1,150
165123,1,150
165128,1,150
165148,1,150
165153,1,150
165166,1,150
165303,1,150
165370,1,150
165402,1,150
165438,1,150
165442,1,150
165445,1,150
165551,1,150
165576,1,150
165611,1,150
165619,1,150
165669,1,150
165732,1,150
165798,1,150
165824,1,150
165880,1,150
165909,1,150
166157,1,150
166221,1,150
166241,1,150
166367,1,150
166402,1,150
166443,1,150
166748,1,150
166786,1,150
166860,1,150
166988,1,150
167030,1,150
167030,1,150
167062,1,150
167307,1,150
167382,1,150
167506,1,150
167509,1,150
167789,1,150
167800,1,150
167870,1,150
168018,1,150
168064,1,150
168261,1,150
168326,1,150
168450,1,150
168462,1,150
168547,1,150
168630,1,150
168677,1,150
168774,1,150
168873,1,150
169321,1,150
169596,1,150
169905,1,150
169914,1,150
170011,1,150
170034,1,150
170054,1,150
170125,1,150
170528,1,150
170582,1,150
170735,1,150
170748,1,150
170992,1,150
171120,1,150
171182,1,150
171196,1,150
171227,1,150
171252,1,150
171294,1,150
171445,1,150
171485,1,150
171665,1,150
172000,1,150
172104,1,150
172125,1,150
172343,1,150
172453,1,150
172514,1,150
172523,1,150
172545,1,150
172649,1,150
172669,1,150
173159,1,150
173191,1,150
173299,1,150
173377,1,150
173873,1,150
174105,1,150
174112,1,150
174259,1,150
174490,1,150
174543,1,150
174548,1,150
174969,1,150
175291,1,150
175580,1,150
175708,1,150
175929,1,150
176079,1,150
176287,1,150
176408,1,150
176424,1,150
176436,1,150
176530,1,150
176569,1,150
177004,1,150
177007,1,150
177074,1,150
177117,1,150
177185,1,150
177211,1,150
177214,1,150
177251,1,150
177261,1,150
177288,1,150
177295,1,150
177298,1,150
177337,1,150
177360,1,150
177366,1,150
177395,1,150
177455,1,150
177489,1,150
177522,1,150
177533,1,150
177697,1,150
177748,1,150
177759,1,150
177777,1,150
178036,1,150
178051,1,150
178180,1,150
178188,1,150
178290,1,150
178466,1,150
178623,1,150
178664,1,150
178822,1,150
179020,1,150
179036,1,150
179111,1,150
179287,1,150
179309,1,150
179313,1,150
179359,1,150
179403,1,150
179438,1,150
179588,1,150
179704,1,150
179765,1,150
179781,1,150
179811,1,150
180099,1,150
180100,1,150
180209,1,150
180309,1,150
180373,1,150
180400,1,150
180451,1,150
180595,1,150
182052,1,150
182080,1,150
182170,1,150
182214,1,150
182219,1,150
182235,1,150
182302,1,150
182354,1,150
182386,1,150
182416,1,150
182589,1,150
182610,1,150
182830,1,150
183126,1,150
183219,1,150
183247,1,150
183304,1,150
183504,1,150
183543,1,150
183562,1,150
183767,1,150
183787,1,150
184034,1,150
184075,1,150
184099,1,150
184100,1,150
184110,1,150
184120,1,150
184157,1,150
184340,1,150
184356,1,150
184393,1,150
184526,1,150
184551,1,150
184635,1,150
185062,1,150
185208,1,150
185368,1,150
185813,1,150
185819,1,150
186009,1,150
186062,1,150
186130,1,150
186206,1,150
186253,1,150
186257,1,150
186460,1,150
186517,1,150
186560,1,150
186564,1,150
186576,1,150
187192,1,150
187305,1,150
187334,1,150
187345,1,150
187747,1,150
187807,1,150
187989,1,150
188053,1,150
188099,1,150
188106,1,150
188107,1,150
188714,1,150
189012,1,150
189068,1,150
189077,1,150
189128,1,150
189139,1,150
189255,1,150
189353,1,150
189362,1,150
189396,1,150
189409,1,150
189446,1,150
189476,1,150
189593,1,150
189637,1,150
189648,1,150
189691,1,150
189712,1,150
189784,1,150
189939,1,150
189947,1,150
190014,1,150
190086,1,150
190149,1,150
190176,1,150
190185,1,150
190197,1,150
190338,1,150
190521,1,150
190737,1,150
190773,1,150
190855,1,150
191060,1,150
191251,1,150
191279,1,150
191314,1,150
191386,1,150
191507,1,150
191960,1,150
192037,1,150
192096,1,150
192117,1,150
192188,1,150
192273,1,150
192297,1,150
192351,1,150
192379,1,150
192402,1,150
192439,1,150
192495,1,150
192596,1,150
192678,1,150
192701,1,150
192747,1,150
193088,1,150
193173,1,150
193645,1,150
193773,1,150
193781,1,150
193818,1,150
193924,1,150
193966,1,150
194136,1,150
194255,1,150
194288,1,150
194461,1,150
194489,1,150
194549,1,150
194671,1,150
194773,1,150
194836,1,150
194850,1,150
194997,1,150
195131,1,150
195386,1,150
195412,1,150
195493,1,150
195591,1,150
195673,1,150
195714,1,150
195827,1,150
195854,1,150
196001,1,150
196022,1,150
196079,1,150
196096,1,150
196111,1,150
196142,1,150
196292,1,150
196587,1,150
196784,1,150
196911,1,150
197007,1,150
197020,1,150
197026,1,150
197067,1,150
197114,1,150
197176,1,150
197246,1,150
197259,1,150
197333,1,150
197634,1,150
198028,1,150
198237,1,150
198544,1,150
198565,1,150
198950,1,150
199015,1,150
199257,1,150
199263,1,150
199279,1,150
199525,1,150
199787,1,150
199855,1,150
200050,1,150
200073,1,150
200194,1,150
200223,1,150
200248,1,150
200298,1,150
200362,1,150
200415,1,150
201015,1,150
201016,1,150
201025,1,150
201037,1,150
201041,1,150
201161,1,150
201177,1,150
201246,1,150
201249,1,150
201325,1,150
201361,1,150
201431,1,150
201434,1,150
201464,1,150
201477,1,150
201525,1,150
201562,1,150
201578,1,150
201602,1,150
201612,1,150
201637,1,150
201671,1,150
201672,1,150
201673,1,150
201689,1,150
201743,1,150
201749,1,150
201778,1,150
201785,1,150
201836,1,150
201889,1,150
202035,1,150
202079,1,150
202137,1,150
202140,1,150
202204,1,150
202228,1,150
202390,1,150
202461,1,150
202601,1,150
202720,1,150
202793,1,150
202836,1,150
203150,1,150
203194,1,150
203289,1,150
203511,1,150
203584,1,150
203592,1,150
203734,1,150
203759,1,150
203888,1,150
203965,1,150
204053,1,150
204068,1,150
204149,1,150
204222,1,150
204228,1,150
204285,1,150
204467,1,150
204538,1,150
204547,1,150
204635,1,150
204649,1,150
204690,1,150
204765,1,150
204798,1,150
205168,1,150
205214,1,150
205290,1,150
205297,1,150
205349,1,150
205399,1,150
205544,1,150
205622,1,150
205676,1,150
205706,1,150
205727,1,150
206048,1,150
206183,1,150
206227,1,150
206285,1,150
206364,1,150
206456,1,150
206517,1,150
206614,1,150
206615,1,150
206634,1,150
206644,1,150
207082,1,150
207103,1,150
207320,1,150
207390,1,150
207409,1,150
207422,1,150
207425,1,150
207537,1,150
207740,1,150
207810,1,150
207815,1,150
207914,1,150
207971,1,150
208062,1,150
208067,1,150
208314,1,150
208320,1,150
208339,1,150
208396,1,150
208529,1,150
208604,1,150
208806,1,150
208906,1,150
209003,1,150
209143,1,150
209243,1,150
209355,1,150
209368,1,150
209408,1,150
209523,1,150
209795,1,150
210015,1,150
210044,1,150
210247,1,150
210484,1,150
210619,1,150
210628,1,150
210726,1,150
210824,1,150
210885,1,150
211351,1,150
211519,1,150
211624,1,150
211642,1,150
211706,1,150
211757,1,150
211915,1,150
211924,1,150
211937,1,150
212057,1,150
212101,1,150
212122,1,150
212135,1,150
212141,1,150
212265,1,150
212650,1,150
212720,1,150
212743,1,150
212797,1,150
212940,1,150
213074,1,150
213104,1,150
213184,1,150
213290,1,150
213313,1,150
213362,1,150
213435,1,150
213452,1,150
213458,1,150
213487,1,150
213493,1,150
213535,1,150
213562,1,150
213564,1,150
213570,1,150
213574,1,150
213579,1,150
213650,1,150
213666,1,150
213748,1,150
213783,1,150
213829,1,150
213851,1,150
213903,1,150
213927,1,150
213938,1,150
214011,1,150
214070,1,150
214161,1,150
214171,1,150
214261,1,150
214289,1,150
214303,1,150
214307,1,150
214540,1,150
214652,1,150
214725,1,150
214741,1,150
214792,1,150
214943,1,150
214943,1,150
214946,1,150
215028,1,150
215033,1,150
215044,1,150
215200,1,150
215295,1,150
215373,1,150
215383,1,150
215471,1,150
215519,1,150
215540,1,150
215627,1,150
215675,1,150
215676,1,150
215804,1,150
215961,1,150
215971,1,150
216054,1,150
216079,1,150
216101,1,150
216122,1,150
216142,1,150
216156,1,150
216208,1,150
216228,1,150
216263,1,150
216272,1,150
216303,1,150
216354,1,150
216409,1,150
217140,1,150
217263,1,150
217370,1,150
217442,1,150
217626,1,150
217778,1,150
217916,1,150
218001,1,150
218018,1,150
218071,1,150
218112,1,150
218218,1,150
218257,1,150
218273,1,150
218330,1,150
218344,1,150
218375,1,150
218544,1,150
218604,1,150
218649,1,150
218663,1,150
218753,1,150
218887,1,150
218908,1,150
218997,1,150
219446,1,150
219633,1,150
219862,1,150
220040,1,150
220082,1,150
220097,1,150
220114,1,150
220205,1,150
220259,1,150
220275,1,150
220301,1,150
220346,1,150
220400,1,150
220419,1,150
220433,1,150
220572,1,150
220595,1,150
220621,1,150
220643,1,150
220644,1,150
220737,1,150
220831,1,150
220837,1,150
220848,1,150
220890,1,150
220894,1,150
220908,1,150
220925,1,150
220929,1,150
221013,1,150
221087,1,150
221211,1,150
221251,1,150
221259,1,150
221285,1,150
221405,1,150
221617,1,150
221627,1,150
221680,1,150
221812,1,150
222011,1,150
222037,1,150
222066,1,150
222234,1,150
222343,1,150
222415,1,150
222466,1,150
222634,1,150
222731,1,150
222762,1,150
222923,1,150
222937,1,150
223006,1,150
223092,1,150
223104,1,150
223267,1,150
223284,1,150
223397,1,150
223513,1,150
223522,1,150
223532,1,150
223670,1,150
223695,1,150
223708,1,150
223721,1,150
223754,1,150
223759,1,150
224035,1,150
224066,1,150
224230,1,150
224246,1,150
224248,1,150
224291,1,150
224478,1,150
224540,1,150
224630,1,150
224856,1,150
224872,1,150
225002,1,150
225008,1,150
225032,1,150
225055,1,150
225071,1,150
225081,1,150
225088,1,150
225095,1,150
225135,1,150
225145,1,150
225176,1,150
225181,1,150
225224,1,150
225319,1,150
225353,1,150
225397,1,150
225465,1,150
225482,1,150
225487,1,150
225529,1,150
225530,1,150
225566,1,150
225643,1,150
225678,1,150
225731,1,150
225744,1,150
225765,1,150
225972,1,150
225986,1,150
226014,1,150
226022,1,150
226042,1,150
226049,1,150
226057,1,150
226066,1,150
226076,1,150
226084,1,150
226175,1,150
226177,1,150
226205,1,150
226223,1,150
226256,1,150
226264,1,150
226287,1,150
226291,1,150
226349,1,150
226404,1,150
226448,1,150
226524,1,150
226586,1,150
226632,1,150
226640,1,150
226673,1,150
226709,1,150
226717,1,150
226756,1,150
226773,1,150
226807,1,150
226850,1,150
226885,1,150
226896,1,150
227042,1,150
227045,1,150
227064,1,150
227101,1,150
227157,1,150
227166,1,150
227187,1,150
227227,1,150
227275,1,150
227302,1,150
227339,1,150
227398,1,150
227476,1,150
227552,1,150
227578,1,150
227640,1,150
227643,1,150
227660,1,150
227733,1,150
227748,1,150
227769,1,150
227775,1,150
227783,1,150
227820,1,150
227820,1,150
228051,1,150
228082,1,150
228147,1,150
228207,1,150
228216,1,150
228350,1,150
228396,1,150
228461,1,150
228516,1,150
228533,1,150
228649,1,150
228684,1,150
228690,1,150
228711,1,150
228832,1,150
228832,1,150
228864,1,150
228999,1,150
229000,1,150
229050,1,150
229059,1,150
229065,1,150
229075,1,150
229092,1,150
229107,1,150
229140,1,150
229157,1,150
229186,1,150
229258,1,150
229285,1,150
229294,1,150
229303,1,150
229321,1,150
229448,1,150
229485,1,150
229485,1,150
229604,1,150
229630,1,150
229641,1,150
229716,1,150
229787,1,150
229811,1,150
229910,1,150
229940,1,150
229941,1,150
229974,1,150
230020,1,150
230130,1,150
230172,1,150
230277,1,150
230488,1,150
230508,1,150
230516,1,150
230520,1,150
230569,1,150
230617,1,150
230679,1,150
230682,1,150
230818,1,150
230882,1,150
230893,1,150
230925,1,150
230943,1,150
231001,1,150
231046,1,150
231058,1,150
231065,1,150
231095,1,150
231105,1,150
231112,1,150
231113,1,150
231142,1,150
231147,1,150
231164,1,150
231174,1,150
231223,1,150
231223,1,150
231239,1,150
231281,1,150
231296,1,150
231339,1,150
231415,1,150
231441,1,150
231457,1,150
231479,1,150
231486,1,150
231488,1,150
231523,1,150
231538,1,150
231585,1,150
231640,1,150
231643,1,150
231737,1,150
231741,1,150
232048,1,150
232054,1,150
232165,1,150
232313,1,150
232324,1,150
232405,1,150
232594,1,150
232624,1,150
232716,1,150
232774,1,150
232882,1,150
232893,1,150
232905,1,150
232907,1,150
232927,1,150
233037,1,150
233097,1,150
233122,1,150
233127,1,150
233142,1,150
233174,1,150
233184,1,150
233195,1,150
233199,1,150
233215,1,150
233285,1,150
233298,1,150
233443,1,150
233450,1,150
233461,1,150
233469,1,150
233653,1,150
233706,1,150
233709,1,150
233755,1,150
233762,1,150
233808,1,150
233841,1,150
233932,1,150
233940,1,150
234002,1,150
234019,1,150
234031,1,150
234152,1,150
234201,1,150
234244,1,150
234248,1,150
234325,1,150
234352,1,150
234364,1,150
234452,1,150
234463,1,150
234470,1,150
234473,1,150
234476,1,150
234550,1,150
234600,1,150
234604,1,150
234645,1,150
235039,1,150
235052,1,150
235053,1,150
235112,1,150
235116,1,150
235128,1,150
235174,1,150
235289,1,150
235311,1,150
235330,1,150
235341,1,150
235346,1,150
235367,1,150
235409,1,150
235459,1,150
235464,1,150
235500,1,150
235664,1,150
235665,1,150
235676,1,150
235714,1,150
235729,1,150
236043,1,150
236075,1,150
236086,1,150
236090,1,150
236105,1,150
236247,1,150
236275,1,150
236292,1,150
236292,1,150
236302,1,150
236311,1,150
236387,1,150
236473,1,150
236532,1,150
236540,1,150
236584,1,150
236606,1,150
236625,1,150
236634,1,150
236663,1,150
236666,1,150
237076,1,150
237093,1,150
237110,1,150
237138,1,150
237162,1,150
237166,1,150
237169,1,150
237198,1,150
237252,1,150
237263,1,150
237266,1,150
237365,1,150
237409,1,150
237419,1,150
237440,1,150
237483,1,150
237484,1,150
237491,1,150
237571,1,150
237631,1,150
237636,1,150
237641,1,150
237645,1,150
237655,1,150
237656,1,150
237664,1,150
237673,1,150
237697,1,150
237698,1,150
237713,1,150
237748,1,150
237803,1,150
237876,1,150
237909,1,150
237964,1,150
238005,1,150
238021,1,150
238024,1,150
238024,1,150
238026,1,150
238031,1,150
238035,1,150
238039,1,150
238079,1,150
238126,1,150
238153,1,150
238211,1,150
238469,1,150
238524,1,150
238570,1,150
238580,1,150
238668,1,150
238690,1,150
238697,1,150
238794,1,150
238802,1,150
238824,1,150
238999,1,150
239000,1,150
239002,1,150
239021,1,150
239034,1,150
239039,1,150
239062,1,150
239072,1,150
239089,1,150
239124,1,150
239127,1,150
239150,1,150
239155,1,150
239178,1,150
239184,1,150
239197,1,150
239199,1,150
239223,1,150
239226,1,150
239244,1,150
239332,1,150
239473,1,150
239612,1,150
239630,1,150
239640,1,150
239641,1,150
239704,1,150
239717,1,150
239750,1,150
239823,1,150
239856,1,150
239861,1,150
239884,1,150
239887,1,150
239926,1,150
240000,1,150
240050,1,150
240110,1,150
240113,1,150
240127,1,150
240127,1,150
240127,1,150
240129,1,150
240228,1,150
240238,1,150
240277,1,150
240279,1,150
240303,1,150
240311,1,150
240357,1,150
240367,1,150
240435,1,150
240465,1,150
240578,1,150
240609,1,150
240614,1,150
240636,1,150
240643,1,150
240672,1,150
240736,1,150
240773,1,150
240790,1,150
240799,1,150
241005,1,150
241097,1,150
241110,1,150
241166,1,150
241201,1,150
241232,1,150
241251,1,150
241301,1,150
241459,1,150
241529,1,150
241604,1,150
241615,1,150
241615,1,150
241625,1,150
241710,1,150
241725,1,150
241756,1,150
241774,1,150
241896,1,150
241972,1,150
242004,1,150
242030,1,150
242040,1,150
242051,1,150
242055,1,150
242070,1,150
242088,1,150
242151,1,150
242157,1,150
242223,1,150
242439,1,150
242470,1,150
242512,1,150
242528,1,150
242530,1,150
242547,1,150
242552,1,150
242566,1,150
242568,1,150
242576,1,150
242607,1,150
242653,1,150
242688,1,150
242874,1,150
242905,1,150
242932,1,150
243025,1,150
243043,1,150
243072,1,150
243133,1,150
243155,1,150
243186,1,150
243195,1,150
243202,1,150
243232,1,150
243239,1,150
243276,1,150
243304,1,150
243341,1,150
243569,1,150
243569,1,150
243631,1,150
243865,1,150
243924,1,150
243974,1,150
243987,1,150
244002,1,150
244005,1,150
244063,1,150
244072,1,150
244073,1,150
244079,1,150
244101,1,150
244103,1,150
244130,1,150
244130,1,150
244136,1,150
244164,1,150
244241,1,150
244262,1,150
244298,1,150
244330,1,150
244357,1,150
244368,1,150
244399,1,150
244414,1,150
244502,1,150
244508,1,150
244522,1,150
244525,1,150
244537,1,150
244561,1,150
244576,1,150
244591,1,150
244685,1,150
244696,1,150
244716,1,150
244779,1,150
244818,1,150
244818,1,150
244956,1,150
245008,1,150
245064,1,150
245082,1,150
245143,1,150
245172,1,150
245225,1,150
245236,1,150
245396,1,150
245522,1,150
245558,1,150
245561,1,150
245663,1,150
245746,1,150
245870,1,150
245892,1,150
245898,1,150
245950,1,150
245979,1,150
246007,1,150
246067,1,150
246069,1,150
246071,1,150
246074,1,150
246095,1,150
246124,1,150
246164,1,150
246237,1,150
246255,1,150
246266,1,150
246282,1,150
246283,1,150
246284,1,150
246294,1,150
246328,1,150
246341,1,150
246358,1,150
246461,1,150
246521,1,150
246537,1,150
246576,1,150
246576,1,150
246615,1,150
246700,1,150
246829,1,150
247038,1,150
247047,1,150
247107,1,150
247112,1,150
247122,1,150
247136,1,150
247180,1,150
247183,1,150
247356,1,150
247374,1,150
247377,1,150
247424,1,150
247463,1,150
247525,1,150
247812,1,150
247814,1,150
247894,1,150
247928,1,150
247937,1,150
247965,1,150
248000,1,150
248081,1,150
248086,1,150
248138,1,150
248180,1,150
248220,1,150
248380,1,150
248446,1,150
248457,1,150
248553,1,150
248632,1,150
248711,1,150
248834,1,150
248877,1,150
248890,1,150
248932,1,150
248943,1,150
249030,1,150
249038,1,150
249043,1,150
249052,1,150
249088,1,150
249106,1,150
249126,1,150
249202,1,150
249294,1,150
249296,1,150
249348,1,150
249382,1,150
249443,1,150
249448,1,150
249493,1,150
249548,1,150
249580,1,150
249628,1,150
249638,1,150
249646,1,150
249669,1,150
249737,1,150
249746,1,150
249756,1,150
249803,1,150
249864,1,150
249887,1,150
249931,1,150
249943,1,150
249957,1,150
249968,1,150
249976,1,150
249980,1,150
250051,1,150
250067,1,150
250093,1,150
250127,1,150
250150,1,150
250178,1,150
250195,1,150
250271,1,150
250299,1,150
250400,1,150
250440,1,150
250551,1,150
250674,1,150
250695,1,150
250799,1,150
250822,1,150
250935,1,150
250957,1,150
251031,1,150
251125,1,150
251129,1,150
251134,1,150
251137,1,150
251142,1,150
251171,1,150
251180,1,150
251239,1,150
251240,1,150
251302,1,150
251344,1,150
251348,1,150
251440,1,150
251462,1,150
251489,1,150
251588,1,150
251599,1,150
251651,1,150
251741,1,150
251782,1,150
251950,1,150
252033,1,150
252101,1,150
252220,1,150
252385,1,150
252414,1,150
252431,1,150
252447,1,150
252494,1,150
252681,1,150
252743,1,150
252771,1,150
252773,1,150
252822,1,150
252828,1,150
252840,1,150
252849,1,150
252939,1,150
252945,1,150
252960,1,150
253010,1,150
253079,1,150
253097,1,150
253207,1,150
253207,1,150
253209,1,150
253214,1,150
253238,1,150
253262,1,150
253286,1,150
253453,1,150
253486,1,150
253530,1,150
253585,1,150
253607,1,150
253631,1,150
253822,1,150
253985,1,150
254000,1,150
254014,1,150
254047,1,150
254049,1,150
254063,1,150
254211,1,150
254222,1,150
254256,1,150
254303,1,150
254346,1,150
254476,1,150
254578,1,150
254641,1,150
254769,1,150
254779,1,150
254786,1,150
254791,1,150
254833,1,150
254880,1,150
254881,1,150
255112,1,150
255138,1,150
255164,1,150
255185,1,150
255204,1,150
255228,1,150
255253,1,150
255258,1,150
255330,1,150
255349,1,150
255416,1,150
255437,1,150
255481,1,150
255491,1,150
255582,1,150
255657,1,150
255783,1,150
255854,1,150
255887,1,150
255939,1,150
255942,1,150
256005,1,150
256020,1,150
256023,1,150
256032,1,150
256058,1,150
256078,1,150
256082,1,150
256106,1,150
256107,1,150
256139,1,150
256195,1,150
256243,1,150
256248,1,150
256388,1,150
256407,1,150
256486,1,150
256491,1,150
256667,1,150
256688,1,150
256707,1,150
256732,1,150
256740,1,150
256783,1,150
256879,1,150
256900,1,150
256927,1,150
256947,1,150
256964,1,150
257111,1,150
257117,1,150
257169,1,150
257223,1,150
257294,1,150
257309,1,150
257385,1,150
257386,1,150
257431,1,150
257437,1,150
257488,1,150
257544,1,150
257627,1,150
257722,1,150
257732,1,150
257754,1,150
257780,1,150
257813,1,150
258031,1,150
258081,1,150
258125,1,150
258183,1,150
258267,1,150
258279,1,150
258300,1,150
258343,1,150
258357,1,150
258360,1,150
258370,1,150
258440,1,150
258444,1,150
258478,1,150
258615,1,150
258672,1,150
258856,1,150
258858,1,150
258860,1,150
259006,1,150
259007,1,150
259009,1,150
259016,1,150
259173,1,150
259180,1,150
259193,1,150
259254,1,150
259254,1,150
259270,1,150
259345,1,150
259426,1,150
259464,1,150
259470,1,150
259723,1,150
259778,1,150
259797,1,150
259948,1,150
260031,1,150
260040,1,150
260056,1,150
260111,1,150
260164,1,150
260169,1,150
260171,1,150
260262,1,150
260287,1,150
260287,1,150
260407,1,150
260441,1,150
260445,1,150
260597,1,150
260697,1,150
260751,1,150
260777,1,150
261030,1,150
261032,1,150
261056,1,150
261095,1,150
261124,1,150
261301,1,150
261337,1,150
261407,1,150
261409,1,150
261460,1,150
261517,1,150
261558,1,150
261635,1,150
261656,1,150
261659,1,150
261701,1,150
261711,1,150
261722,1,150
261906,1,150
261963,1,150
261980,1,150
262005,1,150
262029,1,150
262058,1,150
262063,1,150
262147,1,150
262153,1,150
262187,1,150
262231,1,150
262240,1,150
262284,1,150
262307,1,150
262313,1,150
262316,1,150
262507,1,150
262658,1,150
262727,1,150
262843,1,150
262861,1,150
263088,1,150
263130,1,150
263450,1,150
263581,1,150
263698,1,150
264023,1,150
264052,1,150
264062,1,150
264074,1,150
264111,1,150
264116,1,150
264123,1,150
264124,1,150
264150,1,150
264179,1,150
264195,1,150
264201,1,150
264201,1,150
264214,1,150
264239,1,150
264259,1,150
264262,1,150
264319,1,150
264481,1,150
264517,1,150
264588,1,150
264766,1,150
264899,1,150
264927,1,150
264932,1,150
264966,1,150
265286,1,150
265461,1,150
265463,1,150
265589,1,150
266123,1,150
266204,1,150
266273,1,150
266283,1,150
266325,1,150
266332,1,150
266374,1,150
266389,1,150
266397,1,150
266520,1,150
266527,1,150
266586,1,150
266652,1,150
266754,1,150
266820,1,150
266850,1,150
266902,1,150
266942,1,150
267252,1,150
267268,1,150
267603,1,150
267605,1,150
267620,1,150
267794,1,150
267837,1,150
267910,1,150
268060,1,150
268099,1,150
268105,1,150
268149,1,150
268156,1,150
268323,1,150
268424,1,150
268588,1,150
268612,1,150
268659,1,150
268782,1,150
268942,1,150
269004,1,150
269100,1,150
269101,1,150
269119,1,150
269233,1,150
269241,1,150
269266,1,150
269291,1,150
269588,1,150
269593,1,150
270248,1,150
270305,1,150
270462,1,150
270501,1,150
270519,1,150
270527,1,150
270536,1,150
271078,1,150
271242,1,150
271264,1,150
271400,1,150
271436,1,150
271575,1,150
271979,1,150
272077,1,150
272089,1,150
272173,1,150
272310,1,150
272890,1,150
273134,1,150
273245,1,150
273298,1,150
273557,1,150
273561,1,150
273788,1,150
273793,1,150
274065,1,150
274107,1,150
274125,1,150
274130,1,150
274143,1,150
274148,1,150
274232,1,150
274319,1,150
274432,1,150
274658,1,150
275104,1,150
275205,1,150
275444,1,150
275786,1,150
275801,1,150
275830,1,150
275867,1,150
276031,1,150
276240,1,150
276687,1,150
276840,1,150
276934,1,150
277323,1,150
277472,1,150
277518,1,150
277840,1,150
277999,1,150
278090,1,150
278168,1,150
278436,1,150
278940,1,150
279011,1,150
279290,1,150
279384,1,150
279481,1,150
279639,1,150
280030,1,150
280495,1,150
280702,1,150
280853,1,150
281226,1,150
281354,1,150
281379,1,150
281561,1,150
281655,1,150
281881,1,150
282213,1,150
282227,1,150
282366,1,150
282707,1,150
282804,1,150
282873,1,150
282873,1,150
282978,1,150
283127,1,150
283389,1,150
283719,1,150
283723,1,150
283816,1,150
283822,1,150
284027,1,150
284041,1,150
284068,1,150
284076,1,150
284078,1,150
284141,1,150
284146,1,150
284204,1,150
284228,1,150
284314,1,150
284317,1,150
284339,1,150
284365,1,150
284381,1,150
284450,1,150
284475,1,150
284490,1,150
284529,1,150
284534,1,150
284549,1,150
284558,1,150
284710,1,150
284872,1,150
285214,1,150
285301,1,150
285309,1,150
285381,1,150
285707,1,150
285813,1,150
286016,1,150
286110,1,150
286148,1,150
286154,1,150
286229,1,150
286524,1,150
287094,1,150
287230,1,150
287562,1,150
287638,1,150
287889,1,150
288101,1,150
288228,1,150
288258,1,150
288277,1,150
288623,1,150
288627,1,150
288722,1,150
288723,1,150
289441,1,150
289897,1,150
290001,1,150
290004,1,150
290111,1,150
290442,1,150
290474,1,150
290479,1,150
290582,1,150
290790,1,150
291202,1,150
