139,1,113
167,1,113
179,1,113
298,1,113
314,1,113
751,1,113
786,1,113
802,1,113
819,1,113
1089,1,113
1370,1,113
1692,1,113
1953,1,113
2016,1,113
2021,1,113
2066,1,113
2337,1,113
2490,1,113
2548,1,113
2754,1,113
2856,1,113
3023,1,113
3238,1,113
3277,1,113
3420,1,113
3420,1,113
3525,1,113
3916,1,113
4073,1,113
4108,1,113
4176,1,113
4194,1,113
4267,1,113
4314,1,113
4358,1,113
4506,1,113
4582,1,113
4930,1,113
5009,1,113
5094,1,113
5406,1,113
5436,1,113
5466,1,113
5549,1,113
5553,1,113
6404,1,113
6430,1,113
6883,1,113
7070,1,113
7195,1,113
7237,1,113
7364,1,113
7369,1,113
7704,1,113
7792,1,113
7913,1,113
8162,1,113
8251,1,113
8282,1,113
8339,1,113
8676,1,113
9056,1,113
9101,1,113
9105,1,113
9173,1,113
9187,1,113
9267,1,113
9280,1,113
9304,1,113
9308,1,113
9484,1,113
9524,1,113
9544,1,113
9579,1,113
9590,1,113
9599,1,113
9647,1,113
9694,1,113
9825,1,113
10003,1,113
10068,1,113
10143,1,113
10304,1,113
10616,1,113
10704,1,113
10709,1,113
10766,1,113
10869,1,113
10991,1,113
11086,1,113
11092,1,113
11364,1,113
11367,1,113
11410,1,113
11495,1,113
11632,1,113
11684,1,113
11868,1,113
12276,1,113
12398,1,113
12407,1,113
12432,1,113
12526,1,113
12659,1,113
13013,1,113
13016,1,113
13094,1,113
13143,1,113
13743,1,113
13863,1,113
14013,1,113
14187,1,113
14318,1,113
14356,1,113
14431,1,113
14469,1,113
14512,1,113
14514,1,113
14581,1,113
14620,1,113
14679,1,113
14748,1,113
14852,1,113
14895,1,113
14959,1,113
15095,1,113
15284,1,113
15288,1,113
15342,1,113
15570,1,113
15770,1,113
16060,1,113
16166,1,113
16253,1,113
16280,1,113
16346,1,113
16453,1,113
16633,1,113
16830,1,113
16837,1,113
16983,1,113
17275,1,113
17934,1,113
18216,1,113
19176,1,113
19226,1,113
19452,1,113
19556,1,113
20236,1,113
20243,1,113
20361,1,113
20470,1,113
21045,1,113
21079,1,113
21096,1,113
21126,1,113
21185,1,113
21251,1,113
21255,1,113
21429,1,113
21478,1,113
21543,1,113
21683,1,113
21684,1,113
21869,1,113
21891,1,113
21927,1,113
21941,1,113
22001,1,113
22065,1,113
22157,1,113
22199,1,113
22209,1,113
22210,1,113
22279,1,113
22324,1,113
22351,1,113
22394,1,113
22428,1,113
22440,1,113
22442,1,113
22589,1,113
22708,1,113
22744,1,113
23057,1,113
23116,1,113
23396,1,113
23620,1,113
23733,1,113
23899,1,113
24009,1,113
24134,1,113
24159,1,113
24169,1,113
24258,1,113
24259,1,113
24412,1,113
24493,1,113
24509,1,113
24553,1,113
24581,1,113
25051,1,113
25186,1,113
25304,1,113
25318,1,113
25335,1,113
25347,1,113
25396,1,113
25425,1,113
25649,1,113
25739,1,113
25773,1,113
26244,1,113
26539,1,113
26618,1,113
27013,1,113
27041,1,113
27063,1,113
27072,1,113
27076,1,113
27144,1,113
27174,1,113
27251,1,113
27326,1,113
27459,1,113
27724,1,113
27860,1,113
27917,1,113
28032,1,113
28050,1,113
28235,1,113
28297,1,113
28365,1,113
28396,1,113
28771,1,113
29065,1,113
29078,1,113
29139,1,113
29215,1,113
29289,1,113
29301,1,113
29307,1,113
29368,1,113
29379,1,113
29500,1,113
29511,1,113
29749,1,113
29955,1,113
29967,1,113
30004,1,113
30063,1,113
30150,1,113
30178,1,113
30259,1,113
30368,1,113
31255,1,113
31255,1,113
31485,1,113
31503,1,113
31948,1,113
32122,1,113
32310,1,113
32337,1,113
32345,1,113
32397,1,113
32942,1,113
33052,1,113
33085,1,113
33134,1,113
33249,1,113
33278,1,113
33393,1,113
33433,1,113
33450,1,113
33496,1,113
33505,1,113
33562,1,113
33564,1,113
33569,1,113
33575,1,113
33585,1,113
33588,1,113
33629,1,113
33682,1,113
33691,1,113
33723,1,113
33920,1,113
33958,1,113
33998,1,113
34005,1,113
34007,1,113
34042,1,113
34051,1,113
34110,1,113
34195,1,113
34229,1,113
34234,1,113
34238,1,113
34245,1,113
34268,1,113
34361,1,113
34406,1,113
34447,1,113
34473,1,113
34501,1,113
34509,1,113
34625,1,113
34823,1,113
34853,1,113
34886,1,113
35025,1,113
35055,1,113
35097,1,113
35280,1,113
35408,1,113
35574,1,113
35763,1,113
35930,1,113
35932,1,113
36017,1,113
36113,1,113
36138,1,113
36193,1,113
36193,1,113
36194,1,113
36222,1,113
36284,1,113
36467,1,113
36490,1,113
36563,1,113
36673,1,113
36675,1,113
36776,1,113
36783,1,113
36873,1,113
36916,1,113
36933,1,113
36952,1,113
37152,1,113
37198,1,113
37204,1,113
37300,1,113
37359,1,113
37397,1,113
37418,1,113
37534,1,113
37658,1,113
38010,1,113
38012,1,113
38040,1,113
38080,1,113
38135,1,113
38217,1,113
38225,1,113
38269,1,113
38446,1,113
38558,1,113
38626,1,113
38648,1,113
38737,1,113
39148,1,113
39160,1,113
39247,1,113
39248,1,113
39317,1,113
39708,1,113
39809,1,113
39856,1,113
39897,1,113
40012,1,113
40024,1,113
40048,1,113
40058,1,113
40109,1,113
40134,1,113
40168,1,113
40174,1,113
40180,1,113
40346,1,113
40398,1,113
40520,1,113
40529,1,113
40557,1,113
40692,1,113
40694,1,113
40861,1,113
40909,1,113
40918,1,113
41089,1,113
41290,1,113
41372,1,113
41503,1,113
41531,1,113
41535,1,113
41703,1,113
41708,1,113
41712,1,113
41784,1,113
41790,1,113
41843,1,113
42063,1,113
42250,1,113
42463,1,113
42549,1,113
42550,1,113
42706,1,113
42755,1,113
42820,1,113
42950,1,113
43020,1,113
43030,1,113
43040,1,113
43045,1,113
43193,1,113
43345,1,113
43738,1,113
43759,1,113
43783,1,113
43982,1,113
43992,1,113
44029,1,113
44091,1,113
44210,1,113
44411,1,113
44420,1,113
44491,1,113
44519,1,113
44632,1,113
45025,1,113
45048,1,113
45049,1,113
45059,1,113
45104,1,113
45109,1,113
45109,1,113
45118,1,113
45173,1,113
45191,1,113
45195,1,113
45215,1,113
45238,1,113
45277,1,113
45280,1,113
45282,1,113
45360,1,113
45361,1,113
45374,1,113
45395,1,113
45404,1,113
45478,1,113
45533,1,113
45545,1,113
45562,1,113
45578,1,113
45587,1,113
45616,1,113
45617,1,113
45661,1,113
45704,1,113
45800,1,113
45818,1,113
45851,1,113
45874,1,113
45911,1,113
45938,1,113
46031,1,113
46035,1,113
46080,1,113
46105,1,113
46202,1,113
46269,1,113
46301,1,113
46345,1,113
46373,1,113
46440,1,113
46471,1,113
46489,1,113
46510,1,113
46530,1,113
46656,1,113
46680,1,113
46686,1,113
46716,1,113
46776,1,113
46823,1,113
46831,1,113
46866,1,113
46876,1,113
46934,1,113
46985,1,113
46997,1,113
47037,1,113
47044,1,113
47065,1,113
47086,1,113
47188,1,113
47200,1,113
47308,1,113
47321,1,113
47350,1,113
47381,1,113
47398,1,113
47400,1,113
47501,1,113
47555,1,113
47618,1,113
47647,1,113
47673,1,113
47718,1,113
47738,1,113
47785,1,113
47791,1,113
47791,1,113
47862,1,113
47891,1,113
47901,1,113
48002,1,113
48040,1,113
48059,1,113
48157,1,113
48176,1,113
48220,1,113
48229,1,113
48302,1,113
48331,1,113
48368,1,113
48514,1,113
48590,1,113
48626,1,113
48635,1,113
48662,1,113
48829,1,113
48831,1,113
48831,1,113
48859,1,113
48880,1,113
48918,1,113
48990,1,113
49007,1,113
49032,1,113
49037,1,113
49052,1,113
49074,1,113
49081,1,113
49193,1,113
49295,1,113
49298,1,113
49315,1,113
49498,1,113
49589,1,113
49708,1,113
49780,1,113
49791,1,113
49809,1,113
49898,1,113
49901,1,113
49903,1,113
49918,1,113
49936,1,113
49940,1,113
49962,1,113
49968,1,113
50004,1,113
50122,1,113
50136,1,113
50143,1,113
50195,1,113
50226,1,113
50228,1,113
50241,1,113
50324,1,113
50427,1,113
50473,1,113
50500,1,113
50588,1,113
50631,1,113
50634,1,113
50652,1,113
50660,1,113
50670,1,113
50697,1,113
50720,1,113
50760,1,113
50855,1,113
50870,1,113
50913,1,113
51028,1,113
51028,1,113
51039,1,113
51044,1,113
51126,1,113
51183,1,113
51211,1,113
51282,1,113
51340,1,113
51485,1,113
51505,1,113
51580,1,113
51604,1,113
51810,1,113
51881,1,113
51964,1,113
51975,1,113
52037,1,113
52051,1,113
52062,1,113
52087,1,113
52100,1,113
52116,1,113
52139,1,113
52169,1,113
52192,1,113
52195,1,113
52213,1,113
52217,1,113
52219,1,113
52274,1,113
52293,1,113
52339,1,113
52380,1,113
52411,1,113
52474,1,113
52510,1,113
52533,1,113
52560,1,113
52683,1,113
52795,1,113
52862,1,113
52974,1,113
53061,1,113
53078,1,113
53117,1,113
53123,1,113
53160,1,113
53164,1,113
53208,1,113
53237,1,113
53241,1,113
53242,1,113
53304,1,113
53311,1,113
53315,1,113
53315,1,113
53321,1,113
53338,1,113
53342,1,113
53345,1,113
53371,1,113
53440,1,113
53508,1,113
53528,1,113
53555,1,113
53617,1,113
53680,1,113
53693,1,113
53741,1,113
53861,1,113
54010,1,113
54065,1,113
54084,1,113
54092,1,113
54111,1,113
54120,1,113
54383,1,113
54401,1,113
54411,1,113
54473,1,113
54575,1,113
54631,1,113
54690,1,113
54711,1,113
54716,1,113
54738,1,113
54760,1,113
54766,1,113
54779,1,113
55055,1,113
55071,1,113
55149,1,113
55290,1,113
55328,1,113
55335,1,113
55358,1,113
55368,1,113
55459,1,113
55511,1,113
55522,1,113
55545,1,113
55549,1,113
55625,1,113
55636,1,113
55651,1,113
55666,1,113
55691,1,113
55705,1,113
55791,1,113
55823,1,113
55907,1,113
55946,1,113
55995,1,113
56000,1,113
56011,1,113
56035,1,113
56095,1,113
56125,1,113
56144,1,113
56187,1,113
56199,1,113
56249,1,113
56304,1,113
56305,1,113
56317,1,113
56344,1,113
56445,1,113
56451,1,113
56457,1,113
56480,1,113
56540,1,113
56608,1,113
56729,1,113
56829,1,113
56844,1,113
57007,1,113
57033,1,113
57038,1,113
57113,1,113
57159,1,113
57193,1,113
57194,1,113
57196,1,113
57303,1,113
57308,1,113
57324,1,113
57326,1,113
57343,1,113
57352,1,113
57358,1,113
57383,1,113
57385,1,113
57427,1,113
57429,1,113
57438,1,113
57445,1,113
57453,1,113
57530,1,113
57533,1,113
57566,1,113
57602,1,113
57606,1,113
57661,1,113
57668,1,113
57673,1,113
57682,1,113
57709,1,113
57739,1,113
57752,1,113
57784,1,113
57882,1,113
57919,1,113
57939,1,113
57947,1,113
58001,1,113
58006,1,113
58042,1,113
58052,1,113
58059,1,113
58075,1,113
58080,1,113
58090,1,113
58176,1,113
58187,1,113
58214,1,113
58250,1,113
58269,1,113
58297,1,113
58301,1,113
58359,1,113
58408,1,113
58409,1,113
58535,1,113
58540,1,113
58577,1,113
58584,1,113
58590,1,113
58599,1,113
58613,1,113
58641,1,113
58683,1,113
58685,1,113
58740,1,113
58760,1,113
58769,1,113
58823,1,113
58829,1,113
58844,1,113
58850,1,113
58901,1,113
58915,1,113
58927,1,113
59018,1,113
59084,1,113
59095,1,113
59200,1,113
59239,1,113
59251,1,113
59260,1,113
59286,1,113
59321,1,113
59356,1,113
59373,1,113
59424,1,113
59434,1,113
59462,1,113
59492,1,113
59493,1,113
59514,1,113
59522,1,113
59526,1,113
59546,1,113
59569,1,113
59579,1,113
59640,1,113
59684,1,113
59712,1,113
59737,1,113
59838,1,113
59880,1,113
59928,1,113
59976,1,113
60040,1,113
60047,1,113
60096,1,113
60134,1,113
60149,1,113
60174,1,113
60187,1,113
60236,1,113
60238,1,113
60249,1,113
60282,1,113
60293,1,113
60302,1,113
60320,1,113
60332,1,113
60367,1,113
60414,1,113
60437,1,113
60456,1,113
60461,1,113
60490,1,113
60548,1,113
60565,1,113
60583,1,113
60618,1,113
60626,1,113
60636,1,113
60647,1,113
60675,1,113
60692,1,113
60744,1,113
60753,1,113
61029,1,113
61041,1,113
61140,1,113
61268,1,113
61270,1,113
61274,1,113
61282,1,113
61297,1,113
61326,1,113
61328,1,113
61337,1,113
61351,1,113
61366,1,113
61369,1,113
61404,1,113
61409,1,113
61417,1,113
61427,1,113
61477,1,113
61487,1,113
61514,1,113
61539,1,113
61542,1,113
61587,1,113
61620,1,113
61652,1,113
61718,1,113
61725,1,113
61739,1,113
61745,1,113
61824,1,113
61829,1,113
62094,1,113
62114,1,113
62138,1,113
62157,1,113
62171,1,113
62182,1,113
62233,1,113
62322,1,113
62361,1,113
62370,1,113
62371,1,113
62381,1,113
62399,1,113
62418,1,113
62460,1,113
62466,1,113
62481,1,113
62485,1,113
62506,1,113
62513,1,113
62522,1,113
62525,1,113
62564,1,113
62571,1,113
62648,1,113
62701,1,113
62717,1,113
62722,1,113
62757,1,113
62807,1,113
62822,1,113
62899,1,113
63025,1,113
63033,1,113
63039,1,113
63045,1,113
63096,1,113
63107,1,113
63178,1,113
63211,1,113
63220,1,113
63338,1,113
63410,1,113
63411,1,113
63447,1,113
63490,1,113
63501,1,113
63507,1,113
63514,1,113
63540,1,113
63577,1,113
63581,1,113
63641,1,113
63710,1,113
63795,1,113
63933,1,113
63945,1,113
63947,1,113
63950,1,113
63982,1,113
64009,1,113
64014,1,113
64025,1,113
64026,1,113
64056,1,113
64070,1,113
64091,1,113
64091,1,113
64110,1,113
64112,1,113
64124,1,113
64139,1,113
64172,1,113
64180,1,113
64271,1,113
64294,1,113
64419,1,113
64424,1,113
64453,1,113
64507,1,113
64570,1,113
64653,1,113
64687,1,113
64728,1,113
64756,1,113
64758,1,113
64899,1,113
64958,1,113
64967,1,113
64967,1,113
65010,1,113
65052,1,113
65076,1,113
65090,1,113
65116,1,113
65127,1,113
65152,1,113
65162,1,113
65164,1,113
65175,1,113
65318,1,113
65320,1,113
65350,1,113
65377,1,113
65391,1,113
65399,1,113
65461,1,113
65461,1,113
65494,1,113
65504,1,113
65564,1,113
65568,1,113
65621,1,113
65672,1,113
65685,1,113
65688,1,113
65698,1,113
65714,1,113
65722,1,113
65747,1,113
65755,1,113
65797,1,113
65812,1,113
65813,1,113
65826,1,113
65935,1,113
66002,1,113
66018,1,113
66025,1,113
66043,1,113
66092,1,113
66137,1,113
66211,1,113
66215,1,113
66218,1,113
66229,1,113
66244,1,113
66263,1,113
66293,1,113
66306,1,113
66320,1,113
66358,1,113
66363,1,113
66368,1,113
66382,1,113
66396,1,113
66485,1,113
66496,1,113
66503,1,113
66613,1,113
66616,1,113
66663,1,113
66694,1,113
66694,1,113
66744,1,113
66818,1,113
66832,1,113
67004,1,113
67014,1,113
67069,1,113
67077,1,113
67096,1,113
67135,1,113
67167,1,113
67206,1,113
67219,1,113
67234,1,113
67241,1,113
67277,1,113
67284,1,113
67299,1,113
67321,1,113
67348,1,113
67412,1,113
67423,1,113
67428,1,113
67467,1,113
67552,1,113
67643,1,113
67672,1,113
67688,1,113
67698,1,113
67773,1,113
67791,1,113
67813,1,113
67817,1,113
67972,1,113
68070,1,113
68121,1,113
68172,1,113
68177,1,113
68238,1,113
68275,1,113
68291,1,113
68298,1,113
68331,1,113
68335,1,113
68370,1,113
68412,1,113
68440,1,113
68460,1,113
68480,1,113
68497,1,113
68548,1,113
68606,1,113
68612,1,113
68645,1,113
68651,1,113
68654,1,113
68729,1,113
68737,1,113
68779,1,113
68794,1,113
68825,1,113
68825,1,113
68889,1,113
68929,1,113
68981,1,113
69000,1,113
69000,1,113
69027,1,113
69031,1,113
69079,1,113
69096,1,113
69099,1,113
69112,1,113
69118,1,113
69125,1,113
69128,1,113
69154,1,113
69173,1,113
69181,1,113
69193,1,113
69194,1,113
69222,1,113
69241,1,113
69247,1,113
69263,1,113
69268,1,113
69322,1,113
69361,1,113
69419,1,113
69447,1,113
69449,1,113
69453,1,113
69461,1,113
69463,1,113
69477,1,113
69480,1,113
69487,1,113
69506,1,113
69516,1,113
69541,1,113
69550,1,113
69560,1,113
69604,1,113
69635,1,113
69670,1,113
69671,1,113
69675,1,113
69686,1,113
69687,1,113
69727,1,113
69739,1,113
69749,1,113
69760,1,113
69764,1,113
69767,1,113
69774,1,113
69781,1,113
69799,1,113
69822,1,113
69859,1,113
69885,1,113
69901,1,113
69913,1,113
69915,1,113
69931,1,113
69933,1,113
69945,1,113
70002,1,113
70004,1,113
70004,1,113
70029,1,113
70030,1,113
70040,1,113
70042,1,113
70088,1,113
70130,1,113
70139,1,113
70145,1,113
70149,1,113
70166,1,113
70174,1,113
70185,1,113
70207,1,113
70228,1,113
70230,1,113
70245,1,113
70286,1,113
70306,1,113
70344,1,113
70375,1,113
70378,1,113
70477,1,113
70511,1,113
70512,1,113
70515,1,113
70523,1,113
70529,1,113
70539,1,113
70631,1,113
70641,1,113
70671,1,113
70706,1,113
70724,1,113
70731,1,113
70761,1,113
70781,1,113
70838,1,113
70848,1,113
70875,1,113
70881,1,113
70905,1,113
70908,1,113
70919,1,113
70931,1,113
70938,1,113
71039,1,113
71056,1,113
71061,1,113
71083,1,113
71100,1,113
71132,1,113
71161,1,113
71173,1,113
71223,1,113
71227,1,113
71227,1,113
71248,1,113
71260,1,113
71316,1,113
71316,1,113
71321,1,113
71336,1,113
71368,1,113
71383,1,113
71389,1,113
71468,1,113
71482,1,113
71504,1,113
71513,1,113
71547,1,113
71560,1,113
71639,1,113
71667,1,113
71718,1,113
71750,1,113
71763,1,113
71816,1,113
71821,1,113
71865,1,113
71874,1,113
71957,1,113
72003,1,113
72016,1,113
72030,1,113
72036,1,113
72061,1,113
72071,1,113
72130,1,113
72138,1,113
72147,1,113
72151,1,113
72154,1,113
72199,1,113
72208,1,113
72231,1,113
72263,1,113
72266,1,113
72269,1,113
72292,1,113
72323,1,113
72326,1,113
72328,1,113
72329,1,113
72361,1,113
72374,1,113
72410,1,113
72418,1,113
72457,1,113
72470,1,113
72614,1,113
72635,1,113
72638,1,113
72643,1,113
72644,1,113
72650,1,113
72677,1,113
72681,1,113
72685,1,113
72694,1,113
72751,1,113
72776,1,113
72779,1,113
72797,1,113
72800,1,113
72820,1,113
72877,1,113
72912,1,113
72922,1,113
72923,1,113
72949,1,113
72968,1,113
72969,1,113
72989,1,113
72998,1,113
73000,1,113
73000,1,113
73003,1,113
73009,1,113
73010,1,113
73012,1,113
73016,1,113
73020,1,113
73037,1,113
73071,1,113
73087,1,113
73163,1,113
73195,1,113
73252,1,113
73260,1,113
73263,1,113
73279,1,113
73326,1,113
73330,1,113
73357,1,113
73361,1,113
73392,1,113
73394,1,113
73418,1,113
73477,1,113
73499,1,113
73541,1,113
73543,1,113
73547,1,113
73565,1,113
73631,1,113
73696,1,113
73706,1,113
73744,1,113
73746,1,113
73878,1,113
73890,1,113
73898,1,113
73947,1,113
73950,1,113
73974,1,113
73989,1,113
74016,1,113
74029,1,113
74043,1,113
74061,1,113
74061,1,113
74065,1,113
74065,1,113
74067,1,113
74080,1,113
74086,1,113
74090,1,113
74124,1,113
74126,1,113
74134,1,113
74160,1,113
74182,1,113
74231,1,113
74246,1,113
74250,1,113
74256,1,113
74274,1,113
74280,1,113
74283,1,113
74347,1,113
74370,1,113
74373,1,113
74375,1,113
74386,1,113
74443,1,113
74451,1,113
74465,1,113
74473,1,113
74482,1,113
74484,1,113
74495,1,113
74557,1,113
74578,1,113
74633,1,113
74663,1,113
74686,1,113
74687,1,113
74729,1,113
74732,1,113
74744,1,113
74747,1,113
74752,1,113
74759,1,113
74792,1,113
74802,1,113
74803,1,113
74832,1,113
75030,1,113
75039,1,113
75069,1,113
75071,1,113
75077,1,113
75133,1,113
75136,1,113
75145,1,113
75158,1,113
75164,1,113
75170,1,113
75175,1,113
75180,1,113
75204,1,113
75219,1,113
75223,1,113
75226,1,113
75232,1,113
75276,1,113
75324,1,113
75350,1,113
75354,1,113
75380,1,113
75410,1,113
75428,1,113
75445,1,113
75467,1,113
75479,1,113
75536,1,113
75547,1,113
75550,1,113
75569,1,113
75574,1,113
75617,1,113
75620,1,113
75632,1,113
75658,1,113
75659,1,113
75670,1,113
75683,1,113
75697,1,113
75716,1,113
75752,1,113
75759,1,113
75787,1,113
76004,1,113
76019,1,113
76039,1,113
76040,1,113
76040,1,113
76070,1,113
76097,1,113
76101,1,113
76126,1,113
76150,1,113
76185,1,113
76187,1,113
76189,1,113
76195,1,113
76201,1,113
76210,1,113
76211,1,113
76218,1,113
76223,1,113
76225,1,113
76240,1,113
76245,1,113
76281,1,113
76295,1,113
76348,1,113
76382,1,113
76400,1,113
76412,1,113
76413,1,113
76473,1,113
76488,1,113
76491,1,113
76510,1,113
76538,1,113
76568,1,113
76627,1,113
76687,1,113
76772,1,113
76778,1,113
76795,1,113
76800,1,113
76812,1,113
76831,1,113
76876,1,113
77061,1,113
77072,1,113
77090,1,113
77114,1,113
77170,1,113
77170,1,113
77173,1,113
77191,1,113
77240,1,113
77255,1,113
77256,1,113
77299,1,113
77341,1,113
77353,1,113
77369,1,113
77396,1,113
77399,1,113
77400,1,113
77402,1,113
77444,1,113
77459,1,113
77506,1,113
77525,1,113
77554,1,113
77591,1,113
77593,1,113
77640,1,113
77664,1,113
77686,1,113
77746,1,113
77766,1,113
77804,1,113
77807,1,113
77814,1,113
77818,1,113
77881,1,113
77884,1,113
77932,1,113
77946,1,113
77978,1,113
77984,1,113
77999,1,113
78046,1,113
78055,1,113
78060,1,113
78062,1,113
78092,1,113
78099,1,113
78115,1,113
78120,1,113
78138,1,113
78147,1,113
78153,1,113
78186,1,113
78186,1,113
78187,1,113
78233,1,113
78238,1,113
78248,1,113
78271,1,113
78340,1,113
78376,1,113
78402,1,113
78452,1,113
78468,1,113
78498,1,113
78511,1,113
78522,1,113
78524,1,113
78548,1,113
78549,1,113
78582,1,113
78623,1,113
78673,1,113
78674,1,113
78708,1,113
78740,1,113
78747,1,113
78757,1,113
78791,1,113
78815,1,113
78833,1,113
78846,1,113
78851,1,113
78858,1,113
78906,1,113
78913,1,113
78918,1,113
79007,1,113
79064,1,113
79114,1,113
79121,1,113
79187,1,113
79190,1,113
79255,1,113
79277,1,113
79293,1,113
79293,1,113
79349,1,113
79367,1,113
79390,1,113
79473,1,113
79487,1,113
79512,1,113
79582,1,113
79616,1,113
79628,1,113
79631,1,113
79632,1,113
79670,1,113
79727,1,113
79739,1,113
79786,1,113
79839,1,113
79850,1,113
79881,1,113
79959,1,113
79964,1,113
79964,1,113
79990,1,113
79993,1,113
80001,1,113
80003,1,113
80019,1,113
80023,1,113
80055,1,113
80059,1,113
80065,1,113
80070,1,113
80073,1,113
80073,1,113
80077,1,113
80093,1,113
80098,1,113
80105,1,113
80107,1,113
80137,1,113
80146,1,113
80148,1,113
80149,1,113
80214,1,113
80255,1,113
80335,1,113
80375,1,113
80384,1,113
80396,1,113
80409,1,113
80460,1,113
80474,1,113
80475,1,113
80476,1,113
80481,1,113
80482,1,113
80506,1,113
80627,1,113
80665,1,113
80678,1,113
80681,1,113
80698,1,113
80702,1,113
80709,1,113
80728,1,113
80729,1,113
80781,1,113
80791,1,113
80828,1,113
80830,1,113
80835,1,113
80843,1,113
80864,1,113
80867,1,113
80873,1,113
80901,1,113
81035,1,113
81037,1,113
81073,1,113
81078,1,113
81088,1,113
81117,1,113
81123,1,113
81129,1,113
81140,1,113
81142,1,113
81155,1,113
81162,1,113
81167,1,113
81219,1,113
81223,1,113
81232,1,113
81256,1,113
81295,1,113
81312,1,113
81313,1,113
81330,1,113
81334,1,113
81357,1,113
81360,1,113
81363,1,113
81404,1,113
81415,1,113
81417,1,113
81461,1,113
81473,1,113
81529,1,113
81535,1,113
81557,1,113
81566,1,113
81581,1,113
81611,1,113
81614,1,113
81649,1,113
81658,1,113
81667,1,113
81679,1,113
81705,1,113
81720,1,113
81730,1,113
81738,1,113
81740,1,113
81757,1,113
81768,1,113
81769,1,113
81780,1,113
81783,1,113
81784,1,113
81799,1,113
81822,1,113
81840,1,113
81854,1,113
81864,1,113
81876,1,113
81887,1,113
81889,1,113
81914,1,113
81934,1,113
82016,1,113
82019,1,113
82108,1,113
82112,1,113
82142,1,113
82177,1,113
82183,1,113
82209,1,113
82211,1,113
82253,1,113
82282,1,113
82289,1,113
82296,1,113
82338,1,113
82355,1,113
82371,1,113
82371,1,113
82398,1,113
82440,1,113
82479,1,113
82489,1,113
82511,1,113
82541,1,113
82559,1,113
82564,1,113
82596,1,113
82607,1,113
82659,1,113
82676,1,113
82701,1,113
82724,1,113
82742,1,113
82752,1,113
82752,1,113
82784,1,113
82785,1,113
82806,1,113
82818,1,113
82835,1,113
82854,1,113
82875,1,113
82910,1,113
82912,1,113
82953,1,113
82960,1,113
82964,1,113
82983,1,113
83016,1,113
83034,1,113
83036,1,113
83049,1,113
83051,1,113
83053,1,113
83074,1,113
83079,1,113
83107,1,113
83165,1,113
83198,1,113
83251,1,113
83267,1,113
83291,1,113
83332,1,113
83335,1,113
83347,1,113
83414,1,113
83437,1,113
83457,1,113
83471,1,113
83485,1,113
83491,1,113
83494,1,113
83496,1,113
83521,1,113
83541,1,113
83572,1,113
83576,1,113
83585,1,113
83608,1,113
83608,1,113
83626,1,113
83659,1,113
83675,1,113
83707,1,113
83711,1,113
83714,1,113
83770,1,113
83811,1,113
83819,1,113
83823,1,113
83830,1,113
83850,1,113
83855,1,113
83870,1,113
83876,1,113
83890,1,113
83895,1,113
83908,1,113
83925,1,113
83962,1,113
83966,1,113
83983,1,113
84013,1,113
84014,1,113
84035,1,113
84117,1,113
84151,1,113
84197,1,113
84199,1,113
84227,1,113
84256,1,113
84291,1,113
84292,1,113
84304,1,113
84367,1,113
84407,1,113
84433,1,113
84449,1,113
84468,1,113
84501,1,113
84514,1,113
84586,1,113
84618,1,113
84626,1,113
84630,1,113
84631,1,113
84636,1,113
84657,1,113
84672,1,113
84685,1,113
84718,1,113
84727,1,113
84741,1,113
84750,1,113
84769,1,113
84791,1,113
84866,1,113
84896,1,113
84897,1,113
84898,1,113
84906,1,113
84911,1,113
84914,1,113
84930,1,113
84996,1,113
85001,1,113
85004,1,113
85020,1,113
85022,1,113
85024,1,113
85032,1,113
85037,1,113
85042,1,113
85064,1,113
85075,1,113
85080,1,113
85082,1,113
85084,1,113
85086,1,113
85093,1,113
85099,1,113
85099,1,113
85101,1,113
85103,1,113
85104,1,113
85107,1,113
85132,1,113
85134,1,113
85146,1,113
85148,1,113
85149,1,113
85149,1,113
85166,1,113
85190,1,113
85203,1,113
85204,1,113
85218,1,113
85234,1,113
85241,1,113
85250,1,113
85262,1,113
85265,1,113
85293,1,113
85302,1,113
85322,1,113
85345,1,113
85363,1,113
85400,1,113
85429,1,113
85445,1,113
85458,1,113
85479,1,113
85483,1,113
85510,1,113
85536,1,113
85548,1,113
85596,1,113
85630,1,113
85649,1,113
85680,1,113
85690,1,113
86004,1,113
86019,1,113
86036,1,113
86065,1,113
86078,1,113
86101,1,113
86123,1,113
86125,1,113
86178,1,113
86192,1,113
86202,1,113
86217,1,113
86226,1,113
86248,1,113
86279,1,113
86292,1,113
86307,1,113
86324,1,113
86324,1,113
86352,1,113
86368,1,113
86375,1,113
86397,1,113
86416,1,113
86439,1,113
86456,1,113
86457,1,113
86491,1,113
86510,1,113
86553,1,113
86561,1,113
86625,1,113
86630,1,113
86630,1,113
86648,1,113
86664,1,113
86668,1,113
86687,1,113
86701,1,113
86717,1,113
86772,1,113
86782,1,113
86806,1,113
86824,1,113
86837,1,113
86845,1,113
86943,1,113
86965,1,113
86975,1,113
87022,1,113
87029,1,113
87072,1,113
87096,1,113
87138,1,113
87144,1,113
87166,1,113
87171,1,113
87177,1,113
87212,1,113
87216,1,113
87245,1,113
87254,1,113
87265,1,113
87281,1,113
87304,1,113
87336,1,113
87351,1,113
87358,1,113
87365,1,113
87383,1,113
87389,1,113
87423,1,113
87427,1,113
87430,1,113
87448,1,113
87471,1,113
87480,1,113
87492,1,113
87523,1,113
87533,1,113
87533,1,113
87540,1,113
87553,1,113
87556,1,113
87593,1,113
87648,1,113
87691,1,113
87717,1,113
87752,1,113
87770,1,113
87795,1,113
87846,1,113
87889,1,113
87945,1,113
87998,1,113
87999,1,113
88015,1,113
88056,1,113
88081,1,113
88090,1,113
88091,1,113
88098,1,113
88099,1,113
88104,1,113
88106,1,113
88116,1,113
88132,1,113
88137,1,113
88149,1,113
88236,1,113
88238,1,113
88247,1,113
88255,1,113
88257,1,113
88265,1,113
88270,1,113
88283,1,113
88287,1,113
88310,1,113
88316,1,113
88342,1,113
88344,1,113
88372,1,113
88375,1,113
88387,1,113
88398,1,113
88421,1,113
88453,1,113
88495,1,113
88511,1,113
88526,1,113
88544,1,113
88571,1,113
88595,1,113
88609,1,113
88641,1,113
88661,1,113
88667,1,113
88697,1,113
88768,1,113
88799,1,113
88810,1,113
88814,1,113
88827,1,113
88840,1,113
88843,1,113
88856,1,113
88856,1,113
88927,1,113
88934,1,113
89030,1,113
89042,1,113
89053,1,113
89070,1,113
89080,1,113
89094,1,113
89094,1,113
89108,1,113
89108,1,113
89112,1,113
89120,1,113
89141,1,113
89141,1,113
89163,1,113
89199,1,113
89200,1,113
89201,1,113
89242,1,113
89245,1,113
89303,1,113
89324,1,113
89335,1,113
89360,1,113
89380,1,113
89395,1,113
89423,1,113
89446,1,113
89451,1,113
89468,1,113
89483,1,113
89511,1,113
89591,1,113
89596,1,113
89625,1,113
89642,1,113
89656,1,113
89659,1,113
89669,1,113
89682,1,113
89687,1,113
89706,1,113
89721,1,113
89727,1,113
89729,1,113
89755,1,113
89773,1,113
89786,1,113
89798,1,113
89822,1,113
90007,1,113
90008,1,113
90016,1,113
90017,1,113
90056,1,113
90100,1,113
90102,1,113
90117,1,113
90181,1,113
90190,1,113
90210,1,113
90249,1,113
90254,1,113
90283,1,113
90312,1,113
90323,1,113
90346,1,113
90357,1,113
90361,1,113
90376,1,113
90384,1,113
90385,1,113
90409,1,113
90414,1,113
90416,1,113
90442,1,113
90452,1,113
90511,1,113
90521,1,113
90533,1,113
90537,1,113
90566,1,113
90586,1,113
90621,1,113
90639,1,113
90647,1,113
90665,1,113
90676,1,113
90749,1,113
90777,1,113
90787,1,113
90791,1,113
90793,1,113
90855,1,113
90871,1,113
90886,1,113
91006,1,113
91020,1,113
91048,1,113
91098,1,113
91099,1,113
91109,1,113
91154,1,113
91155,1,113
91164,1,113
91164,1,113
91171,1,113
91202,1,113
91238,1,113
91244,1,113
91256,1,113
91292,1,113
91300,1,113
91314,1,113
91339,1,113
91345,1,113
91373,1,113
91389,1,113
91392,1,113
91397,1,113
91400,1,113
91419,1,113
91426,1,113
91443,1,113
91447,1,113
91481,1,113
91521,1,113
91549,1,113
91555,1,113
91563,1,113
91615,1,113
91622,1,113
91689,1,113
91722,1,113
91729,1,113
91740,1,113
91773,1,113
91788,1,113
91832,1,113
91853,1,113
91873,1,113
91877,1,113
91879,1,113
91901,1,113
91914,1,113
92051,1,113
92105,1,113
92121,1,113
92149,1,113
92191,1,113
92264,1,113
92266,1,113
92280,1,113
92281,1,113
92291,1,113
92298,1,113
92347,1,113
92367,1,113
92383,1,113
92390,1,113
92395,1,113
92406,1,113
92461,1,113
92487,1,113
92487,1,113
92495,1,113
92513,1,113
92514,1,113
92526,1,113
92560,1,113
92590,1,113
92594,1,113
92623,1,113
92679,1,113
92685,1,113
92696,1,113
92729,1,113
92752,1,113
92754,1,113
92754,1,113
92760,1,113
92809,1,113
92823,1,113
92834,1,113
92840,1,113
92855,1,113
92903,1,113
92904,1,113
92915,1,113
92919,1,113
92921,1,113
92934,1,113
93030,1,113
93062,1,113
93065,1,113
93087,1,113
93090,1,113
93129,1,113
93131,1,113
93136,1,113
93162,1,113
93185,1,113
93187,1,113
93191,1,113
93193,1,113
93202,1,113
93212,1,113
93243,1,113
93252,1,113
93264,1,113
93278,1,113
93334,1,113
93338,1,113
93338,1,113
93352,1,113
93353,1,113
93356,1,113
93356,1,113
93358,1,113
93368,1,113
93396,1,113
93399,1,113
93406,1,113
93407,1,113
93422,1,113
93429,1,113
93436,1,113
93438,1,113
93440,1,113
93443,1,113
93482,1,113
93485,1,113
93516,1,113
93533,1,113
93553,1,113
93570,1,113
93574,1,113
93586,1,113
93597,1,113
93617,1,113
93633,1,113
93659,1,113
93670,1,113
93689,1,113
93692,1,113
93698,1,113
93707,1,113
93715,1,113
93718,1,113
93728,1,113
93731,1,113
93754,1,113
93828,1,113
93846,1,113
93849,1,113
93889,1,113
93889,1,113
93904,1,113
93916,1,113
93931,1,113
93932,1,113
93933,1,113
93935,1,113
93937,1,113
93941,1,113
93952,1,113
94000,1,113
94017,1,113
94022,1,113
94026,1,113
94039,1,113
94061,1,113
94063,1,113
94069,1,113
94104,1,113
94113,1,113
94115,1,113
94127,1,113
94163,1,113
94179,1,113
94211,1,113
94227,1,113
94228,1,113
94265,1,113
94282,1,113
94298,1,113
94319,1,113
94338,1,113
94353,1,113
94354,1,113
94367,1,113
94388,1,113
94422,1,113
94456,1,113
94475,1,113
94537,1,113
94616,1,113
94635,1,113
94651,1,113
94693,1,113
94705,1,113
94706,1,113
94714,1,113
94724,1,113
94755,1,113
94778,1,113
94800,1,113
94801,1,113
94807,1,113
94811,1,113
94830,1,113
94830,1,113
94831,1,113
94835,1,113
94842,1,113
94850,1,113
94856,1,113
94857,1,113
94871,1,113
94876,1,113
95025,1,113
95060,1,113
95062,1,113
95070,1,113
95072,1,113
95072,1,113
95096,1,113
95144,1,113
95162,1,113
95167,1,113
95175,1,113
95266,1,113
95268,1,113
95273,1,113
95278,1,113
95334,1,113
95409,1,113
95415,1,113
95442,1,113
95456,1,113
95466,1,113
95473,1,113
95476,1,113
95477,1,113
95547,1,113
95558,1,113
95694,1,113
95707,1,113
95728,1,113
95741,1,113
95779,1,113
95780,1,113
95790,1,113
95798,1,113
95807,1,113
95811,1,113
95828,1,113
95829,1,113
95843,1,113
95854,1,113
95896,1,113
95911,1,113
95916,1,113
95926,1,113
95970,1,113
95976,1,113
95991,1,113
95996,1,113
96019,1,113
96027,1,113
96051,1,113
96052,1,113
96060,1,113
96070,1,113
96096,1,113
96112,1,113
96128,1,113
96188,1,113
96206,1,113
96227,1,113
96234,1,113
96239,1,113
96267,1,113
96272,1,113
96284,1,113
96289,1,113
96309,1,113
96355,1,113
96356,1,113
96426,1,113
96449,1,113
96455,1,113
96458,1,113
96502,1,113
96520,1,113
96523,1,113
96547,1,113
96552,1,113
96597,1,113
96600,1,113
96603,1,113
96648,1,113
96665,1,113
96701,1,113
96722,1,113
96731,1,113
96744,1,113
96790,1,113
96798,1,113
96804,1,113
96811,1,113
96811,1,113
96906,1,113
96928,1,113
96976,1,113
97020,1,113
97024,1,113
97028,1,113
97028,1,113
97053,1,113
97059,1,113
97074,1,113
97081,1,113
97097,1,113
97107,1,113
97113,1,113
97119,1,113
97136,1,113
97162,1,113
97166,1,113
97169,1,113
97186,1,113
97196,1,113
97198,1,113
97205,1,113
97209,1,113
97214,1,113
97228,1,113
97231,1,113
97310,1,113
97316,1,113
97352,1,113
97352,1,113
97355,1,113
97376,1,113
97382,1,113
97399,1,113
97415,1,113
97461,1,113
97462,1,113
97546,1,113
97574,1,113
97578,1,113
97607,1,113
97638,1,113
97700,1,113
97706,1,113
97737,1,113
97759,1,113
97775,1,113
97786,1,113
97798,1,113
97802,1,113
97803,1,113
97819,1,113
97820,1,113
97827,1,113
97878,1,113
97892,1,113
97928,1,113
97952,1,113
97963,1,113
97971,1,113
97994,1,113
98015,1,113
98017,1,113
98075,1,113
98090,1,113
98092,1,113
98183,1,113
98188,1,113
98193,1,113
98221,1,113
98229,1,113
98231,1,113
98262,1,113
98296,1,113
98340,1,113
98344,1,113
98357,1,113
98365,1,113
98387,1,113
98388,1,113
98473,1,113
98482,1,113
98483,1,113
98488,1,113
98545,1,113
98637,1,113
98642,1,113
98657,1,113
98718,1,113
98719,1,113
98737,1,113
98742,1,113
98744,1,113
98755,1,113
98778,1,113
98787,1,113
98819,1,113
98824,1,113
98839,1,113
98841,1,113
98846,1,113
98866,1,113
98875,1,113
98894,1,113
98943,1,113
98947,1,113
98959,1,113
99006,1,113
99007,1,113
99027,1,113
99031,1,113
99047,1,113
99051,1,113
99067,1,113
99092,1,113
99107,1,113
99138,1,113
99139,1,113
99161,1,113
99179,1,113
99191,1,113
99233,1,113
99259,1,113
99264,1,113
99283,1,113
99286,1,113
99286,1,113
99297,1,113
99327,1,113
99336,1,113
99343,1,113
99345,1,113
99392,1,113
99405,1,113
99432,1,113
99486,1,113
99503,1,113
99515,1,113
99533,1,113
99556,1,113
99558,1,113
99563,1,113
99563,1,113
99599,1,113
99635,1,113
99651,1,113
99664,1,113
99671,1,113
99695,1,113
99703,1,113
99706,1,113
99708,1,113
99759,1,113
99921,1,113
99930,1,113
99933,1,113
99969,1,113
99971,1,113
100005,1,113
100030,1,113
100037,1,113
100038,1,113
100044,1,113
100047,1,113
100063,1,113
100081,1,113
100083,1,113
100151,1,113
100170,1,113
100184,1,113
100199,1,113
100213,1,113
100213,1,113
100250,1,113
100261,1,113
100278,1,113
100298,1,113
100315,1,113
100327,1,113
100341,1,113
100342,1,113
100356,1,113
100365,1,113
100369,1,113
100384,1,113
100440,1,113
100504,1,113
100526,1,113
100531,1,113
100544,1,113
100549,1,113
100593,1,113
100615,1,113
100621,1,113
100659,1,113
100668,1,113
100678,1,113
100685,1,113
100690,1,113
100698,1,113
100699,1,113
100716,1,113
100727,1,113
100769,1,113
100802,1,113
100806,1,113
100813,1,113
100844,1,113
100861,1,113
100863,1,113
101002,1,113
101009,1,113
101021,1,113
101054,1,113
101056,1,113
101083,1,113
101133,1,113
101161,1,113
101171,1,113
101223,1,113
101226,1,113
101228,1,113
101237,1,113
101305,1,113
101380,1,113
101400,1,113
101435,1,113
101513,1,113
101520,1,113
101525,1,113
101563,1,113
101564,1,113
101583,1,113
101628,1,113
101647,1,113
101723,1,113
101807,1,113
101814,1,113
101815,1,113
101859,1,113
101868,1,113
101884,1,113
101896,1,113
101933,1,113
101944,1,113
101951,1,113
102009,1,113
102010,1,113
102013,1,113
102014,1,113
102016,1,113
102034,1,113
102035,1,113
102074,1,113
102076,1,113
102083,1,113
102085,1,113
102103,1,113
102104,1,113
102114,1,113
102128,1,113
102241,1,113
102246,1,113
102248,1,113
102279,1,113
102290,1,113
102305,1,113
102307,1,113
102326,1,113
102327,1,113
102331,1,113
102367,1,113
102388,1,113
102421,1,113
102433,1,113
102445,1,113
102488,1,113
102509,1,113
102537,1,113
102539,1,113
102567,1,113
102574,1,113
102577,1,113
102643,1,113
102661,1,113
102668,1,113
102673,1,113
102692,1,113
102694,1,113
102728,1,113
102764,1,113
102765,1,113
102776,1,113
102783,1,113
102900,1,113
102924,1,113
102930,1,113
102963,1,113
102972,1,113
103004,1,113
103005,1,113
103016,1,113
103035,1,113
103042,1,113
103057,1,113
103078,1,113
103126,1,113
103136,1,113
103165,1,113
103184,1,113
103201,1,113
103219,1,113
103242,1,113
103242,1,113
103243,1,113
103271,1,113
103283,1,113
103287,1,113
103368,1,113
103409,1,113
103478,1,113
103508,1,113
103550,1,113
103562,1,113
103581,1,113
103595,1,113
103617,1,113
103635,1,113
103640,1,113
103642,1,113
103658,1,113
103732,1,113
103739,1,113
103751,1,113
103753,1,113
103799,1,113
103831,1,113
103928,1,113
103929,1,113
103938,1,113
103964,1,113
103981,1,113
103984,1,113
103988,1,113
103995,1,113
104028,1,113
104029,1,113
104089,1,113
104099,1,113
104130,1,113
104189,1,113
104215,1,113
104221,1,113
104239,1,113
104306,1,113
104307,1,113
104336,1,113
104338,1,113
104351,1,113
104360,1,113
104369,1,113
104372,1,113
104374,1,113
104376,1,113
104407,1,113
104446,1,113
104472,1,113
104483,1,113
104490,1,113
104492,1,113
104520,1,113
104581,1,113
104602,1,113
104615,1,113
104654,1,113
104665,1,113
104740,1,113
104788,1,113
104803,1,113
104838,1,113
104840,1,113
104853,1,113
104883,1,113
104888,1,113
104896,1,113
104917,1,113
104918,1,113
104922,1,113
105009,1,113
105011,1,113
105033,1,113
105074,1,113
105096,1,113
105096,1,113
105112,1,113
105138,1,113
105145,1,113
105175,1,113
105216,1,113
105223,1,113
105231,1,113
105259,1,113
105261,1,113
105262,1,113
105268,1,113
105271,1,113
105282,1,113
105283,1,113
105298,1,113
105298,1,113
105318,1,113
105325,1,113
105340,1,113
105344,1,113
105345,1,113
105366,1,113
105368,1,113
105385,1,113
105401,1,113
105407,1,113
105412,1,113
105437,1,113
105462,1,113
105502,1,113
105504,1,113
105522,1,113
105530,1,113
105552,1,113
105559,1,113
105572,1,113
105579,1,113
105587,1,113
105725,1,113
105738,1,113
105741,1,113
105774,1,113
105802,1,113
105810,1,113
105873,1,113
105898,1,113
105898,1,113
105907,1,113
106022,1,113
106026,1,113
106043,1,113
106059,1,113
106130,1,113
106139,1,113
106184,1,113
106188,1,113
106244,1,113
106248,1,113
106254,1,113
106264,1,113
106311,1,113
106322,1,113
106322,1,113
106326,1,113
106339,1,113
106391,1,113
106403,1,113
106424,1,113
106428,1,113
106448,1,113
106515,1,113
106522,1,113
106526,1,113
106575,1,113
106587,1,113
106670,1,113
106730,1,113
106875,1,113
106878,1,113
106908,1,113
106920,1,113
106933,1,113
106935,1,113
106942,1,113
106953,1,113
106968,1,113
106970,1,113
106975,1,113
106991,1,113
107008,1,113
107019,1,113
107042,1,113
107087,1,113
107104,1,113
107117,1,113
107165,1,113
107177,1,113
107177,1,113
107224,1,113
107262,1,113
107310,1,113
107331,1,113
107470,1,113
107499,1,113
107522,1,113
107524,1,113
107533,1,113
107597,1,113
107610,1,113
107682,1,113
107729,1,113
107741,1,113
107757,1,113
107770,1,113
107788,1,113
107846,1,113
107884,1,113
107906,1,113
107907,1,113
107970,1,113
108007,1,113
108012,1,113
108023,1,113
108061,1,113
108064,1,113
108069,1,113
108072,1,113
108106,1,113
108115,1,113
108127,1,113
108170,1,113
108184,1,113
108207,1,113
108214,1,113
108219,1,113
108254,1,113
108265,1,113
108281,1,113
108297,1,113
108356,1,113
108582,1,113
108614,1,113
108620,1,113
108621,1,113
108686,1,113
108765,1,113
108847,1,113
108850,1,113
108895,1,113
108901,1,113
108927,1,113
108941,1,113
108950,1,113
108973,1,113
109002,1,113
109005,1,113
109016,1,113
109017,1,113
109039,1,113
109057,1,113
109067,1,113
109070,1,113
109075,1,113
109087,1,113
109092,1,113
109096,1,113
109102,1,113
109107,1,113
109120,1,113
109123,1,113
109125,1,113
109129,1,113
109143,1,113
109150,1,113
109151,1,113
109158,1,113
109203,1,113
109223,1,113
109252,1,113
109282,1,113
109336,1,113
109340,1,113
109345,1,113
109367,1,113
109369,1,113
109433,1,113
109466,1,113
109466,1,113
109514,1,113
109542,1,113
109549,1,113
109623,1,113
109632,1,113
109636,1,113
109659,1,113
109669,1,113
109715,1,113
109725,1,113
109747,1,113
109764,1,113
109798,1,113
110028,1,113
110046,1,113
110101,1,113
110108,1,113
110162,1,113
110164,1,113
110183,1,113
110189,1,113
110198,1,113
110224,1,113
110225,1,113
110250,1,113
110254,1,113
110264,1,113
110312,1,113
110313,1,113
110333,1,113
110359,1,113
110370,1,113
110391,1,113
110407,1,113
110438,1,113
110466,1,113
110479,1,113
110492,1,113
110534,1,113
110640,1,113
110689,1,113
110723,1,113
110750,1,113
110769,1,113
110784,1,113
110816,1,113
110819,1,113
110820,1,113
110827,1,113
110857,1,113
110873,1,113
110882,1,113
111006,1,113
111046,1,113
111063,1,113
111093,1,113
111100,1,113
111125,1,113
111158,1,113
111193,1,113
111252,1,113
111262,1,113
111270,1,113
111283,1,113
111311,1,113
111318,1,113
111324,1,113
111336,1,113
111352,1,113
111399,1,113
111405,1,113
111420,1,113
111421,1,113
111447,1,113
111473,1,113
111508,1,113
111510,1,113
111528,1,113
111528,1,113
111571,1,113
111578,1,113
111580,1,113
111580,1,113
111637,1,113
111653,1,113
111695,1,113
111762,1,113
111763,1,113
111779,1,113
111803,1,113
111819,1,113
112056,1,113
112068,1,113
112076,1,113
112105,1,113
112124,1,113
112151,1,113
112161,1,113
112162,1,113
112188,1,113
112253,1,113
112254,1,113
112261,1,113
112346,1,113
112371,1,113
112383,1,113
112390,1,113
112432,1,113
112460,1,113
112461,1,113
112478,1,113
112512,1,113
112512,1,113
112534,1,113
112675,1,113
112677,1,113
112724,1,113
112744,1,113
112754,1,113
112783,1,113
112845,1,113
112903,1,113
112904,1,113
112931,1,113
112933,1,113
112939,1,113
112995,1,113
113011,1,113
113046,1,113
113052,1,113
113061,1,113
113081,1,113
113110,1,113
113177,1,113
113181,1,113
113196,1,113
113198,1,113
113229,1,113
113339,1,113
113398,1,113
113416,1,113
113440,1,113
113502,1,113
113544,1,113
113547,1,113
113558,1,113
113591,1,113
113603,1,113
113640,1,113
113669,1,113
113683,1,113
113683,1,113
113688,1,113
113703,1,113
113737,1,113
113755,1,113
113837,1,113
113926,1,113
113926,1,113
114010,1,113
114011,1,113
114030,1,113
114037,1,113
114055,1,113
114060,1,113
114079,1,113
114101,1,113
114102,1,113
114102,1,113
114149,1,113
114158,1,113
114173,1,113
114185,1,113
114204,1,113
114216,1,113
114237,1,113
114239,1,113
114285,1,113
114341,1,113
114363,1,113
114383,1,113
114437,1,113
114447,1,113
114468,1,113
114469,1,113
114475,1,113
114523,1,113
114527,1,113
114538,1,113
114548,1,113
114654,1,113
114812,1,113
114841,1,113
114907,1,113
114950,1,113
115008,1,113
115016,1,113
115019,1,113
115053,1,113
115060,1,113
115061,1,113
115109,1,113
115131,1,113
115168,1,113
115170,1,113
115195,1,113
115201,1,113
115213,1,113
115225,1,113
115242,1,113
115242,1,113
115267,1,113
115313,1,113
115603,1,113
115612,1,113
115619,1,113
115627,1,113
115694,1,113
115697,1,113
115707,1,113
115796,1,113
115797,1,113
115820,1,113
115848,1,113
115915,1,113
116015,1,113
116018,1,113
116023,1,113
116038,1,113
116071,1,113
116080,1,113
116096,1,113
116101,1,113
116101,1,113
116113,1,113
116121,1,113
116134,1,113
116159,1,113
116178,1,113
116195,1,113
116212,1,113
116248,1,113
116266,1,113
116274,1,113
116306,1,113
116323,1,113
116337,1,113
116341,1,113
116352,1,113
116355,1,113
116361,1,113
116385,1,113
116389,1,113
116410,1,113
116464,1,113
116501,1,113
116505,1,113
116511,1,113
116513,1,113
116524,1,113
116536,1,113
116542,1,113
116566,1,113
116598,1,113
116603,1,113
116604,1,113
116690,1,113
116696,1,113
116704,1,113
117005,1,113
117014,1,113
117029,1,113
117053,1,113
117061,1,113
117126,1,113
117180,1,113
117190,1,113
117203,1,113
117272,1,113
117276,1,113
117337,1,113
117340,1,113
117345,1,113
117361,1,113
117372,1,113
117444,1,113
117522,1,113
117542,1,113
117547,1,113
117557,1,113
117582,1,113
117602,1,113
117623,1,113
117652,1,113
117692,1,113
117708,1,113
117733,1,113
117739,1,113
117758,1,113
117758,1,113
117780,1,113
117803,1,113
117869,1,113
117882,1,113
117918,1,113
117982,1,113
117995,1,113
118008,1,113
118084,1,113
118118,1,113
118124,1,113
118153,1,113
118170,1,113
118215,1,113
118223,1,113
118229,1,113
118266,1,113
118282,1,113
118340,1,113
118387,1,113
118495,1,113
118511,1,113
118520,1,113
118535,1,113
118552,1,113
118584,1,113
118750,1,113
118786,1,113
118838,1,113
118910,1,113
118937,1,113
118969,1,113
118979,1,113
119011,1,113
119035,1,113
119058,1,113
119074,1,113
119122,1,113
119152,1,113
119153,1,113
119194,1,113
119200,1,113
119218,1,113
119363,1,113
119439,1,113
119446,1,113
119591,1,113
119633,1,113
119643,1,113
119647,1,113
119801,1,113
119803,1,113
119830,1,113
119870,1,113
119881,1,113
119938,1,113
119983,1,113
120005,1,113
120008,1,113
120020,1,113
120041,1,113
120075,1,113
120087,1,113
120092,1,113
120093,1,113
120103,1,113
120109,1,113
120119,1,113
120127,1,113
120150,1,113
120167,1,113
120180,1,113
120198,1,113
120201,1,113
120208,1,113
120233,1,113
120294,1,113
120407,1,113
120409,1,113
120410,1,113
120413,1,113
120416,1,113
120520,1,113
120521,1,113
120609,1,113
120825,1,113
120932,1,113
120959,1,113
121009,1,113
121037,1,113
121048,1,113
121225,1,113
121264,1,113
121308,1,113
121342,1,113
121363,1,113
121385,1,113
121435,1,113
121485,1,113
121492,1,113
121497,1,113
121525,1,113
121571,1,113
121577,1,113
121602,1,113
121660,1,113
121677,1,113
121700,1,113
121742,1,113
121750,1,113
121771,1,113
121787,1,113
121841,1,113
121892,1,113
122007,1,113
122088,1,113
122119,1,113
122123,1,113
122124,1,113
122184,1,113
122185,1,113
122210,1,113
122234,1,113
122235,1,113
122258,1,113
122275,1,113
122278,1,113
122376,1,113
122407,1,113
122418,1,113
122424,1,113
122428,1,113
122526,1,113
122565,1,113
122610,1,113
122663,1,113
122757,1,113
122797,1,113
122835,1,113
122838,1,113
123171,1,113
123189,1,113
123272,1,113
123299,1,113
123351,1,113
123378,1,113
123388,1,113
123398,1,113
123428,1,113
123461,1,113
123487,1,113
123583,1,113
123593,1,113
123728,1,113
123758,1,113
123816,1,113
123909,1,113
123914,1,113
123917,1,113
123950,1,113
123966,1,113
123973,1,113
123986,1,113
124051,1,113
124069,1,113
124100,1,113
124134,1,113
124148,1,113
124171,1,113
124224,1,113
124228,1,113
124384,1,113
124401,1,113
124425,1,113
124449,1,113
124459,1,113
124628,1,113
124640,1,113
124642,1,113
124688,1,113
124692,1,113
124692,1,113
124808,1,113
124928,1,113
124931,1,113
124977,1,113
124979,1,113
125012,1,113
125059,1,113
125078,1,113
125078,1,113
125097,1,113
125117,1,113
125160,1,113
125238,1,113
125253,1,113
125290,1,113
125330,1,113
125345,1,113
125397,1,113
125429,1,113
125503,1,113
125526,1,113
125535,1,113
125614,1,113
125642,1,113
125664,1,113
125706,1,113
125826,1,113
125837,1,113
125865,1,113
125878,1,113
126081,1,113
126171,1,113
126346,1,113
126425,1,113
126466,1,113
126638,1,113
126641,1,113
126703,1,113
126704,1,113
126711,1,113
126719,1,113
126809,1,113
126841,1,113
126848,1,113
126884,1,113
126959,1,113
126966,1,113
126999,1,113
127048,1,113
127051,1,113
127051,1,113
127059,1,113
127098,1,113
127104,1,113
127170,1,113
127172,1,113
127212,1,113
127224,1,113
127259,1,113
127270,1,113
127270,1,113
127282,1,113
127368,1,113
127377,1,113
127390,1,113
127404,1,113
127520,1,113
127613,1,113
127752,1,113
127840,1,113
127987,1,113
128021,1,113
128122,1,113
128140,1,113
128169,1,113
128207,1,113
128213,1,113
128246,1,113
128260,1,113
128301,1,113
128313,1,113
128347,1,113
128432,1,113
128537,1,113
128678,1,113
128760,1,113
128799,1,113
128819,1,113
128871,1,113
129030,1,113
129088,1,113
129162,1,113
129180,1,113
129183,1,113
129184,1,113
129224,1,113
129232,1,113
129237,1,113
129249,1,113
129292,1,113
129297,1,113
129321,1,113
129349,1,113
129360,1,113
129374,1,113
129451,1,113
129497,1,113
129523,1,113
129582,1,113
129638,1,113
129690,1,113
129744,1,113
129788,1,113
129869,1,113
129894,1,113
129896,1,113
129904,1,113
129905,1,113
129964,1,113
130001,1,113
130022,1,113
130026,1,113
130044,1,113
130056,1,113
130072,1,113
130081,1,113
130093,1,113
130204,1,113
130209,1,113
130367,1,113
130439,1,113
130457,1,113
130580,1,113
130658,1,113
130782,1,113
130795,1,113
130835,1,113
130869,1,113
130878,1,113
130898,1,113
130898,1,113
130899,1,113
130910,1,113
130931,1,113
131027,1,113
131049,1,113
131200,1,113
131222,1,113
131245,1,113
131255,1,113
131291,1,113
131297,1,113
131319,1,113
131400,1,113
131404,1,113
131414,1,113
131552,1,113
131557,1,113
131569,1,113
131622,1,113
131626,1,113
131648,1,113
131671,1,113
132010,1,113
132054,1,113
132058,1,113
132073,1,113
132113,1,113
132143,1,113
132144,1,113
132149,1,113
132189,1,113
132295,1,113
132417,1,113
132498,1,113
132567,1,113
132595,1,113
132596,1,113
132619,1,113
132628,1,113
132772,1,113
133032,1,113
133123,1,113
133138,1,113
133242,1,113
133253,1,113
133275,1,113
133324,1,113
133368,1,113
133530,1,113
133573,1,113
133576,1,113
133603,1,113
133706,1,113
133857,1,113
134074,1,113
134216,1,113
134364,1,113
134382,1,113
134400,1,113
134411,1,113
134536,1,113
134613,1,113
134907,1,113
134911,1,113
134952,1,113
135007,1,113
135019,1,113
135086,1,113
135105,1,113
135105,1,113
135133,1,113
135133,1,113
135146,1,113
135191,1,113
135215,1,113
135254,1,113
135268,1,113
135282,1,113
135293,1,113
135300,1,113
135303,1,113
135317,1,113
135371,1,113
135404,1,113
135448,1,113
136001,1,113
136032,1,113
136075,1,113
136115,1,113
136180,1,113
136215,1,113
136338,1,113
136342,1,113
136446,1,113
136457,1,113
136461,1,113
136474,1,113
136525,1,113
136587,1,113
136635,1,113
136712,1,113
136713,1,113
137022,1,113
137071,1,113
137159,1,113
137248,1,113
137264,1,113
137324,1,113
137348,1,113
137375,1,113
137395,1,113
137414,1,113
137434,1,113
137508,1,113
137562,1,113
137653,1,113
137835,1,113
138021,1,113
138147,1,113
138298,1,113
138523,1,113
138596,1,113
138626,1,113
138696,1,113
138722,1,113
138760,1,113
138775,1,113
138776,1,113
138785,1,113
138793,1,113
138894,1,113
138903,1,113
139015,1,113
139020,1,113
139186,1,113
139249,1,113
139334,1,113
139472,1,113
139568,1,113
139576,1,113
139659,1,113
139698,1,113
139727,1,113
139731,1,113
139835,1,113
139885,1,113
139906,1,113
139913,1,113
140132,1,113
140133,1,113
140233,1,113
140279,1,113
140312,1,113
140338,1,113
140482,1,113
140883,1,113
140900,1,113
141033,1,113
141096,1,113
141101,1,113
141138,1,113
141156,1,113
141168,1,113
141238,1,113
141268,1,113
141419,1,113
141435,1,113
141536,1,113
141539,1,113
141544,1,113
141709,1,113
141742,1,113
141747,1,113
141870,1,113
141931,1,113
142045,1,113
142091,1,113
142123,1,113
142129,1,113
142138,1,113
142544,1,113
142591,1,113
142701,1,113
142785,1,113
142839,1,113
142938,1,113
142982,1,113
143017,1,113
143147,1,113
143198,1,113
143252,1,113
143355,1,113
143442,1,113
143481,1,113
143706,1,113
143793,1,113
143816,1,113
143852,1,113
143898,1,113
144154,1,113
144211,1,113
144312,1,113
144454,1,113
144528,1,113
144629,1,113
144650,1,113
144898,1,113
145036,1,113
145073,1,113
145150,1,113
145213,1,113
145255,1,113
145340,1,113
145443,1,113
145495,1,113
145717,1,113
145830,1,113
145882,1,113
145969,1,113
146110,1,113
146141,1,113
146158,1,113
146228,1,113
146253,1,113
146273,1,113
146288,1,113
146295,1,113
146338,1,113
146391,1,113
146727,1,113
146812,1,113
146893,1,113
147008,1,113
147020,1,113
147051,1,113
147066,1,113
147114,1,113
147275,1,113
147299,1,113
147427,1,113
147659,1,113
147779,1,113
147871,1,113
148028,1,113
148052,1,113
148170,1,113
148220,1,113
148310,1,113
148373,1,113
148387,1,113
148468,1,113
148682,1,113
148789,1,113
148869,1,113
148932,1,113
148960,1,113
149015,1,113
149016,1,113
149091,1,113
149139,1,113
149208,1,113
149230,1,113
149278,1,113
149771,1,113
150007,1,113
150070,1,113
150118,1,113
150211,1,113
150230,1,113
150302,1,113
150409,1,113
150506,1,113
151039,1,113
151211,1,113
151418,1,113
151710,1,113
151763,1,113
151870,1,113
151874,1,113
151883,1,113
151932,1,113
152480,1,113
152627,1,113
152881,1,113
153100,1,113
153109,1,113
153226,1,113
153231,1,113
153257,1,113
153308,1,113
153472,1,113
153482,1,113
153483,1,113
153542,1,113
153568,1,113
153582,1,113
153647,1,113
153694,1,113
153712,1,113
153734,1,113
153773,1,113
154001,1,113
154080,1,113
154161,1,113
154245,1,113
154263,1,113
154266,1,113
154363,1,113
154435,1,113
154518,1,113
154591,1,113
154629,1,113
154699,1,113
155129,1,113
155282,1,113
155371,1,113
155441,1,113
155501,1,113
155736,1,113
155906,1,113
156032,1,113
156083,1,113
156121,1,113
156657,1,113
156683,1,113
156711,1,113
156730,1,113
156757,1,113
156816,1,113
157201,1,113
157382,1,113
157409,1,113
157442,1,113
157463,1,113
158203,1,113
158223,1,113
158396,1,113
158436,1,113
158571,1,113
158683,1,113
158729,1,113
158738,1,113
159016,1,113
159046,1,113
159076,1,113
159092,1,113
159209,1,113
159280,1,113
159294,1,113
159315,1,113
159477,1,113
160043,1,113
160179,1,113
160274,1,113
160393,1,113
160411,1,113
160427,1,113
160753,1,113
160822,1,113
160828,1,113
160865,1,113
160886,1,113
161071,1,113
161085,1,113
161105,1,113
161178,1,113
161192,1,113
162718,1,113
162915,1,113
163121,1,113
163127,1,113
163746,1,113
163759,1,113
163825,1,113
163975,1,113
164110,1,113
164171,1,113
164187,1,113
164433,1,113
164545,1,113
164704,1,113
165024,1,113
165100,1,113
165120,1,113
165134,1,113
165154,1,113
165368,1,113
165375,1,113
165434,1,113
165444,1,113
165497,1,113
165519,1,113
165626,1,113
165727,1,113
165742,1,113
165743,1,113
165981,1,113
166016,1,113
166043,1,113
166053,1,113
166053,1,113
166154,1,113
166156,1,113
166532,1,113
166855,1,113
167053,1,113
167123,1,113
167179,1,113
167215,1,113
167260,1,113
167263,1,113
167274,1,113
167276,1,113
167292,1,113
167323,1,113
167545,1,113
167767,1,113
168080,1,113
168204,1,113
168232,1,113
168242,1,113
168524,1,113
168535,1,113
168552,1,113
168690,1,113
169057,1,113
169256,1,113
169587,1,113
169687,1,113
170133,1,113
170423,1,113
170538,1,113
170589,1,113
170626,1,113
170827,1,113
171003,1,113
171019,1,113
171375,1,113
171686,1,113
171951,1,113
172097,1,113
172119,1,113
172231,1,113
172575,1,113
172630,1,113
172674,1,113
172788,1,113
172820,1,113
172878,1,113
172929,1,113
172984,1,113
172999,1,113
173236,1,113
173413,1,113
173574,1,113
173590,1,113
173623,1,113
174022,1,113
174198,1,113
174746,1,113
174910,1,113
175022,1,113
175448,1,113
175955,1,113
176002,1,113
176277,1,113
176394,1,113
176596,1,113
176682,1,113
176744,1,113
177007,1,113
177026,1,113
177258,1,113
177269,1,113
177351,1,113
177425,1,113
177456,1,113
177498,1,113
177516,1,113
177580,1,113
177584,1,113
177666,1,113
177735,1,113
177830,1,113
177924,1,113
177952,1,113
177966,1,113
177973,1,113
178011,1,113
178121,1,113
178154,1,113
178242,1,113
178244,1,113
178366,1,113
178603,1,113
178705,1,113
178709,1,113
178851,1,113
178905,1,113
178924,1,113
179066,1,113
179232,1,113
179273,1,113
179290,1,113
179300,1,113
179355,1,113
179786,1,113
180107,1,113
180186,1,113
180203,1,113
180255,1,113
180256,1,113
180284,1,113
180652,1,113
181149,1,113
181313,1,113
181396,1,113
181623,1,113
182021,1,113
182117,1,113
182168,1,113
182260,1,113
182432,1,113
182445,1,113
182846,1,113
182925,1,113
183051,1,113
183119,1,113
183133,1,113
183179,1,113
183341,1,113
183429,1,113
183620,1,113
184145,1,113
184282,1,113
184505,1,113
184598,1,113
184677,1,113
184707,1,113
184825,1,113
184830,1,113
185002,1,113
185008,1,113
185037,1,113
185082,1,113
185131,1,113
185197,1,113
185368,1,113
185554,1,113
185579,1,113
185635,1,113
186126,1,113
186264,1,113
186307,1,113
186350,1,113
186363,1,113
186636,1,113
187200,1,113
187636,1,113
187659,1,113
187679,1,113
187696,1,113
187934,1,113
188064,1,113
188208,1,113
188351,1,113
188357,1,113
188544,1,113
189025,1,113
189034,1,113
189181,1,113
189275,1,113
189277,1,113
189321,1,113
189329,1,113
189442,1,113
189623,1,113
189625,1,113
189628,1,113
189635,1,113
189640,1,113
189693,1,113
189711,1,113
189767,1,113
189837,1,113
189837,1,113
189850,1,113
190051,1,113
190304,1,113
190382,1,113
190755,1,113
190763,1,113
190802,1,113
191120,1,113
191153,1,113
191165,1,113
191394,1,113
191404,1,113
191438,1,113
191500,1,113
191516,1,113
192270,1,113
192356,1,113
192379,1,113
192443,1,113
192506,1,113
192513,1,113
192541,1,113
192564,1,113
192580,1,113
192667,1,113
192725,1,113
193164,1,113
193327,1,113
193372,1,113
193464,1,113
193723,1,113
193761,1,113
194101,1,113
194472,1,113
194532,1,113
194699,1,113
194719,1,113
194929,1,113
194940,1,113
195022,1,113
195101,1,113
195172,1,113
195232,1,113
195368,1,113
195471,1,113
195655,1,113
195713,1,113
196095,1,113
196169,1,113
196192,1,113
196233,1,113
196366,1,113
196448,1,113
196581,1,113
196636,1,113
196752,1,113
197168,1,113
197175,1,113
197385,1,113
197397,1,113
197431,1,113
197632,1,113
197943,1,113
198180,1,113
198961,1,113
199005,1,113
199088,1,113
199145,1,113
199212,1,113
199218,1,113
199435,1,113
199461,1,113
199541,1,113
199746,1,113
199802,1,113
199921,1,113
200030,1,113
200074,1,113
200203,1,113
200588,1,113
201020,1,113
201044,1,113
201183,1,113
201203,1,113
201226,1,113
201238,1,113
201250,1,113
201275,1,113
201296,1,113
201328,1,113
201333,1,113
201360,1,113
201441,1,113
201555,1,113
201569,1,113
201574,1,113
201652,1,113
201676,1,113
201693,1,113
201772,1,113
201814,1,113
201844,1,113
201873,1,113
201965,1,113
201975,1,113
202023,1,113
202258,1,113
202267,1,113
202269,1,113
202299,1,113
202308,1,113
202419,1,113
202473,1,113
202582,1,113
202688,1,113
203059,1,113
203583,1,113
203653,1,113
203666,1,113
203952,1,113
204037,1,113
204095,1,113
204219,1,113
204313,1,113
204350,1,113
204427,1,113
204430,1,113
204451,1,113
204478,1,113
204593,1,113
204648,1,113
204759,1,113
204788,1,113
205006,1,113
205020,1,113
205032,1,113
205085,1,113
205111,1,113
205289,1,113
205429,1,113
205481,1,113
205524,1,113
205588,1,113
205828,1,113
206112,1,113
206118,1,113
206459,1,113
206556,1,113
206811,1,113
206819,1,113
206862,1,113
206927,1,113
206955,1,113
207027,1,113
207133,1,113
207144,1,113
207365,1,113
207491,1,113
207522,1,113
207549,1,113
207552,1,113
207615,1,113
207619,1,113
207644,1,113
208079,1,113
208160,1,113
208214,1,113
208257,1,113
208330,1,113
208595,1,113
208799,1,113
208982,1,113
208989,1,113
209074,1,113
209084,1,113
209167,1,113
209196,1,113
209505,1,113
209929,1,113
210160,1,113
210223,1,113
210546,1,113
210821,1,113
210843,1,113
210929,1,113
211016,1,113
211042,1,113
211081,1,113
211150,1,113
211251,1,113
211284,1,113
211599,1,113
211784,1,113
211913,1,113
212103,1,113
212205,1,113
212620,1,113
212858,1,113
212897,1,113
213039,1,113
213072,1,113
213089,1,113
213089,1,113
213090,1,113
213185,1,113
213218,1,113
213317,1,113
213353,1,113
213392,1,113
213449,1,113
213500,1,113
213511,1,113
213589,1,113
213678,1,113
213732,1,113
213789,1,113
213795,1,113
213833,1,113
213895,1,113
213931,1,113
214040,1,113
214052,1,113
214054,1,113
214080,1,113
214082,1,113
214083,1,113
214124,1,113
214163,1,113
214364,1,113
214456,1,113
214618,1,113
214932,1,113
214985,1,113
215001,1,113
215029,1,113
215041,1,113
215070,1,113
215077,1,113
215137,1,113
215148,1,113
215163,1,113
215177,1,113
215184,1,113
215252,1,113
215288,1,113
215444,1,113
215538,1,113
215837,1,113
215981,1,113
215993,1,113
216005,1,113
216053,1,113
216088,1,113
216106,1,113
216188,1,113
216334,1,113
216415,1,113
216564,1,113
216657,1,113
216672,1,113
217002,1,113
217051,1,113
217083,1,113
217179,1,113
217253,1,113
217386,1,113
217727,1,113
217746,1,113
218207,1,113
218220,1,113
218305,1,113
218334,1,113
218346,1,113
218426,1,113
218468,1,113
218645,1,113
218665,1,113
218730,1,113
218846,1,113
218871,1,113
219040,1,113
219042,1,113
219049,1,113
219070,1,113
219157,1,113
219159,1,113
219338,1,113
219421,1,113
219725,1,113
219793,1,113
220046,1,113
220061,1,113
220070,1,113
220146,1,113
220464,1,113
220531,1,113
220586,1,113
220732,1,113
220792,1,113
220828,1,113
220897,1,113
220966,1,113
221002,1,113
221013,1,113
221019,1,113
221032,1,113
221099,1,113
221200,1,113
221200,1,113
221240,1,113
221290,1,113
221372,1,113
221381,1,113
221499,1,113
221559,1,113
222263,1,113
222720,1,113
222938,1,113
223062,1,113
223097,1,113
223124,1,113
223172,1,113
223296,1,113
223320,1,113
223349,1,113
223389,1,113
223396,1,113
223500,1,113
223542,1,113
223557,1,113
223578,1,113
223648,1,113
223753,1,113
223927,1,113
223958,1,113
224123,1,113
224136,1,113
224222,1,113
224286,1,113
224406,1,113
224514,1,113
224524,1,113
224581,1,113
224790,1,113
224904,1,113
225026,1,113
225028,1,113
225029,1,113
225057,1,113
225135,1,113
225273,1,113
225299,1,113
225303,1,113
225348,1,113
225348,1,113
225362,1,113
225408,1,113
225448,1,113
225500,1,113
225586,1,113
225635,1,113
225684,1,113
225699,1,113
225705,1,113
225740,1,113
225763,1,113
225958,1,113
225972,1,113
226007,1,113
226012,1,113
226017,1,113
226055,1,113
226065,1,113
226070,1,113
226071,1,113
226075,1,113
226076,1,113
226102,1,113
226168,1,113
226177,1,113
226180,1,113
226199,1,113
226210,1,113
226224,1,113
226229,1,113
226241,1,113
226292,1,113
226304,1,113
226358,1,113
226486,1,113
226494,1,113
226501,1,113
226510,1,113
226552,1,113
226660,1,113
226678,1,113
227079,1,113
227217,1,113
227234,1,113
227358,1,113
227529,1,113
227553,1,113
227573,1,113
227625,1,113
227632,1,113
227754,1,113
228006,1,113
228019,1,113
228085,1,113
228105,1,113
228119,1,113
228138,1,113
228184,1,113
228207,1,113
228219,1,113
228252,1,113
228261,1,113
228299,1,113
228357,1,113
228361,1,113
228386,1,113
228434,1,113
228526,1,113
228540,1,113
228564,1,113
228578,1,113
228631,1,113
228648,1,113
228675,1,113
228686,1,113
228698,1,113
228752,1,113
228814,1,113
228817,1,113
228828,1,113
228830,1,113
228927,1,113
228984,1,113
228989,1,113
229044,1,113
229070,1,113
229073,1,113
229124,1,113
229161,1,113
229318,1,113
229328,1,113
229382,1,113
229452,1,113
229453,1,113
229529,1,113
229534,1,113
229537,1,113
229545,1,113
229652,1,113
229697,1,113
229850,1,113
230002,1,113
230023,1,113
230053,1,113
230140,1,113
230183,1,113
230204,1,113
230230,1,113
230276,1,113
230293,1,113
230412,1,113
230541,1,113
230563,1,113
230599,1,113
230620,1,113
230655,1,113
230884,1,113
230927,1,113
231016,1,113
231051,1,113
231085,1,113
231087,1,113
231150,1,113
231303,1,113
231438,1,113
231481,1,113
231494,1,113
231534,1,113
231563,1,113
231599,1,113
231604,1,113
231626,1,113
231679,1,113
231806,1,113
231865,1,113
231915,1,113
231920,1,113
231963,1,113
232033,1,113
232047,1,113
232058,1,113
232070,1,113
232081,1,113
232088,1,113
232092,1,113
232136,1,113
232198,1,113
232209,1,113
232287,1,113
232330,1,113
232371,1,113
232405,1,113
232460,1,113
232539,1,113
232540,1,113
232581,1,113
232585,1,113
232774,1,113
232783,1,113
232786,1,113
233058,1,113
233122,1,113
233243,1,113
233250,1,113
233258,1,113
233319,1,113
233432,1,113
233483,1,113
233556,1,113
233557,1,113
233615,1,113
233690,1,113
233851,1,113
233855,1,113
233958,1,113
234006,1,113
234025,1,113
234072,1,113
234095,1,113
234181,1,113
234203,1,113
234215,1,113
234292,1,113
234328,1,113
234416,1,113
234434,1,113
234494,1,113
234675,1,113
234766,1,113
234877,1,113
234913,1,113
234915,1,113
235038,1,113
235131,1,113
235175,1,113
235350,1,113
235380,1,113
235397,1,113
235420,1,113
235494,1,113
235591,1,113
235679,1,113
235780,1,113
235828,1,113
235893,1,113
236007,1,113
236014,1,113
236015,1,113
236064,1,113
236109,1,113
236126,1,113
236155,1,113
236196,1,113
236304,1,113
236328,1,113
236412,1,113
236444,1,113
236471,1,113
236499,1,113
236547,1,113
236734,1,113
236947,1,113
237005,1,113
237010,1,113
237016,1,113
237021,1,113
237025,1,113
237031,1,113
237047,1,113
237055,1,113
237058,1,113
237085,1,113
237095,1,113
237097,1,113
237148,1,113
237153,1,113
237158,1,113
237177,1,113
237197,1,113
237212,1,113
237244,1,113
237257,1,113
237280,1,113
237292,1,113
237331,1,113
237378,1,113
237389,1,113
237433,1,113
237550,1,113
237577,1,113
237587,1,113
237597,1,113
237609,1,113
237634,1,113
237644,1,113
237661,1,113
237697,1,113
237712,1,113
237812,1,113
237813,1,113
237847,1,113
237852,1,113
238026,1,113
238091,1,113
238099,1,113
238183,1,113
238183,1,113
238208,1,113
238230,1,113
238280,1,113
238287,1,113
238294,1,113
238311,1,113
238347,1,113
238373,1,113
238375,1,113
238378,1,113
238405,1,113
238494,1,113
238571,1,113
238576,1,113
238656,1,113
238735,1,113
239204,1,113
239208,1,113
239233,1,113
239268,1,113
239291,1,113
239336,1,113
239469,1,113
239473,1,113
239670,1,113
239779,1,113
239794,1,113
239882,1,113
239914,1,113
239969,1,113
240003,1,113
240025,1,113
240029,1,113
240055,1,113
240085,1,113
240096,1,113
240102,1,113
240102,1,113
240147,1,113
240157,1,113
240205,1,113
240218,1,113
240247,1,113
240267,1,113
240281,1,113
240298,1,113
240380,1,113
240544,1,113
240545,1,113
240611,1,113
240669,1,113
240688,1,113
240693,1,113
240726,1,113
240779,1,113
240801,1,113
240906,1,113
240952,1,113
241033,1,113
241061,1,113
241063,1,113
241079,1,113
241158,1,113
241191,1,113
241192,1,113
241197,1,113
241221,1,113
241226,1,113
241248,1,113
241259,1,113
241342,1,113
241386,1,113
241405,1,113
241472,1,113
241563,1,113
241567,1,113
241580,1,113
241712,1,113
241772,1,113
241776,1,113
241901,1,113
241911,1,113
242051,1,113
242062,1,113
242104,1,113
242115,1,113
242132,1,113
242156,1,113
242273,1,113
242328,1,113
242338,1,113
242392,1,113
242417,1,113
242422,1,113
242475,1,113
242481,1,113
242560,1,113
242567,1,113
242579,1,113
242588,1,113
242597,1,113
242646,1,113
243086,1,113
243144,1,113
243145,1,113
243161,1,113
243173,1,113
243191,1,113
243274,1,113
243312,1,113
243326,1,113
243514,1,113
243519,1,113
243568,1,113
243661,1,113
243718,1,113
243725,1,113
243760,1,113
243761,1,113
243840,1,113
243847,1,113
243866,1,113
243869,1,113
243918,1,113
244010,1,113
244011,1,113
244202,1,113
244221,1,113
244277,1,113
244341,1,113
244361,1,113
244463,1,113
244503,1,113
244530,1,113
244543,1,113
244567,1,113
244583,1,113
244605,1,113
244805,1,113
244806,1,113
244809,1,113
244838,1,113
244913,1,113
244966,1,113
244984,1,113
244995,1,113
245011,1,113
245031,1,113
245066,1,113
245068,1,113
245071,1,113
245119,1,113
245222,1,113
245226,1,113
245268,1,113
245320,1,113
245323,1,113
245342,1,113
245366,1,113
245492,1,113
245650,1,113
245673,1,113
245680,1,113
245748,1,113
245822,1,113
246139,1,113
246170,1,113
246199,1,113
246230,1,113
246319,1,113
246323,1,113
246323,1,113
246362,1,113
246429,1,113
246450,1,113
246481,1,113
246553,1,113
246593,1,113
246609,1,113
246613,1,113
246627,1,113
246636,1,113
246722,1,113
246743,1,113
247033,1,113
247134,1,113
247147,1,113
247177,1,113
247484,1,113
247499,1,113
247501,1,113
247521,1,113
247535,1,113
247554,1,113
247654,1,113
247663,1,113
248009,1,113
248009,1,113
248022,1,113
248027,1,113
248055,1,113
248073,1,113
248128,1,113
248138,1,113
248152,1,113
248167,1,113
248322,1,113
248380,1,113
248411,1,113
248608,1,113
248687,1,113
248711,1,113
248853,1,113
248872,1,113
248893,1,113
249020,1,113
249065,1,113
249074,1,113
249097,1,113
249114,1,113
249128,1,113
249147,1,113
249181,1,113
249192,1,113
249207,1,113
249353,1,113
249353,1,113
249377,1,113
249397,1,113
249452,1,113
249454,1,113
249466,1,113
249468,1,113
249485,1,113
249516,1,113
249553,1,113
249559,1,113
249598,1,113
249683,1,113
249691,1,113
249784,1,113
249790,1,113
249792,1,113
250195,1,113
250201,1,113
250211,1,113
250245,1,113
250262,1,113
250267,1,113
250287,1,113
250291,1,113
250555,1,113
250705,1,113
250808,1,113
250910,1,113
250964,1,113
251056,1,113
251114,1,113
251115,1,113
251140,1,113
251184,1,113
251263,1,113
251268,1,113
251293,1,113
251316,1,113
251434,1,113
251534,1,113
251538,1,113
251583,1,113
251677,1,113
251679,1,113
251737,1,113
251786,1,113
251904,1,113
251957,1,113
252032,1,113
252436,1,113
252438,1,113
252460,1,113
252546,1,113
252729,1,113
252734,1,113
252744,1,113
252749,1,113
252764,1,113
252851,1,113
252882,1,113
252997,1,113
253002,1,113
253024,1,113
253060,1,113
253079,1,113
253080,1,113
253091,1,113
253107,1,113
253119,1,113
253132,1,113
253158,1,113
253161,1,113
253189,1,113
253267,1,113
253451,1,113
253465,1,113
253487,1,113
253493,1,113
253558,1,113
253595,1,113
253605,1,113
253858,1,113
253895,1,113
253955,1,113
254043,1,113
254079,1,113
254084,1,113
254092,1,113
254210,1,113
254237,1,113
254237,1,113
254285,1,113
254378,1,113
254399,1,113
254419,1,113
254469,1,113
254516,1,113
254557,1,113
254751,1,113
254867,1,113
255171,1,113
255296,1,113
255330,1,113
255377,1,113
255460,1,113
255488,1,113
255494,1,113
255503,1,113
255552,1,113
255639,1,113
255676,1,113
255683,1,113
255717,1,113
255750,1,113
255790,1,113
255864,1,113
256074,1,113
256135,1,113
256163,1,113
256203,1,113
256348,1,113
256422,1,113
256433,1,113
256471,1,113
256485,1,113
256500,1,113
256587,1,113
256674,1,113
256789,1,113
256880,1,113
256928,1,113
257007,1,113
257072,1,113
257087,1,113
257159,1,113
257186,1,113
257234,1,113
257238,1,113
257249,1,113
257291,1,113
257338,1,113
257398,1,113
257428,1,113
257449,1,113
257457,1,113
257505,1,113
257552,1,113
257659,1,113
257676,1,113
257731,1,113
257770,1,113
258020,1,113
258059,1,113
258108,1,113
258251,1,113
258373,1,113
258427,1,113
258566,1,113
258567,1,113
258582,1,113
258582,1,113
258661,1,113
258665,1,113
258697,1,113
258727,1,113
258753,1,113
258815,1,113
259030,1,113
259054,1,113
259080,1,113
259096,1,113
259111,1,113
259344,1,113
259363,1,113
259376,1,113
259479,1,113
259733,1,113
259904,1,113
259983,1,113
260086,1,113
260114,1,113
260185,1,113
260242,1,113
260244,1,113
260290,1,113
260397,1,113
260413,1,113
260486,1,113
260494,1,113
260707,1,113
260730,1,113
260738,1,113
260794,1,113
260807,1,113
260825,1,113
260825,1,113
261067,1,113
261074,1,113
261076,1,113
261077,1,113
261141,1,113
261149,1,113
261149,1,113
261152,1,113
261163,1,113
261211,1,113
261316,1,113
261406,1,113
261426,1,113
261503,1,113
261544,1,113
261578,1,113
261620,1,113
261686,1,113
261804,1,113
261818,1,113
261851,1,113
262029,1,113
262066,1,113
262085,1,113
262102,1,113
262203,1,113
262273,1,113
262403,1,113
262529,1,113
262681,1,113
262725,1,113
262838,1,113
263075,1,113
263109,1,113
263123,1,113
263222,1,113
263234,1,113
263335,1,113
263461,1,113
263557,1,113
263663,1,113
263734,1,113
263824,1,113
263830,1,113
263853,1,113
264079,1,113
264166,1,113
264174,1,113
264200,1,113
264375,1,113
264376,1,113
264435,1,113
264636,1,113
264673,1,113
264684,1,113
265016,1,113
265066,1,113
265175,1,113
265204,1,113
265232,1,113
265266,1,113
265399,1,113
265818,1,113
266024,1,113
266031,1,113
266073,1,113
266161,1,113
266358,1,113
266467,1,113
266587,1,113
266601,1,113
266620,1,113
266701,1,113
266762,1,113
266911,1,113
267030,1,113
267273,1,113
267348,1,113
267388,1,113
267404,1,113
267433,1,113
267486,1,113
267495,1,113
267612,1,113
268128,1,113
268318,1,113
268385,1,113
268612,1,113
268628,1,113
268651,1,113
268731,1,113
268740,1,113
268882,1,113
269184,1,113
269373,1,113
269373,1,113
269620,1,113
269777,1,113
269884,1,113
270066,1,113
270069,1,113
270092,1,113
270149,1,113
270678,1,113
270857,1,113
271007,1,113
271044,1,113
271087,1,113
271178,1,113
271201,1,113
271400,1,113
271764,1,113
272077,1,113
272085,1,113
272408,1,113
272616,1,113
273106,1,113
273491,1,113
273883,1,113
273895,1,113
273972,1,113
273977,1,113
274010,1,113
274094,1,113
274416,1,113
274504,1,113
274687,1,113
275039,1,113
275193,1,113
275207,1,113
275409,1,113
275701,1,113
275928,1,113
276132,1,113
276170,1,113
276179,1,113
276197,1,113
276301,1,113
276324,1,113
276416,1,113
277373,1,113
277408,1,113
277663,1,113
277787,1,113
278905,1,113
279332,1,113
279386,1,113
279593,1,113
279761,1,113
280747,1,113
280822,1,113
280894,1,113
281032,1,113
281042,1,113
281074,1,113
281112,1,113
281442,1,113
282078,1,113
282247,1,113
282408,1,113
282467,1,113
282901,1,113
283099,1,113
283104,1,113
283146,1,113
283275,1,113
283376,1,113
283518,1,113
283530,1,113
283562,1,113
283762,1,113
283771,1,113
283906,1,113
283962,1,113
284014,1,113
284022,1,113
284038,1,113
284124,1,113
284130,1,113
284188,1,113
284226,1,113
284593,1,113
284896,1,113
284962,1,113
285034,1,113
285133,1,113
285173,1,113
285192,1,113
285286,1,113
285289,1,113
285646,1,113
285741,1,113
286834,1,113
286968,1,113
287193,1,113
287296,1,113
287368,1,113
287554,1,113
287691,1,113
287701,1,113
287890,1,113
288228,1,113
288251,1,113
288296,1,113
288349,1,113
288585,1,113
288888,1,113
288979,1,113
289053,1,113
289073,1,113
289350,1,113
289551,1,113
289607,1,113
290102,1,113
290303,1,113
291282,1,113
291572,1,113
291720,1,113
