10,1,450
14,1,450
57,1,450
154,1,450
401,1,450
503,1,450
941,1,450
1014,1,450
1072,1,450
1208,1,450
1309,1,450
1516,1,450
1898,1,450
2002,1,450
2053,1,450
2255,1,450
2359,1,450
2541,1,450
2763,1,450
3043,1,450
3058,1,450
3283,1,450
3332,1,450
3364,1,450
3392,1,450
3495,1,450
3528,1,450
3553,1,450
4416,1,450
4511,1,450
4593,1,450
4704,1,450
4713,1,450
4776,1,450
4791,1,450
4795,1,450
5100,1,450
5247,1,450
5325,1,450
5477,1,450
5553,1,450
6054,1,450
6114,1,450
6316,1,450
6508,1,450
6907,1,450
7028,1,450
7140,1,450
7352,1,450
7354,1,450
7384,1,450
7477,1,450
7945,1,450
8023,1,450
8150,1,450
8304,1,450
8350,1,450
9086,1,450
9116,1,450
9147,1,450
9179,1,450
9199,1,450
9279,1,450
9329,1,450
9401,1,450
9434,1,450
9440,1,450
9465,1,450
9526,1,450
9571,1,450
9754,1,450
9781,1,450
10004,1,450
10074,1,450
10116,1,450
10279,1,450
10673,1,450
10805,1,450
10909,1,450
11006,1,450
11131,1,450
11137,1,450
11205,1,450
11208,1,450
11304,1,450
11326,1,450
11627,1,450
11838,1,450
11929,1,450
12024,1,450
12064,1,450
12324,1,450
12496,1,450
12764,1,450
12784,1,450
12787,1,450
12843,1,450
12890,1,450
13130,1,450
13444,1,450
13702,1,450
13770,1,450
13809,1,450
13952,1,450
14052,1,450
14056,1,450
14112,1,450
14114,1,450
14159,1,450
14176,1,450
14197,1,450
14225,1,450
14302,1,450
14378,1,450
14474,1,450
14545,1,450
14874,1,450
15020,1,450
15136,1,450
15145,1,450
15842,1,450
15979,1,450
16027,1,450
16140,1,450
16234,1,450
16753,1,450
16777,1,450
17191,1,450
17355,1,450
17440,1,450
17477,1,450
17707,1,450
18461,1,450
19553,1,450
19779,1,450
19867,1,450
20467,1,450
20479,1,450
20498,1,450
20666,1,450
20833,1,450
21090,1,450
21106,1,450
21439,1,450
21490,1,450
21530,1,450
21537,1,450
21574,1,450
21580,1,450
21584,1,450
21596,1,450
21629,1,450
21633,1,450
21692,1,450
21798,1,450
21801,1,450
21807,1,450
21810,1,450
21812,1,450
22027,1,450
22061,1,450
22260,1,450
22313,1,450
22347,1,450
22389,1,450
22395,1,450
22466,1,450
22477,1,450
22482,1,450
22502,1,450
23089,1,450
23267,1,450
23541,1,450
23644,1,450
23657,1,450
23886,1,450
23927,1,450
24072,1,450
24126,1,450
24157,1,450
24232,1,450
24234,1,450
24253,1,450
24291,1,450
24319,1,450
24592,1,450
24611,1,450
24622,1,450
24674,1,450
24702,1,450
25078,1,450
25233,1,450
25512,1,450
25555,1,450
25671,1,450
26000,1,450
26102,1,450
26149,1,450
26198,1,450
26215,1,450
26570,1,450
26586,1,450
27085,1,450
27281,1,450
27296,1,450
27338,1,450
27671,1,450
27736,1,450
27870,1,450
27910,1,450
27932,1,450
28090,1,450
28370,1,450
28381,1,450
28440,1,450
28468,1,450
28642,1,450
28856,1,450
28905,1,450
29104,1,450
29159,1,450
29228,1,450
29255,1,450
29448,1,450
29491,1,450
29540,1,450
29559,1,450
29957,1,450
30101,1,450
30219,1,450
30331,1,450
30359,1,450
30787,1,450
30930,1,450
31062,1,450
31081,1,450
31104,1,450
31130,1,450
31450,1,450
31563,1,450
32248,1,450
32397,1,450
32414,1,450
32658,1,450
33062,1,450
33063,1,450
33063,1,450
33106,1,450
33116,1,450
33206,1,450
33295,1,450
33340,1,450
33405,1,450
33423,1,450
33427,1,450
33429,1,450
33436,1,450
33438,1,450
33457,1,450
33489,1,450
33513,1,450
33552,1,450
33572,1,450
33584,1,450
33615,1,450
33624,1,450
33648,1,450
33762,1,450
33781,1,450
33799,1,450
34003,1,450
34050,1,450
34074,1,450
34149,1,450
34185,1,450
34188,1,450
34258,1,450
34276,1,450
34303,1,450
34382,1,450
34400,1,450
34444,1,450
34456,1,450
34522,1,450
34576,1,450
35060,1,450
35168,1,450
35177,1,450
35254,1,450
35271,1,450
35450,1,450
35548,1,450
35609,1,450
35719,1,450
35752,1,450
35771,1,450
35786,1,450
36069,1,450
36074,1,450
36192,1,450
36281,1,450
36529,1,450
36564,1,450
36709,1,450
36716,1,450
37069,1,450
37119,1,450
37156,1,450
37159,1,450
37322,1,450
37420,1,450
37549,1,450
37690,1,450
37837,1,450
37879,1,450
37937,1,450
38008,1,450
38208,1,450
38222,1,450
38274,1,450
38294,1,450
38518,1,450
38596,1,450
38683,1,450
38753,1,450
38888,1,450
39041,1,450
39075,1,450
39283,1,450
39290,1,450
39430,1,450
39495,1,450
39583,1,450
39599,1,450
39688,1,450
39724,1,450
39727,1,450
39936,1,450
39959,1,450
40112,1,450
40128,1,450
40303,1,450
40360,1,450
40369,1,450
40390,1,450
40419,1,450
40443,1,450
40496,1,450
40628,1,450
40634,1,450
40677,1,450
40719,1,450
40729,1,450
40748,1,450
41002,1,450
41021,1,450
41052,1,450
41116,1,450
41176,1,450
41196,1,450
41274,1,450
41546,1,450
41562,1,450
41646,1,450
41818,1,450
42197,1,450
42382,1,450
42393,1,450
42399,1,450
42401,1,450
42577,1,450
42617,1,450
42653,1,450
42692,1,450
43066,1,450
43491,1,450
43760,1,450
43965,1,450
43969,1,450
44176,1,450
44209,1,450
44224,1,450
44249,1,450
44323,1,450
44333,1,450
44340,1,450
44376,1,450
44397,1,450
44473,1,450
44506,1,450
44572,1,450
44609,1,450
44796,1,450
45006,1,450
45060,1,450
45064,1,450
45088,1,450
45094,1,450
45098,1,450
45132,1,450
45180,1,450
45183,1,450
45184,1,450
45199,1,450
45214,1,450
45264,1,450
45282,1,450
45288,1,450
45359,1,450
45361,1,450
45404,1,450
45430,1,450
45459,1,450
45461,1,450
45494,1,450
45541,1,450
45544,1,450
45572,1,450
45582,1,450
45613,1,450
45629,1,450
45658,1,450
45720,1,450
46064,1,450
46119,1,450
46138,1,450
46146,1,450
46158,1,450
46171,1,450
46174,1,450
46187,1,450
46204,1,450
46230,1,450
46242,1,450
46275,1,450
46434,1,450
46565,1,450
46590,1,450
46611,1,450
46633,1,450
46657,1,450
46673,1,450
46782,1,450
46801,1,450
46980,1,450
47032,1,450
47090,1,450
47126,1,450
47140,1,450
47182,1,450
47258,1,450
47261,1,450
47270,1,450
47321,1,450
47358,1,450
47362,1,450
47418,1,450
47581,1,450
47630,1,450
47637,1,450
47689,1,450
47758,1,450
47788,1,450
47863,1,450
47872,1,450
47883,1,450
47927,1,450
47955,1,450
47967,1,450
48016,1,450
48023,1,450
48073,1,450
48138,1,450
48159,1,450
48363,1,450
48436,1,450
48455,1,450
48463,1,450
48582,1,450
48616,1,450
48635,1,450
48660,1,450
48725,1,450
48745,1,450
48752,1,450
48868,1,450
48898,1,450
48958,1,450
48984,1,450
48999,1,450
49043,1,450
49074,1,450
49095,1,450
49207,1,450
49211,1,450
49213,1,450
49456,1,450
49477,1,450
49535,1,450
49542,1,450
49544,1,450
49547,1,450
49563,1,450
49661,1,450
49879,1,450
50021,1,450
50082,1,450
50084,1,450
50119,1,450
50129,1,450
50140,1,450
50149,1,450
50190,1,450
50205,1,450
50258,1,450
50272,1,450
50390,1,450
50409,1,450
50556,1,450
50573,1,450
50730,1,450
50814,1,450
50910,1,450
50926,1,450
50946,1,450
50952,1,450
50975,1,450
51015,1,450
51074,1,450
51105,1,450
51164,1,450
51189,1,450
51210,1,450
51226,1,450
51265,1,450
51290,1,450
51292,1,450
51296,1,450
51298,1,450
51352,1,450
51365,1,450
51371,1,450
51401,1,450
51431,1,450
51519,1,450
51560,1,450
51571,1,450
51583,1,450
51631,1,450
51691,1,450
51705,1,450
51800,1,450
51834,1,450
51948,1,450
51953,1,450
51971,1,450
52032,1,450
52065,1,450
52098,1,450
52134,1,450
52270,1,450
52361,1,450
52437,1,450
52438,1,450
52451,1,450
52510,1,450
52553,1,450
52555,1,450
52566,1,450
52587,1,450
52606,1,450
52616,1,450
52686,1,450
52805,1,450
52807,1,450
52873,1,450
52975,1,450
53063,1,450
53110,1,450
53116,1,450
53347,1,450
53385,1,450
53404,1,450
53427,1,450
53474,1,450
53514,1,450
53523,1,450
53535,1,450
53536,1,450
53559,1,450
53577,1,450
53792,1,450
53873,1,450
53927,1,450
53989,1,450
54008,1,450
54048,1,450
54068,1,450
54155,1,450
54193,1,450
54198,1,450
54263,1,450
54292,1,450
54436,1,450
54483,1,450
54530,1,450
54567,1,450
54675,1,450
54682,1,450
54858,1,450
54870,1,450
54883,1,450
54947,1,450
54950,1,450
55027,1,450
55136,1,450
55144,1,450
55172,1,450
55214,1,450
55218,1,450
55282,1,450
55414,1,450
55432,1,450
55451,1,450
55480,1,450
55508,1,450
55539,1,450
55565,1,450
55565,1,450
55588,1,450
55675,1,450
55811,1,450
55900,1,450
55961,1,450
55998,1,450
56021,1,450
56049,1,450
56051,1,450
56060,1,450
56084,1,450
56097,1,450
56107,1,450
56199,1,450
56212,1,450
56223,1,450
56250,1,450
56257,1,450
56311,1,450
56422,1,450
56471,1,450
56500,1,450
56524,1,450
56543,1,450
56617,1,450
56624,1,450
56630,1,450
57028,1,450
57118,1,450
57135,1,450
57179,1,450
57205,1,450
57215,1,450
57264,1,450
57339,1,450
57441,1,450
57449,1,450
57450,1,450
57472,1,450
57475,1,450
57533,1,450
57558,1,450
57575,1,450
57671,1,450
57680,1,450
57714,1,450
57736,1,450
57795,1,450
57858,1,450
57886,1,450
57954,1,450
57966,1,450
57992,1,450
58008,1,450
58015,1,450
58095,1,450
58107,1,450
58114,1,450
58135,1,450
58147,1,450
58171,1,450
58172,1,450
58239,1,450
58245,1,450
58306,1,450
58307,1,450
58354,1,450
58354,1,450
58354,1,450
58359,1,450
58373,1,450
58397,1,450
58397,1,450
58402,1,450
58418,1,450
58424,1,450
58428,1,450
58433,1,450
58434,1,450
58451,1,450
58513,1,450
58538,1,450
58595,1,450
58660,1,450
58703,1,450
58719,1,450
58720,1,450
58747,1,450
58758,1,450
58764,1,450
58767,1,450
58865,1,450
58875,1,450
58954,1,450
58999,1,450
59000,1,450
59005,1,450
59014,1,450
59048,1,450
59049,1,450
59130,1,450
59139,1,450
59162,1,450
59247,1,450
59289,1,450
59309,1,450
59335,1,450
59352,1,450
59361,1,450
59436,1,450
59462,1,450
59473,1,450
59526,1,450
59560,1,450
59563,1,450
59578,1,450
59668,1,450
59690,1,450
59694,1,450
59715,1,450
59755,1,450
59814,1,450
59817,1,450
59831,1,450
59834,1,450
59917,1,450
59918,1,450
60026,1,450
60075,1,450
60302,1,450
60321,1,450
60399,1,450
60424,1,450
60441,1,450
60447,1,450
60457,1,450
60547,1,450
60554,1,450
60670,1,450
60688,1,450
60689,1,450
60704,1,450
60743,1,450
60771,1,450
60774,1,450
60790,1,450
60863,1,450
60881,1,450
60902,1,450
60904,1,450
60951,1,450
60986,1,450
60987,1,450
61018,1,450
61032,1,450
61060,1,450
61086,1,450
61122,1,450
61211,1,450
61224,1,450
61246,1,450
61263,1,450
61270,1,450
61276,1,450
61278,1,450
61322,1,450
61373,1,450
61424,1,450
61430,1,450
61446,1,450
61500,1,450
61512,1,450
61520,1,450
61555,1,450
61606,1,450
61626,1,450
61632,1,450
61667,1,450
61697,1,450
61717,1,450
61758,1,450
61799,1,450
62044,1,450
62103,1,450
62188,1,450
62197,1,450
62215,1,450
62270,1,450
62277,1,450
62331,1,450
62373,1,450
62385,1,450
62403,1,450
62412,1,450
62447,1,450
62460,1,450
62488,1,450
62596,1,450
62597,1,450
62636,1,450
62717,1,450
62769,1,450
62844,1,450
62862,1,450
62926,1,450
62938,1,450
62973,1,450
62990,1,450
63009,1,450
63016,1,450
63072,1,450
63072,1,450
63074,1,450
63083,1,450
63106,1,450
63124,1,450
63131,1,450
63136,1,450
63142,1,450
63156,1,450
63175,1,450
63196,1,450
63200,1,450
63267,1,450
63319,1,450
63330,1,450
63363,1,450
63377,1,450
63409,1,450
63433,1,450
63474,1,450
63490,1,450
63571,1,450
63632,1,450
63687,1,450
63782,1,450
63805,1,450
63809,1,450
63847,1,450
64033,1,450
64089,1,450
64100,1,450
64128,1,450
64160,1,450
64204,1,450
64262,1,450
64302,1,450
64317,1,450
64319,1,450
64342,1,450
64451,1,450
64451,1,450
64468,1,450
64527,1,450
64690,1,450
64703,1,450
64706,1,450
64709,1,450
64725,1,450
64726,1,450
64741,1,450
64777,1,450
64810,1,450
64842,1,450
64966,1,450
64966,1,450
64967,1,450
64986,1,450
65001,1,450
65027,1,450
65050,1,450
65086,1,450
65118,1,450
65229,1,450
65230,1,450
65241,1,450
65253,1,450
65274,1,450
65323,1,450
65332,1,450
65335,1,450
65361,1,450
65371,1,450
65378,1,450
65441,1,450
65512,1,450
65529,1,450
65533,1,450
65553,1,450
65582,1,450
65583,1,450
65604,1,450
65636,1,450
65649,1,450
65672,1,450
65712,1,450
66224,1,450
66233,1,450
66307,1,450
66318,1,450
66346,1,450
66354,1,450
66367,1,450
66378,1,450
66413,1,450
66448,1,450
66464,1,450
66499,1,450
66506,1,450
66514,1,450
66583,1,450
66609,1,450
66700,1,450
66722,1,450
66725,1,450
66744,1,450
66824,1,450
66850,1,450
66899,1,450
66915,1,450
66959,1,450
66977,1,450
67028,1,450
67041,1,450
67091,1,450
67138,1,450
67191,1,450
67262,1,450
67319,1,450
67522,1,450
67532,1,450
67560,1,450
67573,1,450
67590,1,450
67660,1,450
67710,1,450
67718,1,450
67760,1,450
67764,1,450
67848,1,450
67857,1,450
68001,1,450
68010,1,450
68019,1,450
68022,1,450
68034,1,450
68047,1,450
68050,1,450
68055,1,450
68056,1,450
68083,1,450
68090,1,450
68108,1,450
68115,1,450
68146,1,450
68150,1,450
68158,1,450
68262,1,450
68412,1,450
68422,1,450
68500,1,450
68543,1,450
68660,1,450
68692,1,450
68697,1,450
68729,1,450
68758,1,450
68838,1,450
68857,1,450
68869,1,450
68897,1,450
68898,1,450
68929,1,450
68939,1,450
69009,1,450
69022,1,450
69030,1,450
69033,1,450
69039,1,450
69061,1,450
69068,1,450
69071,1,450
69075,1,450
69076,1,450
69103,1,450
69108,1,450
69109,1,450
69167,1,450
69175,1,450
69208,1,450
69208,1,450
69243,1,450
69275,1,450
69326,1,450
69337,1,450
69347,1,450
69353,1,450
69360,1,450
69384,1,450
69390,1,450
69435,1,450
69475,1,450
69495,1,450
69501,1,450
69525,1,450
69584,1,450
69587,1,450
69605,1,450
69638,1,450
69644,1,450
69649,1,450
69659,1,450
69664,1,450
69666,1,450
69715,1,450
69772,1,450
69800,1,450
69806,1,450
69822,1,450
69854,1,450
69889,1,450
69892,1,450
69903,1,450
69908,1,450
69937,1,450
69942,1,450
69982,1,450
70001,1,450
70007,1,450
70008,1,450
70009,1,450
70033,1,450
70039,1,450
70048,1,450
70049,1,450
70062,1,450
70089,1,450
70104,1,450
70130,1,450
70130,1,450
70139,1,450
70147,1,450
70159,1,450
70163,1,450
70192,1,450
70223,1,450
70250,1,450
70272,1,450
70287,1,450
70287,1,450
70379,1,450
70382,1,450
70397,1,450
70432,1,450
70459,1,450
70459,1,450
70499,1,450
70545,1,450
70582,1,450
70585,1,450
70643,1,450
70648,1,450
70665,1,450
70730,1,450
70756,1,450
70764,1,450
70776,1,450
70800,1,450
70818,1,450
70831,1,450
70841,1,450
70853,1,450
70865,1,450
70874,1,450
70881,1,450
70897,1,450
70973,1,450
70977,1,450
71045,1,450
71095,1,450
71108,1,450
71151,1,450
71172,1,450
71175,1,450
71182,1,450
71215,1,450
71227,1,450
71238,1,450
71264,1,450
71286,1,450
71315,1,450
71378,1,450
71406,1,450
71424,1,450
71503,1,450
71513,1,450
71513,1,450
71564,1,450
71604,1,450
71634,1,450
71663,1,450
71677,1,450
71767,1,450
71784,1,450
71828,1,450
71909,1,450
71962,1,450
72012,1,450
72014,1,450
72049,1,450
72056,1,450
72063,1,450
72076,1,450
72101,1,450
72106,1,450
72119,1,450
72122,1,450
72123,1,450
72143,1,450
72144,1,450
72188,1,450
72193,1,450
72201,1,450
72209,1,450
72213,1,450
72230,1,450
72234,1,450
72239,1,450
72269,1,450
72280,1,450
72303,1,450
72343,1,450
72353,1,450
72382,1,450
72389,1,450
72402,1,450
72461,1,450
72519,1,450
72520,1,450
72527,1,450
72529,1,450
72556,1,450
72667,1,450
72674,1,450
72702,1,450
72703,1,450
72716,1,450
72722,1,450
72732,1,450
72737,1,450
72783,1,450
72785,1,450
72808,1,450
72818,1,450
72844,1,450
72876,1,450
72923,1,450
72926,1,450
72937,1,450
72968,1,450
73004,1,450
73012,1,450
73019,1,450
73023,1,450
73051,1,450
73099,1,450
73146,1,450
73171,1,450
73180,1,450
73200,1,450
73207,1,450
73207,1,450
73215,1,450
73237,1,450
73287,1,450
73294,1,450
73318,1,450
73399,1,450
73429,1,450
73435,1,450
73461,1,450
73464,1,450
73477,1,450
73486,1,450
73496,1,450
73509,1,450
73560,1,450
73572,1,450
73586,1,450
73594,1,450
73599,1,450
73650,1,450
73705,1,450
73720,1,450
73728,1,450
73730,1,450
73749,1,450
73759,1,450
73764,1,450
73793,1,450
73799,1,450
74021,1,450
74039,1,450
74047,1,450
74048,1,450
74053,1,450
74063,1,450
74084,1,450
74092,1,450
74106,1,450
74144,1,450
74276,1,450
74289,1,450
74340,1,450
74419,1,450
74482,1,450
74686,1,450
74712,1,450
74738,1,450
74752,1,450
74780,1,450
74809,1,450
74847,1,450
74861,1,450
74865,1,450
74948,1,450
74992,1,450
75012,1,450
75028,1,450
75043,1,450
75044,1,450
75045,1,450
75049,1,450
75059,1,450
75060,1,450
75065,1,450
75067,1,450
75074,1,450
75075,1,450
75089,1,450
75107,1,450
75115,1,450
75124,1,450
75142,1,450
75150,1,450
75161,1,450
75181,1,450
75227,1,450
75245,1,450
75304,1,450
75304,1,450
75309,1,450
75354,1,450
75357,1,450
75372,1,450
75374,1,450
75375,1,450
75375,1,450
75385,1,450
75443,1,450
75539,1,450
75552,1,450
75562,1,450
75567,1,450
75587,1,450
75610,1,450
75623,1,450
75658,1,450
75704,1,450
75710,1,450
75710,1,450
75737,1,450
75739,1,450
75797,1,450
75817,1,450
75817,1,450
75900,1,450
75941,1,450
75948,1,450
75993,1,450
76001,1,450
76013,1,450
76017,1,450
76018,1,450
76025,1,450
76037,1,450
76074,1,450
76111,1,450
76165,1,450
76191,1,450
76228,1,450
76234,1,450
76241,1,450
76254,1,450
76276,1,450
76309,1,450
76318,1,450
76355,1,450
76358,1,450
76369,1,450
76386,1,450
76391,1,450
76407,1,450
76435,1,450
76449,1,450
76450,1,450
76461,1,450
76573,1,450
76698,1,450
76698,1,450
76728,1,450
76759,1,450
76785,1,450
76838,1,450
76845,1,450
76864,1,450
76872,1,450
76976,1,450
76983,1,450
76994,1,450
77022,1,450
77032,1,450
77036,1,450
77068,1,450
77082,1,450
77098,1,450
77108,1,450
77115,1,450
77178,1,450
77218,1,450
77285,1,450
77289,1,450
77302,1,450
77362,1,450
77378,1,450
77387,1,450
77401,1,450
77407,1,450
77509,1,450
77532,1,450
77556,1,450
77561,1,450
77570,1,450
77587,1,450
77607,1,450
77625,1,450
77665,1,450
77741,1,450
77746,1,450
77775,1,450
77781,1,450
77782,1,450
77800,1,450
77831,1,450
77869,1,450
77878,1,450
77900,1,450
77944,1,450
77966,1,450
78041,1,450
78044,1,450
78055,1,450
78062,1,450
78117,1,450
78123,1,450
78135,1,450
78141,1,450
78239,1,450
78259,1,450
78270,1,450
78283,1,450
78330,1,450
78339,1,450
78353,1,450
78368,1,450
78385,1,450
78438,1,450
78440,1,450
78445,1,450
78452,1,450
78463,1,450
78569,1,450
78594,1,450
78608,1,450
78609,1,450
78609,1,450
78611,1,450
78621,1,450
78654,1,450
78654,1,450
78690,1,450
78721,1,450
78723,1,450
78792,1,450
78806,1,450
78807,1,450
78812,1,450
78886,1,450
78915,1,450
78923,1,450
78944,1,450
78966,1,450
79032,1,450
79043,1,450
79091,1,450
79148,1,450
79211,1,450
79218,1,450
79251,1,450
79266,1,450
79283,1,450
79293,1,450
79344,1,450
79359,1,450
79369,1,450
79418,1,450
79448,1,450
79500,1,450
79510,1,450
79516,1,450
79598,1,450
79644,1,450
79648,1,450
79655,1,450
79661,1,450
79664,1,450
79673,1,450
79678,1,450
79688,1,450
79699,1,450
79707,1,450
79720,1,450
79741,1,450
79758,1,450
79767,1,450
79796,1,450
79827,1,450
79894,1,450
79906,1,450
79944,1,450
79979,1,450
80001,1,450
80039,1,450
80105,1,450
80108,1,450
80118,1,450
80137,1,450
80145,1,450
80163,1,450
80178,1,450
80183,1,450
80212,1,450
80215,1,450
80266,1,450
80300,1,450
80309,1,450
80370,1,450
80400,1,450
80428,1,450
80442,1,450
80446,1,450
80471,1,450
80474,1,450
80483,1,450
80500,1,450
80505,1,450
80529,1,450
80541,1,450
80558,1,450
80606,1,450
80610,1,450
80640,1,450
80681,1,450
80700,1,450
80723,1,450
80727,1,450
80767,1,450
80806,1,450
80882,1,450
80906,1,450
81012,1,450
81026,1,450
81038,1,450
81049,1,450
81056,1,450
81107,1,450
81138,1,450
81141,1,450
81155,1,450
81167,1,450
81168,1,450
81187,1,450
81192,1,450
81241,1,450
81291,1,450
81371,1,450
81400,1,450
81400,1,450
81431,1,450
81447,1,450
81447,1,450
81469,1,450
81487,1,450
81504,1,450
81510,1,450
81584,1,450
81588,1,450
81589,1,450
81631,1,450
81648,1,450
81650,1,450
81726,1,450
81735,1,450
81743,1,450
81765,1,450
81769,1,450
81799,1,450
81805,1,450
81814,1,450
81820,1,450
81821,1,450
81836,1,450
81879,1,450
81903,1,450
81950,1,450
81955,1,450
81958,1,450
81959,1,450
81966,1,450
82001,1,450
82008,1,450
82013,1,450
82022,1,450
82037,1,450
82039,1,450
82048,1,450
82055,1,450
82058,1,450
82059,1,450
82084,1,450
82084,1,450
82085,1,450
82089,1,450
82094,1,450
82103,1,450
82120,1,450
82149,1,450
82173,1,450
82184,1,450
82284,1,450
82285,1,450
82367,1,450
82421,1,450
82445,1,450
82453,1,450
82457,1,450
82458,1,450
82461,1,450
82489,1,450
82528,1,450
82540,1,450
82559,1,450
82574,1,450
82582,1,450
82583,1,450
82586,1,450
82621,1,450
82663,1,450
82697,1,450
82712,1,450
82719,1,450
82734,1,450
82755,1,450
82780,1,450
82822,1,450
82830,1,450
82839,1,450
82845,1,450
82901,1,450
82905,1,450
82906,1,450
82907,1,450
83004,1,450
83036,1,450
83044,1,450
83077,1,450
83080,1,450
83109,1,450
83115,1,450
83118,1,450
83141,1,450
83150,1,450
83154,1,450
83156,1,450
83176,1,450
83259,1,450
83268,1,450
83288,1,450
83295,1,450
83295,1,450
83302,1,450
83338,1,450
83351,1,450
83358,1,450
83391,1,450
83471,1,450
83481,1,450
83488,1,450
83544,1,450
83623,1,450
83682,1,450
83683,1,450
83725,1,450
83760,1,450
83777,1,450
83784,1,450
83817,1,450
83820,1,450
83824,1,450
83849,1,450
83874,1,450
83909,1,450
83910,1,450
83949,1,450
83976,1,450
83976,1,450
83986,1,450
84006,1,450
84025,1,450
84044,1,450
84055,1,450
84068,1,450
84088,1,450
84155,1,450
84158,1,450
84221,1,450
84253,1,450
84292,1,450
84299,1,450
84305,1,450
84314,1,450
84325,1,450
84355,1,450
84368,1,450
84395,1,450
84423,1,450
84429,1,450
84433,1,450
84502,1,450
84510,1,450
84566,1,450
84577,1,450
84582,1,450
84593,1,450
84636,1,450
84670,1,450
84697,1,450
84742,1,450
84750,1,450
84770,1,450
84778,1,450
84835,1,450
84851,1,450
84852,1,450
84865,1,450
84871,1,450
84881,1,450
84899,1,450
84902,1,450
84948,1,450
84978,1,450
84996,1,450
85011,1,450
85018,1,450
85021,1,450
85028,1,450
85042,1,450
85067,1,450
85091,1,450
85111,1,450
85135,1,450
85153,1,450
85175,1,450
85183,1,450
85203,1,450
85211,1,450
85215,1,450
85233,1,450
85238,1,450
85354,1,450
85365,1,450
85371,1,450
85411,1,450
85433,1,450
85456,1,450
85456,1,450
85507,1,450
85537,1,450
85553,1,450
85570,1,450
85585,1,450
85614,1,450
85627,1,450
85663,1,450
85700,1,450
85721,1,450
85738,1,450
85767,1,450
85790,1,450
85793,1,450
85813,1,450
85863,1,450
85878,1,450
85887,1,450
85902,1,450
85915,1,450
85949,1,450
86026,1,450
86047,1,450
86129,1,450
86136,1,450
86149,1,450
86158,1,450
86190,1,450
86194,1,450
86280,1,450
86281,1,450
86288,1,450
86291,1,450
86327,1,450
86378,1,450
86390,1,450
86395,1,450
86421,1,450
86456,1,450
86473,1,450
86493,1,450
86494,1,450
86507,1,450
86561,1,450
86568,1,450
86578,1,450
86584,1,450
86597,1,450
86604,1,450
86614,1,450
86676,1,450
86711,1,450
86712,1,450
86728,1,450
86760,1,450
86808,1,450
86811,1,450
86826,1,450
86827,1,450
86862,1,450
86863,1,450
86875,1,450
86882,1,450
86896,1,450
86898,1,450
86905,1,450
86907,1,450
87006,1,450
87018,1,450
87038,1,450
87057,1,450
87099,1,450
87110,1,450
87131,1,450
87132,1,450
87145,1,450
87169,1,450
87186,1,450
87202,1,450
87265,1,450
87271,1,450
87282,1,450
87325,1,450
87351,1,450
87408,1,450
87413,1,450
87469,1,450
87479,1,450
87481,1,450
87524,1,450
87539,1,450
87548,1,450
87575,1,450
87587,1,450
87588,1,450
87653,1,450
87690,1,450
87735,1,450
87743,1,450
87804,1,450
87817,1,450
87827,1,450
87840,1,450
87844,1,450
87907,1,450
87921,1,450
87930,1,450
87949,1,450
87990,1,450
88007,1,450
88022,1,450
88029,1,450
88061,1,450
88086,1,450
88106,1,450
88109,1,450
88118,1,450
88146,1,450
88155,1,450
88157,1,450
88182,1,450
88186,1,450
88193,1,450
88195,1,450
88210,1,450
88217,1,450
88251,1,450
88294,1,450
88320,1,450
88330,1,450
88340,1,450
88391,1,450
88413,1,450
88438,1,450
88484,1,450
88504,1,450
88511,1,450
88724,1,450
88780,1,450
88800,1,450
88803,1,450
88841,1,450
88873,1,450
88876,1,450
88885,1,450
88903,1,450
88919,1,450
88928,1,450
88955,1,450
89003,1,450
89018,1,450
89027,1,450
89059,1,450
89078,1,450
89139,1,450
89163,1,450
89174,1,450
89175,1,450
89196,1,450
89199,1,450
89219,1,450
89254,1,450
89255,1,450
89279,1,450
89285,1,450
89322,1,450
89367,1,450
89369,1,450
89383,1,450
89398,1,450
89399,1,450
89411,1,450
89452,1,450
89491,1,450
89526,1,450
89532,1,450
89538,1,450
89561,1,450
89562,1,450
89577,1,450
89585,1,450
89623,1,450
89629,1,450
89643,1,450
89660,1,450
89695,1,450
89711,1,450
89760,1,450
89772,1,450
89772,1,450
89789,1,450
89803,1,450
89803,1,450
89817,1,450
89822,1,450
89840,1,450
89861,1,450
89866,1,450
89917,1,450
89918,1,450
89943,1,450
90009,1,450
90010,1,450
90017,1,450
90032,1,450
90045,1,450
90053,1,450
90093,1,450
90096,1,450
90110,1,450
90117,1,450
90191,1,450
90201,1,450
90220,1,450
90250,1,450
90316,1,450
90331,1,450
90347,1,450
90354,1,450
90398,1,450
90401,1,450
90416,1,450
90423,1,450
90431,1,450
90471,1,450
90505,1,450
90550,1,450
90563,1,450
90575,1,450
90612,1,450
90627,1,450
90659,1,450
90667,1,450
90692,1,450
90694,1,450
90710,1,450
90722,1,450
90750,1,450
90759,1,450
90766,1,450
90769,1,450
90774,1,450
91015,1,450
91039,1,450
91047,1,450
91047,1,450
91081,1,450
91097,1,450
91098,1,450
91106,1,450
91112,1,450
91131,1,450
91152,1,450
91175,1,450
91213,1,450
91240,1,450
91244,1,450
91274,1,450
91312,1,450
91325,1,450
91330,1,450
91332,1,450
91340,1,450
91442,1,450
91452,1,450
91458,1,450
91473,1,450
91524,1,450
91581,1,450
91583,1,450
91599,1,450
91602,1,450
91610,1,450
91639,1,450
91674,1,450
91711,1,450
91716,1,450
91772,1,450
91776,1,450
91794,1,450
91804,1,450
91821,1,450
91876,1,450
91989,1,450
91997,1,450
92019,1,450
92166,1,450
92198,1,450
92219,1,450
92224,1,450
92260,1,450
92269,1,450
92358,1,450
92359,1,450
92376,1,450
92380,1,450
92413,1,450
92429,1,450
92540,1,450
92553,1,450
92608,1,450
92609,1,450
92647,1,450
92695,1,450
92698,1,450
92725,1,450
92732,1,450
92741,1,450
92766,1,450
92799,1,450
92806,1,450
92825,1,450
92860,1,450
92884,1,450
92885,1,450
92901,1,450
92927,1,450
92936,1,450
92951,1,450
92959,1,450
92978,1,450
92990,1,450
93002,1,450
93006,1,450
93020,1,450
93039,1,450
93039,1,450
93040,1,450
93053,1,450
93053,1,450
93058,1,450
93069,1,450
93087,1,450
93109,1,450
93109,1,450
93183,1,450
93184,1,450
93191,1,450
93200,1,450
93203,1,450
93208,1,450
93246,1,450
93259,1,450
93271,1,450
93279,1,450
93321,1,450
93322,1,450
93322,1,450
93325,1,450
93336,1,450
93366,1,450
93380,1,450
93413,1,450
93415,1,450
93439,1,450
93461,1,450
93476,1,450
93482,1,450
93493,1,450
93504,1,450
93519,1,450
93532,1,450
93535,1,450
93542,1,450
93547,1,450
93551,1,450
93554,1,450
93558,1,450
93586,1,450
93593,1,450
93635,1,450
93641,1,450
93654,1,450
93729,1,450
93741,1,450
93755,1,450
93776,1,450
93779,1,450
93807,1,450
93817,1,450
93832,1,450
93849,1,450
93876,1,450
93901,1,450
93937,1,450
93939,1,450
93949,1,450
93959,1,450
93965,1,450
93971,1,450
93991,1,450
94016,1,450
94025,1,450
94033,1,450
94038,1,450
94043,1,450
94079,1,450
94089,1,450
94123,1,450
94143,1,450
94267,1,450
94272,1,450
94273,1,450
94274,1,450
94280,1,450
94295,1,450
94347,1,450
94360,1,450
94397,1,450
94398,1,450
94400,1,450
94401,1,450
94416,1,450
94430,1,450
94437,1,450
94443,1,450
94460,1,450
94461,1,450
94476,1,450
94489,1,450
94512,1,450
94562,1,450
94572,1,450
94580,1,450
94596,1,450
94597,1,450
94614,1,450
94619,1,450
94627,1,450
94650,1,450
94650,1,450
94657,1,450
94661,1,450
94685,1,450
94752,1,450
94761,1,450
94763,1,450
94802,1,450
94802,1,450
94806,1,450
94867,1,450
94891,1,450
94912,1,450
94932,1,450
95027,1,450
95036,1,450
95039,1,450
95054,1,450
95056,1,450
95057,1,450
95074,1,450
95090,1,450
95140,1,450
95185,1,450
95212,1,450
95214,1,450
95224,1,450
95226,1,450
95234,1,450
95238,1,450
95343,1,450
95347,1,450
95354,1,450
95396,1,450
95401,1,450
95417,1,450
95447,1,450
95510,1,450
95549,1,450
95579,1,450
95580,1,450
95580,1,450
95628,1,450
95631,1,450
95632,1,450
95641,1,450
95642,1,450
95686,1,450
95696,1,450
95775,1,450
95776,1,450
95781,1,450
95799,1,450
95812,1,450
95831,1,450
95840,1,450
95857,1,450
95876,1,450
95920,1,450
95971,1,450
95991,1,450
96001,1,450
96004,1,450
96005,1,450
96008,1,450
96095,1,450
96108,1,450
96216,1,450
96284,1,450
96322,1,450
96331,1,450
96343,1,450
96383,1,450
96423,1,450
96453,1,450
96465,1,450
96466,1,450
96509,1,450
96510,1,450
96540,1,450
96541,1,450
96595,1,450
96604,1,450
96606,1,450
96634,1,450
96638,1,450
96649,1,450
96669,1,450
96682,1,450
96715,1,450
96762,1,450
96832,1,450
96836,1,450
96842,1,450
96870,1,450
96895,1,450
96931,1,450
96931,1,450
96946,1,450
97012,1,450
97032,1,450
97040,1,450
97041,1,450
97061,1,450
97071,1,450
97105,1,450
97109,1,450
97121,1,450
97122,1,450
97145,1,450
97158,1,450
97164,1,450
97170,1,450
97184,1,450
97185,1,450
97191,1,450
97192,1,450
97206,1,450
97207,1,450
97233,1,450
97257,1,450
97295,1,450
97301,1,450
97309,1,450
97324,1,450
97338,1,450
97341,1,450
97350,1,450
97361,1,450
97427,1,450
97432,1,450
97472,1,450
97495,1,450
97499,1,450
97517,1,450
97538,1,450
97598,1,450
97604,1,450
97624,1,450
97625,1,450
97638,1,450
97641,1,450
97642,1,450
97733,1,450
97785,1,450
97815,1,450
97832,1,450
97860,1,450
97939,1,450
97996,1,450
98035,1,450
98035,1,450
98053,1,450
98084,1,450
98089,1,450
98090,1,450
98105,1,450
98122,1,450
98126,1,450
98150,1,450
98201,1,450
98204,1,450
98207,1,450
98264,1,450
98279,1,450
98292,1,450
98306,1,450
98329,1,450
98340,1,450
98360,1,450
98372,1,450
98373,1,450
98374,1,450
98430,1,450
98439,1,450
98441,1,450
98483,1,450
98519,1,450
98529,1,450
98546,1,450
98557,1,450
98562,1,450
98583,1,450
98609,1,450
98629,1,450
98669,1,450
98720,1,450
98721,1,450
98744,1,450
98758,1,450
98782,1,450
98797,1,450
98802,1,450
98806,1,450
98820,1,450
98837,1,450
98849,1,450
98867,1,450
98875,1,450
99035,1,450
99042,1,450
99073,1,450
99089,1,450
99090,1,450
99100,1,450
99105,1,450
99118,1,450
99132,1,450
99136,1,450
99147,1,450
99150,1,450
99175,1,450
99192,1,450
99219,1,450
99253,1,450
99285,1,450
99349,1,450
99351,1,450
99360,1,450
99382,1,450
99387,1,450
99398,1,450
99438,1,450
99439,1,450
99442,1,450
99446,1,450
99465,1,450
99467,1,450
99561,1,450
99602,1,450
99618,1,450
99640,1,450
99658,1,450
99685,1,450
99706,1,450
99741,1,450
99757,1,450
99765,1,450
99801,1,450
99815,1,450
99902,1,450
99906,1,450
99927,1,450
100008,1,450
100020,1,450
100032,1,450
100044,1,450
100056,1,450
100068,1,450
100070,1,450
100116,1,450
100131,1,450
100234,1,450
100255,1,450
100276,1,450
100299,1,450
100332,1,450
100345,1,450
100356,1,450
100382,1,450
100437,1,450
100447,1,450
100480,1,450
100499,1,450
100501,1,450
100502,1,450
100513,1,450
100519,1,450
100584,1,450
100611,1,450
100638,1,450
100649,1,450
100672,1,450
100753,1,450
100787,1,450
100801,1,450
100808,1,450
100852,1,450
100865,1,450
100872,1,450
100872,1,450
100876,1,450
100909,1,450
100911,1,450
100921,1,450
100924,1,450
100928,1,450
100958,1,450
101020,1,450
101030,1,450
101048,1,450
101060,1,450
101067,1,450
101091,1,450
101123,1,450
101134,1,450
101154,1,450
101158,1,450
101212,1,450
101263,1,450
101312,1,450
101407,1,450
101424,1,450
101473,1,450
101480,1,450
101484,1,450
101493,1,450
101539,1,450
101549,1,450
101558,1,450
101612,1,450
101629,1,450
101658,1,450
101691,1,450
101778,1,450
101828,1,450
101888,1,450
101894,1,450
101896,1,450
101929,1,450
101934,1,450
102002,1,450
102010,1,450
102034,1,450
102053,1,450
102055,1,450
102073,1,450
102077,1,450
102103,1,450
102104,1,450
102111,1,450
102114,1,450
102117,1,450
102117,1,450
102140,1,450
102151,1,450
102157,1,450
102171,1,450
102198,1,450
102201,1,450
102205,1,450
102221,1,450
102229,1,450
102294,1,450
102303,1,450
102326,1,450
102356,1,450
102380,1,450
102403,1,450
102451,1,450
102520,1,450
102544,1,450
102624,1,450
102678,1,450
102729,1,450
102732,1,450
102742,1,450
102768,1,450
102778,1,450
102782,1,450
102875,1,450
102897,1,450
102906,1,450
102908,1,450
102922,1,450
102958,1,450
102970,1,450
102995,1,450
103004,1,450
103017,1,450
103017,1,450
103024,1,450
103029,1,450
103059,1,450
103062,1,450
103108,1,450
103113,1,450
103115,1,450
103127,1,450
103162,1,450
103166,1,450
103195,1,450
103229,1,450
103231,1,450
103256,1,450
103268,1,450
103282,1,450
103324,1,450
103381,1,450
103390,1,450
103410,1,450
103415,1,450
103416,1,450
103484,1,450
103500,1,450
103502,1,450
103503,1,450
103514,1,450
103525,1,450
103533,1,450
103578,1,450
103602,1,450
103628,1,450
103659,1,450
103670,1,450
103721,1,450
103741,1,450
103757,1,450
103780,1,450
104029,1,450
104032,1,450
104050,1,450
104064,1,450
104112,1,450
104130,1,450
104176,1,450
104204,1,450
104304,1,450
104498,1,450
104526,1,450
104589,1,450
104617,1,450
104620,1,450
104640,1,450
104645,1,450
104668,1,450
104682,1,450
104750,1,450
104757,1,450
104764,1,450
104780,1,450
104821,1,450
104850,1,450
104857,1,450
104858,1,450
104967,1,450
104975,1,450
104994,1,450
104999,1,450
105001,1,450
105006,1,450
105007,1,450
105010,1,450
105027,1,450
105028,1,450
105047,1,450
105049,1,450
105050,1,450
105054,1,450
105058,1,450
105064,1,450
105082,1,450
105089,1,450
105121,1,450
105127,1,450
105128,1,450
105128,1,450
105142,1,450
105151,1,450
105155,1,450
105167,1,450
105185,1,450
105188,1,450
105197,1,450
105225,1,450
105249,1,450
105258,1,450
105262,1,450
105288,1,450
105301,1,450
105308,1,450
105353,1,450
105363,1,450
105367,1,450
105375,1,450
105391,1,450
105415,1,450
105425,1,450
105436,1,450
105449,1,450
105488,1,450
105499,1,450
105505,1,450
105523,1,450
105546,1,450
105555,1,450
105576,1,450
105600,1,450
105622,1,450
105631,1,450
105687,1,450
105689,1,450
105697,1,450
105715,1,450
105743,1,450
105745,1,450
105768,1,450
106051,1,450
106176,1,450
106178,1,450
106210,1,450
106230,1,450
106234,1,450
106272,1,450
106323,1,450
106324,1,450
106345,1,450
106345,1,450
106369,1,450
106380,1,450
106383,1,450
106429,1,450
106470,1,450
106471,1,450
106504,1,450
106571,1,450
106614,1,450
106620,1,450
106645,1,450
106679,1,450
106679,1,450
106702,1,450
106718,1,450
106734,1,450
106750,1,450
106762,1,450
106799,1,450
106803,1,450
106825,1,450
106861,1,450
106895,1,450
106929,1,450
107002,1,450
107010,1,450
107017,1,450
107138,1,450
107155,1,450
107178,1,450
107189,1,450
107208,1,450
107214,1,450
107216,1,450
107240,1,450
107257,1,450
107281,1,450
107355,1,450
107355,1,450
107396,1,450
107425,1,450
107444,1,450
107475,1,450
107476,1,450
107478,1,450
107490,1,450
107533,1,450
107543,1,450
107604,1,450
107609,1,450
107648,1,450
107688,1,450
107706,1,450
107715,1,450
107724,1,450
107745,1,450
107759,1,450
107766,1,450
107768,1,450
107780,1,450
107780,1,450
108035,1,450
108050,1,450
108061,1,450
108151,1,450
108180,1,450
108209,1,450
108220,1,450
108233,1,450
108241,1,450
108247,1,450
108259,1,450
108291,1,450
108327,1,450
108396,1,450
108463,1,450
108481,1,450
108526,1,450
108527,1,450
108633,1,450
108651,1,450
108661,1,450
108702,1,450
108707,1,450
108721,1,450
108726,1,450
108731,1,450
108765,1,450
108766,1,450
108802,1,450
108923,1,450
108946,1,450
109017,1,450
109019,1,450
109030,1,450
109041,1,450
109056,1,450
109105,1,450
109191,1,450
109207,1,450
109226,1,450
109233,1,450
109235,1,450
109240,1,450
109331,1,450
109344,1,450
109357,1,450
109375,1,450
109423,1,450
109473,1,450
109498,1,450
109501,1,450
109516,1,450
109562,1,450
109589,1,450
109591,1,450
109600,1,450
109618,1,450
109705,1,450
109713,1,450
109749,1,450
109752,1,450
109781,1,450
109783,1,450
109786,1,450
109814,1,450
109838,1,450
110044,1,450
110063,1,450
110153,1,450
110190,1,450
110218,1,450
110233,1,450
110238,1,450
110274,1,450
110278,1,450
110289,1,450
110434,1,450
110440,1,450
110444,1,450
110524,1,450
110543,1,450
110585,1,450
110622,1,450
110646,1,450
110686,1,450
110737,1,450
110739,1,450
110763,1,450
110804,1,450
110842,1,450
110992,1,450
110996,1,450
111017,1,450
111030,1,450
111033,1,450
111036,1,450
111041,1,450
111046,1,450
111051,1,450
111076,1,450
111088,1,450
111089,1,450
111092,1,450
111102,1,450
111102,1,450
111105,1,450
111121,1,450
111135,1,450
111191,1,450
111193,1,450
111304,1,450
111306,1,450
111359,1,450
111386,1,450
111443,1,450
111449,1,450
111463,1,450
111479,1,450
111500,1,450
111522,1,450
111528,1,450
111529,1,450
111532,1,450
111568,1,450
111568,1,450
111671,1,450
111791,1,450
111801,1,450
111844,1,450
111848,1,450
111862,1,450
111886,1,450
111887,1,450
111910,1,450
111913,1,450
111929,1,450
112054,1,450
112057,1,450
112107,1,450
112110,1,450
112120,1,450
112198,1,450
112206,1,450
112209,1,450
112211,1,450
112214,1,450
112247,1,450
112274,1,450
112323,1,450
112336,1,450
112454,1,450
112457,1,450
112483,1,450
112494,1,450
112534,1,450
112571,1,450
112579,1,450
112634,1,450
112667,1,450
112670,1,450
112684,1,450
112701,1,450
112706,1,450
112708,1,450
112743,1,450
112753,1,450
112768,1,450
112784,1,450
112810,1,450
112826,1,450
112840,1,450
112905,1,450
113056,1,450
113087,1,450
113213,1,450
113218,1,450
113338,1,450
113351,1,450
113365,1,450
113406,1,450
113473,1,450
113497,1,450
113627,1,450
113650,1,450
113652,1,450
113676,1,450
113677,1,450
113742,1,450
113743,1,450
113781,1,450
113810,1,450
113838,1,450
113863,1,450
113898,1,450
113920,1,450
113955,1,450
113990,1,450
114001,1,450
114034,1,450
114048,1,450
114061,1,450
114065,1,450
114073,1,450
114085,1,450
114097,1,450
114109,1,450
114120,1,450
114126,1,450
114129,1,450
114218,1,450
114226,1,450
114249,1,450
114255,1,450
114284,1,450
114299,1,450
114322,1,450
114361,1,450
114363,1,450
114364,1,450
114368,1,450
114389,1,450
114392,1,450
114394,1,450
114399,1,450
114469,1,450
114476,1,450
114558,1,450
114559,1,450
114578,1,450
114587,1,450
114664,1,450
114706,1,450
114723,1,450
114804,1,450
115033,1,450
115054,1,450
115059,1,450
115068,1,450
115070,1,450
115084,1,450
115126,1,450
115138,1,450
115141,1,450
115161,1,450
115170,1,450
115211,1,450
115254,1,450
115261,1,450
115280,1,450
115351,1,450
115438,1,450
115460,1,450
115473,1,450
115487,1,450
115497,1,450
115506,1,450
115531,1,450
115558,1,450
115577,1,450
115587,1,450
115596,1,450
115667,1,450
115675,1,450
115679,1,450
115755,1,450
116007,1,450
116007,1,450
116041,1,450
116070,1,450
116105,1,450
116127,1,450
116152,1,450
116167,1,450
116196,1,450
116212,1,450
116253,1,450
116292,1,450
116294,1,450
116299,1,450
116331,1,450
116380,1,450
116384,1,450
116409,1,450
116477,1,450
116513,1,450
116518,1,450
116532,1,450
116569,1,450
116569,1,450
116620,1,450
116662,1,450
116693,1,450
116698,1,450
116729,1,450
116745,1,450
116764,1,450
116770,1,450
117019,1,450
117095,1,450
117129,1,450
117137,1,450
117144,1,450
117155,1,450
117160,1,450
117239,1,450
117251,1,450
117255,1,450
117353,1,450
117362,1,450
117414,1,450
117462,1,450
117507,1,450
117510,1,450
117541,1,450
117601,1,450
117605,1,450
117620,1,450
117626,1,450
117640,1,450
117668,1,450
117693,1,450
117752,1,450
117772,1,450
117775,1,450
117799,1,450
117807,1,450
117890,1,450
117937,1,450
117955,1,450
117991,1,450
118014,1,450
118043,1,450
118057,1,450
118058,1,450
118099,1,450
118217,1,450
118233,1,450
118258,1,450
118330,1,450
118373,1,450
118413,1,450
118454,1,450
118461,1,450
118472,1,450
118571,1,450
118590,1,450
118666,1,450
118679,1,450
118815,1,450
118822,1,450
118882,1,450
118917,1,450
118925,1,450
118967,1,450
118989,1,450
119018,1,450
119045,1,450
119089,1,450
119106,1,450
119130,1,450
119238,1,450
119249,1,450
119267,1,450
119343,1,450
119374,1,450
119392,1,450
119481,1,450
119512,1,450
119574,1,450
119578,1,450
119658,1,450
119658,1,450
119779,1,450
119804,1,450
119830,1,450
119853,1,450
120006,1,450
120042,1,450
120046,1,450
120048,1,450
120080,1,450
120120,1,450
120178,1,450
120214,1,450
120236,1,450
120237,1,450
120346,1,450
120351,1,450
120406,1,450
120453,1,450
120477,1,450
120574,1,450
120612,1,450
120624,1,450
120675,1,450
120684,1,450
120692,1,450
120717,1,450
120746,1,450
120783,1,450
120800,1,450
120827,1,450
120855,1,450
121006,1,450
121031,1,450
121072,1,450
121133,1,450
121266,1,450
121387,1,450
121400,1,450
121426,1,450
121432,1,450
121453,1,450
121472,1,450
121499,1,450
121541,1,450
121596,1,450
121690,1,450
121800,1,450
121804,1,450
121818,1,450
121835,1,450
121899,1,450
121927,1,450
121982,1,450
122007,1,450
122019,1,450
122024,1,450
122098,1,450
122121,1,450
122123,1,450
122258,1,450
122266,1,450
122291,1,450
122348,1,450
122358,1,450
122395,1,450
122438,1,450
122441,1,450
122570,1,450
122593,1,450
122627,1,450
122660,1,450
122729,1,450
122755,1,450
122763,1,450
122769,1,450
122818,1,450
122888,1,450
122944,1,450
123007,1,450
123078,1,450
123127,1,450
123189,1,450
123199,1,450
123298,1,450
123314,1,450
123327,1,450
123368,1,450
123422,1,450
123436,1,450
123525,1,450
123615,1,450
123656,1,450
123717,1,450
123795,1,450
123831,1,450
123842,1,450
123844,1,450
123882,1,450
123993,1,450
123997,1,450
124033,1,450
124053,1,450
124067,1,450
124149,1,450
124176,1,450
124214,1,450
124244,1,450
124277,1,450
124295,1,450
124302,1,450
124307,1,450
124319,1,450
124330,1,450
124336,1,450
124366,1,450
124397,1,450
124408,1,450
124410,1,450
124419,1,450
124425,1,450
124449,1,450
124456,1,450
124475,1,450
124530,1,450
125049,1,450
125156,1,450
125293,1,450
125349,1,450
125358,1,450
125423,1,450
125494,1,450
125502,1,450
125514,1,450
125515,1,450
125531,1,450
125647,1,450
125667,1,450
125706,1,450
125718,1,450
125889,1,450
125950,1,450
125985,1,450
126016,1,450
126072,1,450
126088,1,450
126179,1,450
126312,1,450
126433,1,450
126446,1,450
126526,1,450
126567,1,450
126584,1,450
126592,1,450
126609,1,450
126676,1,450
126681,1,450
126699,1,450
126813,1,450
126851,1,450
126918,1,450
126939,1,450
126945,1,450
127005,1,450
127041,1,450
127083,1,450
127092,1,450
127103,1,450
127256,1,450
127319,1,450
127416,1,450
127444,1,450
127573,1,450
127655,1,450
127737,1,450
127803,1,450
127805,1,450
127888,1,450
127915,1,450
127928,1,450
127956,1,450
127960,1,450
127962,1,450
128067,1,450
128089,1,450
128113,1,450
128158,1,450
128206,1,450
128225,1,450
128250,1,450
128251,1,450
128265,1,450
128428,1,450
128451,1,450
128655,1,450
128681,1,450
128724,1,450
128808,1,450
128986,1,450
129016,1,450
129023,1,450
129035,1,450
129042,1,450
129057,1,450
129177,1,450
129178,1,450
129215,1,450
129247,1,450
129305,1,450
129314,1,450
129353,1,450
129395,1,450
129407,1,450
129430,1,450
129527,1,450
129573,1,450
129578,1,450
129643,1,450
129735,1,450
129795,1,450
129806,1,450
129868,1,450
129872,1,450
129887,1,450
129947,1,450
130016,1,450
130025,1,450
130056,1,450
130060,1,450
130095,1,450
130096,1,450
130163,1,450
130182,1,450
130199,1,450
130264,1,450
130408,1,450
130481,1,450
130498,1,450
130515,1,450
130661,1,450
130734,1,450
130734,1,450
130734,1,450
130738,1,450
130778,1,450
130866,1,450
130957,1,450
130978,1,450
131055,1,450
131192,1,450
131255,1,450
131381,1,450
131562,1,450
131605,1,450
131772,1,450
131777,1,450
131927,1,450
132042,1,450
132067,1,450
132069,1,450
132079,1,450
132084,1,450
132138,1,450
132192,1,450
132194,1,450
132217,1,450
132229,1,450
132261,1,450
132380,1,450
132399,1,450
132407,1,450
132413,1,450
132494,1,450
132562,1,450
132638,1,450
132652,1,450
132884,1,450
132885,1,450
132939,1,450
132987,1,450
133029,1,450
133174,1,450
133176,1,450
133194,1,450
133286,1,450
133326,1,450
133359,1,450
133455,1,450
133639,1,450
133707,1,450
133782,1,450
133991,1,450
134003,1,450
134068,1,450
134087,1,450
134103,1,450
134158,1,450
134420,1,450
134475,1,450
134557,1,450
134685,1,450
134764,1,450
134779,1,450
134783,1,450
134887,1,450
134900,1,450
134923,1,450
135019,1,450
135383,1,450
135428,1,450
135461,1,450
135501,1,450
135651,1,450
135726,1,450
135727,1,450
135839,1,450
136022,1,450
136079,1,450
136101,1,450
136152,1,450
136165,1,450
136192,1,450
136200,1,450
136224,1,450
136259,1,450
136265,1,450
136328,1,450
136358,1,450
136441,1,450
136497,1,450
136511,1,450
136560,1,450
136592,1,450
136610,1,450
136695,1,450
136715,1,450
137059,1,450
137186,1,450
137212,1,450
137483,1,450
137686,1,450
137717,1,450
137725,1,450
137764,1,450
137786,1,450
137816,1,450
138035,1,450
138120,1,450
138222,1,450
138237,1,450
138281,1,450
138301,1,450
138320,1,450
138325,1,450
138398,1,450
138570,1,450
138741,1,450
138856,1,450
138902,1,450
139002,1,450
139017,1,450
139062,1,450
139090,1,450
139111,1,450
139133,1,450
139255,1,450
139283,1,450
139424,1,450
139613,1,450
139660,1,450
139700,1,450
139897,1,450
139910,1,450
139986,1,450
140043,1,450
140128,1,450
140191,1,450
140196,1,450
140337,1,450
140467,1,450
140479,1,450
140483,1,450
140492,1,450
140495,1,450
140652,1,450
140722,1,450
141053,1,450
141071,1,450
141267,1,450
141290,1,450
141434,1,450
141451,1,450
141482,1,450
141491,1,450
141612,1,450
141712,1,450
141728,1,450
141806,1,450
141897,1,450
142010,1,450
142041,1,450
142080,1,450
142110,1,450
142143,1,450
142207,1,450
142226,1,450
142267,1,450
142324,1,450
142364,1,450
142377,1,450
142561,1,450
142764,1,450
142785,1,450
143317,1,450
143410,1,450
143433,1,450
143507,1,450
143639,1,450
143645,1,450
144029,1,450
144039,1,450
144104,1,450
144118,1,450
144149,1,450
144448,1,450
144532,1,450
144562,1,450
144638,1,450
144730,1,450
144744,1,450
144844,1,450
145033,1,450
145054,1,450
145063,1,450
145068,1,450
145101,1,450
145149,1,450
145153,1,450
145176,1,450
145248,1,450
145254,1,450
145339,1,450
145384,1,450
146031,1,450
146032,1,450
146363,1,450
146401,1,450
146429,1,450
146519,1,450
146548,1,450
146553,1,450
146627,1,450
146726,1,450
147013,1,450
147097,1,450
147104,1,450
147432,1,450
147635,1,450
147674,1,450
147675,1,450
147707,1,450
148004,1,450
148087,1,450
148133,1,450
148160,1,450
148193,1,450
148247,1,450
148265,1,450
148330,1,450
148351,1,450
148431,1,450
148479,1,450
148744,1,450
149355,1,450
149476,1,450
149584,1,450
149598,1,450
149729,1,450
149733,1,450
150011,1,450
150058,1,450
150205,1,450
150251,1,450
150267,1,450
150461,1,450
150490,1,450
150558,1,450
151153,1,450
151292,1,450
151378,1,450
151729,1,450
151926,1,450
152003,1,450
152083,1,450
152142,1,450
152197,1,450
152491,1,450
152635,1,450
152690,1,450
152759,1,450
153013,1,450
153066,1,450
153127,1,450
153147,1,450
153179,1,450
153262,1,450
153300,1,450
153454,1,450
153518,1,450
153526,1,450
153586,1,450
153646,1,450
153719,1,450
153801,1,450
154107,1,450
154128,1,450
154401,1,450
154441,1,450
154467,1,450
154471,1,450
154540,1,450
154589,1,450
154760,1,450
154888,1,450
155071,1,450
155336,1,450
155569,1,450
155635,1,450
155883,1,450
156017,1,450
156077,1,450
156159,1,450
156354,1,450
156811,1,450
157005,1,450
157045,1,450
157134,1,450
157211,1,450
157218,1,450
157220,1,450
157466,1,450
157631,1,450
157736,1,450
158036,1,450
158216,1,450
158364,1,450
158436,1,450
158455,1,450
158521,1,450
158981,1,450
159243,1,450
159336,1,450
159480,1,450
159605,1,450
159661,1,450
159779,1,450
160037,1,450
160042,1,450
160067,1,450
160301,1,450
160325,1,450
160340,1,450
160482,1,450
160798,1,450
160814,1,450
160912,1,450
160913,1,450
161030,1,450
161083,1,450
161676,1,450
162049,1,450
162062,1,450
162069,1,450
162076,1,450
162755,1,450
162817,1,450
163052,1,450
163133,1,450
163157,1,450
163648,1,450
164063,1,450
164825,1,450
165069,1,450
165228,1,450
165235,1,450
165280,1,450
165296,1,450
165301,1,450
165348,1,450
165354,1,450
165355,1,450
165365,1,450
165396,1,450
165423,1,450
165567,1,450
165604,1,450
165634,1,450
165671,1,450
165687,1,450
165694,1,450
165776,1,450
166018,1,450
166057,1,450
166233,1,450
166306,1,450
166615,1,450
166745,1,450
167093,1,450
167132,1,450
167762,1,450
167898,1,450
167947,1,450
168137,1,450
168143,1,450
168343,1,450
168361,1,450
168372,1,450
168467,1,450
168598,1,450
168692,1,450
168747,1,450
168770,1,450
168821,1,450
168991,1,450
169245,1,450
169426,1,450
169952,1,450
170025,1,450
170073,1,450
170091,1,450
170095,1,450
170211,1,450
170231,1,450
170538,1,450
170924,1,450
171192,1,450
171354,1,450
171371,1,450
171410,1,450
171413,1,450
171539,1,450
171606,1,450
172056,1,450
172177,1,450
172240,1,450
172461,1,450
172506,1,450
172533,1,450
172534,1,450
172572,1,450
173013,1,450
173065,1,450
174584,1,450
174599,1,450
174625,1,450
175051,1,450
175382,1,450
175460,1,450
175530,1,450
175587,1,450
175642,1,450
176008,1,450
176052,1,450
176387,1,450
176614,1,450
177039,1,450
177094,1,450
177154,1,450
177327,1,450
177353,1,450
177406,1,450
177417,1,450
177456,1,450
177478,1,450
177538,1,450
177802,1,450
177832,1,450
177884,1,450
177887,1,450
177891,1,450
177929,1,450
177974,1,450
178029,1,450
178050,1,450
178080,1,450
178157,1,450
178188,1,450
178200,1,450
178530,1,450
178537,1,450
178802,1,450
178981,1,450
179004,1,450
179048,1,450
179149,1,450
179348,1,450
179646,1,450
179653,1,450
179880,1,450
180034,1,450
180046,1,450
180080,1,450
180240,1,450
180686,1,450
180733,1,450
180749,1,450
181067,1,450
181088,1,450
181097,1,450
181536,1,450
181632,1,450
182244,1,450
182621,1,450
183072,1,450
183104,1,450
183113,1,450
183153,1,450
183159,1,450
183173,1,450
183405,1,450
183432,1,450
183452,1,450
183581,1,450
183640,1,450
184287,1,450
184340,1,450
184383,1,450
184491,1,450
184585,1,450
184707,1,450
184786,1,450
184887,1,450
184928,1,450
184929,1,450
185251,1,450
185740,1,450
185793,1,450
185829,1,450
185914,1,450
185925,1,450
186329,1,450
186374,1,450
186449,1,450
186457,1,450
186750,1,450
187139,1,450
187160,1,450
187292,1,450
187332,1,450
187768,1,450
188014,1,450
188171,1,450
188236,1,450
188315,1,450
188326,1,450
188372,1,450
189079,1,450
189088,1,450
189216,1,450
189238,1,450
189256,1,450
189297,1,450
189346,1,450
189359,1,450
189511,1,450
189526,1,450
189579,1,450
189591,1,450
189686,1,450
189693,1,450
189823,1,450
189838,1,450
189882,1,450
190285,1,450
190287,1,450
190350,1,450
190517,1,450
190754,1,450
190789,1,450
190965,1,450
191238,1,450
191275,1,450
191604,1,450
191648,1,450
191894,1,450
191972,1,450
192009,1,450
192037,1,450
192076,1,450
192174,1,450
192478,1,450
192563,1,450
192643,1,450
192733,1,450
192752,1,450
192792,1,450
193258,1,450
193298,1,450
193451,1,450
193736,1,450
193776,1,450
193945,1,450
194300,1,450
194592,1,450
194649,1,450
194661,1,450
194680,1,450
194927,1,450
195023,1,450
195070,1,450
195080,1,450
195132,1,450
195132,1,450
195301,1,450
195444,1,450
195537,1,450
195802,1,450
196057,1,450
196089,1,450
196501,1,450
196503,1,450
196558,1,450
196584,1,450
196586,1,450
196653,1,450
197107,1,450
197164,1,450
197473,1,450
198393,1,450
198396,1,450
198564,1,450
198575,1,450
198683,1,450
199091,1,450
199150,1,450
199299,1,450
199420,1,450
199515,1,450
199534,1,450
199578,1,450
199789,1,450
199863,1,450
199907,1,450
200153,1,450
200302,1,450
200491,1,450
201120,1,450
201164,1,450
201166,1,450
201179,1,450
201213,1,450
201285,1,450
201290,1,450
201322,1,450
201347,1,450
201388,1,450
201501,1,450
201653,1,450
201720,1,450
201733,1,450
201804,1,450
201881,1,450
201892,1,450
201960,1,450
201965,1,450
201982,1,450
201995,1,450
202084,1,450
202104,1,450
202125,1,450
202436,1,450
202536,1,450
202622,1,450
202757,1,450
202768,1,450
202854,1,450
202925,1,450
202938,1,450
203038,1,450
203205,1,450
203235,1,450
203507,1,450
203590,1,450
203817,1,450
203824,1,450
203832,1,450
203961,1,450
204245,1,450
204654,1,450
204677,1,450
204686,1,450
204701,1,450
204862,1,450
204962,1,450
204971,1,450
205042,1,450
205068,1,450
205159,1,450
205313,1,450
205389,1,450
205605,1,450
205792,1,450
205946,1,450
206122,1,450
206196,1,450
206223,1,450
206314,1,450
206344,1,450
206415,1,450
206495,1,450
206522,1,450
206734,1,450
206871,1,450
207214,1,450
207252,1,450
207380,1,450
207391,1,450
207404,1,450
207502,1,450
207741,1,450
207945,1,450
207993,1,450
208016,1,450
208024,1,450
208040,1,450
208109,1,450
208133,1,450
208248,1,450
208356,1,450
208413,1,450
208493,1,450
208560,1,450
208616,1,450
209660,1,450
209869,1,450
210067,1,450
210106,1,450
210142,1,450
210249,1,450
210289,1,450
210340,1,450
210353,1,450
210431,1,450
211032,1,450
211177,1,450
211222,1,450
211273,1,450
211326,1,450
211688,1,450
212122,1,450
212201,1,450
212286,1,450
212294,1,450
212342,1,450
212964,1,450
213039,1,450
213051,1,450
213076,1,450
213218,1,450
213232,1,450
213243,1,450
213268,1,450
213319,1,450
213334,1,450
213420,1,450
213441,1,450
213619,1,450
213634,1,450
213727,1,450
213857,1,450
213900,1,450
213912,1,450
214012,1,450
214077,1,450
214111,1,450
214125,1,450
214190,1,450
214193,1,450
214235,1,450
214255,1,450
214275,1,450
214330,1,450
214335,1,450
214422,1,450
214511,1,450
214612,1,450
214768,1,450
214786,1,450
214991,1,450
215014,1,450
215040,1,450
215055,1,450
215142,1,450
215170,1,450
215185,1,450
215191,1,450
215192,1,450
215378,1,450
215435,1,450
215504,1,450
215527,1,450
216163,1,450
216439,1,450
216448,1,450
216653,1,450
216676,1,450
216713,1,450
216750,1,450
216777,1,450
216832,1,450
217063,1,450
217124,1,450
217149,1,450
217240,1,450
217259,1,450
217347,1,450
217946,1,450
217949,1,450
217951,1,450
218001,1,450
218044,1,450
218080,1,450
218128,1,450
218144,1,450
218249,1,450
218294,1,450
218584,1,450
218721,1,450
218828,1,450
219041,1,450
219050,1,450
219077,1,450
219157,1,450
219320,1,450
219394,1,450
219416,1,450
219639,1,450
219700,1,450
219715,1,450
220012,1,450
220025,1,450
220105,1,450
220106,1,450
220299,1,450
220401,1,450
220428,1,450
220436,1,450
220545,1,450
220568,1,450
220595,1,450
220819,1,450
221041,1,450
221042,1,450
221262,1,450
221278,1,450
221745,1,450
221793,1,450
221875,1,450
221900,1,450
221987,1,450
222044,1,450
222190,1,450
222212,1,450
222260,1,450
222275,1,450
222392,1,450
222487,1,450
222501,1,450
222614,1,450
223050,1,450
223051,1,450
223052,1,450
223277,1,450
223444,1,450
223586,1,450
223630,1,450
223713,1,450
223845,1,450
224013,1,450
224020,1,450
224449,1,450
224500,1,450
224719,1,450
224769,1,450
224771,1,450
224924,1,450
224971,1,450
225005,1,450
225020,1,450
225131,1,450
225182,1,450
225185,1,450
225192,1,450
225212,1,450
225216,1,450
225219,1,450
225232,1,450
225263,1,450
225275,1,450
225293,1,450
225294,1,450
225324,1,450
225335,1,450
225343,1,450
225475,1,450
225490,1,450
225644,1,450
225658,1,450
225756,1,450
225759,1,450
225837,1,450
225849,1,450
226040,1,450
226150,1,450
226155,1,450
226173,1,450
226175,1,450
226197,1,450
226199,1,450
226222,1,450
226244,1,450
226248,1,450
226280,1,450
226301,1,450
226409,1,450
226413,1,450
226460,1,450
226491,1,450
226560,1,450
226633,1,450
226657,1,450
226742,1,450
227011,1,450
227068,1,450
227165,1,450
227194,1,450
227257,1,450
227348,1,450
227378,1,450
227406,1,450
227444,1,450
227552,1,450
227558,1,450
227640,1,450
227651,1,450
227657,1,450
227726,1,450
227782,1,450
227894,1,450
227945,1,450
227999,1,450
228002,1,450
228071,1,450
228130,1,450
228164,1,450
228185,1,450
228199,1,450
228218,1,450
228413,1,450
228424,1,450
228656,1,450
228680,1,450
228774,1,450
228806,1,450
228836,1,450
228841,1,450
228869,1,450
228944,1,450
228956,1,450
229001,1,450
229003,1,450
229070,1,450
229073,1,450
229136,1,450
229219,1,450
229284,1,450
229302,1,450
229334,1,450
229371,1,450
229527,1,450
229597,1,450
229630,1,450
229805,1,450
229887,1,450
229916,1,450
229920,1,450
229921,1,450
230134,1,450
230241,1,450
230348,1,450
230402,1,450
230431,1,450
230458,1,450
230477,1,450
230537,1,450
230660,1,450
230706,1,450
231010,1,450
231024,1,450
231098,1,450
231135,1,450
231160,1,450
231219,1,450
231221,1,450
231251,1,450
231279,1,450
231290,1,450
231305,1,450
231310,1,450
231319,1,450
231367,1,450
231370,1,450
231495,1,450
231548,1,450
231633,1,450
231636,1,450
231690,1,450
231829,1,450
231835,1,450
231935,1,450
232042,1,450
232072,1,450
232095,1,450
232136,1,450
232151,1,450
232155,1,450
232164,1,450
232187,1,450
232237,1,450
232274,1,450
232327,1,450
232407,1,450
232425,1,450
232508,1,450
232543,1,450
232550,1,450
232656,1,450
232659,1,450
233218,1,450
233308,1,450
233388,1,450
233463,1,450
233504,1,450
233538,1,450
233582,1,450
233608,1,450
233691,1,450
233921,1,450
233970,1,450
233975,1,450
234022,1,450
234033,1,450
234066,1,450
234295,1,450
234321,1,450
234531,1,450
234605,1,450
234694,1,450
234742,1,450
234834,1,450
234911,1,450
234995,1,450
235039,1,450
235051,1,450
235263,1,450
235353,1,450
235369,1,450
235483,1,450
235488,1,450
235491,1,450
235508,1,450
235577,1,450
235614,1,450
235870,1,450
235970,1,450
236001,1,450
236015,1,450
236040,1,450
236061,1,450
236096,1,450
236121,1,450
236152,1,450
236162,1,450
236210,1,450
236219,1,450
236233,1,450
236234,1,450
236281,1,450
236324,1,450
236357,1,450
236361,1,450
236416,1,450
236518,1,450
236621,1,450
236649,1,450
236660,1,450
236796,1,450
236898,1,450
237038,1,450
237077,1,450
237084,1,450
237107,1,450
237123,1,450
237156,1,450
237177,1,450
237191,1,450
237338,1,450
237404,1,450
237505,1,450
237587,1,450
237602,1,450
237659,1,450
237691,1,450
237707,1,450
237732,1,450
237747,1,450
237770,1,450
237948,1,450
237960,1,450
238000,1,450
238008,1,450
238066,1,450
238087,1,450
238104,1,450
238105,1,450
238115,1,450
238125,1,450
238138,1,450
238151,1,450
238170,1,450
238183,1,450
238189,1,450
238221,1,450
238225,1,450
238260,1,450
238265,1,450
238284,1,450
238297,1,450
238324,1,450
238350,1,450
238367,1,450
238367,1,450
238431,1,450
238433,1,450
238434,1,450
238442,1,450
238456,1,450
238460,1,450
238528,1,450
238549,1,450
239027,1,450
239049,1,450
239147,1,450
239157,1,450
239357,1,450
239384,1,450
239397,1,450
239404,1,450
239433,1,450
239440,1,450
239513,1,450
239522,1,450
239574,1,450
239581,1,450
239645,1,450
239847,1,450
239853,1,450
239984,1,450
239986,1,450
240014,1,450
240025,1,450
240035,1,450
240081,1,450
240089,1,450
240123,1,450
240154,1,450
240214,1,450
240234,1,450
240251,1,450
240322,1,450
240356,1,450
240389,1,450
240435,1,450
240558,1,450
240623,1,450
240669,1,450
240698,1,450
240755,1,450
240838,1,450
240898,1,450
241015,1,450
241022,1,450
241067,1,450
241093,1,450
241105,1,450
241121,1,450
241192,1,450
241194,1,450
241231,1,450
241262,1,450
241445,1,450
241574,1,450
241590,1,450
241647,1,450
241651,1,450
241858,1,450
241909,1,450
242019,1,450
242021,1,450
242043,1,450
242104,1,450
242124,1,450
242186,1,450
242200,1,450
242275,1,450
242307,1,450
242468,1,450
242493,1,450
242506,1,450
242541,1,450
242589,1,450
242590,1,450
242591,1,450
242625,1,450
242630,1,450
242691,1,450
242697,1,450
243006,1,450
243061,1,450
243074,1,450
243164,1,450
243179,1,450
243191,1,450
243204,1,450
243288,1,450
243333,1,450
243394,1,450
243485,1,450
243502,1,450
243544,1,450
243565,1,450
243632,1,450
243762,1,450
243829,1,450
243955,1,450
243970,1,450
244055,1,450
244060,1,450
244068,1,450
244097,1,450
244114,1,450
244152,1,450
244152,1,450
244167,1,450
244174,1,450
244249,1,450
244375,1,450
244378,1,450
244621,1,450
244697,1,450
244755,1,450
244756,1,450
244758,1,450
244784,1,450
244803,1,450
244839,1,450
244935,1,450
245006,1,450
245019,1,450
245031,1,450
245032,1,450
245101,1,450
245153,1,450
245171,1,450
245461,1,450
245468,1,450
245533,1,450
245588,1,450
245627,1,450
245706,1,450
245728,1,450
245806,1,450
245832,1,450
245892,1,450
246012,1,450
246029,1,450
246094,1,450
246123,1,450
246165,1,450
246181,1,450
246348,1,450
246439,1,450
246453,1,450
246476,1,450
246512,1,450
246557,1,450
246593,1,450
246787,1,450
246861,1,450
246883,1,450
246932,1,450
247231,1,450
247249,1,450
247542,1,450
247720,1,450
247823,1,450
247835,1,450
247850,1,450
248010,1,450
248042,1,450
248047,1,450
248149,1,450
248195,1,450
248206,1,450
248239,1,450
248265,1,450
248321,1,450
248334,1,450
248414,1,450
248478,1,450
248632,1,450
248735,1,450
248905,1,450
249039,1,450
249062,1,450
249118,1,450
249127,1,450
249131,1,450
249132,1,450
249147,1,450
249148,1,450
249158,1,450
249197,1,450
249215,1,450
249237,1,450
249267,1,450
249278,1,450
249279,1,450
249284,1,450
249286,1,450
249287,1,450
249296,1,450
249323,1,450
249334,1,450
249359,1,450
249364,1,450
249365,1,450
249394,1,450
249437,1,450
249510,1,450
249615,1,450
249653,1,450
249658,1,450
249666,1,450
250035,1,450
250074,1,450
250096,1,450
250175,1,450
250284,1,450
250332,1,450
250343,1,450
250434,1,450
250488,1,450
250532,1,450
250578,1,450
250591,1,450
250701,1,450
250747,1,450
250795,1,450
250839,1,450
251040,1,450
251137,1,450
251146,1,450
251213,1,450
251228,1,450
251349,1,450
251360,1,450
251383,1,450
251394,1,450
251463,1,450
251465,1,450
251476,1,450
251476,1,450
251604,1,450
252039,1,450
252078,1,450
252150,1,450
252157,1,450
252323,1,450
252406,1,450
252435,1,450
252506,1,450
252514,1,450
252675,1,450
252694,1,450
252714,1,450
252778,1,450
252795,1,450
252801,1,450
252804,1,450
252819,1,450
253251,1,450
253365,1,450
253432,1,450
253453,1,450
253467,1,450
253746,1,450
253749,1,450
253807,1,450
253833,1,450
253875,1,450
253918,1,450
254010,1,450
254018,1,450
254035,1,450
254129,1,450
254132,1,450
254176,1,450
254185,1,450
254186,1,450
254197,1,450
254267,1,450
254306,1,450
254309,1,450
254561,1,450
254583,1,450
254758,1,450
254764,1,450
254926,1,450
254976,1,450
255012,1,450
255204,1,450
255232,1,450
255278,1,450
255352,1,450
255377,1,450
255410,1,450
255410,1,450
255472,1,450
255511,1,450
255520,1,450
255626,1,450
255695,1,450
255733,1,450
255763,1,450
256107,1,450
256125,1,450
256168,1,450
256198,1,450
256239,1,450
256361,1,450
256430,1,450
256553,1,450
256557,1,450
256587,1,450
256601,1,450
256878,1,450
256901,1,450
256953,1,450
257044,1,450
257099,1,450
257124,1,450
257153,1,450
257155,1,450
257229,1,450
257244,1,450
257280,1,450
257351,1,450
257369,1,450
257401,1,450
257478,1,450
257583,1,450
257623,1,450
257624,1,450
257741,1,450
257804,1,450
257980,1,450
258181,1,450
258350,1,450
258364,1,450
258382,1,450
258422,1,450
258526,1,450
258567,1,450
258569,1,450
258783,1,450
258789,1,450
258813,1,450
258834,1,450
258841,1,450
258878,1,450
259109,1,450
259116,1,450
259138,1,450
259160,1,450
259170,1,450
259279,1,450
259353,1,450
259427,1,450
259479,1,450
259586,1,450
259778,1,450
259810,1,450
259963,1,450
260016,1,450
260044,1,450
260140,1,450
260339,1,450
260421,1,450
260442,1,450
260472,1,450
260514,1,450
260534,1,450
260681,1,450
260702,1,450
260724,1,450
260894,1,450
260896,1,450
261030,1,450
261030,1,450
261040,1,450
261052,1,450
261286,1,450
261287,1,450
261411,1,450
261413,1,450
261425,1,450
261474,1,450
261522,1,450
261582,1,450
261584,1,450
261700,1,450
261744,1,450
261887,1,450
262003,1,450
262015,1,450
262052,1,450
262078,1,450
262100,1,450
262104,1,450
262110,1,450
262174,1,450
262207,1,450
262420,1,450
262421,1,450
262560,1,450
262576,1,450
263148,1,450
263203,1,450
263364,1,450
263763,1,450
263859,1,450
263871,1,450
263904,1,450
263974,1,450
263981,1,450
263988,1,450
264025,1,450
264032,1,450
264154,1,450
264181,1,450
264433,1,450
264680,1,450
264700,1,450
264779,1,450
264871,1,450
264909,1,450
264965,1,450
265112,1,450
265135,1,450
265159,1,450
265546,1,450
265781,1,450
265865,1,450
266053,1,450
266121,1,450
266200,1,450
266284,1,450
266339,1,450
266407,1,450
266511,1,450
266532,1,450
266584,1,450
266751,1,450
267001,1,450
267010,1,450
267013,1,450
267341,1,450
267358,1,450
267395,1,450
267575,1,450
267624,1,450
267701,1,450
267800,1,450
267906,1,450
268132,1,450
268188,1,450
268228,1,450
268339,1,450
268970,1,450
268974,1,450
269055,1,450
269314,1,450
269320,1,450
269422,1,450
269708,1,450
269951,1,450
270042,1,450
270277,1,450
270358,1,450
270407,1,450
270570,1,450
270780,1,450
270816,1,450
270990,1,450
271050,1,450
271061,1,450
271229,1,450
271576,1,450
271787,1,450
271808,1,450
272063,1,450
272204,1,450
272223,1,450
272291,1,450
272561,1,450
273133,1,450
273245,1,450
273309,1,450
273506,1,450
273556,1,450
274040,1,450
274583,1,450
274618,1,450
274700,1,450
274715,1,450
274734,1,450
275550,1,450
275836,1,450
275992,1,450
276096,1,450
276145,1,450
276152,1,450
276299,1,450
276368,1,450
276559,1,450
276654,1,450
277430,1,450
277532,1,450
277973,1,450
278242,1,450
279046,1,450
279133,1,450
279788,1,450
280069,1,450
280114,1,450
280691,1,450
281675,1,450
281803,1,450
282049,1,450
282092,1,450
282151,1,450
282686,1,450
283006,1,450
283038,1,450
283106,1,450
283133,1,450
283155,1,450
283199,1,450
283244,1,450
283312,1,450
283367,1,450
283372,1,450
283473,1,450
283685,1,450
283724,1,450
283727,1,450
283819,1,450
283894,1,450
284031,1,450
284094,1,450
284121,1,450
284167,1,450
284245,1,450
284514,1,450
284746,1,450
284907,1,450
285035,1,450
285185,1,450
285254,1,450
285293,1,450
285388,1,450
285431,1,450
286000,1,450
286127,1,450
286260,1,450
286462,1,450
286520,1,450
286523,1,450
287260,1,450
287450,1,450
287538,1,450
287542,1,450
287549,1,450
288012,1,450
288054,1,450
288478,1,450
288516,1,450
289216,1,450
289227,1,450
289474,1,450
289702,1,450
290344,1,450
290454,1,450
290614,1,450
290666,1,450
