171,1,75
243,1,75
299,1,75
383,1,75
581,1,75
674,1,75
781,1,75
860,1,75
897,1,75
936,1,75
1060,1,75
1115,1,75
1117,1,75
1279,1,75
1538,1,75
1778,1,75
1821,1,75
1877,1,75
1930,1,75
2010,1,75
2093,1,75
2192,1,75
2208,1,75
2247,1,75
2249,1,75
2344,1,75
2347,1,75
2374,1,75
2380,1,75
2391,1,75
2498,1,75
2705,1,75
2794,1,75
3022,1,75
3129,1,75
3145,1,75
3173,1,75
3518,1,75
3578,1,75
3686,1,75
3802,1,75
3845,1,75
4027,1,75
4039,1,75
4050,1,75
4069,1,75
4231,1,75
4235,1,75
4285,1,75
4337,1,75
4385,1,75
4490,1,75
4557,1,75
4652,1,75
4716,1,75
4726,1,75
4735,1,75
5229,1,75
5527,1,75
5766,1,75
5774,1,75
5801,1,75
6075,1,75
6146,1,75
6199,1,75
6212,1,75
6228,1,75
6398,1,75
6461,1,75
6544,1,75
6546,1,75
6718,1,75
6833,1,75
6836,1,75
6889,1,75
7153,1,75
7175,1,75
7220,1,75
7272,1,75
7476,1,75
7646,1,75
7706,1,75
8072,1,75
8234,1,75
8357,1,75
8360,1,75
8389,1,75
8503,1,75
8639,1,75
8862,1,75
8951,1,75
9001,1,75
9099,1,75
9216,1,75
9242,1,75
9244,1,75
9308,1,75
9315,1,75
9340,1,75
9359,1,75
9362,1,75
9413,1,75
9447,1,75
9466,1,75
9500,1,75
9515,1,75
9523,1,75
9550,1,75
9553,1,75
9566,1,75
9576,1,75
9623,1,75
9624,1,75
9665,1,75
9740,1,75
9763,1,75
10050,1,75
10121,1,75
10254,1,75
10265,1,75
10579,1,75
10716,1,75
10737,1,75
10771,1,75
10912,1,75
10966,1,75
11002,1,75
11013,1,75
11040,1,75
11065,1,75
11109,1,75
11140,1,75
11207,1,75
11238,1,75
11260,1,75
11310,1,75
11439,1,75
11462,1,75
11485,1,75
11649,1,75
11676,1,75
11728,1,75
11887,1,75
12041,1,75
12052,1,75
12119,1,75
12158,1,75
12159,1,75
12210,1,75
12433,1,75
12444,1,75
12477,1,75
12594,1,75
12641,1,75
12652,1,75
12659,1,75
13090,1,75
13151,1,75
13254,1,75
13267,1,75
13379,1,75
13389,1,75
13613,1,75
13667,1,75
13696,1,75
13772,1,75
14040,1,75
14139,1,75
14181,1,75
14245,1,75
14407,1,75
14474,1,75
14546,1,75
14546,1,75
14570,1,75
14617,1,75
14625,1,75
14632,1,75
14674,1,75
14748,1,75
14763,1,75
14785,1,75
14798,1,75
14836,1,75
14843,1,75
15014,1,75
15119,1,75
15169,1,75
15267,1,75
15429,1,75
15436,1,75
15440,1,75
15556,1,75
15642,1,75
15658,1,75
16004,1,75
16281,1,75
16375,1,75
16458,1,75
16468,1,75
16504,1,75
16685,1,75
16999,1,75
17164,1,75
17186,1,75
17662,1,75
17668,1,75
17753,1,75
17888,1,75
19017,1,75
19034,1,75
19104,1,75
19224,1,75
19352,1,75
19517,1,75
20033,1,75
20144,1,75
20559,1,75
20634,1,75
20669,1,75
20722,1,75
21068,1,75
21150,1,75
21215,1,75
21221,1,75
21274,1,75
21282,1,75
21309,1,75
21341,1,75
21388,1,75
21404,1,75
21418,1,75
21504,1,75
21608,1,75
21610,1,75
21621,1,75
21697,1,75
21785,1,75
21826,1,75
21830,1,75
21898,1,75
21975,1,75
21995,1,75
21999,1,75
22010,1,75
22043,1,75
22045,1,75
22124,1,75
22129,1,75
22171,1,75
22217,1,75
22234,1,75
22248,1,75
22248,1,75
22260,1,75
22267,1,75
22281,1,75
22297,1,75
22312,1,75
22324,1,75
22332,1,75
22373,1,75
22375,1,75
22409,1,75
22461,1,75
22478,1,75
22522,1,75
22591,1,75
23131,1,75
23260,1,75
23260,1,75
23286,1,75
23376,1,75
23403,1,75
23455,1,75
23471,1,75
23529,1,75
23537,1,75
23538,1,75
23593,1,75
23656,1,75
24014,1,75
24017,1,75
24064,1,75
24080,1,75
24084,1,75
24161,1,75
24256,1,75
24392,1,75
24406,1,75
24420,1,75
24452,1,75
24541,1,75
24745,1,75
24757,1,75
24782,1,75
24798,1,75
24852,1,75
24904,1,75
24915,1,75
24926,1,75
25027,1,75
25196,1,75
25240,1,75
25405,1,75
25466,1,75
25561,1,75
25808,1,75
25966,1,75
26042,1,75
26043,1,75
26056,1,75
26085,1,75
26107,1,75
26115,1,75
26138,1,75
26254,1,75
26265,1,75
26337,1,75
26521,1,75
26676,1,75
27053,1,75
27143,1,75
27147,1,75
27159,1,75
27338,1,75
27365,1,75
27383,1,75
27396,1,75
27407,1,75
27467,1,75
27684,1,75
27695,1,75
27730,1,75
27751,1,75
28034,1,75
28071,1,75
28114,1,75
28322,1,75
28377,1,75
28383,1,75
28399,1,75
28528,1,75
28529,1,75
28701,1,75
28703,1,75
28811,1,75
28838,1,75
28842,1,75
28861,1,75
28865,1,75
29031,1,75
29068,1,75
29262,1,75
29270,1,75
29291,1,75
29340,1,75
29585,1,75
29595,1,75
29714,1,75
29736,1,75
29932,1,75
30016,1,75
30066,1,75
30086,1,75
30154,1,75
30159,1,75
30395,1,75
30578,1,75
30838,1,75
30851,1,75
30938,1,75
30972,1,75
31366,1,75
31519,1,75
31538,1,75
31628,1,75
31735,1,75
31810,1,75
31829,1,75
31969,1,75
31982,1,75
32069,1,75
32092,1,75
32326,1,75
32372,1,75
32379,1,75
32382,1,75
32576,1,75
32728,1,75
32796,1,75
33015,1,75
33023,1,75
33028,1,75
33101,1,75
33102,1,75
33151,1,75
33160,1,75
33185,1,75
33190,1,75
33199,1,75
33238,1,75
33250,1,75
33262,1,75
33326,1,75
33358,1,75
33364,1,75
33419,1,75
33420,1,75
33421,1,75
33437,1,75
33443,1,75
33472,1,75
33485,1,75
33508,1,75
33510,1,75
33514,1,75
33515,1,75
33533,1,75
33540,1,75
33550,1,75
33669,1,75
33694,1,75
33750,1,75
33789,1,75
33831,1,75
33842,1,75
33958,1,75
34019,1,75
34099,1,75
34146,1,75
34161,1,75
34184,1,75
34236,1,75
34400,1,75
34417,1,75
34456,1,75
34506,1,75
34545,1,75
34589,1,75
34642,1,75
34669,1,75
34742,1,75
34788,1,75
34810,1,75
34813,1,75
34847,1,75
34896,1,75
34963,1,75
34973,1,75
35040,1,75
35053,1,75
35055,1,75
35116,1,75
35135,1,75
35170,1,75
35176,1,75
35185,1,75
35233,1,75
35323,1,75
35344,1,75
35391,1,75
35415,1,75
35418,1,75
35468,1,75
35546,1,75
35573,1,75
35653,1,75
35774,1,75
35843,1,75
35899,1,75
35943,1,75
35948,1,75
36056,1,75
36097,1,75
36140,1,75
36250,1,75
36270,1,75
36283,1,75
36314,1,75
36352,1,75
36390,1,75
36450,1,75
36453,1,75
36455,1,75
36462,1,75
36464,1,75
36548,1,75
36568,1,75
36585,1,75
36593,1,75
36654,1,75
37124,1,75
37252,1,75
37304,1,75
37368,1,75
37437,1,75
37692,1,75
37748,1,75
37784,1,75
37798,1,75
37955,1,75
38077,1,75
38097,1,75
38110,1,75
38155,1,75
38249,1,75
38269,1,75
38273,1,75
38289,1,75
38414,1,75
38442,1,75
38522,1,75
38678,1,75
38745,1,75
38745,1,75
38747,1,75
38826,1,75
38874,1,75
38941,1,75
38977,1,75
39017,1,75
39042,1,75
39081,1,75
39232,1,75
39246,1,75
39355,1,75
39428,1,75
39436,1,75
39445,1,75
39485,1,75
39640,1,75
39640,1,75
39767,1,75
39789,1,75
39796,1,75
39860,1,75
39937,1,75
39948,1,75
40047,1,75
40067,1,75
40110,1,75
40130,1,75
40186,1,75
40191,1,75
40278,1,75
40379,1,75
40430,1,75
40434,1,75
40458,1,75
40519,1,75
40522,1,75
40548,1,75
40604,1,75
40695,1,75
40735,1,75
40786,1,75
40842,1,75
40914,1,75
40927,1,75
41005,1,75
41006,1,75
41034,1,75
41035,1,75
41086,1,75
41222,1,75
41242,1,75
41255,1,75
41295,1,75
41352,1,75
41355,1,75
41398,1,75
41423,1,75
41538,1,75
41549,1,75
41567,1,75
41718,1,75
41723,1,75
41780,1,75
41960,1,75
42003,1,75
42180,1,75
42239,1,75
42242,1,75
42245,1,75
42370,1,75
42482,1,75
42544,1,75
42638,1,75
42767,1,75
42784,1,75
42798,1,75
42817,1,75
42961,1,75
43014,1,75
43110,1,75
43115,1,75
43119,1,75
43156,1,75
43173,1,75
43222,1,75
43404,1,75
43409,1,75
43423,1,75
43566,1,75
43656,1,75
43724,1,75
43774,1,75
43807,1,75
43820,1,75
43836,1,75
44024,1,75
44121,1,75
44123,1,75
44157,1,75
44196,1,75
44372,1,75
44384,1,75
44496,1,75
44586,1,75
44609,1,75
44653,1,75
44845,1,75
44871,1,75
44888,1,75
44920,1,75
44960,1,75
45048,1,75
45081,1,75
45101,1,75
45115,1,75
45125,1,75
45146,1,75
45148,1,75
45181,1,75
45184,1,75
45206,1,75
45253,1,75
45284,1,75
45295,1,75
45322,1,75
45345,1,75
45395,1,75
45439,1,75
45445,1,75
45459,1,75
45496,1,75
45503,1,75
45524,1,75
45545,1,75
45567,1,75
45636,1,75
45678,1,75
45688,1,75
45723,1,75
45765,1,75
45771,1,75
45790,1,75
45799,1,75
45799,1,75
45824,1,75
45910,1,75
45917,1,75
45920,1,75
46003,1,75
46033,1,75
46036,1,75
46046,1,75
46047,1,75
46059,1,75
46060,1,75
46061,1,75
46085,1,75
46089,1,75
46109,1,75
46122,1,75
46157,1,75
46164,1,75
46190,1,75
46190,1,75
46221,1,75
46226,1,75
46235,1,75
46266,1,75
46287,1,75
46311,1,75
46344,1,75
46426,1,75
46449,1,75
46458,1,75
46470,1,75
46496,1,75
46501,1,75
46509,1,75
46539,1,75
46563,1,75
46587,1,75
46610,1,75
46633,1,75
46641,1,75
46671,1,75
46676,1,75
46697,1,75
46726,1,75
46740,1,75
46746,1,75
46758,1,75
46770,1,75
46772,1,75
46840,1,75
46847,1,75
47022,1,75
47034,1,75
47046,1,75
47057,1,75
47084,1,75
47095,1,75
47149,1,75
47177,1,75
47181,1,75
47189,1,75
47214,1,75
47256,1,75
47264,1,75
47278,1,75
47292,1,75
47308,1,75
47309,1,75
47343,1,75
47347,1,75
47385,1,75
47420,1,75
47471,1,75
47496,1,75
47511,1,75
47515,1,75
47530,1,75
47555,1,75
47560,1,75
47571,1,75
47578,1,75
47596,1,75
47604,1,75
47612,1,75
47614,1,75
47642,1,75
47683,1,75
47699,1,75
48023,1,75
48028,1,75
48051,1,75
48077,1,75
48093,1,75
48127,1,75
48176,1,75
48210,1,75
48273,1,75
48323,1,75
48334,1,75
48361,1,75
48478,1,75
48494,1,75
48519,1,75
48521,1,75
48548,1,75
48556,1,75
48620,1,75
48622,1,75
48660,1,75
48660,1,75
48662,1,75
48715,1,75
48769,1,75
48797,1,75
48810,1,75
48812,1,75
48813,1,75
48856,1,75
48929,1,75
48973,1,75
48976,1,75
49005,1,75
49012,1,75
49019,1,75
49022,1,75
49059,1,75
49080,1,75
49117,1,75
49164,1,75
49164,1,75
49215,1,75
49223,1,75
49235,1,75
49261,1,75
49261,1,75
49275,1,75
49279,1,75
49355,1,75
49355,1,75
49368,1,75
49369,1,75
49370,1,75
49427,1,75
49440,1,75
49474,1,75
49476,1,75
49498,1,75
49564,1,75
49636,1,75
49638,1,75
49651,1,75
49665,1,75
49690,1,75
49697,1,75
50016,1,75
50035,1,75
50259,1,75
50264,1,75
50264,1,75
50270,1,75
50296,1,75
50305,1,75
50314,1,75
50338,1,75
50349,1,75
50364,1,75
50381,1,75
50382,1,75
50439,1,75
50510,1,75
50514,1,75
50566,1,75
50622,1,75
50624,1,75
50625,1,75
50686,1,75
50724,1,75
50774,1,75
50919,1,75
50920,1,75
50947,1,75
50955,1,75
50974,1,75
50977,1,75
51003,1,75
51004,1,75
51021,1,75
51029,1,75
51067,1,75
51070,1,75
51077,1,75
51083,1,75
51085,1,75
51088,1,75
51100,1,75
51109,1,75
51154,1,75
51168,1,75
51169,1,75
51188,1,75
51195,1,75
51206,1,75
51211,1,75
51226,1,75
51254,1,75
51259,1,75
51290,1,75
51297,1,75
51300,1,75
51333,1,75
51342,1,75
51343,1,75
51421,1,75
51434,1,75
51467,1,75
51518,1,75
51573,1,75
51581,1,75
51588,1,75
51671,1,75
51690,1,75
51699,1,75
51721,1,75
51740,1,75
51751,1,75
52005,1,75
52012,1,75
52095,1,75
52095,1,75
52129,1,75
52173,1,75
52190,1,75
52237,1,75
52240,1,75
52243,1,75
52244,1,75
52279,1,75
52292,1,75
52315,1,75
52327,1,75
52369,1,75
52373,1,75
52379,1,75
52379,1,75
52400,1,75
52427,1,75
52445,1,75
52449,1,75
52563,1,75
52596,1,75
52754,1,75
52756,1,75
52762,1,75
52778,1,75
52820,1,75
52861,1,75
52884,1,75
52909,1,75
52950,1,75
52966,1,75
53003,1,75
53019,1,75
53031,1,75
53035,1,75
53067,1,75
53067,1,75
53069,1,75
53095,1,75
53099,1,75
53102,1,75
53216,1,75
53251,1,75
53333,1,75
53438,1,75
53451,1,75
53456,1,75
53492,1,75
53523,1,75
53536,1,75
53558,1,75
53625,1,75
53636,1,75
53660,1,75
53664,1,75
53671,1,75
53738,1,75
53749,1,75
53780,1,75
53871,1,75
53871,1,75
53876,1,75
54009,1,75
54025,1,75
54064,1,75
54127,1,75
54139,1,75
54144,1,75
54167,1,75
54189,1,75
54196,1,75
54197,1,75
54366,1,75
54399,1,75
54408,1,75
54417,1,75
54488,1,75
54493,1,75
54540,1,75
54544,1,75
54546,1,75
54626,1,75
54650,1,75
54666,1,75
54679,1,75
54718,1,75
54750,1,75
54866,1,75
54915,1,75
55027,1,75
55060,1,75
55158,1,75
55168,1,75
55178,1,75
55184,1,75
55191,1,75
55228,1,75
55254,1,75
55260,1,75
55272,1,75
55279,1,75
55339,1,75
55364,1,75
55427,1,75
55441,1,75
55474,1,75
55476,1,75
55516,1,75
55557,1,75
55649,1,75
55650,1,75
55663,1,75
55688,1,75
55694,1,75
55715,1,75
55799,1,75
55807,1,75
55872,1,75
55876,1,75
55931,1,75
56012,1,75
56029,1,75
56041,1,75
56058,1,75
56079,1,75
56086,1,75
56098,1,75
56126,1,75
56137,1,75
56150,1,75
56222,1,75
56313,1,75
56391,1,75
56410,1,75
56429,1,75
56433,1,75
56471,1,75
56499,1,75
56563,1,75
56601,1,75
56623,1,75
56714,1,75
56739,1,75
56812,1,75
56860,1,75
56864,1,75
56903,1,75
56925,1,75
56961,1,75
56972,1,75
56972,1,75
56977,1,75
57005,1,75
57013,1,75
57055,1,75
57057,1,75
57058,1,75
57065,1,75
57066,1,75
57081,1,75
57081,1,75
57094,1,75
57101,1,75
57118,1,75
57135,1,75
57145,1,75
57192,1,75
57211,1,75
57211,1,75
57225,1,75
57235,1,75
57255,1,75
57267,1,75
57269,1,75
57296,1,75
57305,1,75
57314,1,75
57328,1,75
57342,1,75
57367,1,75
57376,1,75
57405,1,75
57408,1,75
57448,1,75
57472,1,75
57492,1,75
57509,1,75
57513,1,75
57549,1,75
57570,1,75
57583,1,75
57598,1,75
57599,1,75
57636,1,75
57637,1,75
57650,1,75
57676,1,75
57687,1,75
57698,1,75
57721,1,75
57722,1,75
57728,1,75
57729,1,75
57797,1,75
57830,1,75
57832,1,75
57855,1,75
57862,1,75
57876,1,75
57882,1,75
57884,1,75
57899,1,75
57947,1,75
57955,1,75
57968,1,75
57986,1,75
58016,1,75
58046,1,75
58052,1,75
58057,1,75
58070,1,75
58081,1,75
58082,1,75
58087,1,75
58105,1,75
58109,1,75
58133,1,75
58145,1,75
58182,1,75
58183,1,75
58215,1,75
58252,1,75
58314,1,75
58316,1,75
58336,1,75
58360,1,75
58361,1,75
58403,1,75
58445,1,75
58449,1,75
58479,1,75
58622,1,75
58642,1,75
58652,1,75
58680,1,75
58687,1,75
58717,1,75
58731,1,75
58754,1,75
58775,1,75
58789,1,75
58801,1,75
58810,1,75
58820,1,75
58824,1,75
58840,1,75
58869,1,75
58902,1,75
58938,1,75
58959,1,75
58996,1,75
59015,1,75
59016,1,75
59036,1,75
59036,1,75
59039,1,75
59045,1,75
59048,1,75
59072,1,75
59089,1,75
59100,1,75
59117,1,75
59128,1,75
59132,1,75
59152,1,75
59155,1,75
59201,1,75
59213,1,75
59222,1,75
59234,1,75
59239,1,75
59255,1,75
59262,1,75
59268,1,75
59269,1,75
59280,1,75
59289,1,75
59292,1,75
59384,1,75
59406,1,75
59428,1,75
59439,1,75
59446,1,75
59474,1,75
59481,1,75
59491,1,75
59504,1,75
59538,1,75
59539,1,75
59539,1,75
59558,1,75
59576,1,75
59605,1,75
59618,1,75
59630,1,75
59657,1,75
59689,1,75
59714,1,75
59773,1,75
59781,1,75
59821,1,75
59822,1,75
59841,1,75
59890,1,75
60007,1,75
60009,1,75
60028,1,75
60031,1,75
60065,1,75
60139,1,75
60155,1,75
60163,1,75
60178,1,75
60208,1,75
60283,1,75
60295,1,75
60316,1,75
60353,1,75
60368,1,75
60404,1,75
60405,1,75
60425,1,75
60515,1,75
60537,1,75
60553,1,75
60581,1,75
60600,1,75
60638,1,75
60652,1,75
60683,1,75
60693,1,75
60708,1,75
60715,1,75
60718,1,75
60807,1,75
60812,1,75
60822,1,75
60829,1,75
60850,1,75
60916,1,75
60956,1,75
60992,1,75
61017,1,75
61017,1,75
61026,1,75
61032,1,75
61072,1,75
61103,1,75
61153,1,75
61178,1,75
61192,1,75
61198,1,75
61216,1,75
61220,1,75
61239,1,75
61257,1,75
61294,1,75
61297,1,75
61328,1,75
61331,1,75
61340,1,75
61349,1,75
61396,1,75
61400,1,75
61410,1,75
61433,1,75
61458,1,75
61458,1,75
61563,1,75
61579,1,75
61586,1,75
61604,1,75
61649,1,75
61654,1,75
61657,1,75
61670,1,75
61672,1,75
61715,1,75
61730,1,75
61810,1,75
61830,1,75
61849,1,75
61863,1,75
61907,1,75
61912,1,75
61985,1,75
61995,1,75
61996,1,75
62000,1,75
62004,1,75
62040,1,75
62050,1,75
62084,1,75
62094,1,75
62102,1,75
62109,1,75
62116,1,75
62125,1,75
62151,1,75
62161,1,75
62169,1,75
62175,1,75
62182,1,75
62187,1,75
62207,1,75
62224,1,75
62230,1,75
62255,1,75
62282,1,75
62316,1,75
62334,1,75
62339,1,75
62381,1,75
62385,1,75
62448,1,75
62458,1,75
62466,1,75
62485,1,75
62504,1,75
62534,1,75
62577,1,75
62587,1,75
62601,1,75
62611,1,75
62621,1,75
62662,1,75
62694,1,75
62694,1,75
62740,1,75
62745,1,75
62752,1,75
62803,1,75
62808,1,75
62893,1,75
62911,1,75
62926,1,75
62951,1,75
63052,1,75
63063,1,75
63075,1,75
63115,1,75
63122,1,75
63133,1,75
63137,1,75
63138,1,75
63151,1,75
63152,1,75
63168,1,75
63184,1,75
63187,1,75
63195,1,75
63209,1,75
63219,1,75
63273,1,75
63282,1,75
63284,1,75
63296,1,75
63336,1,75
63337,1,75
63436,1,75
63453,1,75
63471,1,75
63547,1,75
63564,1,75
63580,1,75
63582,1,75
63587,1,75
63589,1,75
63609,1,75
63611,1,75
63615,1,75
63617,1,75
63656,1,75
63681,1,75
63686,1,75
63702,1,75
63713,1,75
63719,1,75
63769,1,75
63792,1,75
63803,1,75
63805,1,75
64036,1,75
64048,1,75
64051,1,75
64065,1,75
64098,1,75
64123,1,75
64124,1,75
64151,1,75
64171,1,75
64185,1,75
64189,1,75
64193,1,75
64198,1,75
64207,1,75
64244,1,75
64255,1,75
64290,1,75
64299,1,75
64310,1,75
64319,1,75
64319,1,75
64333,1,75
64362,1,75
64437,1,75
64438,1,75
64451,1,75
64457,1,75
64491,1,75
64506,1,75
64537,1,75
64542,1,75
64545,1,75
64571,1,75
64582,1,75
64586,1,75
64616,1,75
64617,1,75
64632,1,75
64670,1,75
64695,1,75
64709,1,75
64717,1,75
64729,1,75
64799,1,75
64810,1,75
64810,1,75
64816,1,75
65057,1,75
65069,1,75
65090,1,75
65131,1,75
65133,1,75
65135,1,75
65178,1,75
65193,1,75
65194,1,75
65229,1,75
65238,1,75
65257,1,75
65329,1,75
65330,1,75
65367,1,75
65369,1,75
65383,1,75
65385,1,75
65403,1,75
65411,1,75
65443,1,75
65475,1,75
65477,1,75
65484,1,75
65498,1,75
65510,1,75
65532,1,75
65533,1,75
65551,1,75
65597,1,75
65625,1,75
65653,1,75
65673,1,75
65676,1,75
65717,1,75
65766,1,75
65776,1,75
65776,1,75
65789,1,75
65797,1,75
65853,1,75
65876,1,75
65879,1,75
65937,1,75
65939,1,75
66013,1,75
66047,1,75
66060,1,75
66073,1,75
66089,1,75
66097,1,75
66137,1,75
66158,1,75
66170,1,75
66176,1,75
66188,1,75
66190,1,75
66206,1,75
66215,1,75
66238,1,75
66328,1,75
66366,1,75
66366,1,75
66417,1,75
66419,1,75
66438,1,75
66441,1,75
66452,1,75
66472,1,75
66527,1,75
66535,1,75
66565,1,75
66580,1,75
66585,1,75
66684,1,75
66712,1,75
66715,1,75
66724,1,75
66728,1,75
66761,1,75
66791,1,75
66810,1,75
66857,1,75
66875,1,75
66895,1,75
66899,1,75
66901,1,75
66941,1,75
66943,1,75
66975,1,75
67026,1,75
67057,1,75
67079,1,75
67134,1,75
67144,1,75
67169,1,75
67218,1,75
67218,1,75
67260,1,75
67271,1,75
67281,1,75
67400,1,75
67404,1,75
67410,1,75
67420,1,75
67437,1,75
67443,1,75
67474,1,75
67489,1,75
67499,1,75
67540,1,75
67552,1,75
67622,1,75
67639,1,75
67640,1,75
67661,1,75
67672,1,75
67693,1,75
67729,1,75
67753,1,75
67765,1,75
67823,1,75
67849,1,75
67865,1,75
67873,1,75
67900,1,75
67912,1,75
67921,1,75
67961,1,75
67983,1,75
67994,1,75
68020,1,75
68053,1,75
68059,1,75
68069,1,75
68071,1,75
68106,1,75
68114,1,75
68120,1,75
68145,1,75
68169,1,75
68192,1,75
68220,1,75
68222,1,75
68223,1,75
68246,1,75
68283,1,75
68322,1,75
68367,1,75
68385,1,75
68389,1,75
68440,1,75
68471,1,75
68482,1,75
68491,1,75
68504,1,75
68508,1,75
68562,1,75
68620,1,75
68643,1,75
68651,1,75
68686,1,75
68749,1,75
68761,1,75
68846,1,75
68860,1,75
68865,1,75
68890,1,75
68899,1,75
68899,1,75
68944,1,75
68974,1,75
69029,1,75
69032,1,75
69041,1,75
69042,1,75
69070,1,75
69073,1,75
69074,1,75
69094,1,75
69099,1,75
69110,1,75
69121,1,75
69136,1,75
69141,1,75
69148,1,75
69153,1,75
69153,1,75
69158,1,75
69188,1,75
69199,1,75
69202,1,75
69207,1,75
69220,1,75
69220,1,75
69223,1,75
69228,1,75
69232,1,75
69234,1,75
69236,1,75
69246,1,75
69258,1,75
69273,1,75
69281,1,75
69291,1,75
69291,1,75
69295,1,75
69305,1,75
69307,1,75
69312,1,75
69327,1,75
69333,1,75
69335,1,75
69337,1,75
69346,1,75
69349,1,75
69363,1,75
69375,1,75
69386,1,75
69405,1,75
69419,1,75
69423,1,75
69428,1,75
69428,1,75
69437,1,75
69438,1,75
69448,1,75
69459,1,75
69470,1,75
69486,1,75
69493,1,75
69513,1,75
69540,1,75
69574,1,75
69575,1,75
69605,1,75
69612,1,75
69614,1,75
69616,1,75
69617,1,75
69623,1,75
69649,1,75
69662,1,75
69662,1,75
69667,1,75
69676,1,75
69692,1,75
69699,1,75
69706,1,75
69707,1,75
69731,1,75
69732,1,75
69752,1,75
69753,1,75
69754,1,75
69758,1,75
69780,1,75
69793,1,75
69794,1,75
69798,1,75
69799,1,75
69807,1,75
69811,1,75
69821,1,75
69834,1,75
69837,1,75
69935,1,75
70001,1,75
70003,1,75
70029,1,75
70043,1,75
70053,1,75
70055,1,75
70074,1,75
70077,1,75
70090,1,75
70102,1,75
70121,1,75
70134,1,75
70147,1,75
70165,1,75
70189,1,75
70197,1,75
70223,1,75
70231,1,75
70247,1,75
70255,1,75
70256,1,75
70264,1,75
70286,1,75
70288,1,75
70289,1,75
70294,1,75
70304,1,75
70318,1,75
70322,1,75
70324,1,75
70329,1,75
70338,1,75
70346,1,75
70346,1,75
70370,1,75
70375,1,75
70410,1,75
70416,1,75
70424,1,75
70429,1,75
70440,1,75
70441,1,75
70442,1,75
70448,1,75
70449,1,75
70454,1,75
70495,1,75
70503,1,75
70508,1,75
70515,1,75
70528,1,75
70533,1,75
70536,1,75
70572,1,75
70579,1,75
70598,1,75
70611,1,75
70696,1,75
70726,1,75
70743,1,75
70764,1,75
70766,1,75
70777,1,75
70780,1,75
70783,1,75
70799,1,75
70807,1,75
70811,1,75
70815,1,75
71005,1,75
71035,1,75
71042,1,75
71042,1,75
71086,1,75
71091,1,75
71096,1,75
71102,1,75
71108,1,75
71137,1,75
71140,1,75
71150,1,75
71153,1,75
71180,1,75
71207,1,75
71215,1,75
71231,1,75
71235,1,75
71241,1,75
71245,1,75
71254,1,75
71260,1,75
71272,1,75
71273,1,75
71283,1,75
71283,1,75
71295,1,75
71342,1,75
71350,1,75
71368,1,75
71375,1,75
71377,1,75
71395,1,75
71470,1,75
71478,1,75
71485,1,75
71485,1,75
71498,1,75
71502,1,75
71515,1,75
71516,1,75
71556,1,75
71599,1,75
71600,1,75
71605,1,75
71637,1,75
71643,1,75
71699,1,75
71715,1,75
71717,1,75
71729,1,75
71755,1,75
71760,1,75
71763,1,75
71766,1,75
71777,1,75
71791,1,75
71797,1,75
71821,1,75
71839,1,75
71868,1,75
71883,1,75
71899,1,75
71924,1,75
71931,1,75
71952,1,75
72019,1,75
72028,1,75
72051,1,75
72114,1,75
72115,1,75
72157,1,75
72185,1,75
72196,1,75
72246,1,75
72255,1,75
72289,1,75
72301,1,75
72342,1,75
72388,1,75
72389,1,75
72391,1,75
72400,1,75
72401,1,75
72431,1,75
72442,1,75
72449,1,75
72464,1,75
72479,1,75
72519,1,75
72538,1,75
72547,1,75
72625,1,75
72629,1,75
72656,1,75
72660,1,75
72673,1,75
72682,1,75
72706,1,75
72708,1,75
72713,1,75
72718,1,75
72721,1,75
72746,1,75
72775,1,75
72783,1,75
72788,1,75
72806,1,75
72825,1,75
72831,1,75
72832,1,75
72841,1,75
72842,1,75
72845,1,75
72885,1,75
72894,1,75
72896,1,75
72900,1,75
72935,1,75
72952,1,75
72959,1,75
72975,1,75
72997,1,75
73002,1,75
73003,1,75
73004,1,75
73009,1,75
73009,1,75
73010,1,75
73014,1,75
73014,1,75
73019,1,75
73025,1,75
73044,1,75
73049,1,75
73057,1,75
73061,1,75
73063,1,75
73077,1,75
73077,1,75
73079,1,75
73097,1,75
73098,1,75
73108,1,75
73116,1,75
73118,1,75
73121,1,75
73127,1,75
73156,1,75
73156,1,75
73160,1,75
73163,1,75
73172,1,75
73173,1,75
73189,1,75
73197,1,75
73198,1,75
73201,1,75
73213,1,75
73228,1,75
73237,1,75
73254,1,75
73258,1,75
73265,1,75
73288,1,75
73313,1,75
73321,1,75
73331,1,75
73339,1,75
73341,1,75
73345,1,75
73361,1,75
73435,1,75
73437,1,75
73448,1,75
73453,1,75
73463,1,75
73473,1,75
73487,1,75
73501,1,75
73503,1,75
73505,1,75
73516,1,75
73533,1,75
73564,1,75
73574,1,75
73575,1,75
73577,1,75
73583,1,75
73643,1,75
73697,1,75
73717,1,75
73740,1,75
73744,1,75
73752,1,75
73771,1,75
74021,1,75
74033,1,75
74049,1,75
74052,1,75
74062,1,75
74079,1,75
74081,1,75
74095,1,75
74098,1,75
74102,1,75
74106,1,75
74150,1,75
74178,1,75
74207,1,75
74234,1,75
74242,1,75
74247,1,75
74269,1,75
74278,1,75
74280,1,75
74280,1,75
74294,1,75
74303,1,75
74318,1,75
74321,1,75
74323,1,75
74352,1,75
74354,1,75
74365,1,75
74414,1,75
74425,1,75
74425,1,75
74442,1,75
74455,1,75
74456,1,75
74477,1,75
74504,1,75
74514,1,75
74520,1,75
74520,1,75
74525,1,75
74563,1,75
74586,1,75
74611,1,75
74627,1,75
74630,1,75
74635,1,75
74669,1,75
74693,1,75
74704,1,75
74721,1,75
74745,1,75
74754,1,75
74774,1,75
74784,1,75
74809,1,75
74852,1,75
74880,1,75
74898,1,75
74918,1,75
74947,1,75
74954,1,75
74970,1,75
74973,1,75
74982,1,75
75008,1,75
75015,1,75
75032,1,75
75036,1,75
75049,1,75
75060,1,75
75087,1,75
75089,1,75
75093,1,75
75101,1,75
75111,1,75
75140,1,75
75159,1,75
75164,1,75
75174,1,75
75220,1,75
75227,1,75
75251,1,75
75253,1,75
75259,1,75
75278,1,75
75281,1,75
75283,1,75
75285,1,75
75292,1,75
75316,1,75
75321,1,75
75323,1,75
75356,1,75
75360,1,75
75385,1,75
75420,1,75
75437,1,75
75442,1,75
75446,1,75
75479,1,75
75506,1,75
75528,1,75
75541,1,75
75551,1,75
75555,1,75
75561,1,75
75585,1,75
75587,1,75
75633,1,75
75647,1,75
75651,1,75
75658,1,75
75677,1,75
75679,1,75
75691,1,75
75693,1,75
75713,1,75
75733,1,75
75733,1,75
75747,1,75
75767,1,75
75781,1,75
75792,1,75
75793,1,75
75796,1,75
75799,1,75
75800,1,75
75829,1,75
75836,1,75
75848,1,75
76009,1,75
76033,1,75
76065,1,75
76076,1,75
76089,1,75
76096,1,75
76118,1,75
76119,1,75
76124,1,75
76157,1,75
76230,1,75
76241,1,75
76311,1,75
76313,1,75
76321,1,75
76354,1,75
76377,1,75
76379,1,75
76406,1,75
76409,1,75
76423,1,75
76469,1,75
76473,1,75
76498,1,75
76522,1,75
76523,1,75
76530,1,75
76531,1,75
76535,1,75
76584,1,75
76612,1,75
76658,1,75
76770,1,75
76786,1,75
76790,1,75
76802,1,75
76817,1,75
76906,1,75
76921,1,75
76946,1,75
76952,1,75
76976,1,75
77003,1,75
77010,1,75
77026,1,75
77040,1,75
77045,1,75
77048,1,75
77051,1,75
77054,1,75
77070,1,75
77078,1,75
77081,1,75
77085,1,75
77109,1,75
77126,1,75
77131,1,75
77147,1,75
77149,1,75
77154,1,75
77160,1,75
77168,1,75
77169,1,75
77183,1,75
77214,1,75
77217,1,75
77229,1,75
77233,1,75
77236,1,75
77245,1,75
77251,1,75
77273,1,75
77273,1,75
77285,1,75
77303,1,75
77304,1,75
77311,1,75
77322,1,75
77352,1,75
77356,1,75
77382,1,75
77390,1,75
77401,1,75
77436,1,75
77495,1,75
77502,1,75
77561,1,75
77578,1,75
77587,1,75
77588,1,75
77622,1,75
77657,1,75
77658,1,75
77680,1,75
77710,1,75
77773,1,75
77803,1,75
77808,1,75
77808,1,75
77809,1,75
77839,1,75
77847,1,75
77849,1,75
77868,1,75
77878,1,75
77890,1,75
77932,1,75
77970,1,75
77980,1,75
77987,1,75
77991,1,75
78004,1,75
78008,1,75
78015,1,75
78025,1,75
78042,1,75
78042,1,75
78042,1,75
78084,1,75
78085,1,75
78090,1,75
78097,1,75
78104,1,75
78108,1,75
78111,1,75
78118,1,75
78120,1,75
78123,1,75
78127,1,75
78128,1,75
78132,1,75
78136,1,75
78138,1,75
78141,1,75
78145,1,75
78152,1,75
78162,1,75
78175,1,75
78189,1,75
78192,1,75
78210,1,75
78233,1,75
78237,1,75
78244,1,75
78248,1,75
78250,1,75
78260,1,75
78266,1,75
78282,1,75
78312,1,75
78331,1,75
78353,1,75
78370,1,75
78381,1,75
78382,1,75
78393,1,75
78440,1,75
78447,1,75
78449,1,75
78453,1,75
78473,1,75
78488,1,75
78488,1,75
78499,1,75
78523,1,75
78549,1,75
78563,1,75
78580,1,75
78597,1,75
78607,1,75
78615,1,75
78628,1,75
78667,1,75
78717,1,75
78729,1,75
78757,1,75
78790,1,75
78793,1,75
78802,1,75
78810,1,75
78832,1,75
78868,1,75
78876,1,75
78885,1,75
78888,1,75
78893,1,75
78909,1,75
78911,1,75
78915,1,75
78942,1,75
78948,1,75
79016,1,75
79062,1,75
79068,1,75
79076,1,75
79084,1,75
79100,1,75
79188,1,75
79195,1,75
79223,1,75
79228,1,75
79241,1,75
79272,1,75
79293,1,75
79296,1,75
79299,1,75
79302,1,75
79321,1,75
79329,1,75
79344,1,75
79355,1,75
79381,1,75
79382,1,75
79389,1,75
79492,1,75
79531,1,75
79547,1,75
79603,1,75
79611,1,75
79615,1,75
79628,1,75
79637,1,75
79643,1,75
79649,1,75
79653,1,75
79664,1,75
79665,1,75
79707,1,75
79714,1,75
79723,1,75
79733,1,75
79736,1,75
79759,1,75
79770,1,75
79785,1,75
79815,1,75
79910,1,75
79917,1,75
79933,1,75
79936,1,75
79956,1,75
79971,1,75
80012,1,75
80013,1,75
80016,1,75
80031,1,75
80057,1,75
80072,1,75
80074,1,75
80080,1,75
80082,1,75
80083,1,75
80088,1,75
80091,1,75
80093,1,75
80095,1,75
80100,1,75
80103,1,75
80104,1,75
80107,1,75
80131,1,75
80144,1,75
80163,1,75
80185,1,75
80233,1,75
80254,1,75
80263,1,75
80286,1,75
80332,1,75
80354,1,75
80385,1,75
80449,1,75
80477,1,75
80522,1,75
80533,1,75
80537,1,75
80571,1,75
80592,1,75
80609,1,75
80616,1,75
80634,1,75
80657,1,75
80679,1,75
80716,1,75
80723,1,75
80749,1,75
80756,1,75
80761,1,75
80762,1,75
80764,1,75
80780,1,75
80787,1,75
80839,1,75
80843,1,75
80857,1,75
80865,1,75
80867,1,75
80872,1,75
80890,1,75
80896,1,75
80911,1,75
80913,1,75
80915,1,75
80938,1,75
80946,1,75
80965,1,75
80966,1,75
80974,1,75
80995,1,75
81000,1,75
81005,1,75
81010,1,75
81013,1,75
81014,1,75
81021,1,75
81025,1,75
81027,1,75
81046,1,75
81049,1,75
81068,1,75
81088,1,75
81088,1,75
81119,1,75
81125,1,75
81139,1,75
81146,1,75
81149,1,75
81152,1,75
81162,1,75
81162,1,75
81179,1,75
81201,1,75
81214,1,75
81254,1,75
81268,1,75
81270,1,75
81271,1,75
81276,1,75
81280,1,75
81295,1,75
81298,1,75
81301,1,75
81302,1,75
81305,1,75
81307,1,75
81313,1,75
81347,1,75
81354,1,75
81356,1,75
81368,1,75
81369,1,75
81372,1,75
81380,1,75
81394,1,75
81473,1,75
81499,1,75
81505,1,75
81518,1,75
81520,1,75
81526,1,75
81529,1,75
81530,1,75
81557,1,75
81571,1,75
81572,1,75
81575,1,75
81585,1,75
81597,1,75
81621,1,75
81643,1,75
81648,1,75
81652,1,75
81656,1,75
81663,1,75
81666,1,75
81673,1,75
81674,1,75
81686,1,75
81701,1,75
81735,1,75
81753,1,75
81755,1,75
81759,1,75
81769,1,75
81770,1,75
81778,1,75
81785,1,75
81788,1,75
81790,1,75
81809,1,75
81826,1,75
81830,1,75
81854,1,75
81878,1,75
81888,1,75
81889,1,75
81901,1,75
81924,1,75
81942,1,75
81951,1,75
81983,1,75
81986,1,75
82003,1,75
82003,1,75
82010,1,75
82025,1,75
82038,1,75
82059,1,75
82080,1,75
82106,1,75
82111,1,75
82113,1,75
82115,1,75
82124,1,75
82128,1,75
82132,1,75
82142,1,75
82195,1,75
82204,1,75
82232,1,75
82234,1,75
82235,1,75
82249,1,75
82258,1,75
82322,1,75
82361,1,75
82362,1,75
82362,1,75
82374,1,75
82378,1,75
82380,1,75
82383,1,75
82388,1,75
82400,1,75
82405,1,75
82406,1,75
82430,1,75
82434,1,75
82451,1,75
82461,1,75
82470,1,75
82479,1,75
82480,1,75
82524,1,75
82548,1,75
82550,1,75
82571,1,75
82582,1,75
82595,1,75
82600,1,75
82615,1,75
82622,1,75
82624,1,75
82624,1,75
82624,1,75
82648,1,75
82651,1,75
82684,1,75
82690,1,75
82703,1,75
82706,1,75
82739,1,75
82749,1,75
82755,1,75
82768,1,75
82792,1,75
82830,1,75
82842,1,75
82857,1,75
82860,1,75
82866,1,75
82892,1,75
82900,1,75
82908,1,75
82912,1,75
82915,1,75
83003,1,75
83007,1,75
83008,1,75
83036,1,75
83040,1,75
83051,1,75
83056,1,75
83074,1,75
83091,1,75
83120,1,75
83124,1,75
83133,1,75
83134,1,75
83138,1,75
83149,1,75
83155,1,75
83163,1,75
83171,1,75
83212,1,75
83221,1,75
83226,1,75
83258,1,75
83317,1,75
83334,1,75
83347,1,75
83352,1,75
83358,1,75
83369,1,75
83408,1,75
83420,1,75
83429,1,75
83433,1,75
83440,1,75
83461,1,75
83483,1,75
83496,1,75
83518,1,75
83525,1,75
83534,1,75
83544,1,75
83556,1,75
83562,1,75
83571,1,75
83594,1,75
83634,1,75
83638,1,75
83654,1,75
83656,1,75
83664,1,75
83681,1,75
83716,1,75
83716,1,75
83716,1,75
83729,1,75
83746,1,75
83779,1,75
83786,1,75
83812,1,75
83812,1,75
83821,1,75
83829,1,75
83829,1,75
83830,1,75
83832,1,75
83852,1,75
83855,1,75
83859,1,75
83902,1,75
83937,1,75
83948,1,75
83964,1,75
83978,1,75
83986,1,75
84005,1,75
84011,1,75
84014,1,75
84048,1,75
84088,1,75
84106,1,75
84114,1,75
84124,1,75
84126,1,75
84141,1,75
84145,1,75
84150,1,75
84184,1,75
84195,1,75
84203,1,75
84213,1,75
84220,1,75
84221,1,75
84223,1,75
84238,1,75
84249,1,75
84266,1,75
84279,1,75
84285,1,75
84291,1,75
84323,1,75
84332,1,75
84344,1,75
84365,1,75
84369,1,75
84369,1,75
84370,1,75
84380,1,75
84393,1,75
84405,1,75
84406,1,75
84412,1,75
84413,1,75
84424,1,75
84437,1,75
84523,1,75
84523,1,75
84529,1,75
84534,1,75
84557,1,75
84566,1,75
84569,1,75
84591,1,75
84599,1,75
84623,1,75
84651,1,75
84652,1,75
84690,1,75
84696,1,75
84703,1,75
84741,1,75
84759,1,75
84766,1,75
84778,1,75
84822,1,75
84831,1,75
84835,1,75
84866,1,75
84906,1,75
84934,1,75
84953,1,75
84974,1,75
84982,1,75
85002,1,75
85009,1,75
85014,1,75
85018,1,75
85020,1,75
85024,1,75
85025,1,75
85036,1,75
85036,1,75
85037,1,75
85057,1,75
85118,1,75
85119,1,75
85122,1,75
85132,1,75
85135,1,75
85138,1,75
85141,1,75
85142,1,75
85187,1,75
85194,1,75
85220,1,75
85225,1,75
85225,1,75
85228,1,75
85248,1,75
85267,1,75
85310,1,75
85333,1,75
85334,1,75
85340,1,75
85372,1,75
85383,1,75
85384,1,75
85390,1,75
85404,1,75
85440,1,75
85447,1,75
85451,1,75
85460,1,75
85466,1,75
85481,1,75
85505,1,75
85512,1,75
85524,1,75
85527,1,75
85533,1,75
85540,1,75
85544,1,75
85567,1,75
85572,1,75
85585,1,75
85605,1,75
85628,1,75
85631,1,75
85631,1,75
85648,1,75
85664,1,75
85679,1,75
85701,1,75
85713,1,75
85744,1,75
85769,1,75
85771,1,75
85776,1,75
85789,1,75
85796,1,75
85808,1,75
85809,1,75
85813,1,75
85813,1,75
85835,1,75
85839,1,75
85865,1,75
86002,1,75
86028,1,75
86046,1,75
86049,1,75
86083,1,75
86138,1,75
86169,1,75
86170,1,75
86194,1,75
86197,1,75
86216,1,75
86230,1,75
86235,1,75
86243,1,75
86270,1,75
86281,1,75
86294,1,75
86331,1,75
86343,1,75
86350,1,75
86350,1,75
86435,1,75
86439,1,75
86469,1,75
86496,1,75
86498,1,75
86518,1,75
86576,1,75
86580,1,75
86581,1,75
86609,1,75
86613,1,75
86623,1,75
86682,1,75
86696,1,75
86698,1,75
86708,1,75
86710,1,75
86713,1,75
86717,1,75
86719,1,75
86735,1,75
86762,1,75
86766,1,75
86768,1,75
86784,1,75
86784,1,75
86787,1,75
86799,1,75
86813,1,75
86815,1,75
86855,1,75
86877,1,75
86880,1,75
86914,1,75
86933,1,75
86946,1,75
86953,1,75
86968,1,75
86981,1,75
87008,1,75
87019,1,75
87030,1,75
87031,1,75
87032,1,75
87037,1,75
87041,1,75
87045,1,75
87046,1,75
87050,1,75
87055,1,75
87063,1,75
87069,1,75
87080,1,75
87084,1,75
87085,1,75
87090,1,75
87090,1,75
87098,1,75
87103,1,75
87104,1,75
87104,1,75
87105,1,75
87108,1,75
87118,1,75
87119,1,75
87123,1,75
87130,1,75
87139,1,75
87144,1,75
87146,1,75
87146,1,75
87162,1,75
87165,1,75
87167,1,75
87258,1,75
87282,1,75
87325,1,75
87330,1,75
87343,1,75
87368,1,75
87386,1,75
87405,1,75
87417,1,75
87429,1,75
87429,1,75
87430,1,75
87434,1,75
87435,1,75
87460,1,75
87479,1,75
87504,1,75
87538,1,75
87546,1,75
87554,1,75
87618,1,75
87619,1,75
87626,1,75
87636,1,75
87643,1,75
87652,1,75
87667,1,75
87668,1,75
87678,1,75
87764,1,75
87768,1,75
87796,1,75
87802,1,75
87822,1,75
87833,1,75
87845,1,75
87849,1,75
87862,1,75
87877,1,75
87878,1,75
87884,1,75
87917,1,75
87934,1,75
87945,1,75
87945,1,75
87947,1,75
87977,1,75
87992,1,75
88006,1,75
88009,1,75
88028,1,75
88028,1,75
88048,1,75
88069,1,75
88080,1,75
88082,1,75
88086,1,75
88107,1,75
88125,1,75
88137,1,75
88144,1,75
88149,1,75
88166,1,75
88215,1,75
88219,1,75
88227,1,75
88249,1,75
88262,1,75
88267,1,75
88271,1,75
88275,1,75
88287,1,75
88326,1,75
88327,1,75
88341,1,75
88347,1,75
88363,1,75
88402,1,75
88413,1,75
88463,1,75
88467,1,75
88483,1,75
88483,1,75
88487,1,75
88491,1,75
88497,1,75
88524,1,75
88536,1,75
88543,1,75
88546,1,75
88575,1,75
88577,1,75
88585,1,75
88612,1,75
88631,1,75
88652,1,75
88663,1,75
88705,1,75
88708,1,75
88715,1,75
88727,1,75
88733,1,75
88741,1,75
88746,1,75
88754,1,75
88764,1,75
88770,1,75
88789,1,75
88792,1,75
88802,1,75
88803,1,75
88820,1,75
88863,1,75
88866,1,75
88882,1,75
88885,1,75
88890,1,75
88920,1,75
88924,1,75
88954,1,75
88958,1,75
88978,1,75
89009,1,75
89015,1,75
89019,1,75
89037,1,75
89077,1,75
89092,1,75
89096,1,75
89113,1,75
89138,1,75
89144,1,75
89157,1,75
89159,1,75
89169,1,75
89175,1,75
89186,1,75
89201,1,75
89247,1,75
89263,1,75
89271,1,75
89278,1,75
89290,1,75
89291,1,75
89295,1,75
89301,1,75
89313,1,75
89342,1,75
89356,1,75
89383,1,75
89384,1,75
89399,1,75
89406,1,75
89409,1,75
89421,1,75
89442,1,75
89451,1,75
89467,1,75
89473,1,75
89487,1,75
89497,1,75
89498,1,75
89504,1,75
89519,1,75
89541,1,75
89546,1,75
89559,1,75
89564,1,75
89571,1,75
89604,1,75
89606,1,75
89645,1,75
89654,1,75
89713,1,75
89738,1,75
89764,1,75
89786,1,75
89820,1,75
89828,1,75
89835,1,75
89841,1,75
89849,1,75
89850,1,75
89855,1,75
89856,1,75
89886,1,75
89893,1,75
89894,1,75
89894,1,75
89916,1,75
89922,1,75
89924,1,75
90003,1,75
90031,1,75
90050,1,75
90054,1,75
90073,1,75
90084,1,75
90115,1,75
90121,1,75
90123,1,75
90142,1,75
90146,1,75
90167,1,75
90172,1,75
90177,1,75
90187,1,75
90190,1,75
90210,1,75
90246,1,75
90262,1,75
90268,1,75
90285,1,75
90308,1,75
90327,1,75
90330,1,75
90336,1,75
90366,1,75
90395,1,75
90422,1,75
90426,1,75
90432,1,75
90441,1,75
90450,1,75
90474,1,75
90478,1,75
90494,1,75
90517,1,75
90548,1,75
90572,1,75
90582,1,75
90616,1,75
90625,1,75
90630,1,75
90635,1,75
90648,1,75
90673,1,75
90688,1,75
90693,1,75
90711,1,75
90783,1,75
90785,1,75
90800,1,75
90805,1,75
90806,1,75
90843,1,75
90844,1,75
90880,1,75
90880,1,75
90885,1,75
90897,1,75
90920,1,75
90934,1,75
90946,1,75
90951,1,75
90960,1,75
90964,1,75
90968,1,75
91002,1,75
91010,1,75
91056,1,75
91068,1,75
91087,1,75
91088,1,75
91095,1,75
91102,1,75
91105,1,75
91112,1,75
91121,1,75
91126,1,75
91137,1,75
91152,1,75
91171,1,75
91187,1,75
91188,1,75
91195,1,75
91197,1,75
91220,1,75
91231,1,75
91242,1,75
91263,1,75
91265,1,75
91273,1,75
91292,1,75
91295,1,75
91315,1,75
91320,1,75
91327,1,75
91328,1,75
91337,1,75
91351,1,75
91365,1,75
91372,1,75
91384,1,75
91386,1,75
91389,1,75
91429,1,75
91442,1,75
91443,1,75
91450,1,75
91469,1,75
91501,1,75
91507,1,75
91507,1,75
91511,1,75
91523,1,75
91526,1,75
91526,1,75
91540,1,75
91562,1,75
91564,1,75
91571,1,75
91571,1,75
91599,1,75
91617,1,75
91632,1,75
91633,1,75
91643,1,75
91658,1,75
91659,1,75
91673,1,75
91675,1,75
91678,1,75
91693,1,75
91740,1,75
91811,1,75
91812,1,75
91813,1,75
92004,1,75
92012,1,75
92034,1,75
92038,1,75
92046,1,75
92049,1,75
92054,1,75
92068,1,75
92084,1,75
92104,1,75
92105,1,75
92107,1,75
92108,1,75
92117,1,75
92119,1,75
92137,1,75
92169,1,75
92177,1,75
92188,1,75
92191,1,75
92203,1,75
92206,1,75
92207,1,75
92208,1,75
92212,1,75
92212,1,75
92228,1,75
92233,1,75
92235,1,75
92252,1,75
92260,1,75
92273,1,75
92285,1,75
92338,1,75
92365,1,75
92367,1,75
92380,1,75
92383,1,75
92416,1,75
92426,1,75
92430,1,75
92432,1,75
92435,1,75
92448,1,75
92453,1,75
92480,1,75
92481,1,75
92491,1,75
92523,1,75
92535,1,75
92537,1,75
92547,1,75
92578,1,75
92588,1,75
92597,1,75
92608,1,75
92614,1,75
92615,1,75
92626,1,75
92635,1,75
92642,1,75
92680,1,75
92684,1,75
92686,1,75
92718,1,75
92718,1,75
92737,1,75
93004,1,75
93009,1,75
93036,1,75
93040,1,75
93043,1,75
93044,1,75
93048,1,75
93070,1,75
93082,1,75
93089,1,75
93098,1,75
93113,1,75
93126,1,75
93132,1,75
93141,1,75
93149,1,75
93152,1,75
93182,1,75
93194,1,75
93200,1,75
93248,1,75
93258,1,75
93269,1,75
93280,1,75
93286,1,75
93292,1,75
93295,1,75
93296,1,75
93302,1,75
93306,1,75
93309,1,75
93330,1,75
93339,1,75
93348,1,75
93352,1,75
93364,1,75
93399,1,75
93400,1,75
93410,1,75
93416,1,75
93420,1,75
93428,1,75
93441,1,75
93453,1,75
93457,1,75
93458,1,75
93469,1,75
93476,1,75
93479,1,75
93485,1,75
93488,1,75
93498,1,75
93501,1,75
93502,1,75
93518,1,75
93526,1,75
93526,1,75
93552,1,75
93559,1,75
93573,1,75
93589,1,75
93593,1,75
93619,1,75
93619,1,75
93630,1,75
93634,1,75
93647,1,75
93673,1,75
93676,1,75
93676,1,75
93685,1,75
93686,1,75
93692,1,75
93698,1,75
93707,1,75
93708,1,75
93730,1,75
93734,1,75
93739,1,75
93753,1,75
93769,1,75
93773,1,75
93778,1,75
93782,1,75
93786,1,75
93800,1,75
93812,1,75
93818,1,75
93821,1,75
93823,1,75
93825,1,75
93873,1,75
93877,1,75
93900,1,75
93916,1,75
93917,1,75
93920,1,75
93948,1,75
93950,1,75
93952,1,75
93961,1,75
93972,1,75
93976,1,75
93976,1,75
93981,1,75
93996,1,75
94017,1,75
94044,1,75
94053,1,75
94055,1,75
94066,1,75
94080,1,75
94111,1,75
94117,1,75
94120,1,75
94123,1,75
94137,1,75
94151,1,75
94167,1,75
94195,1,75
94202,1,75
94239,1,75
94257,1,75
94266,1,75
94281,1,75
94287,1,75
94290,1,75
94297,1,75
94312,1,75
94312,1,75
94316,1,75
94329,1,75
94331,1,75
94353,1,75
94363,1,75
94365,1,75
94366,1,75
94376,1,75
94377,1,75
94388,1,75
94400,1,75
94409,1,75
94426,1,75
94442,1,75
94458,1,75
94462,1,75
94463,1,75
94463,1,75
94467,1,75
94469,1,75
94477,1,75
94480,1,75
94484,1,75
94484,1,75
94497,1,75
94509,1,75
94534,1,75
94568,1,75
94623,1,75
94640,1,75
94642,1,75
94649,1,75
94650,1,75
94651,1,75
94660,1,75
94692,1,75
94694,1,75
94704,1,75
94755,1,75
94761,1,75
94775,1,75
94802,1,75
94834,1,75
94840,1,75
94851,1,75
94903,1,75
94918,1,75
94929,1,75
94932,1,75
94975,1,75
94999,1,75
95023,1,75
95040,1,75
95041,1,75
95045,1,75
95047,1,75
95061,1,75
95081,1,75
95083,1,75
95093,1,75
95096,1,75
95097,1,75
95127,1,75
95149,1,75
95160,1,75
95168,1,75
95175,1,75
95181,1,75
95184,1,75
95189,1,75
95200,1,75
95206,1,75
95208,1,75
95211,1,75
95215,1,75
95229,1,75
95258,1,75
95274,1,75
95282,1,75
95292,1,75
95311,1,75
95311,1,75
95322,1,75
95323,1,75
95347,1,75
95350,1,75
95366,1,75
95379,1,75
95395,1,75
95417,1,75
95427,1,75
95427,1,75
95484,1,75
95497,1,75
95501,1,75
95506,1,75
95513,1,75
95520,1,75
95522,1,75
95538,1,75
95562,1,75
95587,1,75
95589,1,75
95591,1,75
95621,1,75
95625,1,75
95639,1,75
95657,1,75
95666,1,75
95692,1,75
95701,1,75
95706,1,75
95709,1,75
95727,1,75
95741,1,75
95767,1,75
95790,1,75
95802,1,75
95806,1,75
95819,1,75
95829,1,75
95845,1,75
95851,1,75
95861,1,75
95914,1,75
95916,1,75
95920,1,75
95944,1,75
95955,1,75
95957,1,75
95967,1,75
95973,1,75
96005,1,75
96021,1,75
96042,1,75
96054,1,75
96114,1,75
96121,1,75
96131,1,75
96132,1,75
96161,1,75
96162,1,75
96162,1,75
96166,1,75
96168,1,75
96172,1,75
96195,1,75
96213,1,75
96225,1,75
96248,1,75
96254,1,75
96266,1,75
96268,1,75
96275,1,75
96280,1,75
96293,1,75
96298,1,75
96305,1,75
96308,1,75
96331,1,75
96333,1,75
96346,1,75
96348,1,75
96351,1,75
96353,1,75
96363,1,75
96364,1,75
96389,1,75
96390,1,75
96392,1,75
96393,1,75
96400,1,75
96402,1,75
96411,1,75
96412,1,75
96423,1,75
96430,1,75
96452,1,75
96464,1,75
96464,1,75
96501,1,75
96513,1,75
96517,1,75
96538,1,75
96539,1,75
96612,1,75
96629,1,75
96645,1,75
96647,1,75
96677,1,75
96686,1,75
96690,1,75
96696,1,75
96701,1,75
96739,1,75
96778,1,75
96791,1,75
96792,1,75
96803,1,75
96810,1,75
96815,1,75
96820,1,75
96832,1,75
96867,1,75
96867,1,75
96868,1,75
97015,1,75
97026,1,75
97029,1,75
97040,1,75
97094,1,75
97099,1,75
97131,1,75
97133,1,75
97161,1,75
97177,1,75
97183,1,75
97193,1,75
97214,1,75
97237,1,75
97240,1,75
97264,1,75
97310,1,75
97319,1,75
97320,1,75
97323,1,75
97324,1,75
97349,1,75
97386,1,75
97406,1,75
97454,1,75
97476,1,75
97477,1,75
97508,1,75
97529,1,75
97538,1,75
97550,1,75
97552,1,75
97585,1,75
97599,1,75
97636,1,75
97637,1,75
97640,1,75
97654,1,75
97722,1,75
97727,1,75
97731,1,75
97753,1,75
97758,1,75
97777,1,75
97787,1,75
97788,1,75
97801,1,75
97803,1,75
97811,1,75
97834,1,75
97842,1,75
97848,1,75
97861,1,75
97867,1,75
97881,1,75
97886,1,75
97891,1,75
97892,1,75
97898,1,75
97939,1,75
97942,1,75
97945,1,75
97958,1,75
97968,1,75
97968,1,75
97975,1,75
97984,1,75
97997,1,75
98006,1,75
98007,1,75
98018,1,75
98033,1,75
98059,1,75
98076,1,75
98087,1,75
98138,1,75
98138,1,75
98139,1,75
98146,1,75
98167,1,75
98175,1,75
98176,1,75
98190,1,75
98232,1,75
98278,1,75
98297,1,75
98305,1,75
98324,1,75
98379,1,75
98402,1,75
98405,1,75
98418,1,75
98450,1,75
98472,1,75
98476,1,75
98479,1,75
98480,1,75
98487,1,75
98504,1,75
98518,1,75
98523,1,75
98523,1,75
98523,1,75
98532,1,75
98537,1,75
98539,1,75
98540,1,75
98562,1,75
98655,1,75
98681,1,75
98681,1,75
98683,1,75
98710,1,75
98753,1,75
98762,1,75
98768,1,75
98778,1,75
98794,1,75
98795,1,75
98801,1,75
98815,1,75
98817,1,75
98825,1,75
98832,1,75
98834,1,75
98844,1,75
98853,1,75
98872,1,75
98909,1,75
98916,1,75
98917,1,75
98923,1,75
98944,1,75
98983,1,75
99009,1,75
99010,1,75
99016,1,75
99046,1,75
99046,1,75
99056,1,75
99056,1,75
99060,1,75
99060,1,75
99069,1,75
99083,1,75
99085,1,75
99085,1,75
99095,1,75
99109,1,75
99127,1,75
99142,1,75
99153,1,75
99154,1,75
99191,1,75
99200,1,75
99200,1,75
99201,1,75
99212,1,75
99224,1,75
99227,1,75
99232,1,75
99234,1,75
99248,1,75
99250,1,75
99267,1,75
99276,1,75
99285,1,75
99300,1,75
99305,1,75
99316,1,75
99320,1,75
99344,1,75
99361,1,75
99374,1,75
99394,1,75
99416,1,75
99422,1,75
99429,1,75
99430,1,75
99430,1,75
99431,1,75
99450,1,75
99487,1,75
99511,1,75
99515,1,75
99533,1,75
99545,1,75
99548,1,75
99553,1,75
99585,1,75
99598,1,75
99600,1,75
99613,1,75
99616,1,75
99623,1,75
99643,1,75
99659,1,75
99667,1,75
99693,1,75
99705,1,75
99707,1,75
99779,1,75
99782,1,75
99848,1,75
99870,1,75
99882,1,75
99885,1,75
99904,1,75
99928,1,75
99930,1,75
99933,1,75
99945,1,75
99951,1,75
99972,1,75
100058,1,75
100071,1,75
100078,1,75
100134,1,75
100135,1,75
100145,1,75
100177,1,75
100182,1,75
100208,1,75
100217,1,75
100231,1,75
100249,1,75
100249,1,75
100264,1,75
100281,1,75
100284,1,75
100285,1,75
100293,1,75
100300,1,75
100301,1,75
100307,1,75
100342,1,75
100348,1,75
100356,1,75
100363,1,75
100410,1,75
100410,1,75
100431,1,75
100450,1,75
100460,1,75
100466,1,75
100485,1,75
100489,1,75
100506,1,75
100520,1,75
100521,1,75
100531,1,75
100550,1,75
100565,1,75
100585,1,75
100587,1,75
100587,1,75
100590,1,75
100600,1,75
100601,1,75
100608,1,75
100615,1,75
100631,1,75
100639,1,75
100646,1,75
100671,1,75
100724,1,75
100730,1,75
100755,1,75
100773,1,75
100775,1,75
100777,1,75
100779,1,75
100788,1,75
100789,1,75
100802,1,75
100863,1,75
100904,1,75
100919,1,75
100961,1,75
100972,1,75
100982,1,75
100984,1,75
100987,1,75
101004,1,75
101011,1,75
101014,1,75
101014,1,75
101024,1,75
101027,1,75
101033,1,75
101038,1,75
101049,1,75
101055,1,75
101060,1,75
101082,1,75
101090,1,75
101090,1,75
101137,1,75
101152,1,75
101162,1,75
101170,1,75
101172,1,75
101189,1,75
101199,1,75
101220,1,75
101230,1,75
101257,1,75
101262,1,75
101284,1,75
101286,1,75
101290,1,75
101290,1,75
101291,1,75
101318,1,75
101321,1,75
101333,1,75
101344,1,75
101353,1,75
101356,1,75
101369,1,75
101417,1,75
101417,1,75
101424,1,75
101447,1,75
101452,1,75
101471,1,75
101473,1,75
101497,1,75
101504,1,75
101547,1,75
101553,1,75
101556,1,75
101562,1,75
101572,1,75
101590,1,75
101643,1,75
101654,1,75
101675,1,75
101688,1,75
101708,1,75
101721,1,75
101726,1,75
101728,1,75
101751,1,75
101764,1,75
101779,1,75
101781,1,75
101786,1,75
101818,1,75
101851,1,75
101854,1,75
102041,1,75
102042,1,75
102047,1,75
102053,1,75
102068,1,75
102078,1,75
102101,1,75
102109,1,75
102135,1,75
102159,1,75
102160,1,75
102186,1,75
102192,1,75
102213,1,75
102225,1,75
102228,1,75
102239,1,75
102241,1,75
102249,1,75
102260,1,75
102304,1,75
102324,1,75
102345,1,75
102362,1,75
102369,1,75
102371,1,75
102371,1,75
102406,1,75
102428,1,75
102436,1,75
102460,1,75
102490,1,75
102497,1,75
102511,1,75
102514,1,75
102538,1,75
102573,1,75
102602,1,75
102606,1,75
102613,1,75
102629,1,75
102633,1,75
102645,1,75
102655,1,75
102673,1,75
102674,1,75
102679,1,75
102685,1,75
102741,1,75
102808,1,75
102826,1,75
102840,1,75
102879,1,75
102885,1,75
102889,1,75
102904,1,75
102923,1,75
102935,1,75
102945,1,75
102948,1,75
102955,1,75
102980,1,75
102990,1,75
103032,1,75
103037,1,75
103044,1,75
103052,1,75
103069,1,75
103078,1,75
103091,1,75
103096,1,75
103100,1,75
103105,1,75
103122,1,75
103128,1,75
103159,1,75
103165,1,75
103188,1,75
103190,1,75
103200,1,75
103203,1,75
103240,1,75
103305,1,75
103321,1,75
103324,1,75
103328,1,75
103331,1,75
103365,1,75
103421,1,75
103425,1,75
103427,1,75
103429,1,75
103437,1,75
103438,1,75
103444,1,75
103455,1,75
103458,1,75
103501,1,75
103504,1,75
103514,1,75
103531,1,75
103537,1,75
103540,1,75
103542,1,75
103565,1,75
103576,1,75
103603,1,75
103657,1,75
103662,1,75
103689,1,75
103703,1,75
103710,1,75
103757,1,75
103761,1,75
103765,1,75
103819,1,75
103830,1,75
103870,1,75
103884,1,75
103887,1,75
103891,1,75
103908,1,75
103916,1,75
103955,1,75
103974,1,75
103996,1,75
104028,1,75
104041,1,75
104048,1,75
104049,1,75
104062,1,75
104063,1,75
104070,1,75
104074,1,75
104079,1,75
104080,1,75
104093,1,75
104110,1,75
104119,1,75
104120,1,75
104131,1,75
104141,1,75
104175,1,75
104177,1,75
104250,1,75
104291,1,75
104300,1,75
104305,1,75
104305,1,75
104316,1,75
104317,1,75
104318,1,75
104384,1,75
104391,1,75
104450,1,75
104456,1,75
104473,1,75
104480,1,75
104500,1,75
104507,1,75
104521,1,75
104549,1,75
104556,1,75
104577,1,75
104582,1,75
104595,1,75
104598,1,75
104610,1,75
104610,1,75
104617,1,75
104679,1,75
104684,1,75
104687,1,75
104710,1,75
104721,1,75
104733,1,75
104747,1,75
104751,1,75
104755,1,75
104759,1,75
104760,1,75
104770,1,75
104786,1,75
104791,1,75
104817,1,75
104824,1,75
104841,1,75
104858,1,75
104863,1,75
104875,1,75
104877,1,75
104950,1,75
104981,1,75
105000,1,75
105016,1,75
105032,1,75
105089,1,75
105099,1,75
105103,1,75
105105,1,75
105140,1,75
105147,1,75
105172,1,75
105176,1,75
105179,1,75
105186,1,75
105193,1,75
105215,1,75
105219,1,75
105224,1,75
105225,1,75
105227,1,75
105227,1,75
105237,1,75
105251,1,75
105280,1,75
105313,1,75
105336,1,75
105340,1,75
105356,1,75
105368,1,75
105407,1,75
105419,1,75
105421,1,75
105428,1,75
105434,1,75
105437,1,75
105441,1,75
105469,1,75
105470,1,75
105473,1,75
105477,1,75
105519,1,75
105554,1,75
105568,1,75
105597,1,75
105600,1,75
105615,1,75
105659,1,75
105661,1,75
105673,1,75
105687,1,75
105697,1,75
105720,1,75
105722,1,75
105726,1,75
105742,1,75
105757,1,75
105763,1,75
105804,1,75
105808,1,75
105817,1,75
105836,1,75
105849,1,75
105887,1,75
105903,1,75
105904,1,75
105905,1,75
105905,1,75
105932,1,75
105961,1,75
105968,1,75
105981,1,75
106004,1,75
106008,1,75
106026,1,75
106045,1,75
106054,1,75
106057,1,75
106060,1,75
106062,1,75
106068,1,75
106068,1,75
106070,1,75
106070,1,75
106072,1,75
106074,1,75
106127,1,75
106130,1,75
106143,1,75
106153,1,75
106177,1,75
106178,1,75
106178,1,75
106180,1,75
106184,1,75
106192,1,75
106198,1,75
106249,1,75
106337,1,75
106353,1,75
106380,1,75
106405,1,75
106416,1,75
106427,1,75
106429,1,75
106437,1,75
106450,1,75
106452,1,75
106463,1,75
106474,1,75
106505,1,75
106510,1,75
106535,1,75
106537,1,75
106539,1,75
106546,1,75
106566,1,75
106574,1,75
106588,1,75
106604,1,75
106611,1,75
106613,1,75
106615,1,75
106631,1,75
106653,1,75
106676,1,75
106686,1,75
106692,1,75
106697,1,75
106707,1,75
106710,1,75
106715,1,75
106717,1,75
106724,1,75
106739,1,75
106760,1,75
106778,1,75
106796,1,75
106802,1,75
107059,1,75
107067,1,75
107086,1,75
107114,1,75
107134,1,75
107135,1,75
107173,1,75
107210,1,75
107211,1,75
107216,1,75
107220,1,75
107230,1,75
107242,1,75
107244,1,75
107273,1,75
107288,1,75
107294,1,75
107314,1,75
107333,1,75
107341,1,75
107374,1,75
107389,1,75
107407,1,75
107409,1,75
107508,1,75
107513,1,75
107515,1,75
107537,1,75
107537,1,75
107538,1,75
107541,1,75
107542,1,75
107569,1,75
107578,1,75
107594,1,75
107599,1,75
107606,1,75
107610,1,75
107631,1,75
107666,1,75
107687,1,75
107708,1,75
107727,1,75
107733,1,75
107741,1,75
107749,1,75
107752,1,75
107775,1,75
107780,1,75
107795,1,75
107820,1,75
107823,1,75
107872,1,75
107883,1,75
107903,1,75
107905,1,75
107933,1,75
108002,1,75
108005,1,75
108013,1,75
108048,1,75
108088,1,75
108089,1,75
108104,1,75
108116,1,75
108129,1,75
108138,1,75
108175,1,75
108187,1,75
108187,1,75
108194,1,75
108194,1,75
108213,1,75
108219,1,75
108278,1,75
108368,1,75
108410,1,75
108413,1,75
108415,1,75
108456,1,75
108517,1,75
108575,1,75
108591,1,75
108608,1,75
108621,1,75
108634,1,75
108639,1,75
108645,1,75
108655,1,75
108685,1,75
108703,1,75
108725,1,75
108736,1,75
108739,1,75
108740,1,75
108747,1,75
108747,1,75
108784,1,75
108799,1,75
108802,1,75
108820,1,75
108821,1,75
108835,1,75
108841,1,75
108851,1,75
108861,1,75
108875,1,75
108907,1,75
108913,1,75
108927,1,75
108940,1,75
109008,1,75
109054,1,75
109070,1,75
109082,1,75
109086,1,75
109108,1,75
109109,1,75
109129,1,75
109146,1,75
109162,1,75
109168,1,75
109178,1,75
109180,1,75
109182,1,75
109184,1,75
109192,1,75
109213,1,75
109235,1,75
109239,1,75
109243,1,75
109254,1,75
109290,1,75
109299,1,75
109332,1,75
109381,1,75
109390,1,75
109419,1,75
109442,1,75
109449,1,75
109456,1,75
109458,1,75
109489,1,75
109508,1,75
109516,1,75
109562,1,75
109574,1,75
109585,1,75
109604,1,75
109619,1,75
109624,1,75
109636,1,75
109653,1,75
109675,1,75
109715,1,75
109758,1,75
109773,1,75
109783,1,75
109792,1,75
109800,1,75
109801,1,75
109816,1,75
110022,1,75
110023,1,75
110046,1,75
110046,1,75
110076,1,75
110112,1,75
110115,1,75
110128,1,75
110133,1,75
110195,1,75
110203,1,75
110354,1,75
110376,1,75
110428,1,75
110430,1,75
110443,1,75
110457,1,75
110466,1,75
110496,1,75
110505,1,75
110538,1,75
110543,1,75
110549,1,75
110593,1,75
110600,1,75
110610,1,75
110619,1,75
110657,1,75
110664,1,75
110690,1,75
110739,1,75
110748,1,75
110760,1,75
110770,1,75
110828,1,75
110863,1,75
110871,1,75
110875,1,75
110875,1,75
110890,1,75
110892,1,75
110898,1,75
110922,1,75
110930,1,75
110971,1,75
110978,1,75
110983,1,75
110989,1,75
111005,1,75
111047,1,75
111072,1,75
111077,1,75
111084,1,75
111084,1,75
111093,1,75
111094,1,75
111100,1,75
111111,1,75
111121,1,75
111126,1,75
111141,1,75
111143,1,75
111145,1,75
111145,1,75
111148,1,75
111151,1,75
111173,1,75
111176,1,75
111208,1,75
111236,1,75
111237,1,75
111240,1,75
111268,1,75
111293,1,75
111341,1,75
111351,1,75
111352,1,75
111386,1,75
111419,1,75
111437,1,75
111438,1,75
111445,1,75
111453,1,75
111528,1,75
111546,1,75
111563,1,75
111583,1,75
111593,1,75
111635,1,75
111636,1,75
111639,1,75
111641,1,75
111645,1,75
111665,1,75
111671,1,75
111677,1,75
111688,1,75
111729,1,75
111739,1,75
111739,1,75
111752,1,75
111761,1,75
111771,1,75
111784,1,75
111790,1,75
111791,1,75
111794,1,75
111795,1,75
111823,1,75
111838,1,75
111875,1,75
111879,1,75
112010,1,75
112025,1,75
112074,1,75
112081,1,75
112082,1,75
112108,1,75
112123,1,75
112159,1,75
112179,1,75
112184,1,75
112248,1,75
112250,1,75
112264,1,75
112278,1,75
112282,1,75
112328,1,75
112339,1,75
112349,1,75
112362,1,75
112385,1,75
112415,1,75
112434,1,75
112438,1,75
112447,1,75
112465,1,75
112469,1,75
112490,1,75
112561,1,75
112580,1,75
112594,1,75
112601,1,75
112610,1,75
112636,1,75
112691,1,75
112766,1,75
112806,1,75
112806,1,75
112812,1,75
112812,1,75
112823,1,75
112837,1,75
112877,1,75
112894,1,75
112923,1,75
112939,1,75
112954,1,75
112988,1,75
113012,1,75
113015,1,75
113025,1,75
113039,1,75
113044,1,75
113049,1,75
113064,1,75
113067,1,75
113079,1,75
113080,1,75
113108,1,75
113109,1,75
113112,1,75
113118,1,75
113129,1,75
113147,1,75
113177,1,75
113213,1,75
113215,1,75
113258,1,75
113279,1,75
113287,1,75
113300,1,75
113306,1,75
113306,1,75
113314,1,75
113395,1,75
113439,1,75
113440,1,75
113443,1,75
113446,1,75
113446,1,75
113498,1,75
113545,1,75
113558,1,75
113558,1,75
113563,1,75
113564,1,75
113578,1,75
113608,1,75
113655,1,75
113668,1,75
113697,1,75
113762,1,75
113775,1,75
113779,1,75
113799,1,75
113817,1,75
113884,1,75
113888,1,75
113900,1,75
113902,1,75
113905,1,75
113916,1,75
113922,1,75
113981,1,75
113997,1,75
114003,1,75
114015,1,75
114045,1,75
114046,1,75
114063,1,75
114080,1,75
114088,1,75
114097,1,75
114119,1,75
114143,1,75
114162,1,75
114239,1,75
114252,1,75
114256,1,75
114258,1,75
114310,1,75
114321,1,75
114327,1,75
114356,1,75
114363,1,75
114375,1,75
114380,1,75
114386,1,75
114471,1,75
114492,1,75
114517,1,75
114574,1,75
114648,1,75
114671,1,75
114743,1,75
114755,1,75
114784,1,75
114789,1,75
114816,1,75
114847,1,75
114848,1,75
114856,1,75
114889,1,75
114907,1,75
114933,1,75
114937,1,75
114989,1,75
115005,1,75
115051,1,75
115051,1,75
115056,1,75
115058,1,75
115075,1,75
115087,1,75
115112,1,75
115123,1,75
115186,1,75
115191,1,75
115198,1,75
115204,1,75
115209,1,75
115210,1,75
115246,1,75
115248,1,75
115262,1,75
115267,1,75
115274,1,75
115280,1,75
115281,1,75
115285,1,75
115291,1,75
115296,1,75
115303,1,75
115312,1,75
115358,1,75
115367,1,75
115367,1,75
115414,1,75
115442,1,75
115531,1,75
115557,1,75
115597,1,75
115601,1,75
115613,1,75
115634,1,75
115647,1,75
115697,1,75
115741,1,75
115759,1,75
115776,1,75
115816,1,75
115825,1,75
115828,1,75
115880,1,75
115886,1,75
115898,1,75
115912,1,75
115912,1,75
115928,1,75
115939,1,75
115963,1,75
115969,1,75
115974,1,75
115994,1,75
116011,1,75
116013,1,75
116014,1,75
116023,1,75
116031,1,75
116053,1,75
116054,1,75
116058,1,75
116093,1,75
116103,1,75
116152,1,75
116166,1,75
116169,1,75
116280,1,75
116290,1,75
116296,1,75
116328,1,75
116357,1,75
116360,1,75
116367,1,75
116428,1,75
116454,1,75
116454,1,75
116473,1,75
116475,1,75
116477,1,75
116491,1,75
116493,1,75
116518,1,75
116578,1,75
116579,1,75
116592,1,75
116626,1,75
116626,1,75
116630,1,75
116633,1,75
116650,1,75
116694,1,75
116735,1,75
116738,1,75
116750,1,75
116784,1,75
116799,1,75
116857,1,75
116868,1,75
116918,1,75
116928,1,75
116952,1,75
116954,1,75
116996,1,75
116999,1,75
117002,1,75
117002,1,75
117028,1,75
117029,1,75
117087,1,75
117116,1,75
117211,1,75
117220,1,75
117240,1,75
117243,1,75
117264,1,75
117266,1,75
117291,1,75
117305,1,75
117327,1,75
117331,1,75
117340,1,75
117342,1,75
117347,1,75
117353,1,75
117362,1,75
117383,1,75
117392,1,75
117505,1,75
117535,1,75
117548,1,75
117572,1,75
117586,1,75
117599,1,75
117621,1,75
117634,1,75
117702,1,75
117718,1,75
117722,1,75
117735,1,75
117799,1,75
117822,1,75
117825,1,75
117830,1,75
117837,1,75
117914,1,75
117929,1,75
117933,1,75
117953,1,75
117978,1,75
117988,1,75
117989,1,75
117993,1,75
118019,1,75
118027,1,75
118040,1,75
118047,1,75
118049,1,75
118053,1,75
118067,1,75
118068,1,75
118078,1,75
118087,1,75
118088,1,75
118110,1,75
118117,1,75
118118,1,75
118136,1,75
118161,1,75
118167,1,75
118177,1,75
118181,1,75
118184,1,75
118189,1,75
118199,1,75
118202,1,75
118258,1,75
118261,1,75
118293,1,75
118296,1,75
118306,1,75
118344,1,75
118431,1,75
118441,1,75
118471,1,75
118505,1,75
118542,1,75
118562,1,75
118568,1,75
118583,1,75
118704,1,75
118778,1,75
118797,1,75
118814,1,75
118828,1,75
118854,1,75
118936,1,75
118941,1,75
118968,1,75
119018,1,75
119028,1,75
119031,1,75
119040,1,75
119049,1,75
119050,1,75
119056,1,75
119073,1,75
119075,1,75
119081,1,75
119101,1,75
119105,1,75
119129,1,75
119140,1,75
119141,1,75
119187,1,75
119197,1,75
119210,1,75
119227,1,75
119249,1,75
119253,1,75
119261,1,75
119339,1,75
119392,1,75
119393,1,75
119452,1,75
119454,1,75
119461,1,75
119477,1,75
119524,1,75
119570,1,75
119593,1,75
119596,1,75
119603,1,75
119613,1,75
119681,1,75
119742,1,75
119750,1,75
119779,1,75
119785,1,75
119910,1,75
119939,1,75
119979,1,75
119980,1,75
120002,1,75
120103,1,75
120132,1,75
120179,1,75
120296,1,75
120321,1,75
120323,1,75
120331,1,75
120366,1,75
120416,1,75
120419,1,75
120444,1,75
120470,1,75
120472,1,75
120561,1,75
120566,1,75
120576,1,75
120692,1,75
120699,1,75
120704,1,75
120718,1,75
120734,1,75
120747,1,75
120770,1,75
120801,1,75
120808,1,75
120811,1,75
120847,1,75
120847,1,75
120853,1,75
120877,1,75
120884,1,75
120909,1,75
120929,1,75
120939,1,75
120966,1,75
120983,1,75
121046,1,75
121046,1,75
121073,1,75
121092,1,75
121107,1,75
121217,1,75
121218,1,75
121243,1,75
121247,1,75
121253,1,75
121285,1,75
121346,1,75
121348,1,75
121360,1,75
121371,1,75
121423,1,75
121444,1,75
121489,1,75
121503,1,75
121553,1,75
121556,1,75
121565,1,75
121584,1,75
121587,1,75
121589,1,75
121616,1,75
121619,1,75
121660,1,75
121673,1,75
121680,1,75
121683,1,75
121696,1,75
121724,1,75
121731,1,75
121772,1,75
121783,1,75
121816,1,75
121887,1,75
122018,1,75
122025,1,75
122029,1,75
122053,1,75
122053,1,75
122079,1,75
122095,1,75
122097,1,75
122129,1,75
122181,1,75
122186,1,75
122267,1,75
122291,1,75
122299,1,75
122317,1,75
122337,1,75
122339,1,75
122422,1,75
122438,1,75
122469,1,75
122523,1,75
122598,1,75
122619,1,75
122647,1,75
122651,1,75
122656,1,75
122681,1,75
122687,1,75
122687,1,75
122721,1,75
122744,1,75
122766,1,75
122819,1,75
122830,1,75
122865,1,75
122888,1,75
122934,1,75
123025,1,75
123036,1,75
123093,1,75
123105,1,75
123205,1,75
123215,1,75
123224,1,75
123287,1,75
123295,1,75
123311,1,75
123333,1,75
123408,1,75
123466,1,75
123503,1,75
123526,1,75
123533,1,75
123617,1,75
123624,1,75
123635,1,75
123664,1,75
123700,1,75
123703,1,75
123734,1,75
123746,1,75
123790,1,75
123842,1,75
123842,1,75
123847,1,75
123851,1,75
123864,1,75
123924,1,75
123950,1,75
123968,1,75
123986,1,75
124022,1,75
124034,1,75
124098,1,75
124107,1,75
124178,1,75
124187,1,75
124210,1,75
124234,1,75
124247,1,75
124250,1,75
124266,1,75
124291,1,75
124354,1,75
124384,1,75
124461,1,75
124488,1,75
124527,1,75
124529,1,75
124680,1,75
124719,1,75
124740,1,75
124773,1,75
124846,1,75
124847,1,75
124863,1,75
124872,1,75
124879,1,75
124927,1,75
124932,1,75
124984,1,75
125014,1,75
125036,1,75
125060,1,75
125062,1,75
125062,1,75
125101,1,75
125119,1,75
125173,1,75
125188,1,75
125223,1,75
125244,1,75
125246,1,75
125275,1,75
125353,1,75
125356,1,75
125428,1,75
125525,1,75
125566,1,75
125572,1,75
125602,1,75
125635,1,75
125724,1,75
125736,1,75
125775,1,75
125781,1,75
125789,1,75
125798,1,75
125805,1,75
125843,1,75
125941,1,75
125964,1,75
125972,1,75
125976,1,75
126011,1,75
126016,1,75
126037,1,75
126045,1,75
126053,1,75
126074,1,75
126082,1,75
126086,1,75
126087,1,75
126097,1,75
126135,1,75
126137,1,75
126143,1,75
126163,1,75
126177,1,75
126178,1,75
126252,1,75
126284,1,75
126300,1,75
126306,1,75
126320,1,75
126339,1,75
126354,1,75
126357,1,75
126369,1,75
126373,1,75
126375,1,75
126458,1,75
126485,1,75
126498,1,75
126521,1,75
126561,1,75
126583,1,75
126628,1,75
126642,1,75
126777,1,75
126877,1,75
126882,1,75
126906,1,75
126948,1,75
126970,1,75
127033,1,75
127122,1,75
127127,1,75
127168,1,75
127177,1,75
127219,1,75
127229,1,75
127272,1,75
127296,1,75
127309,1,75
127318,1,75
127325,1,75
127352,1,75
127436,1,75
127443,1,75
127453,1,75
127458,1,75
127467,1,75
127485,1,75
127492,1,75
127493,1,75
127530,1,75
127581,1,75
127591,1,75
127635,1,75
127665,1,75
127689,1,75
127703,1,75
127756,1,75
127793,1,75
127804,1,75
127833,1,75
127851,1,75
127855,1,75
128042,1,75
128045,1,75
128060,1,75
128067,1,75
128110,1,75
128137,1,75
128141,1,75
128147,1,75
128165,1,75
128176,1,75
128182,1,75
128231,1,75
128281,1,75
128282,1,75
128293,1,75
128294,1,75
128320,1,75
128325,1,75
128335,1,75
128391,1,75
128408,1,75
128433,1,75
128442,1,75
128455,1,75
128459,1,75
128478,1,75
128489,1,75
128531,1,75
128532,1,75
128537,1,75
129017,1,75
129038,1,75
129060,1,75
129082,1,75
129085,1,75
129126,1,75
129134,1,75
129145,1,75
129148,1,75
129170,1,75
129178,1,75
129191,1,75
129309,1,75
129328,1,75
129340,1,75
129345,1,75
129356,1,75
129372,1,75
129441,1,75
129526,1,75
129533,1,75
129551,1,75
129578,1,75
129611,1,75
129631,1,75
129636,1,75
129738,1,75
129752,1,75
129797,1,75
129804,1,75
129804,1,75
129812,1,75
129813,1,75
129856,1,75
129899,1,75
129905,1,75
129952,1,75
129965,1,75
129985,1,75
129988,1,75
130073,1,75
130106,1,75
130106,1,75
130182,1,75
130198,1,75
130220,1,75
130263,1,75
130290,1,75
130296,1,75
130366,1,75
130433,1,75
130480,1,75
130507,1,75
130512,1,75
130525,1,75
130569,1,75
130609,1,75
130687,1,75
130818,1,75
130873,1,75
130901,1,75
130923,1,75
130936,1,75
130981,1,75
130996,1,75
131030,1,75
131047,1,75
131068,1,75
131074,1,75
131104,1,75
131110,1,75
131131,1,75
131160,1,75
131176,1,75
131258,1,75
131259,1,75
131345,1,75
131354,1,75
131361,1,75
131362,1,75
131370,1,75
131469,1,75
131502,1,75
131538,1,75
131540,1,75
131551,1,75
131567,1,75
131578,1,75
131633,1,75
131698,1,75
131726,1,75
131747,1,75
131762,1,75
131764,1,75
131801,1,75
132079,1,75
132122,1,75
132146,1,75
132157,1,75
132173,1,75
132264,1,75
132265,1,75
132295,1,75
132454,1,75
132548,1,75
132578,1,75
132583,1,75
132589,1,75
132630,1,75
132720,1,75
132739,1,75
132756,1,75
132766,1,75
132774,1,75
132787,1,75
132795,1,75
132809,1,75
132842,1,75
132861,1,75
132872,1,75
132930,1,75
133041,1,75
133102,1,75
133142,1,75
133305,1,75
133327,1,75
133350,1,75
133389,1,75
133491,1,75
133530,1,75
133543,1,75
133583,1,75
133609,1,75
133623,1,75
133659,1,75
133779,1,75
133822,1,75
133833,1,75
133852,1,75
133883,1,75
133895,1,75
134121,1,75
134134,1,75
134198,1,75
134223,1,75
134240,1,75
134244,1,75
134254,1,75
134293,1,75
134610,1,75
134616,1,75
134700,1,75
134785,1,75
134828,1,75
134934,1,75
134959,1,75
134984,1,75
135034,1,75
135040,1,75
135052,1,75
135068,1,75
135077,1,75
135108,1,75
135124,1,75
135129,1,75
135141,1,75
135158,1,75
135185,1,75
135188,1,75
135194,1,75
135197,1,75
135248,1,75
135261,1,75
135279,1,75
135301,1,75
135309,1,75
135311,1,75
135326,1,75
135408,1,75
135439,1,75
135452,1,75
135461,1,75
135497,1,75
135562,1,75
135670,1,75
135706,1,75
136064,1,75
136117,1,75
136142,1,75
136196,1,75
136293,1,75
136311,1,75
136338,1,75
136401,1,75
136510,1,75
136544,1,75
136615,1,75
136675,1,75
136701,1,75
136712,1,75
136745,1,75
136765,1,75
136798,1,75
136830,1,75
136863,1,75
136929,1,75
136933,1,75
136940,1,75
136955,1,75
136975,1,75
136987,1,75
137075,1,75
137098,1,75
137176,1,75
137214,1,75
137228,1,75
137258,1,75
137258,1,75
137258,1,75
137296,1,75
137422,1,75
137481,1,75
137527,1,75
137563,1,75
137610,1,75
137623,1,75
137638,1,75
137653,1,75
137667,1,75
137668,1,75
137678,1,75
137730,1,75
138001,1,75
138038,1,75
138049,1,75
138058,1,75
138093,1,75
138179,1,75
138197,1,75
138233,1,75
138320,1,75
138369,1,75
138397,1,75
138447,1,75
138451,1,75
138455,1,75
138458,1,75
138483,1,75
138501,1,75
138531,1,75
138546,1,75
138595,1,75
138618,1,75
139048,1,75
139079,1,75
139187,1,75
139193,1,75
139197,1,75
139257,1,75
139308,1,75
139335,1,75
139338,1,75
139383,1,75
139399,1,75
139461,1,75
139514,1,75
139581,1,75
139587,1,75
139616,1,75
139632,1,75
139746,1,75
139774,1,75
139948,1,75
140021,1,75
140037,1,75
140042,1,75
140065,1,75
140074,1,75
140087,1,75
140150,1,75
140175,1,75
140237,1,75
140356,1,75
140404,1,75
140485,1,75
140533,1,75
140541,1,75
140923,1,75
140952,1,75
140972,1,75
141031,1,75
141054,1,75
141074,1,75
141095,1,75
141152,1,75
141170,1,75
141177,1,75
141177,1,75
141306,1,75
141336,1,75
141354,1,75
141368,1,75
141474,1,75
141476,1,75
141587,1,75
141601,1,75
141639,1,75
141695,1,75
141696,1,75
141752,1,75
141773,1,75
141776,1,75
141851,1,75
141860,1,75
141885,1,75
141972,1,75
142011,1,75
142020,1,75
142024,1,75
142075,1,75
142095,1,75
142167,1,75
142280,1,75
142322,1,75
142448,1,75
142452,1,75
142467,1,75
142479,1,75
142497,1,75
142519,1,75
142591,1,75
143011,1,75
143076,1,75
143120,1,75
143128,1,75
143188,1,75
143199,1,75
143205,1,75
143341,1,75
143458,1,75
143561,1,75
143568,1,75
143619,1,75
143633,1,75
143685,1,75
143700,1,75
143809,1,75
143899,1,75
144069,1,75
144101,1,75
144139,1,75
144151,1,75
144162,1,75
144171,1,75
144304,1,75
144363,1,75
144560,1,75
144689,1,75
144721,1,75
144776,1,75
144972,1,75
144991,1,75
145042,1,75
145056,1,75
145115,1,75
145142,1,75
145274,1,75
145314,1,75
145322,1,75
145334,1,75
145372,1,75
145415,1,75
145418,1,75
145513,1,75
145656,1,75
145688,1,75
145700,1,75
145701,1,75
145767,1,75
145885,1,75
145950,1,75
146004,1,75
146006,1,75
146057,1,75
146083,1,75
146190,1,75
146204,1,75
146240,1,75
146247,1,75
146383,1,75
146415,1,75
146496,1,75
146566,1,75
146626,1,75
146782,1,75
146977,1,75
147027,1,75
147034,1,75
147039,1,75
147087,1,75
147098,1,75
147150,1,75
147379,1,75
147540,1,75
147557,1,75
147579,1,75
147626,1,75
147663,1,75
147738,1,75
147760,1,75
148007,1,75
148054,1,75
148078,1,75
148115,1,75
148161,1,75
148254,1,75
148424,1,75
148479,1,75
148727,1,75
148819,1,75
148838,1,75
148890,1,75
148984,1,75
149014,1,75
149079,1,75
149109,1,75
149137,1,75
149155,1,75
149168,1,75
149184,1,75
149191,1,75
149204,1,75
149215,1,75
149268,1,75
149291,1,75
149316,1,75
149522,1,75
149595,1,75
149611,1,75
149634,1,75
150102,1,75
150207,1,75
150496,1,75
150512,1,75
150548,1,75
150599,1,75
150754,1,75
150839,1,75
151003,1,75
151128,1,75
151248,1,75
151294,1,75
151335,1,75
151455,1,75
151474,1,75
151478,1,75
151489,1,75
151619,1,75
151625,1,75
151731,1,75
151743,1,75
151778,1,75
151937,1,75
152109,1,75
152242,1,75
152307,1,75
152347,1,75
152506,1,75
152583,1,75
152692,1,75
153039,1,75
153087,1,75
153089,1,75
153158,1,75
153170,1,75
153171,1,75
153178,1,75
153216,1,75
153219,1,75
153284,1,75
153329,1,75
153444,1,75
153596,1,75
153715,1,75
153735,1,75
153802,1,75
153821,1,75
153831,1,75
153979,1,75
153980,1,75
154013,1,75
154045,1,75
154092,1,75
154098,1,75
154114,1,75
154161,1,75
154165,1,75
154179,1,75
154200,1,75
154211,1,75
154224,1,75
154287,1,75
154369,1,75
154463,1,75
154762,1,75
154773,1,75
154827,1,75
154851,1,75
154909,1,75
154932,1,75
155035,1,75
155060,1,75
155068,1,75
155179,1,75
155181,1,75
155340,1,75
155541,1,75
155580,1,75
155597,1,75
155672,1,75
155797,1,75
155865,1,75
155948,1,75
155964,1,75
156273,1,75
156319,1,75
156373,1,75
156408,1,75
156460,1,75
156610,1,75
156640,1,75
156656,1,75
156861,1,75
156903,1,75
156911,1,75
157082,1,75
157180,1,75
157260,1,75
157339,1,75
157681,1,75
157737,1,75
157799,1,75
157955,1,75
158001,1,75
158142,1,75
158197,1,75
158594,1,75
158662,1,75
158708,1,75
158820,1,75
159027,1,75
159071,1,75
159081,1,75
159087,1,75
159209,1,75
159211,1,75
159227,1,75
159229,1,75
159281,1,75
159300,1,75
159305,1,75
159365,1,75
159390,1,75
159572,1,75
159716,1,75
159767,1,75
159823,1,75
159827,1,75
160033,1,75
160074,1,75
160097,1,75
160254,1,75
160264,1,75
160329,1,75
160331,1,75
160394,1,75
160502,1,75
160531,1,75
160694,1,75
160772,1,75
160877,1,75
160887,1,75
161034,1,75
161083,1,75
161098,1,75
161120,1,75
161148,1,75
161171,1,75
161247,1,75
161420,1,75
161472,1,75
162197,1,75
162753,1,75
162883,1,75
162885,1,75
162894,1,75
162951,1,75
163066,1,75
163108,1,75
163435,1,75
163474,1,75
163561,1,75
163808,1,75
164004,1,75
164066,1,75
164092,1,75
164174,1,75
164249,1,75
164304,1,75
164373,1,75
164438,1,75
164582,1,75
165019,1,75
165062,1,75
165111,1,75
165143,1,75
165201,1,75
165231,1,75
165299,1,75
165308,1,75
165337,1,75
165355,1,75
165357,1,75
165360,1,75
165379,1,75
165398,1,75
165408,1,75
165483,1,75
165490,1,75
165494,1,75
165525,1,75
165533,1,75
165586,1,75
165648,1,75
165686,1,75
165691,1,75
165703,1,75
166037,1,75
166123,1,75
166369,1,75
166391,1,75
166546,1,75
166598,1,75
166754,1,75
166826,1,75
166886,1,75
167004,1,75
167027,1,75
167049,1,75
167050,1,75
167053,1,75
167128,1,75
167172,1,75
167192,1,75
167243,1,75
167263,1,75
167346,1,75
167511,1,75
167600,1,75
167636,1,75
167644,1,75
168005,1,75
168094,1,75
168105,1,75
168120,1,75
168135,1,75
168155,1,75
168573,1,75
168624,1,75
168636,1,75
168777,1,75
168797,1,75
168798,1,75
168913,1,75
169014,1,75
169064,1,75
169073,1,75
169215,1,75
169647,1,75
169888,1,75
170253,1,75
170262,1,75
170402,1,75
170649,1,75
170662,1,75
170988,1,75
171104,1,75
171174,1,75
171180,1,75
171181,1,75
171207,1,75
171222,1,75
171227,1,75
171230,1,75
171247,1,75
171260,1,75
171454,1,75
171482,1,75
171535,1,75
171555,1,75
171673,1,75
171689,1,75
172008,1,75
172033,1,75
172150,1,75
172165,1,75
172205,1,75
172225,1,75
172362,1,75
172371,1,75
172491,1,75
172511,1,75
172547,1,75
172643,1,75
172654,1,75
173009,1,75
173128,1,75
173142,1,75
173769,1,75
173812,1,75
173882,1,75
173931,1,75
174230,1,75
174351,1,75
174354,1,75
174463,1,75
174700,1,75
174765,1,75
175077,1,75
175368,1,75
175434,1,75
175741,1,75
175821,1,75
176058,1,75
176143,1,75
176332,1,75
176580,1,75
176679,1,75
176699,1,75
176731,1,75
176788,1,75
177014,1,75
177032,1,75
177040,1,75
177077,1,75
177101,1,75
177156,1,75
177170,1,75
177179,1,75
177183,1,75
177201,1,75
177203,1,75
177212,1,75
177283,1,75
177321,1,75
177393,1,75
177394,1,75
177429,1,75
177499,1,75
177592,1,75
177642,1,75
177656,1,75
177676,1,75
177714,1,75
177729,1,75
177743,1,75
177753,1,75
177762,1,75
177764,1,75
177819,1,75
178085,1,75
178299,1,75
178347,1,75
178440,1,75
178507,1,75
178560,1,75
178582,1,75
178609,1,75
178621,1,75
178626,1,75
178646,1,75
178677,1,75
178704,1,75
179019,1,75
179034,1,75
179047,1,75
179187,1,75
179251,1,75
179261,1,75
179288,1,75
179313,1,75
179324,1,75
179360,1,75
179378,1,75
179379,1,75
179447,1,75
179463,1,75
179510,1,75
180024,1,75
180083,1,75
180276,1,75
180282,1,75
180502,1,75
180504,1,75
180619,1,75
180672,1,75
180921,1,75
181155,1,75
181419,1,75
181563,1,75
181575,1,75
181788,1,75
181886,1,75
182054,1,75
182203,1,75
182223,1,75
182233,1,75
182279,1,75
182297,1,75
182533,1,75
182703,1,75
182711,1,75
182800,1,75
183091,1,75
183132,1,75
183153,1,75
183176,1,75
183226,1,75
183344,1,75
183828,1,75
183857,1,75
183886,1,75
183989,1,75
184050,1,75
184136,1,75
184186,1,75
184269,1,75
184293,1,75
184416,1,75
184426,1,75
184490,1,75
184513,1,75
184582,1,75
184604,1,75
184682,1,75
184742,1,75
184744,1,75
184755,1,75
184986,1,75
185077,1,75
185082,1,75
185123,1,75
185149,1,75
185280,1,75
185315,1,75
185325,1,75
185427,1,75
185464,1,75
185580,1,75
185591,1,75
186181,1,75
186228,1,75
186650,1,75
186882,1,75
187026,1,75
187068,1,75
187073,1,75
187260,1,75
187313,1,75
187335,1,75
187413,1,75
187421,1,75
187466,1,75
187482,1,75
187532,1,75
187819,1,75
187994,1,75
188000,1,75
188023,1,75
188041,1,75
188073,1,75
188347,1,75
188368,1,75
188742,1,75
188789,1,75
189085,1,75
189098,1,75
189107,1,75
189128,1,75
189157,1,75
189161,1,75
189191,1,75
189225,1,75
189228,1,75
189234,1,75
189237,1,75
189260,1,75
189349,1,75
189357,1,75
189416,1,75
189460,1,75
189504,1,75
189525,1,75
189606,1,75
189730,1,75
189786,1,75
189794,1,75
189810,1,75
189881,1,75
189885,1,75
189902,1,75
189906,1,75
190066,1,75
190247,1,75
190310,1,75
190362,1,75
190561,1,75
190670,1,75
190692,1,75
190895,1,75
191105,1,75
191108,1,75
191142,1,75
191187,1,75
191383,1,75
191545,1,75
191812,1,75
191821,1,75
191834,1,75
192029,1,75
192035,1,75
192039,1,75
192040,1,75
192054,1,75
192079,1,75
192143,1,75
192160,1,75
192185,1,75
192209,1,75
192243,1,75
192244,1,75
192257,1,75
192315,1,75
192336,1,75
192343,1,75
192348,1,75
192350,1,75
192354,1,75
193000,1,75
193087,1,75
193265,1,75
193430,1,75
193445,1,75
193564,1,75
193816,1,75
193916,1,75
194045,1,75
194045,1,75
194063,1,75
194139,1,75
194206,1,75
194298,1,75
194355,1,75
194464,1,75
194576,1,75
194666,1,75
194679,1,75
194813,1,75
195042,1,75
195084,1,75
195103,1,75
195165,1,75
195231,1,75
195330,1,75
195361,1,75
195398,1,75
195421,1,75
195578,1,75
195597,1,75
195750,1,75
196119,1,75
196188,1,75
196241,1,75
196342,1,75
196483,1,75
196492,1,75
196645,1,75
196703,1,75
196864,1,75
196970,1,75
197019,1,75
197062,1,75
197139,1,75
197163,1,75
197204,1,75
197251,1,75
197384,1,75
197404,1,75
197468,1,75
197500,1,75
197506,1,75
197558,1,75
197559,1,75
198009,1,75
198428,1,75
198626,1,75
198698,1,75
198854,1,75
198899,1,75
198908,1,75
198916,1,75
198983,1,75
199355,1,75
199365,1,75
199388,1,75
199432,1,75
199451,1,75
199487,1,75
199618,1,75
199628,1,75
199797,1,75
199819,1,75
200032,1,75
200258,1,75
200532,1,75
200960,1,75
200999,1,75
201033,1,75
201047,1,75
201087,1,75
201089,1,75
201105,1,75
201108,1,75
201108,1,75
201119,1,75
201123,1,75
201175,1,75
201267,1,75
201274,1,75
201298,1,75
201333,1,75
201347,1,75
201376,1,75
201400,1,75
201432,1,75
201470,1,75
201514,1,75
201553,1,75
201599,1,75
201620,1,75
201643,1,75
201667,1,75
201683,1,75
201694,1,75
201715,1,75
201766,1,75
201768,1,75
201789,1,75
201808,1,75
201815,1,75
201820,1,75
201825,1,75
201855,1,75
201855,1,75
202086,1,75
202105,1,75
202329,1,75
202330,1,75
202576,1,75
202578,1,75
202590,1,75
202610,1,75
202670,1,75
202713,1,75
202771,1,75
202900,1,75
202929,1,75
203028,1,75
203040,1,75
203049,1,75
203076,1,75
203094,1,75
203109,1,75
203111,1,75
203138,1,75
203138,1,75
203337,1,75
203340,1,75
203371,1,75
203385,1,75
203397,1,75
203447,1,75
204079,1,75
204089,1,75
204096,1,75
204203,1,75
204210,1,75
204282,1,75
204306,1,75
204335,1,75
204575,1,75
204743,1,75
204807,1,75
204842,1,75
205037,1,75
205155,1,75
205157,1,75
205182,1,75
205205,1,75
205253,1,75
205292,1,75
205394,1,75
205422,1,75
205426,1,75
205496,1,75
205840,1,75
205946,1,75
206101,1,75
206154,1,75
206193,1,75
206262,1,75
206268,1,75
206294,1,75
206402,1,75
206427,1,75
206619,1,75
206645,1,75
206970,1,75
207032,1,75
207077,1,75
207126,1,75
207139,1,75
207184,1,75
207222,1,75
207237,1,75
207290,1,75
207354,1,75
207414,1,75
207444,1,75
207578,1,75
207640,1,75
207707,1,75
207738,1,75
207746,1,75
207752,1,75
207771,1,75
207933,1,75
207959,1,75
208027,1,75
208028,1,75
208105,1,75
208164,1,75
208185,1,75
208244,1,75
208327,1,75
208397,1,75
208439,1,75
208453,1,75
208504,1,75
208515,1,75
208556,1,75
208558,1,75
208604,1,75
208638,1,75
208639,1,75
209062,1,75
209080,1,75
209288,1,75
209325,1,75
209392,1,75
209486,1,75
209635,1,75
210071,1,75
210156,1,75
210164,1,75
210245,1,75
210331,1,75
210588,1,75
210848,1,75
211058,1,75
211352,1,75
211400,1,75
211543,1,75
211565,1,75
211667,1,75
211961,1,75
211983,1,75
212110,1,75
212159,1,75
212185,1,75
212216,1,75
212247,1,75
212281,1,75
212291,1,75
212299,1,75
212364,1,75
212403,1,75
212611,1,75
212618,1,75
212709,1,75
212758,1,75
212866,1,75
212911,1,75
212932,1,75
213000,1,75
213013,1,75
213052,1,75
213065,1,75
213071,1,75
213078,1,75
213083,1,75
213088,1,75
213138,1,75
213148,1,75
213149,1,75
213187,1,75
213196,1,75
213205,1,75
213254,1,75
213254,1,75
213263,1,75
213275,1,75
213294,1,75
213343,1,75
213367,1,75
213380,1,75
213382,1,75
213408,1,75
213447,1,75
213492,1,75
213513,1,75
213556,1,75
213580,1,75
213626,1,75
213630,1,75
213672,1,75
213691,1,75
214028,1,75
214130,1,75
214149,1,75
214209,1,75
214218,1,75
214240,1,75
214315,1,75
214321,1,75
214540,1,75
214590,1,75
214605,1,75
214785,1,75
214924,1,75
214934,1,75
215036,1,75
215087,1,75
215104,1,75
215107,1,75
215139,1,75
215151,1,75
215223,1,75
215269,1,75
215291,1,75
215415,1,75
215599,1,75
215639,1,75
215653,1,75
215669,1,75
215808,1,75
215849,1,75
215851,1,75
215883,1,75
215889,1,75
215939,1,75
215964,1,75
216056,1,75
216106,1,75
216193,1,75
216200,1,75
216226,1,75
216240,1,75
216302,1,75
216302,1,75
216342,1,75
216359,1,75
216590,1,75
216864,1,75
216872,1,75
216882,1,75
216911,1,75
216919,1,75
217200,1,75
217252,1,75
217295,1,75
217335,1,75
217500,1,75
217501,1,75
217562,1,75
217619,1,75
217690,1,75
217757,1,75
217940,1,75
218006,1,75
218026,1,75
218059,1,75
218173,1,75
218214,1,75
218238,1,75
218260,1,75
218386,1,75
218427,1,75
218427,1,75
218427,1,75
218477,1,75
218561,1,75
218632,1,75
218649,1,75
218745,1,75
218823,1,75
218903,1,75
219075,1,75
219120,1,75
219259,1,75
219649,1,75
219665,1,75
219709,1,75
219887,1,75
219933,1,75
220082,1,75
220086,1,75
220100,1,75
220222,1,75
220233,1,75
220245,1,75
220313,1,75
220317,1,75
220340,1,75
220351,1,75
220366,1,75
220369,1,75
220414,1,75
220421,1,75
220454,1,75
220469,1,75
220658,1,75
220702,1,75
220778,1,75
220840,1,75
220857,1,75
220882,1,75
220885,1,75
220886,1,75
220964,1,75
220985,1,75
220986,1,75
221063,1,75
221156,1,75
221322,1,75
221372,1,75
221403,1,75
221458,1,75
221464,1,75
221490,1,75
221512,1,75
221665,1,75
221742,1,75
221789,1,75
221803,1,75
221820,1,75
222027,1,75
222075,1,75
222171,1,75
222358,1,75
222403,1,75
222434,1,75
222451,1,75
222681,1,75
222696,1,75
222707,1,75
222710,1,75
222762,1,75
223032,1,75
223035,1,75
223048,1,75
223125,1,75
223194,1,75
223208,1,75
223289,1,75
223291,1,75
223293,1,75
223341,1,75
223457,1,75
223481,1,75
223546,1,75
223897,1,75
223907,1,75
223981,1,75
224035,1,75
224058,1,75
224383,1,75
224435,1,75
224489,1,75
224611,1,75
224750,1,75
224790,1,75
224882,1,75
225037,1,75
225038,1,75
225077,1,75
225103,1,75
225149,1,75
225159,1,75
225187,1,75
225201,1,75
225211,1,75
225236,1,75
225240,1,75
225256,1,75
225266,1,75
225270,1,75
225291,1,75
225298,1,75
225302,1,75
225304,1,75
225356,1,75
225362,1,75
225394,1,75
225420,1,75
225434,1,75
225445,1,75
225456,1,75
225538,1,75
225580,1,75
225581,1,75
225595,1,75
225660,1,75
225689,1,75
225704,1,75
225744,1,75
225774,1,75
225803,1,75
225805,1,75
225839,1,75
225871,1,75
225912,1,75
225922,1,75
225937,1,75
225960,1,75
226004,1,75
226008,1,75
226033,1,75
226043,1,75
226053,1,75
226068,1,75
226069,1,75
226071,1,75
226102,1,75
226106,1,75
226114,1,75
226124,1,75
226144,1,75
226241,1,75
226305,1,75
226326,1,75
226380,1,75
226382,1,75
226392,1,75
226440,1,75
226498,1,75
226588,1,75
226594,1,75
226630,1,75
226635,1,75
226667,1,75
226709,1,75
226859,1,75
226928,1,75
226995,1,75
227006,1,75
227027,1,75
227061,1,75
227062,1,75
227073,1,75
227076,1,75
227081,1,75
227099,1,75
227110,1,75
227150,1,75
227156,1,75
227173,1,75
227183,1,75
227184,1,75
227240,1,75
227259,1,75
227276,1,75
227304,1,75
227343,1,75
227442,1,75
227486,1,75
227506,1,75
227534,1,75
227608,1,75
227609,1,75
227636,1,75
227667,1,75
227700,1,75
227735,1,75
227754,1,75
227779,1,75
227812,1,75
227817,1,75
227909,1,75
227921,1,75
227941,1,75
228027,1,75
228056,1,75
228062,1,75
228073,1,75
228101,1,75
228213,1,75
228240,1,75
228266,1,75
228266,1,75
228299,1,75
228364,1,75
228377,1,75
228408,1,75
228413,1,75
228432,1,75
228455,1,75
228466,1,75
228491,1,75
228499,1,75
228562,1,75
228570,1,75
228606,1,75
228689,1,75
228711,1,75
228797,1,75
228828,1,75
228837,1,75
228911,1,75
228922,1,75
228992,1,75
228993,1,75
229002,1,75
229016,1,75
229017,1,75
229021,1,75
229027,1,75
229084,1,75
229148,1,75
229161,1,75
229197,1,75
229218,1,75
229238,1,75
229249,1,75
229256,1,75
229281,1,75
229289,1,75
229363,1,75
229375,1,75
229376,1,75
229386,1,75
229387,1,75
229409,1,75
229421,1,75
229425,1,75
229458,1,75
229526,1,75
229546,1,75
229549,1,75
230175,1,75
230194,1,75
230220,1,75
230268,1,75
230274,1,75
230292,1,75
230299,1,75
230307,1,75
230308,1,75
230322,1,75
230323,1,75
230325,1,75
230353,1,75
230362,1,75
230443,1,75
230451,1,75
230508,1,75
230518,1,75
230756,1,75
230855,1,75
230901,1,75
230925,1,75
230937,1,75
230969,1,75
230985,1,75
230988,1,75
231022,1,75
231056,1,75
231066,1,75
231069,1,75
231071,1,75
231077,1,75
231216,1,75
231237,1,75
231257,1,75
231265,1,75
231292,1,75
231330,1,75
231336,1,75
231482,1,75
231487,1,75
231504,1,75
231554,1,75
231564,1,75
231581,1,75
231583,1,75
231600,1,75
231632,1,75
231663,1,75
231707,1,75
231729,1,75
231748,1,75
231760,1,75
231796,1,75
231846,1,75
231860,1,75
231879,1,75
232015,1,75
232021,1,75
232025,1,75
232054,1,75
232117,1,75
232152,1,75
232184,1,75
232223,1,75
232224,1,75
232279,1,75
232297,1,75
232319,1,75
232374,1,75
232404,1,75
232423,1,75
232439,1,75
232447,1,75
232512,1,75
232530,1,75
232654,1,75
232687,1,75
232694,1,75
232697,1,75
232719,1,75
232746,1,75
232801,1,75
233060,1,75
233200,1,75
233272,1,75
233339,1,75
233496,1,75
233512,1,75
233585,1,75
233599,1,75
233620,1,75
233654,1,75
233686,1,75
233716,1,75
233734,1,75
233751,1,75
233769,1,75
233792,1,75
233823,1,75
233857,1,75
233867,1,75
233897,1,75
233974,1,75
234007,1,75
234009,1,75
234010,1,75
234041,1,75
234092,1,75
234110,1,75
234131,1,75
234144,1,75
234212,1,75
234349,1,75
234365,1,75
234437,1,75
234446,1,75
234456,1,75
234465,1,75
234486,1,75
234551,1,75
234565,1,75
234600,1,75
234675,1,75
234681,1,75
234716,1,75
234755,1,75
234800,1,75
234808,1,75
235062,1,75
235080,1,75
235174,1,75
235217,1,75
235317,1,75
235476,1,75
235479,1,75
235502,1,75
235531,1,75
235542,1,75
235561,1,75
235655,1,75
235710,1,75
235738,1,75
235776,1,75
235820,1,75
235837,1,75
235889,1,75
235950,1,75
235994,1,75
235999,1,75
236008,1,75
236011,1,75
236108,1,75
236260,1,75
236272,1,75
236308,1,75
236339,1,75
236382,1,75
236392,1,75
236396,1,75
236414,1,75
236426,1,75
236438,1,75
236493,1,75
236567,1,75
236617,1,75
236754,1,75
236758,1,75
236765,1,75
236822,1,75
236850,1,75
236881,1,75
236894,1,75
236897,1,75
237009,1,75
237014,1,75
237033,1,75
237033,1,75
237053,1,75
237067,1,75
237094,1,75
237096,1,75
237098,1,75
237099,1,75
237111,1,75
237118,1,75
237129,1,75
237154,1,75
237164,1,75
237165,1,75
237170,1,75
237177,1,75
237188,1,75
237203,1,75
237219,1,75
237230,1,75
237242,1,75
237257,1,75
237278,1,75
237298,1,75
237314,1,75
237351,1,75
237392,1,75
237424,1,75
237427,1,75
237432,1,75
237541,1,75
237555,1,75
237562,1,75
237571,1,75
237587,1,75
237607,1,75
237618,1,75
237650,1,75
237673,1,75
237687,1,75
237696,1,75
237715,1,75
237723,1,75
237728,1,75
237748,1,75
237851,1,75
237868,1,75
237883,1,75
237884,1,75
237919,1,75
237968,1,75
238000,1,75
238006,1,75
238053,1,75
238059,1,75
238097,1,75
238145,1,75
238171,1,75
238243,1,75
238276,1,75
238283,1,75
238289,1,75
238344,1,75
238392,1,75
238395,1,75
238411,1,75
238418,1,75
238480,1,75
238490,1,75
238520,1,75
238524,1,75
238541,1,75
238612,1,75
238621,1,75
238657,1,75
238765,1,75
238767,1,75
238788,1,75
238825,1,75
238907,1,75
238969,1,75
239042,1,75
239053,1,75
239068,1,75
239091,1,75
239105,1,75
239110,1,75
239130,1,75
239163,1,75
239172,1,75
239194,1,75
239215,1,75
239221,1,75
239325,1,75
239360,1,75
239369,1,75
239379,1,75
239388,1,75
239429,1,75
239443,1,75
239479,1,75
239489,1,75
239507,1,75
239579,1,75
239663,1,75
239680,1,75
239682,1,75
239784,1,75
239806,1,75
239828,1,75
239860,1,75
239869,1,75
239887,1,75
239949,1,75
239977,1,75
240011,1,75
240118,1,75
240184,1,75
240190,1,75
240196,1,75
240228,1,75
240280,1,75
240362,1,75
240433,1,75
240484,1,75
240501,1,75
240542,1,75
240563,1,75
240568,1,75
240595,1,75
240625,1,75
240635,1,75
240653,1,75
240660,1,75
240704,1,75
240719,1,75
240725,1,75
240787,1,75
240805,1,75
240838,1,75
240850,1,75
240902,1,75
240988,1,75
241019,1,75
241023,1,75
241025,1,75
241029,1,75
241038,1,75
241078,1,75
241094,1,75
241121,1,75
241139,1,75
241145,1,75
241146,1,75
241150,1,75
241152,1,75
241173,1,75
241179,1,75
241181,1,75
241185,1,75
241195,1,75
241203,1,75
241222,1,75
241227,1,75
241234,1,75
241298,1,75
241311,1,75
241320,1,75
241354,1,75
241470,1,75
241490,1,75
241497,1,75
241504,1,75
241505,1,75
241533,1,75
241615,1,75
241630,1,75
241638,1,75
242165,1,75
242209,1,75
242262,1,75
242267,1,75
242309,1,75
242352,1,75
242356,1,75
242432,1,75
242452,1,75
242475,1,75
242831,1,75
242881,1,75
242933,1,75
242941,1,75
242953,1,75
242974,1,75
242991,1,75
243002,1,75
243015,1,75
243017,1,75
243018,1,75
243055,1,75
243057,1,75
243078,1,75
243094,1,75
243123,1,75
243137,1,75
243146,1,75
243148,1,75
243160,1,75
243181,1,75
243212,1,75
243220,1,75
243245,1,75
243251,1,75
243255,1,75
243266,1,75
243305,1,75
243307,1,75
243314,1,75
243332,1,75
243349,1,75
243352,1,75
243366,1,75
243367,1,75
243386,1,75
243387,1,75
243428,1,75
243472,1,75
243530,1,75
243547,1,75
243548,1,75
243556,1,75
243590,1,75
243600,1,75
243625,1,75
243641,1,75
243672,1,75
243677,1,75
243719,1,75
244017,1,75
244069,1,75
244093,1,75
244129,1,75
244179,1,75
244195,1,75
244251,1,75
244270,1,75
244295,1,75
244301,1,75
244362,1,75
244443,1,75
244448,1,75
244451,1,75
244479,1,75
244482,1,75
244504,1,75
244506,1,75
244549,1,75
244648,1,75
244661,1,75
244681,1,75
244699,1,75
244787,1,75
244798,1,75
244817,1,75
244835,1,75
244907,1,75
244910,1,75
244974,1,75
244997,1,75
245071,1,75
245223,1,75
245282,1,75
245315,1,75
245321,1,75
245421,1,75
245433,1,75
245511,1,75
245530,1,75
245539,1,75
245581,1,75
245607,1,75
245612,1,75
245685,1,75
245726,1,75
245739,1,75
245769,1,75
245896,1,75
245921,1,75
245959,1,75
245961,1,75
246004,1,75
246025,1,75
246027,1,75
246054,1,75
246060,1,75
246066,1,75
246068,1,75
246122,1,75
246135,1,75
246160,1,75
246166,1,75
246177,1,75
246217,1,75
246268,1,75
246350,1,75
246383,1,75
246405,1,75
246408,1,75
246410,1,75
246474,1,75
246527,1,75
246600,1,75
246648,1,75
246652,1,75
246668,1,75
246685,1,75
246710,1,75
246730,1,75
246737,1,75
246739,1,75
246745,1,75
246775,1,75
246814,1,75
246832,1,75
247023,1,75
247044,1,75
247070,1,75
247138,1,75
247152,1,75
247154,1,75
247184,1,75
247223,1,75
247224,1,75
247230,1,75
247331,1,75
247436,1,75
247478,1,75
247486,1,75
247492,1,75
247640,1,75
247754,1,75
247860,1,75
247895,1,75
247980,1,75
248009,1,75
248112,1,75
248136,1,75
248137,1,75
248146,1,75
248187,1,75
248279,1,75
248301,1,75
248458,1,75
248571,1,75
248623,1,75
248632,1,75
248706,1,75
248727,1,75
248758,1,75
248852,1,75
249028,1,75
249042,1,75
249053,1,75
249067,1,75
249083,1,75
249089,1,75
249107,1,75
249111,1,75
249144,1,75
249151,1,75
249180,1,75
249181,1,75
249184,1,75
249188,1,75
249195,1,75
249198,1,75
249203,1,75
249207,1,75
249224,1,75
249225,1,75
249236,1,75
249238,1,75
249253,1,75
249277,1,75
249280,1,75
249295,1,75
249323,1,75
249369,1,75
249379,1,75
249393,1,75
249424,1,75
249435,1,75
249474,1,75
249489,1,75
249516,1,75
249550,1,75
249566,1,75
249568,1,75
249588,1,75
249602,1,75
249630,1,75
249636,1,75
249662,1,75
249713,1,75
249742,1,75
249786,1,75
249788,1,75
249796,1,75
249834,1,75
250027,1,75
250030,1,75
250046,1,75
250119,1,75
250136,1,75
250167,1,75
250257,1,75
250274,1,75
250297,1,75
250442,1,75
250455,1,75
250501,1,75
250562,1,75
250567,1,75
250580,1,75
250769,1,75
250770,1,75
250796,1,75
250817,1,75
250905,1,75
250994,1,75
251003,1,75
251077,1,75
251082,1,75
251094,1,75
251180,1,75
251182,1,75
251210,1,75
251228,1,75
251245,1,75
251264,1,75
251271,1,75
251279,1,75
251295,1,75
251390,1,75
251456,1,75
251483,1,75
251493,1,75
251496,1,75
251547,1,75
251576,1,75
251680,1,75
251746,1,75
251780,1,75
251970,1,75
252005,1,75
252014,1,75
252041,1,75
252114,1,75
252164,1,75
252179,1,75
252205,1,75
252279,1,75
252305,1,75
252305,1,75
252362,1,75
252436,1,75
252494,1,75
252581,1,75
252684,1,75
252775,1,75
252785,1,75
252868,1,75
252927,1,75
252961,1,75
252968,1,75
252991,1,75
252994,1,75
253016,1,75
253056,1,75
253059,1,75
253092,1,75
253098,1,75
253107,1,75
253131,1,75
253146,1,75
253194,1,75
253214,1,75
253235,1,75
253264,1,75
253343,1,75
253501,1,75
253543,1,75
253630,1,75
253645,1,75
253794,1,75
253825,1,75
253888,1,75
253889,1,75
253920,1,75
253938,1,75
253969,1,75
253994,1,75
254033,1,75
254115,1,75
254121,1,75
254148,1,75
254155,1,75
254176,1,75
254274,1,75
254305,1,75
254340,1,75
254345,1,75
254395,1,75
254406,1,75
254558,1,75
254602,1,75
254620,1,75
254758,1,75
254825,1,75
254861,1,75
254863,1,75
254901,1,75
254966,1,75
254996,1,75
255049,1,75
255080,1,75
255110,1,75
255126,1,75
255134,1,75
255166,1,75
255206,1,75
255249,1,75
255273,1,75
255300,1,75
255342,1,75
255383,1,75
255427,1,75
255521,1,75
255528,1,75
255613,1,75
255651,1,75
255685,1,75
255688,1,75
255734,1,75
255793,1,75
255800,1,75
255921,1,75
255921,1,75
255940,1,75
255995,1,75
256005,1,75
256009,1,75
256037,1,75
256059,1,75
256099,1,75
256104,1,75
256137,1,75
256154,1,75
256160,1,75
256179,1,75
256272,1,75
256281,1,75
256338,1,75
256349,1,75
256363,1,75
256374,1,75
256379,1,75
256478,1,75
256498,1,75
256583,1,75
256599,1,75
256648,1,75
256699,1,75
256707,1,75
256742,1,75
256772,1,75
256806,1,75
256869,1,75
256986,1,75
257021,1,75
257042,1,75
257077,1,75
257093,1,75
257225,1,75
257239,1,75
257301,1,75
257317,1,75
257418,1,75
257434,1,75
257570,1,75
257590,1,75
257598,1,75
257610,1,75
257617,1,75
257626,1,75
257675,1,75
257699,1,75
257854,1,75
257945,1,75
257952,1,75
258021,1,75
258024,1,75
258029,1,75
258037,1,75
258041,1,75
258201,1,75
258259,1,75
258391,1,75
258403,1,75
258407,1,75
258443,1,75
258451,1,75
258460,1,75
258633,1,75
258686,1,75
258704,1,75
258730,1,75
258743,1,75
258863,1,75
258889,1,75
258912,1,75
258923,1,75
258978,1,75
258978,1,75
259009,1,75
259010,1,75
259036,1,75
259038,1,75
259040,1,75
259113,1,75
259165,1,75
259447,1,75
259488,1,75
259495,1,75
259558,1,75
259590,1,75
259734,1,75
259786,1,75
259828,1,75
259843,1,75
259859,1,75
259872,1,75
259949,1,75
259962,1,75
259997,1,75
260020,1,75
260027,1,75
260033,1,75
260035,1,75
260057,1,75
260068,1,75
260139,1,75
260157,1,75
260189,1,75
260246,1,75
260248,1,75
260315,1,75
260341,1,75
260364,1,75
260385,1,75
260410,1,75
260471,1,75
260499,1,75
260552,1,75
260559,1,75
260656,1,75
260665,1,75
260740,1,75
261053,1,75
261056,1,75
261068,1,75
261105,1,75
261119,1,75
261135,1,75
261142,1,75
261143,1,75
261158,1,75
261191,1,75
261210,1,75
261294,1,75
261307,1,75
261353,1,75
261383,1,75
261384,1,75
261390,1,75
261434,1,75
261443,1,75
261462,1,75
261521,1,75
261540,1,75
261581,1,75
261670,1,75
261688,1,75
261718,1,75
261720,1,75
261779,1,75
261798,1,75
261798,1,75
262130,1,75
262163,1,75
262184,1,75
262353,1,75
262376,1,75
262376,1,75
262409,1,75
262454,1,75
262555,1,75
262728,1,75
262728,1,75
262792,1,75
262803,1,75
262815,1,75
262818,1,75
262898,1,75
263045,1,75
263117,1,75
263149,1,75
263196,1,75
263207,1,75
263229,1,75
263237,1,75
263251,1,75
263302,1,75
263320,1,75
263393,1,75
263396,1,75
263437,1,75
263439,1,75
263474,1,75
263476,1,75
263483,1,75
263527,1,75
263581,1,75
264043,1,75
264090,1,75
264130,1,75
264210,1,75
264235,1,75
264244,1,75
264289,1,75
264322,1,75
264385,1,75
264406,1,75
264438,1,75
264585,1,75
264620,1,75
264662,1,75
264680,1,75
264761,1,75
264785,1,75
264807,1,75
265012,1,75
265150,1,75
265289,1,75
265316,1,75
265377,1,75
265527,1,75
265613,1,75
265645,1,75
265645,1,75
265657,1,75
265787,1,75
265878,1,75
266072,1,75
266135,1,75
266172,1,75
266210,1,75
266222,1,75
266256,1,75
266348,1,75
266482,1,75
266520,1,75
266598,1,75
266608,1,75
266636,1,75
266638,1,75
266788,1,75
266943,1,75
267012,1,75
267014,1,75
267292,1,75
267423,1,75
267517,1,75
267549,1,75
267551,1,75
267568,1,75
267594,1,75
267660,1,75
267785,1,75
268015,1,75
268028,1,75
268065,1,75
268109,1,75
268164,1,75
268389,1,75
268410,1,75
268443,1,75
268563,1,75
268565,1,75
268573,1,75
268591,1,75
268606,1,75
268715,1,75
268795,1,75
269033,1,75
269293,1,75
269309,1,75
269321,1,75
269366,1,75
269526,1,75
269573,1,75
269706,1,75
269766,1,75
270062,1,75
270140,1,75
270144,1,75
270197,1,75
270299,1,75
270313,1,75
270342,1,75
270411,1,75
270453,1,75
271109,1,75
271229,1,75
271439,1,75
271577,1,75
271601,1,75
271644,1,75
271715,1,75
271813,1,75
271851,1,75
272002,1,75
272022,1,75
272074,1,75
272114,1,75
272202,1,75
272308,1,75
272499,1,75
272644,1,75
273055,1,75
273189,1,75
273190,1,75
273431,1,75
273600,1,75
273871,1,75
274075,1,75
274104,1,75
274175,1,75
274214,1,75
274365,1,75
274416,1,75
274532,1,75
274539,1,75
274725,1,75
274873,1,75
274919,1,75
275029,1,75
275183,1,75
275261,1,75
275449,1,75
275505,1,75
276022,1,75
276085,1,75
276366,1,75
276478,1,75
276498,1,75
276536,1,75
276543,1,75
276636,1,75
276640,1,75
276763,1,75
276787,1,75
277002,1,75
277067,1,75
277261,1,75
277497,1,75
277929,1,75
278060,1,75
278086,1,75
278483,1,75
278696,1,75
278765,1,75
278905,1,75
279348,1,75
279955,1,75
280013,1,75
280075,1,75
280117,1,75
280195,1,75
280281,1,75
280346,1,75
280408,1,75
281016,1,75
281076,1,75
281093,1,75
281209,1,75
281294,1,75
281723,1,75
282012,1,75
282025,1,75
282033,1,75
282120,1,75
282123,1,75
282489,1,75
282490,1,75
282684,1,75
282705,1,75
282778,1,75
282889,1,75
283091,1,75
283230,1,75
283250,1,75
283306,1,75
283352,1,75
283370,1,75
283389,1,75
283486,1,75
283524,1,75
283687,1,75
283708,1,75
283716,1,75
283719,1,75
283764,1,75
283829,1,75
283876,1,75
283880,1,75
283882,1,75
283952,1,75
284043,1,75
284055,1,75
284091,1,75
284130,1,75
284192,1,75
284256,1,75
284354,1,75
284381,1,75
284391,1,75
284477,1,75
284499,1,75
284587,1,75
284618,1,75
284628,1,75
284669,1,75
285291,1,75
285466,1,75
285570,1,75
285615,1,75
285665,1,75
285692,1,75
285816,1,75
286041,1,75
286097,1,75
286281,1,75
286281,1,75
286283,1,75
286290,1,75
286442,1,75
287511,1,75
287597,1,75
287733,1,75
287770,1,75
287771,1,75
287797,1,75
287799,1,75
287920,1,75
288090,1,75
288112,1,75
288321,1,75
288342,1,75
288498,1,75
288554,1,75
288571,1,75
289630,1,75
289732,1,75
289763,1,75
289904,1,75
290286,1,75
290427,1,75
290649,1,75
290719,1,75
290775,1,75
290959,1,75
290978,1,75
291085,1,75
291191,1,75
291367,1,75
