48,1,300
94,1,300
133,1,300
147,1,300
323,1,300
436,1,300
532,1,300
587,1,300
695,1,300
707,1,300
1161,1,300
1323,1,300
1349,1,300
1920,1,300
1930,1,300
2039,1,300
2061,1,300
2095,1,300
2101,1,300
2156,1,300
2157,1,300
2191,1,300
2205,1,300
2284,1,300
2285,1,300
2299,1,300
2328,1,300
2603,1,300
3071,1,300
3073,1,300
3394,1,300
3617,1,300
3757,1,300
4042,1,300
4101,1,300
4114,1,300
4233,1,300
4256,1,300
4366,1,300
4368,1,300
4439,1,300
4492,1,300
4545,1,300
4623,1,300
4666,1,300
4785,1,300
4896,1,300
4962,1,300
5006,1,300
5008,1,300
5045,1,300
5072,1,300
5196,1,300
5228,1,300
5454,1,300
6101,1,300
6193,1,300
6210,1,300
6279,1,300
6318,1,300
6349,1,300
6386,1,300
7103,1,300
7192,1,300
7217,1,300
7622,1,300
7784,1,300
7793,1,300
8005,1,300
8241,1,300
8317,1,300
8557,1,300
8698,1,300
8751,1,300
8778,1,300
9003,1,300
9043,1,300
9235,1,300
9295,1,300
9366,1,300
9378,1,300
9438,1,300
9536,1,300
9577,1,300
9870,1,300
9910,1,300
10003,1,300
10005,1,300
10049,1,300
10061,1,300
10064,1,300
10136,1,300
10162,1,300
10165,1,300
10184,1,300
10189,1,300
10210,1,300
10227,1,300
10234,1,300
10310,1,300
10352,1,300
10432,1,300
10448,1,300
10571,1,300
10583,1,300
10598,1,300
10799,1,300
10872,1,300
10933,1,300
11016,1,300
11019,1,300
11044,1,300
11172,1,300
11312,1,300
11475,1,300
11520,1,300
11600,1,300
11617,1,300
11620,1,300
12027,1,300
12034,1,300
12082,1,300
12083,1,300
12259,1,300
12369,1,300
12519,1,300
12530,1,300
12535,1,300
12581,1,300
12637,1,300
13025,1,300
13187,1,300
13208,1,300
13306,1,300
13446,1,300
13458,1,300
13470,1,300
13533,1,300
13792,1,300
14129,1,300
14156,1,300
14247,1,300
14296,1,300
14298,1,300
14300,1,300
14324,1,300
14371,1,300
14399,1,300
14521,1,300
14668,1,300
14960,1,300
15009,1,300
15019,1,300
15054,1,300
15176,1,300
15196,1,300
15216,1,300
15603,1,300
15729,1,300
15738,1,300
16044,1,300
16060,1,300
16066,1,300
16102,1,300
16185,1,300
16198,1,300
16315,1,300
16358,1,300
16404,1,300
16450,1,300
16455,1,300
16607,1,300
17263,1,300
17507,1,300
17973,1,300
18757,1,300
19074,1,300
19183,1,300
19318,1,300
19700,1,300
19759,1,300
20131,1,300
20394,1,300
20572,1,300
20707,1,300
20935,1,300
21084,1,300
21129,1,300
21170,1,300
21172,1,300
21223,1,300
21274,1,300
21398,1,300
21411,1,300
21467,1,300
21556,1,300
21560,1,300
21581,1,300
21596,1,300
21703,1,300
21705,1,300
21831,1,300
21850,1,300
21903,1,300
22032,1,300
22039,1,300
22052,1,300
22068,1,300
22071,1,300
22164,1,300
22170,1,300
22179,1,300
22184,1,300
22196,1,300
22204,1,300
22220,1,300
22279,1,300
22562,1,300
22565,1,300
22592,1,300
22655,1,300
22709,1,300
22756,1,300
22765,1,300
22847,1,300
23057,1,300
23294,1,300
23296,1,300
23376,1,300
23400,1,300
23530,1,300
23674,1,300
23742,1,300
23750,1,300
23804,1,300
23853,1,300
24065,1,300
24144,1,300
24154,1,300
24158,1,300
24191,1,300
24249,1,300
24298,1,300
24466,1,300
24517,1,300
24599,1,300
24650,1,300
24727,1,300
24743,1,300
24753,1,300
24770,1,300
24833,1,300
25180,1,300
25204,1,300
25206,1,300
25216,1,300
25312,1,300
25531,1,300
25769,1,300
26223,1,300
26248,1,300
26353,1,300
26380,1,300
26413,1,300
26942,1,300
27020,1,300
27045,1,300
27099,1,300
27137,1,300
27155,1,300
27160,1,300
27174,1,300
27229,1,300
27253,1,300
27323,1,300
27376,1,300
27398,1,300
27427,1,300
27435,1,300
27453,1,300
27494,1,300
28031,1,300
28033,1,300
28049,1,300
28282,1,300
28332,1,300
28359,1,300
28397,1,300
28441,1,300
28452,1,300
28465,1,300
28649,1,300
28662,1,300
28730,1,300
29173,1,300
29271,1,300
29601,1,300
29674,1,300
30004,1,300
30051,1,300
30055,1,300
30146,1,300
30149,1,300
30194,1,300
30301,1,300
30314,1,300
30316,1,300
30334,1,300
30513,1,300
30607,1,300
30632,1,300
31041,1,300
31101,1,300
31128,1,300
31148,1,300
31163,1,300
31175,1,300
31191,1,300
31227,1,300
31333,1,300
31349,1,300
31401,1,300
31777,1,300
32243,1,300
32430,1,300
32471,1,300
32989,1,300
33034,1,300
33048,1,300
33062,1,300
33070,1,300
33111,1,300
33131,1,300
33157,1,300
33217,1,300
33309,1,300
33343,1,300
33376,1,300
33377,1,300
33380,1,300
33407,1,300
33420,1,300
33426,1,300
33468,1,300
33503,1,300
33510,1,300
33560,1,300
33600,1,300
33651,1,300
33740,1,300
33740,1,300
33753,1,300
33766,1,300
33768,1,300
33792,1,300
33832,1,300
33849,1,300
33855,1,300
33887,1,300
33904,1,300
33922,1,300
33946,1,300
34039,1,300
34042,1,300
34075,1,300
34086,1,300
34115,1,300
34216,1,300
34436,1,300
34495,1,300
34500,1,300
34500,1,300
34507,1,300
34515,1,300
34552,1,300
34571,1,300
34589,1,300
34609,1,300
34633,1,300
34673,1,300
34749,1,300
35035,1,300
35109,1,300
35122,1,300
35286,1,300
35303,1,300
35329,1,300
35338,1,300
35380,1,300
35418,1,300
35663,1,300
35730,1,300
35763,1,300
35860,1,300
35895,1,300
35971,1,300
36027,1,300
36066,1,300
36387,1,300
36401,1,300
36419,1,300
36429,1,300
36433,1,300
36468,1,300
36491,1,300
36531,1,300
36616,1,300
36625,1,300
36681,1,300
36685,1,300
36721,1,300
37132,1,300
37195,1,300
37197,1,300
37328,1,300
37524,1,300
37593,1,300
38058,1,300
38154,1,300
38172,1,300
38271,1,300
38273,1,300
38326,1,300
38334,1,300
38347,1,300
38525,1,300
38614,1,300
38656,1,300
38679,1,300
38692,1,300
38705,1,300
38706,1,300
38751,1,300
38752,1,300
38776,1,300
38783,1,300
38851,1,300
39113,1,300
39113,1,300
39197,1,300
39204,1,300
39209,1,300
39255,1,300
39342,1,300
39399,1,300
39463,1,300
39550,1,300
39708,1,300
39711,1,300
39742,1,300
39759,1,300
39841,1,300
39880,1,300
40048,1,300
40082,1,300
40190,1,300
40210,1,300
40308,1,300
40342,1,300
40475,1,300
40544,1,300
40608,1,300
40657,1,300
40708,1,300
40738,1,300
40765,1,300
40861,1,300
40935,1,300
40948,1,300
40966,1,300
41100,1,300
41266,1,300
41323,1,300
41347,1,300
41389,1,300
41541,1,300
41552,1,300
41632,1,300
41640,1,300
41720,1,300
41789,1,300
41791,1,300
41876,1,300
41994,1,300
42083,1,300
42091,1,300
42184,1,300
42328,1,300
42477,1,300
42597,1,300
42627,1,300
42709,1,300
42710,1,300
42741,1,300
42782,1,300
42788,1,300
42874,1,300
43040,1,300
43252,1,300
43300,1,300
43340,1,300
43563,1,300
43657,1,300
43743,1,300
43818,1,300
43901,1,300
43938,1,300
44005,1,300
44150,1,300
44187,1,300
44210,1,300
44239,1,300
44363,1,300
44375,1,300
44389,1,300
44402,1,300
44405,1,300
44413,1,300
44480,1,300
44670,1,300
44731,1,300
44737,1,300
44791,1,300
44879,1,300
44965,1,300
45020,1,300
45024,1,300
45063,1,300
45067,1,300
45075,1,300
45082,1,300
45086,1,300
45127,1,300
45221,1,300
45244,1,300
45292,1,300
45303,1,300
45304,1,300
45342,1,300
45345,1,300
45356,1,300
45356,1,300
45506,1,300
45546,1,300
45561,1,300
45586,1,300
45614,1,300
45656,1,300
45697,1,300
45705,1,300
45766,1,300
45794,1,300
45843,1,300
45870,1,300
45886,1,300
45897,1,300
45920,1,300
45935,1,300
45941,1,300
45944,1,300
45991,1,300
46064,1,300
46084,1,300
46093,1,300
46098,1,300
46203,1,300
46256,1,300
46325,1,300
46337,1,300
46345,1,300
46350,1,300
46367,1,300
46369,1,300
46574,1,300
46647,1,300
46668,1,300
46674,1,300
46730,1,300
46779,1,300
46803,1,300
46867,1,300
46905,1,300
46914,1,300
46920,1,300
46932,1,300
46945,1,300
46971,1,300
47012,1,300
47015,1,300
47030,1,300
47042,1,300
47077,1,300
47084,1,300
47097,1,300
47186,1,300
47208,1,300
47240,1,300
47286,1,300
47332,1,300
47333,1,300
47343,1,300
47351,1,300
47354,1,300
47449,1,300
47490,1,300
47497,1,300
47554,1,300
47570,1,300
47640,1,300
47641,1,300
47661,1,300
47666,1,300
47699,1,300
47699,1,300
47719,1,300
47743,1,300
47746,1,300
47783,1,300
47788,1,300
47822,1,300
47974,1,300
48004,1,300
48027,1,300
48038,1,300
48076,1,300
48129,1,300
48160,1,300
48170,1,300
48174,1,300
48181,1,300
48222,1,300
48228,1,300
48232,1,300
48303,1,300
48323,1,300
48362,1,300
48386,1,300
48486,1,300
48540,1,300
48542,1,300
48586,1,300
48589,1,300
48600,1,300
48633,1,300
48639,1,300
48727,1,300
48779,1,300
48830,1,300
48839,1,300
48882,1,300
48930,1,300
48968,1,300
49045,1,300
49051,1,300
49115,1,300
49161,1,300
49170,1,300
49188,1,300
49199,1,300
49305,1,300
49311,1,300
49326,1,300
49328,1,300
49328,1,300
49330,1,300
49373,1,300
49410,1,300
49411,1,300
49416,1,300
49457,1,300
49555,1,300
49570,1,300
49587,1,300
49596,1,300
49635,1,300
49646,1,300
49704,1,300
49753,1,300
49812,1,300
49835,1,300
50002,1,300
50014,1,300
50056,1,300
50084,1,300
50110,1,300
50147,1,300
50208,1,300
50358,1,300
50468,1,300
50547,1,300
50589,1,300
50626,1,300
50672,1,300
50674,1,300
50677,1,300
50720,1,300
50805,1,300
50834,1,300
50850,1,300
50858,1,300
50898,1,300
50917,1,300
50935,1,300
50948,1,300
50960,1,300
50965,1,300
50990,1,300
51026,1,300
51027,1,300
51031,1,300
51032,1,300
51042,1,300
51061,1,300
51119,1,300
51144,1,300
51157,1,300
51177,1,300
51223,1,300
51277,1,300
51278,1,300
51333,1,300
51352,1,300
51393,1,300
51415,1,300
51418,1,300
51423,1,300
51437,1,300
51450,1,300
51462,1,300
51529,1,300
51575,1,300
51606,1,300
51685,1,300
51699,1,300
51761,1,300
51770,1,300
51784,1,300
51804,1,300
51811,1,300
52126,1,300
52130,1,300
52153,1,300
52244,1,300
52292,1,300
52313,1,300
52361,1,300
52366,1,300
52426,1,300
52448,1,300
52502,1,300
52523,1,300
52534,1,300
52557,1,300
52564,1,300
52593,1,300
52607,1,300
52641,1,300
52656,1,300
52658,1,300
52752,1,300
52755,1,300
52766,1,300
52793,1,300
52802,1,300
52835,1,300
52849,1,300
52908,1,300
52942,1,300
53006,1,300
53075,1,300
53089,1,300
53102,1,300
53137,1,300
53140,1,300
53151,1,300
53177,1,300
53215,1,300
53217,1,300
53238,1,300
53300,1,300
53356,1,300
53357,1,300
53411,1,300
53430,1,300
53561,1,300
53577,1,300
53590,1,300
53647,1,300
53666,1,300
53675,1,300
53708,1,300
53729,1,300
53805,1,300
53862,1,300
54052,1,300
54132,1,300
54150,1,300
54195,1,300
54234,1,300
54243,1,300
54306,1,300
54340,1,300
54370,1,300
54413,1,300
54436,1,300
54458,1,300
54498,1,300
54508,1,300
54552,1,300
54624,1,300
54755,1,300
54779,1,300
54852,1,300
54858,1,300
54943,1,300
54974,1,300
54974,1,300
55069,1,300
55073,1,300
55108,1,300
55152,1,300
55208,1,300
55283,1,300
55319,1,300
55334,1,300
55352,1,300
55355,1,300
55405,1,300
55427,1,300
55429,1,300
55509,1,300
55565,1,300
55579,1,300
55606,1,300
55702,1,300
55721,1,300
55728,1,300
55787,1,300
55788,1,300
55855,1,300
55928,1,300
55984,1,300
55996,1,300
56003,1,300
56045,1,300
56064,1,300
56065,1,300
56110,1,300
56132,1,300
56163,1,300
56248,1,300
56267,1,300
56382,1,300
56450,1,300
56470,1,300
56504,1,300
56516,1,300
56618,1,300
56701,1,300
56720,1,300
56886,1,300
56958,1,300
57024,1,300
57029,1,300
57055,1,300
57056,1,300
57063,1,300
57105,1,300
57115,1,300
57126,1,300
57140,1,300
57143,1,300
57153,1,300
57160,1,300
57165,1,300
57172,1,300
57176,1,300
57190,1,300
57190,1,300
57193,1,300
57202,1,300
57205,1,300
57205,1,300
57238,1,300
57252,1,300
57253,1,300
57279,1,300
57280,1,300
57286,1,300
57294,1,300
57299,1,300
57305,1,300
57307,1,300
57338,1,300
57340,1,300
57340,1,300
57341,1,300
57357,1,300
57379,1,300
57393,1,300
57453,1,300
57457,1,300
57458,1,300
57478,1,300
57493,1,300
57500,1,300
57534,1,300
57548,1,300
57556,1,300
57559,1,300
57560,1,300
57560,1,300
57617,1,300
57632,1,300
57645,1,300
57658,1,300
57677,1,300
57709,1,300
57737,1,300
57764,1,300
57776,1,300
57786,1,300
57803,1,300
57836,1,300
57836,1,300
58003,1,300
58016,1,300
58022,1,300
58083,1,300
58107,1,300
58121,1,300
58128,1,300
58146,1,300
58154,1,300
58155,1,300
58195,1,300
58220,1,300
58270,1,300
58292,1,300
58323,1,300
58421,1,300
58545,1,300
58552,1,300
58561,1,300
58575,1,300
58588,1,300
58603,1,300
58612,1,300
58618,1,300
58620,1,300
58621,1,300
58653,1,300
58657,1,300
58666,1,300
58674,1,300
58682,1,300
58732,1,300
58747,1,300
58827,1,300
58840,1,300
58879,1,300
58897,1,300
58982,1,300
59001,1,300
59013,1,300
59017,1,300
59019,1,300
59034,1,300
59068,1,300
59087,1,300
59144,1,300
59158,1,300
59195,1,300
59235,1,300
59250,1,300
59255,1,300
59278,1,300
59285,1,300
59306,1,300
59317,1,300
59332,1,300
59338,1,300
59345,1,300
59405,1,300
59501,1,300
59520,1,300
59521,1,300
59543,1,300
59549,1,300
59585,1,300
59598,1,300
59609,1,300
59617,1,300
59621,1,300
59623,1,300
59628,1,300
59634,1,300
59653,1,300
59689,1,300
59694,1,300
59821,1,300
59829,1,300
59855,1,300
59965,1,300
60064,1,300
60214,1,300
60248,1,300
60260,1,300
60267,1,300
60290,1,300
60337,1,300
60375,1,300
60398,1,300
60402,1,300
60406,1,300
60457,1,300
60476,1,300
60513,1,300
60581,1,300
60588,1,300
60615,1,300
60622,1,300
60664,1,300
60678,1,300
60692,1,300
60696,1,300
60709,1,300
60802,1,300
60833,1,300
60903,1,300
60927,1,300
60965,1,300
60981,1,300
61003,1,300
61021,1,300
61027,1,300
61029,1,300
61034,1,300
61060,1,300
61070,1,300
61093,1,300
61107,1,300
61174,1,300
61174,1,300
61186,1,300
61196,1,300
61251,1,300
61339,1,300
61348,1,300
61415,1,300
61419,1,300
61424,1,300
61451,1,300
61476,1,300
61508,1,300
61562,1,300
61623,1,300
61651,1,300
61672,1,300
61685,1,300
61691,1,300
61697,1,300
61707,1,300
61724,1,300
61735,1,300
61746,1,300
61752,1,300
61753,1,300
61783,1,300
61797,1,300
61808,1,300
61812,1,300
61844,1,300
61846,1,300
61849,1,300
61878,1,300
61906,1,300
62007,1,300
62031,1,300
62093,1,300
62136,1,300
62191,1,300
62212,1,300
62226,1,300
62242,1,300
62278,1,300
62284,1,300
62300,1,300
62376,1,300
62388,1,300
62402,1,300
62427,1,300
62498,1,300
62527,1,300
62622,1,300
62633,1,300
62639,1,300
62642,1,300
62657,1,300
62667,1,300
62706,1,300
62718,1,300
62799,1,300
62819,1,300
62821,1,300
62840,1,300
62867,1,300
62920,1,300
63007,1,300
63017,1,300
63020,1,300
63032,1,300
63047,1,300
63072,1,300
63082,1,300
63107,1,300
63124,1,300
63133,1,300
63145,1,300
63149,1,300
63152,1,300
63180,1,300
63182,1,300
63199,1,300
63215,1,300
63238,1,300
63242,1,300
63251,1,300
63290,1,300
63297,1,300
63365,1,300
63365,1,300
63371,1,300
63397,1,300
63448,1,300
63452,1,300
63497,1,300
63499,1,300
63521,1,300
63549,1,300
63613,1,300
63628,1,300
63664,1,300
63684,1,300
63698,1,300
63705,1,300
63737,1,300
63757,1,300
63831,1,300
63890,1,300
63890,1,300
63954,1,300
64029,1,300
64054,1,300
64102,1,300
64124,1,300
64145,1,300
64264,1,300
64267,1,300
64299,1,300
64358,1,300
64364,1,300
64381,1,300
64387,1,300
64390,1,300
64391,1,300
64398,1,300
64429,1,300
64452,1,300
64513,1,300
64534,1,300
64570,1,300
64605,1,300
64613,1,300
64619,1,300
64632,1,300
64658,1,300
64712,1,300
64722,1,300
64727,1,300
64731,1,300
64755,1,300
64792,1,300
64795,1,300
64813,1,300
64941,1,300
65007,1,300
65008,1,300
65033,1,300
65051,1,300
65052,1,300
65060,1,300
65061,1,300
65064,1,300
65078,1,300
65096,1,300
65099,1,300
65126,1,300
65136,1,300
65152,1,300
65216,1,300
65257,1,300
65285,1,300
65311,1,300
65354,1,300
65367,1,300
65367,1,300
65428,1,300
65446,1,300
65474,1,300
65490,1,300
65552,1,300
65554,1,300
65569,1,300
65579,1,300
65588,1,300
65588,1,300
65613,1,300
65630,1,300
65701,1,300
65753,1,300
65775,1,300
65775,1,300
65777,1,300
65846,1,300
65865,1,300
65873,1,300
65890,1,300
65911,1,300
66008,1,300
66094,1,300
66101,1,300
66101,1,300
66146,1,300
66174,1,300
66179,1,300
66200,1,300
66218,1,300
66220,1,300
66231,1,300
66261,1,300
66291,1,300
66336,1,300
66377,1,300
66383,1,300
66388,1,300
66409,1,300
66432,1,300
66433,1,300
66435,1,300
66500,1,300
66522,1,300
66536,1,300
66542,1,300
66591,1,300
66660,1,300
66689,1,300
66748,1,300
66781,1,300
66877,1,300
66913,1,300
66955,1,300
66960,1,300
66987,1,300
67000,1,300
67021,1,300
67026,1,300
67048,1,300
67048,1,300
67051,1,300
67080,1,300
67081,1,300
67090,1,300
67098,1,300
67119,1,300
67174,1,300
67208,1,300
67263,1,300
67279,1,300
67286,1,300
67288,1,300
67298,1,300
67318,1,300
67339,1,300
67375,1,300
67401,1,300
67434,1,300
67482,1,300
67490,1,300
67521,1,300
67529,1,300
67544,1,300
67568,1,300
67578,1,300
67579,1,300
67602,1,300
67686,1,300
67714,1,300
67747,1,300
67801,1,300
67810,1,300
67815,1,300
67827,1,300
68058,1,300
68099,1,300
68126,1,300
68173,1,300
68175,1,300
68184,1,300
68233,1,300
68240,1,300
68263,1,300
68296,1,300
68306,1,300
68331,1,300
68385,1,300
68447,1,300
68486,1,300
68494,1,300
68498,1,300
68506,1,300
68593,1,300
68596,1,300
68601,1,300
68633,1,300
68641,1,300
68686,1,300
68712,1,300
68769,1,300
68806,1,300
68834,1,300
68871,1,300
68893,1,300
68914,1,300
68932,1,300
68951,1,300
68958,1,300
68981,1,300
69004,1,300
69006,1,300
69022,1,300
69026,1,300
69027,1,300
69030,1,300
69037,1,300
69043,1,300
69059,1,300
69072,1,300
69075,1,300
69080,1,300
69098,1,300
69111,1,300
69126,1,300
69145,1,300
69160,1,300
69167,1,300
69171,1,300
69189,1,300
69197,1,300
69203,1,300
69228,1,300
69232,1,300
69240,1,300
69242,1,300
69267,1,300
69269,1,300
69299,1,300
69309,1,300
69311,1,300
69319,1,300
69338,1,300
69346,1,300
69355,1,300
69367,1,300
69402,1,300
69402,1,300
69405,1,300
69408,1,300
69417,1,300
69420,1,300
69441,1,300
69446,1,300
69464,1,300
69466,1,300
69466,1,300
69472,1,300
69485,1,300
69527,1,300
69540,1,300
69541,1,300
69543,1,300
69546,1,300
69547,1,300
69580,1,300
69647,1,300
69660,1,300
69684,1,300
69692,1,300
69703,1,300
69716,1,300
69735,1,300
69753,1,300
69762,1,300
69768,1,300
69826,1,300
69829,1,300
69844,1,300
69844,1,300
69849,1,300
69882,1,300
69890,1,300
69890,1,300
69915,1,300
69916,1,300
70008,1,300
70027,1,300
70030,1,300
70074,1,300
70094,1,300
70096,1,300
70096,1,300
70105,1,300
70108,1,300
70128,1,300
70179,1,300
70183,1,300
70184,1,300
70192,1,300
70249,1,300
70249,1,300
70263,1,300
70276,1,300
70305,1,300
70314,1,300
70324,1,300
70339,1,300
70351,1,300
70354,1,300
70361,1,300
70399,1,300
70405,1,300
70408,1,300
70433,1,300
70436,1,300
70442,1,300
70451,1,300
70457,1,300
70523,1,300
70524,1,300
70561,1,300
70561,1,300
70590,1,300
70614,1,300
70614,1,300
70626,1,300
70628,1,300
70633,1,300
70688,1,300
70689,1,300
70705,1,300
70716,1,300
70719,1,300
70719,1,300
70721,1,300
70729,1,300
70736,1,300
70758,1,300
70763,1,300
70770,1,300
70786,1,300
70794,1,300
70805,1,300
71009,1,300
71010,1,300
71017,1,300
71055,1,300
71062,1,300
71064,1,300
71067,1,300
71073,1,300
71075,1,300
71077,1,300
71079,1,300
71177,1,300
71223,1,300
71233,1,300
71240,1,300
71312,1,300
71362,1,300
71368,1,300
71406,1,300
71442,1,300
71484,1,300
71494,1,300
71503,1,300
71520,1,300
71541,1,300
71549,1,300
71549,1,300
71557,1,300
71559,1,300
71626,1,300
71660,1,300
71697,1,300
71742,1,300
71750,1,300
71774,1,300
71791,1,300
71802,1,300
71815,1,300
71815,1,300
71821,1,300
71843,1,300
71892,1,300
71919,1,300
71920,1,300
71948,1,300
71958,1,300
71990,1,300
71995,1,300
72003,1,300
72035,1,300
72036,1,300
72038,1,300
72040,1,300
72041,1,300
72042,1,300
72043,1,300
72055,1,300
72062,1,300
72063,1,300
72064,1,300
72067,1,300
72072,1,300
72104,1,300
72108,1,300
72129,1,300
72141,1,300
72155,1,300
72163,1,300
72180,1,300
72242,1,300
72258,1,300
72274,1,300
72292,1,300
72298,1,300
72314,1,300
72321,1,300
72346,1,300
72372,1,300
72381,1,300
72390,1,300
72392,1,300
72406,1,300
72428,1,300
72472,1,300
72481,1,300
72493,1,300
72495,1,300
72511,1,300
72569,1,300
72591,1,300
72596,1,300
72671,1,300
72685,1,300
72699,1,300
72721,1,300
72813,1,300
72850,1,300
72852,1,300
72860,1,300
72872,1,300
72889,1,300
72907,1,300
72923,1,300
72954,1,300
72980,1,300
72983,1,300
72984,1,300
73033,1,300
73036,1,300
73043,1,300
73043,1,300
73048,1,300
73053,1,300
73056,1,300
73063,1,300
73064,1,300
73105,1,300
73139,1,300
73153,1,300
73163,1,300
73201,1,300
73233,1,300
73244,1,300
73248,1,300
73252,1,300
73254,1,300
73257,1,300
73269,1,300
73270,1,300
73280,1,300
73298,1,300
73368,1,300
73391,1,300
73426,1,300
73433,1,300
73434,1,300
73505,1,300
73514,1,300
73568,1,300
73601,1,300
73617,1,300
73620,1,300
73662,1,300
73665,1,300
73736,1,300
73785,1,300
73805,1,300
73863,1,300
73873,1,300
73931,1,300
73943,1,300
73955,1,300
74013,1,300
74019,1,300
74049,1,300
74053,1,300
74060,1,300
74078,1,300
74097,1,300
74114,1,300
74127,1,300
74130,1,300
74148,1,300
74156,1,300
74162,1,300
74169,1,300
74175,1,300
74209,1,300
74225,1,300
74231,1,300
74233,1,300
74236,1,300
74244,1,300
74247,1,300
74264,1,300
74266,1,300
74299,1,300
74304,1,300
74304,1,300
74322,1,300
74325,1,300
74339,1,300
74355,1,300
74374,1,300
74374,1,300
74374,1,300
74387,1,300
74405,1,300
74408,1,300
74416,1,300
74425,1,300
74435,1,300
74465,1,300
74480,1,300
74485,1,300
74496,1,300
74521,1,300
74530,1,300
74601,1,300
74627,1,300
74656,1,300
74658,1,300
74703,1,300
74717,1,300
74745,1,300
74751,1,300
74768,1,300
74773,1,300
74778,1,300
74799,1,300
74799,1,300
74801,1,300
74817,1,300
74818,1,300
74835,1,300
74848,1,300
74871,1,300
74878,1,300
74903,1,300
74903,1,300
75031,1,300
75059,1,300
75062,1,300
75063,1,300
75082,1,300
75103,1,300
75153,1,300
75155,1,300
75165,1,300
75170,1,300
75187,1,300
75247,1,300
75259,1,300
75268,1,300
75282,1,300
75344,1,300
75365,1,300
75370,1,300
75378,1,300
75384,1,300
75418,1,300
75506,1,300
75551,1,300
75555,1,300
75567,1,300
75571,1,300
75611,1,300
75626,1,300
75685,1,300
75704,1,300
75746,1,300
75750,1,300
75759,1,300
75763,1,300
75788,1,300
75796,1,300
75865,1,300
75884,1,300
75895,1,300
75913,1,300
75956,1,300
75959,1,300
75986,1,300
75992,1,300
76004,1,300
76005,1,300
76007,1,300
76012,1,300
76016,1,300
76018,1,300
76021,1,300
76023,1,300
76029,1,300
76043,1,300
76053,1,300
76063,1,300
76081,1,300
76084,1,300
76089,1,300
76094,1,300
76116,1,300
76123,1,300
76124,1,300
76126,1,300
76135,1,300
76137,1,300
76141,1,300
76142,1,300
76150,1,300
76188,1,300
76189,1,300
76207,1,300
76217,1,300
76241,1,300
76246,1,300
76247,1,300
76255,1,300
76259,1,300
76289,1,300
76333,1,300
76357,1,300
76363,1,300
76366,1,300
76383,1,300
76387,1,300
76394,1,300
76409,1,300
76443,1,300
76446,1,300
76481,1,300
76487,1,300
76527,1,300
76561,1,300
76564,1,300
76572,1,300
76597,1,300
76611,1,300
76627,1,300
76642,1,300
76686,1,300
76709,1,300
76752,1,300
76775,1,300
76776,1,300
76785,1,300
76798,1,300
76831,1,300
77011,1,300
77013,1,300
77019,1,300
77042,1,300
77069,1,300
77083,1,300
77114,1,300
77123,1,300
77133,1,300
77138,1,300
77142,1,300
77146,1,300
77149,1,300
77155,1,300
77170,1,300
77172,1,300
77183,1,300
77224,1,300
77228,1,300
77231,1,300
77261,1,300
77261,1,300
77265,1,300
77300,1,300
77327,1,300
77347,1,300
77356,1,300
77358,1,300
77385,1,300
77398,1,300
77401,1,300
77402,1,300
77406,1,300
77425,1,300
77460,1,300
77460,1,300
77470,1,300
77479,1,300
77501,1,300
77501,1,300
77523,1,300
77535,1,300
77593,1,300
77605,1,300
77605,1,300
77639,1,300
77657,1,300
77664,1,300
77697,1,300
77728,1,300
77743,1,300
77797,1,300
77800,1,300
78023,1,300
78031,1,300
78037,1,300
78043,1,300
78053,1,300
78060,1,300
78083,1,300
78098,1,300
78109,1,300
78115,1,300
78162,1,300
78263,1,300
78264,1,300
78272,1,300
78279,1,300
78308,1,300
78328,1,300
78336,1,300
78340,1,300
78371,1,300
78379,1,300
78386,1,300
78429,1,300
78432,1,300
78465,1,300
78505,1,300
78541,1,300
78566,1,300
78577,1,300
78579,1,300
78595,1,300
78606,1,300
78612,1,300
78619,1,300
78630,1,300
78694,1,300
78706,1,300
78708,1,300
78721,1,300
78745,1,300
78756,1,300
78822,1,300
78840,1,300
78853,1,300
78880,1,300
78919,1,300
78944,1,300
78958,1,300
78961,1,300
78973,1,300
79007,1,300
79013,1,300
79028,1,300
79039,1,300
79047,1,300
79059,1,300
79071,1,300
79075,1,300
79105,1,300
79123,1,300
79133,1,300
79159,1,300
79179,1,300
79182,1,300
79219,1,300
79222,1,300
79232,1,300
79234,1,300
79239,1,300
79240,1,300
79245,1,300
79254,1,300
79263,1,300
79273,1,300
79278,1,300
79306,1,300
79316,1,300
79318,1,300
79344,1,300
79375,1,300
79391,1,300
79432,1,300
79443,1,300
79483,1,300
79491,1,300
79495,1,300
79528,1,300
79547,1,300
79555,1,300
79579,1,300
79592,1,300
79601,1,300
79608,1,300
79657,1,300
79659,1,300
79710,1,300
79738,1,300
79740,1,300
79774,1,300
79784,1,300
79796,1,300
79801,1,300
79868,1,300
80001,1,300
80007,1,300
80025,1,300
80029,1,300
80040,1,300
80086,1,300
80220,1,300
80227,1,300
80242,1,300
80260,1,300
80265,1,300
80311,1,300
80318,1,300
80352,1,300
80372,1,300
80381,1,300
80384,1,300
80391,1,300
80405,1,300
80416,1,300
80443,1,300
80518,1,300
80529,1,300
80545,1,300
80606,1,300
80630,1,300
80690,1,300
80735,1,300
80747,1,300
80766,1,300
80766,1,300
80775,1,300
80803,1,300
80839,1,300
80843,1,300
80846,1,300
80870,1,300
80885,1,300
80903,1,300
80909,1,300
80935,1,300
80967,1,300
80973,1,300
80999,1,300
81018,1,300
81020,1,300
81034,1,300
81035,1,300
81040,1,300
81040,1,300
81051,1,300
81057,1,300
81059,1,300
81089,1,300
81092,1,300
81094,1,300
81102,1,300
81108,1,300
81120,1,300
81125,1,300
81141,1,300
81146,1,300
81163,1,300
81171,1,300
81172,1,300
81237,1,300
81241,1,300
81252,1,300
81254,1,300
81285,1,300
81288,1,300
81296,1,300
81324,1,300
81337,1,300
81391,1,300
81392,1,300
81414,1,300
81432,1,300
81438,1,300
81473,1,300
81512,1,300
81514,1,300
81518,1,300
81518,1,300
81555,1,300
81556,1,300
81563,1,300
81586,1,300
81628,1,300
81659,1,300
81661,1,300
81672,1,300
81673,1,300
81674,1,300
81684,1,300
81700,1,300
81715,1,300
81745,1,300
81774,1,300
81781,1,300
81782,1,300
81783,1,300
81791,1,300
81811,1,300
81815,1,300
81824,1,300
81827,1,300
81844,1,300
81899,1,300
81899,1,300
81903,1,300
81950,1,300
81958,1,300
81984,1,300
82012,1,300
82013,1,300
82013,1,300
82018,1,300
82030,1,300
82049,1,300
82055,1,300
82063,1,300
82068,1,300
82070,1,300
82074,1,300
82087,1,300
82089,1,300
82090,1,300
82099,1,300
82100,1,300
82131,1,300
82136,1,300
82138,1,300
82140,1,300
82142,1,300
82149,1,300
82183,1,300
82188,1,300
82205,1,300
82217,1,300
82225,1,300
82239,1,300
82258,1,300
82273,1,300
82274,1,300
82278,1,300
82281,1,300
82292,1,300
82299,1,300
82318,1,300
82323,1,300
82353,1,300
82366,1,300
82386,1,300
82390,1,300
82428,1,300
82443,1,300
82479,1,300
82486,1,300
82502,1,300
82517,1,300
82528,1,300
82544,1,300
82545,1,300
82574,1,300
82594,1,300
82598,1,300
82599,1,300
82615,1,300
82624,1,300
82626,1,300
82659,1,300
82670,1,300
82680,1,300
82684,1,300
82695,1,300
82736,1,300
82755,1,300
82776,1,300
82780,1,300
82857,1,300
82903,1,300
82940,1,300
82955,1,300
82974,1,300
82977,1,300
83003,1,300
83007,1,300
83028,1,300
83040,1,300
83055,1,300
83077,1,300
83086,1,300
83097,1,300
83108,1,300
83127,1,300
83134,1,300
83145,1,300
83159,1,300
83169,1,300
83187,1,300
83189,1,300
83199,1,300
83259,1,300
83279,1,300
83306,1,300
83316,1,300
83317,1,300
83319,1,300
83329,1,300
83333,1,300
83337,1,300
83376,1,300
83377,1,300
83441,1,300
83448,1,300
83453,1,300
83454,1,300
83460,1,300
83471,1,300
83474,1,300
83482,1,300
83490,1,300
83523,1,300
83559,1,300
83567,1,300
83572,1,300
83587,1,300
83601,1,300
83608,1,300
83609,1,300
83615,1,300
83615,1,300
83627,1,300
83653,1,300
83665,1,300
83683,1,300
83690,1,300
83720,1,300
83729,1,300
83750,1,300
83766,1,300
83799,1,300
83802,1,300
83807,1,300
83813,1,300
83815,1,300
83834,1,300
83834,1,300
83860,1,300
84052,1,300
84084,1,300
84128,1,300
84132,1,300
84143,1,300
84195,1,300
84197,1,300
84199,1,300
84205,1,300
84214,1,300
84241,1,300
84261,1,300
84300,1,300
84306,1,300
84309,1,300
84320,1,300
84335,1,300
84352,1,300
84355,1,300
84361,1,300
84369,1,300
84372,1,300
84373,1,300
84377,1,300
84386,1,300
84407,1,300
84411,1,300
84431,1,300
84468,1,300
84491,1,300
84537,1,300
84552,1,300
84564,1,300
84573,1,300
84633,1,300
84636,1,300
84716,1,300
84758,1,300
84759,1,300
84780,1,300
84882,1,300
84892,1,300
84917,1,300
84959,1,300
84980,1,300
84984,1,300
84984,1,300
84985,1,300
84997,1,300
84999,1,300
85016,1,300
85019,1,300
85021,1,300
85025,1,300
85027,1,300
85030,1,300
85034,1,300
85037,1,300
85040,1,300
85049,1,300
85057,1,300
85064,1,300
85077,1,300
85078,1,300
85082,1,300
85084,1,300
85088,1,300
85105,1,300
85123,1,300
85178,1,300
85208,1,300
85237,1,300
85247,1,300
85262,1,300
85263,1,300
85283,1,300
85292,1,300
85325,1,300
85381,1,300
85394,1,300
85398,1,300
85438,1,300
85447,1,300
85451,1,300
85475,1,300
85478,1,300
85528,1,300
85540,1,300
85563,1,300
85581,1,300
85619,1,300
85620,1,300
85621,1,300
85627,1,300
85634,1,300
85651,1,300
85660,1,300
85669,1,300
85686,1,300
85722,1,300
85728,1,300
85786,1,300
85825,1,300
85836,1,300
85836,1,300
85862,1,300
85873,1,300
85878,1,300
85890,1,300
85932,1,300
85971,1,300
85972,1,300
85982,1,300
85993,1,300
86003,1,300
86007,1,300
86019,1,300
86022,1,300
86028,1,300
86058,1,300
86072,1,300
86077,1,300
86083,1,300
86087,1,300
86094,1,300
86099,1,300
86137,1,300
86146,1,300
86160,1,300
86190,1,300
86203,1,300
86223,1,300
86223,1,300
86225,1,300
86239,1,300
86273,1,300
86291,1,300
86298,1,300
86320,1,300
86336,1,300
86345,1,300
86376,1,300
86404,1,300
86421,1,300
86431,1,300
86436,1,300
86446,1,300
86452,1,300
86453,1,300
86526,1,300
86533,1,300
86551,1,300
86562,1,300
86578,1,300
86603,1,300
86606,1,300
86621,1,300
86665,1,300
86688,1,300
86702,1,300
86725,1,300
86726,1,300
86749,1,300
86752,1,300
86766,1,300
86774,1,300
86798,1,300
86807,1,300
86824,1,300
86831,1,300
86840,1,300
86876,1,300
86882,1,300
86909,1,300
86939,1,300
86959,1,300
86986,1,300
87001,1,300
87009,1,300
87009,1,300
87011,1,300
87032,1,300
87034,1,300
87037,1,300
87039,1,300
87050,1,300
87052,1,300
87063,1,300
87067,1,300
87070,1,300
87081,1,300
87084,1,300
87109,1,300
87116,1,300
87126,1,300
87127,1,300
87131,1,300
87132,1,300
87205,1,300
87217,1,300
87227,1,300
87335,1,300
87340,1,300
87366,1,300
87381,1,300
87397,1,300
87398,1,300
87416,1,300
87430,1,300
87434,1,300
87442,1,300
87461,1,300
87475,1,300
87476,1,300
87509,1,300
87521,1,300
87523,1,300
87529,1,300
87536,1,300
87536,1,300
87543,1,300
87559,1,300
87575,1,300
87586,1,300
87587,1,300
87593,1,300
87629,1,300
87639,1,300
87676,1,300
87678,1,300
87713,1,300
87769,1,300
87836,1,300
87840,1,300
87842,1,300
87850,1,300
87864,1,300
87928,1,300
88032,1,300
88091,1,300
88101,1,300
88141,1,300
88154,1,300
88178,1,300
88209,1,300
88236,1,300
88238,1,300
88245,1,300
88257,1,300
88265,1,300
88272,1,300
88275,1,300
88290,1,300
88352,1,300
88378,1,300
88397,1,300
88397,1,300
88403,1,300
88407,1,300
88435,1,300
88462,1,300
88489,1,300
88499,1,300
88505,1,300
88506,1,300
88518,1,300
88538,1,300
88549,1,300
88563,1,300
88567,1,300
88593,1,300
88595,1,300
88601,1,300
88609,1,300
88688,1,300
88694,1,300
88781,1,300
88793,1,300
88812,1,300
88884,1,300
88889,1,300
88894,1,300
88922,1,300
88937,1,300
88975,1,300
88979,1,300
89000,1,300
89000,1,300
89000,1,300
89024,1,300
89025,1,300
89029,1,300
89032,1,300
89034,1,300
89040,1,300
89072,1,300
89082,1,300
89086,1,300
89103,1,300
89106,1,300
89115,1,300
89127,1,300
89127,1,300
89129,1,300
89142,1,300
89143,1,300
89153,1,300
89171,1,300
89175,1,300
89175,1,300
89177,1,300
89179,1,300
89181,1,300
89205,1,300
89265,1,300
89269,1,300
89289,1,300
89301,1,300
89341,1,300
89417,1,300
89441,1,300
89448,1,300
89460,1,300
89472,1,300
89490,1,300
89495,1,300
89507,1,300
89526,1,300
89544,1,300
89555,1,300
89575,1,300
89600,1,300
89617,1,300
89626,1,300
89631,1,300
89640,1,300
89648,1,300
89657,1,300
89658,1,300
89694,1,300
89704,1,300
89746,1,300
89748,1,300
89787,1,300
89793,1,300
89795,1,300
89802,1,300
89803,1,300
89822,1,300
89829,1,300
89846,1,300
89854,1,300
89856,1,300
89891,1,300
89901,1,300
89944,1,300
89956,1,300
90025,1,300
90027,1,300
90030,1,300
90041,1,300
90068,1,300
90090,1,300
90145,1,300
90178,1,300
90179,1,300
90195,1,300
90200,1,300
90232,1,300
90234,1,300
90255,1,300
90260,1,300
90264,1,300
90277,1,300
90302,1,300
90343,1,300
90357,1,300
90363,1,300
90378,1,300
90412,1,300
90421,1,300
90421,1,300
90422,1,300
90433,1,300
90450,1,300
90463,1,300
90470,1,300
90513,1,300
90536,1,300
90541,1,300
90553,1,300
90574,1,300
90626,1,300
90659,1,300
90696,1,300
90700,1,300
90737,1,300
90754,1,300
90754,1,300
90837,1,300
90841,1,300
90866,1,300
90878,1,300
90929,1,300
90932,1,300
90959,1,300
90972,1,300
91001,1,300
91009,1,300
91034,1,300
91045,1,300
91046,1,300
91059,1,300
91059,1,300
91074,1,300
91099,1,300
91112,1,300
91116,1,300
91139,1,300
91149,1,300
91177,1,300
91206,1,300
91219,1,300
91229,1,300
91235,1,300
91240,1,300
91240,1,300
91264,1,300
91265,1,300
91273,1,300
91313,1,300
91356,1,300
91363,1,300
91372,1,300
91401,1,300
91404,1,300
91414,1,300
91420,1,300
91442,1,300
91457,1,300
91468,1,300
91469,1,300
91470,1,300
91489,1,300
91493,1,300
91495,1,300
91543,1,300
91545,1,300
91554,1,300
91566,1,300
91570,1,300
91581,1,300
91582,1,300
91605,1,300
91607,1,300
91608,1,300
91608,1,300
91616,1,300
91619,1,300
91651,1,300
91701,1,300
91714,1,300
91743,1,300
91749,1,300
91759,1,300
91762,1,300
91790,1,300
91804,1,300
91813,1,300
91847,1,300
91865,1,300
92008,1,300
92010,1,300
92016,1,300
92027,1,300
92075,1,300
92090,1,300
92093,1,300
92096,1,300
92099,1,300
92162,1,300
92165,1,300
92185,1,300
92217,1,300
92218,1,300
92222,1,300
92243,1,300
92246,1,300
92306,1,300
92312,1,300
92329,1,300
92340,1,300
92347,1,300
92349,1,300
92363,1,300
92380,1,300
92385,1,300
92389,1,300
92392,1,300
92403,1,300
92408,1,300
92410,1,300
92418,1,300
92418,1,300
92428,1,300
92444,1,300
92500,1,300
92543,1,300
92550,1,300
92568,1,300
92569,1,300
92581,1,300
92617,1,300
92623,1,300
92636,1,300
92679,1,300
92694,1,300
92696,1,300
92703,1,300
92714,1,300
92727,1,300
92728,1,300
92751,1,300
92761,1,300
92784,1,300
92790,1,300
92792,1,300
93005,1,300
93010,1,300
93021,1,300
93029,1,300
93039,1,300
93047,1,300
93076,1,300
93085,1,300
93123,1,300
93134,1,300
93135,1,300
93139,1,300
93143,1,300
93152,1,300
93181,1,300
93197,1,300
93199,1,300
93200,1,300
93216,1,300
93240,1,300
93240,1,300
93254,1,300
93254,1,300
93255,1,300
93256,1,300
93266,1,300
93269,1,300
93274,1,300
93297,1,300
93315,1,300
93327,1,300
93330,1,300
93342,1,300
93347,1,300
93350,1,300
93358,1,300
93377,1,300
93386,1,300
93408,1,300
93431,1,300
93433,1,300
93445,1,300
93451,1,300
93479,1,300
93480,1,300
93483,1,300
93484,1,300
93495,1,300
93504,1,300
93505,1,300
93511,1,300
93516,1,300
93537,1,300
93574,1,300
93582,1,300
93588,1,300
93600,1,300
93603,1,300
93622,1,300
93630,1,300
93643,1,300
93648,1,300
93654,1,300
93655,1,300
93657,1,300
93661,1,300
93691,1,300
93718,1,300
93727,1,300
93727,1,300
93730,1,300
93743,1,300
93751,1,300
93754,1,300
93770,1,300
93771,1,300
93789,1,300
93794,1,300
93800,1,300
93805,1,300
93819,1,300
93823,1,300
93827,1,300
93837,1,300
93840,1,300
93841,1,300
93848,1,300
93853,1,300
93862,1,300
94005,1,300
94006,1,300
94010,1,300
94012,1,300
94035,1,300
94037,1,300
94041,1,300
94043,1,300
94076,1,300
94080,1,300
94081,1,300
94096,1,300
94151,1,300
94164,1,300
94167,1,300
94178,1,300
94208,1,300
94211,1,300
94226,1,300
94249,1,300
94280,1,300
94281,1,300
94284,1,300
94284,1,300
94306,1,300
94331,1,300
94382,1,300
94384,1,300
94400,1,300
94410,1,300
94413,1,300
94414,1,300
94446,1,300
94450,1,300
94456,1,300
94457,1,300
94475,1,300
94496,1,300
94512,1,300
94529,1,300
94547,1,300
94554,1,300
94568,1,300
94601,1,300
94618,1,300
94638,1,300
94652,1,300
94669,1,300
94674,1,300
94684,1,300
94712,1,300
94729,1,300
94762,1,300
94763,1,300
94776,1,300
94791,1,300
94809,1,300
94841,1,300
94876,1,300
94894,1,300
94902,1,300
94990,1,300
94993,1,300
94999,1,300
95021,1,300
95023,1,300
95023,1,300
95059,1,300
95075,1,300
95076,1,300
95077,1,300
95123,1,300
95172,1,300
95210,1,300
95226,1,300
95231,1,300
95236,1,300
95245,1,300
95249,1,300
95250,1,300
95268,1,300
95271,1,300
95296,1,300
95303,1,300
95314,1,300
95331,1,300
95348,1,300
95361,1,300
95371,1,300
95406,1,300
95423,1,300
95448,1,300
95464,1,300
95482,1,300
95483,1,300
95489,1,300
95507,1,300
95528,1,300
95576,1,300
95614,1,300
95632,1,300
95656,1,300
95657,1,300
95726,1,300
95732,1,300
95748,1,300
95758,1,300
95760,1,300
95775,1,300
95794,1,300
95811,1,300
95818,1,300
95827,1,300
95858,1,300
95859,1,300
95861,1,300
95861,1,300
95868,1,300
95900,1,300
95900,1,300
95908,1,300
95927,1,300
95933,1,300
95946,1,300
95949,1,300
95964,1,300
95971,1,300
95980,1,300
96002,1,300
96012,1,300
96027,1,300
96035,1,300
96073,1,300
96078,1,300
96108,1,300
96137,1,300
96149,1,300
96161,1,300
96161,1,300
96171,1,300
96189,1,300
96193,1,300
96228,1,300
96236,1,300
96238,1,300
96245,1,300
96255,1,300
96301,1,300
96310,1,300
96323,1,300
96337,1,300
96339,1,300
96355,1,300
96367,1,300
96367,1,300
96380,1,300
96386,1,300
96394,1,300
96406,1,300
96423,1,300
96425,1,300
96428,1,300
96434,1,300
96443,1,300
96486,1,300
96488,1,300
96537,1,300
96615,1,300
96634,1,300
96650,1,300
96676,1,300
96676,1,300
96682,1,300
96688,1,300
96691,1,300
96702,1,300
96709,1,300
96730,1,300
96736,1,300
96745,1,300
96757,1,300
96763,1,300
96766,1,300
96781,1,300
96805,1,300
96806,1,300
96807,1,300
96825,1,300
96848,1,300
96868,1,300
96869,1,300
97009,1,300
97011,1,300
97027,1,300
97036,1,300
97048,1,300
97054,1,300
97055,1,300
97059,1,300
97076,1,300
97111,1,300
97131,1,300
97151,1,300
97153,1,300
97202,1,300
97203,1,300
97224,1,300
97231,1,300
97246,1,300
97273,1,300
97289,1,300
97292,1,300
97293,1,300
97335,1,300
97342,1,300
97362,1,300
97400,1,300
97404,1,300
97405,1,300
97409,1,300
97449,1,300
97466,1,300
97476,1,300
97483,1,300
97485,1,300
97489,1,300
97497,1,300
97498,1,300
97504,1,300
97511,1,300
97524,1,300
97529,1,300
97532,1,300
97563,1,300
97563,1,300
97594,1,300
97600,1,300
97611,1,300
97645,1,300
97657,1,300
97698,1,300
97758,1,300
97759,1,300
97765,1,300
97779,1,300
97794,1,300
97802,1,300
97806,1,300
97822,1,300
97830,1,300
98002,1,300
98044,1,300
98075,1,300
98096,1,300
98109,1,300
98125,1,300
98156,1,300
98186,1,300
98196,1,300
98231,1,300
98255,1,300
98258,1,300
98269,1,300
98270,1,300
98294,1,300
98310,1,300
98382,1,300
98384,1,300
98417,1,300
98418,1,300
98443,1,300
98461,1,300
98500,1,300
98507,1,300
98528,1,300
98536,1,300
98550,1,300
98561,1,300
98565,1,300
98567,1,300
98576,1,300
98580,1,300
98580,1,300
98624,1,300
98654,1,300
98666,1,300
98704,1,300
98711,1,300
98747,1,300
98748,1,300
98751,1,300
98768,1,300
98786,1,300
98816,1,300
98819,1,300
98832,1,300
98845,1,300
98861,1,300
98865,1,300
98867,1,300
98872,1,300
98894,1,300
98926,1,300
98931,1,300
98969,1,300
99000,1,300
99013,1,300
99025,1,300
99031,1,300
99032,1,300
99035,1,300
99048,1,300
99055,1,300
99059,1,300
99060,1,300
99077,1,300
99079,1,300
99084,1,300
99134,1,300
99143,1,300
99183,1,300
99190,1,300
99196,1,300
99214,1,300
99229,1,300
99261,1,300
99287,1,300
99338,1,300
99342,1,300
99351,1,300
99358,1,300
99363,1,300
99382,1,300
99394,1,300
99401,1,300
99411,1,300
99433,1,300
99445,1,300
99455,1,300
99459,1,300
99469,1,300
99491,1,300
99513,1,300
99538,1,300
99562,1,300
99590,1,300
99596,1,300
99597,1,300
99608,1,300
99613,1,300
99633,1,300
99651,1,300
99690,1,300
99748,1,300
99754,1,300
99763,1,300
99777,1,300
99785,1,300
99790,1,300
99832,1,300
99869,1,300
99876,1,300
99916,1,300
99917,1,300
99955,1,300
99969,1,300
99977,1,300
99979,1,300
100023,1,300
100024,1,300
100039,1,300
100046,1,300
100098,1,300
100117,1,300
100135,1,300
100158,1,300
100175,1,300
100180,1,300
100193,1,300
100198,1,300
100213,1,300
100215,1,300
100271,1,300
100283,1,300
100290,1,300
100302,1,300
100311,1,300
100405,1,300
100418,1,300
100441,1,300
100444,1,300
100518,1,300
100553,1,300
100561,1,300
100574,1,300
100633,1,300
100658,1,300
100671,1,300
100679,1,300
100733,1,300
100760,1,300
100782,1,300
100829,1,300
100861,1,300
100923,1,300
100938,1,300
100940,1,300
101021,1,300
101030,1,300
101036,1,300
101038,1,300
101051,1,300
101056,1,300
101057,1,300
101058,1,300
101062,1,300
101082,1,300
101084,1,300
101096,1,300
101102,1,300
101106,1,300
101124,1,300
101140,1,300
101146,1,300
101148,1,300
101154,1,300
101162,1,300
101176,1,300
101179,1,300
101180,1,300
101193,1,300
101204,1,300
101220,1,300
101221,1,300
101244,1,300
101254,1,300
101256,1,300
101257,1,300
101266,1,300
101267,1,300
101271,1,300
101276,1,300
101277,1,300
101308,1,300
101330,1,300
101335,1,300
101336,1,300
101343,1,300
101404,1,300
101408,1,300
101444,1,300
101446,1,300
101456,1,300
101462,1,300
101489,1,300
101498,1,300
101521,1,300
101540,1,300
101592,1,300
101602,1,300
101619,1,300
101667,1,300
101674,1,300
101701,1,300
101706,1,300
101750,1,300
101767,1,300
101772,1,300
101790,1,300
101800,1,300
101820,1,300
101872,1,300
101901,1,300
101925,1,300
101925,1,300
101977,1,300
101982,1,300
101996,1,300
101999,1,300
102004,1,300
102004,1,300
102006,1,300
102009,1,300
102019,1,300
102021,1,300
102051,1,300
102062,1,300
102083,1,300
102088,1,300
102118,1,300
102119,1,300
102147,1,300
102152,1,300
102161,1,300
102199,1,300
102208,1,300
102219,1,300
102254,1,300
102266,1,300
102266,1,300
102300,1,300
102308,1,300
102321,1,300
102327,1,300
102377,1,300
102378,1,300
102396,1,300
102412,1,300
102423,1,300
102429,1,300
102452,1,300
102461,1,300
102492,1,300
102509,1,300
102514,1,300
102547,1,300
102581,1,300
102606,1,300
102622,1,300
102622,1,300
102647,1,300
102670,1,300
102677,1,300
102704,1,300
102711,1,300
102715,1,300
102725,1,300
102745,1,300
102790,1,300
102791,1,300
102817,1,300
102847,1,300
102879,1,300
102907,1,300
102933,1,300
102940,1,300
102954,1,300
102965,1,300
102988,1,300
102993,1,300
103015,1,300
103020,1,300
103160,1,300
103244,1,300
103269,1,300
103329,1,300
103362,1,300
103384,1,300
103409,1,300
103420,1,300
103486,1,300
103499,1,300
103582,1,300
103593,1,300
103631,1,300
103635,1,300
103642,1,300
103652,1,300
103689,1,300
103692,1,300
103706,1,300
103713,1,300
103722,1,300
103739,1,300
103777,1,300
103838,1,300
103845,1,300
103860,1,300
103869,1,300
103896,1,300
103919,1,300
103923,1,300
103926,1,300
103950,1,300
103968,1,300
103980,1,300
103981,1,300
104017,1,300
104018,1,300
104022,1,300
104024,1,300
104027,1,300
104029,1,300
104032,1,300
104040,1,300
104043,1,300
104056,1,300
104059,1,300
104095,1,300
104110,1,300
104140,1,300
104145,1,300
104157,1,300
104160,1,300
104164,1,300
104173,1,300
104175,1,300
104179,1,300
104182,1,300
104196,1,300
104205,1,300
104214,1,300
104219,1,300
104225,1,300
104233,1,300
104242,1,300
104252,1,300
104255,1,300
104261,1,300
104265,1,300
104291,1,300
104305,1,300
104316,1,300
104383,1,300
104384,1,300
104387,1,300
104388,1,300
104425,1,300
104425,1,300
104428,1,300
104430,1,300
104472,1,300
104494,1,300
104520,1,300
104523,1,300
104588,1,300
104598,1,300
104619,1,300
104646,1,300
104654,1,300
104683,1,300
104689,1,300
104705,1,300
104746,1,300
104766,1,300
104775,1,300
104777,1,300
104777,1,300
104790,1,300
104795,1,300
104822,1,300
104829,1,300
104855,1,300
104865,1,300
105051,1,300
105054,1,300
105054,1,300
105060,1,300
105063,1,300
105071,1,300
105073,1,300
105074,1,300
105084,1,300
105102,1,300
105103,1,300
105117,1,300
105126,1,300
105127,1,300
105143,1,300
105152,1,300
105152,1,300
105153,1,300
105154,1,300
105172,1,300
105173,1,300
105195,1,300
105220,1,300
105239,1,300
105247,1,300
105275,1,300
105295,1,300
105302,1,300
105302,1,300
105306,1,300
105309,1,300
105395,1,300
105399,1,300
105400,1,300
105439,1,300
105453,1,300
105471,1,300
105543,1,300
105570,1,300
105610,1,300
105610,1,300
105613,1,300
105614,1,300
105615,1,300
105615,1,300
105617,1,300
105622,1,300
105648,1,300
105665,1,300
105688,1,300
105697,1,300
105699,1,300
105718,1,300
105729,1,300
105746,1,300
105746,1,300
105749,1,300
105755,1,300
105758,1,300
105792,1,300
105828,1,300
105830,1,300
105855,1,300
105864,1,300
105867,1,300
106054,1,300
106065,1,300
106104,1,300
106112,1,300
106135,1,300
106141,1,300
106153,1,300
106187,1,300
106188,1,300
106210,1,300
106251,1,300
106267,1,300
106271,1,300
106334,1,300
106335,1,300
106336,1,300
106363,1,300
106386,1,300
106392,1,300
106409,1,300
106422,1,300
106423,1,300
106454,1,300
106456,1,300
106458,1,300
106473,1,300
106473,1,300
106479,1,300
106514,1,300
106535,1,300
106542,1,300
106545,1,300
106567,1,300
106600,1,300
106604,1,300
106605,1,300
106647,1,300
106662,1,300
106669,1,300
106712,1,300
106743,1,300
106746,1,300
106757,1,300
106777,1,300
106813,1,300
106828,1,300
106838,1,300
106849,1,300
106849,1,300
107003,1,300
107014,1,300
107015,1,300
107026,1,300
107055,1,300
107063,1,300
107066,1,300
107066,1,300
107071,1,300
107087,1,300
107097,1,300
107117,1,300
107124,1,300
107142,1,300
107190,1,300
107209,1,300
107221,1,300
107234,1,300
107235,1,300
107279,1,300
107296,1,300
107298,1,300
107312,1,300
107338,1,300
107379,1,300
107399,1,300
107407,1,300
107458,1,300
107505,1,300
107508,1,300
107513,1,300
107520,1,300
107527,1,300
107534,1,300
107547,1,300
107552,1,300
107569,1,300
107601,1,300
107631,1,300
107666,1,300
107691,1,300
107702,1,300
107706,1,300
107712,1,300
107730,1,300
107730,1,300
107764,1,300
108001,1,300
108032,1,300
108050,1,300
108063,1,300
108076,1,300
108078,1,300
108118,1,300
108153,1,300
108159,1,300
108163,1,300
108172,1,300
108175,1,300
108187,1,300
108202,1,300
108222,1,300
108251,1,300
108255,1,300
108286,1,300
108324,1,300
108349,1,300
108396,1,300
108448,1,300
108469,1,300
108529,1,300
108539,1,300
108582,1,300
108592,1,300
108627,1,300
108627,1,300
108630,1,300
108652,1,300
108654,1,300
108665,1,300
108702,1,300
108712,1,300
108726,1,300
108734,1,300
108752,1,300
108760,1,300
108785,1,300
108805,1,300
108807,1,300
108823,1,300
108863,1,300
108876,1,300
109092,1,300
109106,1,300
109144,1,300
109205,1,300
109233,1,300
109237,1,300
109242,1,300
109270,1,300
109280,1,300
109297,1,300
109306,1,300
109314,1,300
109319,1,300
109352,1,300
109376,1,300
109445,1,300
109452,1,300
109474,1,300
109478,1,300
109496,1,300
109517,1,300
109539,1,300
109559,1,300
109560,1,300
109590,1,300
109603,1,300
109619,1,300
109661,1,300
109667,1,300
109706,1,300
109743,1,300
109785,1,300
109819,1,300
109824,1,300
109830,1,300
109851,1,300
109851,1,300
109933,1,300
109979,1,300
109980,1,300
110006,1,300
110013,1,300
110031,1,300
110047,1,300
110056,1,300
110059,1,300
110064,1,300
110067,1,300
110075,1,300
110087,1,300
110106,1,300
110114,1,300
110152,1,300
110180,1,300
110180,1,300
110184,1,300
110206,1,300
110228,1,300
110231,1,300
110285,1,300
110292,1,300
110297,1,300
110299,1,300
110328,1,300
110374,1,300
110389,1,300
110397,1,300
110422,1,300
110448,1,300
110453,1,300
110491,1,300
110505,1,300
110509,1,300
110523,1,300
110532,1,300
110568,1,300
110657,1,300
110690,1,300
110713,1,300
110715,1,300
110772,1,300
110777,1,300
110782,1,300
110789,1,300
110865,1,300
110886,1,300
110907,1,300
110916,1,300
110919,1,300
111030,1,300
111034,1,300
111054,1,300
111113,1,300
111119,1,300
111127,1,300
111137,1,300
111164,1,300
111184,1,300
111204,1,300
111209,1,300
111221,1,300
111224,1,300
111246,1,300
111256,1,300
111322,1,300
111422,1,300
111442,1,300
111457,1,300
111472,1,300
111482,1,300
111484,1,300
111485,1,300
111505,1,300
111525,1,300
111525,1,300
111546,1,300
111574,1,300
111586,1,300
111608,1,300
111621,1,300
111647,1,300
111652,1,300
111682,1,300
111715,1,300
111734,1,300
111752,1,300
111752,1,300
111791,1,300
111794,1,300
111799,1,300
111830,1,300
111839,1,300
111855,1,300
111860,1,300
111863,1,300
112030,1,300
112077,1,300
112085,1,300
112116,1,300
112140,1,300
112172,1,300
112212,1,300
112219,1,300
112247,1,300
112351,1,300
112450,1,300
112461,1,300
112478,1,300
112480,1,300
112509,1,300
112515,1,300
112525,1,300
112531,1,300
112590,1,300
112618,1,300
112620,1,300
112630,1,300
112667,1,300
112680,1,300
112725,1,300
112740,1,300
112762,1,300
112764,1,300
112786,1,300
112803,1,300
112805,1,300
112832,1,300
112840,1,300
112846,1,300
112871,1,300
112883,1,300
112916,1,300
112978,1,300
112982,1,300
113018,1,300
113037,1,300
113052,1,300
113068,1,300
113080,1,300
113081,1,300
113088,1,300
113108,1,300
113116,1,300
113145,1,300
113152,1,300
113194,1,300
113194,1,300
113205,1,300
113210,1,300
113215,1,300
113239,1,300
113271,1,300
113272,1,300
113324,1,300
113335,1,300
113346,1,300
113352,1,300
113356,1,300
113376,1,300
113379,1,300
113393,1,300
113402,1,300
113490,1,300
113524,1,300
113532,1,300
113540,1,300
113549,1,300
113618,1,300
113622,1,300
113631,1,300
113647,1,300
113659,1,300
113668,1,300
113692,1,300
113734,1,300
113738,1,300
113741,1,300
113753,1,300
113770,1,300
113774,1,300
113780,1,300
113787,1,300
113791,1,300
113820,1,300
114015,1,300
114015,1,300
114029,1,300
114118,1,300
114159,1,300
114174,1,300
114176,1,300
114193,1,300
114208,1,300
114213,1,300
114237,1,300
114260,1,300
114264,1,300
114266,1,300
114288,1,300
114319,1,300
114361,1,300
114378,1,300
114388,1,300
114390,1,300
114407,1,300
114440,1,300
114464,1,300
114468,1,300
114484,1,300
114485,1,300
114535,1,300
114543,1,300
114584,1,300
114600,1,300
114606,1,300
114617,1,300
114656,1,300
114661,1,300
114687,1,300
114698,1,300
114701,1,300
114710,1,300
114720,1,300
114735,1,300
114746,1,300
114750,1,300
115003,1,300
115008,1,300
115023,1,300
115024,1,300
115034,1,300
115070,1,300
115079,1,300
115203,1,300
115246,1,300
115275,1,300
115275,1,300
115301,1,300
115302,1,300
115306,1,300
115373,1,300
115424,1,300
115463,1,300
115483,1,300
115513,1,300
115523,1,300
115528,1,300
115540,1,300
115566,1,300
115607,1,300
115628,1,300
115649,1,300
115651,1,300
115737,1,300
115778,1,300
115817,1,300
115844,1,300
115873,1,300
115896,1,300
115907,1,300
115928,1,300
115965,1,300
115976,1,300
115984,1,300
116017,1,300
116023,1,300
116025,1,300
116039,1,300
116040,1,300
116057,1,300
116064,1,300
116064,1,300
116093,1,300
116105,1,300
116146,1,300
116147,1,300
116151,1,300
116152,1,300
116153,1,300
116221,1,300
116236,1,300
116270,1,300
116270,1,300
116272,1,300
116314,1,300
116319,1,300
116348,1,300
116373,1,300
116378,1,300
116418,1,300
116422,1,300
116447,1,300
116450,1,300
116475,1,300
116480,1,300
116491,1,300
116498,1,300
116507,1,300
116540,1,300
116558,1,300
116572,1,300
116580,1,300
116631,1,300
116632,1,300
116649,1,300
116650,1,300
116651,1,300
116680,1,300
116702,1,300
116754,1,300
117036,1,300
117086,1,300
117121,1,300
117122,1,300
117147,1,300
117150,1,300
117153,1,300
117161,1,300
117165,1,300
117167,1,300
117170,1,300
117184,1,300
117216,1,300
117242,1,300
117248,1,300
117257,1,300
117274,1,300
117285,1,300
117299,1,300
117312,1,300
117380,1,300
117396,1,300
117408,1,300
117423,1,300
117441,1,300
117487,1,300
117489,1,300
117516,1,300
117538,1,300
117552,1,300
117610,1,300
117617,1,300
117620,1,300
117628,1,300
117702,1,300
117714,1,300
117747,1,300
117787,1,300
117790,1,300
117798,1,300
117810,1,300
117822,1,300
117871,1,300
117878,1,300
117899,1,300
117914,1,300
118010,1,300
118032,1,300
118033,1,300
118051,1,300
118097,1,300
118100,1,300
118121,1,300
118160,1,300
118162,1,300
118181,1,300
118187,1,300
118263,1,300
118266,1,300
118270,1,300
118270,1,300
118335,1,300
118345,1,300
118367,1,300
118472,1,300
118478,1,300
118480,1,300
118497,1,300
118516,1,300
118569,1,300
118577,1,300
118604,1,300
118614,1,300
118667,1,300
118680,1,300
118685,1,300
118690,1,300
118694,1,300
118722,1,300
118820,1,300
119079,1,300
119092,1,300
119093,1,300
119125,1,300
119161,1,300
119191,1,300
119258,1,300
119272,1,300
119347,1,300
119351,1,300
119373,1,300
119437,1,300
119451,1,300
119520,1,300
119580,1,300
119581,1,300
119589,1,300
119653,1,300
119699,1,300
119714,1,300
119736,1,300
119746,1,300
119780,1,300
119821,1,300
119865,1,300
119913,1,300
119921,1,300
119934,1,300
119939,1,300
120004,1,300
120008,1,300
120012,1,300
120014,1,300
120015,1,300
120019,1,300
120042,1,300
120098,1,300
120160,1,300
120226,1,300
120445,1,300
120450,1,300
120621,1,300
120727,1,300
120955,1,300
120960,1,300
120978,1,300
120981,1,300
121011,1,300
121025,1,300
121025,1,300
121028,1,300
121031,1,300
121039,1,300
121061,1,300
121062,1,300
121068,1,300
121070,1,300
121146,1,300
121161,1,300
121185,1,300
121193,1,300
121195,1,300
121199,1,300
121218,1,300
121242,1,300
121245,1,300
121247,1,300
121264,1,300
121292,1,300
121296,1,300
121353,1,300
121359,1,300
121368,1,300
121383,1,300
121390,1,300
121409,1,300
121411,1,300
121418,1,300
121451,1,300
121462,1,300
121481,1,300
121493,1,300
121557,1,300
121585,1,300
121591,1,300
121600,1,300
121607,1,300
121626,1,300
121645,1,300
121701,1,300
121717,1,300
121789,1,300
121802,1,300
121838,1,300
122077,1,300
122137,1,300
122153,1,300
122193,1,300
122241,1,300
122292,1,300
122303,1,300
122316,1,300
122319,1,300
122343,1,300
122389,1,300
122423,1,300
122506,1,300
122519,1,300
122543,1,300
122573,1,300
122593,1,300
122615,1,300
122629,1,300
122661,1,300
122669,1,300
122671,1,300
122715,1,300
122731,1,300
122777,1,300
122792,1,300
122806,1,300
122824,1,300
122825,1,300
122879,1,300
122889,1,300
123018,1,300
123057,1,300
123096,1,300
123105,1,300
123112,1,300
123137,1,300
123147,1,300
123190,1,300
123238,1,300
123325,1,300
123345,1,300
123417,1,300
123420,1,300
123434,1,300
123532,1,300
123533,1,300
123534,1,300
123560,1,300
123649,1,300
123678,1,300
123688,1,300
123708,1,300
123748,1,300
123767,1,300
123787,1,300
123817,1,300
123818,1,300
123851,1,300
123930,1,300
124045,1,300
124055,1,300
124099,1,300
124115,1,300
124141,1,300
124144,1,300
124156,1,300
124167,1,300
124189,1,300
124205,1,300
124210,1,300
124337,1,300
124367,1,300
124438,1,300
124443,1,300
124465,1,300
124472,1,300
124511,1,300
124530,1,300
124551,1,300
124569,1,300
124599,1,300
124714,1,300
124761,1,300
124802,1,300
124858,1,300
124922,1,300
125001,1,300
125032,1,300
125042,1,300
125046,1,300
125103,1,300
125177,1,300
125230,1,300
125259,1,300
125292,1,300
125301,1,300
125412,1,300
125424,1,300
125431,1,300
125439,1,300
125453,1,300
125470,1,300
125500,1,300
125548,1,300
125597,1,300
125598,1,300
125609,1,300
125627,1,300
125671,1,300
125675,1,300
125724,1,300
125782,1,300
125838,1,300
125854,1,300
125915,1,300
126000,1,300
126012,1,300
126019,1,300
126036,1,300
126060,1,300
126063,1,300
126188,1,300
126192,1,300
126197,1,300
126216,1,300
126272,1,300
126315,1,300
126386,1,300
126399,1,300
126416,1,300
126448,1,300
126457,1,300
126482,1,300
126486,1,300
126536,1,300
126551,1,300
126633,1,300
126647,1,300
126679,1,300
126682,1,300
126698,1,300
126761,1,300
126815,1,300
126830,1,300
127071,1,300
127095,1,300
127140,1,300
127241,1,300
127274,1,300
127426,1,300
127433,1,300
127466,1,300
127547,1,300
127603,1,300
127623,1,300
127635,1,300
127638,1,300
127647,1,300
127658,1,300
127666,1,300
127681,1,300
127751,1,300
127778,1,300
127836,1,300
127846,1,300
127897,1,300
127968,1,300
127993,1,300
128017,1,300
128076,1,300
128132,1,300
128138,1,300
128164,1,300
128176,1,300
128180,1,300
128237,1,300
128310,1,300
128328,1,300
128333,1,300
128342,1,300
128391,1,300
128454,1,300
128474,1,300
128524,1,300
128566,1,300
128569,1,300
128579,1,300
128617,1,300
128624,1,300
128633,1,300
128658,1,300
128803,1,300
128826,1,300
128859,1,300
128875,1,300
128908,1,300
128936,1,300
129000,1,300
129012,1,300
129047,1,300
129080,1,300
129082,1,300
129086,1,300
129119,1,300
129142,1,300
129148,1,300
129188,1,300
129201,1,300
129217,1,300
129281,1,300
129312,1,300
129345,1,300
129360,1,300
129365,1,300
129367,1,300
129374,1,300
129379,1,300
129422,1,300
129424,1,300
129433,1,300
129472,1,300
129490,1,300
129516,1,300
129524,1,300
129554,1,300
129559,1,300
129654,1,300
129689,1,300
129764,1,300
129778,1,300
129925,1,300
130004,1,300
130019,1,300
130023,1,300
130028,1,300
130065,1,300
130176,1,300
130300,1,300
130381,1,300
130381,1,300
130390,1,300
130391,1,300
130515,1,300
130567,1,300
130608,1,300
130659,1,300
130686,1,300
130754,1,300
130817,1,300
131032,1,300
131040,1,300
131056,1,300
131100,1,300
131111,1,300
131138,1,300
131150,1,300
131200,1,300
131272,1,300
131322,1,300
131340,1,300
131345,1,300
131407,1,300
131409,1,300
131476,1,300
131496,1,300
131523,1,300
131570,1,300
131607,1,300
131766,1,300
131845,1,300
131885,1,300
131885,1,300
131900,1,300
131955,1,300
131962,1,300
131987,1,300
132082,1,300
132083,1,300
132106,1,300
132113,1,300
132129,1,300
132140,1,300
132208,1,300
132223,1,300
132292,1,300
132324,1,300
132331,1,300
132374,1,300
132399,1,300
132454,1,300
132488,1,300
132490,1,300
132494,1,300
132512,1,300
132525,1,300
132554,1,300
132564,1,300
132577,1,300
132610,1,300
133005,1,300
133027,1,300
133037,1,300
133081,1,300
133085,1,300
133121,1,300
133137,1,300
133185,1,300
133279,1,300
133284,1,300
133325,1,300
133474,1,300
133550,1,300
133596,1,300
133644,1,300
133651,1,300
134009,1,300
134056,1,300
134067,1,300
134069,1,300
134107,1,300
134133,1,300
134157,1,300
134233,1,300
134325,1,300
134407,1,300
134471,1,300
134549,1,300
134560,1,300
134596,1,300
134612,1,300
134625,1,300
134665,1,300
134686,1,300
134719,1,300
135037,1,300
135068,1,300
135068,1,300
135085,1,300
135142,1,300
135212,1,300
135242,1,300
135266,1,300
135278,1,300
135308,1,300
135313,1,300
135330,1,300
135373,1,300
135379,1,300
135414,1,300
135474,1,300
135485,1,300
135679,1,300
136013,1,300
136031,1,300
136055,1,300
136077,1,300
136120,1,300
136156,1,300
136302,1,300
136360,1,300
136422,1,300
136443,1,300
136527,1,300
136543,1,300
136608,1,300
136625,1,300
136866,1,300
136923,1,300
136933,1,300
136999,1,300
137083,1,300
137085,1,300
137092,1,300
137104,1,300
137137,1,300
137189,1,300
137226,1,300
137307,1,300
137384,1,300
137477,1,300
137499,1,300
137570,1,300
137580,1,300
137589,1,300
137674,1,300
137741,1,300
137789,1,300
137815,1,300
137970,1,300
137978,1,300
137995,1,300
138114,1,300
138201,1,300
138206,1,300
138212,1,300
138252,1,300
138339,1,300
138359,1,300
138379,1,300
138401,1,300
138419,1,300
138480,1,300
138524,1,300
138558,1,300
138579,1,300
138604,1,300
138689,1,300
138721,1,300
139011,1,300
139031,1,300
139123,1,300
139124,1,300
139133,1,300
139173,1,300
139237,1,300
139257,1,300
139271,1,300
139407,1,300
139551,1,300
139559,1,300
139574,1,300
139577,1,300
139605,1,300
139686,1,300
139698,1,300
139755,1,300
139803,1,300
140065,1,300
140116,1,300
140139,1,300
140235,1,300
140479,1,300
140503,1,300
140551,1,300
140786,1,300
141024,1,300
141058,1,300
141138,1,300
141154,1,300
141191,1,300
141226,1,300
141264,1,300
141299,1,300
141306,1,300
141307,1,300
141354,1,300
141453,1,300
141465,1,300
141480,1,300
141495,1,300
141496,1,300
141631,1,300
141650,1,300
141661,1,300
141706,1,300
141743,1,300
141773,1,300
141774,1,300
141846,1,300
141876,1,300
141983,1,300
141984,1,300
142001,1,300
142078,1,300
142139,1,300
142244,1,300
142257,1,300
142347,1,300
142491,1,300
142626,1,300
142629,1,300
142642,1,300
142649,1,300
142701,1,300
142721,1,300
142823,1,300
143086,1,300
143129,1,300
143139,1,300
143165,1,300
143181,1,300
143190,1,300
143275,1,300
143326,1,300
143464,1,300
143666,1,300
143870,1,300
143906,1,300
144009,1,300
144140,1,300
144155,1,300
144278,1,300
144288,1,300
144334,1,300
144350,1,300
144375,1,300
144433,1,300
144502,1,300
144545,1,300
144605,1,300
145010,1,300
145126,1,300
145170,1,300
145285,1,300
145302,1,300
145324,1,300
145339,1,300
145365,1,300
145368,1,300
145483,1,300
145550,1,300
145614,1,300
145721,1,300
145761,1,300
145806,1,300
146144,1,300
146333,1,300
146377,1,300
146405,1,300
146510,1,300
146546,1,300
146666,1,300
146761,1,300
146925,1,300
146942,1,300
147054,1,300
147096,1,300
147114,1,300
147160,1,300
147257,1,300
147311,1,300
147312,1,300
147321,1,300
147371,1,300
147560,1,300
147615,1,300
147635,1,300
147701,1,300
147989,1,300
148003,1,300
148007,1,300
148321,1,300
148417,1,300
148444,1,300
148591,1,300
148593,1,300
148595,1,300
148782,1,300
148788,1,300
148804,1,300
148824,1,300
148841,1,300
148968,1,300
149002,1,300
149043,1,300
149064,1,300
149442,1,300
149486,1,300
149495,1,300
149685,1,300
149699,1,300
149870,1,300
149903,1,300
150011,1,300
150018,1,300
150257,1,300
150325,1,300
150337,1,300
150448,1,300
150459,1,300
150538,1,300
150698,1,300
150815,1,300
151052,1,300
151095,1,300
151168,1,300
151217,1,300
151223,1,300
151365,1,300
151384,1,300
151425,1,300
151489,1,300
151543,1,300
151652,1,300
151703,1,300
152072,1,300
152182,1,300
152217,1,300
152311,1,300
152551,1,300
152558,1,300
153020,1,300
153055,1,300
153087,1,300
153113,1,300
153198,1,300
153291,1,300
153308,1,300
153450,1,300
153450,1,300
153561,1,300
153598,1,300
153681,1,300
153718,1,300
153846,1,300
153915,1,300
154032,1,300
154096,1,300
154125,1,300
154182,1,300
154264,1,300
154320,1,300
154476,1,300
154501,1,300
154596,1,300
154623,1,300
154624,1,300
154652,1,300
154680,1,300
154747,1,300
154788,1,300
154857,1,300
155018,1,300
155046,1,300
155056,1,300
155061,1,300
155084,1,300
155130,1,300
155137,1,300
155336,1,300
155361,1,300
155409,1,300
155455,1,300
156087,1,300
156172,1,300
156355,1,300
156355,1,300
156375,1,300
156507,1,300
156814,1,300
156966,1,300
156992,1,300
157107,1,300
157154,1,300
157211,1,300
157532,1,300
157653,1,300
157699,1,300
158090,1,300
158111,1,300
158128,1,300
158182,1,300
158279,1,300
158478,1,300
158516,1,300
158663,1,300
158677,1,300
158710,1,300
159019,1,300
159075,1,300
159141,1,300
159147,1,300
159230,1,300
159293,1,300
159575,1,300
159617,1,300
159627,1,300
159638,1,300
159755,1,300
160263,1,300
160353,1,300
160378,1,300
160391,1,300
160502,1,300
160566,1,300
160674,1,300
160683,1,300
160714,1,300
160754,1,300
160792,1,300
160820,1,300
160846,1,300
161029,1,300
161049,1,300
161590,1,300
161680,1,300
161879,1,300
161914,1,300
162288,1,300
162530,1,300
162577,1,300
162756,1,300
162894,1,300
163075,1,300
163245,1,300
163276,1,300
163295,1,300
163721,1,300
163886,1,300
164342,1,300
164362,1,300
164953,1,300
165045,1,300
165047,1,300
165119,1,300
165123,1,300
165128,1,300
165148,1,300
165153,1,300
165166,1,300
165303,1,300
165370,1,300
165402,1,300
165438,1,300
165442,1,300
165445,1,300
165551,1,300
165576,1,300
165611,1,300
165619,1,300
165669,1,300
165732,1,300
165798,1,300
165824,1,300
165880,1,300
165909,1,300
166157,1,300
166221,1,300
166241,1,300
166367,1,300
166402,1,300
166443,1,300
166748,1,300
166786,1,300
166860,1,300
166988,1,300
167030,1,300
167030,1,300
167062,1,300
167307,1,300
167382,1,300
167506,1,300
167509,1,300
167789,1,300
167800,1,300
167870,1,300
168018,1,300
168064,1,300
168261,1,300
168326,1,300
168450,1,300
168462,1,300
168547,1,300
168630,1,300
168677,1,300
168774,1,300
168873,1,300
169321,1,300
169596,1,300
169905,1,300
169914,1,300
170011,1,300
170034,1,300
170054,1,300
170125,1,300
170528,1,300
170582,1,300
170735,1,300
170748,1,300
170992,1,300
171120,1,300
171182,1,300
171196,1,300
171227,1,300
171252,1,300
171294,1,300
171445,1,300
171485,1,300
171665,1,300
172000,1,300
172104,1,300
172125,1,300
172343,1,300
172453,1,300
172514,1,300
172523,1,300
172545,1,300
172649,1,300
172669,1,300
173159,1,300
173191,1,300
173299,1,300
173377,1,300
173873,1,300
174105,1,300
174112,1,300
174259,1,300
174490,1,300
174543,1,300
174548,1,300
174969,1,300
175291,1,300
175580,1,300
175708,1,300
175929,1,300
176079,1,300
176287,1,300
176408,1,300
176424,1,300
176436,1,300
176530,1,300
176569,1,300
177004,1,300
177007,1,300
177074,1,300
177117,1,300
177185,1,300
177211,1,300
177214,1,300
177251,1,300
177261,1,300
177288,1,300
177295,1,300
177298,1,300
177337,1,300
177360,1,300
177366,1,300
177395,1,300
177455,1,300
177489,1,300
177522,1,300
177533,1,300
177697,1,300
177748,1,300
177759,1,300
177777,1,300
178036,1,300
178051,1,300
178180,1,300
178188,1,300
178290,1,300
178466,1,300
178623,1,300
178664,1,300
178822,1,300
179020,1,300
179036,1,300
179111,1,300
179287,1,300
179309,1,300
179313,1,300
179359,1,300
179403,1,300
179438,1,300
179588,1,300
179704,1,300
179765,1,300
179781,1,300
179811,1,300
180099,1,300
180100,1,300
180209,1,300
180309,1,300
180373,1,300
180400,1,300
180451,1,300
180595,1,300
182052,1,300
182080,1,300
182170,1,300
182214,1,300
182219,1,300
182235,1,300
182302,1,300
182354,1,300
182386,1,300
182416,1,300
182589,1,300
182610,1,300
182830,1,300
183126,1,300
183219,1,300
183247,1,300
183304,1,300
183504,1,300
183543,1,300
183562,1,300
183767,1,300
183787,1,300
184034,1,300
184075,1,300
184099,1,300
184100,1,300
184110,1,300
184120,1,300
184157,1,300
184340,1,300
184356,1,300
184393,1,300
184526,1,300
184551,1,300
184635,1,300
185062,1,300
185208,1,300
185368,1,300
185813,1,300
185819,1,300
186009,1,300
186062,1,300
186130,1,300
186206,1,300
186253,1,300
186257,1,300
186460,1,300
186517,1,300
186560,1,300
186564,1,300
186576,1,300
187192,1,300
187305,1,300
187334,1,300
187345,1,300
187747,1,300
187807,1,300
187989,1,300
188053,1,300
188099,1,300
188106,1,300
188107,1,300
188714,1,300
189012,1,300
189068,1,300
189077,1,300
189128,1,300
189139,1,300
189255,1,300
189353,1,300
189362,1,300
189396,1,300
189409,1,300
189446,1,300
189476,1,300
189593,1,300
189637,1,300
189648,1,300
189691,1,300
189712,1,300
189784,1,300
189939,1,300
189947,1,300
190014,1,300
190086,1,300
190149,1,300
190176,1,300
190185,1,300
190197,1,300
190338,1,300
190521,1,300
190737,1,300
190773,1,300
190855,1,300
191060,1,300
191251,1,300
191279,1,300
191314,1,300
191386,1,300
191507,1,300
191960,1,300
192037,1,300
192096,1,300
192117,1,300
192188,1,300
192273,1,300
192297,1,300
192351,1,300
192379,1,300
192402,1,300
192439,1,300
192495,1,300
192596,1,300
192678,1,300
192701,1,300
192747,1,300
193088,1,300
193173,1,300
193645,1,300
193773,1,300
193781,1,300
193818,1,300
193924,1,300
193966,1,300
194136,1,300
194255,1,300
194288,1,300
194461,1,300
194489,1,300
194549,1,300
194671,1,300
194773,1,300
194836,1,300
194850,1,300
194997,1,300
195131,1,300
195386,1,300
195412,1,300
195493,1,300
195591,1,300
195673,1,300
195714,1,300
195827,1,300
195854,1,300
196001,1,300
196022,1,300
196079,1,300
196096,1,300
196111,1,300
196142,1,300
196292,1,300
196587,1,300
196784,1,300
196911,1,300
197007,1,300
197020,1,300
197026,1,300
197067,1,300
197114,1,300
197176,1,300
197246,1,300
197259,1,300
197333,1,300
197634,1,300
198028,1,300
198237,1,300
198544,1,300
198565,1,300
198950,1,300
199015,1,300
199257,1,300
199263,1,300
199279,1,300
199525,1,300
199787,1,300
199855,1,300
200050,1,300
200073,1,300
200194,1,300
200223,1,300
200248,1,300
200298,1,300
200362,1,300
200415,1,300
201015,1,300
201016,1,300
201025,1,300
201037,1,300
201041,1,300
201161,1,300
201177,1,300
201246,1,300
201249,1,300
201325,1,300
201361,1,300
201431,1,300
201434,1,300
201464,1,300
201477,1,300
201525,1,300
201562,1,300
201578,1,300
201602,1,300
201612,1,300
201637,1,300
201671,1,300
201672,1,300
201673,1,300
201689,1,300
201743,1,300
201749,1,300
201778,1,300
201785,1,300
201836,1,300
201889,1,300
202035,1,300
202079,1,300
202137,1,300
202140,1,300
202204,1,300
202228,1,300
202390,1,300
202461,1,300
202601,1,300
202720,1,300
202793,1,300
202836,1,300
203150,1,300
203194,1,300
203289,1,300
203511,1,300
203584,1,300
203592,1,300
203734,1,300
203759,1,300
203888,1,300
203965,1,300
204053,1,300
204068,1,300
204149,1,300
204222,1,300
204228,1,300
204285,1,300
204467,1,300
204538,1,300
204547,1,300
204635,1,300
204649,1,300
204690,1,300
204765,1,300
204798,1,300
205168,1,300
205214,1,300
205290,1,300
205297,1,300
205349,1,300
205399,1,300
205544,1,300
205622,1,300
205676,1,300
205706,1,300
205727,1,300
206048,1,300
206183,1,300
206227,1,300
206285,1,300
206364,1,300
206456,1,300
206517,1,300
206614,1,300
206615,1,300
206634,1,300
206644,1,300
207082,1,300
207103,1,300
207320,1,300
207390,1,300
207409,1,300
207422,1,300
207425,1,300
207537,1,300
207740,1,300
207810,1,300
207815,1,300
207914,1,300
207971,1,300
208062,1,300
208067,1,300
208314,1,300
208320,1,300
208339,1,300
208396,1,300
208529,1,300
208604,1,300
208806,1,300
208906,1,300
209003,1,300
209143,1,300
209243,1,300
209355,1,300
209368,1,300
209408,1,300
209523,1,300
209795,1,300
210015,1,300
210044,1,300
210247,1,300
210484,1,300
210619,1,300
210628,1,300
210726,1,300
210824,1,300
210885,1,300
211351,1,300
211519,1,300
211624,1,300
211642,1,300
211706,1,300
211757,1,300
211915,1,300
211924,1,300
211937,1,300
212057,1,300
212101,1,300
212122,1,300
212135,1,300
212141,1,300
212265,1,300
212650,1,300
212720,1,300
212743,1,300
212797,1,300
212940,1,300
213074,1,300
213104,1,300
213184,1,300
213290,1,300
213313,1,300
213362,1,300
213435,1,300
213452,1,300
213458,1,300
213487,1,300
213493,1,300
213535,1,300
213562,1,300
213564,1,300
213570,1,300
213574,1,300
213579,1,300
213650,1,300
213666,1,300
213748,1,300
213783,1,300
213829,1,300
213851,1,300
213903,1,300
213927,1,300
213938,1,300
214011,1,300
214070,1,300
214161,1,300
214171,1,300
214261,1,300
214289,1,300
214303,1,300
214307,1,300
214540,1,300
214652,1,300
214725,1,300
214741,1,300
214792,1,300
214943,1,300
214943,1,300
214946,1,300
215028,1,300
215033,1,300
215044,1,300
215200,1,300
215295,1,300
215373,1,300
215383,1,300
215471,1,300
215519,1,300
215540,1,300
215627,1,300
215675,1,300
215676,1,300
215804,1,300
215961,1,300
215971,1,300
216054,1,300
216079,1,300
216101,1,300
216122,1,300
216142,1,300
216156,1,300
216208,1,300
216228,1,300
216263,1,300
216272,1,300
216303,1,300
216354,1,300
216409,1,300
217140,1,300
217263,1,300
217370,1,300
217442,1,300
217626,1,300
217778,1,300
217916,1,300
218001,1,300
218018,1,300
218071,1,300
218112,1,300
218218,1,300
218257,1,300
218273,1,300
218330,1,300
218344,1,300
218375,1,300
218544,1,300
218604,1,300
218649,1,300
218663,1,300
218753,1,300
218887,1,300
218908,1,300
218997,1,300
219446,1,300
219633,1,300
219862,1,300
220040,1,300
220082,1,300
220097,1,300
220114,1,300
220205,1,300
220259,1,300
220275,1,300
220301,1,300
220346,1,300
220400,1,300
220419,1,300
220433,1,300
220572,1,300
220595,1,300
220621,1,300
220643,1,300
220644,1,300
220737,1,300
220831,1,300
220837,1,300
220848,1,300
220890,1,300
220894,1,300
220908,1,300
220925,1,300
220929,1,300
221013,1,300
221087,1,300
221211,1,300
221251,1,300
221259,1,300
221285,1,300
221405,1,300
221617,1,300
221627,1,300
221680,1,300
221812,1,300
222011,1,300
222037,1,300
222066,1,300
222234,1,300
222343,1,300
222415,1,300
222466,1,300
222634,1,300
222731,1,300
222762,1,300
222923,1,300
222937,1,300
223006,1,300
223092,1,300
223104,1,300
223267,1,300
223284,1,300
223397,1,300
223513,1,300
223522,1,300
223532,1,300
223670,1,300
223695,1,300
223708,1,300
223721,1,300
223754,1,300
223759,1,300
224035,1,300
224066,1,300
224230,1,300
224246,1,300
224248,1,300
224291,1,300
224478,1,300
224540,1,300
224630,1,300
224856,1,300
224872,1,300
225002,1,300
225008,1,300
225032,1,300
225055,1,300
225071,1,300
225081,1,300
225088,1,300
225095,1,300
225135,1,300
225145,1,300
225176,1,300
225181,1,300
225224,1,300
225319,1,300
225353,1,300
225397,1,300
225465,1,300
225482,1,300
225487,1,300
225529,1,300
225530,1,300
225566,1,300
225643,1,300
225678,1,300
225731,1,300
225744,1,300
225765,1,300
225972,1,300
225986,1,300
226014,1,300
226022,1,300
226042,1,300
226049,1,300
226057,1,300
226066,1,300
226076,1,300
226084,1,300
226175,1,300
226177,1,300
226205,1,300
226223,1,300
226256,1,300
226264,1,300
226287,1,300
226291,1,300
226349,1,300
226404,1,300
226448,1,300
226524,1,300
226586,1,300
226632,1,300
226640,1,300
226673,1,300
226709,1,300
226717,1,300
226756,1,300
226773,1,300
226807,1,300
226850,1,300
226885,1,300
226896,1,300
227042,1,300
227045,1,300
227064,1,300
227101,1,300
227157,1,300
227166,1,300
227187,1,300
227227,1,300
227275,1,300
227302,1,300
227339,1,300
227398,1,300
227476,1,300
227552,1,300
227578,1,300
227640,1,300
227643,1,300
227660,1,300
227733,1,300
227748,1,300
227769,1,300
227775,1,300
227783,1,300
227820,1,300
227820,1,300
228051,1,300
228082,1,300
228147,1,300
228207,1,300
228216,1,300
228350,1,300
228396,1,300
228461,1,300
228516,1,300
228533,1,300
228649,1,300
228684,1,300
228690,1,300
228711,1,300
228832,1,300
228832,1,300
228864,1,300
228999,1,300
229000,1,300
229050,1,300
229059,1,300
229065,1,300
229075,1,300
229092,1,300
229107,1,300
229140,1,300
229157,1,300
229186,1,300
229258,1,300
229285,1,300
229294,1,300
229303,1,300
229321,1,300
229448,1,300
229485,1,300
229485,1,300
229604,1,300
229630,1,300
229641,1,300
229716,1,300
229787,1,300
229811,1,300
229910,1,300
229940,1,300
229941,1,300
229974,1,300
230020,1,300
230130,1,300
230172,1,300
230277,1,300
230488,1,300
230508,1,300
230516,1,300
230520,1,300
230569,1,300
230617,1,300
230679,1,300
230682,1,300
230818,1,300
230882,1,300
230893,1,300
230925,1,300
230943,1,300
231001,1,300
231046,1,300
231058,1,300
231065,1,300
231095,1,300
231105,1,300
231112,1,300
231113,1,300
231142,1,300
231147,1,300
231164,1,300
231174,1,300
231223,1,300
231223,1,300
231239,1,300
231281,1,300
231296,1,300
231339,1,300
231415,1,300
231441,1,300
231457,1,300
231479,1,300
231486,1,300
231488,1,300
231523,1,300
231538,1,300
231585,1,300
231640,1,300
231643,1,300
231737,1,300
231741,1,300
232048,1,300
232054,1,300
232165,1,300
232313,1,300
232324,1,300
232405,1,300
232594,1,300
232624,1,300
232716,1,300
232774,1,300
232882,1,300
232893,1,300
232905,1,300
232907,1,300
232927,1,300
233037,1,300
233097,1,300
233122,1,300
233127,1,300
233142,1,300
233174,1,300
233184,1,300
233195,1,300
233199,1,300
233215,1,300
233285,1,300
233298,1,300
233443,1,300
233450,1,300
233461,1,300
233469,1,300
233653,1,300
233706,1,300
233709,1,300
233755,1,300
233762,1,300
233808,1,300
233841,1,300
233932,1,300
233940,1,300
234002,1,300
234019,1,300
234031,1,300
234152,1,300
234201,1,300
234244,1,300
234248,1,300
234325,1,300
234352,1,300
234364,1,300
234452,1,300
234463,1,300
234470,1,300
234473,1,300
234476,1,300
234550,1,300
234600,1,300
234604,1,300
234645,1,300
235039,1,300
235052,1,300
235053,1,300
235112,1,300
235116,1,300
235128,1,300
235174,1,300
235289,1,300
235311,1,300
235330,1,300
235341,1,300
235346,1,300
235367,1,300
235409,1,300
235459,1,300
235464,1,300
235500,1,300
235664,1,300
235665,1,300
235676,1,300
235714,1,300
235729,1,300
236043,1,300
236075,1,300
236086,1,300
236090,1,300
236105,1,300
236247,1,300
236275,1,300
236292,1,300
236292,1,300
236302,1,300
236311,1,300
236387,1,300
236473,1,300
236532,1,300
236540,1,300
236584,1,300
236606,1,300
236625,1,300
236634,1,300
236663,1,300
236666,1,300
237076,1,300
237093,1,300
237110,1,300
237138,1,300
237162,1,300
237166,1,300
237169,1,300
237198,1,300
237252,1,300
237263,1,300
237266,1,300
237365,1,300
237409,1,300
237419,1,300
237440,1,300
237483,1,300
237484,1,300
237491,1,300
237571,1,300
237631,1,300
237636,1,300
237641,1,300
237645,1,300
237655,1,300
237656,1,300
237664,1,300
237673,1,300
237697,1,300
237698,1,300
237713,1,300
237748,1,300
237803,1,300
237876,1,300
237909,1,300
237964,1,300
238005,1,300
238021,1,300
238024,1,300
238024,1,300
238026,1,300
238031,1,300
238035,1,300
238039,1,300
238079,1,300
238126,1,300
238153,1,300
238211,1,300
238469,1,300
238524,1,300
238570,1,300
238580,1,300
238668,1,300
238690,1,300
238697,1,300
238794,1,300
238802,1,300
238824,1,300
238999,1,300
239000,1,300
239002,1,300
239021,1,300
239034,1,300
239039,1,300
239062,1,300
239072,1,300
239089,1,300
239124,1,300
239127,1,300
239150,1,300
239155,1,300
239178,1,300
239184,1,300
239197,1,300
239199,1,300
239223,1,300
239226,1,300
239244,1,300
239332,1,300
239473,1,300
239612,1,300
239630,1,300
239640,1,300
239641,1,300
239704,1,300
239717,1,300
239750,1,300
239823,1,300
239856,1,300
239861,1,300
239884,1,300
239887,1,300
239926,1,300
240000,1,300
240050,1,300
240110,1,300
240113,1,300
240127,1,300
240127,1,300
240127,1,300
240129,1,300
240228,1,300
240238,1,300
240277,1,300
240279,1,300
240303,1,300
240311,1,300
240357,1,300
240367,1,300
240435,1,300
240465,1,300
240578,1,300
240609,1,300
240614,1,300
240636,1,300
240643,1,300
240672,1,300
240736,1,300
240773,1,300
240790,1,300
240799,1,300
241005,1,300
241097,1,300
241110,1,300
241166,1,300
241201,1,300
241232,1,300
241251,1,300
241301,1,300
241459,1,300
241529,1,300
241604,1,300
241615,1,300
241615,1,300
241625,1,300
241710,1,300
241725,1,300
241756,1,300
241774,1,300
241896,1,300
241972,1,300
242004,1,300
242030,1,300
242040,1,300
242051,1,300
242055,1,300
242070,1,300
242088,1,300
242151,1,300
242157,1,300
242223,1,300
242439,1,300
242470,1,300
242512,1,300
242528,1,300
242530,1,300
242547,1,300
242552,1,300
242566,1,300
242568,1,300
242576,1,300
242607,1,300
242653,1,300
242688,1,300
242874,1,300
242905,1,300
242932,1,300
243025,1,300
243043,1,300
243072,1,300
243133,1,300
243155,1,300
243186,1,300
243195,1,300
243202,1,300
243232,1,300
243239,1,300
243276,1,300
243304,1,300
243341,1,300
243569,1,300
243569,1,300
243631,1,300
243865,1,300
243924,1,300
243974,1,300
243987,1,300
244002,1,300
244005,1,300
244063,1,300
244072,1,300
244073,1,300
244079,1,300
244101,1,300
244103,1,300
244130,1,300
244130,1,300
244136,1,300
244164,1,300
244241,1,300
244262,1,300
244298,1,300
244330,1,300
244357,1,300
244368,1,300
244399,1,300
244414,1,300
244502,1,300
244508,1,300
244522,1,300
244525,1,300
244537,1,300
244561,1,300
244576,1,300
244591,1,300
244685,1,300
244696,1,300
244716,1,300
244779,1,300
244818,1,300
244818,1,300
244956,1,300
245008,1,300
245064,1,300
245082,1,300
245143,1,300
245172,1,300
245225,1,300
245236,1,300
245396,1,300
245522,1,300
245558,1,300
245561,1,300
245663,1,300
245746,1,300
245870,1,300
245892,1,300
245898,1,300
245950,1,300
245979,1,300
246007,1,300
246067,1,300
246069,1,300
246071,1,300
246074,1,300
246095,1,300
246124,1,300
246164,1,300
246237,1,300
246255,1,300
246266,1,300
246282,1,300
246283,1,300
246284,1,300
246294,1,300
246328,1,300
246341,1,300
246358,1,300
246461,1,300
246521,1,300
246537,1,300
246576,1,300
246576,1,300
246615,1,300
246700,1,300
246829,1,300
247038,1,300
247047,1,300
247107,1,300
247112,1,300
247122,1,300
247136,1,300
247180,1,300
247183,1,300
247356,1,300
247374,1,300
247377,1,300
247424,1,300
247463,1,300
247525,1,300
247812,1,300
247814,1,300
247894,1,300
247928,1,300
247937,1,300
247965,1,300
248000,1,300
248081,1,300
248086,1,300
248138,1,300
248180,1,300
248220,1,300
248380,1,300
248446,1,300
248457,1,300
248553,1,300
248632,1,300
248711,1,300
248834,1,300
248877,1,300
248890,1,300
248932,1,300
248943,1,300
249030,1,300
249038,1,300
249043,1,300
249052,1,300
249088,1,300
249106,1,300
249126,1,300
249202,1,300
249294,1,300
249296,1,300
249348,1,300
249382,1,300
249443,1,300
249448,1,300
249493,1,300
249548,1,300
249580,1,300
249628,1,300
249638,1,300
249646,1,300
249669,1,300
249737,1,300
249746,1,300
249756,1,300
249803,1,300
249864,1,300
249887,1,300
249931,1,300
249943,1,300
249957,1,300
249968,1,300
249976,1,300
249980,1,300
250051,1,300
250067,1,300
250093,1,300
250127,1,300
250150,1,300
250178,1,300
250195,1,300
250271,1,300
250299,1,300
250400,1,300
250440,1,300
250551,1,300
250674,1,300
250695,1,300
250799,1,300
250822,1,300
250935,1,300
250957,1,300
251031,1,300
251125,1,300
251129,1,300
251134,1,300
251137,1,300
251142,1,300
251171,1,300
251180,1,300
251239,1,300
251240,1,300
251302,1,300
251344,1,300
251348,1,300
251440,1,300
251462,1,300
251489,1,300
251588,1,300
251599,1,300
251651,1,300
251741,1,300
251782,1,300
251950,1,300
252033,1,300
252101,1,300
252220,1,300
252385,1,300
252414,1,300
252431,1,300
252447,1,300
252494,1,300
252681,1,300
252743,1,300
252771,1,300
252773,1,300
252822,1,300
252828,1,300
252840,1,300
252849,1,300
252939,1,300
252945,1,300
252960,1,300
253010,1,300
253079,1,300
253097,1,300
253207,1,300
253207,1,300
253209,1,300
253214,1,300
253238,1,300
253262,1,300
253286,1,300
253453,1,300
253486,1,300
253530,1,300
253585,1,300
253607,1,300
253631,1,300
253822,1,300
253985,1,300
254000,1,300
254014,1,300
254047,1,300
254049,1,300
254063,1,300
254211,1,300
254222,1,300
254256,1,300
254303,1,300
254346,1,300
254476,1,300
254578,1,300
254641,1,300
254769,1,300
254779,1,300
254786,1,300
254791,1,300
254833,1,300
254880,1,300
254881,1,300
255112,1,300
255138,1,300
255164,1,300
255185,1,300
255204,1,300
255228,1,300
255253,1,300
255258,1,300
255330,1,300
255349,1,300
255416,1,300
255437,1,300
255481,1,300
255491,1,300
255582,1,300
255657,1,300
255783,1,300
255854,1,300
255887,1,300
255939,1,300
255942,1,300
256005,1,300
256020,1,300
256023,1,300
256032,1,300
256058,1,300
256078,1,300
256082,1,300
256106,1,300
256107,1,300
256139,1,300
256195,1,300
256243,1,300
256248,1,300
256388,1,300
256407,1,300
256486,1,300
256491,1,300
256667,1,300
256688,1,300
256707,1,300
256732,1,300
256740,1,300
256783,1,300
256879,1,300
256900,1,300
256927,1,300
256947,1,300
256964,1,300
257111,1,300
257117,1,300
257169,1,300
257223,1,300
257294,1,300
257309,1,300
257385,1,300
257386,1,300
257431,1,300
257437,1,300
257488,1,300
257544,1,300
257627,1,300
257722,1,300
257732,1,300
257754,1,300
257780,1,300
257813,1,300
258031,1,300
258081,1,300
258125,1,300
258183,1,300
258267,1,300
258279,1,300
258300,1,300
258343,1,300
258357,1,300
258360,1,300
258370,1,300
258440,1,300
258444,1,300
258478,1,300
258615,1,300
258672,1,300
258856,1,300
258858,1,300
258860,1,300
259006,1,300
259007,1,300
259009,1,300
259016,1,300
259173,1,300
259180,1,300
259193,1,300
259254,1,300
259254,1,300
259270,1,300
259345,1,300
259426,1,300
259464,1,300
259470,1,300
259723,1,300
259778,1,300
259797,1,300
259948,1,300
260031,1,300
260040,1,300
260056,1,300
260111,1,300
260164,1,300
260169,1,300
260171,1,300
260262,1,300
260287,1,300
260287,1,300
260407,1,300
260441,1,300
260445,1,300
260597,1,300
260697,1,300
260751,1,300
260777,1,300
261030,1,300
261032,1,300
261056,1,300
261095,1,300
261124,1,300
261301,1,300
261337,1,300
261407,1,300
261409,1,300
261460,1,300
261517,1,300
261558,1,300
261635,1,300
261656,1,300
261659,1,300
261701,1,300
261711,1,300
261722,1,300
261906,1,300
261963,1,300
261980,1,300
262005,1,300
262029,1,300
262058,1,300
262063,1,300
262147,1,300
262153,1,300
262187,1,300
262231,1,300
262240,1,300
262284,1,300
262307,1,300
262313,1,300
262316,1,300
262507,1,300
262658,1,300
262727,1,300
262843,1,300
262861,1,300
263088,1,300
263130,1,300
263450,1,300
263581,1,300
263698,1,300
264023,1,300
264052,1,300
264062,1,300
264074,1,300
264111,1,300
264116,1,300
264123,1,300
264124,1,300
264150,1,300
264179,1,300
264195,1,300
264201,1,300
264201,1,300
264214,1,300
264239,1,300
264259,1,300
264262,1,300
264319,1,300
264481,1,300
264517,1,300
264588,1,300
264766,1,300
264899,1,300
264927,1,300
264932,1,300
264966,1,300
265286,1,300
265461,1,300
265463,1,300
265589,1,300
266123,1,300
266204,1,300
266273,1,300
266283,1,300
266325,1,300
266332,1,300
266374,1,300
266389,1,300
266397,1,300
266520,1,300
266527,1,300
266586,1,300
266652,1,300
266754,1,300
266820,1,300
266850,1,300
266902,1,300
266942,1,300
267252,1,300
267268,1,300
267603,1,300
267605,1,300
267620,1,300
267794,1,300
267837,1,300
267910,1,300
268060,1,300
268099,1,300
268105,1,300
268149,1,300
268156,1,300
268323,1,300
268424,1,300
268588,1,300
268612,1,300
268659,1,300
268782,1,300
268942,1,300
269004,1,300
269100,1,300
269101,1,300
269119,1,300
269233,1,300
269241,1,300
269266,1,300
269291,1,300
269588,1,300
269593,1,300
270248,1,300
270305,1,300
270462,1,300
270501,1,300
270519,1,300
270527,1,300
270536,1,300
271078,1,300
271242,1,300
271264,1,300
271400,1,300
271436,1,300
271575,1,300
271979,1,300
272077,1,300
272089,1,300
272173,1,300
272310,1,300
272890,1,300
273134,1,300
273245,1,300
273298,1,300
273557,1,300
273561,1,300
273788,1,300
273793,1,300
274065,1,300
274107,1,300
274125,1,300
274130,1,300
274143,1,300
274148,1,300
274232,1,300
274319,1,300
274432,1,300
274658,1,300
275104,1,300
275205,1,300
275444,1,300
275786,1,300
275801,1,300
275830,1,300
275867,1,300
276031,1,300
276240,1,300
276687,1,300
276840,1,300
276934,1,300
277323,1,300
277472,1,300
277518,1,300
277840,1,300
277999,1,300
278090,1,300
278168,1,300
278436,1,300
278940,1,300
279011,1,300
279290,1,300
279384,1,300
279481,1,300
279639,1,300
280030,1,300
280495,1,300
280702,1,300
280853,1,300
281226,1,300
281354,1,300
281379,1,300
281561,1,300
281655,1,300
281881,1,300
282213,1,300
282227,1,300
282366,1,300
282707,1,300
282804,1,300
282873,1,300
282873,1,300
282978,1,300
283127,1,300
283389,1,300
283719,1,300
283723,1,300
283816,1,300
283822,1,300
284027,1,300
284041,1,300
284068,1,300
284076,1,300
284078,1,300
284141,1,300
284146,1,300
284204,1,300
284228,1,300
284314,1,300
284317,1,300
284339,1,300
284365,1,300
284381,1,300
284450,1,300
284475,1,300
284490,1,300
284529,1,300
284534,1,300
284549,1,300
284558,1,300
284710,1,300
284872,1,300
285214,1,300
285301,1,300
285309,1,300
285381,1,300
285707,1,300
285813,1,300
286016,1,300
286110,1,300
286148,1,300
286154,1,300
286229,1,300
286524,1,300
287094,1,300
287230,1,300
287562,1,300
287638,1,300
287889,1,300
288101,1,300
288228,1,300
288258,1,300
288277,1,300
288623,1,300
288627,1,300
288722,1,300
288723,1,300
289441,1,300
289897,1,300
290001,1,300
290004,1,300
290111,1,300
290442,1,300
290474,1,300
290479,1,300
290582,1,300
290790,1,300
291202,1,300
