139,1,225
167,1,225
179,1,225
298,1,225
314,1,225
751,1,225
786,1,225
802,1,225
819,1,225
1089,1,225
1370,1,225
1692,1,225
1953,1,225
2016,1,225
2021,1,225
2066,1,225
2337,1,225
2490,1,225
2548,1,225
2754,1,225
2856,1,225
3023,1,225
3238,1,225
3277,1,225
3420,1,225
3420,1,225
3525,1,225
3916,1,225
4073,1,225
4108,1,225
4176,1,225
4194,1,225
4267,1,225
4314,1,225
4358,1,225
4506,1,225
4582,1,225
4930,1,225
5009,1,225
5094,1,225
5406,1,225
5436,1,225
5466,1,225
5549,1,225
5553,1,225
6404,1,225
6430,1,225
6883,1,225
7070,1,225
7195,1,225
7237,1,225
7364,1,225
7369,1,225
7704,1,225
7792,1,225
7913,1,225
8162,1,225
8251,1,225
8282,1,225
8339,1,225
8676,1,225
9056,1,225
9101,1,225
9105,1,225
9173,1,225
9187,1,225
9267,1,225
9280,1,225
9304,1,225
9308,1,225
9484,1,225
9524,1,225
9544,1,225
9579,1,225
9590,1,225
9599,1,225
9647,1,225
9694,1,225
9825,1,225
10003,1,225
10068,1,225
10143,1,225
10304,1,225
10616,1,225
10704,1,225
10709,1,225
10766,1,225
10869,1,225
10991,1,225
11086,1,225
11092,1,225
11364,1,225
11367,1,225
11410,1,225
11495,1,225
11632,1,225
11684,1,225
11868,1,225
12276,1,225
12398,1,225
12407,1,225
12432,1,225
12526,1,225
12659,1,225
13013,1,225
13016,1,225
13094,1,225
13143,1,225
13743,1,225
13863,1,225
14013,1,225
14187,1,225
14318,1,225
14356,1,225
14431,1,225
14469,1,225
14512,1,225
14514,1,225
14581,1,225
14620,1,225
14679,1,225
14748,1,225
14852,1,225
14895,1,225
14959,1,225
15095,1,225
15284,1,225
15288,1,225
15342,1,225
15570,1,225
15770,1,225
16060,1,225
16166,1,225
16253,1,225
16280,1,225
16346,1,225
16453,1,225
16633,1,225
16830,1,225
16837,1,225
16983,1,225
17275,1,225
17934,1,225
18216,1,225
19176,1,225
19226,1,225
19452,1,225
19556,1,225
20236,1,225
20243,1,225
20361,1,225
20470,1,225
21045,1,225
21079,1,225
21096,1,225
21126,1,225
21185,1,225
21251,1,225
21255,1,225
21429,1,225
21478,1,225
21543,1,225
21683,1,225
21684,1,225
21869,1,225
21891,1,225
21927,1,225
21941,1,225
22001,1,225
22065,1,225
22157,1,225
22199,1,225
22209,1,225
22210,1,225
22279,1,225
22324,1,225
22351,1,225
22394,1,225
22428,1,225
22440,1,225
22442,1,225
22589,1,225
22708,1,225
22744,1,225
23057,1,225
23116,1,225
23396,1,225
23620,1,225
23733,1,225
23899,1,225
24009,1,225
24134,1,225
24159,1,225
24169,1,225
24258,1,225
24259,1,225
24412,1,225
24493,1,225
24509,1,225
24553,1,225
24581,1,225
25051,1,225
25186,1,225
25304,1,225
25318,1,225
25335,1,225
25347,1,225
25396,1,225
25425,1,225
25649,1,225
25739,1,225
25773,1,225
26244,1,225
26539,1,225
26618,1,225
27013,1,225
27041,1,225
27063,1,225
27072,1,225
27076,1,225
27144,1,225
27174,1,225
27251,1,225
27326,1,225
27459,1,225
27724,1,225
27860,1,225
27917,1,225
28032,1,225
28050,1,225
28235,1,225
28297,1,225
28365,1,225
28396,1,225
28771,1,225
29065,1,225
29078,1,225
29139,1,225
29215,1,225
29289,1,225
29301,1,225
29307,1,225
29368,1,225
29379,1,225
29500,1,225
29511,1,225
29749,1,225
29955,1,225
29967,1,225
30004,1,225
30063,1,225
30150,1,225
30178,1,225
30259,1,225
30368,1,225
31255,1,225
31255,1,225
31485,1,225
31503,1,225
31948,1,225
32122,1,225
32310,1,225
32337,1,225
32345,1,225
32397,1,225
32942,1,225
33052,1,225
33085,1,225
33134,1,225
33249,1,225
33278,1,225
33393,1,225
33433,1,225
33450,1,225
33496,1,225
33505,1,225
33562,1,225
33564,1,225
33569,1,225
33575,1,225
33585,1,225
33588,1,225
33629,1,225
33682,1,225
33691,1,225
33723,1,225
33920,1,225
33958,1,225
33998,1,225
34005,1,225
34007,1,225
34042,1,225
34051,1,225
34110,1,225
34195,1,225
34229,1,225
34234,1,225
34238,1,225
34245,1,225
34268,1,225
34361,1,225
34406,1,225
34447,1,225
34473,1,225
34501,1,225
34509,1,225
34625,1,225
34823,1,225
34853,1,225
34886,1,225
35025,1,225
35055,1,225
35097,1,225
35280,1,225
35408,1,225
35574,1,225
35763,1,225
35930,1,225
35932,1,225
36017,1,225
36113,1,225
36138,1,225
36193,1,225
36193,1,225
36194,1,225
36222,1,225
36284,1,225
36467,1,225
36490,1,225
36563,1,225
36673,1,225
36675,1,225
36776,1,225
36783,1,225
36873,1,225
36916,1,225
36933,1,225
36952,1,225
37152,1,225
37198,1,225
37204,1,225
37300,1,225
37359,1,225
37397,1,225
37418,1,225
37534,1,225
37658,1,225
38010,1,225
38012,1,225
38040,1,225
38080,1,225
38135,1,225
38217,1,225
38225,1,225
38269,1,225
38446,1,225
38558,1,225
38626,1,225
38648,1,225
38737,1,225
39148,1,225
39160,1,225
39247,1,225
39248,1,225
39317,1,225
39708,1,225
39809,1,225
39856,1,225
39897,1,225
40012,1,225
40024,1,225
40048,1,225
40058,1,225
40109,1,225
40134,1,225
40168,1,225
40174,1,225
40180,1,225
40346,1,225
40398,1,225
40520,1,225
40529,1,225
40557,1,225
40692,1,225
40694,1,225
40861,1,225
40909,1,225
40918,1,225
41089,1,225
41290,1,225
41372,1,225
41503,1,225
41531,1,225
41535,1,225
41703,1,225
41708,1,225
41712,1,225
41784,1,225
41790,1,225
41843,1,225
42063,1,225
42250,1,225
42463,1,225
42549,1,225
42550,1,225
42706,1,225
42755,1,225
42820,1,225
42950,1,225
43020,1,225
43030,1,225
43040,1,225
43045,1,225
43193,1,225
43345,1,225
43738,1,225
43759,1,225
43783,1,225
43982,1,225
43992,1,225
44029,1,225
44091,1,225
44210,1,225
44411,1,225
44420,1,225
44491,1,225
44519,1,225
44632,1,225
45025,1,225
45048,1,225
45049,1,225
45059,1,225
45104,1,225
45109,1,225
45109,1,225
45118,1,225
45173,1,225
45191,1,225
45195,1,225
45215,1,225
45238,1,225
45277,1,225
45280,1,225
45282,1,225
45360,1,225
45361,1,225
45374,1,225
45395,1,225
45404,1,225
45478,1,225
45533,1,225
45545,1,225
45562,1,225
45578,1,225
45587,1,225
45616,1,225
45617,1,225
45661,1,225
45704,1,225
45800,1,225
45818,1,225
45851,1,225
45874,1,225
45911,1,225
45938,1,225
46031,1,225
46035,1,225
46080,1,225
46105,1,225
46202,1,225
46269,1,225
46301,1,225
46345,1,225
46373,1,225
46440,1,225
46471,1,225
46489,1,225
46510,1,225
46530,1,225
46656,1,225
46680,1,225
46686,1,225
46716,1,225
46776,1,225
46823,1,225
46831,1,225
46866,1,225
46876,1,225
46934,1,225
46985,1,225
46997,1,225
47037,1,225
47044,1,225
47065,1,225
47086,1,225
47188,1,225
47200,1,225
47308,1,225
47321,1,225
47350,1,225
47381,1,225
47398,1,225
47400,1,225
47501,1,225
47555,1,225
47618,1,225
47647,1,225
47673,1,225
47718,1,225
47738,1,225
47785,1,225
47791,1,225
47791,1,225
47862,1,225
47891,1,225
47901,1,225
48002,1,225
48040,1,225
48059,1,225
48157,1,225
48176,1,225
48220,1,225
48229,1,225
48302,1,225
48331,1,225
48368,1,225
48514,1,225
48590,1,225
48626,1,225
48635,1,225
48662,1,225
48829,1,225
48831,1,225
48831,1,225
48859,1,225
48880,1,225
48918,1,225
48990,1,225
49007,1,225
49032,1,225
49037,1,225
49052,1,225
49074,1,225
49081,1,225
49193,1,225
49295,1,225
49298,1,225
49315,1,225
49498,1,225
49589,1,225
49708,1,225
49780,1,225
49791,1,225
49809,1,225
49898,1,225
49901,1,225
49903,1,225
49918,1,225
49936,1,225
49940,1,225
49962,1,225
49968,1,225
50004,1,225
50122,1,225
50136,1,225
50143,1,225
50195,1,225
50226,1,225
50228,1,225
50241,1,225
50324,1,225
50427,1,225
50473,1,225
50500,1,225
50588,1,225
50631,1,225
50634,1,225
50652,1,225
50660,1,225
50670,1,225
50697,1,225
50720,1,225
50760,1,225
50855,1,225
50870,1,225
50913,1,225
51028,1,225
51028,1,225
51039,1,225
51044,1,225
51126,1,225
51183,1,225
51211,1,225
51282,1,225
51340,1,225
51485,1,225
51505,1,225
51580,1,225
51604,1,225
51810,1,225
51881,1,225
51964,1,225
51975,1,225
52037,1,225
52051,1,225
52062,1,225
52087,1,225
52100,1,225
52116,1,225
52139,1,225
52169,1,225
52192,1,225
52195,1,225
52213,1,225
52217,1,225
52219,1,225
52274,1,225
52293,1,225
52339,1,225
52380,1,225
52411,1,225
52474,1,225
52510,1,225
52533,1,225
52560,1,225
52683,1,225
52795,1,225
52862,1,225
52974,1,225
53061,1,225
53078,1,225
53117,1,225
53123,1,225
53160,1,225
53164,1,225
53208,1,225
53237,1,225
53241,1,225
53242,1,225
53304,1,225
53311,1,225
53315,1,225
53315,1,225
53321,1,225
53338,1,225
53342,1,225
53345,1,225
53371,1,225
53440,1,225
53508,1,225
53528,1,225
53555,1,225
53617,1,225
53680,1,225
53693,1,225
53741,1,225
53861,1,225
54010,1,225
54065,1,225
54084,1,225
54092,1,225
54111,1,225
54120,1,225
54383,1,225
54401,1,225
54411,1,225
54473,1,225
54575,1,225
54631,1,225
54690,1,225
54711,1,225
54716,1,225
54738,1,225
54760,1,225
54766,1,225
54779,1,225
55055,1,225
55071,1,225
55149,1,225
55290,1,225
55328,1,225
55335,1,225
55358,1,225
55368,1,225
55459,1,225
55511,1,225
55522,1,225
55545,1,225
55549,1,225
55625,1,225
55636,1,225
55651,1,225
55666,1,225
55691,1,225
55705,1,225
55791,1,225
55823,1,225
55907,1,225
55946,1,225
55995,1,225
56000,1,225
56011,1,225
56035,1,225
56095,1,225
56125,1,225
56144,1,225
56187,1,225
56199,1,225
56249,1,225
56304,1,225
56305,1,225
56317,1,225
56344,1,225
56445,1,225
56451,1,225
56457,1,225
56480,1,225
56540,1,225
56608,1,225
56729,1,225
56829,1,225
56844,1,225
57007,1,225
57033,1,225
57038,1,225
57113,1,225
57159,1,225
57193,1,225
57194,1,225
57196,1,225
57303,1,225
57308,1,225
57324,1,225
57326,1,225
57343,1,225
57352,1,225
57358,1,225
57383,1,225
57385,1,225
57427,1,225
57429,1,225
57438,1,225
57445,1,225
57453,1,225
57530,1,225
57533,1,225
57566,1,225
57602,1,225
57606,1,225
57661,1,225
57668,1,225
57673,1,225
57682,1,225
57709,1,225
57739,1,225
57752,1,225
57784,1,225
57882,1,225
57919,1,225
57939,1,225
57947,1,225
58001,1,225
58006,1,225
58042,1,225
58052,1,225
58059,1,225
58075,1,225
58080,1,225
58090,1,225
58176,1,225
58187,1,225
58214,1,225
58250,1,225
58269,1,225
58297,1,225
58301,1,225
58359,1,225
58408,1,225
58409,1,225
58535,1,225
58540,1,225
58577,1,225
58584,1,225
58590,1,225
58599,1,225
58613,1,225
58641,1,225
58683,1,225
58685,1,225
58740,1,225
58760,1,225
58769,1,225
58823,1,225
58829,1,225
58844,1,225
58850,1,225
58901,1,225
58915,1,225
58927,1,225
59018,1,225
59084,1,225
59095,1,225
59200,1,225
59239,1,225
59251,1,225
59260,1,225
59286,1,225
59321,1,225
59356,1,225
59373,1,225
59424,1,225
59434,1,225
59462,1,225
59492,1,225
59493,1,225
59514,1,225
59522,1,225
59526,1,225
59546,1,225
59569,1,225
59579,1,225
59640,1,225
59684,1,225
59712,1,225
59737,1,225
59838,1,225
59880,1,225
59928,1,225
59976,1,225
60040,1,225
60047,1,225
60096,1,225
60134,1,225
60149,1,225
60174,1,225
60187,1,225
60236,1,225
60238,1,225
60249,1,225
60282,1,225
60293,1,225
60302,1,225
60320,1,225
60332,1,225
60367,1,225
60414,1,225
60437,1,225
60456,1,225
60461,1,225
60490,1,225
60548,1,225
60565,1,225
60583,1,225
60618,1,225
60626,1,225
60636,1,225
60647,1,225
60675,1,225
60692,1,225
60744,1,225
60753,1,225
61029,1,225
61041,1,225
61140,1,225
61268,1,225
61270,1,225
61274,1,225
61282,1,225
61297,1,225
61326,1,225
61328,1,225
61337,1,225
61351,1,225
61366,1,225
61369,1,225
61404,1,225
61409,1,225
61417,1,225
61427,1,225
61477,1,225
61487,1,225
61514,1,225
61539,1,225
61542,1,225
61587,1,225
61620,1,225
61652,1,225
61718,1,225
61725,1,225
61739,1,225
61745,1,225
61824,1,225
61829,1,225
62094,1,225
62114,1,225
62138,1,225
62157,1,225
62171,1,225
62182,1,225
62233,1,225
62322,1,225
62361,1,225
62370,1,225
62371,1,225
62381,1,225
62399,1,225
62418,1,225
62460,1,225
62466,1,225
62481,1,225
62485,1,225
62506,1,225
62513,1,225
62522,1,225
62525,1,225
62564,1,225
62571,1,225
62648,1,225
62701,1,225
62717,1,225
62722,1,225
62757,1,225
62807,1,225
62822,1,225
62899,1,225
63025,1,225
63033,1,225
63039,1,225
63045,1,225
63096,1,225
63107,1,225
63178,1,225
63211,1,225
63220,1,225
63338,1,225
63410,1,225
63411,1,225
63447,1,225
63490,1,225
63501,1,225
63507,1,225
63514,1,225
63540,1,225
63577,1,225
63581,1,225
63641,1,225
63710,1,225
63795,1,225
63933,1,225
63945,1,225
63947,1,225
63950,1,225
63982,1,225
64009,1,225
64014,1,225
64025,1,225
64026,1,225
64056,1,225
64070,1,225
64091,1,225
64091,1,225
64110,1,225
64112,1,225
64124,1,225
64139,1,225
64172,1,225
64180,1,225
64271,1,225
64294,1,225
64419,1,225
64424,1,225
64453,1,225
64507,1,225
64570,1,225
64653,1,225
64687,1,225
64728,1,225
64756,1,225
64758,1,225
64899,1,225
64958,1,225
64967,1,225
64967,1,225
65010,1,225
65052,1,225
65076,1,225
65090,1,225
65116,1,225
65127,1,225
65152,1,225
65162,1,225
65164,1,225
65175,1,225
65318,1,225
65320,1,225
65350,1,225
65377,1,225
65391,1,225
65399,1,225
65461,1,225
65461,1,225
65494,1,225
65504,1,225
65564,1,225
65568,1,225
65621,1,225
65672,1,225
65685,1,225
65688,1,225
65698,1,225
65714,1,225
65722,1,225
65747,1,225
65755,1,225
65797,1,225
65812,1,225
65813,1,225
65826,1,225
65935,1,225
66002,1,225
66018,1,225
66025,1,225
66043,1,225
66092,1,225
66137,1,225
66211,1,225
66215,1,225
66218,1,225
66229,1,225
66244,1,225
66263,1,225
66293,1,225
66306,1,225
66320,1,225
66358,1,225
66363,1,225
66368,1,225
66382,1,225
66396,1,225
66485,1,225
66496,1,225
66503,1,225
66613,1,225
66616,1,225
66663,1,225
66694,1,225
66694,1,225
66744,1,225
66818,1,225
66832,1,225
67004,1,225
67014,1,225
67069,1,225
67077,1,225
67096,1,225
67135,1,225
67167,1,225
67206,1,225
67219,1,225
67234,1,225
67241,1,225
67277,1,225
67284,1,225
67299,1,225
67321,1,225
67348,1,225
67412,1,225
67423,1,225
67428,1,225
67467,1,225
67552,1,225
67643,1,225
67672,1,225
67688,1,225
67698,1,225
67773,1,225
67791,1,225
67813,1,225
67817,1,225
67972,1,225
68070,1,225
68121,1,225
68172,1,225
68177,1,225
68238,1,225
68275,1,225
68291,1,225
68298,1,225
68331,1,225
68335,1,225
68370,1,225
68412,1,225
68440,1,225
68460,1,225
68480,1,225
68497,1,225
68548,1,225
68606,1,225
68612,1,225
68645,1,225
68651,1,225
68654,1,225
68729,1,225
68737,1,225
68779,1,225
68794,1,225
68825,1,225
68825,1,225
68889,1,225
68929,1,225
68981,1,225
69000,1,225
69000,1,225
69027,1,225
69031,1,225
69079,1,225
69096,1,225
69099,1,225
69112,1,225
69118,1,225
69125,1,225
69128,1,225
69154,1,225
69173,1,225
69181,1,225
69193,1,225
69194,1,225
69222,1,225
69241,1,225
69247,1,225
69263,1,225
69268,1,225
69322,1,225
69361,1,225
69419,1,225
69447,1,225
69449,1,225
69453,1,225
69461,1,225
69463,1,225
69477,1,225
69480,1,225
69487,1,225
69506,1,225
69516,1,225
69541,1,225
69550,1,225
69560,1,225
69604,1,225
69635,1,225
69670,1,225
69671,1,225
69675,1,225
69686,1,225
69687,1,225
69727,1,225
69739,1,225
69749,1,225
69760,1,225
69764,1,225
69767,1,225
69774,1,225
69781,1,225
69799,1,225
69822,1,225
69859,1,225
69885,1,225
69901,1,225
69913,1,225
69915,1,225
69931,1,225
69933,1,225
69945,1,225
70002,1,225
70004,1,225
70004,1,225
70029,1,225
70030,1,225
70040,1,225
70042,1,225
70088,1,225
70130,1,225
70139,1,225
70145,1,225
70149,1,225
70166,1,225
70174,1,225
70185,1,225
70207,1,225
70228,1,225
70230,1,225
70245,1,225
70286,1,225
70306,1,225
70344,1,225
70375,1,225
70378,1,225
70477,1,225
70511,1,225
70512,1,225
70515,1,225
70523,1,225
70529,1,225
70539,1,225
70631,1,225
70641,1,225
70671,1,225
70706,1,225
70724,1,225
70731,1,225
70761,1,225
70781,1,225
70838,1,225
70848,1,225
70875,1,225
70881,1,225
70905,1,225
70908,1,225
70919,1,225
70931,1,225
70938,1,225
71039,1,225
71056,1,225
71061,1,225
71083,1,225
71100,1,225
71132,1,225
71161,1,225
71173,1,225
71223,1,225
71227,1,225
71227,1,225
71248,1,225
71260,1,225
71316,1,225
71316,1,225
71321,1,225
71336,1,225
71368,1,225
71383,1,225
71389,1,225
71468,1,225
71482,1,225
71504,1,225
71513,1,225
71547,1,225
71560,1,225
71639,1,225
71667,1,225
71718,1,225
71750,1,225
71763,1,225
71816,1,225
71821,1,225
71865,1,225
71874,1,225
71957,1,225
72003,1,225
72016,1,225
72030,1,225
72036,1,225
72061,1,225
72071,1,225
72130,1,225
72138,1,225
72147,1,225
72151,1,225
72154,1,225
72199,1,225
72208,1,225
72231,1,225
72263,1,225
72266,1,225
72269,1,225
72292,1,225
72323,1,225
72326,1,225
72328,1,225
72329,1,225
72361,1,225
72374,1,225
72410,1,225
72418,1,225
72457,1,225
72470,1,225
72614,1,225
72635,1,225
72638,1,225
72643,1,225
72644,1,225
72650,1,225
72677,1,225
72681,1,225
72685,1,225
72694,1,225
72751,1,225
72776,1,225
72779,1,225
72797,1,225
72800,1,225
72820,1,225
72877,1,225
72912,1,225
72922,1,225
72923,1,225
72949,1,225
72968,1,225
72969,1,225
72989,1,225
72998,1,225
73000,1,225
73000,1,225
73003,1,225
73009,1,225
73010,1,225
73012,1,225
73016,1,225
73020,1,225
73037,1,225
73071,1,225
73087,1,225
73163,1,225
73195,1,225
73252,1,225
73260,1,225
73263,1,225
73279,1,225
73326,1,225
73330,1,225
73357,1,225
73361,1,225
73392,1,225
73394,1,225
73418,1,225
73477,1,225
73499,1,225
73541,1,225
73543,1,225
73547,1,225
73565,1,225
73631,1,225
73696,1,225
73706,1,225
73744,1,225
73746,1,225
73878,1,225
73890,1,225
73898,1,225
73947,1,225
73950,1,225
73974,1,225
73989,1,225
74016,1,225
74029,1,225
74043,1,225
74061,1,225
74061,1,225
74065,1,225
74065,1,225
74067,1,225
74080,1,225
74086,1,225
74090,1,225
74124,1,225
74126,1,225
74134,1,225
74160,1,225
74182,1,225
74231,1,225
74246,1,225
74250,1,225
74256,1,225
74274,1,225
74280,1,225
74283,1,225
74347,1,225
74370,1,225
74373,1,225
74375,1,225
74386,1,225
74443,1,225
74451,1,225
74465,1,225
74473,1,225
74482,1,225
74484,1,225
74495,1,225
74557,1,225
74578,1,225
74633,1,225
74663,1,225
74686,1,225
74687,1,225
74729,1,225
74732,1,225
74744,1,225
74747,1,225
74752,1,225
74759,1,225
74792,1,225
74802,1,225
74803,1,225
74832,1,225
75030,1,225
75039,1,225
75069,1,225
75071,1,225
75077,1,225
75133,1,225
75136,1,225
75145,1,225
75158,1,225
75164,1,225
75170,1,225
75175,1,225
75180,1,225
75204,1,225
75219,1,225
75223,1,225
75226,1,225
75232,1,225
75276,1,225
75324,1,225
75350,1,225
75354,1,225
75380,1,225
75410,1,225
75428,1,225
75445,1,225
75467,1,225
75479,1,225
75536,1,225
75547,1,225
75550,1,225
75569,1,225
75574,1,225
75617,1,225
75620,1,225
75632,1,225
75658,1,225
75659,1,225
75670,1,225
75683,1,225
75697,1,225
75716,1,225
75752,1,225
75759,1,225
75787,1,225
76004,1,225
76019,1,225
76039,1,225
76040,1,225
76040,1,225
76070,1,225
76097,1,225
76101,1,225
76126,1,225
76150,1,225
76185,1,225
76187,1,225
76189,1,225
76195,1,225
76201,1,225
76210,1,225
76211,1,225
76218,1,225
76223,1,225
76225,1,225
76240,1,225
76245,1,225
76281,1,225
76295,1,225
76348,1,225
76382,1,225
76400,1,225
76412,1,225
76413,1,225
76473,1,225
76488,1,225
76491,1,225
76510,1,225
76538,1,225
76568,1,225
76627,1,225
76687,1,225
76772,1,225
76778,1,225
76795,1,225
76800,1,225
76812,1,225
76831,1,225
76876,1,225
77061,1,225
77072,1,225
77090,1,225
77114,1,225
77170,1,225
77170,1,225
77173,1,225
77191,1,225
77240,1,225
77255,1,225
77256,1,225
77299,1,225
77341,1,225
77353,1,225
77369,1,225
77396,1,225
77399,1,225
77400,1,225
77402,1,225
77444,1,225
77459,1,225
77506,1,225
77525,1,225
77554,1,225
77591,1,225
77593,1,225
77640,1,225
77664,1,225
77686,1,225
77746,1,225
77766,1,225
77804,1,225
77807,1,225
77814,1,225
77818,1,225
77881,1,225
77884,1,225
77932,1,225
77946,1,225
77978,1,225
77984,1,225
77999,1,225
78046,1,225
78055,1,225
78060,1,225
78062,1,225
78092,1,225
78099,1,225
78115,1,225
78120,1,225
78138,1,225
78147,1,225
78153,1,225
78186,1,225
78186,1,225
78187,1,225
78233,1,225
78238,1,225
78248,1,225
78271,1,225
78340,1,225
78376,1,225
78402,1,225
78452,1,225
78468,1,225
78498,1,225
78511,1,225
78522,1,225
78524,1,225
78548,1,225
78549,1,225
78582,1,225
78623,1,225
78673,1,225
78674,1,225
78708,1,225
78740,1,225
78747,1,225
78757,1,225
78791,1,225
78815,1,225
78833,1,225
78846,1,225
78851,1,225
78858,1,225
78906,1,225
78913,1,225
78918,1,225
79007,1,225
79064,1,225
79114,1,225
79121,1,225
79187,1,225
79190,1,225
79255,1,225
79277,1,225
79293,1,225
79293,1,225
79349,1,225
79367,1,225
79390,1,225
79473,1,225
79487,1,225
79512,1,225
79582,1,225
79616,1,225
79628,1,225
79631,1,225
79632,1,225
79670,1,225
79727,1,225
79739,1,225
79786,1,225
79839,1,225
79850,1,225
79881,1,225
79959,1,225
79964,1,225
79964,1,225
79990,1,225
79993,1,225
80001,1,225
80003,1,225
80019,1,225
80023,1,225
80055,1,225
80059,1,225
80065,1,225
80070,1,225
80073,1,225
80073,1,225
80077,1,225
80093,1,225
80098,1,225
80105,1,225
80107,1,225
80137,1,225
80146,1,225
80148,1,225
80149,1,225
80214,1,225
80255,1,225
80335,1,225
80375,1,225
80384,1,225
80396,1,225
80409,1,225
80460,1,225
80474,1,225
80475,1,225
80476,1,225
80481,1,225
80482,1,225
80506,1,225
80627,1,225
80665,1,225
80678,1,225
80681,1,225
80698,1,225
80702,1,225
80709,1,225
80728,1,225
80729,1,225
80781,1,225
80791,1,225
80828,1,225
80830,1,225
80835,1,225
80843,1,225
80864,1,225
80867,1,225
80873,1,225
80901,1,225
81035,1,225
81037,1,225
81073,1,225
81078,1,225
81088,1,225
81117,1,225
81123,1,225
81129,1,225
81140,1,225
81142,1,225
81155,1,225
81162,1,225
81167,1,225
81219,1,225
81223,1,225
81232,1,225
81256,1,225
81295,1,225
81312,1,225
81313,1,225
81330,1,225
81334,1,225
81357,1,225
81360,1,225
81363,1,225
81404,1,225
81415,1,225
81417,1,225
81461,1,225
81473,1,225
81529,1,225
81535,1,225
81557,1,225
81566,1,225
81581,1,225
81611,1,225
81614,1,225
81649,1,225
81658,1,225
81667,1,225
81679,1,225
81705,1,225
81720,1,225
81730,1,225
81738,1,225
81740,1,225
81757,1,225
81768,1,225
81769,1,225
81780,1,225
81783,1,225
81784,1,225
81799,1,225
81822,1,225
81840,1,225
81854,1,225
81864,1,225
81876,1,225
81887,1,225
81889,1,225
81914,1,225
81934,1,225
82016,1,225
82019,1,225
82108,1,225
82112,1,225
82142,1,225
82177,1,225
82183,1,225
82209,1,225
82211,1,225
82253,1,225
82282,1,225
82289,1,225
82296,1,225
82338,1,225
82355,1,225
82371,1,225
82371,1,225
82398,1,225
82440,1,225
82479,1,225
82489,1,225
82511,1,225
82541,1,225
82559,1,225
82564,1,225
82596,1,225
82607,1,225
82659,1,225
82676,1,225
82701,1,225
82724,1,225
82742,1,225
82752,1,225
82752,1,225
82784,1,225
82785,1,225
82806,1,225
82818,1,225
82835,1,225
82854,1,225
82875,1,225
82910,1,225
82912,1,225
82953,1,225
82960,1,225
82964,1,225
82983,1,225
83016,1,225
83034,1,225
83036,1,225
83049,1,225
83051,1,225
83053,1,225
83074,1,225
83079,1,225
83107,1,225
83165,1,225
83198,1,225
83251,1,225
83267,1,225
83291,1,225
83332,1,225
83335,1,225
83347,1,225
83414,1,225
83437,1,225
83457,1,225
83471,1,225
83485,1,225
83491,1,225
83494,1,225
83496,1,225
83521,1,225
83541,1,225
83572,1,225
83576,1,225
83585,1,225
83608,1,225
83608,1,225
83626,1,225
83659,1,225
83675,1,225
83707,1,225
83711,1,225
83714,1,225
83770,1,225
83811,1,225
83819,1,225
83823,1,225
83830,1,225
83850,1,225
83855,1,225
83870,1,225
83876,1,225
83890,1,225
83895,1,225
83908,1,225
83925,1,225
83962,1,225
83966,1,225
83983,1,225
84013,1,225
84014,1,225
84035,1,225
84117,1,225
84151,1,225
84197,1,225
84199,1,225
84227,1,225
84256,1,225
84291,1,225
84292,1,225
84304,1,225
84367,1,225
84407,1,225
84433,1,225
84449,1,225
84468,1,225
84501,1,225
84514,1,225
84586,1,225
84618,1,225
84626,1,225
84630,1,225
84631,1,225
84636,1,225
84657,1,225
84672,1,225
84685,1,225
84718,1,225
84727,1,225
84741,1,225
84750,1,225
84769,1,225
84791,1,225
84866,1,225
84896,1,225
84897,1,225
84898,1,225
84906,1,225
84911,1,225
84914,1,225
84930,1,225
84996,1,225
85001,1,225
85004,1,225
85020,1,225
85022,1,225
85024,1,225
85032,1,225
85037,1,225
85042,1,225
85064,1,225
85075,1,225
85080,1,225
85082,1,225
85084,1,225
85086,1,225
85093,1,225
85099,1,225
85099,1,225
85101,1,225
85103,1,225
85104,1,225
85107,1,225
85132,1,225
85134,1,225
85146,1,225
85148,1,225
85149,1,225
85149,1,225
85166,1,225
85190,1,225
85203,1,225
85204,1,225
85218,1,225
85234,1,225
85241,1,225
85250,1,225
85262,1,225
85265,1,225
85293,1,225
85302,1,225
85322,1,225
85345,1,225
85363,1,225
85400,1,225
85429,1,225
85445,1,225
85458,1,225
85479,1,225
85483,1,225
85510,1,225
85536,1,225
85548,1,225
85596,1,225
85630,1,225
85649,1,225
85680,1,225
85690,1,225
86004,1,225
86019,1,225
86036,1,225
86065,1,225
86078,1,225
86101,1,225
86123,1,225
86125,1,225
86178,1,225
86192,1,225
86202,1,225
86217,1,225
86226,1,225
86248,1,225
86279,1,225
86292,1,225
86307,1,225
86324,1,225
86324,1,225
86352,1,225
86368,1,225
86375,1,225
86397,1,225
86416,1,225
86439,1,225
86456,1,225
86457,1,225
86491,1,225
86510,1,225
86553,1,225
86561,1,225
86625,1,225
86630,1,225
86630,1,225
86648,1,225
86664,1,225
86668,1,225
86687,1,225
86701,1,225
86717,1,225
86772,1,225
86782,1,225
86806,1,225
86824,1,225
86837,1,225
86845,1,225
86943,1,225
86965,1,225
86975,1,225
87022,1,225
87029,1,225
87072,1,225
87096,1,225
87138,1,225
87144,1,225
87166,1,225
87171,1,225
87177,1,225
87212,1,225
87216,1,225
87245,1,225
87254,1,225
87265,1,225
87281,1,225
87304,1,225
87336,1,225
87351,1,225
87358,1,225
87365,1,225
87383,1,225
87389,1,225
87423,1,225
87427,1,225
87430,1,225
87448,1,225
87471,1,225
87480,1,225
87492,1,225
87523,1,225
87533,1,225
87533,1,225
87540,1,225
87553,1,225
87556,1,225
87593,1,225
87648,1,225
87691,1,225
87717,1,225
87752,1,225
87770,1,225
87795,1,225
87846,1,225
87889,1,225
87945,1,225
87998,1,225
87999,1,225
88015,1,225
88056,1,225
88081,1,225
88090,1,225
88091,1,225
88098,1,225
88099,1,225
88104,1,225
88106,1,225
88116,1,225
88132,1,225
88137,1,225
88149,1,225
88236,1,225
88238,1,225
88247,1,225
88255,1,225
88257,1,225
88265,1,225
88270,1,225
88283,1,225
88287,1,225
88310,1,225
88316,1,225
88342,1,225
88344,1,225
88372,1,225
88375,1,225
88387,1,225
88398,1,225
88421,1,225
88453,1,225
88495,1,225
88511,1,225
88526,1,225
88544,1,225
88571,1,225
88595,1,225
88609,1,225
88641,1,225
88661,1,225
88667,1,225
88697,1,225
88768,1,225
88799,1,225
88810,1,225
88814,1,225
88827,1,225
88840,1,225
88843,1,225
88856,1,225
88856,1,225
88927,1,225
88934,1,225
89030,1,225
89042,1,225
89053,1,225
89070,1,225
89080,1,225
89094,1,225
89094,1,225
89108,1,225
89108,1,225
89112,1,225
89120,1,225
89141,1,225
89141,1,225
89163,1,225
89199,1,225
89200,1,225
89201,1,225
89242,1,225
89245,1,225
89303,1,225
89324,1,225
89335,1,225
89360,1,225
89380,1,225
89395,1,225
89423,1,225
89446,1,225
89451,1,225
89468,1,225
89483,1,225
89511,1,225
89591,1,225
89596,1,225
89625,1,225
89642,1,225
89656,1,225
89659,1,225
89669,1,225
89682,1,225
89687,1,225
89706,1,225
89721,1,225
89727,1,225
89729,1,225
89755,1,225
89773,1,225
89786,1,225
89798,1,225
89822,1,225
90007,1,225
90008,1,225
90016,1,225
90017,1,225
90056,1,225
90100,1,225
90102,1,225
90117,1,225
90181,1,225
90190,1,225
90210,1,225
90249,1,225
90254,1,225
90283,1,225
90312,1,225
90323,1,225
90346,1,225
90357,1,225
90361,1,225
90376,1,225
90384,1,225
90385,1,225
90409,1,225
90414,1,225
90416,1,225
90442,1,225
90452,1,225
90511,1,225
90521,1,225
90533,1,225
90537,1,225
90566,1,225
90586,1,225
90621,1,225
90639,1,225
90647,1,225
90665,1,225
90676,1,225
90749,1,225
90777,1,225
90787,1,225
90791,1,225
90793,1,225
90855,1,225
90871,1,225
90886,1,225
91006,1,225
91020,1,225
91048,1,225
91098,1,225
91099,1,225
91109,1,225
91154,1,225
91155,1,225
91164,1,225
91164,1,225
91171,1,225
91202,1,225
91238,1,225
91244,1,225
91256,1,225
91292,1,225
91300,1,225
91314,1,225
91339,1,225
91345,1,225
91373,1,225
91389,1,225
91392,1,225
91397,1,225
91400,1,225
91419,1,225
91426,1,225
91443,1,225
91447,1,225
91481,1,225
91521,1,225
91549,1,225
91555,1,225
91563,1,225
91615,1,225
91622,1,225
91689,1,225
91722,1,225
91729,1,225
91740,1,225
91773,1,225
91788,1,225
91832,1,225
91853,1,225
91873,1,225
91877,1,225
91879,1,225
91901,1,225
91914,1,225
92051,1,225
92105,1,225
92121,1,225
92149,1,225
92191,1,225
92264,1,225
92266,1,225
92280,1,225
92281,1,225
92291,1,225
92298,1,225
92347,1,225
92367,1,225
92383,1,225
92390,1,225
92395,1,225
92406,1,225
92461,1,225
92487,1,225
92487,1,225
92495,1,225
92513,1,225
92514,1,225
92526,1,225
92560,1,225
92590,1,225
92594,1,225
92623,1,225
92679,1,225
92685,1,225
92696,1,225
92729,1,225
92752,1,225
92754,1,225
92754,1,225
92760,1,225
92809,1,225
92823,1,225
92834,1,225
92840,1,225
92855,1,225
92903,1,225
92904,1,225
92915,1,225
92919,1,225
92921,1,225
92934,1,225
93030,1,225
93062,1,225
93065,1,225
93087,1,225
93090,1,225
93129,1,225
93131,1,225
93136,1,225
93162,1,225
93185,1,225
93187,1,225
93191,1,225
93193,1,225
93202,1,225
93212,1,225
93243,1,225
93252,1,225
93264,1,225
93278,1,225
93334,1,225
93338,1,225
93338,1,225
93352,1,225
93353,1,225
93356,1,225
93356,1,225
93358,1,225
93368,1,225
93396,1,225
93399,1,225
93406,1,225
93407,1,225
93422,1,225
93429,1,225
93436,1,225
93438,1,225
93440,1,225
93443,1,225
93482,1,225
93485,1,225
93516,1,225
93533,1,225
93553,1,225
93570,1,225
93574,1,225
93586,1,225
93597,1,225
93617,1,225
93633,1,225
93659,1,225
93670,1,225
93689,1,225
93692,1,225
93698,1,225
93707,1,225
93715,1,225
93718,1,225
93728,1,225
93731,1,225
93754,1,225
93828,1,225
93846,1,225
93849,1,225
93889,1,225
93889,1,225
93904,1,225
93916,1,225
93931,1,225
93932,1,225
93933,1,225
93935,1,225
93937,1,225
93941,1,225
93952,1,225
94000,1,225
94017,1,225
94022,1,225
94026,1,225
94039,1,225
94061,1,225
94063,1,225
94069,1,225
94104,1,225
94113,1,225
94115,1,225
94127,1,225
94163,1,225
94179,1,225
94211,1,225
94227,1,225
94228,1,225
94265,1,225
94282,1,225
94298,1,225
94319,1,225
94338,1,225
94353,1,225
94354,1,225
94367,1,225
94388,1,225
94422,1,225
94456,1,225
94475,1,225
94537,1,225
94616,1,225
94635,1,225
94651,1,225
94693,1,225
94705,1,225
94706,1,225
94714,1,225
94724,1,225
94755,1,225
94778,1,225
94800,1,225
94801,1,225
94807,1,225
94811,1,225
94830,1,225
94830,1,225
94831,1,225
94835,1,225
94842,1,225
94850,1,225
94856,1,225
94857,1,225
94871,1,225
94876,1,225
95025,1,225
95060,1,225
95062,1,225
95070,1,225
95072,1,225
95072,1,225
95096,1,225
95144,1,225
95162,1,225
95167,1,225
95175,1,225
95266,1,225
95268,1,225
95273,1,225
95278,1,225
95334,1,225
95409,1,225
95415,1,225
95442,1,225
95456,1,225
95466,1,225
95473,1,225
95476,1,225
95477,1,225
95547,1,225
95558,1,225
95694,1,225
95707,1,225
95728,1,225
95741,1,225
95779,1,225
95780,1,225
95790,1,225
95798,1,225
95807,1,225
95811,1,225
95828,1,225
95829,1,225
95843,1,225
95854,1,225
95896,1,225
95911,1,225
95916,1,225
95926,1,225
95970,1,225
95976,1,225
95991,1,225
95996,1,225
96019,1,225
96027,1,225
96051,1,225
96052,1,225
96060,1,225
96070,1,225
96096,1,225
96112,1,225
96128,1,225
96188,1,225
96206,1,225
96227,1,225
96234,1,225
96239,1,225
96267,1,225
96272,1,225
96284,1,225
96289,1,225
96309,1,225
96355,1,225
96356,1,225
96426,1,225
96449,1,225
96455,1,225
96458,1,225
96502,1,225
96520,1,225
96523,1,225
96547,1,225
96552,1,225
96597,1,225
96600,1,225
96603,1,225
96648,1,225
96665,1,225
96701,1,225
96722,1,225
96731,1,225
96744,1,225
96790,1,225
96798,1,225
96804,1,225
96811,1,225
96811,1,225
96906,1,225
96928,1,225
96976,1,225
97020,1,225
97024,1,225
97028,1,225
97028,1,225
97053,1,225
97059,1,225
97074,1,225
97081,1,225
97097,1,225
97107,1,225
97113,1,225
97119,1,225
97136,1,225
97162,1,225
97166,1,225
97169,1,225
97186,1,225
97196,1,225
97198,1,225
97205,1,225
97209,1,225
97214,1,225
97228,1,225
97231,1,225
97310,1,225
97316,1,225
97352,1,225
97352,1,225
97355,1,225
97376,1,225
97382,1,225
97399,1,225
97415,1,225
97461,1,225
97462,1,225
97546,1,225
97574,1,225
97578,1,225
97607,1,225
97638,1,225
97700,1,225
97706,1,225
97737,1,225
97759,1,225
97775,1,225
97786,1,225
97798,1,225
97802,1,225
97803,1,225
97819,1,225
97820,1,225
97827,1,225
97878,1,225
97892,1,225
97928,1,225
97952,1,225
97963,1,225
97971,1,225
97994,1,225
98015,1,225
98017,1,225
98075,1,225
98090,1,225
98092,1,225
98183,1,225
98188,1,225
98193,1,225
98221,1,225
98229,1,225
98231,1,225
98262,1,225
98296,1,225
98340,1,225
98344,1,225
98357,1,225
98365,1,225
98387,1,225
98388,1,225
98473,1,225
98482,1,225
98483,1,225
98488,1,225
98545,1,225
98637,1,225
98642,1,225
98657,1,225
98718,1,225
98719,1,225
98737,1,225
98742,1,225
98744,1,225
98755,1,225
98778,1,225
98787,1,225
98819,1,225
98824,1,225
98839,1,225
98841,1,225
98846,1,225
98866,1,225
98875,1,225
98894,1,225
98943,1,225
98947,1,225
98959,1,225
99006,1,225
99007,1,225
99027,1,225
99031,1,225
99047,1,225
99051,1,225
99067,1,225
99092,1,225
99107,1,225
99138,1,225
99139,1,225
99161,1,225
99179,1,225
99191,1,225
99233,1,225
99259,1,225
99264,1,225
99283,1,225
99286,1,225
99286,1,225
99297,1,225
99327,1,225
99336,1,225
99343,1,225
99345,1,225
99392,1,225
99405,1,225
99432,1,225
99486,1,225
99503,1,225
99515,1,225
99533,1,225
99556,1,225
99558,1,225
99563,1,225
99563,1,225
99599,1,225
99635,1,225
99651,1,225
99664,1,225
99671,1,225
99695,1,225
99703,1,225
99706,1,225
99708,1,225
99759,1,225
99921,1,225
99930,1,225
99933,1,225
99969,1,225
99971,1,225
100005,1,225
100030,1,225
100037,1,225
100038,1,225
100044,1,225
100047,1,225
100063,1,225
100081,1,225
100083,1,225
100151,1,225
100170,1,225
100184,1,225
100199,1,225
100213,1,225
100213,1,225
100250,1,225
100261,1,225
100278,1,225
100298,1,225
100315,1,225
100327,1,225
100341,1,225
100342,1,225
100356,1,225
100365,1,225
100369,1,225
100384,1,225
100440,1,225
100504,1,225
100526,1,225
100531,1,225
100544,1,225
100549,1,225
100593,1,225
100615,1,225
100621,1,225
100659,1,225
100668,1,225
100678,1,225
100685,1,225
100690,1,225
100698,1,225
100699,1,225
100716,1,225
100727,1,225
100769,1,225
100802,1,225
100806,1,225
100813,1,225
100844,1,225
100861,1,225
100863,1,225
101002,1,225
101009,1,225
101021,1,225
101054,1,225
101056,1,225
101083,1,225
101133,1,225
101161,1,225
101171,1,225
101223,1,225
101226,1,225
101228,1,225
101237,1,225
101305,1,225
101380,1,225
101400,1,225
101435,1,225
101513,1,225
101520,1,225
101525,1,225
101563,1,225
101564,1,225
101583,1,225
101628,1,225
101647,1,225
101723,1,225
101807,1,225
101814,1,225
101815,1,225
101859,1,225
101868,1,225
101884,1,225
101896,1,225
101933,1,225
101944,1,225
101951,1,225
102009,1,225
102010,1,225
102013,1,225
102014,1,225
102016,1,225
102034,1,225
102035,1,225
102074,1,225
102076,1,225
102083,1,225
102085,1,225
102103,1,225
102104,1,225
102114,1,225
102128,1,225
102241,1,225
102246,1,225
102248,1,225
102279,1,225
102290,1,225
102305,1,225
102307,1,225
102326,1,225
102327,1,225
102331,1,225
102367,1,225
102388,1,225
102421,1,225
102433,1,225
102445,1,225
102488,1,225
102509,1,225
102537,1,225
102539,1,225
102567,1,225
102574,1,225
102577,1,225
102643,1,225
102661,1,225
102668,1,225
102673,1,225
102692,1,225
102694,1,225
102728,1,225
102764,1,225
102765,1,225
102776,1,225
102783,1,225
102900,1,225
102924,1,225
102930,1,225
102963,1,225
102972,1,225
103004,1,225
103005,1,225
103016,1,225
103035,1,225
103042,1,225
103057,1,225
103078,1,225
103126,1,225
103136,1,225
103165,1,225
103184,1,225
103201,1,225
103219,1,225
103242,1,225
103242,1,225
103243,1,225
103271,1,225
103283,1,225
103287,1,225
103368,1,225
103409,1,225
103478,1,225
103508,1,225
103550,1,225
103562,1,225
103581,1,225
103595,1,225
103617,1,225
103635,1,225
103640,1,225
103642,1,225
103658,1,225
103732,1,225
103739,1,225
103751,1,225
103753,1,225
103799,1,225
103831,1,225
103928,1,225
103929,1,225
103938,1,225
103964,1,225
103981,1,225
103984,1,225
103988,1,225
103995,1,225
104028,1,225
104029,1,225
104089,1,225
104099,1,225
104130,1,225
104189,1,225
104215,1,225
104221,1,225
104239,1,225
104306,1,225
104307,1,225
104336,1,225
104338,1,225
104351,1,225
104360,1,225
104369,1,225
104372,1,225
104374,1,225
104376,1,225
104407,1,225
104446,1,225
104472,1,225
104483,1,225
104490,1,225
104492,1,225
104520,1,225
104581,1,225
104602,1,225
104615,1,225
104654,1,225
104665,1,225
104740,1,225
104788,1,225
104803,1,225
104838,1,225
104840,1,225
104853,1,225
104883,1,225
104888,1,225
104896,1,225
104917,1,225
104918,1,225
104922,1,225
105009,1,225
105011,1,225
105033,1,225
105074,1,225
105096,1,225
105096,1,225
105112,1,225
105138,1,225
105145,1,225
105175,1,225
105216,1,225
105223,1,225
105231,1,225
105259,1,225
105261,1,225
105262,1,225
105268,1,225
105271,1,225
105282,1,225
105283,1,225
105298,1,225
105298,1,225
105318,1,225
105325,1,225
105340,1,225
105344,1,225
105345,1,225
105366,1,225
105368,1,225
105385,1,225
105401,1,225
105407,1,225
105412,1,225
105437,1,225
105462,1,225
105502,1,225
105504,1,225
105522,1,225
105530,1,225
105552,1,225
105559,1,225
105572,1,225
105579,1,225
105587,1,225
105725,1,225
105738,1,225
105741,1,225
105774,1,225
105802,1,225
105810,1,225
105873,1,225
105898,1,225
105898,1,225
105907,1,225
106022,1,225
106026,1,225
106043,1,225
106059,1,225
106130,1,225
106139,1,225
106184,1,225
106188,1,225
106244,1,225
106248,1,225
106254,1,225
106264,1,225
106311,1,225
106322,1,225
106322,1,225
106326,1,225
106339,1,225
106391,1,225
106403,1,225
106424,1,225
106428,1,225
106448,1,225
106515,1,225
106522,1,225
106526,1,225
106575,1,225
106587,1,225
106670,1,225
106730,1,225
106875,1,225
106878,1,225
106908,1,225
106920,1,225
106933,1,225
106935,1,225
106942,1,225
106953,1,225
106968,1,225
106970,1,225
106975,1,225
106991,1,225
107008,1,225
107019,1,225
107042,1,225
107087,1,225
107104,1,225
107117,1,225
107165,1,225
107177,1,225
107177,1,225
107224,1,225
107262,1,225
107310,1,225
107331,1,225
107470,1,225
107499,1,225
107522,1,225
107524,1,225
107533,1,225
107597,1,225
107610,1,225
107682,1,225
107729,1,225
107741,1,225
107757,1,225
107770,1,225
107788,1,225
107846,1,225
107884,1,225
107906,1,225
107907,1,225
107970,1,225
108007,1,225
108012,1,225
108023,1,225
108061,1,225
108064,1,225
108069,1,225
108072,1,225
108106,1,225
108115,1,225
108127,1,225
108170,1,225
108184,1,225
108207,1,225
108214,1,225
108219,1,225
108254,1,225
108265,1,225
108281,1,225
108297,1,225
108356,1,225
108582,1,225
108614,1,225
108620,1,225
108621,1,225
108686,1,225
108765,1,225
108847,1,225
108850,1,225
108895,1,225
108901,1,225
108927,1,225
108941,1,225
108950,1,225
108973,1,225
109002,1,225
109005,1,225
109016,1,225
109017,1,225
109039,1,225
109057,1,225
109067,1,225
109070,1,225
109075,1,225
109087,1,225
109092,1,225
109096,1,225
109102,1,225
109107,1,225
109120,1,225
109123,1,225
109125,1,225
109129,1,225
109143,1,225
109150,1,225
109151,1,225
109158,1,225
109203,1,225
109223,1,225
109252,1,225
109282,1,225
109336,1,225
109340,1,225
109345,1,225
109367,1,225
109369,1,225
109433,1,225
109466,1,225
109466,1,225
109514,1,225
109542,1,225
109549,1,225
109623,1,225
109632,1,225
109636,1,225
109659,1,225
109669,1,225
109715,1,225
109725,1,225
109747,1,225
109764,1,225
109798,1,225
110028,1,225
110046,1,225
110101,1,225
110108,1,225
110162,1,225
110164,1,225
110183,1,225
110189,1,225
110198,1,225
110224,1,225
110225,1,225
110250,1,225
110254,1,225
110264,1,225
110312,1,225
110313,1,225
110333,1,225
110359,1,225
110370,1,225
110391,1,225
110407,1,225
110438,1,225
110466,1,225
110479,1,225
110492,1,225
110534,1,225
110640,1,225
110689,1,225
110723,1,225
110750,1,225
110769,1,225
110784,1,225
110816,1,225
110819,1,225
110820,1,225
110827,1,225
110857,1,225
110873,1,225
110882,1,225
111006,1,225
111046,1,225
111063,1,225
111093,1,225
111100,1,225
111125,1,225
111158,1,225
111193,1,225
111252,1,225
111262,1,225
111270,1,225
111283,1,225
111311,1,225
111318,1,225
111324,1,225
111336,1,225
111352,1,225
111399,1,225
111405,1,225
111420,1,225
111421,1,225
111447,1,225
111473,1,225
111508,1,225
111510,1,225
111528,1,225
111528,1,225
111571,1,225
111578,1,225
111580,1,225
111580,1,225
111637,1,225
111653,1,225
111695,1,225
111762,1,225
111763,1,225
111779,1,225
111803,1,225
111819,1,225
112056,1,225
112068,1,225
112076,1,225
112105,1,225
112124,1,225
112151,1,225
112161,1,225
112162,1,225
112188,1,225
112253,1,225
112254,1,225
112261,1,225
112346,1,225
112371,1,225
112383,1,225
112390,1,225
112432,1,225
112460,1,225
112461,1,225
112478,1,225
112512,1,225
112512,1,225
112534,1,225
112675,1,225
112677,1,225
112724,1,225
112744,1,225
112754,1,225
112783,1,225
112845,1,225
112903,1,225
112904,1,225
112931,1,225
112933,1,225
112939,1,225
112995,1,225
113011,1,225
113046,1,225
113052,1,225
113061,1,225
113081,1,225
113110,1,225
113177,1,225
113181,1,225
113196,1,225
113198,1,225
113229,1,225
113339,1,225
113398,1,225
113416,1,225
113440,1,225
113502,1,225
113544,1,225
113547,1,225
113558,1,225
113591,1,225
113603,1,225
113640,1,225
113669,1,225
113683,1,225
113683,1,225
113688,1,225
113703,1,225
113737,1,225
113755,1,225
113837,1,225
113926,1,225
113926,1,225
114010,1,225
114011,1,225
114030,1,225
114037,1,225
114055,1,225
114060,1,225
114079,1,225
114101,1,225
114102,1,225
114102,1,225
114149,1,225
114158,1,225
114173,1,225
114185,1,225
114204,1,225
114216,1,225
114237,1,225
114239,1,225
114285,1,225
114341,1,225
114363,1,225
114383,1,225
114437,1,225
114447,1,225
114468,1,225
114469,1,225
114475,1,225
114523,1,225
114527,1,225
114538,1,225
114548,1,225
114654,1,225
114812,1,225
114841,1,225
114907,1,225
114950,1,225
115008,1,225
115016,1,225
115019,1,225
115053,1,225
115060,1,225
115061,1,225
115109,1,225
115131,1,225
115168,1,225
115170,1,225
115195,1,225
115201,1,225
115213,1,225
115225,1,225
115242,1,225
115242,1,225
115267,1,225
115313,1,225
115603,1,225
115612,1,225
115619,1,225
115627,1,225
115694,1,225
115697,1,225
115707,1,225
115796,1,225
115797,1,225
115820,1,225
115848,1,225
115915,1,225
116015,1,225
116018,1,225
116023,1,225
116038,1,225
116071,1,225
116080,1,225
116096,1,225
116101,1,225
116101,1,225
116113,1,225
116121,1,225
116134,1,225
116159,1,225
116178,1,225
116195,1,225
116212,1,225
116248,1,225
116266,1,225
116274,1,225
116306,1,225
116323,1,225
116337,1,225
116341,1,225
116352,1,225
116355,1,225
116361,1,225
116385,1,225
116389,1,225
116410,1,225
116464,1,225
116501,1,225
116505,1,225
116511,1,225
116513,1,225
116524,1,225
116536,1,225
116542,1,225
116566,1,225
116598,1,225
116603,1,225
116604,1,225
116690,1,225
116696,1,225
116704,1,225
117005,1,225
117014,1,225
117029,1,225
117053,1,225
117061,1,225
117126,1,225
117180,1,225
117190,1,225
117203,1,225
117272,1,225
117276,1,225
117337,1,225
117340,1,225
117345,1,225
117361,1,225
117372,1,225
117444,1,225
117522,1,225
117542,1,225
117547,1,225
117557,1,225
117582,1,225
117602,1,225
117623,1,225
117652,1,225
117692,1,225
117708,1,225
117733,1,225
117739,1,225
117758,1,225
117758,1,225
117780,1,225
117803,1,225
117869,1,225
117882,1,225
117918,1,225
117982,1,225
117995,1,225
118008,1,225
118084,1,225
118118,1,225
118124,1,225
118153,1,225
118170,1,225
118215,1,225
118223,1,225
118229,1,225
118266,1,225
118282,1,225
118340,1,225
118387,1,225
118495,1,225
118511,1,225
118520,1,225
118535,1,225
118552,1,225
118584,1,225
118750,1,225
118786,1,225
118838,1,225
118910,1,225
118937,1,225
118969,1,225
118979,1,225
119011,1,225
119035,1,225
119058,1,225
119074,1,225
119122,1,225
119152,1,225
119153,1,225
119194,1,225
119200,1,225
119218,1,225
119363,1,225
119439,1,225
119446,1,225
119591,1,225
119633,1,225
119643,1,225
119647,1,225
119801,1,225
119803,1,225
119830,1,225
119870,1,225
119881,1,225
119938,1,225
119983,1,225
120005,1,225
120008,1,225
120020,1,225
120041,1,225
120075,1,225
120087,1,225
120092,1,225
120093,1,225
120103,1,225
120109,1,225
120119,1,225
120127,1,225
120150,1,225
120167,1,225
120180,1,225
120198,1,225
120201,1,225
120208,1,225
120233,1,225
120294,1,225
120407,1,225
120409,1,225
120410,1,225
120413,1,225
120416,1,225
120520,1,225
120521,1,225
120609,1,225
120825,1,225
120932,1,225
120959,1,225
121009,1,225
121037,1,225
121048,1,225
121225,1,225
121264,1,225
121308,1,225
121342,1,225
121363,1,225
121385,1,225
121435,1,225
121485,1,225
121492,1,225
121497,1,225
121525,1,225
121571,1,225
121577,1,225
121602,1,225
121660,1,225
121677,1,225
121700,1,225
121742,1,225
121750,1,225
121771,1,225
121787,1,225
121841,1,225
121892,1,225
122007,1,225
122088,1,225
122119,1,225
122123,1,225
122124,1,225
122184,1,225
122185,1,225
122210,1,225
122234,1,225
122235,1,225
122258,1,225
122275,1,225
122278,1,225
122376,1,225
122407,1,225
122418,1,225
122424,1,225
122428,1,225
122526,1,225
122565,1,225
122610,1,225
122663,1,225
122757,1,225
122797,1,225
122835,1,225
122838,1,225
123171,1,225
123189,1,225
123272,1,225
123299,1,225
123351,1,225
123378,1,225
123388,1,225
123398,1,225
123428,1,225
123461,1,225
123487,1,225
123583,1,225
123593,1,225
123728,1,225
123758,1,225
123816,1,225
123909,1,225
123914,1,225
123917,1,225
123950,1,225
123966,1,225
123973,1,225
123986,1,225
124051,1,225
124069,1,225
124100,1,225
124134,1,225
124148,1,225
124171,1,225
124224,1,225
124228,1,225
124384,1,225
124401,1,225
124425,1,225
124449,1,225
124459,1,225
124628,1,225
124640,1,225
124642,1,225
124688,1,225
124692,1,225
124692,1,225
124808,1,225
124928,1,225
124931,1,225
124977,1,225
124979,1,225
125012,1,225
125059,1,225
125078,1,225
125078,1,225
125097,1,225
125117,1,225
125160,1,225
125238,1,225
125253,1,225
125290,1,225
125330,1,225
125345,1,225
125397,1,225
125429,1,225
125503,1,225
125526,1,225
125535,1,225
125614,1,225
125642,1,225
125664,1,225
125706,1,225
125826,1,225
125837,1,225
125865,1,225
125878,1,225
126081,1,225
126171,1,225
126346,1,225
126425,1,225
126466,1,225
126638,1,225
126641,1,225
126703,1,225
126704,1,225
126711,1,225
126719,1,225
126809,1,225
126841,1,225
126848,1,225
126884,1,225
126959,1,225
126966,1,225
126999,1,225
127048,1,225
127051,1,225
127051,1,225
127059,1,225
127098,1,225
127104,1,225
127170,1,225
127172,1,225
127212,1,225
127224,1,225
127259,1,225
127270,1,225
127270,1,225
127282,1,225
127368,1,225
127377,1,225
127390,1,225
127404,1,225
127520,1,225
127613,1,225
127752,1,225
127840,1,225
127987,1,225
128021,1,225
128122,1,225
128140,1,225
128169,1,225
128207,1,225
128213,1,225
128246,1,225
128260,1,225
128301,1,225
128313,1,225
128347,1,225
128432,1,225
128537,1,225
128678,1,225
128760,1,225
128799,1,225
128819,1,225
128871,1,225
129030,1,225
129088,1,225
129162,1,225
129180,1,225
129183,1,225
129184,1,225
129224,1,225
129232,1,225
129237,1,225
129249,1,225
129292,1,225
129297,1,225
129321,1,225
129349,1,225
129360,1,225
129374,1,225
129451,1,225
129497,1,225
129523,1,225
129582,1,225
129638,1,225
129690,1,225
129744,1,225
129788,1,225
129869,1,225
129894,1,225
129896,1,225
129904,1,225
129905,1,225
129964,1,225
130001,1,225
130022,1,225
130026,1,225
130044,1,225
130056,1,225
130072,1,225
130081,1,225
130093,1,225
130204,1,225
130209,1,225
130367,1,225
130439,1,225
130457,1,225
130580,1,225
130658,1,225
130782,1,225
130795,1,225
130835,1,225
130869,1,225
130878,1,225
130898,1,225
130898,1,225
130899,1,225
130910,1,225
130931,1,225
131027,1,225
131049,1,225
131200,1,225
131222,1,225
131245,1,225
131255,1,225
131291,1,225
131297,1,225
131319,1,225
131400,1,225
131404,1,225
131414,1,225
131552,1,225
131557,1,225
131569,1,225
131622,1,225
131626,1,225
131648,1,225
131671,1,225
132010,1,225
132054,1,225
132058,1,225
132073,1,225
132113,1,225
132143,1,225
132144,1,225
132149,1,225
132189,1,225
132295,1,225
132417,1,225
132498,1,225
132567,1,225
132595,1,225
132596,1,225
132619,1,225
132628,1,225
132772,1,225
133032,1,225
133123,1,225
133138,1,225
133242,1,225
133253,1,225
133275,1,225
133324,1,225
133368,1,225
133530,1,225
133573,1,225
133576,1,225
133603,1,225
133706,1,225
133857,1,225
134074,1,225
134216,1,225
134364,1,225
134382,1,225
134400,1,225
134411,1,225
134536,1,225
134613,1,225
134907,1,225
134911,1,225
134952,1,225
135007,1,225
135019,1,225
135086,1,225
135105,1,225
135105,1,225
135133,1,225
135133,1,225
135146,1,225
135191,1,225
135215,1,225
135254,1,225
135268,1,225
135282,1,225
135293,1,225
135300,1,225
135303,1,225
135317,1,225
135371,1,225
135404,1,225
135448,1,225
136001,1,225
136032,1,225
136075,1,225
136115,1,225
136180,1,225
136215,1,225
136338,1,225
136342,1,225
136446,1,225
136457,1,225
136461,1,225
136474,1,225
136525,1,225
136587,1,225
136635,1,225
136712,1,225
136713,1,225
137022,1,225
137071,1,225
137159,1,225
137248,1,225
137264,1,225
137324,1,225
137348,1,225
137375,1,225
137395,1,225
137414,1,225
137434,1,225
137508,1,225
137562,1,225
137653,1,225
137835,1,225
138021,1,225
138147,1,225
138298,1,225
138523,1,225
138596,1,225
138626,1,225
138696,1,225
138722,1,225
138760,1,225
138775,1,225
138776,1,225
138785,1,225
138793,1,225
138894,1,225
138903,1,225
139015,1,225
139020,1,225
139186,1,225
139249,1,225
139334,1,225
139472,1,225
139568,1,225
139576,1,225
139659,1,225
139698,1,225
139727,1,225
139731,1,225
139835,1,225
139885,1,225
139906,1,225
139913,1,225
140132,1,225
140133,1,225
140233,1,225
140279,1,225
140312,1,225
140338,1,225
140482,1,225
140883,1,225
140900,1,225
141033,1,225
141096,1,225
141101,1,225
141138,1,225
141156,1,225
141168,1,225
141238,1,225
141268,1,225
141419,1,225
141435,1,225
141536,1,225
141539,1,225
141544,1,225
141709,1,225
141742,1,225
141747,1,225
141870,1,225
141931,1,225
142045,1,225
142091,1,225
142123,1,225
142129,1,225
142138,1,225
142544,1,225
142591,1,225
142701,1,225
142785,1,225
142839,1,225
142938,1,225
142982,1,225
143017,1,225
143147,1,225
143198,1,225
143252,1,225
143355,1,225
143442,1,225
143481,1,225
143706,1,225
143793,1,225
143816,1,225
143852,1,225
143898,1,225
144154,1,225
144211,1,225
144312,1,225
144454,1,225
144528,1,225
144629,1,225
144650,1,225
144898,1,225
145036,1,225
145073,1,225
145150,1,225
145213,1,225
145255,1,225
145340,1,225
145443,1,225
145495,1,225
145717,1,225
145830,1,225
145882,1,225
145969,1,225
146110,1,225
146141,1,225
146158,1,225
146228,1,225
146253,1,225
146273,1,225
146288,1,225
146295,1,225
146338,1,225
146391,1,225
146727,1,225
146812,1,225
146893,1,225
147008,1,225
147020,1,225
147051,1,225
147066,1,225
147114,1,225
147275,1,225
147299,1,225
147427,1,225
147659,1,225
147779,1,225
147871,1,225
148028,1,225
148052,1,225
148170,1,225
148220,1,225
148310,1,225
148373,1,225
148387,1,225
148468,1,225
148682,1,225
148789,1,225
148869,1,225
148932,1,225
148960,1,225
149015,1,225
149016,1,225
149091,1,225
149139,1,225
149208,1,225
149230,1,225
149278,1,225
149771,1,225
150007,1,225
150070,1,225
150118,1,225
150211,1,225
150230,1,225
150302,1,225
150409,1,225
150506,1,225
151039,1,225
151211,1,225
151418,1,225
151710,1,225
151763,1,225
151870,1,225
151874,1,225
151883,1,225
151932,1,225
152480,1,225
152627,1,225
152881,1,225
153100,1,225
153109,1,225
153226,1,225
153231,1,225
153257,1,225
153308,1,225
153472,1,225
153482,1,225
153483,1,225
153542,1,225
153568,1,225
153582,1,225
153647,1,225
153694,1,225
153712,1,225
153734,1,225
153773,1,225
154001,1,225
154080,1,225
154161,1,225
154245,1,225
154263,1,225
154266,1,225
154363,1,225
154435,1,225
154518,1,225
154591,1,225
154629,1,225
154699,1,225
155129,1,225
155282,1,225
155371,1,225
155441,1,225
155501,1,225
155736,1,225
155906,1,225
156032,1,225
156083,1,225
156121,1,225
156657,1,225
156683,1,225
156711,1,225
156730,1,225
156757,1,225
156816,1,225
157201,1,225
157382,1,225
157409,1,225
157442,1,225
157463,1,225
158203,1,225
158223,1,225
158396,1,225
158436,1,225
158571,1,225
158683,1,225
158729,1,225
158738,1,225
159016,1,225
159046,1,225
159076,1,225
159092,1,225
159209,1,225
159280,1,225
159294,1,225
159315,1,225
159477,1,225
160043,1,225
160179,1,225
160274,1,225
160393,1,225
160411,1,225
160427,1,225
160753,1,225
160822,1,225
160828,1,225
160865,1,225
160886,1,225
161071,1,225
161085,1,225
161105,1,225
161178,1,225
161192,1,225
162718,1,225
162915,1,225
163121,1,225
163127,1,225
163746,1,225
163759,1,225
163825,1,225
163975,1,225
164110,1,225
164171,1,225
164187,1,225
164433,1,225
164545,1,225
164704,1,225
165024,1,225
165100,1,225
165120,1,225
165134,1,225
165154,1,225
165368,1,225
165375,1,225
165434,1,225
165444,1,225
165497,1,225
165519,1,225
165626,1,225
165727,1,225
165742,1,225
165743,1,225
165981,1,225
166016,1,225
166043,1,225
166053,1,225
166053,1,225
166154,1,225
166156,1,225
166532,1,225
166855,1,225
167053,1,225
167123,1,225
167179,1,225
167215,1,225
167260,1,225
167263,1,225
167274,1,225
167276,1,225
167292,1,225
167323,1,225
167545,1,225
167767,1,225
168080,1,225
168204,1,225
168232,1,225
168242,1,225
168524,1,225
168535,1,225
168552,1,225
168690,1,225
169057,1,225
169256,1,225
169587,1,225
169687,1,225
170133,1,225
170423,1,225
170538,1,225
170589,1,225
170626,1,225
170827,1,225
171003,1,225
171019,1,225
171375,1,225
171686,1,225
171951,1,225
172097,1,225
172119,1,225
172231,1,225
172575,1,225
172630,1,225
172674,1,225
172788,1,225
172820,1,225
172878,1,225
172929,1,225
172984,1,225
172999,1,225
173236,1,225
173413,1,225
173574,1,225
173590,1,225
173623,1,225
174022,1,225
174198,1,225
174746,1,225
174910,1,225
175022,1,225
175448,1,225
175955,1,225
176002,1,225
176277,1,225
176394,1,225
176596,1,225
176682,1,225
176744,1,225
177007,1,225
177026,1,225
177258,1,225
177269,1,225
177351,1,225
177425,1,225
177456,1,225
177498,1,225
177516,1,225
177580,1,225
177584,1,225
177666,1,225
177735,1,225
177830,1,225
177924,1,225
177952,1,225
177966,1,225
177973,1,225
178011,1,225
178121,1,225
178154,1,225
178242,1,225
178244,1,225
178366,1,225
178603,1,225
178705,1,225
178709,1,225
178851,1,225
178905,1,225
178924,1,225
179066,1,225
179232,1,225
179273,1,225
179290,1,225
179300,1,225
179355,1,225
179786,1,225
180107,1,225
180186,1,225
180203,1,225
180255,1,225
180256,1,225
180284,1,225
180652,1,225
181149,1,225
181313,1,225
181396,1,225
181623,1,225
182021,1,225
182117,1,225
182168,1,225
182260,1,225
182432,1,225
182445,1,225
182846,1,225
182925,1,225
183051,1,225
183119,1,225
183133,1,225
183179,1,225
183341,1,225
183429,1,225
183620,1,225
184145,1,225
184282,1,225
184505,1,225
184598,1,225
184677,1,225
184707,1,225
184825,1,225
184830,1,225
185002,1,225
185008,1,225
185037,1,225
185082,1,225
185131,1,225
185197,1,225
185368,1,225
185554,1,225
185579,1,225
185635,1,225
186126,1,225
186264,1,225
186307,1,225
186350,1,225
186363,1,225
186636,1,225
187200,1,225
187636,1,225
187659,1,225
187679,1,225
187696,1,225
187934,1,225
188064,1,225
188208,1,225
188351,1,225
188357,1,225
188544,1,225
189025,1,225
189034,1,225
189181,1,225
189275,1,225
189277,1,225
189321,1,225
189329,1,225
189442,1,225
189623,1,225
189625,1,225
189628,1,225
189635,1,225
189640,1,225
189693,1,225
189711,1,225
189767,1,225
189837,1,225
189837,1,225
189850,1,225
190051,1,225
190304,1,225
190382,1,225
190755,1,225
190763,1,225
190802,1,225
191120,1,225
191153,1,225
191165,1,225
191394,1,225
191404,1,225
191438,1,225
191500,1,225
191516,1,225
192270,1,225
192356,1,225
192379,1,225
192443,1,225
192506,1,225
192513,1,225
192541,1,225
192564,1,225
192580,1,225
192667,1,225
192725,1,225
193164,1,225
193327,1,225
193372,1,225
193464,1,225
193723,1,225
193761,1,225
194101,1,225
194472,1,225
194532,1,225
194699,1,225
194719,1,225
194929,1,225
194940,1,225
195022,1,225
195101,1,225
195172,1,225
195232,1,225
195368,1,225
195471,1,225
195655,1,225
195713,1,225
196095,1,225
196169,1,225
196192,1,225
196233,1,225
196366,1,225
196448,1,225
196581,1,225
196636,1,225
196752,1,225
197168,1,225
197175,1,225
197385,1,225
197397,1,225
197431,1,225
197632,1,225
197943,1,225
198180,1,225
198961,1,225
199005,1,225
199088,1,225
199145,1,225
199212,1,225
199218,1,225
199435,1,225
199461,1,225
199541,1,225
199746,1,225
199802,1,225
199921,1,225
200030,1,225
200074,1,225
200203,1,225
200588,1,225
201020,1,225
201044,1,225
201183,1,225
201203,1,225
201226,1,225
201238,1,225
201250,1,225
201275,1,225
201296,1,225
201328,1,225
201333,1,225
201360,1,225
201441,1,225
201555,1,225
201569,1,225
201574,1,225
201652,1,225
201676,1,225
201693,1,225
201772,1,225
201814,1,225
201844,1,225
201873,1,225
201965,1,225
201975,1,225
202023,1,225
202258,1,225
202267,1,225
202269,1,225
202299,1,225
202308,1,225
202419,1,225
202473,1,225
202582,1,225
202688,1,225
203059,1,225
203583,1,225
203653,1,225
203666,1,225
203952,1,225
204037,1,225
204095,1,225
204219,1,225
204313,1,225
204350,1,225
204427,1,225
204430,1,225
204451,1,225
204478,1,225
204593,1,225
204648,1,225
204759,1,225
204788,1,225
205006,1,225
205020,1,225
205032,1,225
205085,1,225
205111,1,225
205289,1,225
205429,1,225
205481,1,225
205524,1,225
205588,1,225
205828,1,225
206112,1,225
206118,1,225
206459,1,225
206556,1,225
206811,1,225
206819,1,225
206862,1,225
206927,1,225
206955,1,225
207027,1,225
207133,1,225
207144,1,225
207365,1,225
207491,1,225
207522,1,225
207549,1,225
207552,1,225
207615,1,225
207619,1,225
207644,1,225
208079,1,225
208160,1,225
208214,1,225
208257,1,225
208330,1,225
208595,1,225
208799,1,225
208982,1,225
208989,1,225
209074,1,225
209084,1,225
209167,1,225
209196,1,225
209505,1,225
209929,1,225
210160,1,225
210223,1,225
210546,1,225
210821,1,225
210843,1,225
210929,1,225
211016,1,225
211042,1,225
211081,1,225
211150,1,225
211251,1,225
211284,1,225
211599,1,225
211784,1,225
211913,1,225
212103,1,225
212205,1,225
212620,1,225
212858,1,225
212897,1,225
213039,1,225
213072,1,225
213089,1,225
213089,1,225
213090,1,225
213185,1,225
213218,1,225
213317,1,225
213353,1,225
213392,1,225
213449,1,225
213500,1,225
213511,1,225
213589,1,225
213678,1,225
213732,1,225
213789,1,225
213795,1,225
213833,1,225
213895,1,225
213931,1,225
214040,1,225
214052,1,225
214054,1,225
214080,1,225
214082,1,225
214083,1,225
214124,1,225
214163,1,225
214364,1,225
214456,1,225
214618,1,225
214932,1,225
214985,1,225
215001,1,225
215029,1,225
215041,1,225
215070,1,225
215077,1,225
215137,1,225
215148,1,225
215163,1,225
215177,1,225
215184,1,225
215252,1,225
215288,1,225
215444,1,225
215538,1,225
215837,1,225
215981,1,225
215993,1,225
216005,1,225
216053,1,225
216088,1,225
216106,1,225
216188,1,225
216334,1,225
216415,1,225
216564,1,225
216657,1,225
216672,1,225
217002,1,225
217051,1,225
217083,1,225
217179,1,225
217253,1,225
217386,1,225
217727,1,225
217746,1,225
218207,1,225
218220,1,225
218305,1,225
218334,1,225
218346,1,225
218426,1,225
218468,1,225
218645,1,225
218665,1,225
218730,1,225
218846,1,225
218871,1,225
219040,1,225
219042,1,225
219049,1,225
219070,1,225
219157,1,225
219159,1,225
219338,1,225
219421,1,225
219725,1,225
219793,1,225
220046,1,225
220061,1,225
220070,1,225
220146,1,225
220464,1,225
220531,1,225
220586,1,225
220732,1,225
220792,1,225
220828,1,225
220897,1,225
220966,1,225
221002,1,225
221013,1,225
221019,1,225
221032,1,225
221099,1,225
221200,1,225
221200,1,225
221240,1,225
221290,1,225
221372,1,225
221381,1,225
221499,1,225
221559,1,225
222263,1,225
222720,1,225
222938,1,225
223062,1,225
223097,1,225
223124,1,225
223172,1,225
223296,1,225
223320,1,225
223349,1,225
223389,1,225
223396,1,225
223500,1,225
223542,1,225
223557,1,225
223578,1,225
223648,1,225
223753,1,225
223927,1,225
223958,1,225
224123,1,225
224136,1,225
224222,1,225
224286,1,225
224406,1,225
224514,1,225
224524,1,225
224581,1,225
224790,1,225
224904,1,225
225026,1,225
225028,1,225
225029,1,225
225057,1,225
225135,1,225
225273,1,225
225299,1,225
225303,1,225
225348,1,225
225348,1,225
225362,1,225
225408,1,225
225448,1,225
225500,1,225
225586,1,225
225635,1,225
225684,1,225
225699,1,225
225705,1,225
225740,1,225
225763,1,225
225958,1,225
225972,1,225
226007,1,225
226012,1,225
226017,1,225
226055,1,225
226065,1,225
226070,1,225
226071,1,225
226075,1,225
226076,1,225
226102,1,225
226168,1,225
226177,1,225
226180,1,225
226199,1,225
226210,1,225
226224,1,225
226229,1,225
226241,1,225
226292,1,225
226304,1,225
226358,1,225
226486,1,225
226494,1,225
226501,1,225
226510,1,225
226552,1,225
226660,1,225
226678,1,225
227079,1,225
227217,1,225
227234,1,225
227358,1,225
227529,1,225
227553,1,225
227573,1,225
227625,1,225
227632,1,225
227754,1,225
228006,1,225
228019,1,225
228085,1,225
228105,1,225
228119,1,225
228138,1,225
228184,1,225
228207,1,225
228219,1,225
228252,1,225
228261,1,225
228299,1,225
228357,1,225
228361,1,225
228386,1,225
228434,1,225
228526,1,225
228540,1,225
228564,1,225
228578,1,225
228631,1,225
228648,1,225
228675,1,225
228686,1,225
228698,1,225
228752,1,225
228814,1,225
228817,1,225
228828,1,225
228830,1,225
228927,1,225
228984,1,225
228989,1,225
229044,1,225
229070,1,225
229073,1,225
229124,1,225
229161,1,225
229318,1,225
229328,1,225
229382,1,225
229452,1,225
229453,1,225
229529,1,225
229534,1,225
229537,1,225
229545,1,225
229652,1,225
229697,1,225
229850,1,225
230002,1,225
230023,1,225
230053,1,225
230140,1,225
230183,1,225
230204,1,225
230230,1,225
230276,1,225
230293,1,225
230412,1,225
230541,1,225
230563,1,225
230599,1,225
230620,1,225
230655,1,225
230884,1,225
230927,1,225
231016,1,225
231051,1,225
231085,1,225
231087,1,225
231150,1,225
231303,1,225
231438,1,225
231481,1,225
231494,1,225
231534,1,225
231563,1,225
231599,1,225
231604,1,225
231626,1,225
231679,1,225
231806,1,225
231865,1,225
231915,1,225
231920,1,225
231963,1,225
232033,1,225
232047,1,225
232058,1,225
232070,1,225
232081,1,225
232088,1,225
232092,1,225
232136,1,225
232198,1,225
232209,1,225
232287,1,225
232330,1,225
232371,1,225
232405,1,225
232460,1,225
232539,1,225
232540,1,225
232581,1,225
232585,1,225
232774,1,225
232783,1,225
232786,1,225
233058,1,225
233122,1,225
233243,1,225
233250,1,225
233258,1,225
233319,1,225
233432,1,225
233483,1,225
233556,1,225
233557,1,225
233615,1,225
233690,1,225
233851,1,225
233855,1,225
233958,1,225
234006,1,225
234025,1,225
234072,1,225
234095,1,225
234181,1,225
234203,1,225
234215,1,225
234292,1,225
234328,1,225
234416,1,225
234434,1,225
234494,1,225
234675,1,225
234766,1,225
234877,1,225
234913,1,225
234915,1,225
235038,1,225
235131,1,225
235175,1,225
235350,1,225
235380,1,225
235397,1,225
235420,1,225
235494,1,225
235591,1,225
235679,1,225
235780,1,225
235828,1,225
235893,1,225
236007,1,225
236014,1,225
236015,1,225
236064,1,225
236109,1,225
236126,1,225
236155,1,225
236196,1,225
236304,1,225
236328,1,225
236412,1,225
236444,1,225
236471,1,225
236499,1,225
236547,1,225
236734,1,225
236947,1,225
237005,1,225
237010,1,225
237016,1,225
237021,1,225
237025,1,225
237031,1,225
237047,1,225
237055,1,225
237058,1,225
237085,1,225
237095,1,225
237097,1,225
237148,1,225
237153,1,225
237158,1,225
237177,1,225
237197,1,225
237212,1,225
237244,1,225
237257,1,225
237280,1,225
237292,1,225
237331,1,225
237378,1,225
237389,1,225
237433,1,225
237550,1,225
237577,1,225
237587,1,225
237597,1,225
237609,1,225
237634,1,225
237644,1,225
237661,1,225
237697,1,225
237712,1,225
237812,1,225
237813,1,225
237847,1,225
237852,1,225
238026,1,225
238091,1,225
238099,1,225
238183,1,225
238183,1,225
238208,1,225
238230,1,225
238280,1,225
238287,1,225
238294,1,225
238311,1,225
238347,1,225
238373,1,225
238375,1,225
238378,1,225
238405,1,225
238494,1,225
238571,1,225
238576,1,225
238656,1,225
238735,1,225
239204,1,225
239208,1,225
239233,1,225
239268,1,225
239291,1,225
239336,1,225
239469,1,225
239473,1,225
239670,1,225
239779,1,225
239794,1,225
239882,1,225
239914,1,225
239969,1,225
240003,1,225
240025,1,225
240029,1,225
240055,1,225
240085,1,225
240096,1,225
240102,1,225
240102,1,225
240147,1,225
240157,1,225
240205,1,225
240218,1,225
240247,1,225
240267,1,225
240281,1,225
240298,1,225
240380,1,225
240544,1,225
240545,1,225
240611,1,225
240669,1,225
240688,1,225
240693,1,225
240726,1,225
240779,1,225
240801,1,225
240906,1,225
240952,1,225
241033,1,225
241061,1,225
241063,1,225
241079,1,225
241158,1,225
241191,1,225
241192,1,225
241197,1,225
241221,1,225
241226,1,225
241248,1,225
241259,1,225
241342,1,225
241386,1,225
241405,1,225
241472,1,225
241563,1,225
241567,1,225
241580,1,225
241712,1,225
241772,1,225
241776,1,225
241901,1,225
241911,1,225
242051,1,225
242062,1,225
242104,1,225
242115,1,225
242132,1,225
242156,1,225
242273,1,225
242328,1,225
242338,1,225
242392,1,225
242417,1,225
242422,1,225
242475,1,225
242481,1,225
242560,1,225
242567,1,225
242579,1,225
242588,1,225
242597,1,225
242646,1,225
243086,1,225
243144,1,225
243145,1,225
243161,1,225
243173,1,225
243191,1,225
243274,1,225
243312,1,225
243326,1,225
243514,1,225
243519,1,225
243568,1,225
243661,1,225
243718,1,225
243725,1,225
243760,1,225
243761,1,225
243840,1,225
243847,1,225
243866,1,225
243869,1,225
243918,1,225
244010,1,225
244011,1,225
244202,1,225
244221,1,225
244277,1,225
244341,1,225
244361,1,225
244463,1,225
244503,1,225
244530,1,225
244543,1,225
244567,1,225
244583,1,225
244605,1,225
244805,1,225
244806,1,225
244809,1,225
244838,1,225
244913,1,225
244966,1,225
244984,1,225
244995,1,225
245011,1,225
245031,1,225
245066,1,225
245068,1,225
245071,1,225
245119,1,225
245222,1,225
245226,1,225
245268,1,225
245320,1,225
245323,1,225
245342,1,225
245366,1,225
245492,1,225
245650,1,225
245673,1,225
245680,1,225
245748,1,225
245822,1,225
246139,1,225
246170,1,225
246199,1,225
246230,1,225
246319,1,225
246323,1,225
246323,1,225
246362,1,225
246429,1,225
246450,1,225
246481,1,225
246553,1,225
246593,1,225
246609,1,225
246613,1,225
246627,1,225
246636,1,225
246722,1,225
246743,1,225
247033,1,225
247134,1,225
247147,1,225
247177,1,225
247484,1,225
247499,1,225
247501,1,225
247521,1,225
247535,1,225
247554,1,225
247654,1,225
247663,1,225
248009,1,225
248009,1,225
248022,1,225
248027,1,225
248055,1,225
248073,1,225
248128,1,225
248138,1,225
248152,1,225
248167,1,225
248322,1,225
248380,1,225
248411,1,225
248608,1,225
248687,1,225
248711,1,225
248853,1,225
248872,1,225
248893,1,225
249020,1,225
249065,1,225
249074,1,225
249097,1,225
249114,1,225
249128,1,225
249147,1,225
249181,1,225
249192,1,225
249207,1,225
249353,1,225
249353,1,225
249377,1,225
249397,1,225
249452,1,225
249454,1,225
249466,1,225
249468,1,225
249485,1,225
249516,1,225
249553,1,225
249559,1,225
249598,1,225
249683,1,225
249691,1,225
249784,1,225
249790,1,225
249792,1,225
250195,1,225
250201,1,225
250211,1,225
250245,1,225
250262,1,225
250267,1,225
250287,1,225
250291,1,225
250555,1,225
250705,1,225
250808,1,225
250910,1,225
250964,1,225
251056,1,225
251114,1,225
251115,1,225
251140,1,225
251184,1,225
251263,1,225
251268,1,225
251293,1,225
251316,1,225
251434,1,225
251534,1,225
251538,1,225
251583,1,225
251677,1,225
251679,1,225
251737,1,225
251786,1,225
251904,1,225
251957,1,225
252032,1,225
252436,1,225
252438,1,225
252460,1,225
252546,1,225
252729,1,225
252734,1,225
252744,1,225
252749,1,225
252764,1,225
252851,1,225
252882,1,225
252997,1,225
253002,1,225
253024,1,225
253060,1,225
253079,1,225
253080,1,225
253091,1,225
253107,1,225
253119,1,225
253132,1,225
253158,1,225
253161,1,225
253189,1,225
253267,1,225
253451,1,225
253465,1,225
253487,1,225
253493,1,225
253558,1,225
253595,1,225
253605,1,225
253858,1,225
253895,1,225
253955,1,225
254043,1,225
254079,1,225
254084,1,225
254092,1,225
254210,1,225
254237,1,225
254237,1,225
254285,1,225
254378,1,225
254399,1,225
254419,1,225
254469,1,225
254516,1,225
254557,1,225
254751,1,225
254867,1,225
255171,1,225
255296,1,225
255330,1,225
255377,1,225
255460,1,225
255488,1,225
255494,1,225
255503,1,225
255552,1,225
255639,1,225
255676,1,225
255683,1,225
255717,1,225
255750,1,225
255790,1,225
255864,1,225
256074,1,225
256135,1,225
256163,1,225
256203,1,225
256348,1,225
256422,1,225
256433,1,225
256471,1,225
256485,1,225
256500,1,225
256587,1,225
256674,1,225
256789,1,225
256880,1,225
256928,1,225
257007,1,225
257072,1,225
257087,1,225
257159,1,225
257186,1,225
257234,1,225
257238,1,225
257249,1,225
257291,1,225
257338,1,225
257398,1,225
257428,1,225
257449,1,225
257457,1,225
257505,1,225
257552,1,225
257659,1,225
257676,1,225
257731,1,225
257770,1,225
258020,1,225
258059,1,225
258108,1,225
258251,1,225
258373,1,225
258427,1,225
258566,1,225
258567,1,225
258582,1,225
258582,1,225
258661,1,225
258665,1,225
258697,1,225
258727,1,225
258753,1,225
258815,1,225
259030,1,225
259054,1,225
259080,1,225
259096,1,225
259111,1,225
259344,1,225
259363,1,225
259376,1,225
259479,1,225
259733,1,225
259904,1,225
259983,1,225
260086,1,225
260114,1,225
260185,1,225
260242,1,225
260244,1,225
260290,1,225
260397,1,225
260413,1,225
260486,1,225
260494,1,225
260707,1,225
260730,1,225
260738,1,225
260794,1,225
260807,1,225
260825,1,225
260825,1,225
261067,1,225
261074,1,225
261076,1,225
261077,1,225
261141,1,225
261149,1,225
261149,1,225
261152,1,225
261163,1,225
261211,1,225
261316,1,225
261406,1,225
261426,1,225
261503,1,225
261544,1,225
261578,1,225
261620,1,225
261686,1,225
261804,1,225
261818,1,225
261851,1,225
262029,1,225
262066,1,225
262085,1,225
262102,1,225
262203,1,225
262273,1,225
262403,1,225
262529,1,225
262681,1,225
262725,1,225
262838,1,225
263075,1,225
263109,1,225
263123,1,225
263222,1,225
263234,1,225
263335,1,225
263461,1,225
263557,1,225
263663,1,225
263734,1,225
263824,1,225
263830,1,225
263853,1,225
264079,1,225
264166,1,225
264174,1,225
264200,1,225
264375,1,225
264376,1,225
264435,1,225
264636,1,225
264673,1,225
264684,1,225
265016,1,225
265066,1,225
265175,1,225
265204,1,225
265232,1,225
265266,1,225
265399,1,225
265818,1,225
266024,1,225
266031,1,225
266073,1,225
266161,1,225
266358,1,225
266467,1,225
266587,1,225
266601,1,225
266620,1,225
266701,1,225
266762,1,225
266911,1,225
267030,1,225
267273,1,225
267348,1,225
267388,1,225
267404,1,225
267433,1,225
267486,1,225
267495,1,225
267612,1,225
268128,1,225
268318,1,225
268385,1,225
268612,1,225
268628,1,225
268651,1,225
268731,1,225
268740,1,225
268882,1,225
269184,1,225
269373,1,225
269373,1,225
269620,1,225
269777,1,225
269884,1,225
270066,1,225
270069,1,225
270092,1,225
270149,1,225
270678,1,225
270857,1,225
271007,1,225
271044,1,225
271087,1,225
271178,1,225
271201,1,225
271400,1,225
271764,1,225
272077,1,225
272085,1,225
272408,1,225
272616,1,225
273106,1,225
273491,1,225
273883,1,225
273895,1,225
273972,1,225
273977,1,225
274010,1,225
274094,1,225
274416,1,225
274504,1,225
274687,1,225
275039,1,225
275193,1,225
275207,1,225
275409,1,225
275701,1,225
275928,1,225
276132,1,225
276170,1,225
276179,1,225
276197,1,225
276301,1,225
276324,1,225
276416,1,225
277373,1,225
277408,1,225
277663,1,225
277787,1,225
278905,1,225
279332,1,225
279386,1,225
279593,1,225
279761,1,225
280747,1,225
280822,1,225
280894,1,225
281032,1,225
281042,1,225
281074,1,225
281112,1,225
281442,1,225
282078,1,225
282247,1,225
282408,1,225
282467,1,225
282901,1,225
283099,1,225
283104,1,225
283146,1,225
283275,1,225
283376,1,225
283518,1,225
283530,1,225
283562,1,225
283762,1,225
283771,1,225
283906,1,225
283962,1,225
284014,1,225
284022,1,225
284038,1,225
284124,1,225
284130,1,225
284188,1,225
284226,1,225
284593,1,225
284896,1,225
284962,1,225
285034,1,225
285133,1,225
285173,1,225
285192,1,225
285286,1,225
285289,1,225
285646,1,225
285741,1,225
286834,1,225
286968,1,225
287193,1,225
287296,1,225
287368,1,225
287554,1,225
287691,1,225
287701,1,225
287890,1,225
288228,1,225
288251,1,225
288296,1,225
288349,1,225
288585,1,225
288888,1,225
288979,1,225
289053,1,225
289073,1,225
289350,1,225
289551,1,225
289607,1,225
290102,1,225
290303,1,225
291282,1,225
291572,1,225
291720,1,225
