10,1,900
14,1,900
57,1,900
154,1,900
401,1,900
503,1,900
941,1,900
1014,1,900
1072,1,900
1208,1,900
1309,1,900
1516,1,900
1898,1,900
2002,1,900
2053,1,900
2255,1,900
2359,1,900
2541,1,900
2763,1,900
3043,1,900
3058,1,900
3283,1,900
3332,1,900
3364,1,900
3392,1,900
3495,1,900
3528,1,900
3553,1,900
4416,1,900
4511,1,900
4593,1,900
4704,1,900
4713,1,900
4776,1,900
4791,1,900
4795,1,900
5100,1,900
5247,1,900
5325,1,900
5477,1,900
5553,1,900
6054,1,900
6114,1,900
6316,1,900
6508,1,900
6907,1,900
7028,1,900
7140,1,900
7352,1,900
7354,1,900
7384,1,900
7477,1,900
7945,1,900
8023,1,900
8150,1,900
8304,1,900
8350,1,900
9086,1,900
9116,1,900
9147,1,900
9179,1,900
9199,1,900
9279,1,900
9329,1,900
9401,1,900
9434,1,900
9440,1,900
9465,1,900
9526,1,900
9571,1,900
9754,1,900
9781,1,900
10004,1,900
10074,1,900
10116,1,900
10279,1,900
10673,1,900
10805,1,900
10909,1,900
11006,1,900
11131,1,900
11137,1,900
11205,1,900
11208,1,900
11304,1,900
11326,1,900
11627,1,900
11838,1,900
11929,1,900
12024,1,900
12064,1,900
12324,1,900
12496,1,900
12764,1,900
12784,1,900
12787,1,900
12843,1,900
12890,1,900
13130,1,900
13444,1,900
13702,1,900
13770,1,900
13809,1,900
13952,1,900
14052,1,900
14056,1,900
14112,1,900
14114,1,900
14159,1,900
14176,1,900
14197,1,900
14225,1,900
14302,1,900
14378,1,900
14474,1,900
14545,1,900
14874,1,900
15020,1,900
15136,1,900
15145,1,900
15842,1,900
15979,1,900
16027,1,900
16140,1,900
16234,1,900
16753,1,900
16777,1,900
17191,1,900
17355,1,900
17440,1,900
17477,1,900
17707,1,900
18461,1,900
19553,1,900
19779,1,900
19867,1,900
20467,1,900
20479,1,900
20498,1,900
20666,1,900
20833,1,900
21090,1,900
21106,1,900
21439,1,900
21490,1,900
21530,1,900
21537,1,900
21574,1,900
21580,1,900
21584,1,900
21596,1,900
21629,1,900
21633,1,900
21692,1,900
21798,1,900
21801,1,900
21807,1,900
21810,1,900
21812,1,900
22027,1,900
22061,1,900
22260,1,900
22313,1,900
22347,1,900
22389,1,900
22395,1,900
22466,1,900
22477,1,900
22482,1,900
22502,1,900
23089,1,900
23267,1,900
23541,1,900
23644,1,900
23657,1,900
23886,1,900
23927,1,900
24072,1,900
24126,1,900
24157,1,900
24232,1,900
24234,1,900
24253,1,900
24291,1,900
24319,1,900
24592,1,900
24611,1,900
24622,1,900
24674,1,900
24702,1,900
25078,1,900
25233,1,900
25512,1,900
25555,1,900
25671,1,900
26000,1,900
26102,1,900
26149,1,900
26198,1,900
26215,1,900
26570,1,900
26586,1,900
27085,1,900
27281,1,900
27296,1,900
27338,1,900
27671,1,900
27736,1,900
27870,1,900
27910,1,900
27932,1,900
28090,1,900
28370,1,900
28381,1,900
28440,1,900
28468,1,900
28642,1,900
28856,1,900
28905,1,900
29104,1,900
29159,1,900
29228,1,900
29255,1,900
29448,1,900
29491,1,900
29540,1,900
29559,1,900
29957,1,900
30101,1,900
30219,1,900
30331,1,900
30359,1,900
30787,1,900
30930,1,900
31062,1,900
31081,1,900
31104,1,900
31130,1,900
31450,1,900
31563,1,900
32248,1,900
32397,1,900
32414,1,900
32658,1,900
33062,1,900
33063,1,900
33063,1,900
33106,1,900
33116,1,900
33206,1,900
33295,1,900
33340,1,900
33405,1,900
33423,1,900
33427,1,900
33429,1,900
33436,1,900
33438,1,900
33457,1,900
33489,1,900
33513,1,900
33552,1,900
33572,1,900
33584,1,900
33615,1,900
33624,1,900
33648,1,900
33762,1,900
33781,1,900
33799,1,900
34003,1,900
34050,1,900
34074,1,900
34149,1,900
34185,1,900
34188,1,900
34258,1,900
34276,1,900
34303,1,900
34382,1,900
34400,1,900
34444,1,900
34456,1,900
34522,1,900
34576,1,900
35060,1,900
35168,1,900
35177,1,900
35254,1,900
35271,1,900
35450,1,900
35548,1,900
35609,1,900
35719,1,900
35752,1,900
35771,1,900
35786,1,900
36069,1,900
36074,1,900
36192,1,900
36281,1,900
36529,1,900
36564,1,900
36709,1,900
36716,1,900
37069,1,900
37119,1,900
37156,1,900
37159,1,900
37322,1,900
37420,1,900
37549,1,900
37690,1,900
37837,1,900
37879,1,900
37937,1,900
38008,1,900
38208,1,900
38222,1,900
38274,1,900
38294,1,900
38518,1,900
38596,1,900
38683,1,900
38753,1,900
38888,1,900
39041,1,900
39075,1,900
39283,1,900
39290,1,900
39430,1,900
39495,1,900
39583,1,900
39599,1,900
39688,1,900
39724,1,900
39727,1,900
39936,1,900
39959,1,900
40112,1,900
40128,1,900
40303,1,900
40360,1,900
40369,1,900
40390,1,900
40419,1,900
40443,1,900
40496,1,900
40628,1,900
40634,1,900
40677,1,900
40719,1,900
40729,1,900
40748,1,900
41002,1,900
41021,1,900
41052,1,900
41116,1,900
41176,1,900
41196,1,900
41274,1,900
41546,1,900
41562,1,900
41646,1,900
41818,1,900
42197,1,900
42382,1,900
42393,1,900
42399,1,900
42401,1,900
42577,1,900
42617,1,900
42653,1,900
42692,1,900
43066,1,900
43491,1,900
43760,1,900
43965,1,900
43969,1,900
44176,1,900
44209,1,900
44224,1,900
44249,1,900
44323,1,900
44333,1,900
44340,1,900
44376,1,900
44397,1,900
44473,1,900
44506,1,900
44572,1,900
44609,1,900
44796,1,900
45006,1,900
45060,1,900
45064,1,900
45088,1,900
45094,1,900
45098,1,900
45132,1,900
45180,1,900
45183,1,900
45184,1,900
45199,1,900
45214,1,900
45264,1,900
45282,1,900
45288,1,900
45359,1,900
45361,1,900
45404,1,900
45430,1,900
45459,1,900
45461,1,900
45494,1,900
45541,1,900
45544,1,900
45572,1,900
45582,1,900
45613,1,900
45629,1,900
45658,1,900
45720,1,900
46064,1,900
46119,1,900
46138,1,900
46146,1,900
46158,1,900
46171,1,900
46174,1,900
46187,1,900
46204,1,900
46230,1,900
46242,1,900
46275,1,900
46434,1,900
46565,1,900
46590,1,900
46611,1,900
46633,1,900
46657,1,900
46673,1,900
46782,1,900
46801,1,900
46980,1,900
47032,1,900
47090,1,900
47126,1,900
47140,1,900
47182,1,900
47258,1,900
47261,1,900
47270,1,900
47321,1,900
47358,1,900
47362,1,900
47418,1,900
47581,1,900
47630,1,900
47637,1,900
47689,1,900
47758,1,900
47788,1,900
47863,1,900
47872,1,900
47883,1,900
47927,1,900
47955,1,900
47967,1,900
48016,1,900
48023,1,900
48073,1,900
48138,1,900
48159,1,900
48363,1,900
48436,1,900
48455,1,900
48463,1,900
48582,1,900
48616,1,900
48635,1,900
48660,1,900
48725,1,900
48745,1,900
48752,1,900
48868,1,900
48898,1,900
48958,1,900
48984,1,900
48999,1,900
49043,1,900
49074,1,900
49095,1,900
49207,1,900
49211,1,900
49213,1,900
49456,1,900
49477,1,900
49535,1,900
49542,1,900
49544,1,900
49547,1,900
49563,1,900
49661,1,900
49879,1,900
50021,1,900
50082,1,900
50084,1,900
50119,1,900
50129,1,900
50140,1,900
50149,1,900
50190,1,900
50205,1,900
50258,1,900
50272,1,900
50390,1,900
50409,1,900
50556,1,900
50573,1,900
50730,1,900
50814,1,900
50910,1,900
50926,1,900
50946,1,900
50952,1,900
50975,1,900
51015,1,900
51074,1,900
51105,1,900
51164,1,900
51189,1,900
51210,1,900
51226,1,900
51265,1,900
51290,1,900
51292,1,900
51296,1,900
51298,1,900
51352,1,900
51365,1,900
51371,1,900
51401,1,900
51431,1,900
51519,1,900
51560,1,900
51571,1,900
51583,1,900
51631,1,900
51691,1,900
51705,1,900
51800,1,900
51834,1,900
51948,1,900
51953,1,900
51971,1,900
52032,1,900
52065,1,900
52098,1,900
52134,1,900
52270,1,900
52361,1,900
52437,1,900
52438,1,900
52451,1,900
52510,1,900
52553,1,900
52555,1,900
52566,1,900
52587,1,900
52606,1,900
52616,1,900
52686,1,900
52805,1,900
52807,1,900
52873,1,900
52975,1,900
53063,1,900
53110,1,900
53116,1,900
53347,1,900
53385,1,900
53404,1,900
53427,1,900
53474,1,900
53514,1,900
53523,1,900
53535,1,900
53536,1,900
53559,1,900
53577,1,900
53792,1,900
53873,1,900
53927,1,900
53989,1,900
54008,1,900
54048,1,900
54068,1,900
54155,1,900
54193,1,900
54198,1,900
54263,1,900
54292,1,900
54436,1,900
54483,1,900
54530,1,900
54567,1,900
54675,1,900
54682,1,900
54858,1,900
54870,1,900
54883,1,900
54947,1,900
54950,1,900
55027,1,900
55136,1,900
55144,1,900
55172,1,900
55214,1,900
55218,1,900
55282,1,900
55414,1,900
55432,1,900
55451,1,900
55480,1,900
55508,1,900
55539,1,900
55565,1,900
55565,1,900
55588,1,900
55675,1,900
55811,1,900
55900,1,900
55961,1,900
55998,1,900
56021,1,900
56049,1,900
56051,1,900
56060,1,900
56084,1,900
56097,1,900
56107,1,900
56199,1,900
56212,1,900
56223,1,900
56250,1,900
56257,1,900
56311,1,900
56422,1,900
56471,1,900
56500,1,900
56524,1,900
56543,1,900
56617,1,900
56624,1,900
56630,1,900
57028,1,900
57118,1,900
57135,1,900
57179,1,900
57205,1,900
57215,1,900
57264,1,900
57339,1,900
57441,1,900
57449,1,900
57450,1,900
57472,1,900
57475,1,900
57533,1,900
57558,1,900
57575,1,900
57671,1,900
57680,1,900
57714,1,900
57736,1,900
57795,1,900
57858,1,900
57886,1,900
57954,1,900
57966,1,900
57992,1,900
58008,1,900
58015,1,900
58095,1,900
58107,1,900
58114,1,900
58135,1,900
58147,1,900
58171,1,900
58172,1,900
58239,1,900
58245,1,900
58306,1,900
58307,1,900
58354,1,900
58354,1,900
58354,1,900
58359,1,900
58373,1,900
58397,1,900
58397,1,900
58402,1,900
58418,1,900
58424,1,900
58428,1,900
58433,1,900
58434,1,900
58451,1,900
58513,1,900
58538,1,900
58595,1,900
58660,1,900
58703,1,900
58719,1,900
58720,1,900
58747,1,900
58758,1,900
58764,1,900
58767,1,900
58865,1,900
58875,1,900
58954,1,900
58999,1,900
59000,1,900
59005,1,900
59014,1,900
59048,1,900
59049,1,900
59130,1,900
59139,1,900
59162,1,900
59247,1,900
59289,1,900
59309,1,900
59335,1,900
59352,1,900
59361,1,900
59436,1,900
59462,1,900
59473,1,900
59526,1,900
59560,1,900
59563,1,900
59578,1,900
59668,1,900
59690,1,900
59694,1,900
59715,1,900
59755,1,900
59814,1,900
59817,1,900
59831,1,900
59834,1,900
59917,1,900
59918,1,900
60026,1,900
60075,1,900
60302,1,900
60321,1,900
60399,1,900
60424,1,900
60441,1,900
60447,1,900
60457,1,900
60547,1,900
60554,1,900
60670,1,900
60688,1,900
60689,1,900
60704,1,900
60743,1,900
60771,1,900
60774,1,900
60790,1,900
60863,1,900
60881,1,900
60902,1,900
60904,1,900
60951,1,900
60986,1,900
60987,1,900
61018,1,900
61032,1,900
61060,1,900
61086,1,900
61122,1,900
61211,1,900
61224,1,900
61246,1,900
61263,1,900
61270,1,900
61276,1,900
61278,1,900
61322,1,900
61373,1,900
61424,1,900
61430,1,900
61446,1,900
61500,1,900
61512,1,900
61520,1,900
61555,1,900
61606,1,900
61626,1,900
61632,1,900
61667,1,900
61697,1,900
61717,1,900
61758,1,900
61799,1,900
62044,1,900
62103,1,900
62188,1,900
62197,1,900
62215,1,900
62270,1,900
62277,1,900
62331,1,900
62373,1,900
62385,1,900
62403,1,900
62412,1,900
62447,1,900
62460,1,900
62488,1,900
62596,1,900
62597,1,900
62636,1,900
62717,1,900
62769,1,900
62844,1,900
62862,1,900
62926,1,900
62938,1,900
62973,1,900
62990,1,900
63009,1,900
63016,1,900
63072,1,900
63072,1,900
63074,1,900
63083,1,900
63106,1,900
63124,1,900
63131,1,900
63136,1,900
63142,1,900
63156,1,900
63175,1,900
63196,1,900
63200,1,900
63267,1,900
63319,1,900
63330,1,900
63363,1,900
63377,1,900
63409,1,900
63433,1,900
63474,1,900
63490,1,900
63571,1,900
63632,1,900
63687,1,900
63782,1,900
63805,1,900
63809,1,900
63847,1,900
64033,1,900
64089,1,900
64100,1,900
64128,1,900
64160,1,900
64204,1,900
64262,1,900
64302,1,900
64317,1,900
64319,1,900
64342,1,900
64451,1,900
64451,1,900
64468,1,900
64527,1,900
64690,1,900
64703,1,900
64706,1,900
64709,1,900
64725,1,900
64726,1,900
64741,1,900
64777,1,900
64810,1,900
64842,1,900
64966,1,900
64966,1,900
64967,1,900
64986,1,900
65001,1,900
65027,1,900
65050,1,900
65086,1,900
65118,1,900
65229,1,900
65230,1,900
65241,1,900
65253,1,900
65274,1,900
65323,1,900
65332,1,900
65335,1,900
65361,1,900
65371,1,900
65378,1,900
65441,1,900
65512,1,900
65529,1,900
65533,1,900
65553,1,900
65582,1,900
65583,1,900
65604,1,900
65636,1,900
65649,1,900
65672,1,900
65712,1,900
66224,1,900
66233,1,900
66307,1,900
66318,1,900
66346,1,900
66354,1,900
66367,1,900
66378,1,900
66413,1,900
66448,1,900
66464,1,900
66499,1,900
66506,1,900
66514,1,900
66583,1,900
66609,1,900
66700,1,900
66722,1,900
66725,1,900
66744,1,900
66824,1,900
66850,1,900
66899,1,900
66915,1,900
66959,1,900
66977,1,900
67028,1,900
67041,1,900
67091,1,900
67138,1,900
67191,1,900
67262,1,900
67319,1,900
67522,1,900
67532,1,900
67560,1,900
67573,1,900
67590,1,900
67660,1,900
67710,1,900
67718,1,900
67760,1,900
67764,1,900
67848,1,900
67857,1,900
68001,1,900
68010,1,900
68019,1,900
68022,1,900
68034,1,900
68047,1,900
68050,1,900
68055,1,900
68056,1,900
68083,1,900
68090,1,900
68108,1,900
68115,1,900
68146,1,900
68150,1,900
68158,1,900
68262,1,900
68412,1,900
68422,1,900
68500,1,900
68543,1,900
68660,1,900
68692,1,900
68697,1,900
68729,1,900
68758,1,900
68838,1,900
68857,1,900
68869,1,900
68897,1,900
68898,1,900
68929,1,900
68939,1,900
69009,1,900
69022,1,900
69030,1,900
69033,1,900
69039,1,900
69061,1,900
69068,1,900
69071,1,900
69075,1,900
69076,1,900
69103,1,900
69108,1,900
69109,1,900
69167,1,900
69175,1,900
69208,1,900
69208,1,900
69243,1,900
69275,1,900
69326,1,900
69337,1,900
69347,1,900
69353,1,900
69360,1,900
69384,1,900
69390,1,900
69435,1,900
69475,1,900
69495,1,900
69501,1,900
69525,1,900
69584,1,900
69587,1,900
69605,1,900
69638,1,900
69644,1,900
69649,1,900
69659,1,900
69664,1,900
69666,1,900
69715,1,900
69772,1,900
69800,1,900
69806,1,900
69822,1,900
69854,1,900
69889,1,900
69892,1,900
69903,1,900
69908,1,900
69937,1,900
69942,1,900
69982,1,900
70001,1,900
70007,1,900
70008,1,900
70009,1,900
70033,1,900
70039,1,900
70048,1,900
70049,1,900
70062,1,900
70089,1,900
70104,1,900
70130,1,900
70130,1,900
70139,1,900
70147,1,900
70159,1,900
70163,1,900
70192,1,900
70223,1,900
70250,1,900
70272,1,900
70287,1,900
70287,1,900
70379,1,900
70382,1,900
70397,1,900
70432,1,900
70459,1,900
70459,1,900
70499,1,900
70545,1,900
70582,1,900
70585,1,900
70643,1,900
70648,1,900
70665,1,900
70730,1,900
70756,1,900
70764,1,900
70776,1,900
70800,1,900
70818,1,900
70831,1,900
70841,1,900
70853,1,900
70865,1,900
70874,1,900
70881,1,900
70897,1,900
70973,1,900
70977,1,900
71045,1,900
71095,1,900
71108,1,900
71151,1,900
71172,1,900
71175,1,900
71182,1,900
71215,1,900
71227,1,900
71238,1,900
71264,1,900
71286,1,900
71315,1,900
71378,1,900
71406,1,900
71424,1,900
71503,1,900
71513,1,900
71513,1,900
71564,1,900
71604,1,900
71634,1,900
71663,1,900
71677,1,900
71767,1,900
71784,1,900
71828,1,900
71909,1,900
71962,1,900
72012,1,900
72014,1,900
72049,1,900
72056,1,900
72063,1,900
72076,1,900
72101,1,900
72106,1,900
72119,1,900
72122,1,900
72123,1,900
72143,1,900
72144,1,900
72188,1,900
72193,1,900
72201,1,900
72209,1,900
72213,1,900
72230,1,900
72234,1,900
72239,1,900
72269,1,900
72280,1,900
72303,1,900
72343,1,900
72353,1,900
72382,1,900
72389,1,900
72402,1,900
72461,1,900
72519,1,900
72520,1,900
72527,1,900
72529,1,900
72556,1,900
72667,1,900
72674,1,900
72702,1,900
72703,1,900
72716,1,900
72722,1,900
72732,1,900
72737,1,900
72783,1,900
72785,1,900
72808,1,900
72818,1,900
72844,1,900
72876,1,900
72923,1,900
72926,1,900
72937,1,900
72968,1,900
73004,1,900
73012,1,900
73019,1,900
73023,1,900
73051,1,900
73099,1,900
73146,1,900
73171,1,900
73180,1,900
73200,1,900
73207,1,900
73207,1,900
73215,1,900
73237,1,900
73287,1,900
73294,1,900
73318,1,900
73399,1,900
73429,1,900
73435,1,900
73461,1,900
73464,1,900
73477,1,900
73486,1,900
73496,1,900
73509,1,900
73560,1,900
73572,1,900
73586,1,900
73594,1,900
73599,1,900
73650,1,900
73705,1,900
73720,1,900
73728,1,900
73730,1,900
73749,1,900
73759,1,900
73764,1,900
73793,1,900
73799,1,900
74021,1,900
74039,1,900
74047,1,900
74048,1,900
74053,1,900
74063,1,900
74084,1,900
74092,1,900
74106,1,900
74144,1,900
74276,1,900
74289,1,900
74340,1,900
74419,1,900
74482,1,900
74686,1,900
74712,1,900
74738,1,900
74752,1,900
74780,1,900
74809,1,900
74847,1,900
74861,1,900
74865,1,900
74948,1,900
74992,1,900
75012,1,900
75028,1,900
75043,1,900
75044,1,900
75045,1,900
75049,1,900
75059,1,900
75060,1,900
75065,1,900
75067,1,900
75074,1,900
75075,1,900
75089,1,900
75107,1,900
75115,1,900
75124,1,900
75142,1,900
75150,1,900
75161,1,900
75181,1,900
75227,1,900
75245,1,900
75304,1,900
75304,1,900
75309,1,900
75354,1,900
75357,1,900
75372,1,900
75374,1,900
75375,1,900
75375,1,900
75385,1,900
75443,1,900
75539,1,900
75552,1,900
75562,1,900
75567,1,900
75587,1,900
75610,1,900
75623,1,900
75658,1,900
75704,1,900
75710,1,900
75710,1,900
75737,1,900
75739,1,900
75797,1,900
75817,1,900
75817,1,900
75900,1,900
75941,1,900
75948,1,900
75993,1,900
76001,1,900
76013,1,900
76017,1,900
76018,1,900
76025,1,900
76037,1,900
76074,1,900
76111,1,900
76165,1,900
76191,1,900
76228,1,900
76234,1,900
76241,1,900
76254,1,900
76276,1,900
76309,1,900
76318,1,900
76355,1,900
76358,1,900
76369,1,900
76386,1,900
76391,1,900
76407,1,900
76435,1,900
76449,1,900
76450,1,900
76461,1,900
76573,1,900
76698,1,900
76698,1,900
76728,1,900
76759,1,900
76785,1,900
76838,1,900
76845,1,900
76864,1,900
76872,1,900
76976,1,900
76983,1,900
76994,1,900
77022,1,900
77032,1,900
77036,1,900
77068,1,900
77082,1,900
77098,1,900
77108,1,900
77115,1,900
77178,1,900
77218,1,900
77285,1,900
77289,1,900
77302,1,900
77362,1,900
77378,1,900
77387,1,900
77401,1,900
77407,1,900
77509,1,900
77532,1,900
77556,1,900
77561,1,900
77570,1,900
77587,1,900
77607,1,900
77625,1,900
77665,1,900
77741,1,900
77746,1,900
77775,1,900
77781,1,900
77782,1,900
77800,1,900
77831,1,900
77869,1,900
77878,1,900
77900,1,900
77944,1,900
77966,1,900
78041,1,900
78044,1,900
78055,1,900
78062,1,900
78117,1,900
78123,1,900
78135,1,900
78141,1,900
78239,1,900
78259,1,900
78270,1,900
78283,1,900
78330,1,900
78339,1,900
78353,1,900
78368,1,900
78385,1,900
78438,1,900
78440,1,900
78445,1,900
78452,1,900
78463,1,900
78569,1,900
78594,1,900
78608,1,900
78609,1,900
78609,1,900
78611,1,900
78621,1,900
78654,1,900
78654,1,900
78690,1,900
78721,1,900
78723,1,900
78792,1,900
78806,1,900
78807,1,900
78812,1,900
78886,1,900
78915,1,900
78923,1,900
78944,1,900
78966,1,900
79032,1,900
79043,1,900
79091,1,900
79148,1,900
79211,1,900
79218,1,900
79251,1,900
79266,1,900
79283,1,900
79293,1,900
79344,1,900
79359,1,900
79369,1,900
79418,1,900
79448,1,900
79500,1,900
79510,1,900
79516,1,900
79598,1,900
79644,1,900
79648,1,900
79655,1,900
79661,1,900
79664,1,900
79673,1,900
79678,1,900
79688,1,900
79699,1,900
79707,1,900
79720,1,900
79741,1,900
79758,1,900
79767,1,900
79796,1,900
79827,1,900
79894,1,900
79906,1,900
79944,1,900
79979,1,900
80001,1,900
80039,1,900
80105,1,900
80108,1,900
80118,1,900
80137,1,900
80145,1,900
80163,1,900
80178,1,900
80183,1,900
80212,1,900
80215,1,900
80266,1,900
80300,1,900
80309,1,900
80370,1,900
80400,1,900
80428,1,900
80442,1,900
80446,1,900
80471,1,900
80474,1,900
80483,1,900
80500,1,900
80505,1,900
80529,1,900
80541,1,900
80558,1,900
80606,1,900
80610,1,900
80640,1,900
80681,1,900
80700,1,900
80723,1,900
80727,1,900
80767,1,900
80806,1,900
80882,1,900
80906,1,900
81012,1,900
81026,1,900
81038,1,900
81049,1,900
81056,1,900
81107,1,900
81138,1,900
81141,1,900
81155,1,900
81167,1,900
81168,1,900
81187,1,900
81192,1,900
81241,1,900
81291,1,900
81371,1,900
81400,1,900
81400,1,900
81431,1,900
81447,1,900
81447,1,900
81469,1,900
81487,1,900
81504,1,900
81510,1,900
81584,1,900
81588,1,900
81589,1,900
81631,1,900
81648,1,900
81650,1,900
81726,1,900
81735,1,900
81743,1,900
81765,1,900
81769,1,900
81799,1,900
81805,1,900
81814,1,900
81820,1,900
81821,1,900
81836,1,900
81879,1,900
81903,1,900
81950,1,900
81955,1,900
81958,1,900
81959,1,900
81966,1,900
82001,1,900
82008,1,900
82013,1,900
82022,1,900
82037,1,900
82039,1,900
82048,1,900
82055,1,900
82058,1,900
82059,1,900
82084,1,900
82084,1,900
82085,1,900
82089,1,900
82094,1,900
82103,1,900
82120,1,900
82149,1,900
82173,1,900
82184,1,900
82284,1,900
82285,1,900
82367,1,900
82421,1,900
82445,1,900
82453,1,900
82457,1,900
82458,1,900
82461,1,900
82489,1,900
82528,1,900
82540,1,900
82559,1,900
82574,1,900
82582,1,900
82583,1,900
82586,1,900
82621,1,900
82663,1,900
82697,1,900
82712,1,900
82719,1,900
82734,1,900
82755,1,900
82780,1,900
82822,1,900
82830,1,900
82839,1,900
82845,1,900
82901,1,900
82905,1,900
82906,1,900
82907,1,900
83004,1,900
83036,1,900
83044,1,900
83077,1,900
83080,1,900
83109,1,900
83115,1,900
83118,1,900
83141,1,900
83150,1,900
83154,1,900
83156,1,900
83176,1,900
83259,1,900
83268,1,900
83288,1,900
83295,1,900
83295,1,900
83302,1,900
83338,1,900
83351,1,900
83358,1,900
83391,1,900
83471,1,900
83481,1,900
83488,1,900
83544,1,900
83623,1,900
83682,1,900
83683,1,900
83725,1,900
83760,1,900
83777,1,900
83784,1,900
83817,1,900
83820,1,900
83824,1,900
83849,1,900
83874,1,900
83909,1,900
83910,1,900
83949,1,900
83976,1,900
83976,1,900
83986,1,900
84006,1,900
84025,1,900
84044,1,900
84055,1,900
84068,1,900
84088,1,900
84155,1,900
84158,1,900
84221,1,900
84253,1,900
84292,1,900
84299,1,900
84305,1,900
84314,1,900
84325,1,900
84355,1,900
84368,1,900
84395,1,900
84423,1,900
84429,1,900
84433,1,900
84502,1,900
84510,1,900
84566,1,900
84577,1,900
84582,1,900
84593,1,900
84636,1,900
84670,1,900
84697,1,900
84742,1,900
84750,1,900
84770,1,900
84778,1,900
84835,1,900
84851,1,900
84852,1,900
84865,1,900
84871,1,900
84881,1,900
84899,1,900
84902,1,900
84948,1,900
84978,1,900
84996,1,900
85011,1,900
85018,1,900
85021,1,900
85028,1,900
85042,1,900
85067,1,900
85091,1,900
85111,1,900
85135,1,900
85153,1,900
85175,1,900
85183,1,900
85203,1,900
85211,1,900
85215,1,900
85233,1,900
85238,1,900
85354,1,900
85365,1,900
85371,1,900
85411,1,900
85433,1,900
85456,1,900
85456,1,900
85507,1,900
85537,1,900
85553,1,900
85570,1,900
85585,1,900
85614,1,900
85627,1,900
85663,1,900
85700,1,900
85721,1,900
85738,1,900
85767,1,900
85790,1,900
85793,1,900
85813,1,900
85863,1,900
85878,1,900
85887,1,900
85902,1,900
85915,1,900
85949,1,900
86026,1,900
86047,1,900
86129,1,900
86136,1,900
86149,1,900
86158,1,900
86190,1,900
86194,1,900
86280,1,900
86281,1,900
86288,1,900
86291,1,900
86327,1,900
86378,1,900
86390,1,900
86395,1,900
86421,1,900
86456,1,900
86473,1,900
86493,1,900
86494,1,900
86507,1,900
86561,1,900
86568,1,900
86578,1,900
86584,1,900
86597,1,900
86604,1,900
86614,1,900
86676,1,900
86711,1,900
86712,1,900
86728,1,900
86760,1,900
86808,1,900
86811,1,900
86826,1,900
86827,1,900
86862,1,900
86863,1,900
86875,1,900
86882,1,900
86896,1,900
86898,1,900
86905,1,900
86907,1,900
87006,1,900
87018,1,900
87038,1,900
87057,1,900
87099,1,900
87110,1,900
87131,1,900
87132,1,900
87145,1,900
87169,1,900
87186,1,900
87202,1,900
87265,1,900
87271,1,900
87282,1,900
87325,1,900
87351,1,900
87408,1,900
87413,1,900
87469,1,900
87479,1,900
87481,1,900
87524,1,900
87539,1,900
87548,1,900
87575,1,900
87587,1,900
87588,1,900
87653,1,900
87690,1,900
87735,1,900
87743,1,900
87804,1,900
87817,1,900
87827,1,900
87840,1,900
87844,1,900
87907,1,900
87921,1,900
87930,1,900
87949,1,900
87990,1,900
88007,1,900
88022,1,900
88029,1,900
88061,1,900
88086,1,900
88106,1,900
88109,1,900
88118,1,900
88146,1,900
88155,1,900
88157,1,900
88182,1,900
88186,1,900
88193,1,900
88195,1,900
88210,1,900
88217,1,900
88251,1,900
88294,1,900
88320,1,900
88330,1,900
88340,1,900
88391,1,900
88413,1,900
88438,1,900
88484,1,900
88504,1,900
88511,1,900
88724,1,900
88780,1,900
88800,1,900
88803,1,900
88841,1,900
88873,1,900
88876,1,900
88885,1,900
88903,1,900
88919,1,900
88928,1,900
88955,1,900
89003,1,900
89018,1,900
89027,1,900
89059,1,900
89078,1,900
89139,1,900
89163,1,900
89174,1,900
89175,1,900
89196,1,900
89199,1,900
89219,1,900
89254,1,900
89255,1,900
89279,1,900
89285,1,900
89322,1,900
89367,1,900
89369,1,900
89383,1,900
89398,1,900
89399,1,900
89411,1,900
89452,1,900
89491,1,900
89526,1,900
89532,1,900
89538,1,900
89561,1,900
89562,1,900
89577,1,900
89585,1,900
89623,1,900
89629,1,900
89643,1,900
89660,1,900
89695,1,900
89711,1,900
89760,1,900
89772,1,900
89772,1,900
89789,1,900
89803,1,900
89803,1,900
89817,1,900
89822,1,900
89840,1,900
89861,1,900
89866,1,900
89917,1,900
89918,1,900
89943,1,900
90009,1,900
90010,1,900
90017,1,900
90032,1,900
90045,1,900
90053,1,900
90093,1,900
90096,1,900
90110,1,900
90117,1,900
90191,1,900
90201,1,900
90220,1,900
90250,1,900
90316,1,900
90331,1,900
90347,1,900
90354,1,900
90398,1,900
90401,1,900
90416,1,900
90423,1,900
90431,1,900
90471,1,900
90505,1,900
90550,1,900
90563,1,900
90575,1,900
90612,1,900
90627,1,900
90659,1,900
90667,1,900
90692,1,900
90694,1,900
90710,1,900
90722,1,900
90750,1,900
90759,1,900
90766,1,900
90769,1,900
90774,1,900
91015,1,900
91039,1,900
91047,1,900
91047,1,900
91081,1,900
91097,1,900
91098,1,900
91106,1,900
91112,1,900
91131,1,900
91152,1,900
91175,1,900
91213,1,900
91240,1,900
91244,1,900
91274,1,900
91312,1,900
91325,1,900
91330,1,900
91332,1,900
91340,1,900
91442,1,900
91452,1,900
91458,1,900
91473,1,900
91524,1,900
91581,1,900
91583,1,900
91599,1,900
91602,1,900
91610,1,900
91639,1,900
91674,1,900
91711,1,900
91716,1,900
91772,1,900
91776,1,900
91794,1,900
91804,1,900
91821,1,900
91876,1,900
91989,1,900
91997,1,900
92019,1,900
92166,1,900
92198,1,900
92219,1,900
92224,1,900
92260,1,900
92269,1,900
92358,1,900
92359,1,900
92376,1,900
92380,1,900
92413,1,900
92429,1,900
92540,1,900
92553,1,900
92608,1,900
92609,1,900
92647,1,900
92695,1,900
92698,1,900
92725,1,900
92732,1,900
92741,1,900
92766,1,900
92799,1,900
92806,1,900
92825,1,900
92860,1,900
92884,1,900
92885,1,900
92901,1,900
92927,1,900
92936,1,900
92951,1,900
92959,1,900
92978,1,900
92990,1,900
93002,1,900
93006,1,900
93020,1,900
93039,1,900
93039,1,900
93040,1,900
93053,1,900
93053,1,900
93058,1,900
93069,1,900
93087,1,900
93109,1,900
93109,1,900
93183,1,900
93184,1,900
93191,1,900
93200,1,900
93203,1,900
93208,1,900
93246,1,900
93259,1,900
93271,1,900
93279,1,900
93321,1,900
93322,1,900
93322,1,900
93325,1,900
93336,1,900
93366,1,900
93380,1,900
93413,1,900
93415,1,900
93439,1,900
93461,1,900
93476,1,900
93482,1,900
93493,1,900
93504,1,900
93519,1,900
93532,1,900
93535,1,900
93542,1,900
93547,1,900
93551,1,900
93554,1,900
93558,1,900
93586,1,900
93593,1,900
93635,1,900
93641,1,900
93654,1,900
93729,1,900
93741,1,900
93755,1,900
93776,1,900
93779,1,900
93807,1,900
93817,1,900
93832,1,900
93849,1,900
93876,1,900
93901,1,900
93937,1,900
93939,1,900
93949,1,900
93959,1,900
93965,1,900
93971,1,900
93991,1,900
94016,1,900
94025,1,900
94033,1,900
94038,1,900
94043,1,900
94079,1,900
94089,1,900
94123,1,900
94143,1,900
94267,1,900
94272,1,900
94273,1,900
94274,1,900
94280,1,900
94295,1,900
94347,1,900
94360,1,900
94397,1,900
94398,1,900
94400,1,900
94401,1,900
94416,1,900
94430,1,900
94437,1,900
94443,1,900
94460,1,900
94461,1,900
94476,1,900
94489,1,900
94512,1,900
94562,1,900
94572,1,900
94580,1,900
94596,1,900
94597,1,900
94614,1,900
94619,1,900
94627,1,900
94650,1,900
94650,1,900
94657,1,900
94661,1,900
94685,1,900
94752,1,900
94761,1,900
94763,1,900
94802,1,900
94802,1,900
94806,1,900
94867,1,900
94891,1,900
94912,1,900
94932,1,900
95027,1,900
95036,1,900
95039,1,900
95054,1,900
95056,1,900
95057,1,900
95074,1,900
95090,1,900
95140,1,900
95185,1,900
95212,1,900
95214,1,900
95224,1,900
95226,1,900
95234,1,900
95238,1,900
95343,1,900
95347,1,900
95354,1,900
95396,1,900
95401,1,900
95417,1,900
95447,1,900
95510,1,900
95549,1,900
95579,1,900
95580,1,900
95580,1,900
95628,1,900
95631,1,900
95632,1,900
95641,1,900
95642,1,900
95686,1,900
95696,1,900
95775,1,900
95776,1,900
95781,1,900
95799,1,900
95812,1,900
95831,1,900
95840,1,900
95857,1,900
95876,1,900
95920,1,900
95971,1,900
95991,1,900
96001,1,900
96004,1,900
96005,1,900
96008,1,900
96095,1,900
96108,1,900
96216,1,900
96284,1,900
96322,1,900
96331,1,900
96343,1,900
96383,1,900
96423,1,900
96453,1,900
96465,1,900
96466,1,900
96509,1,900
96510,1,900
96540,1,900
96541,1,900
96595,1,900
96604,1,900
96606,1,900
96634,1,900
96638,1,900
96649,1,900
96669,1,900
96682,1,900
96715,1,900
96762,1,900
96832,1,900
96836,1,900
96842,1,900
96870,1,900
96895,1,900
96931,1,900
96931,1,900
96946,1,900
97012,1,900
97032,1,900
97040,1,900
97041,1,900
97061,1,900
97071,1,900
97105,1,900
97109,1,900
97121,1,900
97122,1,900
97145,1,900
97158,1,900
97164,1,900
97170,1,900
97184,1,900
97185,1,900
97191,1,900
97192,1,900
97206,1,900
97207,1,900
97233,1,900
97257,1,900
97295,1,900
97301,1,900
97309,1,900
97324,1,900
97338,1,900
97341,1,900
97350,1,900
97361,1,900
97427,1,900
97432,1,900
97472,1,900
97495,1,900
97499,1,900
97517,1,900
97538,1,900
97598,1,900
97604,1,900
97624,1,900
97625,1,900
97638,1,900
97641,1,900
97642,1,900
97733,1,900
97785,1,900
97815,1,900
97832,1,900
97860,1,900
97939,1,900
97996,1,900
98035,1,900
98035,1,900
98053,1,900
98084,1,900
98089,1,900
98090,1,900
98105,1,900
98122,1,900
98126,1,900
98150,1,900
98201,1,900
98204,1,900
98207,1,900
98264,1,900
98279,1,900
98292,1,900
98306,1,900
98329,1,900
98340,1,900
98360,1,900
98372,1,900
98373,1,900
98374,1,900
98430,1,900
98439,1,900
98441,1,900
98483,1,900
98519,1,900
98529,1,900
98546,1,900
98557,1,900
98562,1,900
98583,1,900
98609,1,900
98629,1,900
98669,1,900
98720,1,900
98721,1,900
98744,1,900
98758,1,900
98782,1,900
98797,1,900
98802,1,900
98806,1,900
98820,1,900
98837,1,900
98849,1,900
98867,1,900
98875,1,900
99035,1,900
99042,1,900
99073,1,900
99089,1,900
99090,1,900
99100,1,900
99105,1,900
99118,1,900
99132,1,900
99136,1,900
99147,1,900
99150,1,900
99175,1,900
99192,1,900
99219,1,900
99253,1,900
99285,1,900
99349,1,900
99351,1,900
99360,1,900
99382,1,900
99387,1,900
99398,1,900
99438,1,900
99439,1,900
99442,1,900
99446,1,900
99465,1,900
99467,1,900
99561,1,900
99602,1,900
99618,1,900
99640,1,900
99658,1,900
99685,1,900
99706,1,900
99741,1,900
99757,1,900
99765,1,900
99801,1,900
99815,1,900
99902,1,900
99906,1,900
99927,1,900
100008,1,900
100020,1,900
100032,1,900
100044,1,900
100056,1,900
100068,1,900
100070,1,900
100116,1,900
100131,1,900
100234,1,900
100255,1,900
100276,1,900
100299,1,900
100332,1,900
100345,1,900
100356,1,900
100382,1,900
100437,1,900
100447,1,900
100480,1,900
100499,1,900
100501,1,900
100502,1,900
100513,1,900
100519,1,900
100584,1,900
100611,1,900
100638,1,900
100649,1,900
100672,1,900
100753,1,900
100787,1,900
100801,1,900
100808,1,900
100852,1,900
100865,1,900
100872,1,900
100872,1,900
100876,1,900
100909,1,900
100911,1,900
100921,1,900
100924,1,900
100928,1,900
100958,1,900
101020,1,900
101030,1,900
101048,1,900
101060,1,900
101067,1,900
101091,1,900
101123,1,900
101134,1,900
101154,1,900
101158,1,900
101212,1,900
101263,1,900
101312,1,900
101407,1,900
101424,1,900
101473,1,900
101480,1,900
101484,1,900
101493,1,900
101539,1,900
101549,1,900
101558,1,900
101612,1,900
101629,1,900
101658,1,900
101691,1,900
101778,1,900
101828,1,900
101888,1,900
101894,1,900
101896,1,900
101929,1,900
101934,1,900
102002,1,900
102010,1,900
102034,1,900
102053,1,900
102055,1,900
102073,1,900
102077,1,900
102103,1,900
102104,1,900
102111,1,900
102114,1,900
102117,1,900
102117,1,900
102140,1,900
102151,1,900
102157,1,900
102171,1,900
102198,1,900
102201,1,900
102205,1,900
102221,1,900
102229,1,900
102294,1,900
102303,1,900
102326,1,900
102356,1,900
102380,1,900
102403,1,900
102451,1,900
102520,1,900
102544,1,900
102624,1,900
102678,1,900
102729,1,900
102732,1,900
102742,1,900
102768,1,900
102778,1,900
102782,1,900
102875,1,900
102897,1,900
102906,1,900
102908,1,900
102922,1,900
102958,1,900
102970,1,900
102995,1,900
103004,1,900
103017,1,900
103017,1,900
103024,1,900
103029,1,900
103059,1,900
103062,1,900
103108,1,900
103113,1,900
103115,1,900
103127,1,900
103162,1,900
103166,1,900
103195,1,900
103229,1,900
103231,1,900
103256,1,900
103268,1,900
103282,1,900
103324,1,900
103381,1,900
103390,1,900
103410,1,900
103415,1,900
103416,1,900
103484,1,900
103500,1,900
103502,1,900
103503,1,900
103514,1,900
103525,1,900
103533,1,900
103578,1,900
103602,1,900
103628,1,900
103659,1,900
103670,1,900
103721,1,900
103741,1,900
103757,1,900
103780,1,900
104029,1,900
104032,1,900
104050,1,900
104064,1,900
104112,1,900
104130,1,900
104176,1,900
104204,1,900
104304,1,900
104498,1,900
104526,1,900
104589,1,900
104617,1,900
104620,1,900
104640,1,900
104645,1,900
104668,1,900
104682,1,900
104750,1,900
104757,1,900
104764,1,900
104780,1,900
104821,1,900
104850,1,900
104857,1,900
104858,1,900
104967,1,900
104975,1,900
104994,1,900
104999,1,900
105001,1,900
105006,1,900
105007,1,900
105010,1,900
105027,1,900
105028,1,900
105047,1,900
105049,1,900
105050,1,900
105054,1,900
105058,1,900
105064,1,900
105082,1,900
105089,1,900
105121,1,900
105127,1,900
105128,1,900
105128,1,900
105142,1,900
105151,1,900
105155,1,900
105167,1,900
105185,1,900
105188,1,900
105197,1,900
105225,1,900
105249,1,900
105258,1,900
105262,1,900
105288,1,900
105301,1,900
105308,1,900
105353,1,900
105363,1,900
105367,1,900
105375,1,900
105391,1,900
105415,1,900
105425,1,900
105436,1,900
105449,1,900
105488,1,900
105499,1,900
105505,1,900
105523,1,900
105546,1,900
105555,1,900
105576,1,900
105600,1,900
105622,1,900
105631,1,900
105687,1,900
105689,1,900
105697,1,900
105715,1,900
105743,1,900
105745,1,900
105768,1,900
106051,1,900
106176,1,900
106178,1,900
106210,1,900
106230,1,900
106234,1,900
106272,1,900
106323,1,900
106324,1,900
106345,1,900
106345,1,900
106369,1,900
106380,1,900
106383,1,900
106429,1,900
106470,1,900
106471,1,900
106504,1,900
106571,1,900
106614,1,900
106620,1,900
106645,1,900
106679,1,900
106679,1,900
106702,1,900
106718,1,900
106734,1,900
106750,1,900
106762,1,900
106799,1,900
106803,1,900
106825,1,900
106861,1,900
106895,1,900
106929,1,900
107002,1,900
107010,1,900
107017,1,900
107138,1,900
107155,1,900
107178,1,900
107189,1,900
107208,1,900
107214,1,900
107216,1,900
107240,1,900
107257,1,900
107281,1,900
107355,1,900
107355,1,900
107396,1,900
107425,1,900
107444,1,900
107475,1,900
107476,1,900
107478,1,900
107490,1,900
107533,1,900
107543,1,900
107604,1,900
107609,1,900
107648,1,900
107688,1,900
107706,1,900
107715,1,900
107724,1,900
107745,1,900
107759,1,900
107766,1,900
107768,1,900
107780,1,900
107780,1,900
108035,1,900
108050,1,900
108061,1,900
108151,1,900
108180,1,900
108209,1,900
108220,1,900
108233,1,900
108241,1,900
108247,1,900
108259,1,900
108291,1,900
108327,1,900
108396,1,900
108463,1,900
108481,1,900
108526,1,900
108527,1,900
108633,1,900
108651,1,900
108661,1,900
108702,1,900
108707,1,900
108721,1,900
108726,1,900
108731,1,900
108765,1,900
108766,1,900
108802,1,900
108923,1,900
108946,1,900
109017,1,900
109019,1,900
109030,1,900
109041,1,900
109056,1,900
109105,1,900
109191,1,900
109207,1,900
109226,1,900
109233,1,900
109235,1,900
109240,1,900
109331,1,900
109344,1,900
109357,1,900
109375,1,900
109423,1,900
109473,1,900
109498,1,900
109501,1,900
109516,1,900
109562,1,900
109589,1,900
109591,1,900
109600,1,900
109618,1,900
109705,1,900
109713,1,900
109749,1,900
109752,1,900
109781,1,900
109783,1,900
109786,1,900
109814,1,900
109838,1,900
110044,1,900
110063,1,900
110153,1,900
110190,1,900
110218,1,900
110233,1,900
110238,1,900
110274,1,900
110278,1,900
110289,1,900
110434,1,900
110440,1,900
110444,1,900
110524,1,900
110543,1,900
110585,1,900
110622,1,900
110646,1,900
110686,1,900
110737,1,900
110739,1,900
110763,1,900
110804,1,900
110842,1,900
110992,1,900
110996,1,900
111017,1,900
111030,1,900
111033,1,900
111036,1,900
111041,1,900
111046,1,900
111051,1,900
111076,1,900
111088,1,900
111089,1,900
111092,1,900
111102,1,900
111102,1,900
111105,1,900
111121,1,900
111135,1,900
111191,1,900
111193,1,900
111304,1,900
111306,1,900
111359,1,900
111386,1,900
111443,1,900
111449,1,900
111463,1,900
111479,1,900
111500,1,900
111522,1,900
111528,1,900
111529,1,900
111532,1,900
111568,1,900
111568,1,900
111671,1,900
111791,1,900
111801,1,900
111844,1,900
111848,1,900
111862,1,900
111886,1,900
111887,1,900
111910,1,900
111913,1,900
111929,1,900
112054,1,900
112057,1,900
112107,1,900
112110,1,900
112120,1,900
112198,1,900
112206,1,900
112209,1,900
112211,1,900
112214,1,900
112247,1,900
112274,1,900
112323,1,900
112336,1,900
112454,1,900
112457,1,900
112483,1,900
112494,1,900
112534,1,900
112571,1,900
112579,1,900
112634,1,900
112667,1,900
112670,1,900
112684,1,900
112701,1,900
112706,1,900
112708,1,900
112743,1,900
112753,1,900
112768,1,900
112784,1,900
112810,1,900
112826,1,900
112840,1,900
112905,1,900
113056,1,900
113087,1,900
113213,1,900
113218,1,900
113338,1,900
113351,1,900
113365,1,900
113406,1,900
113473,1,900
113497,1,900
113627,1,900
113650,1,900
113652,1,900
113676,1,900
113677,1,900
113742,1,900
113743,1,900
113781,1,900
113810,1,900
113838,1,900
113863,1,900
113898,1,900
113920,1,900
113955,1,900
113990,1,900
114001,1,900
114034,1,900
114048,1,900
114061,1,900
114065,1,900
114073,1,900
114085,1,900
114097,1,900
114109,1,900
114120,1,900
114126,1,900
114129,1,900
114218,1,900
114226,1,900
114249,1,900
114255,1,900
114284,1,900
114299,1,900
114322,1,900
114361,1,900
114363,1,900
114364,1,900
114368,1,900
114389,1,900
114392,1,900
114394,1,900
114399,1,900
114469,1,900
114476,1,900
114558,1,900
114559,1,900
114578,1,900
114587,1,900
114664,1,900
114706,1,900
114723,1,900
114804,1,900
115033,1,900
115054,1,900
115059,1,900
115068,1,900
115070,1,900
115084,1,900
115126,1,900
115138,1,900
115141,1,900
115161,1,900
115170,1,900
115211,1,900
115254,1,900
115261,1,900
115280,1,900
115351,1,900
115438,1,900
115460,1,900
115473,1,900
115487,1,900
115497,1,900
115506,1,900
115531,1,900
115558,1,900
115577,1,900
115587,1,900
115596,1,900
115667,1,900
115675,1,900
115679,1,900
115755,1,900
116007,1,900
116007,1,900
116041,1,900
116070,1,900
116105,1,900
116127,1,900
116152,1,900
116167,1,900
116196,1,900
116212,1,900
116253,1,900
116292,1,900
116294,1,900
116299,1,900
116331,1,900
116380,1,900
116384,1,900
116409,1,900
116477,1,900
116513,1,900
116518,1,900
116532,1,900
116569,1,900
116569,1,900
116620,1,900
116662,1,900
116693,1,900
116698,1,900
116729,1,900
116745,1,900
116764,1,900
116770,1,900
117019,1,900
117095,1,900
117129,1,900
117137,1,900
117144,1,900
117155,1,900
117160,1,900
117239,1,900
117251,1,900
117255,1,900
117353,1,900
117362,1,900
117414,1,900
117462,1,900
117507,1,900
117510,1,900
117541,1,900
117601,1,900
117605,1,900
117620,1,900
117626,1,900
117640,1,900
117668,1,900
117693,1,900
117752,1,900
117772,1,900
117775,1,900
117799,1,900
117807,1,900
117890,1,900
117937,1,900
117955,1,900
117991,1,900
118014,1,900
118043,1,900
118057,1,900
118058,1,900
118099,1,900
118217,1,900
118233,1,900
118258,1,900
118330,1,900
118373,1,900
118413,1,900
118454,1,900
118461,1,900
118472,1,900
118571,1,900
118590,1,900
118666,1,900
118679,1,900
118815,1,900
118822,1,900
118882,1,900
118917,1,900
118925,1,900
118967,1,900
118989,1,900
119018,1,900
119045,1,900
119089,1,900
119106,1,900
119130,1,900
119238,1,900
119249,1,900
119267,1,900
119343,1,900
119374,1,900
119392,1,900
119481,1,900
119512,1,900
119574,1,900
119578,1,900
119658,1,900
119658,1,900
119779,1,900
119804,1,900
119830,1,900
119853,1,900
120006,1,900
120042,1,900
120046,1,900
120048,1,900
120080,1,900
120120,1,900
120178,1,900
120214,1,900
120236,1,900
120237,1,900
120346,1,900
120351,1,900
120406,1,900
120453,1,900
120477,1,900
120574,1,900
120612,1,900
120624,1,900
120675,1,900
120684,1,900
120692,1,900
120717,1,900
120746,1,900
120783,1,900
120800,1,900
120827,1,900
120855,1,900
121006,1,900
121031,1,900
121072,1,900
121133,1,900
121266,1,900
121387,1,900
121400,1,900
121426,1,900
121432,1,900
121453,1,900
121472,1,900
121499,1,900
121541,1,900
121596,1,900
121690,1,900
121800,1,900
121804,1,900
121818,1,900
121835,1,900
121899,1,900
121927,1,900
121982,1,900
122007,1,900
122019,1,900
122024,1,900
122098,1,900
122121,1,900
122123,1,900
122258,1,900
122266,1,900
122291,1,900
122348,1,900
122358,1,900
122395,1,900
122438,1,900
122441,1,900
122570,1,900
122593,1,900
122627,1,900
122660,1,900
122729,1,900
122755,1,900
122763,1,900
122769,1,900
122818,1,900
122888,1,900
122944,1,900
123007,1,900
123078,1,900
123127,1,900
123189,1,900
123199,1,900
123298,1,900
123314,1,900
123327,1,900
123368,1,900
123422,1,900
123436,1,900
123525,1,900
123615,1,900
123656,1,900
123717,1,900
123795,1,900
123831,1,900
123842,1,900
123844,1,900
123882,1,900
123993,1,900
123997,1,900
124033,1,900
124053,1,900
124067,1,900
124149,1,900
124176,1,900
124214,1,900
124244,1,900
124277,1,900
124295,1,900
124302,1,900
124307,1,900
124319,1,900
124330,1,900
124336,1,900
124366,1,900
124397,1,900
124408,1,900
124410,1,900
124419,1,900
124425,1,900
124449,1,900
124456,1,900
124475,1,900
124530,1,900
125049,1,900
125156,1,900
125293,1,900
125349,1,900
125358,1,900
125423,1,900
125494,1,900
125502,1,900
125514,1,900
125515,1,900
125531,1,900
125647,1,900
125667,1,900
125706,1,900
125718,1,900
125889,1,900
125950,1,900
125985,1,900
126016,1,900
126072,1,900
126088,1,900
126179,1,900
126312,1,900
126433,1,900
126446,1,900
126526,1,900
126567,1,900
126584,1,900
126592,1,900
126609,1,900
126676,1,900
126681,1,900
126699,1,900
126813,1,900
126851,1,900
126918,1,900
126939,1,900
126945,1,900
127005,1,900
127041,1,900
127083,1,900
127092,1,900
127103,1,900
127256,1,900
127319,1,900
127416,1,900
127444,1,900
127573,1,900
127655,1,900
127737,1,900
127803,1,900
127805,1,900
127888,1,900
127915,1,900
127928,1,900
127956,1,900
127960,1,900
127962,1,900
128067,1,900
128089,1,900
128113,1,900
128158,1,900
128206,1,900
128225,1,900
128250,1,900
128251,1,900
128265,1,900
128428,1,900
128451,1,900
128655,1,900
128681,1,900
128724,1,900
128808,1,900
128986,1,900
129016,1,900
129023,1,900
129035,1,900
129042,1,900
129057,1,900
129177,1,900
129178,1,900
129215,1,900
129247,1,900
129305,1,900
129314,1,900
129353,1,900
129395,1,900
129407,1,900
129430,1,900
129527,1,900
129573,1,900
129578,1,900
129643,1,900
129735,1,900
129795,1,900
129806,1,900
129868,1,900
129872,1,900
129887,1,900
129947,1,900
130016,1,900
130025,1,900
130056,1,900
130060,1,900
130095,1,900
130096,1,900
130163,1,900
130182,1,900
130199,1,900
130264,1,900
130408,1,900
130481,1,900
130498,1,900
130515,1,900
130661,1,900
130734,1,900
130734,1,900
130734,1,900
130738,1,900
130778,1,900
130866,1,900
130957,1,900
130978,1,900
131055,1,900
131192,1,900
131255,1,900
131381,1,900
131562,1,900
131605,1,900
131772,1,900
131777,1,900
131927,1,900
132042,1,900
132067,1,900
132069,1,900
132079,1,900
132084,1,900
132138,1,900
132192,1,900
132194,1,900
132217,1,900
132229,1,900
132261,1,900
132380,1,900
132399,1,900
132407,1,900
132413,1,900
132494,1,900
132562,1,900
132638,1,900
132652,1,900
132884,1,900
132885,1,900
132939,1,900
132987,1,900
133029,1,900
133174,1,900
133176,1,900
133194,1,900
133286,1,900
133326,1,900
133359,1,900
133455,1,900
133639,1,900
133707,1,900
133782,1,900
133991,1,900
134003,1,900
134068,1,900
134087,1,900
134103,1,900
134158,1,900
134420,1,900
134475,1,900
134557,1,900
134685,1,900
134764,1,900
134779,1,900
134783,1,900
134887,1,900
134900,1,900
134923,1,900
135019,1,900
135383,1,900
135428,1,900
135461,1,900
135501,1,900
135651,1,900
135726,1,900
135727,1,900
135839,1,900
136022,1,900
136079,1,900
136101,1,900
136152,1,900
136165,1,900
136192,1,900
136200,1,900
136224,1,900
136259,1,900
136265,1,900
136328,1,900
136358,1,900
136441,1,900
136497,1,900
136511,1,900
136560,1,900
136592,1,900
136610,1,900
136695,1,900
136715,1,900
137059,1,900
137186,1,900
137212,1,900
137483,1,900
137686,1,900
137717,1,900
137725,1,900
137764,1,900
137786,1,900
137816,1,900
138035,1,900
138120,1,900
138222,1,900
138237,1,900
138281,1,900
138301,1,900
138320,1,900
138325,1,900
138398,1,900
138570,1,900
138741,1,900
138856,1,900
138902,1,900
139002,1,900
139017,1,900
139062,1,900
139090,1,900
139111,1,900
139133,1,900
139255,1,900
139283,1,900
139424,1,900
139613,1,900
139660,1,900
139700,1,900
139897,1,900
139910,1,900
139986,1,900
140043,1,900
140128,1,900
140191,1,900
140196,1,900
140337,1,900
140467,1,900
140479,1,900
140483,1,900
140492,1,900
140495,1,900
140652,1,900
140722,1,900
141053,1,900
141071,1,900
141267,1,900
141290,1,900
141434,1,900
141451,1,900
141482,1,900
141491,1,900
141612,1,900
141712,1,900
141728,1,900
141806,1,900
141897,1,900
142010,1,900
142041,1,900
142080,1,900
142110,1,900
142143,1,900
142207,1,900
142226,1,900
142267,1,900
142324,1,900
142364,1,900
142377,1,900
142561,1,900
142764,1,900
142785,1,900
143317,1,900
143410,1,900
143433,1,900
143507,1,900
143639,1,900
143645,1,900
144029,1,900
144039,1,900
144104,1,900
144118,1,900
144149,1,900
144448,1,900
144532,1,900
144562,1,900
144638,1,900
144730,1,900
144744,1,900
144844,1,900
145033,1,900
145054,1,900
145063,1,900
145068,1,900
145101,1,900
145149,1,900
145153,1,900
145176,1,900
145248,1,900
145254,1,900
145339,1,900
145384,1,900
146031,1,900
146032,1,900
146363,1,900
146401,1,900
146429,1,900
146519,1,900
146548,1,900
146553,1,900
146627,1,900
146726,1,900
147013,1,900
147097,1,900
147104,1,900
147432,1,900
147635,1,900
147674,1,900
147675,1,900
147707,1,900
148004,1,900
148087,1,900
148133,1,900
148160,1,900
148193,1,900
148247,1,900
148265,1,900
148330,1,900
148351,1,900
148431,1,900
148479,1,900
148744,1,900
149355,1,900
149476,1,900
149584,1,900
149598,1,900
149729,1,900
149733,1,900
150011,1,900
150058,1,900
150205,1,900
150251,1,900
150267,1,900
150461,1,900
150490,1,900
150558,1,900
151153,1,900
151292,1,900
151378,1,900
151729,1,900
151926,1,900
152003,1,900
152083,1,900
152142,1,900
152197,1,900
152491,1,900
152635,1,900
152690,1,900
152759,1,900
153013,1,900
153066,1,900
153127,1,900
153147,1,900
153179,1,900
153262,1,900
153300,1,900
153454,1,900
153518,1,900
153526,1,900
153586,1,900
153646,1,900
153719,1,900
153801,1,900
154107,1,900
154128,1,900
154401,1,900
154441,1,900
154467,1,900
154471,1,900
154540,1,900
154589,1,900
154760,1,900
154888,1,900
155071,1,900
155336,1,900
155569,1,900
155635,1,900
155883,1,900
156017,1,900
156077,1,900
156159,1,900
156354,1,900
156811,1,900
157005,1,900
157045,1,900
157134,1,900
157211,1,900
157218,1,900
157220,1,900
157466,1,900
157631,1,900
157736,1,900
158036,1,900
158216,1,900
158364,1,900
158436,1,900
158455,1,900
158521,1,900
158981,1,900
159243,1,900
159336,1,900
159480,1,900
159605,1,900
159661,1,900
159779,1,900
160037,1,900
160042,1,900
160067,1,900
160301,1,900
160325,1,900
160340,1,900
160482,1,900
160798,1,900
160814,1,900
160912,1,900
160913,1,900
161030,1,900
161083,1,900
161676,1,900
162049,1,900
162062,1,900
162069,1,900
162076,1,900
162755,1,900
162817,1,900
163052,1,900
163133,1,900
163157,1,900
163648,1,900
164063,1,900
164825,1,900
165069,1,900
165228,1,900
165235,1,900
165280,1,900
165296,1,900
165301,1,900
165348,1,900
165354,1,900
165355,1,900
165365,1,900
165396,1,900
165423,1,900
165567,1,900
165604,1,900
165634,1,900
165671,1,900
165687,1,900
165694,1,900
165776,1,900
166018,1,900
166057,1,900
166233,1,900
166306,1,900
166615,1,900
166745,1,900
167093,1,900
167132,1,900
167762,1,900
167898,1,900
167947,1,900
168137,1,900
168143,1,900
168343,1,900
168361,1,900
168372,1,900
168467,1,900
168598,1,900
168692,1,900
168747,1,900
168770,1,900
168821,1,900
168991,1,900
169245,1,900
169426,1,900
169952,1,900
170025,1,900
170073,1,900
170091,1,900
170095,1,900
170211,1,900
170231,1,900
170538,1,900
170924,1,900
171192,1,900
171354,1,900
171371,1,900
171410,1,900
171413,1,900
171539,1,900
171606,1,900
172056,1,900
172177,1,900
172240,1,900
172461,1,900
172506,1,900
172533,1,900
172534,1,900
172572,1,900
173013,1,900
173065,1,900
174584,1,900
174599,1,900
174625,1,900
175051,1,900
175382,1,900
175460,1,900
175530,1,900
175587,1,900
175642,1,900
176008,1,900
176052,1,900
176387,1,900
176614,1,900
177039,1,900
177094,1,900
177154,1,900
177327,1,900
177353,1,900
177406,1,900
177417,1,900
177456,1,900
177478,1,900
177538,1,900
177802,1,900
177832,1,900
177884,1,900
177887,1,900
177891,1,900
177929,1,900
177974,1,900
178029,1,900
178050,1,900
178080,1,900
178157,1,900
178188,1,900
178200,1,900
178530,1,900
178537,1,900
178802,1,900
178981,1,900
179004,1,900
179048,1,900
179149,1,900
179348,1,900
179646,1,900
179653,1,900
179880,1,900
180034,1,900
180046,1,900
180080,1,900
180240,1,900
180686,1,900
180733,1,900
180749,1,900
181067,1,900
181088,1,900
181097,1,900
181536,1,900
181632,1,900
182244,1,900
182621,1,900
183072,1,900
183104,1,900
183113,1,900
183153,1,900
183159,1,900
183173,1,900
183405,1,900
183432,1,900
183452,1,900
183581,1,900
183640,1,900
184287,1,900
184340,1,900
184383,1,900
184491,1,900
184585,1,900
184707,1,900
184786,1,900
184887,1,900
184928,1,900
184929,1,900
185251,1,900
185740,1,900
185793,1,900
185829,1,900
185914,1,900
185925,1,900
186329,1,900
186374,1,900
186449,1,900
186457,1,900
186750,1,900
187139,1,900
187160,1,900
187292,1,900
187332,1,900
187768,1,900
188014,1,900
188171,1,900
188236,1,900
188315,1,900
188326,1,900
188372,1,900
189079,1,900
189088,1,900
189216,1,900
189238,1,900
189256,1,900
189297,1,900
189346,1,900
189359,1,900
189511,1,900
189526,1,900
189579,1,900
189591,1,900
189686,1,900
189693,1,900
189823,1,900
189838,1,900
189882,1,900
190285,1,900
190287,1,900
190350,1,900
190517,1,900
190754,1,900
190789,1,900
190965,1,900
191238,1,900
191275,1,900
191604,1,900
191648,1,900
191894,1,900
191972,1,900
192009,1,900
192037,1,900
192076,1,900
192174,1,900
192478,1,900
192563,1,900
192643,1,900
192733,1,900
192752,1,900
192792,1,900
193258,1,900
193298,1,900
193451,1,900
193736,1,900
193776,1,900
193945,1,900
194300,1,900
194592,1,900
194649,1,900
194661,1,900
194680,1,900
194927,1,900
195023,1,900
195070,1,900
195080,1,900
195132,1,900
195132,1,900
195301,1,900
195444,1,900
195537,1,900
195802,1,900
196057,1,900
196089,1,900
196501,1,900
196503,1,900
196558,1,900
196584,1,900
196586,1,900
196653,1,900
197107,1,900
197164,1,900
197473,1,900
198393,1,900
198396,1,900
198564,1,900
198575,1,900
198683,1,900
199091,1,900
199150,1,900
199299,1,900
199420,1,900
199515,1,900
199534,1,900
199578,1,900
199789,1,900
199863,1,900
199907,1,900
200153,1,900
200302,1,900
200491,1,900
201120,1,900
201164,1,900
201166,1,900
201179,1,900
201213,1,900
201285,1,900
201290,1,900
201322,1,900
201347,1,900
201388,1,900
201501,1,900
201653,1,900
201720,1,900
201733,1,900
201804,1,900
201881,1,900
201892,1,900
201960,1,900
201965,1,900
201982,1,900
201995,1,900
202084,1,900
202104,1,900
202125,1,900
202436,1,900
202536,1,900
202622,1,900
202757,1,900
202768,1,900
202854,1,900
202925,1,900
202938,1,900
203038,1,900
203205,1,900
203235,1,900
203507,1,900
203590,1,900
203817,1,900
203824,1,900
203832,1,900
203961,1,900
204245,1,900
204654,1,900
204677,1,900
204686,1,900
204701,1,900
204862,1,900
204962,1,900
204971,1,900
205042,1,900
205068,1,900
205159,1,900
205313,1,900
205389,1,900
205605,1,900
205792,1,900
205946,1,900
206122,1,900
206196,1,900
206223,1,900
206314,1,900
206344,1,900
206415,1,900
206495,1,900
206522,1,900
206734,1,900
206871,1,900
207214,1,900
207252,1,900
207380,1,900
207391,1,900
207404,1,900
207502,1,900
207741,1,900
207945,1,900
207993,1,900
208016,1,900
208024,1,900
208040,1,900
208109,1,900
208133,1,900
208248,1,900
208356,1,900
208413,1,900
208493,1,900
208560,1,900
208616,1,900
209660,1,900
209869,1,900
210067,1,900
210106,1,900
210142,1,900
210249,1,900
210289,1,900
210340,1,900
210353,1,900
210431,1,900
211032,1,900
211177,1,900
211222,1,900
211273,1,900
211326,1,900
211688,1,900
212122,1,900
212201,1,900
212286,1,900
212294,1,900
212342,1,900
212964,1,900
213039,1,900
213051,1,900
213076,1,900
213218,1,900
213232,1,900
213243,1,900
213268,1,900
213319,1,900
213334,1,900
213420,1,900
213441,1,900
213619,1,900
213634,1,900
213727,1,900
213857,1,900
213900,1,900
213912,1,900
214012,1,900
214077,1,900
214111,1,900
214125,1,900
214190,1,900
214193,1,900
214235,1,900
214255,1,900
214275,1,900
214330,1,900
214335,1,900
214422,1,900
214511,1,900
214612,1,900
214768,1,900
214786,1,900
214991,1,900
215014,1,900
215040,1,900
215055,1,900
215142,1,900
215170,1,900
215185,1,900
215191,1,900
215192,1,900
215378,1,900
215435,1,900
215504,1,900
215527,1,900
216163,1,900
216439,1,900
216448,1,900
216653,1,900
216676,1,900
216713,1,900
216750,1,900
216777,1,900
216832,1,900
217063,1,900
217124,1,900
217149,1,900
217240,1,900
217259,1,900
217347,1,900
217946,1,900
217949,1,900
217951,1,900
218001,1,900
218044,1,900
218080,1,900
218128,1,900
218144,1,900
218249,1,900
218294,1,900
218584,1,900
218721,1,900
218828,1,900
219041,1,900
219050,1,900
219077,1,900
219157,1,900
219320,1,900
219394,1,900
219416,1,900
219639,1,900
219700,1,900
219715,1,900
220012,1,900
220025,1,900
220105,1,900
220106,1,900
220299,1,900
220401,1,900
220428,1,900
220436,1,900
220545,1,900
220568,1,900
220595,1,900
220819,1,900
221041,1,900
221042,1,900
221262,1,900
221278,1,900
221745,1,900
221793,1,900
221875,1,900
221900,1,900
221987,1,900
222044,1,900
222190,1,900
222212,1,900
222260,1,900
222275,1,900
222392,1,900
222487,1,900
222501,1,900
222614,1,900
223050,1,900
223051,1,900
223052,1,900
223277,1,900
223444,1,900
223586,1,900
223630,1,900
223713,1,900
223845,1,900
224013,1,900
224020,1,900
224449,1,900
224500,1,900
224719,1,900
224769,1,900
224771,1,900
224924,1,900
224971,1,900
225005,1,900
225020,1,900
225131,1,900
225182,1,900
225185,1,900
225192,1,900
225212,1,900
225216,1,900
225219,1,900
225232,1,900
225263,1,900
225275,1,900
225293,1,900
225294,1,900
225324,1,900
225335,1,900
225343,1,900
225475,1,900
225490,1,900
225644,1,900
225658,1,900
225756,1,900
225759,1,900
225837,1,900
225849,1,900
226040,1,900
226150,1,900
226155,1,900
226173,1,900
226175,1,900
226197,1,900
226199,1,900
226222,1,900
226244,1,900
226248,1,900
226280,1,900
226301,1,900
226409,1,900
226413,1,900
226460,1,900
226491,1,900
226560,1,900
226633,1,900
226657,1,900
226742,1,900
227011,1,900
227068,1,900
227165,1,900
227194,1,900
227257,1,900
227348,1,900
227378,1,900
227406,1,900
227444,1,900
227552,1,900
227558,1,900
227640,1,900
227651,1,900
227657,1,900
227726,1,900
227782,1,900
227894,1,900
227945,1,900
227999,1,900
228002,1,900
228071,1,900
228130,1,900
228164,1,900
228185,1,900
228199,1,900
228218,1,900
228413,1,900
228424,1,900
228656,1,900
228680,1,900
228774,1,900
228806,1,900
228836,1,900
228841,1,900
228869,1,900
228944,1,900
228956,1,900
229001,1,900
229003,1,900
229070,1,900
229073,1,900
229136,1,900
229219,1,900
229284,1,900
229302,1,900
229334,1,900
229371,1,900
229527,1,900
229597,1,900
229630,1,900
229805,1,900
229887,1,900
229916,1,900
229920,1,900
229921,1,900
230134,1,900
230241,1,900
230348,1,900
230402,1,900
230431,1,900
230458,1,900
230477,1,900
230537,1,900
230660,1,900
230706,1,900
231010,1,900
231024,1,900
231098,1,900
231135,1,900
231160,1,900
231219,1,900
231221,1,900
231251,1,900
231279,1,900
231290,1,900
231305,1,900
231310,1,900
231319,1,900
231367,1,900
231370,1,900
231495,1,900
231548,1,900
231633,1,900
231636,1,900
231690,1,900
231829,1,900
231835,1,900
231935,1,900
232042,1,900
232072,1,900
232095,1,900
232136,1,900
232151,1,900
232155,1,900
232164,1,900
232187,1,900
232237,1,900
232274,1,900
232327,1,900
232407,1,900
232425,1,900
232508,1,900
232543,1,900
232550,1,900
232656,1,900
232659,1,900
233218,1,900
233308,1,900
233388,1,900
233463,1,900
233504,1,900
233538,1,900
233582,1,900
233608,1,900
233691,1,900
233921,1,900
233970,1,900
233975,1,900
234022,1,900
234033,1,900
234066,1,900
234295,1,900
234321,1,900
234531,1,900
234605,1,900
234694,1,900
234742,1,900
234834,1,900
234911,1,900
234995,1,900
235039,1,900
235051,1,900
235263,1,900
235353,1,900
235369,1,900
235483,1,900
235488,1,900
235491,1,900
235508,1,900
235577,1,900
235614,1,900
235870,1,900
235970,1,900
236001,1,900
236015,1,900
236040,1,900
236061,1,900
236096,1,900
236121,1,900
236152,1,900
236162,1,900
236210,1,900
236219,1,900
236233,1,900
236234,1,900
236281,1,900
236324,1,900
236357,1,900
236361,1,900
236416,1,900
236518,1,900
236621,1,900
236649,1,900
236660,1,900
236796,1,900
236898,1,900
237038,1,900
237077,1,900
237084,1,900
237107,1,900
237123,1,900
237156,1,900
237177,1,900
237191,1,900
237338,1,900
237404,1,900
237505,1,900
237587,1,900
237602,1,900
237659,1,900
237691,1,900
237707,1,900
237732,1,900
237747,1,900
237770,1,900
237948,1,900
237960,1,900
238000,1,900
238008,1,900
238066,1,900
238087,1,900
238104,1,900
238105,1,900
238115,1,900
238125,1,900
238138,1,900
238151,1,900
238170,1,900
238183,1,900
238189,1,900
238221,1,900
238225,1,900
238260,1,900
238265,1,900
238284,1,900
238297,1,900
238324,1,900
238350,1,900
238367,1,900
238367,1,900
238431,1,900
238433,1,900
238434,1,900
238442,1,900
238456,1,900
238460,1,900
238528,1,900
238549,1,900
239027,1,900
239049,1,900
239147,1,900
239157,1,900
239357,1,900
239384,1,900
239397,1,900
239404,1,900
239433,1,900
239440,1,900
239513,1,900
239522,1,900
239574,1,900
239581,1,900
239645,1,900
239847,1,900
239853,1,900
239984,1,900
239986,1,900
240014,1,900
240025,1,900
240035,1,900
240081,1,900
240089,1,900
240123,1,900
240154,1,900
240214,1,900
240234,1,900
240251,1,900
240322,1,900
240356,1,900
240389,1,900
240435,1,900
240558,1,900
240623,1,900
240669,1,900
240698,1,900
240755,1,900
240838,1,900
240898,1,900
241015,1,900
241022,1,900
241067,1,900
241093,1,900
241105,1,900
241121,1,900
241192,1,900
241194,1,900
241231,1,900
241262,1,900
241445,1,900
241574,1,900
241590,1,900
241647,1,900
241651,1,900
241858,1,900
241909,1,900
242019,1,900
242021,1,900
242043,1,900
242104,1,900
242124,1,900
242186,1,900
242200,1,900
242275,1,900
242307,1,900
242468,1,900
242493,1,900
242506,1,900
242541,1,900
242589,1,900
242590,1,900
242591,1,900
242625,1,900
242630,1,900
242691,1,900
242697,1,900
243006,1,900
243061,1,900
243074,1,900
243164,1,900
243179,1,900
243191,1,900
243204,1,900
243288,1,900
243333,1,900
243394,1,900
243485,1,900
243502,1,900
243544,1,900
243565,1,900
243632,1,900
243762,1,900
243829,1,900
243955,1,900
243970,1,900
244055,1,900
244060,1,900
244068,1,900
244097,1,900
244114,1,900
244152,1,900
244152,1,900
244167,1,900
244174,1,900
244249,1,900
244375,1,900
244378,1,900
244621,1,900
244697,1,900
244755,1,900
244756,1,900
244758,1,900
244784,1,900
244803,1,900
244839,1,900
244935,1,900
245006,1,900
245019,1,900
245031,1,900
245032,1,900
245101,1,900
245153,1,900
245171,1,900
245461,1,900
245468,1,900
245533,1,900
245588,1,900
245627,1,900
245706,1,900
245728,1,900
245806,1,900
245832,1,900
245892,1,900
246012,1,900
246029,1,900
246094,1,900
246123,1,900
246165,1,900
246181,1,900
246348,1,900
246439,1,900
246453,1,900
246476,1,900
246512,1,900
246557,1,900
246593,1,900
246787,1,900
246861,1,900
246883,1,900
246932,1,900
247231,1,900
247249,1,900
247542,1,900
247720,1,900
247823,1,900
247835,1,900
247850,1,900
248010,1,900
248042,1,900
248047,1,900
248149,1,900
248195,1,900
248206,1,900
248239,1,900
248265,1,900
248321,1,900
248334,1,900
248414,1,900
248478,1,900
248632,1,900
248735,1,900
248905,1,900
249039,1,900
249062,1,900
249118,1,900
249127,1,900
249131,1,900
249132,1,900
249147,1,900
249148,1,900
249158,1,900
249197,1,900
249215,1,900
249237,1,900
249267,1,900
249278,1,900
249279,1,900
249284,1,900
249286,1,900
249287,1,900
249296,1,900
249323,1,900
249334,1,900
249359,1,900
249364,1,900
249365,1,900
249394,1,900
249437,1,900
249510,1,900
249615,1,900
249653,1,900
249658,1,900
249666,1,900
250035,1,900
250074,1,900
250096,1,900
250175,1,900
250284,1,900
250332,1,900
250343,1,900
250434,1,900
250488,1,900
250532,1,900
250578,1,900
250591,1,900
250701,1,900
250747,1,900
250795,1,900
250839,1,900
251040,1,900
251137,1,900
251146,1,900
251213,1,900
251228,1,900
251349,1,900
251360,1,900
251383,1,900
251394,1,900
251463,1,900
251465,1,900
251476,1,900
251476,1,900
251604,1,900
252039,1,900
252078,1,900
252150,1,900
252157,1,900
252323,1,900
252406,1,900
252435,1,900
252506,1,900
252514,1,900
252675,1,900
252694,1,900
252714,1,900
252778,1,900
252795,1,900
252801,1,900
252804,1,900
252819,1,900
253251,1,900
253365,1,900
253432,1,900
253453,1,900
253467,1,900
253746,1,900
253749,1,900
253807,1,900
253833,1,900
253875,1,900
253918,1,900
254010,1,900
254018,1,900
254035,1,900
254129,1,900
254132,1,900
254176,1,900
254185,1,900
254186,1,900
254197,1,900
254267,1,900
254306,1,900
254309,1,900
254561,1,900
254583,1,900
254758,1,900
254764,1,900
254926,1,900
254976,1,900
255012,1,900
255204,1,900
255232,1,900
255278,1,900
255352,1,900
255377,1,900
255410,1,900
255410,1,900
255472,1,900
255511,1,900
255520,1,900
255626,1,900
255695,1,900
255733,1,900
255763,1,900
256107,1,900
256125,1,900
256168,1,900
256198,1,900
256239,1,900
256361,1,900
256430,1,900
256553,1,900
256557,1,900
256587,1,900
256601,1,900
256878,1,900
256901,1,900
256953,1,900
257044,1,900
257099,1,900
257124,1,900
257153,1,900
257155,1,900
257229,1,900
257244,1,900
257280,1,900
257351,1,900
257369,1,900
257401,1,900
257478,1,900
257583,1,900
257623,1,900
257624,1,900
257741,1,900
257804,1,900
257980,1,900
258181,1,900
258350,1,900
258364,1,900
258382,1,900
258422,1,900
258526,1,900
258567,1,900
258569,1,900
258783,1,900
258789,1,900
258813,1,900
258834,1,900
258841,1,900
258878,1,900
259109,1,900
259116,1,900
259138,1,900
259160,1,900
259170,1,900
259279,1,900
259353,1,900
259427,1,900
259479,1,900
259586,1,900
259778,1,900
259810,1,900
259963,1,900
260016,1,900
260044,1,900
260140,1,900
260339,1,900
260421,1,900
260442,1,900
260472,1,900
260514,1,900
260534,1,900
260681,1,900
260702,1,900
260724,1,900
260894,1,900
260896,1,900
261030,1,900
261030,1,900
261040,1,900
261052,1,900
261286,1,900
261287,1,900
261411,1,900
261413,1,900
261425,1,900
261474,1,900
261522,1,900
261582,1,900
261584,1,900
261700,1,900
261744,1,900
261887,1,900
262003,1,900
262015,1,900
262052,1,900
262078,1,900
262100,1,900
262104,1,900
262110,1,900
262174,1,900
262207,1,900
262420,1,900
262421,1,900
262560,1,900
262576,1,900
263148,1,900
263203,1,900
263364,1,900
263763,1,900
263859,1,900
263871,1,900
263904,1,900
263974,1,900
263981,1,900
263988,1,900
264025,1,900
264032,1,900
264154,1,900
264181,1,900
264433,1,900
264680,1,900
264700,1,900
264779,1,900
264871,1,900
264909,1,900
264965,1,900
265112,1,900
265135,1,900
265159,1,900
265546,1,900
265781,1,900
265865,1,900
266053,1,900
266121,1,900
266200,1,900
266284,1,900
266339,1,900
266407,1,900
266511,1,900
266532,1,900
266584,1,900
266751,1,900
267001,1,900
267010,1,900
267013,1,900
267341,1,900
267358,1,900
267395,1,900
267575,1,900
267624,1,900
267701,1,900
267800,1,900
267906,1,900
268132,1,900
268188,1,900
268228,1,900
268339,1,900
268970,1,900
268974,1,900
269055,1,900
269314,1,900
269320,1,900
269422,1,900
269708,1,900
269951,1,900
270042,1,900
270277,1,900
270358,1,900
270407,1,900
270570,1,900
270780,1,900
270816,1,900
270990,1,900
271050,1,900
271061,1,900
271229,1,900
271576,1,900
271787,1,900
271808,1,900
272063,1,900
272204,1,900
272223,1,900
272291,1,900
272561,1,900
273133,1,900
273245,1,900
273309,1,900
273506,1,900
273556,1,900
274040,1,900
274583,1,900
274618,1,900
274700,1,900
274715,1,900
274734,1,900
275550,1,900
275836,1,900
275992,1,900
276096,1,900
276145,1,900
276152,1,900
276299,1,900
276368,1,900
276559,1,900
276654,1,900
277430,1,900
277532,1,900
277973,1,900
278242,1,900
279046,1,900
279133,1,900
279788,1,900
280069,1,900
280114,1,900
280691,1,900
281675,1,900
281803,1,900
282049,1,900
282092,1,900
282151,1,900
282686,1,900
283006,1,900
283038,1,900
283106,1,900
283133,1,900
283155,1,900
283199,1,900
283244,1,900
283312,1,900
283367,1,900
283372,1,900
283473,1,900
283685,1,900
283724,1,900
283727,1,900
283819,1,900
283894,1,900
284031,1,900
284094,1,900
284121,1,900
284167,1,900
284245,1,900
284514,1,900
284746,1,900
284907,1,900
285035,1,900
285185,1,900
285254,1,900
285293,1,900
285388,1,900
285431,1,900
286000,1,900
286127,1,900
286260,1,900
286462,1,900
286520,1,900
286523,1,900
287260,1,900
287450,1,900
287538,1,900
287542,1,900
287549,1,900
288012,1,900
288054,1,900
288478,1,900
288516,1,900
289216,1,900
289227,1,900
289474,1,900
289702,1,900
290344,1,900
290454,1,900
290614,1,900
290666,1,900
