48,1,100
94,1,100
133,1,100
147,1,100
323,1,100
436,1,100
532,1,100
587,1,100
695,1,100
707,1,100
1161,1,100
1323,1,100
1349,1,100
1920,1,100
1930,1,100
2039,1,100
2061,1,100
2095,1,100
2101,1,100
2156,1,100
2157,1,100
2191,1,100
2205,1,100
2284,1,100
2285,1,100
2299,1,100
2328,1,100
2603,1,100
3071,1,100
3073,1,100
3394,1,100
3617,1,100
3757,1,100
4042,1,100
4101,1,100
4114,1,100
4233,1,100
4256,1,100
4366,1,100
4368,1,100
4439,1,100
4492,1,100
4545,1,100
4623,1,100
4666,1,100
4785,1,100
4896,1,100
4962,1,100
5006,1,100
5008,1,100
5045,1,100
5072,1,100
5196,1,100
5228,1,100
5454,1,100
6101,1,100
6193,1,100
6210,1,100
6279,1,100
6318,1,100
6349,1,100
6386,1,100
7103,1,100
7192,1,100
7217,1,100
7622,1,100
7784,1,100
7793,1,100
8005,1,100
8241,1,100
8317,1,100
8557,1,100
8698,1,100
8751,1,100
8778,1,100
9003,1,100
9043,1,100
9235,1,100
9295,1,100
9366,1,100
9378,1,100
9438,1,100
9536,1,100
9577,1,100
9870,1,100
9910,1,100
10003,1,100
10005,1,100
10049,1,100
10061,1,100
10064,1,100
10136,1,100
10162,1,100
10165,1,100
10184,1,100
10189,1,100
10210,1,100
10227,1,100
10234,1,100
10310,1,100
10352,1,100
10432,1,100
10448,1,100
10571,1,100
10583,1,100
10598,1,100
10799,1,100
10872,1,100
10933,1,100
11016,1,100
11019,1,100
11044,1,100
11172,1,100
11312,1,100
11475,1,100
11520,1,100
11600,1,100
11617,1,100
11620,1,100
12027,1,100
12034,1,100
12082,1,100
12083,1,100
12259,1,100
12369,1,100
12519,1,100
12530,1,100
12535,1,100
12581,1,100
12637,1,100
13025,1,100
13187,1,100
13208,1,100
13306,1,100
13446,1,100
13458,1,100
13470,1,100
13533,1,100
13792,1,100
14129,1,100
14156,1,100
14247,1,100
14296,1,100
14298,1,100
14300,1,100
14324,1,100
14371,1,100
14399,1,100
14521,1,100
14668,1,100
14960,1,100
15009,1,100
15019,1,100
15054,1,100
15176,1,100
15196,1,100
15216,1,100
15603,1,100
15729,1,100
15738,1,100
16044,1,100
16060,1,100
16066,1,100
16102,1,100
16185,1,100
16198,1,100
16315,1,100
16358,1,100
16404,1,100
16450,1,100
16455,1,100
16607,1,100
17263,1,100
17507,1,100
17973,1,100
18757,1,100
19074,1,100
19183,1,100
19318,1,100
19700,1,100
19759,1,100
20131,1,100
20394,1,100
20572,1,100
20707,1,100
20935,1,100
21084,1,100
21129,1,100
21170,1,100
21172,1,100
21223,1,100
21274,1,100
21398,1,100
21411,1,100
21467,1,100
21556,1,100
21560,1,100
21581,1,100
21596,1,100
21703,1,100
21705,1,100
21831,1,100
21850,1,100
21903,1,100
22032,1,100
22039,1,100
22052,1,100
22068,1,100
22071,1,100
22164,1,100
22170,1,100
22179,1,100
22184,1,100
22196,1,100
22204,1,100
22220,1,100
22279,1,100
22562,1,100
22565,1,100
22592,1,100
22655,1,100
22709,1,100
22756,1,100
22765,1,100
22847,1,100
23057,1,100
23294,1,100
23296,1,100
23376,1,100
23400,1,100
23530,1,100
23674,1,100
23742,1,100
23750,1,100
23804,1,100
23853,1,100
24065,1,100
24144,1,100
24154,1,100
24158,1,100
24191,1,100
24249,1,100
24298,1,100
24466,1,100
24517,1,100
24599,1,100
24650,1,100
24727,1,100
24743,1,100
24753,1,100
24770,1,100
24833,1,100
25180,1,100
25204,1,100
25206,1,100
25216,1,100
25312,1,100
25531,1,100
25769,1,100
26223,1,100
26248,1,100
26353,1,100
26380,1,100
26413,1,100
26942,1,100
27020,1,100
27045,1,100
27099,1,100
27137,1,100
27155,1,100
27160,1,100
27174,1,100
27229,1,100
27253,1,100
27323,1,100
27376,1,100
27398,1,100
27427,1,100
27435,1,100
27453,1,100
27494,1,100
28031,1,100
28033,1,100
28049,1,100
28282,1,100
28332,1,100
28359,1,100
28397,1,100
28441,1,100
28452,1,100
28465,1,100
28649,1,100
28662,1,100
28730,1,100
29173,1,100
29271,1,100
29601,1,100
29674,1,100
30004,1,100
30051,1,100
30055,1,100
30146,1,100
30149,1,100
30194,1,100
30301,1,100
30314,1,100
30316,1,100
30334,1,100
30513,1,100
30607,1,100
30632,1,100
31041,1,100
31101,1,100
31128,1,100
31148,1,100
31163,1,100
31175,1,100
31191,1,100
31227,1,100
31333,1,100
31349,1,100
31401,1,100
31777,1,100
32243,1,100
32430,1,100
32471,1,100
32989,1,100
33034,1,100
33048,1,100
33062,1,100
33070,1,100
33111,1,100
33131,1,100
33157,1,100
33217,1,100
33309,1,100
33343,1,100
33376,1,100
33377,1,100
33380,1,100
33407,1,100
33420,1,100
33426,1,100
33468,1,100
33503,1,100
33510,1,100
33560,1,100
33600,1,100
33651,1,100
33740,1,100
33740,1,100
33753,1,100
33766,1,100
33768,1,100
33792,1,100
33832,1,100
33849,1,100
33855,1,100
33887,1,100
33904,1,100
33922,1,100
33946,1,100
34039,1,100
34042,1,100
34075,1,100
34086,1,100
34115,1,100
34216,1,100
34436,1,100
34495,1,100
34500,1,100
34500,1,100
34507,1,100
34515,1,100
34552,1,100
34571,1,100
34589,1,100
34609,1,100
34633,1,100
34673,1,100
34749,1,100
35035,1,100
35109,1,100
35122,1,100
35286,1,100
35303,1,100
35329,1,100
35338,1,100
35380,1,100
35418,1,100
35663,1,100
35730,1,100
35763,1,100
35860,1,100
35895,1,100
35971,1,100
36027,1,100
36066,1,100
36387,1,100
36401,1,100
36419,1,100
36429,1,100
36433,1,100
36468,1,100
36491,1,100
36531,1,100
36616,1,100
36625,1,100
36681,1,100
36685,1,100
36721,1,100
37132,1,100
37195,1,100
37197,1,100
37328,1,100
37524,1,100
37593,1,100
38058,1,100
38154,1,100
38172,1,100
38271,1,100
38273,1,100
38326,1,100
38334,1,100
38347,1,100
38525,1,100
38614,1,100
38656,1,100
38679,1,100
38692,1,100
38705,1,100
38706,1,100
38751,1,100
38752,1,100
38776,1,100
38783,1,100
38851,1,100
39113,1,100
39113,1,100
39197,1,100
39204,1,100
39209,1,100
39255,1,100
39342,1,100
39399,1,100
39463,1,100
39550,1,100
39708,1,100
39711,1,100
39742,1,100
39759,1,100
39841,1,100
39880,1,100
40048,1,100
40082,1,100
40190,1,100
40210,1,100
40308,1,100
40342,1,100
40475,1,100
40544,1,100
40608,1,100
40657,1,100
40708,1,100
40738,1,100
40765,1,100
40861,1,100
40935,1,100
40948,1,100
40966,1,100
41100,1,100
41266,1,100
41323,1,100
41347,1,100
41389,1,100
41541,1,100
41552,1,100
41632,1,100
41640,1,100
41720,1,100
41789,1,100
41791,1,100
41876,1,100
41994,1,100
42083,1,100
42091,1,100
42184,1,100
42328,1,100
42477,1,100
42597,1,100
42627,1,100
42709,1,100
42710,1,100
42741,1,100
42782,1,100
42788,1,100
42874,1,100
43040,1,100
43252,1,100
43300,1,100
43340,1,100
43563,1,100
43657,1,100
43743,1,100
43818,1,100
43901,1,100
43938,1,100
44005,1,100
44150,1,100
44187,1,100
44210,1,100
44239,1,100
44363,1,100
44375,1,100
44389,1,100
44402,1,100
44405,1,100
44413,1,100
44480,1,100
44670,1,100
44731,1,100
44737,1,100
44791,1,100
44879,1,100
44965,1,100
45020,1,100
45024,1,100
45063,1,100
45067,1,100
45075,1,100
45082,1,100
45086,1,100
45127,1,100
45221,1,100
45244,1,100
45292,1,100
45303,1,100
45304,1,100
45342,1,100
45345,1,100
45356,1,100
45356,1,100
45506,1,100
45546,1,100
45561,1,100
45586,1,100
45614,1,100
45656,1,100
45697,1,100
45705,1,100
45766,1,100
45794,1,100
45843,1,100
45870,1,100
45886,1,100
45897,1,100
45920,1,100
45935,1,100
45941,1,100
45944,1,100
45991,1,100
46064,1,100
46084,1,100
46093,1,100
46098,1,100
46203,1,100
46256,1,100
46325,1,100
46337,1,100
46345,1,100
46350,1,100
46367,1,100
46369,1,100
46574,1,100
46647,1,100
46668,1,100
46674,1,100
46730,1,100
46779,1,100
46803,1,100
46867,1,100
46905,1,100
46914,1,100
46920,1,100
46932,1,100
46945,1,100
46971,1,100
47012,1,100
47015,1,100
47030,1,100
47042,1,100
47077,1,100
47084,1,100
47097,1,100
47186,1,100
47208,1,100
47240,1,100
47286,1,100
47332,1,100
47333,1,100
47343,1,100
47351,1,100
47354,1,100
47449,1,100
47490,1,100
47497,1,100
47554,1,100
47570,1,100
47640,1,100
47641,1,100
47661,1,100
47666,1,100
47699,1,100
47699,1,100
47719,1,100
47743,1,100
47746,1,100
47783,1,100
47788,1,100
47822,1,100
47974,1,100
48004,1,100
48027,1,100
48038,1,100
48076,1,100
48129,1,100
48160,1,100
48170,1,100
48174,1,100
48181,1,100
48222,1,100
48228,1,100
48232,1,100
48303,1,100
48323,1,100
48362,1,100
48386,1,100
48486,1,100
48540,1,100
48542,1,100
48586,1,100
48589,1,100
48600,1,100
48633,1,100
48639,1,100
48727,1,100
48779,1,100
48830,1,100
48839,1,100
48882,1,100
48930,1,100
48968,1,100
49045,1,100
49051,1,100
49115,1,100
49161,1,100
49170,1,100
49188,1,100
49199,1,100
49305,1,100
49311,1,100
49326,1,100
49328,1,100
49328,1,100
49330,1,100
49373,1,100
49410,1,100
49411,1,100
49416,1,100
49457,1,100
49555,1,100
49570,1,100
49587,1,100
49596,1,100
49635,1,100
49646,1,100
49704,1,100
49753,1,100
49812,1,100
49835,1,100
50002,1,100
50014,1,100
50056,1,100
50084,1,100
50110,1,100
50147,1,100
50208,1,100
50358,1,100
50468,1,100
50547,1,100
50589,1,100
50626,1,100
50672,1,100
50674,1,100
50677,1,100
50720,1,100
50805,1,100
50834,1,100
50850,1,100
50858,1,100
50898,1,100
50917,1,100
50935,1,100
50948,1,100
50960,1,100
50965,1,100
50990,1,100
51026,1,100
51027,1,100
51031,1,100
51032,1,100
51042,1,100
51061,1,100
51119,1,100
51144,1,100
51157,1,100
51177,1,100
51223,1,100
51277,1,100
51278,1,100
51333,1,100
51352,1,100
51393,1,100
51415,1,100
51418,1,100
51423,1,100
51437,1,100
51450,1,100
51462,1,100
51529,1,100
51575,1,100
51606,1,100
51685,1,100
51699,1,100
51761,1,100
51770,1,100
51784,1,100
51804,1,100
51811,1,100
52126,1,100
52130,1,100
52153,1,100
52244,1,100
52292,1,100
52313,1,100
52361,1,100
52366,1,100
52426,1,100
52448,1,100
52502,1,100
52523,1,100
52534,1,100
52557,1,100
52564,1,100
52593,1,100
52607,1,100
52641,1,100
52656,1,100
52658,1,100
52752,1,100
52755,1,100
52766,1,100
52793,1,100
52802,1,100
52835,1,100
52849,1,100
52908,1,100
52942,1,100
53006,1,100
53075,1,100
53089,1,100
53102,1,100
53137,1,100
53140,1,100
53151,1,100
53177,1,100
53215,1,100
53217,1,100
53238,1,100
53300,1,100
53356,1,100
53357,1,100
53411,1,100
53430,1,100
53561,1,100
53577,1,100
53590,1,100
53647,1,100
53666,1,100
53675,1,100
53708,1,100
53729,1,100
53805,1,100
53862,1,100
54052,1,100
54132,1,100
54150,1,100
54195,1,100
54234,1,100
54243,1,100
54306,1,100
54340,1,100
54370,1,100
54413,1,100
54436,1,100
54458,1,100
54498,1,100
54508,1,100
54552,1,100
54624,1,100
54755,1,100
54779,1,100
54852,1,100
54858,1,100
54943,1,100
54974,1,100
54974,1,100
55069,1,100
55073,1,100
55108,1,100
55152,1,100
55208,1,100
55283,1,100
55319,1,100
55334,1,100
55352,1,100
55355,1,100
55405,1,100
55427,1,100
55429,1,100
55509,1,100
55565,1,100
55579,1,100
55606,1,100
55702,1,100
55721,1,100
55728,1,100
55787,1,100
55788,1,100
55855,1,100
55928,1,100
55984,1,100
55996,1,100
56003,1,100
56045,1,100
56064,1,100
56065,1,100
56110,1,100
56132,1,100
56163,1,100
56248,1,100
56267,1,100
56382,1,100
56450,1,100
56470,1,100
56504,1,100
56516,1,100
56618,1,100
56701,1,100
56720,1,100
56886,1,100
56958,1,100
57024,1,100
57029,1,100
57055,1,100
57056,1,100
57063,1,100
57105,1,100
57115,1,100
57126,1,100
57140,1,100
57143,1,100
57153,1,100
57160,1,100
57165,1,100
57172,1,100
57176,1,100
57190,1,100
57190,1,100
57193,1,100
57202,1,100
57205,1,100
57205,1,100
57238,1,100
57252,1,100
57253,1,100
57279,1,100
57280,1,100
57286,1,100
57294,1,100
57299,1,100
57305,1,100
57307,1,100
57338,1,100
57340,1,100
57340,1,100
57341,1,100
57357,1,100
57379,1,100
57393,1,100
57453,1,100
57457,1,100
57458,1,100
57478,1,100
57493,1,100
57500,1,100
57534,1,100
57548,1,100
57556,1,100
57559,1,100
57560,1,100
57560,1,100
57617,1,100
57632,1,100
57645,1,100
57658,1,100
57677,1,100
57709,1,100
57737,1,100
57764,1,100
57776,1,100
57786,1,100
57803,1,100
57836,1,100
57836,1,100
58003,1,100
58016,1,100
58022,1,100
58083,1,100
58107,1,100
58121,1,100
58128,1,100
58146,1,100
58154,1,100
58155,1,100
58195,1,100
58220,1,100
58270,1,100
58292,1,100
58323,1,100
58421,1,100
58545,1,100
58552,1,100
58561,1,100
58575,1,100
58588,1,100
58603,1,100
58612,1,100
58618,1,100
58620,1,100
58621,1,100
58653,1,100
58657,1,100
58666,1,100
58674,1,100
58682,1,100
58732,1,100
58747,1,100
58827,1,100
58840,1,100
58879,1,100
58897,1,100
58982,1,100
59001,1,100
59013,1,100
59017,1,100
59019,1,100
59034,1,100
59068,1,100
59087,1,100
59144,1,100
59158,1,100
59195,1,100
59235,1,100
59250,1,100
59255,1,100
59278,1,100
59285,1,100
59306,1,100
59317,1,100
59332,1,100
59338,1,100
59345,1,100
59405,1,100
59501,1,100
59520,1,100
59521,1,100
59543,1,100
59549,1,100
59585,1,100
59598,1,100
59609,1,100
59617,1,100
59621,1,100
59623,1,100
59628,1,100
59634,1,100
59653,1,100
59689,1,100
59694,1,100
59821,1,100
59829,1,100
59855,1,100
59965,1,100
60064,1,100
60214,1,100
60248,1,100
60260,1,100
60267,1,100
60290,1,100
60337,1,100
60375,1,100
60398,1,100
60402,1,100
60406,1,100
60457,1,100
60476,1,100
60513,1,100
60581,1,100
60588,1,100
60615,1,100
60622,1,100
60664,1,100
60678,1,100
60692,1,100
60696,1,100
60709,1,100
60802,1,100
60833,1,100
60903,1,100
60927,1,100
60965,1,100
60981,1,100
61003,1,100
61021,1,100
61027,1,100
61029,1,100
61034,1,100
61060,1,100
61070,1,100
61093,1,100
61107,1,100
61174,1,100
61174,1,100
61186,1,100
61196,1,100
61251,1,100
61339,1,100
61348,1,100
61415,1,100
61419,1,100
61424,1,100
61451,1,100
61476,1,100
61508,1,100
61562,1,100
61623,1,100
61651,1,100
61672,1,100
61685,1,100
61691,1,100
61697,1,100
61707,1,100
61724,1,100
61735,1,100
61746,1,100
61752,1,100
61753,1,100
61783,1,100
61797,1,100
61808,1,100
61812,1,100
61844,1,100
61846,1,100
61849,1,100
61878,1,100
61906,1,100
62007,1,100
62031,1,100
62093,1,100
62136,1,100
62191,1,100
62212,1,100
62226,1,100
62242,1,100
62278,1,100
62284,1,100
62300,1,100
62376,1,100
62388,1,100
62402,1,100
62427,1,100
62498,1,100
62527,1,100
62622,1,100
62633,1,100
62639,1,100
62642,1,100
62657,1,100
62667,1,100
62706,1,100
62718,1,100
62799,1,100
62819,1,100
62821,1,100
62840,1,100
62867,1,100
62920,1,100
63007,1,100
63017,1,100
63020,1,100
63032,1,100
63047,1,100
63072,1,100
63082,1,100
63107,1,100
63124,1,100
63133,1,100
63145,1,100
63149,1,100
63152,1,100
63180,1,100
63182,1,100
63199,1,100
63215,1,100
63238,1,100
63242,1,100
63251,1,100
63290,1,100
63297,1,100
63365,1,100
63365,1,100
63371,1,100
63397,1,100
63448,1,100
63452,1,100
63497,1,100
63499,1,100
63521,1,100
63549,1,100
63613,1,100
63628,1,100
63664,1,100
63684,1,100
63698,1,100
63705,1,100
63737,1,100
63757,1,100
63831,1,100
63890,1,100
63890,1,100
63954,1,100
64029,1,100
64054,1,100
64102,1,100
64124,1,100
64145,1,100
64264,1,100
64267,1,100
64299,1,100
64358,1,100
64364,1,100
64381,1,100
64387,1,100
64390,1,100
64391,1,100
64398,1,100
64429,1,100
64452,1,100
64513,1,100
64534,1,100
64570,1,100
64605,1,100
64613,1,100
64619,1,100
64632,1,100
64658,1,100
64712,1,100
64722,1,100
64727,1,100
64731,1,100
64755,1,100
64792,1,100
64795,1,100
64813,1,100
64941,1,100
65007,1,100
65008,1,100
65033,1,100
65051,1,100
65052,1,100
65060,1,100
65061,1,100
65064,1,100
65078,1,100
65096,1,100
65099,1,100
65126,1,100
65136,1,100
65152,1,100
65216,1,100
65257,1,100
65285,1,100
65311,1,100
65354,1,100
65367,1,100
65367,1,100
65428,1,100
65446,1,100
65474,1,100
65490,1,100
65552,1,100
65554,1,100
65569,1,100
65579,1,100
65588,1,100
65588,1,100
65613,1,100
65630,1,100
65701,1,100
65753,1,100
65775,1,100
65775,1,100
65777,1,100
65846,1,100
65865,1,100
65873,1,100
65890,1,100
65911,1,100
66008,1,100
66094,1,100
66101,1,100
66101,1,100
66146,1,100
66174,1,100
66179,1,100
66200,1,100
66218,1,100
66220,1,100
66231,1,100
66261,1,100
66291,1,100
66336,1,100
66377,1,100
66383,1,100
66388,1,100
66409,1,100
66432,1,100
66433,1,100
66435,1,100
66500,1,100
66522,1,100
66536,1,100
66542,1,100
66591,1,100
66660,1,100
66689,1,100
66748,1,100
66781,1,100
66877,1,100
66913,1,100
66955,1,100
66960,1,100
66987,1,100
67000,1,100
67021,1,100
67026,1,100
67048,1,100
67048,1,100
67051,1,100
67080,1,100
67081,1,100
67090,1,100
67098,1,100
67119,1,100
67174,1,100
67208,1,100
67263,1,100
67279,1,100
67286,1,100
67288,1,100
67298,1,100
67318,1,100
67339,1,100
67375,1,100
67401,1,100
67434,1,100
67482,1,100
67490,1,100
67521,1,100
67529,1,100
67544,1,100
67568,1,100
67578,1,100
67579,1,100
67602,1,100
67686,1,100
67714,1,100
67747,1,100
67801,1,100
67810,1,100
67815,1,100
67827,1,100
68058,1,100
68099,1,100
68126,1,100
68173,1,100
68175,1,100
68184,1,100
68233,1,100
68240,1,100
68263,1,100
68296,1,100
68306,1,100
68331,1,100
68385,1,100
68447,1,100
68486,1,100
68494,1,100
68498,1,100
68506,1,100
68593,1,100
68596,1,100
68601,1,100
68633,1,100
68641,1,100
68686,1,100
68712,1,100
68769,1,100
68806,1,100
68834,1,100
68871,1,100
68893,1,100
68914,1,100
68932,1,100
68951,1,100
68958,1,100
68981,1,100
69004,1,100
69006,1,100
69022,1,100
69026,1,100
69027,1,100
69030,1,100
69037,1,100
69043,1,100
69059,1,100
69072,1,100
69075,1,100
69080,1,100
69098,1,100
69111,1,100
69126,1,100
69145,1,100
69160,1,100
69167,1,100
69171,1,100
69189,1,100
69197,1,100
69203,1,100
69228,1,100
69232,1,100
69240,1,100
69242,1,100
69267,1,100
69269,1,100
69299,1,100
69309,1,100
69311,1,100
69319,1,100
69338,1,100
69346,1,100
69355,1,100
69367,1,100
69402,1,100
69402,1,100
69405,1,100
69408,1,100
69417,1,100
69420,1,100
69441,1,100
69446,1,100
69464,1,100
69466,1,100
69466,1,100
69472,1,100
69485,1,100
69527,1,100
69540,1,100
69541,1,100
69543,1,100
69546,1,100
69547,1,100
69580,1,100
69647,1,100
69660,1,100
69684,1,100
69692,1,100
69703,1,100
69716,1,100
69735,1,100
69753,1,100
69762,1,100
69768,1,100
69826,1,100
69829,1,100
69844,1,100
69844,1,100
69849,1,100
69882,1,100
69890,1,100
69890,1,100
69915,1,100
69916,1,100
70008,1,100
70027,1,100
70030,1,100
70074,1,100
70094,1,100
70096,1,100
70096,1,100
70105,1,100
70108,1,100
70128,1,100
70179,1,100
70183,1,100
70184,1,100
70192,1,100
70249,1,100
70249,1,100
70263,1,100
70276,1,100
70305,1,100
70314,1,100
70324,1,100
70339,1,100
70351,1,100
70354,1,100
70361,1,100
70399,1,100
70405,1,100
70408,1,100
70433,1,100
70436,1,100
70442,1,100
70451,1,100
70457,1,100
70523,1,100
70524,1,100
70561,1,100
70561,1,100
70590,1,100
70614,1,100
70614,1,100
70626,1,100
70628,1,100
70633,1,100
70688,1,100
70689,1,100
70705,1,100
70716,1,100
70719,1,100
70719,1,100
70721,1,100
70729,1,100
70736,1,100
70758,1,100
70763,1,100
70770,1,100
70786,1,100
70794,1,100
70805,1,100
71009,1,100
71010,1,100
71017,1,100
71055,1,100
71062,1,100
71064,1,100
71067,1,100
71073,1,100
71075,1,100
71077,1,100
71079,1,100
71177,1,100
71223,1,100
71233,1,100
71240,1,100
71312,1,100
71362,1,100
71368,1,100
71406,1,100
71442,1,100
71484,1,100
71494,1,100
71503,1,100
71520,1,100
71541,1,100
71549,1,100
71549,1,100
71557,1,100
71559,1,100
71626,1,100
71660,1,100
71697,1,100
71742,1,100
71750,1,100
71774,1,100
71791,1,100
71802,1,100
71815,1,100
71815,1,100
71821,1,100
71843,1,100
71892,1,100
71919,1,100
71920,1,100
71948,1,100
71958,1,100
71990,1,100
71995,1,100
72003,1,100
72035,1,100
72036,1,100
72038,1,100
72040,1,100
72041,1,100
72042,1,100
72043,1,100
72055,1,100
72062,1,100
72063,1,100
72064,1,100
72067,1,100
72072,1,100
72104,1,100
72108,1,100
72129,1,100
72141,1,100
72155,1,100
72163,1,100
72180,1,100
72242,1,100
72258,1,100
72274,1,100
72292,1,100
72298,1,100
72314,1,100
72321,1,100
72346,1,100
72372,1,100
72381,1,100
72390,1,100
72392,1,100
72406,1,100
72428,1,100
72472,1,100
72481,1,100
72493,1,100
72495,1,100
72511,1,100
72569,1,100
72591,1,100
72596,1,100
72671,1,100
72685,1,100
72699,1,100
72721,1,100
72813,1,100
72850,1,100
72852,1,100
72860,1,100
72872,1,100
72889,1,100
72907,1,100
72923,1,100
72954,1,100
72980,1,100
72983,1,100
72984,1,100
73033,1,100
73036,1,100
73043,1,100
73043,1,100
73048,1,100
73053,1,100
73056,1,100
73063,1,100
73064,1,100
73105,1,100
73139,1,100
73153,1,100
73163,1,100
73201,1,100
73233,1,100
73244,1,100
73248,1,100
73252,1,100
73254,1,100
73257,1,100
73269,1,100
73270,1,100
73280,1,100
73298,1,100
73368,1,100
73391,1,100
73426,1,100
73433,1,100
73434,1,100
73505,1,100
73514,1,100
73568,1,100
73601,1,100
73617,1,100
73620,1,100
73662,1,100
73665,1,100
73736,1,100
73785,1,100
73805,1,100
73863,1,100
73873,1,100
73931,1,100
73943,1,100
73955,1,100
74013,1,100
74019,1,100
74049,1,100
74053,1,100
74060,1,100
74078,1,100
74097,1,100
74114,1,100
74127,1,100
74130,1,100
74148,1,100
74156,1,100
74162,1,100
74169,1,100
74175,1,100
74209,1,100
74225,1,100
74231,1,100
74233,1,100
74236,1,100
74244,1,100
74247,1,100
74264,1,100
74266,1,100
74299,1,100
74304,1,100
74304,1,100
74322,1,100
74325,1,100
74339,1,100
74355,1,100
74374,1,100
74374,1,100
74374,1,100
74387,1,100
74405,1,100
74408,1,100
74416,1,100
74425,1,100
74435,1,100
74465,1,100
74480,1,100
74485,1,100
74496,1,100
74521,1,100
74530,1,100
74601,1,100
74627,1,100
74656,1,100
74658,1,100
74703,1,100
74717,1,100
74745,1,100
74751,1,100
74768,1,100
74773,1,100
74778,1,100
74799,1,100
74799,1,100
74801,1,100
74817,1,100
74818,1,100
74835,1,100
74848,1,100
74871,1,100
74878,1,100
74903,1,100
74903,1,100
75031,1,100
75059,1,100
75062,1,100
75063,1,100
75082,1,100
75103,1,100
75153,1,100
75155,1,100
75165,1,100
75170,1,100
75187,1,100
75247,1,100
75259,1,100
75268,1,100
75282,1,100
75344,1,100
75365,1,100
75370,1,100
75378,1,100
75384,1,100
75418,1,100
75506,1,100
75551,1,100
75555,1,100
75567,1,100
75571,1,100
75611,1,100
75626,1,100
75685,1,100
75704,1,100
75746,1,100
75750,1,100
75759,1,100
75763,1,100
75788,1,100
75796,1,100
75865,1,100
75884,1,100
75895,1,100
75913,1,100
75956,1,100
75959,1,100
75986,1,100
75992,1,100
76004,1,100
76005,1,100
76007,1,100
76012,1,100
76016,1,100
76018,1,100
76021,1,100
76023,1,100
76029,1,100
76043,1,100
76053,1,100
76063,1,100
76081,1,100
76084,1,100
76089,1,100
76094,1,100
76116,1,100
76123,1,100
76124,1,100
76126,1,100
76135,1,100
76137,1,100
76141,1,100
76142,1,100
76150,1,100
76188,1,100
76189,1,100
76207,1,100
76217,1,100
76241,1,100
76246,1,100
76247,1,100
76255,1,100
76259,1,100
76289,1,100
76333,1,100
76357,1,100
76363,1,100
76366,1,100
76383,1,100
76387,1,100
76394,1,100
76409,1,100
76443,1,100
76446,1,100
76481,1,100
76487,1,100
76527,1,100
76561,1,100
76564,1,100
76572,1,100
76597,1,100
76611,1,100
76627,1,100
76642,1,100
76686,1,100
76709,1,100
76752,1,100
76775,1,100
76776,1,100
76785,1,100
76798,1,100
76831,1,100
77011,1,100
77013,1,100
77019,1,100
77042,1,100
77069,1,100
77083,1,100
77114,1,100
77123,1,100
77133,1,100
77138,1,100
77142,1,100
77146,1,100
77149,1,100
77155,1,100
77170,1,100
77172,1,100
77183,1,100
77224,1,100
77228,1,100
77231,1,100
77261,1,100
77261,1,100
77265,1,100
77300,1,100
77327,1,100
77347,1,100
77356,1,100
77358,1,100
77385,1,100
77398,1,100
77401,1,100
77402,1,100
77406,1,100
77425,1,100
77460,1,100
77460,1,100
77470,1,100
77479,1,100
77501,1,100
77501,1,100
77523,1,100
77535,1,100
77593,1,100
77605,1,100
77605,1,100
77639,1,100
77657,1,100
77664,1,100
77697,1,100
77728,1,100
77743,1,100
77797,1,100
77800,1,100
78023,1,100
78031,1,100
78037,1,100
78043,1,100
78053,1,100
78060,1,100
78083,1,100
78098,1,100
78109,1,100
78115,1,100
78162,1,100
78263,1,100
78264,1,100
78272,1,100
78279,1,100
78308,1,100
78328,1,100
78336,1,100
78340,1,100
78371,1,100
78379,1,100
78386,1,100
78429,1,100
78432,1,100
78465,1,100
78505,1,100
78541,1,100
78566,1,100
78577,1,100
78579,1,100
78595,1,100
78606,1,100
78612,1,100
78619,1,100
78630,1,100
78694,1,100
78706,1,100
78708,1,100
78721,1,100
78745,1,100
78756,1,100
78822,1,100
78840,1,100
78853,1,100
78880,1,100
78919,1,100
78944,1,100
78958,1,100
78961,1,100
78973,1,100
79007,1,100
79013,1,100
79028,1,100
79039,1,100
79047,1,100
79059,1,100
79071,1,100
79075,1,100
79105,1,100
79123,1,100
79133,1,100
79159,1,100
79179,1,100
79182,1,100
79219,1,100
79222,1,100
79232,1,100
79234,1,100
79239,1,100
79240,1,100
79245,1,100
79254,1,100
79263,1,100
79273,1,100
79278,1,100
79306,1,100
79316,1,100
79318,1,100
79344,1,100
79375,1,100
79391,1,100
79432,1,100
79443,1,100
79483,1,100
79491,1,100
79495,1,100
79528,1,100
79547,1,100
79555,1,100
79579,1,100
79592,1,100
79601,1,100
79608,1,100
79657,1,100
79659,1,100
79710,1,100
79738,1,100
79740,1,100
79774,1,100
79784,1,100
79796,1,100
79801,1,100
79868,1,100
80001,1,100
80007,1,100
80025,1,100
80029,1,100
80040,1,100
80086,1,100
80220,1,100
80227,1,100
80242,1,100
80260,1,100
80265,1,100
80311,1,100
80318,1,100
80352,1,100
80372,1,100
80381,1,100
80384,1,100
80391,1,100
80405,1,100
80416,1,100
80443,1,100
80518,1,100
80529,1,100
80545,1,100
80606,1,100
80630,1,100
80690,1,100
80735,1,100
80747,1,100
80766,1,100
80766,1,100
80775,1,100
80803,1,100
80839,1,100
80843,1,100
80846,1,100
80870,1,100
80885,1,100
80903,1,100
80909,1,100
80935,1,100
80967,1,100
80973,1,100
80999,1,100
81018,1,100
81020,1,100
81034,1,100
81035,1,100
81040,1,100
81040,1,100
81051,1,100
81057,1,100
81059,1,100
81089,1,100
81092,1,100
81094,1,100
81102,1,100
81108,1,100
81120,1,100
81125,1,100
81141,1,100
81146,1,100
81163,1,100
81171,1,100
81172,1,100
81237,1,100
81241,1,100
81252,1,100
81254,1,100
81285,1,100
81288,1,100
81296,1,100
81324,1,100
81337,1,100
81391,1,100
81392,1,100
81414,1,100
81432,1,100
81438,1,100
81473,1,100
81512,1,100
81514,1,100
81518,1,100
81518,1,100
81555,1,100
81556,1,100
81563,1,100
81586,1,100
81628,1,100
81659,1,100
81661,1,100
81672,1,100
81673,1,100
81674,1,100
81684,1,100
81700,1,100
81715,1,100
81745,1,100
81774,1,100
81781,1,100
81782,1,100
81783,1,100
81791,1,100
81811,1,100
81815,1,100
81824,1,100
81827,1,100
81844,1,100
81899,1,100
81899,1,100
81903,1,100
81950,1,100
81958,1,100
81984,1,100
82012,1,100
82013,1,100
82013,1,100
82018,1,100
82030,1,100
82049,1,100
82055,1,100
82063,1,100
82068,1,100
82070,1,100
82074,1,100
82087,1,100
82089,1,100
82090,1,100
82099,1,100
82100,1,100
82131,1,100
82136,1,100
82138,1,100
82140,1,100
82142,1,100
82149,1,100
82183,1,100
82188,1,100
82205,1,100
82217,1,100
82225,1,100
82239,1,100
82258,1,100
82273,1,100
82274,1,100
82278,1,100
82281,1,100
82292,1,100
82299,1,100
82318,1,100
82323,1,100
82353,1,100
82366,1,100
82386,1,100
82390,1,100
82428,1,100
82443,1,100
82479,1,100
82486,1,100
82502,1,100
82517,1,100
82528,1,100
82544,1,100
82545,1,100
82574,1,100
82594,1,100
82598,1,100
82599,1,100
82615,1,100
82624,1,100
82626,1,100
82659,1,100
82670,1,100
82680,1,100
82684,1,100
82695,1,100
82736,1,100
82755,1,100
82776,1,100
82780,1,100
82857,1,100
82903,1,100
82940,1,100
82955,1,100
82974,1,100
82977,1,100
83003,1,100
83007,1,100
83028,1,100
83040,1,100
83055,1,100
83077,1,100
83086,1,100
83097,1,100
83108,1,100
83127,1,100
83134,1,100
83145,1,100
83159,1,100
83169,1,100
83187,1,100
83189,1,100
83199,1,100
83259,1,100
83279,1,100
83306,1,100
83316,1,100
83317,1,100
83319,1,100
83329,1,100
83333,1,100
83337,1,100
83376,1,100
83377,1,100
83441,1,100
83448,1,100
83453,1,100
83454,1,100
83460,1,100
83471,1,100
83474,1,100
83482,1,100
83490,1,100
83523,1,100
83559,1,100
83567,1,100
83572,1,100
83587,1,100
83601,1,100
83608,1,100
83609,1,100
83615,1,100
83615,1,100
83627,1,100
83653,1,100
83665,1,100
83683,1,100
83690,1,100
83720,1,100
83729,1,100
83750,1,100
83766,1,100
83799,1,100
83802,1,100
83807,1,100
83813,1,100
83815,1,100
83834,1,100
83834,1,100
83860,1,100
84052,1,100
84084,1,100
84128,1,100
84132,1,100
84143,1,100
84195,1,100
84197,1,100
84199,1,100
84205,1,100
84214,1,100
84241,1,100
84261,1,100
84300,1,100
84306,1,100
84309,1,100
84320,1,100
84335,1,100
84352,1,100
84355,1,100
84361,1,100
84369,1,100
84372,1,100
84373,1,100
84377,1,100
84386,1,100
84407,1,100
84411,1,100
84431,1,100
84468,1,100
84491,1,100
84537,1,100
84552,1,100
84564,1,100
84573,1,100
84633,1,100
84636,1,100
84716,1,100
84758,1,100
84759,1,100
84780,1,100
84882,1,100
84892,1,100
84917,1,100
84959,1,100
84980,1,100
84984,1,100
84984,1,100
84985,1,100
84997,1,100
84999,1,100
85016,1,100
85019,1,100
85021,1,100
85025,1,100
85027,1,100
85030,1,100
85034,1,100
85037,1,100
85040,1,100
85049,1,100
85057,1,100
85064,1,100
85077,1,100
85078,1,100
85082,1,100
85084,1,100
85088,1,100
85105,1,100
85123,1,100
85178,1,100
85208,1,100
85237,1,100
85247,1,100
85262,1,100
85263,1,100
85283,1,100
85292,1,100
85325,1,100
85381,1,100
85394,1,100
85398,1,100
85438,1,100
85447,1,100
85451,1,100
85475,1,100
85478,1,100
85528,1,100
85540,1,100
85563,1,100
85581,1,100
85619,1,100
85620,1,100
85621,1,100
85627,1,100
85634,1,100
85651,1,100
85660,1,100
85669,1,100
85686,1,100
85722,1,100
85728,1,100
85786,1,100
85825,1,100
85836,1,100
85836,1,100
85862,1,100
85873,1,100
85878,1,100
85890,1,100
85932,1,100
85971,1,100
85972,1,100
85982,1,100
85993,1,100
86003,1,100
86007,1,100
86019,1,100
86022,1,100
86028,1,100
86058,1,100
86072,1,100
86077,1,100
86083,1,100
86087,1,100
86094,1,100
86099,1,100
86137,1,100
86146,1,100
86160,1,100
86190,1,100
86203,1,100
86223,1,100
86223,1,100
86225,1,100
86239,1,100
86273,1,100
86291,1,100
86298,1,100
86320,1,100
86336,1,100
86345,1,100
86376,1,100
86404,1,100
86421,1,100
86431,1,100
86436,1,100
86446,1,100
86452,1,100
86453,1,100
86526,1,100
86533,1,100
86551,1,100
86562,1,100
86578,1,100
86603,1,100
86606,1,100
86621,1,100
86665,1,100
86688,1,100
86702,1,100
86725,1,100
86726,1,100
86749,1,100
86752,1,100
86766,1,100
86774,1,100
86798,1,100
86807,1,100
86824,1,100
86831,1,100
86840,1,100
86876,1,100
86882,1,100
86909,1,100
86939,1,100
86959,1,100
86986,1,100
87001,1,100
87009,1,100
87009,1,100
87011,1,100
87032,1,100
87034,1,100
87037,1,100
87039,1,100
87050,1,100
87052,1,100
87063,1,100
87067,1,100
87070,1,100
87081,1,100
87084,1,100
87109,1,100
87116,1,100
87126,1,100
87127,1,100
87131,1,100
87132,1,100
87205,1,100
87217,1,100
87227,1,100
87335,1,100
87340,1,100
87366,1,100
87381,1,100
87397,1,100
87398,1,100
87416,1,100
87430,1,100
87434,1,100
87442,1,100
87461,1,100
87475,1,100
87476,1,100
87509,1,100
87521,1,100
87523,1,100
87529,1,100
87536,1,100
87536,1,100
87543,1,100
87559,1,100
87575,1,100
87586,1,100
87587,1,100
87593,1,100
87629,1,100
87639,1,100
87676,1,100
87678,1,100
87713,1,100
87769,1,100
87836,1,100
87840,1,100
87842,1,100
87850,1,100
87864,1,100
87928,1,100
88032,1,100
88091,1,100
88101,1,100
88141,1,100
88154,1,100
88178,1,100
88209,1,100
88236,1,100
88238,1,100
88245,1,100
88257,1,100
88265,1,100
88272,1,100
88275,1,100
88290,1,100
88352,1,100
88378,1,100
88397,1,100
88397,1,100
88403,1,100
88407,1,100
88435,1,100
88462,1,100
88489,1,100
88499,1,100
88505,1,100
88506,1,100
88518,1,100
88538,1,100
88549,1,100
88563,1,100
88567,1,100
88593,1,100
88595,1,100
88601,1,100
88609,1,100
88688,1,100
88694,1,100
88781,1,100
88793,1,100
88812,1,100
88884,1,100
88889,1,100
88894,1,100
88922,1,100
88937,1,100
88975,1,100
88979,1,100
89000,1,100
89000,1,100
89000,1,100
89024,1,100
89025,1,100
89029,1,100
89032,1,100
89034,1,100
89040,1,100
89072,1,100
89082,1,100
89086,1,100
89103,1,100
89106,1,100
89115,1,100
89127,1,100
89127,1,100
89129,1,100
89142,1,100
89143,1,100
89153,1,100
89171,1,100
89175,1,100
89175,1,100
89177,1,100
89179,1,100
89181,1,100
89205,1,100
89265,1,100
89269,1,100
89289,1,100
89301,1,100
89341,1,100
89417,1,100
89441,1,100
89448,1,100
89460,1,100
89472,1,100
89490,1,100
89495,1,100
89507,1,100
89526,1,100
89544,1,100
89555,1,100
89575,1,100
89600,1,100
89617,1,100
89626,1,100
89631,1,100
89640,1,100
89648,1,100
89657,1,100
89658,1,100
89694,1,100
89704,1,100
89746,1,100
89748,1,100
89787,1,100
89793,1,100
89795,1,100
89802,1,100
89803,1,100
89822,1,100
89829,1,100
89846,1,100
89854,1,100
89856,1,100
89891,1,100
89901,1,100
89944,1,100
89956,1,100
90025,1,100
90027,1,100
90030,1,100
90041,1,100
90068,1,100
90090,1,100
90145,1,100
90178,1,100
90179,1,100
90195,1,100
90200,1,100
90232,1,100
90234,1,100
90255,1,100
90260,1,100
90264,1,100
90277,1,100
90302,1,100
90343,1,100
90357,1,100
90363,1,100
90378,1,100
90412,1,100
90421,1,100
90421,1,100
90422,1,100
90433,1,100
90450,1,100
90463,1,100
90470,1,100
90513,1,100
90536,1,100
90541,1,100
90553,1,100
90574,1,100
90626,1,100
90659,1,100
90696,1,100
90700,1,100
90737,1,100
90754,1,100
90754,1,100
90837,1,100
90841,1,100
90866,1,100
90878,1,100
90929,1,100
90932,1,100
90959,1,100
90972,1,100
91001,1,100
91009,1,100
91034,1,100
91045,1,100
91046,1,100
91059,1,100
91059,1,100
91074,1,100
91099,1,100
91112,1,100
91116,1,100
91139,1,100
91149,1,100
91177,1,100
91206,1,100
91219,1,100
91229,1,100
91235,1,100
91240,1,100
91240,1,100
91264,1,100
91265,1,100
91273,1,100
91313,1,100
91356,1,100
91363,1,100
91372,1,100
91401,1,100
91404,1,100
91414,1,100
91420,1,100
91442,1,100
91457,1,100
91468,1,100
91469,1,100
91470,1,100
91489,1,100
91493,1,100
91495,1,100
91543,1,100
91545,1,100
91554,1,100
91566,1,100
91570,1,100
91581,1,100
91582,1,100
91605,1,100
91607,1,100
91608,1,100
91608,1,100
91616,1,100
91619,1,100
91651,1,100
91701,1,100
91714,1,100
91743,1,100
91749,1,100
91759,1,100
91762,1,100
91790,1,100
91804,1,100
91813,1,100
91847,1,100
91865,1,100
92008,1,100
92010,1,100
92016,1,100
92027,1,100
92075,1,100
92090,1,100
92093,1,100
92096,1,100
92099,1,100
92162,1,100
92165,1,100
92185,1,100
92217,1,100
92218,1,100
92222,1,100
92243,1,100
92246,1,100
92306,1,100
92312,1,100
92329,1,100
92340,1,100
92347,1,100
92349,1,100
92363,1,100
92380,1,100
92385,1,100
92389,1,100
92392,1,100
92403,1,100
92408,1,100
92410,1,100
92418,1,100
92418,1,100
92428,1,100
92444,1,100
92500,1,100
92543,1,100
92550,1,100
92568,1,100
92569,1,100
92581,1,100
92617,1,100
92623,1,100
92636,1,100
92679,1,100
92694,1,100
92696,1,100
92703,1,100
92714,1,100
92727,1,100
92728,1,100
92751,1,100
92761,1,100
92784,1,100
92790,1,100
92792,1,100
93005,1,100
93010,1,100
93021,1,100
93029,1,100
93039,1,100
93047,1,100
93076,1,100
93085,1,100
93123,1,100
93134,1,100
93135,1,100
93139,1,100
93143,1,100
93152,1,100
93181,1,100
93197,1,100
93199,1,100
93200,1,100
93216,1,100
93240,1,100
93240,1,100
93254,1,100
93254,1,100
93255,1,100
93256,1,100
93266,1,100
93269,1,100
93274,1,100
93297,1,100
93315,1,100
93327,1,100
93330,1,100
93342,1,100
93347,1,100
93350,1,100
93358,1,100
93377,1,100
93386,1,100
93408,1,100
93431,1,100
93433,1,100
93445,1,100
93451,1,100
93479,1,100
93480,1,100
93483,1,100
93484,1,100
93495,1,100
93504,1,100
93505,1,100
93511,1,100
93516,1,100
93537,1,100
93574,1,100
93582,1,100
93588,1,100
93600,1,100
93603,1,100
93622,1,100
93630,1,100
93643,1,100
93648,1,100
93654,1,100
93655,1,100
93657,1,100
93661,1,100
93691,1,100
93718,1,100
93727,1,100
93727,1,100
93730,1,100
93743,1,100
93751,1,100
93754,1,100
93770,1,100
93771,1,100
93789,1,100
93794,1,100
93800,1,100
93805,1,100
93819,1,100
93823,1,100
93827,1,100
93837,1,100
93840,1,100
93841,1,100
93848,1,100
93853,1,100
93862,1,100
94005,1,100
94006,1,100
94010,1,100
94012,1,100
94035,1,100
94037,1,100
94041,1,100
94043,1,100
94076,1,100
94080,1,100
94081,1,100
94096,1,100
94151,1,100
94164,1,100
94167,1,100
94178,1,100
94208,1,100
94211,1,100
94226,1,100
94249,1,100
94280,1,100
94281,1,100
94284,1,100
94284,1,100
94306,1,100
94331,1,100
94382,1,100
94384,1,100
94400,1,100
94410,1,100
94413,1,100
94414,1,100
94446,1,100
94450,1,100
94456,1,100
94457,1,100
94475,1,100
94496,1,100
94512,1,100
94529,1,100
94547,1,100
94554,1,100
94568,1,100
94601,1,100
94618,1,100
94638,1,100
94652,1,100
94669,1,100
94674,1,100
94684,1,100
94712,1,100
94729,1,100
94762,1,100
94763,1,100
94776,1,100
94791,1,100
94809,1,100
94841,1,100
94876,1,100
94894,1,100
94902,1,100
94990,1,100
94993,1,100
94999,1,100
95021,1,100
95023,1,100
95023,1,100
95059,1,100
95075,1,100
95076,1,100
95077,1,100
95123,1,100
95172,1,100
95210,1,100
95226,1,100
95231,1,100
95236,1,100
95245,1,100
95249,1,100
95250,1,100
95268,1,100
95271,1,100
95296,1,100
95303,1,100
95314,1,100
95331,1,100
95348,1,100
95361,1,100
95371,1,100
95406,1,100
95423,1,100
95448,1,100
95464,1,100
95482,1,100
95483,1,100
95489,1,100
95507,1,100
95528,1,100
95576,1,100
95614,1,100
95632,1,100
95656,1,100
95657,1,100
95726,1,100
95732,1,100
95748,1,100
95758,1,100
95760,1,100
95775,1,100
95794,1,100
95811,1,100
95818,1,100
95827,1,100
95858,1,100
95859,1,100
95861,1,100
95861,1,100
95868,1,100
95900,1,100
95900,1,100
95908,1,100
95927,1,100
95933,1,100
95946,1,100
95949,1,100
95964,1,100
95971,1,100
95980,1,100
96002,1,100
96012,1,100
96027,1,100
96035,1,100
96073,1,100
96078,1,100
96108,1,100
96137,1,100
96149,1,100
96161,1,100
96161,1,100
96171,1,100
96189,1,100
96193,1,100
96228,1,100
96236,1,100
96238,1,100
96245,1,100
96255,1,100
96301,1,100
96310,1,100
96323,1,100
96337,1,100
96339,1,100
96355,1,100
96367,1,100
96367,1,100
96380,1,100
96386,1,100
96394,1,100
96406,1,100
96423,1,100
96425,1,100
96428,1,100
96434,1,100
96443,1,100
96486,1,100
96488,1,100
96537,1,100
96615,1,100
96634,1,100
96650,1,100
96676,1,100
96676,1,100
96682,1,100
96688,1,100
96691,1,100
96702,1,100
96709,1,100
96730,1,100
96736,1,100
96745,1,100
96757,1,100
96763,1,100
96766,1,100
96781,1,100
96805,1,100
96806,1,100
96807,1,100
96825,1,100
96848,1,100
96868,1,100
96869,1,100
97009,1,100
97011,1,100
97027,1,100
97036,1,100
97048,1,100
97054,1,100
97055,1,100
97059,1,100
97076,1,100
97111,1,100
97131,1,100
97151,1,100
97153,1,100
97202,1,100
97203,1,100
97224,1,100
97231,1,100
97246,1,100
97273,1,100
97289,1,100
97292,1,100
97293,1,100
97335,1,100
97342,1,100
97362,1,100
97400,1,100
97404,1,100
97405,1,100
97409,1,100
97449,1,100
97466,1,100
97476,1,100
97483,1,100
97485,1,100
97489,1,100
97497,1,100
97498,1,100
97504,1,100
97511,1,100
97524,1,100
97529,1,100
97532,1,100
97563,1,100
97563,1,100
97594,1,100
97600,1,100
97611,1,100
97645,1,100
97657,1,100
97698,1,100
97758,1,100
97759,1,100
97765,1,100
97779,1,100
97794,1,100
97802,1,100
97806,1,100
97822,1,100
97830,1,100
98002,1,100
98044,1,100
98075,1,100
98096,1,100
98109,1,100
98125,1,100
98156,1,100
98186,1,100
98196,1,100
98231,1,100
98255,1,100
98258,1,100
98269,1,100
98270,1,100
98294,1,100
98310,1,100
98382,1,100
98384,1,100
98417,1,100
98418,1,100
98443,1,100
98461,1,100
98500,1,100
98507,1,100
98528,1,100
98536,1,100
98550,1,100
98561,1,100
98565,1,100
98567,1,100
98576,1,100
98580,1,100
98580,1,100
98624,1,100
98654,1,100
98666,1,100
98704,1,100
98711,1,100
98747,1,100
98748,1,100
98751,1,100
98768,1,100
98786,1,100
98816,1,100
98819,1,100
98832,1,100
98845,1,100
98861,1,100
98865,1,100
98867,1,100
98872,1,100
98894,1,100
98926,1,100
98931,1,100
98969,1,100
99000,1,100
99013,1,100
99025,1,100
99031,1,100
99032,1,100
99035,1,100
99048,1,100
99055,1,100
99059,1,100
99060,1,100
99077,1,100
99079,1,100
99084,1,100
99134,1,100
99143,1,100
99183,1,100
99190,1,100
99196,1,100
99214,1,100
99229,1,100
99261,1,100
99287,1,100
99338,1,100
99342,1,100
99351,1,100
99358,1,100
99363,1,100
99382,1,100
99394,1,100
99401,1,100
99411,1,100
99433,1,100
99445,1,100
99455,1,100
99459,1,100
99469,1,100
99491,1,100
99513,1,100
99538,1,100
99562,1,100
99590,1,100
99596,1,100
99597,1,100
99608,1,100
99613,1,100
99633,1,100
99651,1,100
99690,1,100
99748,1,100
99754,1,100
99763,1,100
99777,1,100
99785,1,100
99790,1,100
99832,1,100
99869,1,100
99876,1,100
99916,1,100
99917,1,100
99955,1,100
99969,1,100
99977,1,100
99979,1,100
100023,1,100
100024,1,100
100039,1,100
100046,1,100
100098,1,100
100117,1,100
100135,1,100
100158,1,100
100175,1,100
100180,1,100
100193,1,100
100198,1,100
100213,1,100
100215,1,100
100271,1,100
100283,1,100
100290,1,100
100302,1,100
100311,1,100
100405,1,100
100418,1,100
100441,1,100
100444,1,100
100518,1,100
100553,1,100
100561,1,100
100574,1,100
100633,1,100
100658,1,100
100671,1,100
100679,1,100
100733,1,100
100760,1,100
100782,1,100
100829,1,100
100861,1,100
100923,1,100
100938,1,100
100940,1,100
101021,1,100
101030,1,100
101036,1,100
101038,1,100
101051,1,100
101056,1,100
101057,1,100
101058,1,100
101062,1,100
101082,1,100
101084,1,100
101096,1,100
101102,1,100
101106,1,100
101124,1,100
101140,1,100
101146,1,100
101148,1,100
101154,1,100
101162,1,100
101176,1,100
101179,1,100
101180,1,100
101193,1,100
101204,1,100
101220,1,100
101221,1,100
101244,1,100
101254,1,100
101256,1,100
101257,1,100
101266,1,100
101267,1,100
101271,1,100
101276,1,100
101277,1,100
101308,1,100
101330,1,100
101335,1,100
101336,1,100
101343,1,100
101404,1,100
101408,1,100
101444,1,100
101446,1,100
101456,1,100
101462,1,100
101489,1,100
101498,1,100
101521,1,100
101540,1,100
101592,1,100
101602,1,100
101619,1,100
101667,1,100
101674,1,100
101701,1,100
101706,1,100
101750,1,100
101767,1,100
101772,1,100
101790,1,100
101800,1,100
101820,1,100
101872,1,100
101901,1,100
101925,1,100
101925,1,100
101977,1,100
101982,1,100
101996,1,100
101999,1,100
102004,1,100
102004,1,100
102006,1,100
102009,1,100
102019,1,100
102021,1,100
102051,1,100
102062,1,100
102083,1,100
102088,1,100
102118,1,100
102119,1,100
102147,1,100
102152,1,100
102161,1,100
102199,1,100
102208,1,100
102219,1,100
102254,1,100
102266,1,100
102266,1,100
102300,1,100
102308,1,100
102321,1,100
102327,1,100
102377,1,100
102378,1,100
102396,1,100
102412,1,100
102423,1,100
102429,1,100
102452,1,100
102461,1,100
102492,1,100
102509,1,100
102514,1,100
102547,1,100
102581,1,100
102606,1,100
102622,1,100
102622,1,100
102647,1,100
102670,1,100
102677,1,100
102704,1,100
102711,1,100
102715,1,100
102725,1,100
102745,1,100
102790,1,100
102791,1,100
102817,1,100
102847,1,100
102879,1,100
102907,1,100
102933,1,100
102940,1,100
102954,1,100
102965,1,100
102988,1,100
102993,1,100
103015,1,100
103020,1,100
103160,1,100
103244,1,100
103269,1,100
103329,1,100
103362,1,100
103384,1,100
103409,1,100
103420,1,100
103486,1,100
103499,1,100
103582,1,100
103593,1,100
103631,1,100
103635,1,100
103642,1,100
103652,1,100
103689,1,100
103692,1,100
103706,1,100
103713,1,100
103722,1,100
103739,1,100
103777,1,100
103838,1,100
103845,1,100
103860,1,100
103869,1,100
103896,1,100
103919,1,100
103923,1,100
103926,1,100
103950,1,100
103968,1,100
103980,1,100
103981,1,100
104017,1,100
104018,1,100
104022,1,100
104024,1,100
104027,1,100
104029,1,100
104032,1,100
104040,1,100
104043,1,100
104056,1,100
104059,1,100
104095,1,100
104110,1,100
104140,1,100
104145,1,100
104157,1,100
104160,1,100
104164,1,100
104173,1,100
104175,1,100
104179,1,100
104182,1,100
104196,1,100
104205,1,100
104214,1,100
104219,1,100
104225,1,100
104233,1,100
104242,1,100
104252,1,100
104255,1,100
104261,1,100
104265,1,100
104291,1,100
104305,1,100
104316,1,100
104383,1,100
104384,1,100
104387,1,100
104388,1,100
104425,1,100
104425,1,100
104428,1,100
104430,1,100
104472,1,100
104494,1,100
104520,1,100
104523,1,100
104588,1,100
104598,1,100
104619,1,100
104646,1,100
104654,1,100
104683,1,100
104689,1,100
104705,1,100
104746,1,100
104766,1,100
104775,1,100
104777,1,100
104777,1,100
104790,1,100
104795,1,100
104822,1,100
104829,1,100
104855,1,100
104865,1,100
105051,1,100
105054,1,100
105054,1,100
105060,1,100
105063,1,100
105071,1,100
105073,1,100
105074,1,100
105084,1,100
105102,1,100
105103,1,100
105117,1,100
105126,1,100
105127,1,100
105143,1,100
105152,1,100
105152,1,100
105153,1,100
105154,1,100
105172,1,100
105173,1,100
105195,1,100
105220,1,100
105239,1,100
105247,1,100
105275,1,100
105295,1,100
105302,1,100
105302,1,100
105306,1,100
105309,1,100
105395,1,100
105399,1,100
105400,1,100
105439,1,100
105453,1,100
105471,1,100
105543,1,100
105570,1,100
105610,1,100
105610,1,100
105613,1,100
105614,1,100
105615,1,100
105615,1,100
105617,1,100
105622,1,100
105648,1,100
105665,1,100
105688,1,100
105697,1,100
105699,1,100
105718,1,100
105729,1,100
105746,1,100
105746,1,100
105749,1,100
105755,1,100
105758,1,100
105792,1,100
105828,1,100
105830,1,100
105855,1,100
105864,1,100
105867,1,100
106054,1,100
106065,1,100
106104,1,100
106112,1,100
106135,1,100
106141,1,100
106153,1,100
106187,1,100
106188,1,100
106210,1,100
106251,1,100
106267,1,100
106271,1,100
106334,1,100
106335,1,100
106336,1,100
106363,1,100
106386,1,100
106392,1,100
106409,1,100
106422,1,100
106423,1,100
106454,1,100
106456,1,100
106458,1,100
106473,1,100
106473,1,100
106479,1,100
106514,1,100
106535,1,100
106542,1,100
106545,1,100
106567,1,100
106600,1,100
106604,1,100
106605,1,100
106647,1,100
106662,1,100
106669,1,100
106712,1,100
106743,1,100
106746,1,100
106757,1,100
106777,1,100
106813,1,100
106828,1,100
106838,1,100
106849,1,100
106849,1,100
107003,1,100
107014,1,100
107015,1,100
107026,1,100
107055,1,100
107063,1,100
107066,1,100
107066,1,100
107071,1,100
107087,1,100
107097,1,100
107117,1,100
107124,1,100
107142,1,100
107190,1,100
107209,1,100
107221,1,100
107234,1,100
107235,1,100
107279,1,100
107296,1,100
107298,1,100
107312,1,100
107338,1,100
107379,1,100
107399,1,100
107407,1,100
107458,1,100
107505,1,100
107508,1,100
107513,1,100
107520,1,100
107527,1,100
107534,1,100
107547,1,100
107552,1,100
107569,1,100
107601,1,100
107631,1,100
107666,1,100
107691,1,100
107702,1,100
107706,1,100
107712,1,100
107730,1,100
107730,1,100
107764,1,100
108001,1,100
108032,1,100
108050,1,100
108063,1,100
108076,1,100
108078,1,100
108118,1,100
108153,1,100
108159,1,100
108163,1,100
108172,1,100
108175,1,100
108187,1,100
108202,1,100
108222,1,100
108251,1,100
108255,1,100
108286,1,100
108324,1,100
108349,1,100
108396,1,100
108448,1,100
108469,1,100
108529,1,100
108539,1,100
108582,1,100
108592,1,100
108627,1,100
108627,1,100
108630,1,100
108652,1,100
108654,1,100
108665,1,100
108702,1,100
108712,1,100
108726,1,100
108734,1,100
108752,1,100
108760,1,100
108785,1,100
108805,1,100
108807,1,100
108823,1,100
108863,1,100
108876,1,100
109092,1,100
109106,1,100
109144,1,100
109205,1,100
109233,1,100
109237,1,100
109242,1,100
109270,1,100
109280,1,100
109297,1,100
109306,1,100
109314,1,100
109319,1,100
109352,1,100
109376,1,100
109445,1,100
109452,1,100
109474,1,100
109478,1,100
109496,1,100
109517,1,100
109539,1,100
109559,1,100
109560,1,100
109590,1,100
109603,1,100
109619,1,100
109661,1,100
109667,1,100
109706,1,100
109743,1,100
109785,1,100
109819,1,100
109824,1,100
109830,1,100
109851,1,100
109851,1,100
109933,1,100
109979,1,100
109980,1,100
110006,1,100
110013,1,100
110031,1,100
110047,1,100
110056,1,100
110059,1,100
110064,1,100
110067,1,100
110075,1,100
110087,1,100
110106,1,100
110114,1,100
110152,1,100
110180,1,100
110180,1,100
110184,1,100
110206,1,100
110228,1,100
110231,1,100
110285,1,100
110292,1,100
110297,1,100
110299,1,100
110328,1,100
110374,1,100
110389,1,100
110397,1,100
110422,1,100
110448,1,100
110453,1,100
110491,1,100
110505,1,100
110509,1,100
110523,1,100
110532,1,100
110568,1,100
110657,1,100
110690,1,100
110713,1,100
110715,1,100
110772,1,100
110777,1,100
110782,1,100
110789,1,100
110865,1,100
110886,1,100
110907,1,100
110916,1,100
110919,1,100
111030,1,100
111034,1,100
111054,1,100
111113,1,100
111119,1,100
111127,1,100
111137,1,100
111164,1,100
111184,1,100
111204,1,100
111209,1,100
111221,1,100
111224,1,100
111246,1,100
111256,1,100
111322,1,100
111422,1,100
111442,1,100
111457,1,100
111472,1,100
111482,1,100
111484,1,100
111485,1,100
111505,1,100
111525,1,100
111525,1,100
111546,1,100
111574,1,100
111586,1,100
111608,1,100
111621,1,100
111647,1,100
111652,1,100
111682,1,100
111715,1,100
111734,1,100
111752,1,100
111752,1,100
111791,1,100
111794,1,100
111799,1,100
111830,1,100
111839,1,100
111855,1,100
111860,1,100
111863,1,100
112030,1,100
112077,1,100
112085,1,100
112116,1,100
112140,1,100
112172,1,100
112212,1,100
112219,1,100
112247,1,100
112351,1,100
112450,1,100
112461,1,100
112478,1,100
112480,1,100
112509,1,100
112515,1,100
112525,1,100
112531,1,100
112590,1,100
112618,1,100
112620,1,100
112630,1,100
112667,1,100
112680,1,100
112725,1,100
112740,1,100
112762,1,100
112764,1,100
112786,1,100
112803,1,100
112805,1,100
112832,1,100
112840,1,100
112846,1,100
112871,1,100
112883,1,100
112916,1,100
112978,1,100
112982,1,100
113018,1,100
113037,1,100
113052,1,100
113068,1,100
113080,1,100
113081,1,100
113088,1,100
113108,1,100
113116,1,100
113145,1,100
113152,1,100
113194,1,100
113194,1,100
113205,1,100
113210,1,100
113215,1,100
113239,1,100
113271,1,100
113272,1,100
113324,1,100
113335,1,100
113346,1,100
113352,1,100
113356,1,100
113376,1,100
113379,1,100
113393,1,100
113402,1,100
113490,1,100
113524,1,100
113532,1,100
113540,1,100
113549,1,100
113618,1,100
113622,1,100
113631,1,100
113647,1,100
113659,1,100
113668,1,100
113692,1,100
113734,1,100
113738,1,100
113741,1,100
113753,1,100
113770,1,100
113774,1,100
113780,1,100
113787,1,100
113791,1,100
113820,1,100
114015,1,100
114015,1,100
114029,1,100
114118,1,100
114159,1,100
114174,1,100
114176,1,100
114193,1,100
114208,1,100
114213,1,100
114237,1,100
114260,1,100
114264,1,100
114266,1,100
114288,1,100
114319,1,100
114361,1,100
114378,1,100
114388,1,100
114390,1,100
114407,1,100
114440,1,100
114464,1,100
114468,1,100
114484,1,100
114485,1,100
114535,1,100
114543,1,100
114584,1,100
114600,1,100
114606,1,100
114617,1,100
114656,1,100
114661,1,100
114687,1,100
114698,1,100
114701,1,100
114710,1,100
114720,1,100
114735,1,100
114746,1,100
114750,1,100
115003,1,100
115008,1,100
115023,1,100
115024,1,100
115034,1,100
115070,1,100
115079,1,100
115203,1,100
115246,1,100
115275,1,100
115275,1,100
115301,1,100
115302,1,100
115306,1,100
115373,1,100
115424,1,100
115463,1,100
115483,1,100
115513,1,100
115523,1,100
115528,1,100
115540,1,100
115566,1,100
115607,1,100
115628,1,100
115649,1,100
115651,1,100
115737,1,100
115778,1,100
115817,1,100
115844,1,100
115873,1,100
115896,1,100
115907,1,100
115928,1,100
115965,1,100
115976,1,100
115984,1,100
116017,1,100
116023,1,100
116025,1,100
116039,1,100
116040,1,100
116057,1,100
116064,1,100
116064,1,100
116093,1,100
116105,1,100
116146,1,100
116147,1,100
116151,1,100
116152,1,100
116153,1,100
116221,1,100
116236,1,100
116270,1,100
116270,1,100
116272,1,100
116314,1,100
116319,1,100
116348,1,100
116373,1,100
116378,1,100
116418,1,100
116422,1,100
116447,1,100
116450,1,100
116475,1,100
116480,1,100
116491,1,100
116498,1,100
116507,1,100
116540,1,100
116558,1,100
116572,1,100
116580,1,100
116631,1,100
116632,1,100
116649,1,100
116650,1,100
116651,1,100
116680,1,100
116702,1,100
116754,1,100
117036,1,100
117086,1,100
117121,1,100
117122,1,100
117147,1,100
117150,1,100
117153,1,100
117161,1,100
117165,1,100
117167,1,100
117170,1,100
117184,1,100
117216,1,100
117242,1,100
117248,1,100
117257,1,100
117274,1,100
117285,1,100
117299,1,100
117312,1,100
117380,1,100
117396,1,100
117408,1,100
117423,1,100
117441,1,100
117487,1,100
117489,1,100
117516,1,100
117538,1,100
117552,1,100
117610,1,100
117617,1,100
117620,1,100
117628,1,100
117702,1,100
117714,1,100
117747,1,100
117787,1,100
117790,1,100
117798,1,100
117810,1,100
117822,1,100
117871,1,100
117878,1,100
117899,1,100
117914,1,100
118010,1,100
118032,1,100
118033,1,100
118051,1,100
118097,1,100
118100,1,100
118121,1,100
118160,1,100
118162,1,100
118181,1,100
118187,1,100
118263,1,100
118266,1,100
118270,1,100
118270,1,100
118335,1,100
118345,1,100
118367,1,100
118472,1,100
118478,1,100
118480,1,100
118497,1,100
118516,1,100
118569,1,100
118577,1,100
118604,1,100
118614,1,100
118667,1,100
118680,1,100
118685,1,100
118690,1,100
118694,1,100
118722,1,100
118820,1,100
119079,1,100
119092,1,100
119093,1,100
119125,1,100
119161,1,100
119191,1,100
119258,1,100
119272,1,100
119347,1,100
119351,1,100
119373,1,100
119437,1,100
119451,1,100
119520,1,100
119580,1,100
119581,1,100
119589,1,100
119653,1,100
119699,1,100
119714,1,100
119736,1,100
119746,1,100
119780,1,100
119821,1,100
119865,1,100
119913,1,100
119921,1,100
119934,1,100
119939,1,100
120004,1,100
120008,1,100
120012,1,100
120014,1,100
120015,1,100
120019,1,100
120042,1,100
120098,1,100
120160,1,100
120226,1,100
120445,1,100
120450,1,100
120621,1,100
120727,1,100
120955,1,100
120960,1,100
120978,1,100
120981,1,100
121011,1,100
121025,1,100
121025,1,100
121028,1,100
121031,1,100
121039,1,100
121061,1,100
121062,1,100
121068,1,100
121070,1,100
121146,1,100
121161,1,100
121185,1,100
121193,1,100
121195,1,100
121199,1,100
121218,1,100
121242,1,100
121245,1,100
121247,1,100
121264,1,100
121292,1,100
121296,1,100
121353,1,100
121359,1,100
121368,1,100
121383,1,100
121390,1,100
121409,1,100
121411,1,100
121418,1,100
121451,1,100
121462,1,100
121481,1,100
121493,1,100
121557,1,100
121585,1,100
121591,1,100
121600,1,100
121607,1,100
121626,1,100
121645,1,100
121701,1,100
121717,1,100
121789,1,100
121802,1,100
121838,1,100
122077,1,100
122137,1,100
122153,1,100
122193,1,100
122241,1,100
122292,1,100
122303,1,100
122316,1,100
122319,1,100
122343,1,100
122389,1,100
122423,1,100
122506,1,100
122519,1,100
122543,1,100
122573,1,100
122593,1,100
122615,1,100
122629,1,100
122661,1,100
122669,1,100
122671,1,100
122715,1,100
122731,1,100
122777,1,100
122792,1,100
122806,1,100
122824,1,100
122825,1,100
122879,1,100
122889,1,100
123018,1,100
123057,1,100
123096,1,100
123105,1,100
123112,1,100
123137,1,100
123147,1,100
123190,1,100
123238,1,100
123325,1,100
123345,1,100
123417,1,100
123420,1,100
123434,1,100
123532,1,100
123533,1,100
123534,1,100
123560,1,100
123649,1,100
123678,1,100
123688,1,100
123708,1,100
123748,1,100
123767,1,100
123787,1,100
123817,1,100
123818,1,100
123851,1,100
123930,1,100
124045,1,100
124055,1,100
124099,1,100
124115,1,100
124141,1,100
124144,1,100
124156,1,100
124167,1,100
124189,1,100
124205,1,100
124210,1,100
124337,1,100
124367,1,100
124438,1,100
124443,1,100
124465,1,100
124472,1,100
124511,1,100
124530,1,100
124551,1,100
124569,1,100
124599,1,100
124714,1,100
124761,1,100
124802,1,100
124858,1,100
124922,1,100
125001,1,100
125032,1,100
125042,1,100
125046,1,100
125103,1,100
125177,1,100
125230,1,100
125259,1,100
125292,1,100
125301,1,100
125412,1,100
125424,1,100
125431,1,100
125439,1,100
125453,1,100
125470,1,100
125500,1,100
125548,1,100
125597,1,100
125598,1,100
125609,1,100
125627,1,100
125671,1,100
125675,1,100
125724,1,100
125782,1,100
125838,1,100
125854,1,100
125915,1,100
126000,1,100
126012,1,100
126019,1,100
126036,1,100
126060,1,100
126063,1,100
126188,1,100
126192,1,100
126197,1,100
126216,1,100
126272,1,100
126315,1,100
126386,1,100
126399,1,100
126416,1,100
126448,1,100
126457,1,100
126482,1,100
126486,1,100
126536,1,100
126551,1,100
126633,1,100
126647,1,100
126679,1,100
126682,1,100
126698,1,100
126761,1,100
126815,1,100
126830,1,100
127071,1,100
127095,1,100
127140,1,100
127241,1,100
127274,1,100
127426,1,100
127433,1,100
127466,1,100
127547,1,100
127603,1,100
127623,1,100
127635,1,100
127638,1,100
127647,1,100
127658,1,100
127666,1,100
127681,1,100
127751,1,100
127778,1,100
127836,1,100
127846,1,100
127897,1,100
127968,1,100
127993,1,100
128017,1,100
128076,1,100
128132,1,100
128138,1,100
128164,1,100
128176,1,100
128180,1,100
128237,1,100
128310,1,100
128328,1,100
128333,1,100
128342,1,100
128391,1,100
128454,1,100
128474,1,100
128524,1,100
128566,1,100
128569,1,100
128579,1,100
128617,1,100
128624,1,100
128633,1,100
128658,1,100
128803,1,100
128826,1,100
128859,1,100
128875,1,100
128908,1,100
128936,1,100
129000,1,100
129012,1,100
129047,1,100
129080,1,100
129082,1,100
129086,1,100
129119,1,100
129142,1,100
129148,1,100
129188,1,100
129201,1,100
129217,1,100
129281,1,100
129312,1,100
129345,1,100
129360,1,100
129365,1,100
129367,1,100
129374,1,100
129379,1,100
129422,1,100
129424,1,100
129433,1,100
129472,1,100
129490,1,100
129516,1,100
129524,1,100
129554,1,100
129559,1,100
129654,1,100
129689,1,100
129764,1,100
129778,1,100
129925,1,100
130004,1,100
130019,1,100
130023,1,100
130028,1,100
130065,1,100
130176,1,100
130300,1,100
130381,1,100
130381,1,100
130390,1,100
130391,1,100
130515,1,100
130567,1,100
130608,1,100
130659,1,100
130686,1,100
130754,1,100
130817,1,100
131032,1,100
131040,1,100
131056,1,100
131100,1,100
131111,1,100
131138,1,100
131150,1,100
131200,1,100
131272,1,100
131322,1,100
131340,1,100
131345,1,100
131407,1,100
131409,1,100
131476,1,100
131496,1,100
131523,1,100
131570,1,100
131607,1,100
131766,1,100
131845,1,100
131885,1,100
131885,1,100
131900,1,100
131955,1,100
131962,1,100
131987,1,100
132082,1,100
132083,1,100
132106,1,100
132113,1,100
132129,1,100
132140,1,100
132208,1,100
132223,1,100
132292,1,100
132324,1,100
132331,1,100
132374,1,100
132399,1,100
132454,1,100
132488,1,100
132490,1,100
132494,1,100
132512,1,100
132525,1,100
132554,1,100
132564,1,100
132577,1,100
132610,1,100
133005,1,100
133027,1,100
133037,1,100
133081,1,100
133085,1,100
133121,1,100
133137,1,100
133185,1,100
133279,1,100
133284,1,100
133325,1,100
133474,1,100
133550,1,100
133596,1,100
133644,1,100
133651,1,100
134009,1,100
134056,1,100
134067,1,100
134069,1,100
134107,1,100
134133,1,100
134157,1,100
134233,1,100
134325,1,100
134407,1,100
134471,1,100
134549,1,100
134560,1,100
134596,1,100
134612,1,100
134625,1,100
134665,1,100
134686,1,100
134719,1,100
135037,1,100
135068,1,100
135068,1,100
135085,1,100
135142,1,100
135212,1,100
135242,1,100
135266,1,100
135278,1,100
135308,1,100
135313,1,100
135330,1,100
135373,1,100
135379,1,100
135414,1,100
135474,1,100
135485,1,100
135679,1,100
136013,1,100
136031,1,100
136055,1,100
136077,1,100
136120,1,100
136156,1,100
136302,1,100
136360,1,100
136422,1,100
136443,1,100
136527,1,100
136543,1,100
136608,1,100
136625,1,100
136866,1,100
136923,1,100
136933,1,100
136999,1,100
137083,1,100
137085,1,100
137092,1,100
137104,1,100
137137,1,100
137189,1,100
137226,1,100
137307,1,100
137384,1,100
137477,1,100
137499,1,100
137570,1,100
137580,1,100
137589,1,100
137674,1,100
137741,1,100
137789,1,100
137815,1,100
137970,1,100
137978,1,100
137995,1,100
138114,1,100
138201,1,100
138206,1,100
138212,1,100
138252,1,100
138339,1,100
138359,1,100
138379,1,100
138401,1,100
138419,1,100
138480,1,100
138524,1,100
138558,1,100
138579,1,100
138604,1,100
138689,1,100
138721,1,100
139011,1,100
139031,1,100
139123,1,100
139124,1,100
139133,1,100
139173,1,100
139237,1,100
139257,1,100
139271,1,100
139407,1,100
139551,1,100
139559,1,100
139574,1,100
139577,1,100
139605,1,100
139686,1,100
139698,1,100
139755,1,100
139803,1,100
140065,1,100
140116,1,100
140139,1,100
140235,1,100
140479,1,100
140503,1,100
140551,1,100
140786,1,100
141024,1,100
141058,1,100
141138,1,100
141154,1,100
141191,1,100
141226,1,100
141264,1,100
141299,1,100
141306,1,100
141307,1,100
141354,1,100
141453,1,100
141465,1,100
141480,1,100
141495,1,100
141496,1,100
141631,1,100
141650,1,100
141661,1,100
141706,1,100
141743,1,100
141773,1,100
141774,1,100
141846,1,100
141876,1,100
141983,1,100
141984,1,100
142001,1,100
142078,1,100
142139,1,100
142244,1,100
142257,1,100
142347,1,100
142491,1,100
142626,1,100
142629,1,100
142642,1,100
142649,1,100
142701,1,100
142721,1,100
142823,1,100
143086,1,100
143129,1,100
143139,1,100
143165,1,100
143181,1,100
143190,1,100
143275,1,100
143326,1,100
143464,1,100
143666,1,100
143870,1,100
143906,1,100
144009,1,100
144140,1,100
144155,1,100
144278,1,100
144288,1,100
144334,1,100
144350,1,100
144375,1,100
144433,1,100
144502,1,100
144545,1,100
144605,1,100
145010,1,100
145126,1,100
145170,1,100
145285,1,100
145302,1,100
145324,1,100
145339,1,100
145365,1,100
145368,1,100
145483,1,100
145550,1,100
145614,1,100
145721,1,100
145761,1,100
145806,1,100
146144,1,100
146333,1,100
146377,1,100
146405,1,100
146510,1,100
146546,1,100
146666,1,100
146761,1,100
146925,1,100
146942,1,100
147054,1,100
147096,1,100
147114,1,100
147160,1,100
147257,1,100
147311,1,100
147312,1,100
147321,1,100
147371,1,100
147560,1,100
147615,1,100
147635,1,100
147701,1,100
147989,1,100
148003,1,100
148007,1,100
148321,1,100
148417,1,100
148444,1,100
148591,1,100
148593,1,100
148595,1,100
148782,1,100
148788,1,100
148804,1,100
148824,1,100
148841,1,100
148968,1,100
149002,1,100
149043,1,100
149064,1,100
149442,1,100
149486,1,100
149495,1,100
149685,1,100
149699,1,100
149870,1,100
149903,1,100
150011,1,100
150018,1,100
150257,1,100
150325,1,100
150337,1,100
150448,1,100
150459,1,100
150538,1,100
150698,1,100
150815,1,100
151052,1,100
151095,1,100
151168,1,100
151217,1,100
151223,1,100
151365,1,100
151384,1,100
151425,1,100
151489,1,100
151543,1,100
151652,1,100
151703,1,100
152072,1,100
152182,1,100
152217,1,100
152311,1,100
152551,1,100
152558,1,100
153020,1,100
153055,1,100
153087,1,100
153113,1,100
153198,1,100
153291,1,100
153308,1,100
153450,1,100
153450,1,100
153561,1,100
153598,1,100
153681,1,100
153718,1,100
153846,1,100
153915,1,100
154032,1,100
154096,1,100
154125,1,100
154182,1,100
154264,1,100
154320,1,100
154476,1,100
154501,1,100
154596,1,100
154623,1,100
154624,1,100
154652,1,100
154680,1,100
154747,1,100
154788,1,100
154857,1,100
155018,1,100
155046,1,100
155056,1,100
155061,1,100
155084,1,100
155130,1,100
155137,1,100
155336,1,100
155361,1,100
155409,1,100
155455,1,100
156087,1,100
156172,1,100
156355,1,100
156355,1,100
156375,1,100
156507,1,100
156814,1,100
156966,1,100
156992,1,100
157107,1,100
157154,1,100
157211,1,100
157532,1,100
157653,1,100
157699,1,100
158090,1,100
158111,1,100
158128,1,100
158182,1,100
158279,1,100
158478,1,100
158516,1,100
158663,1,100
158677,1,100
158710,1,100
159019,1,100
159075,1,100
159141,1,100
159147,1,100
159230,1,100
159293,1,100
159575,1,100
159617,1,100
159627,1,100
159638,1,100
159755,1,100
160263,1,100
160353,1,100
160378,1,100
160391,1,100
160502,1,100
160566,1,100
160674,1,100
160683,1,100
160714,1,100
160754,1,100
160792,1,100
160820,1,100
160846,1,100
161029,1,100
161049,1,100
161590,1,100
161680,1,100
161879,1,100
161914,1,100
162288,1,100
162530,1,100
162577,1,100
162756,1,100
162894,1,100
163075,1,100
163245,1,100
163276,1,100
163295,1,100
163721,1,100
163886,1,100
164342,1,100
164362,1,100
164953,1,100
165045,1,100
165047,1,100
165119,1,100
165123,1,100
165128,1,100
165148,1,100
165153,1,100
165166,1,100
165303,1,100
165370,1,100
165402,1,100
165438,1,100
165442,1,100
165445,1,100
165551,1,100
165576,1,100
165611,1,100
165619,1,100
165669,1,100
165732,1,100
165798,1,100
165824,1,100
165880,1,100
165909,1,100
166157,1,100
166221,1,100
166241,1,100
166367,1,100
166402,1,100
166443,1,100
166748,1,100
166786,1,100
166860,1,100
166988,1,100
167030,1,100
167030,1,100
167062,1,100
167307,1,100
167382,1,100
167506,1,100
167509,1,100
167789,1,100
167800,1,100
167870,1,100
168018,1,100
168064,1,100
168261,1,100
168326,1,100
168450,1,100
168462,1,100
168547,1,100
168630,1,100
168677,1,100
168774,1,100
168873,1,100
169321,1,100
169596,1,100
169905,1,100
169914,1,100
170011,1,100
170034,1,100
170054,1,100
170125,1,100
170528,1,100
170582,1,100
170735,1,100
170748,1,100
170992,1,100
171120,1,100
171182,1,100
171196,1,100
171227,1,100
171252,1,100
171294,1,100
171445,1,100
171485,1,100
171665,1,100
172000,1,100
172104,1,100
172125,1,100
172343,1,100
172453,1,100
172514,1,100
172523,1,100
172545,1,100
172649,1,100
172669,1,100
173159,1,100
173191,1,100
173299,1,100
173377,1,100
173873,1,100
174105,1,100
174112,1,100
174259,1,100
174490,1,100
174543,1,100
174548,1,100
174969,1,100
175291,1,100
175580,1,100
175708,1,100
175929,1,100
176079,1,100
176287,1,100
176408,1,100
176424,1,100
176436,1,100
176530,1,100
176569,1,100
177004,1,100
177007,1,100
177074,1,100
177117,1,100
177185,1,100
177211,1,100
177214,1,100
177251,1,100
177261,1,100
177288,1,100
177295,1,100
177298,1,100
177337,1,100
177360,1,100
177366,1,100
177395,1,100
177455,1,100
177489,1,100
177522,1,100
177533,1,100
177697,1,100
177748,1,100
177759,1,100
177777,1,100
178036,1,100
178051,1,100
178180,1,100
178188,1,100
178290,1,100
178466,1,100
178623,1,100
178664,1,100
178822,1,100
179020,1,100
179036,1,100
179111,1,100
179287,1,100
179309,1,100
179313,1,100
179359,1,100
179403,1,100
179438,1,100
179588,1,100
179704,1,100
179765,1,100
179781,1,100
179811,1,100
180099,1,100
180100,1,100
180209,1,100
180309,1,100
180373,1,100
180400,1,100
180451,1,100
180595,1,100
182052,1,100
182080,1,100
182170,1,100
182214,1,100
182219,1,100
182235,1,100
182302,1,100
182354,1,100
182386,1,100
182416,1,100
182589,1,100
182610,1,100
182830,1,100
183126,1,100
183219,1,100
183247,1,100
183304,1,100
183504,1,100
183543,1,100
183562,1,100
183767,1,100
183787,1,100
184034,1,100
184075,1,100
184099,1,100
184100,1,100
184110,1,100
184120,1,100
184157,1,100
184340,1,100
184356,1,100
184393,1,100
184526,1,100
184551,1,100
184635,1,100
185062,1,100
185208,1,100
185368,1,100
185813,1,100
185819,1,100
186009,1,100
186062,1,100
186130,1,100
186206,1,100
186253,1,100
186257,1,100
186460,1,100
186517,1,100
186560,1,100
186564,1,100
186576,1,100
187192,1,100
187305,1,100
187334,1,100
187345,1,100
187747,1,100
187807,1,100
187989,1,100
188053,1,100
188099,1,100
188106,1,100
188107,1,100
188714,1,100
189012,1,100
189068,1,100
189077,1,100
189128,1,100
189139,1,100
189255,1,100
189353,1,100
189362,1,100
189396,1,100
189409,1,100
189446,1,100
189476,1,100
189593,1,100
189637,1,100
189648,1,100
189691,1,100
189712,1,100
189784,1,100
189939,1,100
189947,1,100
190014,1,100
190086,1,100
190149,1,100
190176,1,100
190185,1,100
190197,1,100
190338,1,100
190521,1,100
190737,1,100
190773,1,100
190855,1,100
191060,1,100
191251,1,100
191279,1,100
191314,1,100
191386,1,100
191507,1,100
191960,1,100
192037,1,100
192096,1,100
192117,1,100
192188,1,100
192273,1,100
192297,1,100
192351,1,100
192379,1,100
192402,1,100
192439,1,100
192495,1,100
192596,1,100
192678,1,100
192701,1,100
192747,1,100
193088,1,100
193173,1,100
193645,1,100
193773,1,100
193781,1,100
193818,1,100
193924,1,100
193966,1,100
194136,1,100
194255,1,100
194288,1,100
194461,1,100
194489,1,100
194549,1,100
194671,1,100
194773,1,100
194836,1,100
194850,1,100
194997,1,100
195131,1,100
195386,1,100
195412,1,100
195493,1,100
195591,1,100
195673,1,100
195714,1,100
195827,1,100
195854,1,100
196001,1,100
196022,1,100
196079,1,100
196096,1,100
196111,1,100
196142,1,100
196292,1,100
196587,1,100
196784,1,100
196911,1,100
197007,1,100
197020,1,100
197026,1,100
197067,1,100
197114,1,100
197176,1,100
197246,1,100
197259,1,100
197333,1,100
197634,1,100
198028,1,100
198237,1,100
198544,1,100
198565,1,100
198950,1,100
199015,1,100
199257,1,100
199263,1,100
199279,1,100
199525,1,100
199787,1,100
199855,1,100
200050,1,100
200073,1,100
200194,1,100
200223,1,100
200248,1,100
200298,1,100
200362,1,100
200415,1,100
201015,1,100
201016,1,100
201025,1,100
201037,1,100
201041,1,100
201161,1,100
201177,1,100
201246,1,100
201249,1,100
201325,1,100
201361,1,100
201431,1,100
201434,1,100
201464,1,100
201477,1,100
201525,1,100
201562,1,100
201578,1,100
201602,1,100
201612,1,100
201637,1,100
201671,1,100
201672,1,100
201673,1,100
201689,1,100
201743,1,100
201749,1,100
201778,1,100
201785,1,100
201836,1,100
201889,1,100
202035,1,100
202079,1,100
202137,1,100
202140,1,100
202204,1,100
202228,1,100
202390,1,100
202461,1,100
202601,1,100
202720,1,100
202793,1,100
202836,1,100
203150,1,100
203194,1,100
203289,1,100
203511,1,100
203584,1,100
203592,1,100
203734,1,100
203759,1,100
203888,1,100
203965,1,100
204053,1,100
204068,1,100
204149,1,100
204222,1,100
204228,1,100
204285,1,100
204467,1,100
204538,1,100
204547,1,100
204635,1,100
204649,1,100
204690,1,100
204765,1,100
204798,1,100
205168,1,100
205214,1,100
205290,1,100
205297,1,100
205349,1,100
205399,1,100
205544,1,100
205622,1,100
205676,1,100
205706,1,100
205727,1,100
206048,1,100
206183,1,100
206227,1,100
206285,1,100
206364,1,100
206456,1,100
206517,1,100
206614,1,100
206615,1,100
206634,1,100
206644,1,100
207082,1,100
207103,1,100
207320,1,100
207390,1,100
207409,1,100
207422,1,100
207425,1,100
207537,1,100
207740,1,100
207810,1,100
207815,1,100
207914,1,100
207971,1,100
208062,1,100
208067,1,100
208314,1,100
208320,1,100
208339,1,100
208396,1,100
208529,1,100
208604,1,100
208806,1,100
208906,1,100
209003,1,100
209143,1,100
209243,1,100
209355,1,100
209368,1,100
209408,1,100
209523,1,100
209795,1,100
210015,1,100
210044,1,100
210247,1,100
210484,1,100
210619,1,100
210628,1,100
210726,1,100
210824,1,100
210885,1,100
211351,1,100
211519,1,100
211624,1,100
211642,1,100
211706,1,100
211757,1,100
211915,1,100
211924,1,100
211937,1,100
212057,1,100
212101,1,100
212122,1,100
212135,1,100
212141,1,100
212265,1,100
212650,1,100
212720,1,100
212743,1,100
212797,1,100
212940,1,100
213074,1,100
213104,1,100
213184,1,100
213290,1,100
213313,1,100
213362,1,100
213435,1,100
213452,1,100
213458,1,100
213487,1,100
213493,1,100
213535,1,100
213562,1,100
213564,1,100
213570,1,100
213574,1,100
213579,1,100
213650,1,100
213666,1,100
213748,1,100
213783,1,100
213829,1,100
213851,1,100
213903,1,100
213927,1,100
213938,1,100
214011,1,100
214070,1,100
214161,1,100
214171,1,100
214261,1,100
214289,1,100
214303,1,100
214307,1,100
214540,1,100
214652,1,100
214725,1,100
214741,1,100
214792,1,100
214943,1,100
214943,1,100
214946,1,100
215028,1,100
215033,1,100
215044,1,100
215200,1,100
215295,1,100
215373,1,100
215383,1,100
215471,1,100
215519,1,100
215540,1,100
215627,1,100
215675,1,100
215676,1,100
215804,1,100
215961,1,100
215971,1,100
216054,1,100
216079,1,100
216101,1,100
216122,1,100
216142,1,100
216156,1,100
216208,1,100
216228,1,100
216263,1,100
216272,1,100
216303,1,100
216354,1,100
216409,1,100
217140,1,100
217263,1,100
217370,1,100
217442,1,100
217626,1,100
217778,1,100
217916,1,100
218001,1,100
218018,1,100
218071,1,100
218112,1,100
218218,1,100
218257,1,100
218273,1,100
218330,1,100
218344,1,100
218375,1,100
218544,1,100
218604,1,100
218649,1,100
218663,1,100
218753,1,100
218887,1,100
218908,1,100
218997,1,100
219446,1,100
219633,1,100
219862,1,100
220040,1,100
220082,1,100
220097,1,100
220114,1,100
220205,1,100
220259,1,100
220275,1,100
220301,1,100
220346,1,100
220400,1,100
220419,1,100
220433,1,100
220572,1,100
220595,1,100
220621,1,100
220643,1,100
220644,1,100
220737,1,100
220831,1,100
220837,1,100
220848,1,100
220890,1,100
220894,1,100
220908,1,100
220925,1,100
220929,1,100
221013,1,100
221087,1,100
221211,1,100
221251,1,100
221259,1,100
221285,1,100
221405,1,100
221617,1,100
221627,1,100
221680,1,100
221812,1,100
222011,1,100
222037,1,100
222066,1,100
222234,1,100
222343,1,100
222415,1,100
222466,1,100
222634,1,100
222731,1,100
222762,1,100
222923,1,100
222937,1,100
223006,1,100
223092,1,100
223104,1,100
223267,1,100
223284,1,100
223397,1,100
223513,1,100
223522,1,100
223532,1,100
223670,1,100
223695,1,100
223708,1,100
223721,1,100
223754,1,100
223759,1,100
224035,1,100
224066,1,100
224230,1,100
224246,1,100
224248,1,100
224291,1,100
224478,1,100
224540,1,100
224630,1,100
224856,1,100
224872,1,100
225002,1,100
225008,1,100
225032,1,100
225055,1,100
225071,1,100
225081,1,100
225088,1,100
225095,1,100
225135,1,100
225145,1,100
225176,1,100
225181,1,100
225224,1,100
225319,1,100
225353,1,100
225397,1,100
225465,1,100
225482,1,100
225487,1,100
225529,1,100
225530,1,100
225566,1,100
225643,1,100
225678,1,100
225731,1,100
225744,1,100
225765,1,100
225972,1,100
225986,1,100
226014,1,100
226022,1,100
226042,1,100
226049,1,100
226057,1,100
226066,1,100
226076,1,100
226084,1,100
226175,1,100
226177,1,100
226205,1,100
226223,1,100
226256,1,100
226264,1,100
226287,1,100
226291,1,100
226349,1,100
226404,1,100
226448,1,100
226524,1,100
226586,1,100
226632,1,100
226640,1,100
226673,1,100
226709,1,100
226717,1,100
226756,1,100
226773,1,100
226807,1,100
226850,1,100
226885,1,100
226896,1,100
227042,1,100
227045,1,100
227064,1,100
227101,1,100
227157,1,100
227166,1,100
227187,1,100
227227,1,100
227275,1,100
227302,1,100
227339,1,100
227398,1,100
227476,1,100
227552,1,100
227578,1,100
227640,1,100
227643,1,100
227660,1,100
227733,1,100
227748,1,100
227769,1,100
227775,1,100
227783,1,100
227820,1,100
227820,1,100
228051,1,100
228082,1,100
228147,1,100
228207,1,100
228216,1,100
228350,1,100
228396,1,100
228461,1,100
228516,1,100
228533,1,100
228649,1,100
228684,1,100
228690,1,100
228711,1,100
228832,1,100
228832,1,100
228864,1,100
228999,1,100
229000,1,100
229050,1,100
229059,1,100
229065,1,100
229075,1,100
229092,1,100
229107,1,100
229140,1,100
229157,1,100
229186,1,100
229258,1,100
229285,1,100
229294,1,100
229303,1,100
229321,1,100
229448,1,100
229485,1,100
229485,1,100
229604,1,100
229630,1,100
229641,1,100
229716,1,100
229787,1,100
229811,1,100
229910,1,100
229940,1,100
229941,1,100
229974,1,100
230020,1,100
230130,1,100
230172,1,100
230277,1,100
230488,1,100
230508,1,100
230516,1,100
230520,1,100
230569,1,100
230617,1,100
230679,1,100
230682,1,100
230818,1,100
230882,1,100
230893,1,100
230925,1,100
230943,1,100
231001,1,100
231046,1,100
231058,1,100
231065,1,100
231095,1,100
231105,1,100
231112,1,100
231113,1,100
231142,1,100
231147,1,100
231164,1,100
231174,1,100
231223,1,100
231223,1,100
231239,1,100
231281,1,100
231296,1,100
231339,1,100
231415,1,100
231441,1,100
231457,1,100
231479,1,100
231486,1,100
231488,1,100
231523,1,100
231538,1,100
231585,1,100
231640,1,100
231643,1,100
231737,1,100
231741,1,100
232048,1,100
232054,1,100
232165,1,100
232313,1,100
232324,1,100
232405,1,100
232594,1,100
232624,1,100
232716,1,100
232774,1,100
232882,1,100
232893,1,100
232905,1,100
232907,1,100
232927,1,100
233037,1,100
233097,1,100
233122,1,100
233127,1,100
233142,1,100
233174,1,100
233184,1,100
233195,1,100
233199,1,100
233215,1,100
233285,1,100
233298,1,100
233443,1,100
233450,1,100
233461,1,100
233469,1,100
233653,1,100
233706,1,100
233709,1,100
233755,1,100
233762,1,100
233808,1,100
233841,1,100
233932,1,100
233940,1,100
234002,1,100
234019,1,100
234031,1,100
234152,1,100
234201,1,100
234244,1,100
234248,1,100
234325,1,100
234352,1,100
234364,1,100
234452,1,100
234463,1,100
234470,1,100
234473,1,100
234476,1,100
234550,1,100
234600,1,100
234604,1,100
234645,1,100
235039,1,100
235052,1,100
235053,1,100
235112,1,100
235116,1,100
235128,1,100
235174,1,100
235289,1,100
235311,1,100
235330,1,100
235341,1,100
235346,1,100
235367,1,100
235409,1,100
235459,1,100
235464,1,100
235500,1,100
235664,1,100
235665,1,100
235676,1,100
235714,1,100
235729,1,100
236043,1,100
236075,1,100
236086,1,100
236090,1,100
236105,1,100
236247,1,100
236275,1,100
236292,1,100
236292,1,100
236302,1,100
236311,1,100
236387,1,100
236473,1,100
236532,1,100
236540,1,100
236584,1,100
236606,1,100
236625,1,100
236634,1,100
236663,1,100
236666,1,100
237076,1,100
237093,1,100
237110,1,100
237138,1,100
237162,1,100
237166,1,100
237169,1,100
237198,1,100
237252,1,100
237263,1,100
237266,1,100
237365,1,100
237409,1,100
237419,1,100
237440,1,100
237483,1,100
237484,1,100
237491,1,100
237571,1,100
237631,1,100
237636,1,100
237641,1,100
237645,1,100
237655,1,100
237656,1,100
237664,1,100
237673,1,100
237697,1,100
237698,1,100
237713,1,100
237748,1,100
237803,1,100
237876,1,100
237909,1,100
237964,1,100
238005,1,100
238021,1,100
238024,1,100
238024,1,100
238026,1,100
238031,1,100
238035,1,100
238039,1,100
238079,1,100
238126,1,100
238153,1,100
238211,1,100
238469,1,100
238524,1,100
238570,1,100
238580,1,100
238668,1,100
238690,1,100
238697,1,100
238794,1,100
238802,1,100
238824,1,100
238999,1,100
239000,1,100
239002,1,100
239021,1,100
239034,1,100
239039,1,100
239062,1,100
239072,1,100
239089,1,100
239124,1,100
239127,1,100
239150,1,100
239155,1,100
239178,1,100
239184,1,100
239197,1,100
239199,1,100
239223,1,100
239226,1,100
239244,1,100
239332,1,100
239473,1,100
239612,1,100
239630,1,100
239640,1,100
239641,1,100
239704,1,100
239717,1,100
239750,1,100
239823,1,100
239856,1,100
239861,1,100
239884,1,100
239887,1,100
239926,1,100
240000,1,100
240050,1,100
240110,1,100
240113,1,100
240127,1,100
240127,1,100
240127,1,100
240129,1,100
240228,1,100
240238,1,100
240277,1,100
240279,1,100
240303,1,100
240311,1,100
240357,1,100
240367,1,100
240435,1,100
240465,1,100
240578,1,100
240609,1,100
240614,1,100
240636,1,100
240643,1,100
240672,1,100
240736,1,100
240773,1,100
240790,1,100
240799,1,100
241005,1,100
241097,1,100
241110,1,100
241166,1,100
241201,1,100
241232,1,100
241251,1,100
241301,1,100
241459,1,100
241529,1,100
241604,1,100
241615,1,100
241615,1,100
241625,1,100
241710,1,100
241725,1,100
241756,1,100
241774,1,100
241896,1,100
241972,1,100
242004,1,100
242030,1,100
242040,1,100
242051,1,100
242055,1,100
242070,1,100
242088,1,100
242151,1,100
242157,1,100
242223,1,100
242439,1,100
242470,1,100
242512,1,100
242528,1,100
242530,1,100
242547,1,100
242552,1,100
242566,1,100
242568,1,100
242576,1,100
242607,1,100
242653,1,100
242688,1,100
242874,1,100
242905,1,100
242932,1,100
243025,1,100
243043,1,100
243072,1,100
243133,1,100
243155,1,100
243186,1,100
243195,1,100
243202,1,100
243232,1,100
243239,1,100
243276,1,100
243304,1,100
243341,1,100
243569,1,100
243569,1,100
243631,1,100
243865,1,100
243924,1,100
243974,1,100
243987,1,100
244002,1,100
244005,1,100
244063,1,100
244072,1,100
244073,1,100
244079,1,100
244101,1,100
244103,1,100
244130,1,100
244130,1,100
244136,1,100
244164,1,100
244241,1,100
244262,1,100
244298,1,100
244330,1,100
244357,1,100
244368,1,100
244399,1,100
244414,1,100
244502,1,100
244508,1,100
244522,1,100
244525,1,100
244537,1,100
244561,1,100
244576,1,100
244591,1,100
244685,1,100
244696,1,100
244716,1,100
244779,1,100
244818,1,100
244818,1,100
244956,1,100
245008,1,100
245064,1,100
245082,1,100
245143,1,100
245172,1,100
245225,1,100
245236,1,100
245396,1,100
245522,1,100
245558,1,100
245561,1,100
245663,1,100
245746,1,100
245870,1,100
245892,1,100
245898,1,100
245950,1,100
245979,1,100
246007,1,100
246067,1,100
246069,1,100
246071,1,100
246074,1,100
246095,1,100
246124,1,100
246164,1,100
246237,1,100
246255,1,100
246266,1,100
246282,1,100
246283,1,100
246284,1,100
246294,1,100
246328,1,100
246341,1,100
246358,1,100
246461,1,100
246521,1,100
246537,1,100
246576,1,100
246576,1,100
246615,1,100
246700,1,100
246829,1,100
247038,1,100
247047,1,100
247107,1,100
247112,1,100
247122,1,100
247136,1,100
247180,1,100
247183,1,100
247356,1,100
247374,1,100
247377,1,100
247424,1,100
247463,1,100
247525,1,100
247812,1,100
247814,1,100
247894,1,100
247928,1,100
247937,1,100
247965,1,100
248000,1,100
248081,1,100
248086,1,100
248138,1,100
248180,1,100
248220,1,100
248380,1,100
248446,1,100
248457,1,100
248553,1,100
248632,1,100
248711,1,100
248834,1,100
248877,1,100
248890,1,100
248932,1,100
248943,1,100
249030,1,100
249038,1,100
249043,1,100
249052,1,100
249088,1,100
249106,1,100
249126,1,100
249202,1,100
249294,1,100
249296,1,100
249348,1,100
249382,1,100
249443,1,100
249448,1,100
249493,1,100
249548,1,100
249580,1,100
249628,1,100
249638,1,100
249646,1,100
249669,1,100
249737,1,100
249746,1,100
249756,1,100
249803,1,100
249864,1,100
249887,1,100
249931,1,100
249943,1,100
249957,1,100
249968,1,100
249976,1,100
249980,1,100
250051,1,100
250067,1,100
250093,1,100
250127,1,100
250150,1,100
250178,1,100
250195,1,100
250271,1,100
250299,1,100
250400,1,100
250440,1,100
250551,1,100
250674,1,100
250695,1,100
250799,1,100
250822,1,100
250935,1,100
250957,1,100
251031,1,100
251125,1,100
251129,1,100
251134,1,100
251137,1,100
251142,1,100
251171,1,100
251180,1,100
251239,1,100
251240,1,100
251302,1,100
251344,1,100
251348,1,100
251440,1,100
251462,1,100
251489,1,100
251588,1,100
251599,1,100
251651,1,100
251741,1,100
251782,1,100
251950,1,100
252033,1,100
252101,1,100
252220,1,100
252385,1,100
252414,1,100
252431,1,100
252447,1,100
252494,1,100
252681,1,100
252743,1,100
252771,1,100
252773,1,100
252822,1,100
252828,1,100
252840,1,100
252849,1,100
252939,1,100
252945,1,100
252960,1,100
253010,1,100
253079,1,100
253097,1,100
253207,1,100
253207,1,100
253209,1,100
253214,1,100
253238,1,100
253262,1,100
253286,1,100
253453,1,100
253486,1,100
253530,1,100
253585,1,100
253607,1,100
253631,1,100
253822,1,100
253985,1,100
254000,1,100
254014,1,100
254047,1,100
254049,1,100
254063,1,100
254211,1,100
254222,1,100
254256,1,100
254303,1,100
254346,1,100
254476,1,100
254578,1,100
254641,1,100
254769,1,100
254779,1,100
254786,1,100
254791,1,100
254833,1,100
254880,1,100
254881,1,100
255112,1,100
255138,1,100
255164,1,100
255185,1,100
255204,1,100
255228,1,100
255253,1,100
255258,1,100
255330,1,100
255349,1,100
255416,1,100
255437,1,100
255481,1,100
255491,1,100
255582,1,100
255657,1,100
255783,1,100
255854,1,100
255887,1,100
255939,1,100
255942,1,100
256005,1,100
256020,1,100
256023,1,100
256032,1,100
256058,1,100
256078,1,100
256082,1,100
256106,1,100
256107,1,100
256139,1,100
256195,1,100
256243,1,100
256248,1,100
256388,1,100
256407,1,100
256486,1,100
256491,1,100
256667,1,100
256688,1,100
256707,1,100
256732,1,100
256740,1,100
256783,1,100
256879,1,100
256900,1,100
256927,1,100
256947,1,100
256964,1,100
257111,1,100
257117,1,100
257169,1,100
257223,1,100
257294,1,100
257309,1,100
257385,1,100
257386,1,100
257431,1,100
257437,1,100
257488,1,100
257544,1,100
257627,1,100
257722,1,100
257732,1,100
257754,1,100
257780,1,100
257813,1,100
258031,1,100
258081,1,100
258125,1,100
258183,1,100
258267,1,100
258279,1,100
258300,1,100
258343,1,100
258357,1,100
258360,1,100
258370,1,100
258440,1,100
258444,1,100
258478,1,100
258615,1,100
258672,1,100
258856,1,100
258858,1,100
258860,1,100
259006,1,100
259007,1,100
259009,1,100
259016,1,100
259173,1,100
259180,1,100
259193,1,100
259254,1,100
259254,1,100
259270,1,100
259345,1,100
259426,1,100
259464,1,100
259470,1,100
259723,1,100
259778,1,100
259797,1,100
259948,1,100
260031,1,100
260040,1,100
260056,1,100
260111,1,100
260164,1,100
260169,1,100
260171,1,100
260262,1,100
260287,1,100
260287,1,100
260407,1,100
260441,1,100
260445,1,100
260597,1,100
260697,1,100
260751,1,100
260777,1,100
261030,1,100
261032,1,100
261056,1,100
261095,1,100
261124,1,100
261301,1,100
261337,1,100
261407,1,100
261409,1,100
261460,1,100
261517,1,100
261558,1,100
261635,1,100
261656,1,100
261659,1,100
261701,1,100
261711,1,100
261722,1,100
261906,1,100
261963,1,100
261980,1,100
262005,1,100
262029,1,100
262058,1,100
262063,1,100
262147,1,100
262153,1,100
262187,1,100
262231,1,100
262240,1,100
262284,1,100
262307,1,100
262313,1,100
262316,1,100
262507,1,100
262658,1,100
262727,1,100
262843,1,100
262861,1,100
263088,1,100
263130,1,100
263450,1,100
263581,1,100
263698,1,100
264023,1,100
264052,1,100
264062,1,100
264074,1,100
264111,1,100
264116,1,100
264123,1,100
264124,1,100
264150,1,100
264179,1,100
264195,1,100
264201,1,100
264201,1,100
264214,1,100
264239,1,100
264259,1,100
264262,1,100
264319,1,100
264481,1,100
264517,1,100
264588,1,100
264766,1,100
264899,1,100
264927,1,100
264932,1,100
264966,1,100
265286,1,100
265461,1,100
265463,1,100
265589,1,100
266123,1,100
266204,1,100
266273,1,100
266283,1,100
266325,1,100
266332,1,100
266374,1,100
266389,1,100
266397,1,100
266520,1,100
266527,1,100
266586,1,100
266652,1,100
266754,1,100
266820,1,100
266850,1,100
266902,1,100
266942,1,100
267252,1,100
267268,1,100
267603,1,100
267605,1,100
267620,1,100
267794,1,100
267837,1,100
267910,1,100
268060,1,100
268099,1,100
268105,1,100
268149,1,100
268156,1,100
268323,1,100
268424,1,100
268588,1,100
268612,1,100
268659,1,100
268782,1,100
268942,1,100
269004,1,100
269100,1,100
269101,1,100
269119,1,100
269233,1,100
269241,1,100
269266,1,100
269291,1,100
269588,1,100
269593,1,100
270248,1,100
270305,1,100
270462,1,100
270501,1,100
270519,1,100
270527,1,100
270536,1,100
271078,1,100
271242,1,100
271264,1,100
271400,1,100
271436,1,100
271575,1,100
271979,1,100
272077,1,100
272089,1,100
272173,1,100
272310,1,100
272890,1,100
273134,1,100
273245,1,100
273298,1,100
273557,1,100
273561,1,100
273788,1,100
273793,1,100
274065,1,100
274107,1,100
274125,1,100
274130,1,100
274143,1,100
274148,1,100
274232,1,100
274319,1,100
274432,1,100
274658,1,100
275104,1,100
275205,1,100
275444,1,100
275786,1,100
275801,1,100
275830,1,100
275867,1,100
276031,1,100
276240,1,100
276687,1,100
276840,1,100
276934,1,100
277323,1,100
277472,1,100
277518,1,100
277840,1,100
277999,1,100
278090,1,100
278168,1,100
278436,1,100
278940,1,100
279011,1,100
279290,1,100
279384,1,100
279481,1,100
279639,1,100
280030,1,100
280495,1,100
280702,1,100
280853,1,100
281226,1,100
281354,1,100
281379,1,100
281561,1,100
281655,1,100
281881,1,100
282213,1,100
282227,1,100
282366,1,100
282707,1,100
282804,1,100
282873,1,100
282873,1,100
282978,1,100
283127,1,100
283389,1,100
283719,1,100
283723,1,100
283816,1,100
283822,1,100
284027,1,100
284041,1,100
284068,1,100
284076,1,100
284078,1,100
284141,1,100
284146,1,100
284204,1,100
284228,1,100
284314,1,100
284317,1,100
284339,1,100
284365,1,100
284381,1,100
284450,1,100
284475,1,100
284490,1,100
284529,1,100
284534,1,100
284549,1,100
284558,1,100
284710,1,100
284872,1,100
285214,1,100
285301,1,100
285309,1,100
285381,1,100
285707,1,100
285813,1,100
286016,1,100
286110,1,100
286148,1,100
286154,1,100
286229,1,100
286524,1,100
287094,1,100
287230,1,100
287562,1,100
287638,1,100
287889,1,100
288101,1,100
288228,1,100
288258,1,100
288277,1,100
288623,1,100
288627,1,100
288722,1,100
288723,1,100
289441,1,100
289897,1,100
290001,1,100
290004,1,100
290111,1,100
290442,1,100
290474,1,100
290479,1,100
290582,1,100
290790,1,100
291202,1,100
