139,1,100
167,1,100
179,1,100
298,1,100
314,1,100
751,1,100
786,1,100
802,1,100
819,1,100
1089,1,100
1370,1,100
1692,1,100
1953,1,100
2016,1,100
2021,1,100
2066,1,100
2337,1,100
2490,1,100
2548,1,100
2754,1,100
2856,1,100
3023,1,100
3238,1,100
3277,1,100
3420,1,100
3420,1,100
3525,1,100
3916,1,100
4073,1,100
4108,1,100
4176,1,100
4194,1,100
4267,1,100
4314,1,100
4358,1,100
4506,1,100
4582,1,100
4930,1,100
5009,1,100
5094,1,100
5406,1,100
5436,1,100
5466,1,100
5549,1,100
5553,1,100
6404,1,100
6430,1,100
6883,1,100
7070,1,100
7195,1,100
7237,1,100
7364,1,100
7369,1,100
7704,1,100
7792,1,100
7913,1,100
8162,1,100
8251,1,100
8282,1,100
8339,1,100
8676,1,100
9056,1,100
9101,1,100
9105,1,100
9173,1,100
9187,1,100
9267,1,100
9280,1,100
9304,1,100
9308,1,100
9484,1,100
9524,1,100
9544,1,100
9579,1,100
9590,1,100
9599,1,100
9647,1,100
9694,1,100
9825,1,100
10003,1,100
10068,1,100
10143,1,100
10304,1,100
10616,1,100
10704,1,100
10709,1,100
10766,1,100
10869,1,100
10991,1,100
11086,1,100
11092,1,100
11364,1,100
11367,1,100
11410,1,100
11495,1,100
11632,1,100
11684,1,100
11868,1,100
12276,1,100
12398,1,100
12407,1,100
12432,1,100
12526,1,100
12659,1,100
13013,1,100
13016,1,100
13094,1,100
13143,1,100
13743,1,100
13863,1,100
14013,1,100
14187,1,100
14318,1,100
14356,1,100
14431,1,100
14469,1,100
14512,1,100
14514,1,100
14581,1,100
14620,1,100
14679,1,100
14748,1,100
14852,1,100
14895,1,100
14959,1,100
15095,1,100
15284,1,100
15288,1,100
15342,1,100
15570,1,100
15770,1,100
16060,1,100
16166,1,100
16253,1,100
16280,1,100
16346,1,100
16453,1,100
16633,1,100
16830,1,100
16837,1,100
16983,1,100
17275,1,100
17934,1,100
18216,1,100
19176,1,100
19226,1,100
19452,1,100
19556,1,100
20236,1,100
20243,1,100
20361,1,100
20470,1,100
21045,1,100
21079,1,100
21096,1,100
21126,1,100
21185,1,100
21251,1,100
21255,1,100
21429,1,100
21478,1,100
21543,1,100
21683,1,100
21684,1,100
21869,1,100
21891,1,100
21927,1,100
21941,1,100
22001,1,100
22065,1,100
22157,1,100
22199,1,100
22209,1,100
22210,1,100
22279,1,100
22324,1,100
22351,1,100
22394,1,100
22428,1,100
22440,1,100
22442,1,100
22589,1,100
22708,1,100
22744,1,100
23057,1,100
23116,1,100
23396,1,100
23620,1,100
23733,1,100
23899,1,100
24009,1,100
24134,1,100
24159,1,100
24169,1,100
24258,1,100
24259,1,100
24412,1,100
24493,1,100
24509,1,100
24553,1,100
24581,1,100
25051,1,100
25186,1,100
25304,1,100
25318,1,100
25335,1,100
25347,1,100
25396,1,100
25425,1,100
25649,1,100
25739,1,100
25773,1,100
26244,1,100
26539,1,100
26618,1,100
27013,1,100
27041,1,100
27063,1,100
27072,1,100
27076,1,100
27144,1,100
27174,1,100
27251,1,100
27326,1,100
27459,1,100
27724,1,100
27860,1,100
27917,1,100
28032,1,100
28050,1,100
28235,1,100
28297,1,100
28365,1,100
28396,1,100
28771,1,100
29065,1,100
29078,1,100
29139,1,100
29215,1,100
29289,1,100
29301,1,100
29307,1,100
29368,1,100
29379,1,100
29500,1,100
29511,1,100
29749,1,100
29955,1,100
29967,1,100
30004,1,100
30063,1,100
30150,1,100
30178,1,100
30259,1,100
30368,1,100
31255,1,100
31255,1,100
31485,1,100
31503,1,100
31948,1,100
32122,1,100
32310,1,100
32337,1,100
32345,1,100
32397,1,100
32942,1,100
33052,1,100
33085,1,100
33134,1,100
33249,1,100
33278,1,100
33393,1,100
33433,1,100
33450,1,100
33496,1,100
33505,1,100
33562,1,100
33564,1,100
33569,1,100
33575,1,100
33585,1,100
33588,1,100
33629,1,100
33682,1,100
33691,1,100
33723,1,100
33920,1,100
33958,1,100
33998,1,100
34005,1,100
34007,1,100
34042,1,100
34051,1,100
34110,1,100
34195,1,100
34229,1,100
34234,1,100
34238,1,100
34245,1,100
34268,1,100
34361,1,100
34406,1,100
34447,1,100
34473,1,100
34501,1,100
34509,1,100
34625,1,100
34823,1,100
34853,1,100
34886,1,100
35025,1,100
35055,1,100
35097,1,100
35280,1,100
35408,1,100
35574,1,100
35763,1,100
35930,1,100
35932,1,100
36017,1,100
36113,1,100
36138,1,100
36193,1,100
36193,1,100
36194,1,100
36222,1,100
36284,1,100
36467,1,100
36490,1,100
36563,1,100
36673,1,100
36675,1,100
36776,1,100
36783,1,100
36873,1,100
36916,1,100
36933,1,100
36952,1,100
37152,1,100
37198,1,100
37204,1,100
37300,1,100
37359,1,100
37397,1,100
37418,1,100
37534,1,100
37658,1,100
38010,1,100
38012,1,100
38040,1,100
38080,1,100
38135,1,100
38217,1,100
38225,1,100
38269,1,100
38446,1,100
38558,1,100
38626,1,100
38648,1,100
38737,1,100
39148,1,100
39160,1,100
39247,1,100
39248,1,100
39317,1,100
39708,1,100
39809,1,100
39856,1,100
39897,1,100
40012,1,100
40024,1,100
40048,1,100
40058,1,100
40109,1,100
40134,1,100
40168,1,100
40174,1,100
40180,1,100
40346,1,100
40398,1,100
40520,1,100
40529,1,100
40557,1,100
40692,1,100
40694,1,100
40861,1,100
40909,1,100
40918,1,100
41089,1,100
41290,1,100
41372,1,100
41503,1,100
41531,1,100
41535,1,100
41703,1,100
41708,1,100
41712,1,100
41784,1,100
41790,1,100
41843,1,100
42063,1,100
42250,1,100
42463,1,100
42549,1,100
42550,1,100
42706,1,100
42755,1,100
42820,1,100
42950,1,100
43020,1,100
43030,1,100
43040,1,100
43045,1,100
43193,1,100
43345,1,100
43738,1,100
43759,1,100
43783,1,100
43982,1,100
43992,1,100
44029,1,100
44091,1,100
44210,1,100
44411,1,100
44420,1,100
44491,1,100
44519,1,100
44632,1,100
45025,1,100
45048,1,100
45049,1,100
45059,1,100
45104,1,100
45109,1,100
45109,1,100
45118,1,100
45173,1,100
45191,1,100
45195,1,100
45215,1,100
45238,1,100
45277,1,100
45280,1,100
45282,1,100
45360,1,100
45361,1,100
45374,1,100
45395,1,100
45404,1,100
45478,1,100
45533,1,100
45545,1,100
45562,1,100
45578,1,100
45587,1,100
45616,1,100
45617,1,100
45661,1,100
45704,1,100
45800,1,100
45818,1,100
45851,1,100
45874,1,100
45911,1,100
45938,1,100
46031,1,100
46035,1,100
46080,1,100
46105,1,100
46202,1,100
46269,1,100
46301,1,100
46345,1,100
46373,1,100
46440,1,100
46471,1,100
46489,1,100
46510,1,100
46530,1,100
46656,1,100
46680,1,100
46686,1,100
46716,1,100
46776,1,100
46823,1,100
46831,1,100
46866,1,100
46876,1,100
46934,1,100
46985,1,100
46997,1,100
47037,1,100
47044,1,100
47065,1,100
47086,1,100
47188,1,100
47200,1,100
47308,1,100
47321,1,100
47350,1,100
47381,1,100
47398,1,100
47400,1,100
47501,1,100
47555,1,100
47618,1,100
47647,1,100
47673,1,100
47718,1,100
47738,1,100
47785,1,100
47791,1,100
47791,1,100
47862,1,100
47891,1,100
47901,1,100
48002,1,100
48040,1,100
48059,1,100
48157,1,100
48176,1,100
48220,1,100
48229,1,100
48302,1,100
48331,1,100
48368,1,100
48514,1,100
48590,1,100
48626,1,100
48635,1,100
48662,1,100
48829,1,100
48831,1,100
48831,1,100
48859,1,100
48880,1,100
48918,1,100
48990,1,100
49007,1,100
49032,1,100
49037,1,100
49052,1,100
49074,1,100
49081,1,100
49193,1,100
49295,1,100
49298,1,100
49315,1,100
49498,1,100
49589,1,100
49708,1,100
49780,1,100
49791,1,100
49809,1,100
49898,1,100
49901,1,100
49903,1,100
49918,1,100
49936,1,100
49940,1,100
49962,1,100
49968,1,100
50004,1,100
50122,1,100
50136,1,100
50143,1,100
50195,1,100
50226,1,100
50228,1,100
50241,1,100
50324,1,100
50427,1,100
50473,1,100
50500,1,100
50588,1,100
50631,1,100
50634,1,100
50652,1,100
50660,1,100
50670,1,100
50697,1,100
50720,1,100
50760,1,100
50855,1,100
50870,1,100
50913,1,100
51028,1,100
51028,1,100
51039,1,100
51044,1,100
51126,1,100
51183,1,100
51211,1,100
51282,1,100
51340,1,100
51485,1,100
51505,1,100
51580,1,100
51604,1,100
51810,1,100
51881,1,100
51964,1,100
51975,1,100
52037,1,100
52051,1,100
52062,1,100
52087,1,100
52100,1,100
52116,1,100
52139,1,100
52169,1,100
52192,1,100
52195,1,100
52213,1,100
52217,1,100
52219,1,100
52274,1,100
52293,1,100
52339,1,100
52380,1,100
52411,1,100
52474,1,100
52510,1,100
52533,1,100
52560,1,100
52683,1,100
52795,1,100
52862,1,100
52974,1,100
53061,1,100
53078,1,100
53117,1,100
53123,1,100
53160,1,100
53164,1,100
53208,1,100
53237,1,100
53241,1,100
53242,1,100
53304,1,100
53311,1,100
53315,1,100
53315,1,100
53321,1,100
53338,1,100
53342,1,100
53345,1,100
53371,1,100
53440,1,100
53508,1,100
53528,1,100
53555,1,100
53617,1,100
53680,1,100
53693,1,100
53741,1,100
53861,1,100
54010,1,100
54065,1,100
54084,1,100
54092,1,100
54111,1,100
54120,1,100
54383,1,100
54401,1,100
54411,1,100
54473,1,100
54575,1,100
54631,1,100
54690,1,100
54711,1,100
54716,1,100
54738,1,100
54760,1,100
54766,1,100
54779,1,100
55055,1,100
55071,1,100
55149,1,100
55290,1,100
55328,1,100
55335,1,100
55358,1,100
55368,1,100
55459,1,100
55511,1,100
55522,1,100
55545,1,100
55549,1,100
55625,1,100
55636,1,100
55651,1,100
55666,1,100
55691,1,100
55705,1,100
55791,1,100
55823,1,100
55907,1,100
55946,1,100
55995,1,100
56000,1,100
56011,1,100
56035,1,100
56095,1,100
56125,1,100
56144,1,100
56187,1,100
56199,1,100
56249,1,100
56304,1,100
56305,1,100
56317,1,100
56344,1,100
56445,1,100
56451,1,100
56457,1,100
56480,1,100
56540,1,100
56608,1,100
56729,1,100
56829,1,100
56844,1,100
57007,1,100
57033,1,100
57038,1,100
57113,1,100
57159,1,100
57193,1,100
57194,1,100
57196,1,100
57303,1,100
57308,1,100
57324,1,100
57326,1,100
57343,1,100
57352,1,100
57358,1,100
57383,1,100
57385,1,100
57427,1,100
57429,1,100
57438,1,100
57445,1,100
57453,1,100
57530,1,100
57533,1,100
57566,1,100
57602,1,100
57606,1,100
57661,1,100
57668,1,100
57673,1,100
57682,1,100
57709,1,100
57739,1,100
57752,1,100
57784,1,100
57882,1,100
57919,1,100
57939,1,100
57947,1,100
58001,1,100
58006,1,100
58042,1,100
58052,1,100
58059,1,100
58075,1,100
58080,1,100
58090,1,100
58176,1,100
58187,1,100
58214,1,100
58250,1,100
58269,1,100
58297,1,100
58301,1,100
58359,1,100
58408,1,100
58409,1,100
58535,1,100
58540,1,100
58577,1,100
58584,1,100
58590,1,100
58599,1,100
58613,1,100
58641,1,100
58683,1,100
58685,1,100
58740,1,100
58760,1,100
58769,1,100
58823,1,100
58829,1,100
58844,1,100
58850,1,100
58901,1,100
58915,1,100
58927,1,100
59018,1,100
59084,1,100
59095,1,100
59200,1,100
59239,1,100
59251,1,100
59260,1,100
59286,1,100
59321,1,100
59356,1,100
59373,1,100
59424,1,100
59434,1,100
59462,1,100
59492,1,100
59493,1,100
59514,1,100
59522,1,100
59526,1,100
59546,1,100
59569,1,100
59579,1,100
59640,1,100
59684,1,100
59712,1,100
59737,1,100
59838,1,100
59880,1,100
59928,1,100
59976,1,100
60040,1,100
60047,1,100
60096,1,100
60134,1,100
60149,1,100
60174,1,100
60187,1,100
60236,1,100
60238,1,100
60249,1,100
60282,1,100
60293,1,100
60302,1,100
60320,1,100
60332,1,100
60367,1,100
60414,1,100
60437,1,100
60456,1,100
60461,1,100
60490,1,100
60548,1,100
60565,1,100
60583,1,100
60618,1,100
60626,1,100
60636,1,100
60647,1,100
60675,1,100
60692,1,100
60744,1,100
60753,1,100
61029,1,100
61041,1,100
61140,1,100
61268,1,100
61270,1,100
61274,1,100
61282,1,100
61297,1,100
61326,1,100
61328,1,100
61337,1,100
61351,1,100
61366,1,100
61369,1,100
61404,1,100
61409,1,100
61417,1,100
61427,1,100
61477,1,100
61487,1,100
61514,1,100
61539,1,100
61542,1,100
61587,1,100
61620,1,100
61652,1,100
61718,1,100
61725,1,100
61739,1,100
61745,1,100
61824,1,100
61829,1,100
62094,1,100
62114,1,100
62138,1,100
62157,1,100
62171,1,100
62182,1,100
62233,1,100
62322,1,100
62361,1,100
62370,1,100
62371,1,100
62381,1,100
62399,1,100
62418,1,100
62460,1,100
62466,1,100
62481,1,100
62485,1,100
62506,1,100
62513,1,100
62522,1,100
62525,1,100
62564,1,100
62571,1,100
62648,1,100
62701,1,100
62717,1,100
62722,1,100
62757,1,100
62807,1,100
62822,1,100
62899,1,100
63025,1,100
63033,1,100
63039,1,100
63045,1,100
63096,1,100
63107,1,100
63178,1,100
63211,1,100
63220,1,100
63338,1,100
63410,1,100
63411,1,100
63447,1,100
63490,1,100
63501,1,100
63507,1,100
63514,1,100
63540,1,100
63577,1,100
63581,1,100
63641,1,100
63710,1,100
63795,1,100
63933,1,100
63945,1,100
63947,1,100
63950,1,100
63982,1,100
64009,1,100
64014,1,100
64025,1,100
64026,1,100
64056,1,100
64070,1,100
64091,1,100
64091,1,100
64110,1,100
64112,1,100
64124,1,100
64139,1,100
64172,1,100
64180,1,100
64271,1,100
64294,1,100
64419,1,100
64424,1,100
64453,1,100
64507,1,100
64570,1,100
64653,1,100
64687,1,100
64728,1,100
64756,1,100
64758,1,100
64899,1,100
64958,1,100
64967,1,100
64967,1,100
65010,1,100
65052,1,100
65076,1,100
65090,1,100
65116,1,100
65127,1,100
65152,1,100
65162,1,100
65164,1,100
65175,1,100
65318,1,100
65320,1,100
65350,1,100
65377,1,100
65391,1,100
65399,1,100
65461,1,100
65461,1,100
65494,1,100
65504,1,100
65564,1,100
65568,1,100
65621,1,100
65672,1,100
65685,1,100
65688,1,100
65698,1,100
65714,1,100
65722,1,100
65747,1,100
65755,1,100
65797,1,100
65812,1,100
65813,1,100
65826,1,100
65935,1,100
66002,1,100
66018,1,100
66025,1,100
66043,1,100
66092,1,100
66137,1,100
66211,1,100
66215,1,100
66218,1,100
66229,1,100
66244,1,100
66263,1,100
66293,1,100
66306,1,100
66320,1,100
66358,1,100
66363,1,100
66368,1,100
66382,1,100
66396,1,100
66485,1,100
66496,1,100
66503,1,100
66613,1,100
66616,1,100
66663,1,100
66694,1,100
66694,1,100
66744,1,100
66818,1,100
66832,1,100
67004,1,100
67014,1,100
67069,1,100
67077,1,100
67096,1,100
67135,1,100
67167,1,100
67206,1,100
67219,1,100
67234,1,100
67241,1,100
67277,1,100
67284,1,100
67299,1,100
67321,1,100
67348,1,100
67412,1,100
67423,1,100
67428,1,100
67467,1,100
67552,1,100
67643,1,100
67672,1,100
67688,1,100
67698,1,100
67773,1,100
67791,1,100
67813,1,100
67817,1,100
67972,1,100
68070,1,100
68121,1,100
68172,1,100
68177,1,100
68238,1,100
68275,1,100
68291,1,100
68298,1,100
68331,1,100
68335,1,100
68370,1,100
68412,1,100
68440,1,100
68460,1,100
68480,1,100
68497,1,100
68548,1,100
68606,1,100
68612,1,100
68645,1,100
68651,1,100
68654,1,100
68729,1,100
68737,1,100
68779,1,100
68794,1,100
68825,1,100
68825,1,100
68889,1,100
68929,1,100
68981,1,100
69000,1,100
69000,1,100
69027,1,100
69031,1,100
69079,1,100
69096,1,100
69099,1,100
69112,1,100
69118,1,100
69125,1,100
69128,1,100
69154,1,100
69173,1,100
69181,1,100
69193,1,100
69194,1,100
69222,1,100
69241,1,100
69247,1,100
69263,1,100
69268,1,100
69322,1,100
69361,1,100
69419,1,100
69447,1,100
69449,1,100
69453,1,100
69461,1,100
69463,1,100
69477,1,100
69480,1,100
69487,1,100
69506,1,100
69516,1,100
69541,1,100
69550,1,100
69560,1,100
69604,1,100
69635,1,100
69670,1,100
69671,1,100
69675,1,100
69686,1,100
69687,1,100
69727,1,100
69739,1,100
69749,1,100
69760,1,100
69764,1,100
69767,1,100
69774,1,100
69781,1,100
69799,1,100
69822,1,100
69859,1,100
69885,1,100
69901,1,100
69913,1,100
69915,1,100
69931,1,100
69933,1,100
69945,1,100
70002,1,100
70004,1,100
70004,1,100
70029,1,100
70030,1,100
70040,1,100
70042,1,100
70088,1,100
70130,1,100
70139,1,100
70145,1,100
70149,1,100
70166,1,100
70174,1,100
70185,1,100
70207,1,100
70228,1,100
70230,1,100
70245,1,100
70286,1,100
70306,1,100
70344,1,100
70375,1,100
70378,1,100
70477,1,100
70511,1,100
70512,1,100
70515,1,100
70523,1,100
70529,1,100
70539,1,100
70631,1,100
70641,1,100
70671,1,100
70706,1,100
70724,1,100
70731,1,100
70761,1,100
70781,1,100
70838,1,100
70848,1,100
70875,1,100
70881,1,100
70905,1,100
70908,1,100
70919,1,100
70931,1,100
70938,1,100
71039,1,100
71056,1,100
71061,1,100
71083,1,100
71100,1,100
71132,1,100
71161,1,100
71173,1,100
71223,1,100
71227,1,100
71227,1,100
71248,1,100
71260,1,100
71316,1,100
71316,1,100
71321,1,100
71336,1,100
71368,1,100
71383,1,100
71389,1,100
71468,1,100
71482,1,100
71504,1,100
71513,1,100
71547,1,100
71560,1,100
71639,1,100
71667,1,100
71718,1,100
71750,1,100
71763,1,100
71816,1,100
71821,1,100
71865,1,100
71874,1,100
71957,1,100
72003,1,100
72016,1,100
72030,1,100
72036,1,100
72061,1,100
72071,1,100
72130,1,100
72138,1,100
72147,1,100
72151,1,100
72154,1,100
72199,1,100
72208,1,100
72231,1,100
72263,1,100
72266,1,100
72269,1,100
72292,1,100
72323,1,100
72326,1,100
72328,1,100
72329,1,100
72361,1,100
72374,1,100
72410,1,100
72418,1,100
72457,1,100
72470,1,100
72614,1,100
72635,1,100
72638,1,100
72643,1,100
72644,1,100
72650,1,100
72677,1,100
72681,1,100
72685,1,100
72694,1,100
72751,1,100
72776,1,100
72779,1,100
72797,1,100
72800,1,100
72820,1,100
72877,1,100
72912,1,100
72922,1,100
72923,1,100
72949,1,100
72968,1,100
72969,1,100
72989,1,100
72998,1,100
73000,1,100
73000,1,100
73003,1,100
73009,1,100
73010,1,100
73012,1,100
73016,1,100
73020,1,100
73037,1,100
73071,1,100
73087,1,100
73163,1,100
73195,1,100
73252,1,100
73260,1,100
73263,1,100
73279,1,100
73326,1,100
73330,1,100
73357,1,100
73361,1,100
73392,1,100
73394,1,100
73418,1,100
73477,1,100
73499,1,100
73541,1,100
73543,1,100
73547,1,100
73565,1,100
73631,1,100
73696,1,100
73706,1,100
73744,1,100
73746,1,100
73878,1,100
73890,1,100
73898,1,100
73947,1,100
73950,1,100
73974,1,100
73989,1,100
74016,1,100
74029,1,100
74043,1,100
74061,1,100
74061,1,100
74065,1,100
74065,1,100
74067,1,100
74080,1,100
74086,1,100
74090,1,100
74124,1,100
74126,1,100
74134,1,100
74160,1,100
74182,1,100
74231,1,100
74246,1,100
74250,1,100
74256,1,100
74274,1,100
74280,1,100
74283,1,100
74347,1,100
74370,1,100
74373,1,100
74375,1,100
74386,1,100
74443,1,100
74451,1,100
74465,1,100
74473,1,100
74482,1,100
74484,1,100
74495,1,100
74557,1,100
74578,1,100
74633,1,100
74663,1,100
74686,1,100
74687,1,100
74729,1,100
74732,1,100
74744,1,100
74747,1,100
74752,1,100
74759,1,100
74792,1,100
74802,1,100
74803,1,100
74832,1,100
75030,1,100
75039,1,100
75069,1,100
75071,1,100
75077,1,100
75133,1,100
75136,1,100
75145,1,100
75158,1,100
75164,1,100
75170,1,100
75175,1,100
75180,1,100
75204,1,100
75219,1,100
75223,1,100
75226,1,100
75232,1,100
75276,1,100
75324,1,100
75350,1,100
75354,1,100
75380,1,100
75410,1,100
75428,1,100
75445,1,100
75467,1,100
75479,1,100
75536,1,100
75547,1,100
75550,1,100
75569,1,100
75574,1,100
75617,1,100
75620,1,100
75632,1,100
75658,1,100
75659,1,100
75670,1,100
75683,1,100
75697,1,100
75716,1,100
75752,1,100
75759,1,100
75787,1,100
76004,1,100
76019,1,100
76039,1,100
76040,1,100
76040,1,100
76070,1,100
76097,1,100
76101,1,100
76126,1,100
76150,1,100
76185,1,100
76187,1,100
76189,1,100
76195,1,100
76201,1,100
76210,1,100
76211,1,100
76218,1,100
76223,1,100
76225,1,100
76240,1,100
76245,1,100
76281,1,100
76295,1,100
76348,1,100
76382,1,100
76400,1,100
76412,1,100
76413,1,100
76473,1,100
76488,1,100
76491,1,100
76510,1,100
76538,1,100
76568,1,100
76627,1,100
76687,1,100
76772,1,100
76778,1,100
76795,1,100
76800,1,100
76812,1,100
76831,1,100
76876,1,100
77061,1,100
77072,1,100
77090,1,100
77114,1,100
77170,1,100
77170,1,100
77173,1,100
77191,1,100
77240,1,100
77255,1,100
77256,1,100
77299,1,100
77341,1,100
77353,1,100
77369,1,100
77396,1,100
77399,1,100
77400,1,100
77402,1,100
77444,1,100
77459,1,100
77506,1,100
77525,1,100
77554,1,100
77591,1,100
77593,1,100
77640,1,100
77664,1,100
77686,1,100
77746,1,100
77766,1,100
77804,1,100
77807,1,100
77814,1,100
77818,1,100
77881,1,100
77884,1,100
77932,1,100
77946,1,100
77978,1,100
77984,1,100
77999,1,100
78046,1,100
78055,1,100
78060,1,100
78062,1,100
78092,1,100
78099,1,100
78115,1,100
78120,1,100
78138,1,100
78147,1,100
78153,1,100
78186,1,100
78186,1,100
78187,1,100
78233,1,100
78238,1,100
78248,1,100
78271,1,100
78340,1,100
78376,1,100
78402,1,100
78452,1,100
78468,1,100
78498,1,100
78511,1,100
78522,1,100
78524,1,100
78548,1,100
78549,1,100
78582,1,100
78623,1,100
78673,1,100
78674,1,100
78708,1,100
78740,1,100
78747,1,100
78757,1,100
78791,1,100
78815,1,100
78833,1,100
78846,1,100
78851,1,100
78858,1,100
78906,1,100
78913,1,100
78918,1,100
79007,1,100
79064,1,100
79114,1,100
79121,1,100
79187,1,100
79190,1,100
79255,1,100
79277,1,100
79293,1,100
79293,1,100
79349,1,100
79367,1,100
79390,1,100
79473,1,100
79487,1,100
79512,1,100
79582,1,100
79616,1,100
79628,1,100
79631,1,100
79632,1,100
79670,1,100
79727,1,100
79739,1,100
79786,1,100
79839,1,100
79850,1,100
79881,1,100
79959,1,100
79964,1,100
79964,1,100
79990,1,100
79993,1,100
80001,1,100
80003,1,100
80019,1,100
80023,1,100
80055,1,100
80059,1,100
80065,1,100
80070,1,100
80073,1,100
80073,1,100
80077,1,100
80093,1,100
80098,1,100
80105,1,100
80107,1,100
80137,1,100
80146,1,100
80148,1,100
80149,1,100
80214,1,100
80255,1,100
80335,1,100
80375,1,100
80384,1,100
80396,1,100
80409,1,100
80460,1,100
80474,1,100
80475,1,100
80476,1,100
80481,1,100
80482,1,100
80506,1,100
80627,1,100
80665,1,100
80678,1,100
80681,1,100
80698,1,100
80702,1,100
80709,1,100
80728,1,100
80729,1,100
80781,1,100
80791,1,100
80828,1,100
80830,1,100
80835,1,100
80843,1,100
80864,1,100
80867,1,100
80873,1,100
80901,1,100
81035,1,100
81037,1,100
81073,1,100
81078,1,100
81088,1,100
81117,1,100
81123,1,100
81129,1,100
81140,1,100
81142,1,100
81155,1,100
81162,1,100
81167,1,100
81219,1,100
81223,1,100
81232,1,100
81256,1,100
81295,1,100
81312,1,100
81313,1,100
81330,1,100
81334,1,100
81357,1,100
81360,1,100
81363,1,100
81404,1,100
81415,1,100
81417,1,100
81461,1,100
81473,1,100
81529,1,100
81535,1,100
81557,1,100
81566,1,100
81581,1,100
81611,1,100
81614,1,100
81649,1,100
81658,1,100
81667,1,100
81679,1,100
81705,1,100
81720,1,100
81730,1,100
81738,1,100
81740,1,100
81757,1,100
81768,1,100
81769,1,100
81780,1,100
81783,1,100
81784,1,100
81799,1,100
81822,1,100
81840,1,100
81854,1,100
81864,1,100
81876,1,100
81887,1,100
81889,1,100
81914,1,100
81934,1,100
82016,1,100
82019,1,100
82108,1,100
82112,1,100
82142,1,100
82177,1,100
82183,1,100
82209,1,100
82211,1,100
82253,1,100
82282,1,100
82289,1,100
82296,1,100
82338,1,100
82355,1,100
82371,1,100
82371,1,100
82398,1,100
82440,1,100
82479,1,100
82489,1,100
82511,1,100
82541,1,100
82559,1,100
82564,1,100
82596,1,100
82607,1,100
82659,1,100
82676,1,100
82701,1,100
82724,1,100
82742,1,100
82752,1,100
82752,1,100
82784,1,100
82785,1,100
82806,1,100
82818,1,100
82835,1,100
82854,1,100
82875,1,100
82910,1,100
82912,1,100
82953,1,100
82960,1,100
82964,1,100
82983,1,100
83016,1,100
83034,1,100
83036,1,100
83049,1,100
83051,1,100
83053,1,100
83074,1,100
83079,1,100
83107,1,100
83165,1,100
83198,1,100
83251,1,100
83267,1,100
83291,1,100
83332,1,100
83335,1,100
83347,1,100
83414,1,100
83437,1,100
83457,1,100
83471,1,100
83485,1,100
83491,1,100
83494,1,100
83496,1,100
83521,1,100
83541,1,100
83572,1,100
83576,1,100
83585,1,100
83608,1,100
83608,1,100
83626,1,100
83659,1,100
83675,1,100
83707,1,100
83711,1,100
83714,1,100
83770,1,100
83811,1,100
83819,1,100
83823,1,100
83830,1,100
83850,1,100
83855,1,100
83870,1,100
83876,1,100
83890,1,100
83895,1,100
83908,1,100
83925,1,100
83962,1,100
83966,1,100
83983,1,100
84013,1,100
84014,1,100
84035,1,100
84117,1,100
84151,1,100
84197,1,100
84199,1,100
84227,1,100
84256,1,100
84291,1,100
84292,1,100
84304,1,100
84367,1,100
84407,1,100
84433,1,100
84449,1,100
84468,1,100
84501,1,100
84514,1,100
84586,1,100
84618,1,100
84626,1,100
84630,1,100
84631,1,100
84636,1,100
84657,1,100
84672,1,100
84685,1,100
84718,1,100
84727,1,100
84741,1,100
84750,1,100
84769,1,100
84791,1,100
84866,1,100
84896,1,100
84897,1,100
84898,1,100
84906,1,100
84911,1,100
84914,1,100
84930,1,100
84996,1,100
85001,1,100
85004,1,100
85020,1,100
85022,1,100
85024,1,100
85032,1,100
85037,1,100
85042,1,100
85064,1,100
85075,1,100
85080,1,100
85082,1,100
85084,1,100
85086,1,100
85093,1,100
85099,1,100
85099,1,100
85101,1,100
85103,1,100
85104,1,100
85107,1,100
85132,1,100
85134,1,100
85146,1,100
85148,1,100
85149,1,100
85149,1,100
85166,1,100
85190,1,100
85203,1,100
85204,1,100
85218,1,100
85234,1,100
85241,1,100
85250,1,100
85262,1,100
85265,1,100
85293,1,100
85302,1,100
85322,1,100
85345,1,100
85363,1,100
85400,1,100
85429,1,100
85445,1,100
85458,1,100
85479,1,100
85483,1,100
85510,1,100
85536,1,100
85548,1,100
85596,1,100
85630,1,100
85649,1,100
85680,1,100
85690,1,100
86004,1,100
86019,1,100
86036,1,100
86065,1,100
86078,1,100
86101,1,100
86123,1,100
86125,1,100
86178,1,100
86192,1,100
86202,1,100
86217,1,100
86226,1,100
86248,1,100
86279,1,100
86292,1,100
86307,1,100
86324,1,100
86324,1,100
86352,1,100
86368,1,100
86375,1,100
86397,1,100
86416,1,100
86439,1,100
86456,1,100
86457,1,100
86491,1,100
86510,1,100
86553,1,100
86561,1,100
86625,1,100
86630,1,100
86630,1,100
86648,1,100
86664,1,100
86668,1,100
86687,1,100
86701,1,100
86717,1,100
86772,1,100
86782,1,100
86806,1,100
86824,1,100
86837,1,100
86845,1,100
86943,1,100
86965,1,100
86975,1,100
87022,1,100
87029,1,100
87072,1,100
87096,1,100
87138,1,100
87144,1,100
87166,1,100
87171,1,100
87177,1,100
87212,1,100
87216,1,100
87245,1,100
87254,1,100
87265,1,100
87281,1,100
87304,1,100
87336,1,100
87351,1,100
87358,1,100
87365,1,100
87383,1,100
87389,1,100
87423,1,100
87427,1,100
87430,1,100
87448,1,100
87471,1,100
87480,1,100
87492,1,100
87523,1,100
87533,1,100
87533,1,100
87540,1,100
87553,1,100
87556,1,100
87593,1,100
87648,1,100
87691,1,100
87717,1,100
87752,1,100
87770,1,100
87795,1,100
87846,1,100
87889,1,100
87945,1,100
87998,1,100
87999,1,100
88015,1,100
88056,1,100
88081,1,100
88090,1,100
88091,1,100
88098,1,100
88099,1,100
88104,1,100
88106,1,100
88116,1,100
88132,1,100
88137,1,100
88149,1,100
88236,1,100
88238,1,100
88247,1,100
88255,1,100
88257,1,100
88265,1,100
88270,1,100
88283,1,100
88287,1,100
88310,1,100
88316,1,100
88342,1,100
88344,1,100
88372,1,100
88375,1,100
88387,1,100
88398,1,100
88421,1,100
88453,1,100
88495,1,100
88511,1,100
88526,1,100
88544,1,100
88571,1,100
88595,1,100
88609,1,100
88641,1,100
88661,1,100
88667,1,100
88697,1,100
88768,1,100
88799,1,100
88810,1,100
88814,1,100
88827,1,100
88840,1,100
88843,1,100
88856,1,100
88856,1,100
88927,1,100
88934,1,100
89030,1,100
89042,1,100
89053,1,100
89070,1,100
89080,1,100
89094,1,100
89094,1,100
89108,1,100
89108,1,100
89112,1,100
89120,1,100
89141,1,100
89141,1,100
89163,1,100
89199,1,100
89200,1,100
89201,1,100
89242,1,100
89245,1,100
89303,1,100
89324,1,100
89335,1,100
89360,1,100
89380,1,100
89395,1,100
89423,1,100
89446,1,100
89451,1,100
89468,1,100
89483,1,100
89511,1,100
89591,1,100
89596,1,100
89625,1,100
89642,1,100
89656,1,100
89659,1,100
89669,1,100
89682,1,100
89687,1,100
89706,1,100
89721,1,100
89727,1,100
89729,1,100
89755,1,100
89773,1,100
89786,1,100
89798,1,100
89822,1,100
90007,1,100
90008,1,100
90016,1,100
90017,1,100
90056,1,100
90100,1,100
90102,1,100
90117,1,100
90181,1,100
90190,1,100
90210,1,100
90249,1,100
90254,1,100
90283,1,100
90312,1,100
90323,1,100
90346,1,100
90357,1,100
90361,1,100
90376,1,100
90384,1,100
90385,1,100
90409,1,100
90414,1,100
90416,1,100
90442,1,100
90452,1,100
90511,1,100
90521,1,100
90533,1,100
90537,1,100
90566,1,100
90586,1,100
90621,1,100
90639,1,100
90647,1,100
90665,1,100
90676,1,100
90749,1,100
90777,1,100
90787,1,100
90791,1,100
90793,1,100
90855,1,100
90871,1,100
90886,1,100
91006,1,100
91020,1,100
91048,1,100
91098,1,100
91099,1,100
91109,1,100
91154,1,100
91155,1,100
91164,1,100
91164,1,100
91171,1,100
91202,1,100
91238,1,100
91244,1,100
91256,1,100
91292,1,100
91300,1,100
91314,1,100
91339,1,100
91345,1,100
91373,1,100
91389,1,100
91392,1,100
91397,1,100
91400,1,100
91419,1,100
91426,1,100
91443,1,100
91447,1,100
91481,1,100
91521,1,100
91549,1,100
91555,1,100
91563,1,100
91615,1,100
91622,1,100
91689,1,100
91722,1,100
91729,1,100
91740,1,100
91773,1,100
91788,1,100
91832,1,100
91853,1,100
91873,1,100
91877,1,100
91879,1,100
91901,1,100
91914,1,100
92051,1,100
92105,1,100
92121,1,100
92149,1,100
92191,1,100
92264,1,100
92266,1,100
92280,1,100
92281,1,100
92291,1,100
92298,1,100
92347,1,100
92367,1,100
92383,1,100
92390,1,100
92395,1,100
92406,1,100
92461,1,100
92487,1,100
92487,1,100
92495,1,100
92513,1,100
92514,1,100
92526,1,100
92560,1,100
92590,1,100
92594,1,100
92623,1,100
92679,1,100
92685,1,100
92696,1,100
92729,1,100
92752,1,100
92754,1,100
92754,1,100
92760,1,100
92809,1,100
92823,1,100
92834,1,100
92840,1,100
92855,1,100
92903,1,100
92904,1,100
92915,1,100
92919,1,100
92921,1,100
92934,1,100
93030,1,100
93062,1,100
93065,1,100
93087,1,100
93090,1,100
93129,1,100
93131,1,100
93136,1,100
93162,1,100
93185,1,100
93187,1,100
93191,1,100
93193,1,100
93202,1,100
93212,1,100
93243,1,100
93252,1,100
93264,1,100
93278,1,100
93334,1,100
93338,1,100
93338,1,100
93352,1,100
93353,1,100
93356,1,100
93356,1,100
93358,1,100
93368,1,100
93396,1,100
93399,1,100
93406,1,100
93407,1,100
93422,1,100
93429,1,100
93436,1,100
93438,1,100
93440,1,100
93443,1,100
93482,1,100
93485,1,100
93516,1,100
93533,1,100
93553,1,100
93570,1,100
93574,1,100
93586,1,100
93597,1,100
93617,1,100
93633,1,100
93659,1,100
93670,1,100
93689,1,100
93692,1,100
93698,1,100
93707,1,100
93715,1,100
93718,1,100
93728,1,100
93731,1,100
93754,1,100
93828,1,100
93846,1,100
93849,1,100
93889,1,100
93889,1,100
93904,1,100
93916,1,100
93931,1,100
93932,1,100
93933,1,100
93935,1,100
93937,1,100
93941,1,100
93952,1,100
94000,1,100
94017,1,100
94022,1,100
94026,1,100
94039,1,100
94061,1,100
94063,1,100
94069,1,100
94104,1,100
94113,1,100
94115,1,100
94127,1,100
94163,1,100
94179,1,100
94211,1,100
94227,1,100
94228,1,100
94265,1,100
94282,1,100
94298,1,100
94319,1,100
94338,1,100
94353,1,100
94354,1,100
94367,1,100
94388,1,100
94422,1,100
94456,1,100
94475,1,100
94537,1,100
94616,1,100
94635,1,100
94651,1,100
94693,1,100
94705,1,100
94706,1,100
94714,1,100
94724,1,100
94755,1,100
94778,1,100
94800,1,100
94801,1,100
94807,1,100
94811,1,100
94830,1,100
94830,1,100
94831,1,100
94835,1,100
94842,1,100
94850,1,100
94856,1,100
94857,1,100
94871,1,100
94876,1,100
95025,1,100
95060,1,100
95062,1,100
95070,1,100
95072,1,100
95072,1,100
95096,1,100
95144,1,100
95162,1,100
95167,1,100
95175,1,100
95266,1,100
95268,1,100
95273,1,100
95278,1,100
95334,1,100
95409,1,100
95415,1,100
95442,1,100
95456,1,100
95466,1,100
95473,1,100
95476,1,100
95477,1,100
95547,1,100
95558,1,100
95694,1,100
95707,1,100
95728,1,100
95741,1,100
95779,1,100
95780,1,100
95790,1,100
95798,1,100
95807,1,100
95811,1,100
95828,1,100
95829,1,100
95843,1,100
95854,1,100
95896,1,100
95911,1,100
95916,1,100
95926,1,100
95970,1,100
95976,1,100
95991,1,100
95996,1,100
96019,1,100
96027,1,100
96051,1,100
96052,1,100
96060,1,100
96070,1,100
96096,1,100
96112,1,100
96128,1,100
96188,1,100
96206,1,100
96227,1,100
96234,1,100
96239,1,100
96267,1,100
96272,1,100
96284,1,100
96289,1,100
96309,1,100
96355,1,100
96356,1,100
96426,1,100
96449,1,100
96455,1,100
96458,1,100
96502,1,100
96520,1,100
96523,1,100
96547,1,100
96552,1,100
96597,1,100
96600,1,100
96603,1,100
96648,1,100
96665,1,100
96701,1,100
96722,1,100
96731,1,100
96744,1,100
96790,1,100
96798,1,100
96804,1,100
96811,1,100
96811,1,100
96906,1,100
96928,1,100
96976,1,100
97020,1,100
97024,1,100
97028,1,100
97028,1,100
97053,1,100
97059,1,100
97074,1,100
97081,1,100
97097,1,100
97107,1,100
97113,1,100
97119,1,100
97136,1,100
97162,1,100
97166,1,100
97169,1,100
97186,1,100
97196,1,100
97198,1,100
97205,1,100
97209,1,100
97214,1,100
97228,1,100
97231,1,100
97310,1,100
97316,1,100
97352,1,100
97352,1,100
97355,1,100
97376,1,100
97382,1,100
97399,1,100
97415,1,100
97461,1,100
97462,1,100
97546,1,100
97574,1,100
97578,1,100
97607,1,100
97638,1,100
97700,1,100
97706,1,100
97737,1,100
97759,1,100
97775,1,100
97786,1,100
97798,1,100
97802,1,100
97803,1,100
97819,1,100
97820,1,100
97827,1,100
97878,1,100
97892,1,100
97928,1,100
97952,1,100
97963,1,100
97971,1,100
97994,1,100
98015,1,100
98017,1,100
98075,1,100
98090,1,100
98092,1,100
98183,1,100
98188,1,100
98193,1,100
98221,1,100
98229,1,100
98231,1,100
98262,1,100
98296,1,100
98340,1,100
98344,1,100
98357,1,100
98365,1,100
98387,1,100
98388,1,100
98473,1,100
98482,1,100
98483,1,100
98488,1,100
98545,1,100
98637,1,100
98642,1,100
98657,1,100
98718,1,100
98719,1,100
98737,1,100
98742,1,100
98744,1,100
98755,1,100
98778,1,100
98787,1,100
98819,1,100
98824,1,100
98839,1,100
98841,1,100
98846,1,100
98866,1,100
98875,1,100
98894,1,100
98943,1,100
98947,1,100
98959,1,100
99006,1,100
99007,1,100
99027,1,100
99031,1,100
99047,1,100
99051,1,100
99067,1,100
99092,1,100
99107,1,100
99138,1,100
99139,1,100
99161,1,100
99179,1,100
99191,1,100
99233,1,100
99259,1,100
99264,1,100
99283,1,100
99286,1,100
99286,1,100
99297,1,100
99327,1,100
99336,1,100
99343,1,100
99345,1,100
99392,1,100
99405,1,100
99432,1,100
99486,1,100
99503,1,100
99515,1,100
99533,1,100
99556,1,100
99558,1,100
99563,1,100
99563,1,100
99599,1,100
99635,1,100
99651,1,100
99664,1,100
99671,1,100
99695,1,100
99703,1,100
99706,1,100
99708,1,100
99759,1,100
99921,1,100
99930,1,100
99933,1,100
99969,1,100
99971,1,100
100005,1,100
100030,1,100
100037,1,100
100038,1,100
100044,1,100
100047,1,100
100063,1,100
100081,1,100
100083,1,100
100151,1,100
100170,1,100
100184,1,100
100199,1,100
100213,1,100
100213,1,100
100250,1,100
100261,1,100
100278,1,100
100298,1,100
100315,1,100
100327,1,100
100341,1,100
100342,1,100
100356,1,100
100365,1,100
100369,1,100
100384,1,100
100440,1,100
100504,1,100
100526,1,100
100531,1,100
100544,1,100
100549,1,100
100593,1,100
100615,1,100
100621,1,100
100659,1,100
100668,1,100
100678,1,100
100685,1,100
100690,1,100
100698,1,100
100699,1,100
100716,1,100
100727,1,100
100769,1,100
100802,1,100
100806,1,100
100813,1,100
100844,1,100
100861,1,100
100863,1,100
101002,1,100
101009,1,100
101021,1,100
101054,1,100
101056,1,100
101083,1,100
101133,1,100
101161,1,100
101171,1,100
101223,1,100
101226,1,100
101228,1,100
101237,1,100
101305,1,100
101380,1,100
101400,1,100
101435,1,100
101513,1,100
101520,1,100
101525,1,100
101563,1,100
101564,1,100
101583,1,100
101628,1,100
101647,1,100
101723,1,100
101807,1,100
101814,1,100
101815,1,100
101859,1,100
101868,1,100
101884,1,100
101896,1,100
101933,1,100
101944,1,100
101951,1,100
102009,1,100
102010,1,100
102013,1,100
102014,1,100
102016,1,100
102034,1,100
102035,1,100
102074,1,100
102076,1,100
102083,1,100
102085,1,100
102103,1,100
102104,1,100
102114,1,100
102128,1,100
102241,1,100
102246,1,100
102248,1,100
102279,1,100
102290,1,100
102305,1,100
102307,1,100
102326,1,100
102327,1,100
102331,1,100
102367,1,100
102388,1,100
102421,1,100
102433,1,100
102445,1,100
102488,1,100
102509,1,100
102537,1,100
102539,1,100
102567,1,100
102574,1,100
102577,1,100
102643,1,100
102661,1,100
102668,1,100
102673,1,100
102692,1,100
102694,1,100
102728,1,100
102764,1,100
102765,1,100
102776,1,100
102783,1,100
102900,1,100
102924,1,100
102930,1,100
102963,1,100
102972,1,100
103004,1,100
103005,1,100
103016,1,100
103035,1,100
103042,1,100
103057,1,100
103078,1,100
103126,1,100
103136,1,100
103165,1,100
103184,1,100
103201,1,100
103219,1,100
103242,1,100
103242,1,100
103243,1,100
103271,1,100
103283,1,100
103287,1,100
103368,1,100
103409,1,100
103478,1,100
103508,1,100
103550,1,100
103562,1,100
103581,1,100
103595,1,100
103617,1,100
103635,1,100
103640,1,100
103642,1,100
103658,1,100
103732,1,100
103739,1,100
103751,1,100
103753,1,100
103799,1,100
103831,1,100
103928,1,100
103929,1,100
103938,1,100
103964,1,100
103981,1,100
103984,1,100
103988,1,100
103995,1,100
104028,1,100
104029,1,100
104089,1,100
104099,1,100
104130,1,100
104189,1,100
104215,1,100
104221,1,100
104239,1,100
104306,1,100
104307,1,100
104336,1,100
104338,1,100
104351,1,100
104360,1,100
104369,1,100
104372,1,100
104374,1,100
104376,1,100
104407,1,100
104446,1,100
104472,1,100
104483,1,100
104490,1,100
104492,1,100
104520,1,100
104581,1,100
104602,1,100
104615,1,100
104654,1,100
104665,1,100
104740,1,100
104788,1,100
104803,1,100
104838,1,100
104840,1,100
104853,1,100
104883,1,100
104888,1,100
104896,1,100
104917,1,100
104918,1,100
104922,1,100
105009,1,100
105011,1,100
105033,1,100
105074,1,100
105096,1,100
105096,1,100
105112,1,100
105138,1,100
105145,1,100
105175,1,100
105216,1,100
105223,1,100
105231,1,100
105259,1,100
105261,1,100
105262,1,100
105268,1,100
105271,1,100
105282,1,100
105283,1,100
105298,1,100
105298,1,100
105318,1,100
105325,1,100
105340,1,100
105344,1,100
105345,1,100
105366,1,100
105368,1,100
105385,1,100
105401,1,100
105407,1,100
105412,1,100
105437,1,100
105462,1,100
105502,1,100
105504,1,100
105522,1,100
105530,1,100
105552,1,100
105559,1,100
105572,1,100
105579,1,100
105587,1,100
105725,1,100
105738,1,100
105741,1,100
105774,1,100
105802,1,100
105810,1,100
105873,1,100
105898,1,100
105898,1,100
105907,1,100
106022,1,100
106026,1,100
106043,1,100
106059,1,100
106130,1,100
106139,1,100
106184,1,100
106188,1,100
106244,1,100
106248,1,100
106254,1,100
106264,1,100
106311,1,100
106322,1,100
106322,1,100
106326,1,100
106339,1,100
106391,1,100
106403,1,100
106424,1,100
106428,1,100
106448,1,100
106515,1,100
106522,1,100
106526,1,100
106575,1,100
106587,1,100
106670,1,100
106730,1,100
106875,1,100
106878,1,100
106908,1,100
106920,1,100
106933,1,100
106935,1,100
106942,1,100
106953,1,100
106968,1,100
106970,1,100
106975,1,100
106991,1,100
107008,1,100
107019,1,100
107042,1,100
107087,1,100
107104,1,100
107117,1,100
107165,1,100
107177,1,100
107177,1,100
107224,1,100
107262,1,100
107310,1,100
107331,1,100
107470,1,100
107499,1,100
107522,1,100
107524,1,100
107533,1,100
107597,1,100
107610,1,100
107682,1,100
107729,1,100
107741,1,100
107757,1,100
107770,1,100
107788,1,100
107846,1,100
107884,1,100
107906,1,100
107907,1,100
107970,1,100
108007,1,100
108012,1,100
108023,1,100
108061,1,100
108064,1,100
108069,1,100
108072,1,100
108106,1,100
108115,1,100
108127,1,100
108170,1,100
108184,1,100
108207,1,100
108214,1,100
108219,1,100
108254,1,100
108265,1,100
108281,1,100
108297,1,100
108356,1,100
108582,1,100
108614,1,100
108620,1,100
108621,1,100
108686,1,100
108765,1,100
108847,1,100
108850,1,100
108895,1,100
108901,1,100
108927,1,100
108941,1,100
108950,1,100
108973,1,100
109002,1,100
109005,1,100
109016,1,100
109017,1,100
109039,1,100
109057,1,100
109067,1,100
109070,1,100
109075,1,100
109087,1,100
109092,1,100
109096,1,100
109102,1,100
109107,1,100
109120,1,100
109123,1,100
109125,1,100
109129,1,100
109143,1,100
109150,1,100
109151,1,100
109158,1,100
109203,1,100
109223,1,100
109252,1,100
109282,1,100
109336,1,100
109340,1,100
109345,1,100
109367,1,100
109369,1,100
109433,1,100
109466,1,100
109466,1,100
109514,1,100
109542,1,100
109549,1,100
109623,1,100
109632,1,100
109636,1,100
109659,1,100
109669,1,100
109715,1,100
109725,1,100
109747,1,100
109764,1,100
109798,1,100
110028,1,100
110046,1,100
110101,1,100
110108,1,100
110162,1,100
110164,1,100
110183,1,100
110189,1,100
110198,1,100
110224,1,100
110225,1,100
110250,1,100
110254,1,100
110264,1,100
110312,1,100
110313,1,100
110333,1,100
110359,1,100
110370,1,100
110391,1,100
110407,1,100
110438,1,100
110466,1,100
110479,1,100
110492,1,100
110534,1,100
110640,1,100
110689,1,100
110723,1,100
110750,1,100
110769,1,100
110784,1,100
110816,1,100
110819,1,100
110820,1,100
110827,1,100
110857,1,100
110873,1,100
110882,1,100
111006,1,100
111046,1,100
111063,1,100
111093,1,100
111100,1,100
111125,1,100
111158,1,100
111193,1,100
111252,1,100
111262,1,100
111270,1,100
111283,1,100
111311,1,100
111318,1,100
111324,1,100
111336,1,100
111352,1,100
111399,1,100
111405,1,100
111420,1,100
111421,1,100
111447,1,100
111473,1,100
111508,1,100
111510,1,100
111528,1,100
111528,1,100
111571,1,100
111578,1,100
111580,1,100
111580,1,100
111637,1,100
111653,1,100
111695,1,100
111762,1,100
111763,1,100
111779,1,100
111803,1,100
111819,1,100
112056,1,100
112068,1,100
112076,1,100
112105,1,100
112124,1,100
112151,1,100
112161,1,100
112162,1,100
112188,1,100
112253,1,100
112254,1,100
112261,1,100
112346,1,100
112371,1,100
112383,1,100
112390,1,100
112432,1,100
112460,1,100
112461,1,100
112478,1,100
112512,1,100
112512,1,100
112534,1,100
112675,1,100
112677,1,100
112724,1,100
112744,1,100
112754,1,100
112783,1,100
112845,1,100
112903,1,100
112904,1,100
112931,1,100
112933,1,100
112939,1,100
112995,1,100
113011,1,100
113046,1,100
113052,1,100
113061,1,100
113081,1,100
113110,1,100
113177,1,100
113181,1,100
113196,1,100
113198,1,100
113229,1,100
113339,1,100
113398,1,100
113416,1,100
113440,1,100
113502,1,100
113544,1,100
113547,1,100
113558,1,100
113591,1,100
113603,1,100
113640,1,100
113669,1,100
113683,1,100
113683,1,100
113688,1,100
113703,1,100
113737,1,100
113755,1,100
113837,1,100
113926,1,100
113926,1,100
114010,1,100
114011,1,100
114030,1,100
114037,1,100
114055,1,100
114060,1,100
114079,1,100
114101,1,100
114102,1,100
114102,1,100
114149,1,100
114158,1,100
114173,1,100
114185,1,100
114204,1,100
114216,1,100
114237,1,100
114239,1,100
114285,1,100
114341,1,100
114363,1,100
114383,1,100
114437,1,100
114447,1,100
114468,1,100
114469,1,100
114475,1,100
114523,1,100
114527,1,100
114538,1,100
114548,1,100
114654,1,100
114812,1,100
114841,1,100
114907,1,100
114950,1,100
115008,1,100
115016,1,100
115019,1,100
115053,1,100
115060,1,100
115061,1,100
115109,1,100
115131,1,100
115168,1,100
115170,1,100
115195,1,100
115201,1,100
115213,1,100
115225,1,100
115242,1,100
115242,1,100
115267,1,100
115313,1,100
115603,1,100
115612,1,100
115619,1,100
115627,1,100
115694,1,100
115697,1,100
115707,1,100
115796,1,100
115797,1,100
115820,1,100
115848,1,100
115915,1,100
116015,1,100
116018,1,100
116023,1,100
116038,1,100
116071,1,100
116080,1,100
116096,1,100
116101,1,100
116101,1,100
116113,1,100
116121,1,100
116134,1,100
116159,1,100
116178,1,100
116195,1,100
116212,1,100
116248,1,100
116266,1,100
116274,1,100
116306,1,100
116323,1,100
116337,1,100
116341,1,100
116352,1,100
116355,1,100
116361,1,100
116385,1,100
116389,1,100
116410,1,100
116464,1,100
116501,1,100
116505,1,100
116511,1,100
116513,1,100
116524,1,100
116536,1,100
116542,1,100
116566,1,100
116598,1,100
116603,1,100
116604,1,100
116690,1,100
116696,1,100
116704,1,100
117005,1,100
117014,1,100
117029,1,100
117053,1,100
117061,1,100
117126,1,100
117180,1,100
117190,1,100
117203,1,100
117272,1,100
117276,1,100
117337,1,100
117340,1,100
117345,1,100
117361,1,100
117372,1,100
117444,1,100
117522,1,100
117542,1,100
117547,1,100
117557,1,100
117582,1,100
117602,1,100
117623,1,100
117652,1,100
117692,1,100
117708,1,100
117733,1,100
117739,1,100
117758,1,100
117758,1,100
117780,1,100
117803,1,100
117869,1,100
117882,1,100
117918,1,100
117982,1,100
117995,1,100
118008,1,100
118084,1,100
118118,1,100
118124,1,100
118153,1,100
118170,1,100
118215,1,100
118223,1,100
118229,1,100
118266,1,100
118282,1,100
118340,1,100
118387,1,100
118495,1,100
118511,1,100
118520,1,100
118535,1,100
118552,1,100
118584,1,100
118750,1,100
118786,1,100
118838,1,100
118910,1,100
118937,1,100
118969,1,100
118979,1,100
119011,1,100
119035,1,100
119058,1,100
119074,1,100
119122,1,100
119152,1,100
119153,1,100
119194,1,100
119200,1,100
119218,1,100
119363,1,100
119439,1,100
119446,1,100
119591,1,100
119633,1,100
119643,1,100
119647,1,100
119801,1,100
119803,1,100
119830,1,100
119870,1,100
119881,1,100
119938,1,100
119983,1,100
120005,1,100
120008,1,100
120020,1,100
120041,1,100
120075,1,100
120087,1,100
120092,1,100
120093,1,100
120103,1,100
120109,1,100
120119,1,100
120127,1,100
120150,1,100
120167,1,100
120180,1,100
120198,1,100
120201,1,100
120208,1,100
120233,1,100
120294,1,100
120407,1,100
120409,1,100
120410,1,100
120413,1,100
120416,1,100
120520,1,100
120521,1,100
120609,1,100
120825,1,100
120932,1,100
120959,1,100
121009,1,100
121037,1,100
121048,1,100
121225,1,100
121264,1,100
121308,1,100
121342,1,100
121363,1,100
121385,1,100
121435,1,100
121485,1,100
121492,1,100
121497,1,100
121525,1,100
121571,1,100
121577,1,100
121602,1,100
121660,1,100
121677,1,100
121700,1,100
121742,1,100
121750,1,100
121771,1,100
121787,1,100
121841,1,100
121892,1,100
122007,1,100
122088,1,100
122119,1,100
122123,1,100
122124,1,100
122184,1,100
122185,1,100
122210,1,100
122234,1,100
122235,1,100
122258,1,100
122275,1,100
122278,1,100
122376,1,100
122407,1,100
122418,1,100
122424,1,100
122428,1,100
122526,1,100
122565,1,100
122610,1,100
122663,1,100
122757,1,100
122797,1,100
122835,1,100
122838,1,100
123171,1,100
123189,1,100
123272,1,100
123299,1,100
123351,1,100
123378,1,100
123388,1,100
123398,1,100
123428,1,100
123461,1,100
123487,1,100
123583,1,100
123593,1,100
123728,1,100
123758,1,100
123816,1,100
123909,1,100
123914,1,100
123917,1,100
123950,1,100
123966,1,100
123973,1,100
123986,1,100
124051,1,100
124069,1,100
124100,1,100
124134,1,100
124148,1,100
124171,1,100
124224,1,100
124228,1,100
124384,1,100
124401,1,100
124425,1,100
124449,1,100
124459,1,100
124628,1,100
124640,1,100
124642,1,100
124688,1,100
124692,1,100
124692,1,100
124808,1,100
124928,1,100
124931,1,100
124977,1,100
124979,1,100
125012,1,100
125059,1,100
125078,1,100
125078,1,100
125097,1,100
125117,1,100
125160,1,100
125238,1,100
125253,1,100
125290,1,100
125330,1,100
125345,1,100
125397,1,100
125429,1,100
125503,1,100
125526,1,100
125535,1,100
125614,1,100
125642,1,100
125664,1,100
125706,1,100
125826,1,100
125837,1,100
125865,1,100
125878,1,100
126081,1,100
126171,1,100
126346,1,100
126425,1,100
126466,1,100
126638,1,100
126641,1,100
126703,1,100
126704,1,100
126711,1,100
126719,1,100
126809,1,100
126841,1,100
126848,1,100
126884,1,100
126959,1,100
126966,1,100
126999,1,100
127048,1,100
127051,1,100
127051,1,100
127059,1,100
127098,1,100
127104,1,100
127170,1,100
127172,1,100
127212,1,100
127224,1,100
127259,1,100
127270,1,100
127270,1,100
127282,1,100
127368,1,100
127377,1,100
127390,1,100
127404,1,100
127520,1,100
127613,1,100
127752,1,100
127840,1,100
127987,1,100
128021,1,100
128122,1,100
128140,1,100
128169,1,100
128207,1,100
128213,1,100
128246,1,100
128260,1,100
128301,1,100
128313,1,100
128347,1,100
128432,1,100
128537,1,100
128678,1,100
128760,1,100
128799,1,100
128819,1,100
128871,1,100
129030,1,100
129088,1,100
129162,1,100
129180,1,100
129183,1,100
129184,1,100
129224,1,100
129232,1,100
129237,1,100
129249,1,100
129292,1,100
129297,1,100
129321,1,100
129349,1,100
129360,1,100
129374,1,100
129451,1,100
129497,1,100
129523,1,100
129582,1,100
129638,1,100
129690,1,100
129744,1,100
129788,1,100
129869,1,100
129894,1,100
129896,1,100
129904,1,100
129905,1,100
129964,1,100
130001,1,100
130022,1,100
130026,1,100
130044,1,100
130056,1,100
130072,1,100
130081,1,100
130093,1,100
130204,1,100
130209,1,100
130367,1,100
130439,1,100
130457,1,100
130580,1,100
130658,1,100
130782,1,100
130795,1,100
130835,1,100
130869,1,100
130878,1,100
130898,1,100
130898,1,100
130899,1,100
130910,1,100
130931,1,100
131027,1,100
131049,1,100
131200,1,100
131222,1,100
131245,1,100
131255,1,100
131291,1,100
131297,1,100
131319,1,100
131400,1,100
131404,1,100
131414,1,100
131552,1,100
131557,1,100
131569,1,100
131622,1,100
131626,1,100
131648,1,100
131671,1,100
132010,1,100
132054,1,100
132058,1,100
132073,1,100
132113,1,100
132143,1,100
132144,1,100
132149,1,100
132189,1,100
132295,1,100
132417,1,100
132498,1,100
132567,1,100
132595,1,100
132596,1,100
132619,1,100
132628,1,100
132772,1,100
133032,1,100
133123,1,100
133138,1,100
133242,1,100
133253,1,100
133275,1,100
133324,1,100
133368,1,100
133530,1,100
133573,1,100
133576,1,100
133603,1,100
133706,1,100
133857,1,100
134074,1,100
134216,1,100
134364,1,100
134382,1,100
134400,1,100
134411,1,100
134536,1,100
134613,1,100
134907,1,100
134911,1,100
134952,1,100
135007,1,100
135019,1,100
135086,1,100
135105,1,100
135105,1,100
135133,1,100
135133,1,100
135146,1,100
135191,1,100
135215,1,100
135254,1,100
135268,1,100
135282,1,100
135293,1,100
135300,1,100
135303,1,100
135317,1,100
135371,1,100
135404,1,100
135448,1,100
136001,1,100
136032,1,100
136075,1,100
136115,1,100
136180,1,100
136215,1,100
136338,1,100
136342,1,100
136446,1,100
136457,1,100
136461,1,100
136474,1,100
136525,1,100
136587,1,100
136635,1,100
136712,1,100
136713,1,100
137022,1,100
137071,1,100
137159,1,100
137248,1,100
137264,1,100
137324,1,100
137348,1,100
137375,1,100
137395,1,100
137414,1,100
137434,1,100
137508,1,100
137562,1,100
137653,1,100
137835,1,100
138021,1,100
138147,1,100
138298,1,100
138523,1,100
138596,1,100
138626,1,100
138696,1,100
138722,1,100
138760,1,100
138775,1,100
138776,1,100
138785,1,100
138793,1,100
138894,1,100
138903,1,100
139015,1,100
139020,1,100
139186,1,100
139249,1,100
139334,1,100
139472,1,100
139568,1,100
139576,1,100
139659,1,100
139698,1,100
139727,1,100
139731,1,100
139835,1,100
139885,1,100
139906,1,100
139913,1,100
140132,1,100
140133,1,100
140233,1,100
140279,1,100
140312,1,100
140338,1,100
140482,1,100
140883,1,100
140900,1,100
141033,1,100
141096,1,100
141101,1,100
141138,1,100
141156,1,100
141168,1,100
141238,1,100
141268,1,100
141419,1,100
141435,1,100
141536,1,100
141539,1,100
141544,1,100
141709,1,100
141742,1,100
141747,1,100
141870,1,100
141931,1,100
142045,1,100
142091,1,100
142123,1,100
142129,1,100
142138,1,100
142544,1,100
142591,1,100
142701,1,100
142785,1,100
142839,1,100
142938,1,100
142982,1,100
143017,1,100
143147,1,100
143198,1,100
143252,1,100
143355,1,100
143442,1,100
143481,1,100
143706,1,100
143793,1,100
143816,1,100
143852,1,100
143898,1,100
144154,1,100
144211,1,100
144312,1,100
144454,1,100
144528,1,100
144629,1,100
144650,1,100
144898,1,100
145036,1,100
145073,1,100
145150,1,100
145213,1,100
145255,1,100
145340,1,100
145443,1,100
145495,1,100
145717,1,100
145830,1,100
145882,1,100
145969,1,100
146110,1,100
146141,1,100
146158,1,100
146228,1,100
146253,1,100
146273,1,100
146288,1,100
146295,1,100
146338,1,100
146391,1,100
146727,1,100
146812,1,100
146893,1,100
147008,1,100
147020,1,100
147051,1,100
147066,1,100
147114,1,100
147275,1,100
147299,1,100
147427,1,100
147659,1,100
147779,1,100
147871,1,100
148028,1,100
148052,1,100
148170,1,100
148220,1,100
148310,1,100
148373,1,100
148387,1,100
148468,1,100
148682,1,100
148789,1,100
148869,1,100
148932,1,100
148960,1,100
149015,1,100
149016,1,100
149091,1,100
149139,1,100
149208,1,100
149230,1,100
149278,1,100
149771,1,100
150007,1,100
150070,1,100
150118,1,100
150211,1,100
150230,1,100
150302,1,100
150409,1,100
150506,1,100
151039,1,100
151211,1,100
151418,1,100
151710,1,100
151763,1,100
151870,1,100
151874,1,100
151883,1,100
151932,1,100
152480,1,100
152627,1,100
152881,1,100
153100,1,100
153109,1,100
153226,1,100
153231,1,100
153257,1,100
153308,1,100
153472,1,100
153482,1,100
153483,1,100
153542,1,100
153568,1,100
153582,1,100
153647,1,100
153694,1,100
153712,1,100
153734,1,100
153773,1,100
154001,1,100
154080,1,100
154161,1,100
154245,1,100
154263,1,100
154266,1,100
154363,1,100
154435,1,100
154518,1,100
154591,1,100
154629,1,100
154699,1,100
155129,1,100
155282,1,100
155371,1,100
155441,1,100
155501,1,100
155736,1,100
155906,1,100
156032,1,100
156083,1,100
156121,1,100
156657,1,100
156683,1,100
156711,1,100
156730,1,100
156757,1,100
156816,1,100
157201,1,100
157382,1,100
157409,1,100
157442,1,100
157463,1,100
158203,1,100
158223,1,100
158396,1,100
158436,1,100
158571,1,100
158683,1,100
158729,1,100
158738,1,100
159016,1,100
159046,1,100
159076,1,100
159092,1,100
159209,1,100
159280,1,100
159294,1,100
159315,1,100
159477,1,100
160043,1,100
160179,1,100
160274,1,100
160393,1,100
160411,1,100
160427,1,100
160753,1,100
160822,1,100
160828,1,100
160865,1,100
160886,1,100
161071,1,100
161085,1,100
161105,1,100
161178,1,100
161192,1,100
162718,1,100
162915,1,100
163121,1,100
163127,1,100
163746,1,100
163759,1,100
163825,1,100
163975,1,100
164110,1,100
164171,1,100
164187,1,100
164433,1,100
164545,1,100
164704,1,100
165024,1,100
165100,1,100
165120,1,100
165134,1,100
165154,1,100
165368,1,100
165375,1,100
165434,1,100
165444,1,100
165497,1,100
165519,1,100
165626,1,100
165727,1,100
165742,1,100
165743,1,100
165981,1,100
166016,1,100
166043,1,100
166053,1,100
166053,1,100
166154,1,100
166156,1,100
166532,1,100
166855,1,100
167053,1,100
167123,1,100
167179,1,100
167215,1,100
167260,1,100
167263,1,100
167274,1,100
167276,1,100
167292,1,100
167323,1,100
167545,1,100
167767,1,100
168080,1,100
168204,1,100
168232,1,100
168242,1,100
168524,1,100
168535,1,100
168552,1,100
168690,1,100
169057,1,100
169256,1,100
169587,1,100
169687,1,100
170133,1,100
170423,1,100
170538,1,100
170589,1,100
170626,1,100
170827,1,100
171003,1,100
171019,1,100
171375,1,100
171686,1,100
171951,1,100
172097,1,100
172119,1,100
172231,1,100
172575,1,100
172630,1,100
172674,1,100
172788,1,100
172820,1,100
172878,1,100
172929,1,100
172984,1,100
172999,1,100
173236,1,100
173413,1,100
173574,1,100
173590,1,100
173623,1,100
174022,1,100
174198,1,100
174746,1,100
174910,1,100
175022,1,100
175448,1,100
175955,1,100
176002,1,100
176277,1,100
176394,1,100
176596,1,100
176682,1,100
176744,1,100
177007,1,100
177026,1,100
177258,1,100
177269,1,100
177351,1,100
177425,1,100
177456,1,100
177498,1,100
177516,1,100
177580,1,100
177584,1,100
177666,1,100
177735,1,100
177830,1,100
177924,1,100
177952,1,100
177966,1,100
177973,1,100
178011,1,100
178121,1,100
178154,1,100
178242,1,100
178244,1,100
178366,1,100
178603,1,100
178705,1,100
178709,1,100
178851,1,100
178905,1,100
178924,1,100
179066,1,100
179232,1,100
179273,1,100
179290,1,100
179300,1,100
179355,1,100
179786,1,100
180107,1,100
180186,1,100
180203,1,100
180255,1,100
180256,1,100
180284,1,100
180652,1,100
181149,1,100
181313,1,100
181396,1,100
181623,1,100
182021,1,100
182117,1,100
182168,1,100
182260,1,100
182432,1,100
182445,1,100
182846,1,100
182925,1,100
183051,1,100
183119,1,100
183133,1,100
183179,1,100
183341,1,100
183429,1,100
183620,1,100
184145,1,100
184282,1,100
184505,1,100
184598,1,100
184677,1,100
184707,1,100
184825,1,100
184830,1,100
185002,1,100
185008,1,100
185037,1,100
185082,1,100
185131,1,100
185197,1,100
185368,1,100
185554,1,100
185579,1,100
185635,1,100
186126,1,100
186264,1,100
186307,1,100
186350,1,100
186363,1,100
186636,1,100
187200,1,100
187636,1,100
187659,1,100
187679,1,100
187696,1,100
187934,1,100
188064,1,100
188208,1,100
188351,1,100
188357,1,100
188544,1,100
189025,1,100
189034,1,100
189181,1,100
189275,1,100
189277,1,100
189321,1,100
189329,1,100
189442,1,100
189623,1,100
189625,1,100
189628,1,100
189635,1,100
189640,1,100
189693,1,100
189711,1,100
189767,1,100
189837,1,100
189837,1,100
189850,1,100
190051,1,100
190304,1,100
190382,1,100
190755,1,100
190763,1,100
190802,1,100
191120,1,100
191153,1,100
191165,1,100
191394,1,100
191404,1,100
191438,1,100
191500,1,100
191516,1,100
192270,1,100
192356,1,100
192379,1,100
192443,1,100
192506,1,100
192513,1,100
192541,1,100
192564,1,100
192580,1,100
192667,1,100
192725,1,100
193164,1,100
193327,1,100
193372,1,100
193464,1,100
193723,1,100
193761,1,100
194101,1,100
194472,1,100
194532,1,100
194699,1,100
194719,1,100
194929,1,100
194940,1,100
195022,1,100
195101,1,100
195172,1,100
195232,1,100
195368,1,100
195471,1,100
195655,1,100
195713,1,100
196095,1,100
196169,1,100
196192,1,100
196233,1,100
196366,1,100
196448,1,100
196581,1,100
196636,1,100
196752,1,100
197168,1,100
197175,1,100
197385,1,100
197397,1,100
197431,1,100
197632,1,100
197943,1,100
198180,1,100
198961,1,100
199005,1,100
199088,1,100
199145,1,100
199212,1,100
199218,1,100
199435,1,100
199461,1,100
199541,1,100
199746,1,100
199802,1,100
199921,1,100
200030,1,100
200074,1,100
200203,1,100
200588,1,100
201020,1,100
201044,1,100
201183,1,100
201203,1,100
201226,1,100
201238,1,100
201250,1,100
201275,1,100
201296,1,100
201328,1,100
201333,1,100
201360,1,100
201441,1,100
201555,1,100
201569,1,100
201574,1,100
201652,1,100
201676,1,100
201693,1,100
201772,1,100
201814,1,100
201844,1,100
201873,1,100
201965,1,100
201975,1,100
202023,1,100
202258,1,100
202267,1,100
202269,1,100
202299,1,100
202308,1,100
202419,1,100
202473,1,100
202582,1,100
202688,1,100
203059,1,100
203583,1,100
203653,1,100
203666,1,100
203952,1,100
204037,1,100
204095,1,100
204219,1,100
204313,1,100
204350,1,100
204427,1,100
204430,1,100
204451,1,100
204478,1,100
204593,1,100
204648,1,100
204759,1,100
204788,1,100
205006,1,100
205020,1,100
205032,1,100
205085,1,100
205111,1,100
205289,1,100
205429,1,100
205481,1,100
205524,1,100
205588,1,100
205828,1,100
206112,1,100
206118,1,100
206459,1,100
206556,1,100
206811,1,100
206819,1,100
206862,1,100
206927,1,100
206955,1,100
207027,1,100
207133,1,100
207144,1,100
207365,1,100
207491,1,100
207522,1,100
207549,1,100
207552,1,100
207615,1,100
207619,1,100
207644,1,100
208079,1,100
208160,1,100
208214,1,100
208257,1,100
208330,1,100
208595,1,100
208799,1,100
208982,1,100
208989,1,100
209074,1,100
209084,1,100
209167,1,100
209196,1,100
209505,1,100
209929,1,100
210160,1,100
210223,1,100
210546,1,100
210821,1,100
210843,1,100
210929,1,100
211016,1,100
211042,1,100
211081,1,100
211150,1,100
211251,1,100
211284,1,100
211599,1,100
211784,1,100
211913,1,100
212103,1,100
212205,1,100
212620,1,100
212858,1,100
212897,1,100
213039,1,100
213072,1,100
213089,1,100
213089,1,100
213090,1,100
213185,1,100
213218,1,100
213317,1,100
213353,1,100
213392,1,100
213449,1,100
213500,1,100
213511,1,100
213589,1,100
213678,1,100
213732,1,100
213789,1,100
213795,1,100
213833,1,100
213895,1,100
213931,1,100
214040,1,100
214052,1,100
214054,1,100
214080,1,100
214082,1,100
214083,1,100
214124,1,100
214163,1,100
214364,1,100
214456,1,100
214618,1,100
214932,1,100
214985,1,100
215001,1,100
215029,1,100
215041,1,100
215070,1,100
215077,1,100
215137,1,100
215148,1,100
215163,1,100
215177,1,100
215184,1,100
215252,1,100
215288,1,100
215444,1,100
215538,1,100
215837,1,100
215981,1,100
215993,1,100
216005,1,100
216053,1,100
216088,1,100
216106,1,100
216188,1,100
216334,1,100
216415,1,100
216564,1,100
216657,1,100
216672,1,100
217002,1,100
217051,1,100
217083,1,100
217179,1,100
217253,1,100
217386,1,100
217727,1,100
217746,1,100
218207,1,100
218220,1,100
218305,1,100
218334,1,100
218346,1,100
218426,1,100
218468,1,100
218645,1,100
218665,1,100
218730,1,100
218846,1,100
218871,1,100
219040,1,100
219042,1,100
219049,1,100
219070,1,100
219157,1,100
219159,1,100
219338,1,100
219421,1,100
219725,1,100
219793,1,100
220046,1,100
220061,1,100
220070,1,100
220146,1,100
220464,1,100
220531,1,100
220586,1,100
220732,1,100
220792,1,100
220828,1,100
220897,1,100
220966,1,100
221002,1,100
221013,1,100
221019,1,100
221032,1,100
221099,1,100
221200,1,100
221200,1,100
221240,1,100
221290,1,100
221372,1,100
221381,1,100
221499,1,100
221559,1,100
222263,1,100
222720,1,100
222938,1,100
223062,1,100
223097,1,100
223124,1,100
223172,1,100
223296,1,100
223320,1,100
223349,1,100
223389,1,100
223396,1,100
223500,1,100
223542,1,100
223557,1,100
223578,1,100
223648,1,100
223753,1,100
223927,1,100
223958,1,100
224123,1,100
224136,1,100
224222,1,100
224286,1,100
224406,1,100
224514,1,100
224524,1,100
224581,1,100
224790,1,100
224904,1,100
225026,1,100
225028,1,100
225029,1,100
225057,1,100
225135,1,100
225273,1,100
225299,1,100
225303,1,100
225348,1,100
225348,1,100
225362,1,100
225408,1,100
225448,1,100
225500,1,100
225586,1,100
225635,1,100
225684,1,100
225699,1,100
225705,1,100
225740,1,100
225763,1,100
225958,1,100
225972,1,100
226007,1,100
226012,1,100
226017,1,100
226055,1,100
226065,1,100
226070,1,100
226071,1,100
226075,1,100
226076,1,100
226102,1,100
226168,1,100
226177,1,100
226180,1,100
226199,1,100
226210,1,100
226224,1,100
226229,1,100
226241,1,100
226292,1,100
226304,1,100
226358,1,100
226486,1,100
226494,1,100
226501,1,100
226510,1,100
226552,1,100
226660,1,100
226678,1,100
227079,1,100
227217,1,100
227234,1,100
227358,1,100
227529,1,100
227553,1,100
227573,1,100
227625,1,100
227632,1,100
227754,1,100
228006,1,100
228019,1,100
228085,1,100
228105,1,100
228119,1,100
228138,1,100
228184,1,100
228207,1,100
228219,1,100
228252,1,100
228261,1,100
228299,1,100
228357,1,100
228361,1,100
228386,1,100
228434,1,100
228526,1,100
228540,1,100
228564,1,100
228578,1,100
228631,1,100
228648,1,100
228675,1,100
228686,1,100
228698,1,100
228752,1,100
228814,1,100
228817,1,100
228828,1,100
228830,1,100
228927,1,100
228984,1,100
228989,1,100
229044,1,100
229070,1,100
229073,1,100
229124,1,100
229161,1,100
229318,1,100
229328,1,100
229382,1,100
229452,1,100
229453,1,100
229529,1,100
229534,1,100
229537,1,100
229545,1,100
229652,1,100
229697,1,100
229850,1,100
230002,1,100
230023,1,100
230053,1,100
230140,1,100
230183,1,100
230204,1,100
230230,1,100
230276,1,100
230293,1,100
230412,1,100
230541,1,100
230563,1,100
230599,1,100
230620,1,100
230655,1,100
230884,1,100
230927,1,100
231016,1,100
231051,1,100
231085,1,100
231087,1,100
231150,1,100
231303,1,100
231438,1,100
231481,1,100
231494,1,100
231534,1,100
231563,1,100
231599,1,100
231604,1,100
231626,1,100
231679,1,100
231806,1,100
231865,1,100
231915,1,100
231920,1,100
231963,1,100
232033,1,100
232047,1,100
232058,1,100
232070,1,100
232081,1,100
232088,1,100
232092,1,100
232136,1,100
232198,1,100
232209,1,100
232287,1,100
232330,1,100
232371,1,100
232405,1,100
232460,1,100
232539,1,100
232540,1,100
232581,1,100
232585,1,100
232774,1,100
232783,1,100
232786,1,100
233058,1,100
233122,1,100
233243,1,100
233250,1,100
233258,1,100
233319,1,100
233432,1,100
233483,1,100
233556,1,100
233557,1,100
233615,1,100
233690,1,100
233851,1,100
233855,1,100
233958,1,100
234006,1,100
234025,1,100
234072,1,100
234095,1,100
234181,1,100
234203,1,100
234215,1,100
234292,1,100
234328,1,100
234416,1,100
234434,1,100
234494,1,100
234675,1,100
234766,1,100
234877,1,100
234913,1,100
234915,1,100
235038,1,100
235131,1,100
235175,1,100
235350,1,100
235380,1,100
235397,1,100
235420,1,100
235494,1,100
235591,1,100
235679,1,100
235780,1,100
235828,1,100
235893,1,100
236007,1,100
236014,1,100
236015,1,100
236064,1,100
236109,1,100
236126,1,100
236155,1,100
236196,1,100
236304,1,100
236328,1,100
236412,1,100
236444,1,100
236471,1,100
236499,1,100
236547,1,100
236734,1,100
236947,1,100
237005,1,100
237010,1,100
237016,1,100
237021,1,100
237025,1,100
237031,1,100
237047,1,100
237055,1,100
237058,1,100
237085,1,100
237095,1,100
237097,1,100
237148,1,100
237153,1,100
237158,1,100
237177,1,100
237197,1,100
237212,1,100
237244,1,100
237257,1,100
237280,1,100
237292,1,100
237331,1,100
237378,1,100
237389,1,100
237433,1,100
237550,1,100
237577,1,100
237587,1,100
237597,1,100
237609,1,100
237634,1,100
237644,1,100
237661,1,100
237697,1,100
237712,1,100
237812,1,100
237813,1,100
237847,1,100
237852,1,100
238026,1,100
238091,1,100
238099,1,100
238183,1,100
238183,1,100
238208,1,100
238230,1,100
238280,1,100
238287,1,100
238294,1,100
238311,1,100
238347,1,100
238373,1,100
238375,1,100
238378,1,100
238405,1,100
238494,1,100
238571,1,100
238576,1,100
238656,1,100
238735,1,100
239204,1,100
239208,1,100
239233,1,100
239268,1,100
239291,1,100
239336,1,100
239469,1,100
239473,1,100
239670,1,100
239779,1,100
239794,1,100
239882,1,100
239914,1,100
239969,1,100
240003,1,100
240025,1,100
240029,1,100
240055,1,100
240085,1,100
240096,1,100
240102,1,100
240102,1,100
240147,1,100
240157,1,100
240205,1,100
240218,1,100
240247,1,100
240267,1,100
240281,1,100
240298,1,100
240380,1,100
240544,1,100
240545,1,100
240611,1,100
240669,1,100
240688,1,100
240693,1,100
240726,1,100
240779,1,100
240801,1,100
240906,1,100
240952,1,100
241033,1,100
241061,1,100
241063,1,100
241079,1,100
241158,1,100
241191,1,100
241192,1,100
241197,1,100
241221,1,100
241226,1,100
241248,1,100
241259,1,100
241342,1,100
241386,1,100
241405,1,100
241472,1,100
241563,1,100
241567,1,100
241580,1,100
241712,1,100
241772,1,100
241776,1,100
241901,1,100
241911,1,100
242051,1,100
242062,1,100
242104,1,100
242115,1,100
242132,1,100
242156,1,100
242273,1,100
242328,1,100
242338,1,100
242392,1,100
242417,1,100
242422,1,100
242475,1,100
242481,1,100
242560,1,100
242567,1,100
242579,1,100
242588,1,100
242597,1,100
242646,1,100
243086,1,100
243144,1,100
243145,1,100
243161,1,100
243173,1,100
243191,1,100
243274,1,100
243312,1,100
243326,1,100
243514,1,100
243519,1,100
243568,1,100
243661,1,100
243718,1,100
243725,1,100
243760,1,100
243761,1,100
243840,1,100
243847,1,100
243866,1,100
243869,1,100
243918,1,100
244010,1,100
244011,1,100
244202,1,100
244221,1,100
244277,1,100
244341,1,100
244361,1,100
244463,1,100
244503,1,100
244530,1,100
244543,1,100
244567,1,100
244583,1,100
244605,1,100
244805,1,100
244806,1,100
244809,1,100
244838,1,100
244913,1,100
244966,1,100
244984,1,100
244995,1,100
245011,1,100
245031,1,100
245066,1,100
245068,1,100
245071,1,100
245119,1,100
245222,1,100
245226,1,100
245268,1,100
245320,1,100
245323,1,100
245342,1,100
245366,1,100
245492,1,100
245650,1,100
245673,1,100
245680,1,100
245748,1,100
245822,1,100
246139,1,100
246170,1,100
246199,1,100
246230,1,100
246319,1,100
246323,1,100
246323,1,100
246362,1,100
246429,1,100
246450,1,100
246481,1,100
246553,1,100
246593,1,100
246609,1,100
246613,1,100
246627,1,100
246636,1,100
246722,1,100
246743,1,100
247033,1,100
247134,1,100
247147,1,100
247177,1,100
247484,1,100
247499,1,100
247501,1,100
247521,1,100
247535,1,100
247554,1,100
247654,1,100
247663,1,100
248009,1,100
248009,1,100
248022,1,100
248027,1,100
248055,1,100
248073,1,100
248128,1,100
248138,1,100
248152,1,100
248167,1,100
248322,1,100
248380,1,100
248411,1,100
248608,1,100
248687,1,100
248711,1,100
248853,1,100
248872,1,100
248893,1,100
249020,1,100
249065,1,100
249074,1,100
249097,1,100
249114,1,100
249128,1,100
249147,1,100
249181,1,100
249192,1,100
249207,1,100
249353,1,100
249353,1,100
249377,1,100
249397,1,100
249452,1,100
249454,1,100
249466,1,100
249468,1,100
249485,1,100
249516,1,100
249553,1,100
249559,1,100
249598,1,100
249683,1,100
249691,1,100
249784,1,100
249790,1,100
249792,1,100
250195,1,100
250201,1,100
250211,1,100
250245,1,100
250262,1,100
250267,1,100
250287,1,100
250291,1,100
250555,1,100
250705,1,100
250808,1,100
250910,1,100
250964,1,100
251056,1,100
251114,1,100
251115,1,100
251140,1,100
251184,1,100
251263,1,100
251268,1,100
251293,1,100
251316,1,100
251434,1,100
251534,1,100
251538,1,100
251583,1,100
251677,1,100
251679,1,100
251737,1,100
251786,1,100
251904,1,100
251957,1,100
252032,1,100
252436,1,100
252438,1,100
252460,1,100
252546,1,100
252729,1,100
252734,1,100
252744,1,100
252749,1,100
252764,1,100
252851,1,100
252882,1,100
252997,1,100
253002,1,100
253024,1,100
253060,1,100
253079,1,100
253080,1,100
253091,1,100
253107,1,100
253119,1,100
253132,1,100
253158,1,100
253161,1,100
253189,1,100
253267,1,100
253451,1,100
253465,1,100
253487,1,100
253493,1,100
253558,1,100
253595,1,100
253605,1,100
253858,1,100
253895,1,100
253955,1,100
254043,1,100
254079,1,100
254084,1,100
254092,1,100
254210,1,100
254237,1,100
254237,1,100
254285,1,100
254378,1,100
254399,1,100
254419,1,100
254469,1,100
254516,1,100
254557,1,100
254751,1,100
254867,1,100
255171,1,100
255296,1,100
255330,1,100
255377,1,100
255460,1,100
255488,1,100
255494,1,100
255503,1,100
255552,1,100
255639,1,100
255676,1,100
255683,1,100
255717,1,100
255750,1,100
255790,1,100
255864,1,100
256074,1,100
256135,1,100
256163,1,100
256203,1,100
256348,1,100
256422,1,100
256433,1,100
256471,1,100
256485,1,100
256500,1,100
256587,1,100
256674,1,100
256789,1,100
256880,1,100
256928,1,100
257007,1,100
257072,1,100
257087,1,100
257159,1,100
257186,1,100
257234,1,100
257238,1,100
257249,1,100
257291,1,100
257338,1,100
257398,1,100
257428,1,100
257449,1,100
257457,1,100
257505,1,100
257552,1,100
257659,1,100
257676,1,100
257731,1,100
257770,1,100
258020,1,100
258059,1,100
258108,1,100
258251,1,100
258373,1,100
258427,1,100
258566,1,100
258567,1,100
258582,1,100
258582,1,100
258661,1,100
258665,1,100
258697,1,100
258727,1,100
258753,1,100
258815,1,100
259030,1,100
259054,1,100
259080,1,100
259096,1,100
259111,1,100
259344,1,100
259363,1,100
259376,1,100
259479,1,100
259733,1,100
259904,1,100
259983,1,100
260086,1,100
260114,1,100
260185,1,100
260242,1,100
260244,1,100
260290,1,100
260397,1,100
260413,1,100
260486,1,100
260494,1,100
260707,1,100
260730,1,100
260738,1,100
260794,1,100
260807,1,100
260825,1,100
260825,1,100
261067,1,100
261074,1,100
261076,1,100
261077,1,100
261141,1,100
261149,1,100
261149,1,100
261152,1,100
261163,1,100
261211,1,100
261316,1,100
261406,1,100
261426,1,100
261503,1,100
261544,1,100
261578,1,100
261620,1,100
261686,1,100
261804,1,100
261818,1,100
261851,1,100
262029,1,100
262066,1,100
262085,1,100
262102,1,100
262203,1,100
262273,1,100
262403,1,100
262529,1,100
262681,1,100
262725,1,100
262838,1,100
263075,1,100
263109,1,100
263123,1,100
263222,1,100
263234,1,100
263335,1,100
263461,1,100
263557,1,100
263663,1,100
263734,1,100
263824,1,100
263830,1,100
263853,1,100
264079,1,100
264166,1,100
264174,1,100
264200,1,100
264375,1,100
264376,1,100
264435,1,100
264636,1,100
264673,1,100
264684,1,100
265016,1,100
265066,1,100
265175,1,100
265204,1,100
265232,1,100
265266,1,100
265399,1,100
265818,1,100
266024,1,100
266031,1,100
266073,1,100
266161,1,100
266358,1,100
266467,1,100
266587,1,100
266601,1,100
266620,1,100
266701,1,100
266762,1,100
266911,1,100
267030,1,100
267273,1,100
267348,1,100
267388,1,100
267404,1,100
267433,1,100
267486,1,100
267495,1,100
267612,1,100
268128,1,100
268318,1,100
268385,1,100
268612,1,100
268628,1,100
268651,1,100
268731,1,100
268740,1,100
268882,1,100
269184,1,100
269373,1,100
269373,1,100
269620,1,100
269777,1,100
269884,1,100
270066,1,100
270069,1,100
270092,1,100
270149,1,100
270678,1,100
270857,1,100
271007,1,100
271044,1,100
271087,1,100
271178,1,100
271201,1,100
271400,1,100
271764,1,100
272077,1,100
272085,1,100
272408,1,100
272616,1,100
273106,1,100
273491,1,100
273883,1,100
273895,1,100
273972,1,100
273977,1,100
274010,1,100
274094,1,100
274416,1,100
274504,1,100
274687,1,100
275039,1,100
275193,1,100
275207,1,100
275409,1,100
275701,1,100
275928,1,100
276132,1,100
276170,1,100
276179,1,100
276197,1,100
276301,1,100
276324,1,100
276416,1,100
277373,1,100
277408,1,100
277663,1,100
277787,1,100
278905,1,100
279332,1,100
279386,1,100
279593,1,100
279761,1,100
280747,1,100
280822,1,100
280894,1,100
281032,1,100
281042,1,100
281074,1,100
281112,1,100
281442,1,100
282078,1,100
282247,1,100
282408,1,100
282467,1,100
282901,1,100
283099,1,100
283104,1,100
283146,1,100
283275,1,100
283376,1,100
283518,1,100
283530,1,100
283562,1,100
283762,1,100
283771,1,100
283906,1,100
283962,1,100
284014,1,100
284022,1,100
284038,1,100
284124,1,100
284130,1,100
284188,1,100
284226,1,100
284593,1,100
284896,1,100
284962,1,100
285034,1,100
285133,1,100
285173,1,100
285192,1,100
285286,1,100
285289,1,100
285646,1,100
285741,1,100
286834,1,100
286968,1,100
287193,1,100
287296,1,100
287368,1,100
287554,1,100
287691,1,100
287701,1,100
287890,1,100
288228,1,100
288251,1,100
288296,1,100
288349,1,100
288585,1,100
288888,1,100
288979,1,100
289053,1,100
289073,1,100
289350,1,100
289551,1,100
289607,1,100
290102,1,100
290303,1,100
291282,1,100
291572,1,100
291720,1,100
