213,1,300
275,1,300
395,1,300
440,1,300
464,1,300
637,1,300
667,1,300
1221,1,300
1316,1,300
1613,1,300
1634,1,300
1663,1,300
1867,1,300
2019,1,300
2112,1,300
2287,1,300
2306,1,300
2355,1,300
2797,1,300
2829,1,300
2915,1,300
3233,1,300
3274,1,300
3674,1,300
3685,1,300
3707,1,300
4028,1,300
4258,1,300
4319,1,300
4354,1,300
4482,1,300
4633,1,300
4881,1,300
5070,1,300
5209,1,300
5216,1,300
5241,1,300
5249,1,300
5287,1,300
5406,1,300
5592,1,300
5916,1,300
6157,1,300
6224,1,300
6331,1,300
6705,1,300
6723,1,300
6731,1,300
6954,1,300
7490,1,300
7496,1,300
7666,1,300
8017,1,300
8018,1,300
8072,1,300
8086,1,300
8159,1,300
8471,1,300
8687,1,300
8875,1,300
9289,1,300
9293,1,300
9363,1,300
9368,1,300
9503,1,300
9568,1,300
9578,1,300
9729,1,300
9765,1,300
9801,1,300
10148,1,300
10206,1,300
10313,1,300
10352,1,300
10484,1,300
10516,1,300
10866,1,300
11100,1,300
11333,1,300
11542,1,300
11634,1,300
11675,1,300
11785,1,300
12199,1,300
12217,1,300
12289,1,300
12336,1,300
12349,1,300
12368,1,300
12556,1,300
12585,1,300
13108,1,300
13344,1,300
13389,1,300
13404,1,300
13528,1,300
13671,1,300
13688,1,300
14151,1,300
14694,1,300
15088,1,300
15088,1,300
15089,1,300
15126,1,300
15147,1,300
15166,1,300
15182,1,300
15219,1,300
15225,1,300
15639,1,300
15767,1,300
15916,1,300
16216,1,300
16520,1,300
16670,1,300
16676,1,300
16747,1,300
16765,1,300
16766,1,300
17082,1,300
17430,1,300
17502,1,300
17765,1,300
17809,1,300
17876,1,300
18042,1,300
18300,1,300
18435,1,300
18700,1,300
18741,1,300
18898,1,300
18980,1,300
19001,1,300
19176,1,300
19431,1,300
19666,1,300
19697,1,300
19815,1,300
19888,1,300
19891,1,300
20195,1,300
20219,1,300
20251,1,300
20588,1,300
20594,1,300
20926,1,300
21011,1,300
21016,1,300
21048,1,300
21050,1,300
21077,1,300
21132,1,300
21187,1,300
21317,1,300
22015,1,300
22155,1,300
22192,1,300
22420,1,300
22578,1,300
22619,1,300
22628,1,300
23100,1,300
23527,1,300
23628,1,300
23650,1,300
23735,1,300
23830,1,300
23949,1,300
24026,1,300
24656,1,300
24656,1,300
24720,1,300
24813,1,300
24894,1,300
24918,1,300
25187,1,300
25246,1,300
25464,1,300
25746,1,300
25848,1,300
26032,1,300
26037,1,300
26119,1,300
26854,1,300
27222,1,300
27238,1,300
27358,1,300
27572,1,300
27575,1,300
27650,1,300
27744,1,300
27762,1,300
27906,1,300
28020,1,300
28237,1,300
28265,1,300
28268,1,300
28271,1,300
28293,1,300
28395,1,300
28419,1,300
28676,1,300
28859,1,300
29046,1,300
29513,1,300
29778,1,300
29787,1,300
29945,1,300
29977,1,300
30105,1,300
30238,1,300
30364,1,300
30895,1,300
31051,1,300
31125,1,300
31135,1,300
31161,1,300
31248,1,300
31263,1,300
31270,1,300
31888,1,300
31926,1,300
31979,1,300
32086,1,300
32662,1,300
32668,1,300
32740,1,300
32825,1,300
32937,1,300
32978,1,300
33050,1,300
33111,1,300
33395,1,300
33463,1,300
33616,1,300
33643,1,300
33680,1,300
33740,1,300
34020,1,300
34124,1,300
34170,1,300
34270,1,300
34446,1,300
34496,1,300
34620,1,300
35006,1,300
35215,1,300
35547,1,300
35924,1,300
36001,1,300
36023,1,300
36215,1,300
36338,1,300
36361,1,300
36554,1,300
36743,1,300
37033,1,300
37112,1,300
37115,1,300
37215,1,300
37391,1,300
37412,1,300
37526,1,300
37698,1,300
37753,1,300
37873,1,300
38082,1,300
38241,1,300
38262,1,300
39078,1,300
39079,1,300
39160,1,300
39188,1,300
39211,1,300
39280,1,300
39348,1,300
39415,1,300
39455,1,300
39573,1,300
39624,1,300
40018,1,300
40140,1,300
40199,1,300
40288,1,300
40461,1,300
40488,1,300
40953,1,300
41095,1,300
41241,1,300
41294,1,300
41460,1,300
41562,1,300
41692,1,300
41732,1,300
42155,1,300
42259,1,300
42316,1,300
42435,1,300
42438,1,300
42469,1,300
42540,1,300
43438,1,300
43482,1,300
43646,1,300
43703,1,300
44069,1,300
44177,1,300
44266,1,300
44304,1,300
44373,1,300
44461,1,300
44465,1,300
44522,1,300
44623,1,300
44822,1,300
45120,1,300
45237,1,300
45565,1,300
45688,1,300
45965,1,300
46008,1,300
46034,1,300
46039,1,300
46061,1,300
46207,1,300
46209,1,300
46213,1,300
46288,1,300
46316,1,300
47002,1,300
47052,1,300
47057,1,300
47074,1,300
47132,1,300
47135,1,300
47137,1,300
47154,1,300
47163,1,300
47172,1,300
47183,1,300
47193,1,300
47199,1,300
47218,1,300
47220,1,300
47221,1,300
47243,1,300
47307,1,300
47355,1,300
47357,1,300
47397,1,300
47428,1,300
47443,1,300
47445,1,300
47455,1,300
47480,1,300
47488,1,300
47531,1,300
47591,1,300
47591,1,300
47595,1,300
47606,1,300
47626,1,300
47635,1,300
47641,1,300
47677,1,300
47699,1,300
47705,1,300
47775,1,300
47804,1,300
47805,1,300
47833,1,300
47853,1,300
47867,1,300
47900,1,300
47929,1,300
47956,1,300
48026,1,300
48034,1,300
48043,1,300
48054,1,300
48097,1,300
48151,1,300
48167,1,300
48204,1,300
48204,1,300
48252,1,300
48255,1,300
48258,1,300
48289,1,300
48293,1,300
48309,1,300
48325,1,300
48327,1,300
48329,1,300
48360,1,300
48397,1,300
48434,1,300
48487,1,300
48503,1,300
48537,1,300
48559,1,300
48564,1,300
48572,1,300
48590,1,300
48611,1,300
48663,1,300
48675,1,300
48683,1,300
48684,1,300
48708,1,300
48712,1,300
48718,1,300
48720,1,300
48733,1,300
48739,1,300
48752,1,300
48757,1,300
48772,1,300
48781,1,300
48791,1,300
48805,1,300
48805,1,300
48808,1,300
48823,1,300
49005,1,300
49017,1,300
49083,1,300
49102,1,300
49145,1,300
49171,1,300
49178,1,300
49206,1,300
49222,1,300
49261,1,300
49269,1,300
49345,1,300
49371,1,300
49381,1,300
49398,1,300
49406,1,300
49411,1,300
49425,1,300
49442,1,300
49452,1,300
49474,1,300
49485,1,300
49543,1,300
49545,1,300
49609,1,300
49642,1,300
49651,1,300
49659,1,300
49670,1,300
49707,1,300
49768,1,300
49774,1,300
49812,1,300
49858,1,300
49863,1,300
49875,1,300
49876,1,300
49915,1,300
49955,1,300
49976,1,300
50002,1,300
50003,1,300
50017,1,300
50026,1,300
50030,1,300
50041,1,300
50052,1,300
50056,1,300
50063,1,300
50070,1,300
50071,1,300
50072,1,300
50086,1,300
50087,1,300
50094,1,300
50110,1,300
50129,1,300
50136,1,300
50149,1,300
50155,1,300
50166,1,300
50207,1,300
50211,1,300
50217,1,300
50220,1,300
50231,1,300
50286,1,300
50288,1,300
50304,1,300
50305,1,300
50313,1,300
50319,1,300
50328,1,300
50335,1,300
50353,1,300
50446,1,300
50447,1,300
50475,1,300
50556,1,300
50574,1,300
50657,1,300
50671,1,300
50699,1,300
50709,1,300
50741,1,300
50761,1,300
50778,1,300
50795,1,300
50819,1,300
50820,1,300
50832,1,300
50842,1,300
50871,1,300
50900,1,300
50904,1,300
50917,1,300
50962,1,300
51005,1,300
51026,1,300
51027,1,300
51065,1,300
51075,1,300
51105,1,300
51127,1,300
51151,1,300
51171,1,300
51210,1,300
51213,1,300
51223,1,300
51230,1,300
51247,1,300
51277,1,300
51328,1,300
51331,1,300
51331,1,300
51334,1,300
51340,1,300
51342,1,300
51346,1,300
51358,1,300
51358,1,300
51362,1,300
51376,1,300
51382,1,300
51384,1,300
51403,1,300
51422,1,300
51431,1,300
51488,1,300
51494,1,300
51524,1,300
51542,1,300
51544,1,300
51548,1,300
51557,1,300
51568,1,300
51587,1,300
51644,1,300
51654,1,300
51659,1,300
51665,1,300
51730,1,300
51791,1,300
51793,1,300
51879,1,300
51881,1,300
52021,1,300
52041,1,300
52051,1,300
52066,1,300
52067,1,300
52084,1,300
52095,1,300
52110,1,300
52141,1,300
52146,1,300
52211,1,300
52242,1,300
52297,1,300
52300,1,300
52330,1,300
52355,1,300
52372,1,300
52405,1,300
52420,1,300
52448,1,300
52448,1,300
52486,1,300
52504,1,300
52509,1,300
52558,1,300
52559,1,300
52563,1,300
52574,1,300
52614,1,300
52642,1,300
52659,1,300
52678,1,300
52688,1,300
52764,1,300
52768,1,300
52787,1,300
52811,1,300
52820,1,300
52826,1,300
52827,1,300
52835,1,300
52859,1,300
52917,1,300
52950,1,300
52975,1,300
52982,1,300
53012,1,300
53024,1,300
53033,1,300
53036,1,300
53037,1,300
53058,1,300
53060,1,300
53067,1,300
53086,1,300
53130,1,300
53131,1,300
53141,1,300
53191,1,300
53222,1,300
53239,1,300
53259,1,300
53286,1,300
53293,1,300
53401,1,300
53418,1,300
53492,1,300
53494,1,300
53516,1,300
53536,1,300
53573,1,300
53579,1,300
53587,1,300
53609,1,300
53635,1,300
53642,1,300
53661,1,300
53688,1,300
53697,1,300
53700,1,300
53749,1,300
53791,1,300
53805,1,300
53852,1,300
53882,1,300
53901,1,300
53941,1,300
53985,1,300
53986,1,300
53987,1,300
53994,1,300
54015,1,300
54021,1,300
54032,1,300
54036,1,300
54042,1,300
54044,1,300
54047,1,300
54058,1,300
54079,1,300
54100,1,300
54100,1,300
54120,1,300
54135,1,300
54150,1,300
54183,1,300
54184,1,300
54214,1,300
54223,1,300
54224,1,300
54238,1,300
54270,1,300
54277,1,300
54282,1,300
54290,1,300
54292,1,300
54301,1,300
54315,1,300
54339,1,300
54347,1,300
54372,1,300
54394,1,300
54402,1,300
54403,1,300
54421,1,300
54453,1,300
54457,1,300
54467,1,300
54468,1,300
54492,1,300
54517,1,300
54532,1,300
54552,1,300
54576,1,300
54588,1,300
54615,1,300
54623,1,300
54630,1,300
54631,1,300
54633,1,300
54634,1,300
54699,1,300
54704,1,300
55006,1,300
55037,1,300
55067,1,300
55098,1,300
55111,1,300
55129,1,300
55132,1,300
55140,1,300
55146,1,300
55164,1,300
55185,1,300
55204,1,300
55228,1,300
55232,1,300
55257,1,300
55265,1,300
55302,1,300
55305,1,300
55306,1,300
55355,1,300
55384,1,300
55397,1,300
55405,1,300
55409,1,300
55460,1,300
55490,1,300
55496,1,300
55524,1,300
55538,1,300
55556,1,300
55560,1,300
55563,1,300
55563,1,300
55570,1,300
55603,1,300
55615,1,300
55620,1,300
55629,1,300
55669,1,300
55715,1,300
55800,1,300
55847,1,300
55854,1,300
55866,1,300
55878,1,300
55884,1,300
55906,1,300
55972,1,300
56004,1,300
56023,1,300
56036,1,300
56041,1,300
56063,1,300
56067,1,300
56099,1,300
56105,1,300
56127,1,300
56137,1,300
56190,1,300
56193,1,300
56235,1,300
56238,1,300
56239,1,300
56243,1,300
56261,1,300
56278,1,300
56309,1,300
56319,1,300
56333,1,300
56369,1,300
56401,1,300
56414,1,300
56417,1,300
56421,1,300
56462,1,300
56480,1,300
56485,1,300
56496,1,300
56498,1,300
56526,1,300
56535,1,300
56547,1,300
56596,1,300
56616,1,300
56632,1,300
56643,1,300
56645,1,300
56679,1,300
56690,1,300
56717,1,300
56727,1,300
56744,1,300
56748,1,300
56757,1,300
56782,1,300
56818,1,300
57039,1,300
57040,1,300
57053,1,300
57068,1,300
57079,1,300
57111,1,300
57132,1,300
57138,1,300
57144,1,300
57167,1,300
57171,1,300
57199,1,300
57204,1,300
57239,1,300
57252,1,300
57255,1,300
57257,1,300
57261,1,300
57301,1,300
57302,1,300
57337,1,300
57339,1,300
57340,1,300
57345,1,300
57382,1,300
57390,1,300
57452,1,300
57455,1,300
57491,1,300
57503,1,300
57526,1,300
57532,1,300
57551,1,300
57557,1,300
57570,1,300
57596,1,300
57638,1,300
57642,1,300
57649,1,300
57651,1,300
57651,1,300
57697,1,300
57704,1,300
57705,1,300
57709,1,300
57712,1,300
57735,1,300
57785,1,300
57841,1,300
57846,1,300
58023,1,300
58039,1,300
58066,1,300
58069,1,300
58080,1,300
58139,1,300
58156,1,300
58181,1,300
58187,1,300
58191,1,300
58221,1,300
58255,1,300
58310,1,300
58332,1,300
58343,1,300
58349,1,300
58356,1,300
58361,1,300
58371,1,300
58406,1,300
58407,1,300
58407,1,300
58418,1,300
58423,1,300
58440,1,300
58483,1,300
58502,1,300
58557,1,300
58614,1,300
58649,1,300
58722,1,300
58734,1,300
58747,1,300
58754,1,300
58769,1,300
58788,1,300
58789,1,300
58846,1,300
58876,1,300
58889,1,300
58949,1,300
58985,1,300
59015,1,300
59028,1,300
59028,1,300
59029,1,300
59033,1,300
59040,1,300
59049,1,300
59054,1,300
59065,1,300
59089,1,300
59093,1,300
59096,1,300
59096,1,300
59108,1,300
59115,1,300
59140,1,300
59155,1,300
59164,1,300
59165,1,300
59186,1,300
59230,1,300
59256,1,300
59276,1,300
59277,1,300
59284,1,300
59348,1,300
59356,1,300
59357,1,300
59363,1,300
59363,1,300
59431,1,300
59443,1,300
59479,1,300
59500,1,300
59584,1,300
59596,1,300
59596,1,300
59600,1,300
59635,1,300
59640,1,300
59642,1,300
59675,1,300
59719,1,300
59724,1,300
59786,1,300
59794,1,300
59823,1,300
59835,1,300
59912,1,300
59918,1,300
59920,1,300
59924,1,300
59956,1,300
59958,1,300
60069,1,300
60092,1,300
60100,1,300
60103,1,300
60114,1,300
60127,1,300
60138,1,300
60144,1,300
60161,1,300
60175,1,300
60180,1,300
60191,1,300
60213,1,300
60216,1,300
60219,1,300
60240,1,300
60304,1,300
60336,1,300
60347,1,300
60375,1,300
60376,1,300
60406,1,300
60410,1,300
60419,1,300
60435,1,300
60445,1,300
60559,1,300
60561,1,300
60585,1,300
60594,1,300
60601,1,300
60622,1,300
60688,1,300
60691,1,300
60734,1,300
60752,1,300
60756,1,300
60791,1,300
60813,1,300
60860,1,300
60909,1,300
60916,1,300
60922,1,300
60926,1,300
60944,1,300
60971,1,300
60977,1,300
60993,1,300
60995,1,300
61006,1,300
61016,1,300
61102,1,300
61132,1,300
61136,1,300
61140,1,300
61192,1,300
61203,1,300
61223,1,300
61341,1,300
61344,1,300
61376,1,300
61379,1,300
61396,1,300
61396,1,300
61430,1,300
61453,1,300
61460,1,300
61462,1,300
61464,1,300
61469,1,300
61489,1,300
61502,1,300
61527,1,300
61538,1,300
61546,1,300
61574,1,300
61585,1,300
61599,1,300
61665,1,300
61683,1,300
61683,1,300
61716,1,300
61733,1,300
61736,1,300
61751,1,300
61756,1,300
61760,1,300
61785,1,300
61810,1,300
61847,1,300
61858,1,300
61859,1,300
61897,1,300
61902,1,300
61917,1,300
61920,1,300
61958,1,300
62039,1,300
62061,1,300
62064,1,300
62069,1,300
62074,1,300
62092,1,300
62117,1,300
62124,1,300
62136,1,300
62158,1,300
62170,1,300
62178,1,300
62271,1,300
62320,1,300
62328,1,300
62336,1,300
62352,1,300
62356,1,300
62379,1,300
62379,1,300
62380,1,300
62389,1,300
62397,1,300
62428,1,300
62472,1,300
62505,1,300
62512,1,300
62546,1,300
62627,1,300
62629,1,300
62637,1,300
62680,1,300
62686,1,300
62709,1,300
62722,1,300
62744,1,300
62806,1,300
62807,1,300
62819,1,300
62824,1,300
62853,1,300
62884,1,300
62923,1,300
62925,1,300
62936,1,300
62940,1,300
62998,1,300
63000,1,300
63006,1,300
63022,1,300
63083,1,300
63123,1,300
63138,1,300
63158,1,300
63160,1,300
63186,1,300
63196,1,300
63198,1,300
63205,1,300
63228,1,300
63245,1,300
63250,1,300
63278,1,300
63298,1,300
63303,1,300
63304,1,300
63305,1,300
63345,1,300
63349,1,300
63397,1,300
63405,1,300
63412,1,300
63426,1,300
63427,1,300
63433,1,300
63435,1,300
63440,1,300
63480,1,300
63497,1,300
63500,1,300
63522,1,300
63534,1,300
63596,1,300
63614,1,300
63615,1,300
63619,1,300
63635,1,300
63639,1,300
63644,1,300
63650,1,300
63722,1,300
63737,1,300
63739,1,300
63745,1,300
63747,1,300
63775,1,300
64010,1,300
64061,1,300
64069,1,300
64084,1,300
64100,1,300
64130,1,300
64192,1,300
64236,1,300
64262,1,300
64273,1,300
64279,1,300
64285,1,300
64289,1,300
64329,1,300
64361,1,300
64397,1,300
64400,1,300
64411,1,300
64428,1,300
64434,1,300
64440,1,300
64448,1,300
64454,1,300
64464,1,300
64464,1,300
64471,1,300
64515,1,300
64518,1,300
64553,1,300
64580,1,300
64586,1,300
64595,1,300
64647,1,300
64660,1,300
64676,1,300
64682,1,300
64726,1,300
64746,1,300
64772,1,300
64773,1,300
64778,1,300
64789,1,300
64789,1,300
64834,1,300
64835,1,300
64866,1,300
64882,1,300
64983,1,300
65018,1,300
65019,1,300
65054,1,300
65095,1,300
65107,1,300
65115,1,300
65128,1,300
65189,1,300
65226,1,300
65227,1,300
65258,1,300
65263,1,300
65270,1,300
65273,1,300
65291,1,300
65301,1,300
65317,1,300
65323,1,300
65365,1,300
65372,1,300
65395,1,300
65408,1,300
65425,1,300
65430,1,300
65531,1,300
65553,1,300
65556,1,300
65615,1,300
65621,1,300
65641,1,300
65674,1,300
65676,1,300
65691,1,300
65697,1,300
65721,1,300
65738,1,300
65758,1,300
65766,1,300
65769,1,300
65771,1,300
65790,1,300
65843,1,300
65859,1,300
65871,1,300
65872,1,300
65877,1,300
65900,1,300
65916,1,300
66069,1,300
66079,1,300
66104,1,300
66125,1,300
66126,1,300
66128,1,300
66162,1,300
66169,1,300
66202,1,300
66213,1,300
66248,1,300
66271,1,300
66317,1,300
66376,1,300
66420,1,300
66445,1,300
66464,1,300
66480,1,300
66497,1,300
66508,1,300
66538,1,300
66548,1,300
66567,1,300
66568,1,300
66577,1,300
66608,1,300
66611,1,300
66698,1,300
66706,1,300
66763,1,300
66774,1,300
66774,1,300
66786,1,300
66788,1,300
66808,1,300
66841,1,300
66841,1,300
66867,1,300
66886,1,300
66890,1,300
66891,1,300
66908,1,300
66911,1,300
66922,1,300
66944,1,300
66964,1,300
66980,1,300
66982,1,300
66993,1,300
67036,1,300
67057,1,300
67131,1,300
67172,1,300
67173,1,300
67236,1,300
67255,1,300
67274,1,300
67281,1,300
67310,1,300
67329,1,300
67356,1,300
67398,1,300
67480,1,300
67484,1,300
67570,1,300
67571,1,300
67647,1,300
67648,1,300
67648,1,300
67660,1,300
67671,1,300
67674,1,300
67686,1,300
67686,1,300
67738,1,300
67769,1,300
67771,1,300
67782,1,300
67784,1,300
67795,1,300
67816,1,300
67818,1,300
67829,1,300
67829,1,300
67846,1,300
67861,1,300
67863,1,300
67895,1,300
67912,1,300
67928,1,300
67938,1,300
67970,1,300
68027,1,300
68027,1,300
68032,1,300
68046,1,300
68052,1,300
68073,1,300
68082,1,300
68087,1,300
68097,1,300
68104,1,300
68113,1,300
68115,1,300
68125,1,300
68135,1,300
68141,1,300
68154,1,300
68166,1,300
68176,1,300
68187,1,300
68196,1,300
68209,1,300
68221,1,300
68224,1,300
68238,1,300
68267,1,300
68270,1,300
68273,1,300
68346,1,300
68367,1,300
68369,1,300
68371,1,300
68383,1,300
68416,1,300
68432,1,300
68570,1,300
68571,1,300
68583,1,300
68590,1,300
68604,1,300
68607,1,300
68628,1,300
68642,1,300
68674,1,300
68690,1,300
68720,1,300
68730,1,300
68760,1,300
68770,1,300
68798,1,300
68805,1,300
68830,1,300
68834,1,300
68834,1,300
68834,1,300
68836,1,300
69037,1,300
69041,1,300
69041,1,300
69049,1,300
69060,1,300
69097,1,300
69103,1,300
69141,1,300
69156,1,300
69158,1,300
69191,1,300
69213,1,300
69234,1,300
69244,1,300
69282,1,300
69287,1,300
69331,1,300
69400,1,300
69485,1,300
69500,1,300
69516,1,300
69522,1,300
69531,1,300
69576,1,300
69584,1,300
69610,1,300
69691,1,300
69719,1,300
69720,1,300
69722,1,300
69724,1,300
69737,1,300
69741,1,300
69767,1,300
69773,1,300
69785,1,300
69786,1,300
69793,1,300
69798,1,300
69803,1,300
69823,1,300
69831,1,300
69832,1,300
69834,1,300
69841,1,300
69884,1,300
69910,1,300
69910,1,300
70047,1,300
70091,1,300
70094,1,300
70095,1,300
70179,1,300
70189,1,300
70192,1,300
70200,1,300
70212,1,300
70222,1,300
70269,1,300
70284,1,300
70305,1,300
70341,1,300
70349,1,300
70358,1,300
70371,1,300
70386,1,300
70399,1,300
70403,1,300
70426,1,300
70473,1,300
70479,1,300
70493,1,300
70497,1,300
70508,1,300
70512,1,300
70515,1,300
70527,1,300
70544,1,300
70551,1,300
70554,1,300
70590,1,300
70595,1,300
70600,1,300
70617,1,300
70627,1,300
70632,1,300
70646,1,300
70691,1,300
70702,1,300
70712,1,300
70726,1,300
70771,1,300
70796,1,300
70816,1,300
70819,1,300
70834,1,300
70843,1,300
71033,1,300
71038,1,300
71042,1,300
71045,1,300
71051,1,300
71061,1,300
71079,1,300
71123,1,300
71126,1,300
71175,1,300
71177,1,300
71205,1,300
71211,1,300
71243,1,300
71277,1,300
71346,1,300
71368,1,300
71370,1,300
71371,1,300
71415,1,300
71419,1,300
71446,1,300
71457,1,300
71502,1,300
71503,1,300
71532,1,300
71549,1,300
71552,1,300
71562,1,300
71569,1,300
71574,1,300
71583,1,300
71600,1,300
71611,1,300
71619,1,300
71628,1,300
71648,1,300
71676,1,300
71743,1,300
71756,1,300
71772,1,300
71800,1,300
71808,1,300
71812,1,300
71829,1,300
71839,1,300
71861,1,300
71866,1,300
71875,1,300
72023,1,300
72035,1,300
72073,1,300
72086,1,300
72086,1,300
72149,1,300
72152,1,300
72152,1,300
72177,1,300
72240,1,300
72247,1,300
72275,1,300
72287,1,300
72301,1,300
72309,1,300
72333,1,300
72384,1,300
72399,1,300
72412,1,300
72443,1,300
72450,1,300
72464,1,300
72515,1,300
72529,1,300
72563,1,300
72616,1,300
72659,1,300
72666,1,300
72693,1,300
72701,1,300
72705,1,300
72709,1,300
72757,1,300
72757,1,300
72763,1,300
72831,1,300
72846,1,300
72852,1,300
72857,1,300
72859,1,300
72866,1,300
72912,1,300
72926,1,300
72935,1,300
72953,1,300
72955,1,300
72962,1,300
73006,1,300
73008,1,300
73009,1,300
73009,1,300
73011,1,300
73022,1,300
73046,1,300
73048,1,300
73059,1,300
73060,1,300
73067,1,300
73123,1,300
73146,1,300
73182,1,300
73188,1,300
73198,1,300
73220,1,300
73221,1,300
73282,1,300
73294,1,300
73302,1,300
73305,1,300
73309,1,300
73352,1,300
73355,1,300
73410,1,300
73494,1,300
73500,1,300
73518,1,300
73532,1,300
73590,1,300
73602,1,300
73615,1,300
73626,1,300
73635,1,300
73673,1,300
73697,1,300
73700,1,300
73751,1,300
73753,1,300
73854,1,300
73854,1,300
73877,1,300
73904,1,300
73919,1,300
73936,1,300
73936,1,300
73979,1,300
73983,1,300
74007,1,300
74013,1,300
74055,1,300
74063,1,300
74066,1,300
74082,1,300
74108,1,300
74145,1,300
74264,1,300
74280,1,300
74298,1,300
74387,1,300
74414,1,300
74454,1,300
74455,1,300
74458,1,300
74484,1,300
74493,1,300
74497,1,300
74558,1,300
74558,1,300
74570,1,300
74590,1,300
74607,1,300
74618,1,300
74637,1,300
74653,1,300
74686,1,300
74729,1,300
74750,1,300
74759,1,300
74760,1,300
74782,1,300
74832,1,300
74834,1,300
74850,1,300
74859,1,300
74868,1,300
74911,1,300
74924,1,300
74967,1,300
74995,1,300
75007,1,300
75017,1,300
75039,1,300
75042,1,300
75049,1,300
75054,1,300
75060,1,300
75064,1,300
75073,1,300
75080,1,300
75081,1,300
75093,1,300
75103,1,300
75126,1,300
75127,1,300
75145,1,300
75155,1,300
75162,1,300
75178,1,300
75229,1,300
75255,1,300
75270,1,300
75293,1,300
75345,1,300
75382,1,300
75390,1,300
75425,1,300
75463,1,300
75486,1,300
75518,1,300
75529,1,300
75568,1,300
75573,1,300
75580,1,300
75580,1,300
75598,1,300
75618,1,300
75624,1,300
75630,1,300
75691,1,300
75711,1,300
75719,1,300
75729,1,300
75751,1,300
75769,1,300
75771,1,300
75789,1,300
75845,1,300
75883,1,300
75933,1,300
76014,1,300
76024,1,300
76027,1,300
76031,1,300
76039,1,300
76059,1,300
76060,1,300
76061,1,300
76082,1,300
76108,1,300
76129,1,300
76147,1,300
76149,1,300
76171,1,300
76196,1,300
76225,1,300
76229,1,300
76232,1,300
76241,1,300
76310,1,300
76373,1,300
76392,1,300
76436,1,300
76437,1,300
76447,1,300
76453,1,300
76477,1,300
76495,1,300
76518,1,300
76536,1,300
76552,1,300
76645,1,300
76700,1,300
76715,1,300
76744,1,300
76812,1,300
76883,1,300
76910,1,300
76918,1,300
76949,1,300
76959,1,300
76979,1,300
77010,1,300
77014,1,300
77033,1,300
77067,1,300
77069,1,300
77079,1,300
77086,1,300
77088,1,300
77105,1,300
77132,1,300
77134,1,300
77135,1,300
77136,1,300
77136,1,300
77139,1,300
77152,1,300
77156,1,300
77157,1,300
77163,1,300
77172,1,300
77186,1,300
77187,1,300
77211,1,300
77212,1,300
77220,1,300
77265,1,300
77284,1,300
77298,1,300
77318,1,300
77332,1,300
77356,1,300
77373,1,300
77380,1,300
77383,1,300
77388,1,300
77392,1,300
77416,1,300
77418,1,300
77420,1,300
77428,1,300
77436,1,300
77449,1,300
77459,1,300
77467,1,300
77468,1,300
77488,1,300
77495,1,300
77526,1,300
77528,1,300
77571,1,300
77623,1,300
77664,1,300
77666,1,300
77692,1,300
77711,1,300
77777,1,300
77808,1,300
78001,1,300
78004,1,300
78009,1,300
78023,1,300
78029,1,300
78034,1,300
78083,1,300
78096,1,300
78105,1,300
78132,1,300
78157,1,300
78162,1,300
78165,1,300
78181,1,300
78234,1,300
78299,1,300
78300,1,300
78304,1,300
78312,1,300
78321,1,300
78379,1,300
78431,1,300
78439,1,300
78441,1,300
78450,1,300
78456,1,300
78492,1,300
78531,1,300
78542,1,300
78547,1,300
78562,1,300
78570,1,300
78578,1,300
78578,1,300
78655,1,300
78660,1,300
78663,1,300
78687,1,300
78698,1,300
78699,1,300
78732,1,300
78735,1,300
78741,1,300
78759,1,300
78780,1,300
78787,1,300
78830,1,300
78832,1,300
78835,1,300
79035,1,300
79035,1,300
79048,1,300
79056,1,300
79058,1,300
79101,1,300
79102,1,300
79106,1,300
79136,1,300
79277,1,300
79347,1,300
79352,1,300
79358,1,300
79398,1,300
79406,1,300
79418,1,300
79432,1,300
79434,1,300
79438,1,300
79446,1,300
79504,1,300
79536,1,300
79580,1,300
79593,1,300
79675,1,300
79684,1,300
79696,1,300
79726,1,300
79736,1,300
79764,1,300
79773,1,300
79795,1,300
79928,1,300
79984,1,300
79989,1,300
80003,1,300
80008,1,300
80020,1,300
80034,1,300
80040,1,300
80041,1,300
80046,1,300
80048,1,300
80059,1,300
80069,1,300
80071,1,300
80071,1,300
80074,1,300
80081,1,300
80085,1,300
80088,1,300
80098,1,300
80113,1,300
80118,1,300
80123,1,300
80128,1,300
80149,1,300
80166,1,300
80167,1,300
80178,1,300
80180,1,300
80184,1,300
80192,1,300
80198,1,300
80202,1,300
80204,1,300
80205,1,300
80216,1,300
80216,1,300
80221,1,300
80224,1,300
80231,1,300
80271,1,300
80295,1,300
80354,1,300
80372,1,300
80421,1,300
80429,1,300
80457,1,300
80492,1,300
80513,1,300
80550,1,300
80579,1,300
80609,1,300
80612,1,300
80642,1,300
80662,1,300
80666,1,300
80685,1,300
80711,1,300
80715,1,300
80766,1,300
80789,1,300
80842,1,300
80859,1,300
80880,1,300
81002,1,300
81029,1,300
81031,1,300
81042,1,300
81084,1,300
81125,1,300
81138,1,300
81139,1,300
81183,1,300
81213,1,300
81227,1,300
81249,1,300
81273,1,300
81304,1,300
81354,1,300
81362,1,300
81391,1,300
81393,1,300
81415,1,300
81445,1,300
81510,1,300
81525,1,300
81559,1,300
81590,1,300
81669,1,300
81685,1,300
81694,1,300
81695,1,300
81706,1,300
81753,1,300
81758,1,300
81808,1,300
81808,1,300
81809,1,300
81825,1,300
81844,1,300
81846,1,300
81849,1,300
81892,1,300
81925,1,300
81935,1,300
81943,1,300
81944,1,300
81958,1,300
81978,1,300
81983,1,300
82004,1,300
82011,1,300
82014,1,300
82014,1,300
82025,1,300
82038,1,300
82052,1,300
82054,1,300
82056,1,300
82058,1,300
82096,1,300
82166,1,300
82249,1,300
82277,1,300
82284,1,300
82316,1,300
82369,1,300
82380,1,300
82439,1,300
82449,1,300
82456,1,300
82479,1,300
82502,1,300
82561,1,300
82568,1,300
82591,1,300
82596,1,300
82600,1,300
82613,1,300
82634,1,300
82645,1,300
82653,1,300
82686,1,300
82689,1,300
82740,1,300
82763,1,300
82763,1,300
82768,1,300
82796,1,300
82812,1,300
82841,1,300
82881,1,300
82935,1,300
83017,1,300
83054,1,300
83071,1,300
83088,1,300
83099,1,300
83104,1,300
83124,1,300
83157,1,300
83175,1,300
83229,1,300
83231,1,300
83239,1,300
83241,1,300
83247,1,300
83262,1,300
83264,1,300
83269,1,300
83297,1,300
83347,1,300
83355,1,300
83358,1,300
83372,1,300
83394,1,300
83413,1,300
83420,1,300
83459,1,300
83490,1,300
83584,1,300
83586,1,300
83606,1,300
83638,1,300
83683,1,300
83695,1,300
83711,1,300
83721,1,300
83727,1,300
83731,1,300
83795,1,300
83811,1,300
83820,1,300
83898,1,300
83914,1,300
83916,1,300
83924,1,300
83925,1,300
83962,1,300
83988,1,300
84001,1,300
84024,1,300
84025,1,300
84027,1,300
84027,1,300
84028,1,300
84048,1,300
84068,1,300
84079,1,300
84093,1,300
84119,1,300
84133,1,300
84135,1,300
84147,1,300
84202,1,300
84221,1,300
84227,1,300
84231,1,300
84242,1,300
84284,1,300
84284,1,300
84284,1,300
84298,1,300
84301,1,300
84382,1,300
84410,1,300
84421,1,300
84437,1,300
84518,1,300
84535,1,300
84537,1,300
84575,1,300
84603,1,300
84625,1,300
84641,1,300
84645,1,300
84650,1,300
84656,1,300
84703,1,300
84762,1,300
84803,1,300
84806,1,300
84818,1,300
84865,1,300
84866,1,300
84872,1,300
84881,1,300
84884,1,300
84908,1,300
84915,1,300
84932,1,300
84936,1,300
84966,1,300
85000,1,300
85003,1,300
85014,1,300
85032,1,300
85039,1,300
85045,1,300
85050,1,300
85078,1,300
85100,1,300
85106,1,300
85174,1,300
85181,1,300
85206,1,300
85219,1,300
85226,1,300
85230,1,300
85252,1,300
85253,1,300
85292,1,300
85310,1,300
85312,1,300
85316,1,300
85334,1,300
85335,1,300
85368,1,300
85370,1,300
85372,1,300
85422,1,300
85467,1,300
85482,1,300
85559,1,300
85570,1,300
85578,1,300
85654,1,300
85670,1,300
85692,1,300
85705,1,300
85738,1,300
85740,1,300
85748,1,300
85771,1,300
85774,1,300
85776,1,300
85812,1,300
85857,1,300
85859,1,300
85870,1,300
85890,1,300
85893,1,300
85950,1,300
86061,1,300
86066,1,300
86068,1,300
86074,1,300
86101,1,300
86122,1,300
86149,1,300
86155,1,300
86177,1,300
86200,1,300
86221,1,300
86239,1,300
86255,1,300
86317,1,300
86332,1,300
86368,1,300
86384,1,300
86391,1,300
86406,1,300
86469,1,300
86476,1,300
86553,1,300
86588,1,300
86600,1,300
86623,1,300
86624,1,300
86650,1,300
86673,1,300
86725,1,300
86766,1,300
86787,1,300
86796,1,300
86840,1,300
86842,1,300
86842,1,300
86844,1,300
86852,1,300
86860,1,300
86862,1,300
86895,1,300
86944,1,300
86948,1,300
86999,1,300
87004,1,300
87011,1,300
87017,1,300
87026,1,300
87039,1,300
87045,1,300
87056,1,300
87067,1,300
87070,1,300
87095,1,300
87125,1,300
87157,1,300
87206,1,300
87253,1,300
87266,1,300
87278,1,300
87290,1,300
87296,1,300
87316,1,300
87357,1,300
87372,1,300
87385,1,300
87394,1,300
87396,1,300
87400,1,300
87416,1,300
87456,1,300
87471,1,300
87480,1,300
87509,1,300
87515,1,300
87528,1,300
87583,1,300
87608,1,300
87616,1,300
87624,1,300
87626,1,300
87669,1,300
87684,1,300
87765,1,300
87775,1,300
87787,1,300
87802,1,300
87807,1,300
87810,1,300
87882,1,300
87885,1,300
87892,1,300
87918,1,300
87939,1,300
87953,1,300
87973,1,300
87990,1,300
88010,1,300
88014,1,300
88054,1,300
88078,1,300
88135,1,300
88151,1,300
88155,1,300
88162,1,300
88163,1,300
88173,1,300
88179,1,300
88218,1,300
88221,1,300
88230,1,300
88235,1,300
88254,1,300
88317,1,300
88321,1,300
88332,1,300
88338,1,300
88365,1,300
88403,1,300
88420,1,300
88443,1,300
88465,1,300
88494,1,300
88524,1,300
88533,1,300
88534,1,300
88539,1,300
88587,1,300
88591,1,300
88609,1,300
88613,1,300
88623,1,300
88649,1,300
88651,1,300
88662,1,300
88687,1,300
88690,1,300
88692,1,300
88703,1,300
88722,1,300
88744,1,300
88750,1,300
88776,1,300
88777,1,300
88800,1,300
89007,1,300
89020,1,300
89063,1,300
89067,1,300
89083,1,300
89108,1,300
89125,1,300
89192,1,300
89254,1,300
89302,1,300
89344,1,300
89380,1,300
89441,1,300
89467,1,300
89514,1,300
89551,1,300
89581,1,300
89583,1,300
89586,1,300
89625,1,300
89631,1,300
89636,1,300
89636,1,300
89645,1,300
89654,1,300
89658,1,300
89682,1,300
89716,1,300
89722,1,300
89725,1,300
89739,1,300
89741,1,300
89785,1,300
89815,1,300
89819,1,300
89823,1,300
89843,1,300
89846,1,300
89854,1,300
89901,1,300
89911,1,300
89924,1,300
89941,1,300
89960,1,300
89980,1,300
89983,1,300
89993,1,300
90004,1,300
90031,1,300
90140,1,300
90165,1,300
90179,1,300
90214,1,300
90247,1,300
90269,1,300
90276,1,300
90283,1,300
90368,1,300
90418,1,300
90487,1,300
90497,1,300
90507,1,300
90540,1,300
90554,1,300
90559,1,300
90570,1,300
90570,1,300
90609,1,300
90614,1,300
90624,1,300
90695,1,300
90724,1,300
90733,1,300
90741,1,300
90742,1,300
90746,1,300
90779,1,300
90810,1,300
90875,1,300
90925,1,300
90931,1,300
90935,1,300
90939,1,300
90971,1,300
90994,1,300
91012,1,300
91016,1,300
91019,1,300
91020,1,300
91032,1,300
91044,1,300
91051,1,300
91054,1,300
91067,1,300
91073,1,300
91079,1,300
91089,1,300
91110,1,300
91112,1,300
91114,1,300
91148,1,300
91148,1,300
91164,1,300
91173,1,300
91175,1,300
91178,1,300
91205,1,300
91228,1,300
91256,1,300
91258,1,300
91287,1,300
91296,1,300
91361,1,300
91405,1,300
91410,1,300
91455,1,300
91458,1,300
91476,1,300
91477,1,300
91478,1,300
91508,1,300
91537,1,300
91555,1,300
91586,1,300
91591,1,300
91612,1,300
91615,1,300
91632,1,300
91649,1,300
91650,1,300
91664,1,300
91684,1,300
91725,1,300
91731,1,300
91759,1,300
91782,1,300
91838,1,300
91858,1,300
91862,1,300
91868,1,300
91877,1,300
92014,1,300
92049,1,300
92071,1,300
92073,1,300
92082,1,300
92112,1,300
92174,1,300
92179,1,300
92182,1,300
92189,1,300
92214,1,300
92219,1,300
92236,1,300
92248,1,300
92273,1,300
92280,1,300
92286,1,300
92296,1,300
92330,1,300
92373,1,300
92400,1,300
92408,1,300
92420,1,300
92436,1,300
92489,1,300
92502,1,300
92524,1,300
92554,1,300
92595,1,300
92609,1,300
92621,1,300
92670,1,300
92717,1,300
92719,1,300
92739,1,300
92797,1,300
92833,1,300
92839,1,300
92852,1,300
92856,1,300
92880,1,300
92924,1,300
92937,1,300
92947,1,300
92956,1,300
92996,1,300
93022,1,300
93048,1,300
93058,1,300
93070,1,300
93079,1,300
93088,1,300
93090,1,300
93102,1,300
93115,1,300
93135,1,300
93188,1,300
93192,1,300
93223,1,300
93242,1,300
93278,1,300
93283,1,300
93352,1,300
93361,1,300
93367,1,300
93424,1,300
93463,1,300
93486,1,300
93519,1,300
93542,1,300
93555,1,300
93580,1,300
93592,1,300
93595,1,300
93610,1,300
93626,1,300
93637,1,300
93661,1,300
93684,1,300
93716,1,300
93737,1,300
93748,1,300
93760,1,300
93776,1,300
93819,1,300
93843,1,300
93859,1,300
93862,1,300
93881,1,300
93900,1,300
93937,1,300
93972,1,300
93992,1,300
94031,1,300
94055,1,300
94072,1,300
94358,1,300
94636,1,300
94729,1,300
94750,1,300
94752,1,300
94821,1,300
94838,1,300
95378,1,300
95412,1,300
95727,1,300
95934,1,300
96043,1,300
96074,1,300
96113,1,300
96191,1,300
96250,1,300
96473,1,300
96613,1,300
96653,1,300
96861,1,300
97064,1,300
97067,1,300
97102,1,300
97180,1,300
97240,1,300
97338,1,300
97377,1,300
97425,1,300
98241,1,300
98509,1,300
98767,1,300
98832,1,300
98891,1,300
99042,1,300
99118,1,300
99132,1,300
99303,1,300
99362,1,300
99616,1,300
99624,1,300
99919,1,300
100011,1,300
100029,1,300
100168,1,300
100195,1,300
100293,1,300
100553,1,300
100792,1,300
101061,1,300
101124,1,300
101161,1,300
101223,1,300
101243,1,300
101276,1,300
101387,1,300
101498,1,300
102099,1,300
102104,1,300
102226,1,300
102230,1,300
102307,1,300
102336,1,300
102803,1,300
103246,1,300
103278,1,300
103363,1,300
103410,1,300
103451,1,300
103758,1,300
104141,1,300
104300,1,300
104317,1,300
104389,1,300
104473,1,300
104503,1,300
104634,1,300
105028,1,300
105198,1,300
105264,1,300
105303,1,300
105324,1,300
105411,1,300
105744,1,300
106022,1,300
106053,1,300
106131,1,300
106154,1,300
106199,1,300
106297,1,300
106376,1,300
106402,1,300
107076,1,300
107596,1,300
107665,1,300
107815,1,300
107815,1,300
108070,1,300
108177,1,300
108290,1,300
108373,1,300
108401,1,300
108423,1,300
108488,1,300
108760,1,300
108808,1,300
109457,1,300
109594,1,300
109640,1,300
109776,1,300
110034,1,300
110077,1,300
110121,1,300
110222,1,300
110260,1,300
110415,1,300
110419,1,300
110512,1,300
110589,1,300
110595,1,300
111042,1,300
111446,1,300
112082,1,300
112170,1,300
112199,1,300
112228,1,300
112230,1,300
112251,1,300
112261,1,300
112320,1,300
112427,1,300
112497,1,300
112613,1,300
112761,1,300
113058,1,300
113170,1,300
113171,1,300
113250,1,300
114026,1,300
114088,1,300
114235,1,300
114289,1,300
114379,1,300
114447,1,300
114601,1,300
114784,1,300
114955,1,300
115013,1,300
115028,1,300
115168,1,300
115292,1,300
115445,1,300
115518,1,300
116244,1,300
116375,1,300
116428,1,300
116431,1,300
116522,1,300
116533,1,300
116709,1,300
116838,1,300
116900,1,300
117083,1,300
117350,1,300
117670,1,300
118022,1,300
118114,1,300
118161,1,300
118408,1,300
118519,1,300
118520,1,300
118590,1,300
118918,1,300
118925,1,300
118945,1,300
119284,1,300
119331,1,300
119485,1,300
119607,1,300
119779,1,300
119996,1,300
120030,1,300
120085,1,300
120085,1,300
120162,1,300
120197,1,300
120222,1,300
120241,1,300
120249,1,300
120541,1,300
121003,1,300
121180,1,300
121236,1,300
121250,1,300
121258,1,300
121370,1,300
121398,1,300
122179,1,300
122272,1,300
122725,1,300
123039,1,300
123073,1,300
123098,1,300
123157,1,300
123170,1,300
123284,1,300
123333,1,300
123675,1,300
123757,1,300
123932,1,300
124113,1,300
124134,1,300
124341,1,300
124461,1,300
124845,1,300
125013,1,300
125042,1,300
125110,1,300
125117,1,300
125395,1,300
125462,1,300
125647,1,300
125750,1,300
125821,1,300
125937,1,300
126139,1,300
126221,1,300
126239,1,300
126258,1,300
126336,1,300
126467,1,300
126598,1,300
127282,1,300
127487,1,300
127491,1,300
127532,1,300
127956,1,300
127997,1,300
128004,1,300
128049,1,300
128200,1,300
128231,1,300
128353,1,300
128573,1,300
128615,1,300
128733,1,300
129229,1,300
129849,1,300
130005,1,300
130043,1,300
130075,1,300
130091,1,300
130141,1,300
130316,1,300
130319,1,300
130340,1,300
130394,1,300
130416,1,300
130714,1,300
130740,1,300
131076,1,300
131120,1,300
131138,1,300
131269,1,300
131282,1,300
131485,1,300
131633,1,300
132083,1,300
132202,1,300
132344,1,300
132567,1,300
132606,1,300
132760,1,300
132983,1,300
133551,1,300
133716,1,300
133804,1,300
133897,1,300
134062,1,300
134105,1,300
134125,1,300
134131,1,300
134196,1,300
134235,1,300
134324,1,300
134471,1,300
134506,1,300
134515,1,300
135193,1,300
135323,1,300
135330,1,300
135407,1,300
135541,1,300
135727,1,300
135816,1,300
136034,1,300
136147,1,300
136153,1,300
136329,1,300
136660,1,300
136718,1,300
136771,1,300
137008,1,300
137086,1,300
137196,1,300
138002,1,300
138034,1,300
138136,1,300
138179,1,300
138217,1,300
138238,1,300
138366,1,300
138411,1,300
138532,1,300
138801,1,300
138880,1,300
139062,1,300
139266,1,300
139281,1,300
139441,1,300
139469,1,300
139853,1,300
140030,1,300
140223,1,300
140265,1,300
140480,1,300
140542,1,300
140633,1,300
140938,1,300
140980,1,300
141036,1,300
141060,1,300
141102,1,300
141103,1,300
141105,1,300
141126,1,300
141126,1,300
141129,1,300
141136,1,300
141155,1,300
141168,1,300
141171,1,300
141182,1,300
141283,1,300
141299,1,300
141384,1,300
141390,1,300
141425,1,300
141445,1,300
141446,1,300
141458,1,300
141460,1,300
141526,1,300
141535,1,300
141538,1,300
141544,1,300
141584,1,300
141597,1,300
141633,1,300
141640,1,300
141643,1,300
141684,1,300
141691,1,300
141699,1,300
141703,1,300
141708,1,300
141709,1,300
141748,1,300
141780,1,300
141790,1,300
141802,1,300
141831,1,300
141856,1,300
141875,1,300
141881,1,300
141920,1,300
141953,1,300
142019,1,300
142094,1,300
142104,1,300
142134,1,300
142166,1,300
142177,1,300
142194,1,300
142235,1,300
142239,1,300
142252,1,300
142265,1,300
142298,1,300
142332,1,300
142375,1,300
142418,1,300
142472,1,300
142507,1,300
142519,1,300
142534,1,300
142540,1,300
142541,1,300
142545,1,300
142571,1,300
142591,1,300
142621,1,300
142677,1,300
142772,1,300
142796,1,300
142801,1,300
142871,1,300
142894,1,300
142895,1,300
142910,1,300
142915,1,300
143014,1,300
143026,1,300
143032,1,300
143037,1,300
143040,1,300
143043,1,300
143046,1,300
143053,1,300
143055,1,300
143060,1,300
143069,1,300
143074,1,300
143085,1,300
143085,1,300
143086,1,300
143095,1,300
143106,1,300
143108,1,300
143109,1,300
143114,1,300
143129,1,300
143139,1,300
143139,1,300
143146,1,300
143172,1,300
143200,1,300
143202,1,300
143214,1,300
143221,1,300
143222,1,300
143238,1,300
143274,1,300
143322,1,300
143356,1,300
143358,1,300
143362,1,300
143387,1,300
143402,1,300
143427,1,300
143438,1,300
143461,1,300
143484,1,300
143485,1,300
143486,1,300
143496,1,300
143502,1,300
143505,1,300
143530,1,300
143532,1,300
143586,1,300
143607,1,300
143608,1,300
143695,1,300
143732,1,300
143747,1,300
143784,1,300
143797,1,300
143799,1,300
143799,1,300
143811,1,300
143819,1,300
143834,1,300
143836,1,300
143863,1,300
143885,1,300
144066,1,300
144071,1,300
144072,1,300
144075,1,300
144142,1,300
144147,1,300
144149,1,300
144164,1,300
144208,1,300
144290,1,300
144332,1,300
144378,1,300
144385,1,300
144385,1,300
144441,1,300
144456,1,300
144480,1,300
144480,1,300
144493,1,300
144517,1,300
144529,1,300
144570,1,300
144659,1,300
144686,1,300
144696,1,300
144726,1,300
144801,1,300
144811,1,300
144822,1,300
144825,1,300
144883,1,300
144914,1,300
144927,1,300
145003,1,300
145013,1,300
145042,1,300
145044,1,300
145044,1,300
145048,1,300
145048,1,300
145093,1,300
145102,1,300
145114,1,300
145125,1,300
145129,1,300
145130,1,300
145145,1,300
145145,1,300
145149,1,300
145152,1,300
145153,1,300
145155,1,300
145159,1,300
145202,1,300
145211,1,300
145233,1,300
145250,1,300
145257,1,300
145268,1,300
145270,1,300
145274,1,300
145303,1,300
145363,1,300
145378,1,300
145379,1,300
145380,1,300
145421,1,300
145457,1,300
145463,1,300
145528,1,300
145530,1,300
145536,1,300
145539,1,300
145562,1,300
145579,1,300
145593,1,300
145600,1,300
145601,1,300
145634,1,300
145692,1,300
145694,1,300
145702,1,300
145797,1,300
145810,1,300
145824,1,300
145838,1,300
145839,1,300
145871,1,300
145934,1,300
145960,1,300
145961,1,300
146003,1,300
146004,1,300
146011,1,300
146028,1,300
146037,1,300
146070,1,300
146102,1,300
146115,1,300
146130,1,300
146146,1,300
146183,1,300
146202,1,300
146228,1,300
146238,1,300
146248,1,300
146259,1,300
146304,1,300
146331,1,300
146376,1,300
146447,1,300
146476,1,300
146481,1,300
146487,1,300
146501,1,300
146510,1,300
146515,1,300
146533,1,300
146554,1,300
146563,1,300
146563,1,300
146581,1,300
146605,1,300
146627,1,300
146652,1,300
146677,1,300
146680,1,300
146683,1,300
146693,1,300
146701,1,300
146713,1,300
146718,1,300
146730,1,300
146783,1,300
146811,1,300
146812,1,300
146845,1,300
146867,1,300
146868,1,300
146910,1,300
146939,1,300
146964,1,300
147022,1,300
147033,1,300
147055,1,300
147060,1,300
147067,1,300
147090,1,300
147092,1,300
147098,1,300
147121,1,300
147127,1,300
147140,1,300
147147,1,300
147148,1,300
147151,1,300
147188,1,300
147195,1,300
147196,1,300
147233,1,300
147272,1,300
147301,1,300
147323,1,300
147328,1,300
147376,1,300
147376,1,300
147408,1,300
147424,1,300
147436,1,300
147438,1,300
147453,1,300
147461,1,300
147477,1,300
147485,1,300
147502,1,300
147533,1,300
147558,1,300
147594,1,300
147602,1,300
147631,1,300
147633,1,300
147634,1,300
147689,1,300
147695,1,300
147700,1,300
147730,1,300
147731,1,300
147733,1,300
147736,1,300
147762,1,300
148106,1,300
148118,1,300
148145,1,300
148149,1,300
148154,1,300
148165,1,300
148182,1,300
148186,1,300
148187,1,300
148276,1,300
148277,1,300
148351,1,300
148385,1,300
148390,1,300
148419,1,300
148467,1,300
148471,1,300
148473,1,300
148500,1,300
148507,1,300
148510,1,300
148519,1,300
148534,1,300
148563,1,300
148596,1,300
148604,1,300
148609,1,300
148623,1,300
148656,1,300
148675,1,300
148694,1,300
148747,1,300
148761,1,300
148761,1,300
148771,1,300
148772,1,300
148782,1,300
148802,1,300
148805,1,300
148814,1,300
148821,1,300
148829,1,300
148835,1,300
148841,1,300
148919,1,300
148922,1,300
148932,1,300
148932,1,300
148938,1,300
149024,1,300
149035,1,300
149124,1,300
149128,1,300
149128,1,300
149157,1,300
149193,1,300
149217,1,300
149232,1,300
149236,1,300
149274,1,300
149285,1,300
149310,1,300
149317,1,300
149349,1,300
149354,1,300
149358,1,300
149399,1,300
149481,1,300
149496,1,300
149504,1,300
149509,1,300
149511,1,300
149515,1,300
149531,1,300
149544,1,300
149546,1,300
149571,1,300
149577,1,300
149609,1,300
149636,1,300
149643,1,300
149643,1,300
149644,1,300
149650,1,300
149685,1,300
149692,1,300
149702,1,300
149726,1,300
149802,1,300
149821,1,300
149871,1,300
149878,1,300
149887,1,300
149889,1,300
149932,1,300
149938,1,300
149945,1,300
149949,1,300
150023,1,300
150063,1,300
150082,1,300
150099,1,300
150109,1,300
150134,1,300
150149,1,300
150155,1,300
150162,1,300
150188,1,300
150213,1,300
150239,1,300
150320,1,300
150321,1,300
150383,1,300
150401,1,300
150440,1,300
150445,1,300
150465,1,300
150481,1,300
150508,1,300
150520,1,300
150604,1,300
150604,1,300
150686,1,300
150691,1,300
150692,1,300
150692,1,300
150715,1,300
150754,1,300
150808,1,300
150819,1,300
150880,1,300
150882,1,300
150895,1,300
150923,1,300
150929,1,300
150930,1,300
150944,1,300
150965,1,300
151000,1,300
151008,1,300
151019,1,300
151042,1,300
151049,1,300
151061,1,300
151064,1,300
151066,1,300
151073,1,300
151073,1,300
151086,1,300
151099,1,300
151110,1,300
151127,1,300
151132,1,300
151132,1,300
151139,1,300
151142,1,300
151184,1,300
151192,1,300
151195,1,300
151201,1,300
151220,1,300
151234,1,300
151238,1,300
151268,1,300
151270,1,300
151314,1,300
151362,1,300
151369,1,300
151374,1,300
151402,1,300
151405,1,300
151406,1,300
151419,1,300
151436,1,300
151504,1,300
151589,1,300
151616,1,300
151665,1,300
151688,1,300
151709,1,300
151718,1,300
151734,1,300
151751,1,300
151786,1,300
151803,1,300
151805,1,300
151807,1,300
151808,1,300
151826,1,300
151837,1,300
151850,1,300
151850,1,300
151874,1,300
151974,1,300
152031,1,300
152148,1,300
152178,1,300
152184,1,300
152200,1,300
152218,1,300
152253,1,300
152268,1,300
152275,1,300
152276,1,300
152279,1,300
152323,1,300
152427,1,300
152435,1,300
152510,1,300
152528,1,300
152574,1,300
152645,1,300
152735,1,300
152737,1,300
152747,1,300
152759,1,300
152763,1,300
152776,1,300
152796,1,300
152802,1,300
152816,1,300
152836,1,300
152952,1,300
152954,1,300
152966,1,300
153012,1,300
153036,1,300
153087,1,300
153091,1,300
153107,1,300
153109,1,300
153113,1,300
153118,1,300
153118,1,300
153126,1,300
153146,1,300
153157,1,300
153171,1,300
153178,1,300
153188,1,300
153189,1,300
153195,1,300
153198,1,300
153198,1,300
153209,1,300
153217,1,300
153252,1,300
153261,1,300
153262,1,300
153280,1,300
153293,1,300
153294,1,300
153304,1,300
153311,1,300
153334,1,300
153334,1,300
153364,1,300
153377,1,300
153408,1,300
153440,1,300
153455,1,300
153459,1,300
153459,1,300
153491,1,300
153495,1,300
153502,1,300
153632,1,300
153642,1,300
153663,1,300
153684,1,300
153698,1,300
153704,1,300
153752,1,300
153765,1,300
153769,1,300
153791,1,300
153795,1,300
153807,1,300
153825,1,300
153827,1,300
153835,1,300
153844,1,300
153902,1,300
153965,1,300
153970,1,300
153970,1,300
153975,1,300
154008,1,300
154019,1,300
154022,1,300
154023,1,300
154027,1,300
154048,1,300
154074,1,300
154094,1,300
154112,1,300
154116,1,300
154120,1,300
154122,1,300
154125,1,300
154153,1,300
154166,1,300
154213,1,300
154231,1,300
154277,1,300
154324,1,300
154340,1,300
154364,1,300
154371,1,300
154376,1,300
154393,1,300
154405,1,300
154459,1,300
154479,1,300
154490,1,300
154501,1,300
154510,1,300
154511,1,300
154514,1,300
154535,1,300
154626,1,300
154629,1,300
154648,1,300
154649,1,300
154690,1,300
154699,1,300
154708,1,300
154727,1,300
154828,1,300
154878,1,300
154908,1,300
154925,1,300
154927,1,300
154928,1,300
154955,1,300
154979,1,300
154986,1,300
155021,1,300
155031,1,300
155043,1,300
155044,1,300
155063,1,300
155181,1,300
155196,1,300
155203,1,300
155212,1,300
155267,1,300
155275,1,300
155308,1,300
155357,1,300
155408,1,300
155436,1,300
155503,1,300
155530,1,300
155561,1,300
155571,1,300
155582,1,300
155598,1,300
155621,1,300
155633,1,300
155691,1,300
155693,1,300
155734,1,300
155830,1,300
155830,1,300
155836,1,300
155867,1,300
155879,1,300
155883,1,300
155921,1,300
155931,1,300
156003,1,300
156006,1,300
156025,1,300
156026,1,300
156029,1,300
156033,1,300
156047,1,300
156053,1,300
156079,1,300
156097,1,300
156100,1,300
156127,1,300
156146,1,300
156186,1,300
156188,1,300
156194,1,300
156208,1,300
156213,1,300
156224,1,300
156240,1,300
156242,1,300
156250,1,300
156253,1,300
156255,1,300
156256,1,300
156264,1,300
156278,1,300
156295,1,300
156308,1,300
156309,1,300
156342,1,300
156361,1,300
156412,1,300
156419,1,300
156444,1,300
156475,1,300
156476,1,300
156612,1,300
156613,1,300
156678,1,300
156684,1,300
156730,1,300
156760,1,300
156765,1,300
156773,1,300
156782,1,300
156792,1,300
156805,1,300
156822,1,300
156880,1,300
156922,1,300
156923,1,300
156930,1,300
156932,1,300
156963,1,300
156968,1,300
156970,1,300
156998,1,300
156998,1,300
157003,1,300
157012,1,300
157014,1,300
157032,1,300
157042,1,300
157064,1,300
157074,1,300
157086,1,300
157090,1,300
157094,1,300
157100,1,300
157136,1,300
157149,1,300
157162,1,300
157203,1,300
157248,1,300
157273,1,300
157296,1,300
157296,1,300
157299,1,300
157309,1,300
157347,1,300
157368,1,300
157375,1,300
157388,1,300
157438,1,300
157448,1,300
157450,1,300
157457,1,300
157475,1,300
157490,1,300
157494,1,300
157501,1,300
157545,1,300
157563,1,300
157583,1,300
157597,1,300
157623,1,300
157632,1,300
157686,1,300
157694,1,300
157707,1,300
157722,1,300
157767,1,300
157775,1,300
157812,1,300
157819,1,300
157819,1,300
157820,1,300
157840,1,300
157843,1,300
157905,1,300
158005,1,300
158051,1,300
158075,1,300
158103,1,300
158115,1,300
158154,1,300
158162,1,300
158176,1,300
158177,1,300
158220,1,300
158232,1,300
158245,1,300
158249,1,300
158276,1,300
158284,1,300
158303,1,300
158379,1,300
158382,1,300
158428,1,300
158446,1,300
158472,1,300
158493,1,300
158507,1,300
158595,1,300
158620,1,300
158642,1,300
158644,1,300
158662,1,300
158669,1,300
158674,1,300
158675,1,300
158685,1,300
158698,1,300
158716,1,300
158731,1,300
158736,1,300
158744,1,300
158746,1,300
158754,1,300
158757,1,300
158784,1,300
158803,1,300
158846,1,300
158847,1,300
158879,1,300
158882,1,300
158882,1,300
158897,1,300
158971,1,300
159015,1,300
159035,1,300
159055,1,300
159069,1,300
159071,1,300
159076,1,300
159084,1,300
159089,1,300
159108,1,300
159111,1,300
159117,1,300
159160,1,300
159167,1,300
159187,1,300
159190,1,300
159207,1,300
159213,1,300
159231,1,300
159242,1,300
159246,1,300
159273,1,300
159278,1,300
159291,1,300
159307,1,300
159345,1,300
159379,1,300
159429,1,300
159430,1,300
159451,1,300
159495,1,300
159499,1,300
159540,1,300
159601,1,300
159610,1,300
159616,1,300
159626,1,300
159654,1,300
159677,1,300
159690,1,300
159722,1,300
159731,1,300
159767,1,300
159770,1,300
159784,1,300
159785,1,300
159867,1,300
159890,1,300
159923,1,300
160046,1,300
160063,1,300
160073,1,300
160117,1,300
160180,1,300
160181,1,300
160189,1,300
160228,1,300
160279,1,300
160292,1,300
160299,1,300
160308,1,300
160329,1,300
160331,1,300
160347,1,300
160355,1,300
160379,1,300
160379,1,300
160436,1,300
160461,1,300
160472,1,300
160516,1,300
160517,1,300
160530,1,300
160607,1,300
160626,1,300
160627,1,300
160629,1,300
160643,1,300
160666,1,300
160667,1,300
160725,1,300
160737,1,300
160798,1,300
160801,1,300
160849,1,300
160866,1,300
160879,1,300
160894,1,300
160908,1,300
160910,1,300
160916,1,300
160916,1,300
160933,1,300
161003,1,300
161010,1,300
161046,1,300
161050,1,300
161056,1,300
161062,1,300
161072,1,300
161098,1,300
161109,1,300
161117,1,300
161122,1,300
161150,1,300
161227,1,300
161236,1,300
161271,1,300
161351,1,300
161373,1,300
161381,1,300
161393,1,300
161454,1,300
161480,1,300
161497,1,300
161499,1,300
161500,1,300
161515,1,300
161521,1,300
161527,1,300
161688,1,300
161692,1,300
161745,1,300
161772,1,300
161796,1,300
161804,1,300
161810,1,300
161815,1,300
161824,1,300
161824,1,300
161877,1,300
161877,1,300
161900,1,300
161910,1,300
161927,1,300
161936,1,300
161939,1,300
161946,1,300
161948,1,300
161987,1,300
162017,1,300
162022,1,300
162043,1,300
162060,1,300
162087,1,300
162116,1,300
162117,1,300
162135,1,300
162175,1,300
162175,1,300
162206,1,300
162221,1,300
162225,1,300
162225,1,300
162245,1,300
162250,1,300
162271,1,300
162277,1,300
162283,1,300
162298,1,300
162300,1,300
162310,1,300
162327,1,300
162334,1,300
162335,1,300
162341,1,300
162353,1,300
162371,1,300
162417,1,300
162459,1,300
162471,1,300
162516,1,300
162525,1,300
162539,1,300
162542,1,300
162562,1,300
162591,1,300
162609,1,300
162610,1,300
162621,1,300
162667,1,300
162675,1,300
162696,1,300
162728,1,300
162736,1,300
162762,1,300
162773,1,300
162777,1,300
162790,1,300
162830,1,300
162866,1,300
162869,1,300
163015,1,300
163019,1,300
163022,1,300
163032,1,300
163032,1,300
163074,1,300
163084,1,300
163134,1,300
163139,1,300
163171,1,300
163178,1,300
163184,1,300
163274,1,300
163279,1,300
163318,1,300
163325,1,300
163341,1,300
163347,1,300
163391,1,300
163407,1,300
163434,1,300
163465,1,300
163478,1,300
163478,1,300
163507,1,300
163525,1,300
163535,1,300
163551,1,300
163565,1,300
163616,1,300
163654,1,300
163718,1,300
163724,1,300
163735,1,300
163776,1,300
163808,1,300
163838,1,300
163851,1,300
163864,1,300
163876,1,300
163898,1,300
163902,1,300
163915,1,300
163917,1,300
163954,1,300
163969,1,300
163982,1,300
164002,1,300
164078,1,300
164081,1,300
164090,1,300
164132,1,300
164186,1,300
164206,1,300
164220,1,300
164258,1,300
164273,1,300
164296,1,300
164315,1,300
164326,1,300
164335,1,300
164346,1,300
164372,1,300
164396,1,300
164459,1,300
164467,1,300
164472,1,300
164484,1,300
164532,1,300
164571,1,300
164600,1,300
164620,1,300
164624,1,300
164631,1,300
164647,1,300
164649,1,300
164690,1,300
164714,1,300
164755,1,300
164760,1,300
164765,1,300
164789,1,300
164796,1,300
164800,1,300
164806,1,300
164824,1,300
164845,1,300
164847,1,300
164886,1,300
164890,1,300
164906,1,300
164908,1,300
164917,1,300
164931,1,300
164963,1,300
164964,1,300
165005,1,300
165015,1,300
165046,1,300
165058,1,300
165077,1,300
165082,1,300
165084,1,300
165103,1,300
165110,1,300
165167,1,300
165200,1,300
165203,1,300
165217,1,300
165263,1,300
165267,1,300
165327,1,300
165341,1,300
165341,1,300
165367,1,300
165373,1,300
165415,1,300
165465,1,300
165479,1,300
165492,1,300
165549,1,300
165551,1,300
165601,1,300
165608,1,300
165614,1,300
165693,1,300
165693,1,300
165720,1,300
165763,1,300
165786,1,300
165793,1,300
165828,1,300
165841,1,300
166002,1,300
166011,1,300
166023,1,300
166026,1,300
166041,1,300
166043,1,300
166045,1,300
166073,1,300
166080,1,300
166104,1,300
166105,1,300
166106,1,300
166106,1,300
166129,1,300
166140,1,300
166160,1,300
166190,1,300
166191,1,300
166211,1,300
166219,1,300
166235,1,300
166248,1,300
166273,1,300
166285,1,300
166285,1,300
166312,1,300
166314,1,300
166316,1,300
166318,1,300
166345,1,300
166361,1,300
166373,1,300
166381,1,300
166412,1,300
166430,1,300
166469,1,300
166474,1,300
166483,1,300
166492,1,300
166529,1,300
166533,1,300
166598,1,300
166602,1,300
166605,1,300
166608,1,300
166708,1,300
166779,1,300
166792,1,300
166809,1,300
166816,1,300
166829,1,300
166840,1,300
166870,1,300
166936,1,300
166942,1,300
166964,1,300
166991,1,300
167000,1,300
167015,1,300
167022,1,300
167045,1,300
167074,1,300
167101,1,300
167126,1,300
167186,1,300
167191,1,300
167203,1,300
167217,1,300
167218,1,300
167222,1,300
167225,1,300
167243,1,300
167262,1,300
167288,1,300
167323,1,300
167327,1,300
167334,1,300
167344,1,300
167379,1,300
167385,1,300
167409,1,300
167454,1,300
167455,1,300
167456,1,300
167474,1,300
167483,1,300
167508,1,300
167510,1,300
167527,1,300
167531,1,300
167536,1,300
167568,1,300
167576,1,300
167594,1,300
167638,1,300
167691,1,300
167700,1,300
167726,1,300
167757,1,300
167775,1,300
167779,1,300
167847,1,300
167848,1,300
167879,1,300
167880,1,300
167883,1,300
167904,1,300
167930,1,300
167957,1,300
167964,1,300
168010,1,300
168018,1,300
168084,1,300
168100,1,300
168115,1,300
168128,1,300
168169,1,300
168186,1,300
168187,1,300
168190,1,300
168198,1,300
168203,1,300
168205,1,300
168230,1,300
168278,1,300
168332,1,300
168417,1,300
168430,1,300
168441,1,300
168458,1,300
168493,1,300
168512,1,300
168584,1,300
168594,1,300
168677,1,300
168700,1,300
168741,1,300
168752,1,300
168793,1,300
168808,1,300
168808,1,300
168871,1,300
168915,1,300
168967,1,300
168982,1,300
169002,1,300
169016,1,300
169047,1,300
169049,1,300
169054,1,300
169054,1,300
169079,1,300
169100,1,300
169100,1,300
169123,1,300
169158,1,300
169166,1,300
169179,1,300
169188,1,300
169200,1,300
169202,1,300
169203,1,300
169219,1,300
169232,1,300
169240,1,300
169241,1,300
169304,1,300
169304,1,300
169319,1,300
169349,1,300
169410,1,300
169422,1,300
169439,1,300
169464,1,300
169482,1,300
169488,1,300
169489,1,300
169491,1,300
169502,1,300
169520,1,300
169523,1,300
169547,1,300
169581,1,300
169588,1,300
169621,1,300
169625,1,300
169632,1,300
169695,1,300
169748,1,300
169778,1,300
169808,1,300
169829,1,300
169851,1,300
169858,1,300
169876,1,300
169880,1,300
169882,1,300
169914,1,300
169926,1,300
169948,1,300
169958,1,300
169973,1,300
170002,1,300
170042,1,300
170049,1,300
170064,1,300
170069,1,300
170087,1,300
170099,1,300
170126,1,300
170136,1,300
170169,1,300
170203,1,300
170211,1,300
170215,1,300
170240,1,300
170244,1,300
170262,1,300
170297,1,300
170317,1,300
170336,1,300
170362,1,300
170384,1,300
170386,1,300
170388,1,300
170396,1,300
170440,1,300
170491,1,300
170535,1,300
170542,1,300
170544,1,300
170546,1,300
170548,1,300
170584,1,300
170590,1,300
170595,1,300
170618,1,300
170631,1,300
170647,1,300
170649,1,300
170657,1,300
170661,1,300
170678,1,300
170692,1,300
170694,1,300
170699,1,300
170710,1,300
170710,1,300
170714,1,300
170719,1,300
170756,1,300
170758,1,300
170784,1,300
170793,1,300
170801,1,300
170835,1,300
170895,1,300
171031,1,300
171049,1,300
171057,1,300
171101,1,300
171103,1,300
171148,1,300
171152,1,300
171180,1,300
171181,1,300
171209,1,300
171210,1,300
171212,1,300
171231,1,300
171259,1,300
171283,1,300
171316,1,300
171385,1,300
171385,1,300
171449,1,300
171460,1,300
171495,1,300
171498,1,300
171504,1,300
171510,1,300
171574,1,300
171581,1,300
171644,1,300
171650,1,300
171677,1,300
171699,1,300
171754,1,300
171758,1,300
171768,1,300
171777,1,300
171790,1,300
171806,1,300
171806,1,300
171884,1,300
171891,1,300
171928,1,300
171989,1,300
171994,1,300
172015,1,300
172058,1,300
172070,1,300
172085,1,300
172094,1,300
172103,1,300
172113,1,300
172113,1,300
172118,1,300
172184,1,300
172193,1,300
172221,1,300
172229,1,300
172240,1,300
172246,1,300
172290,1,300
172300,1,300
172326,1,300
172333,1,300
172340,1,300
172352,1,300
172363,1,300
172367,1,300
172376,1,300
172403,1,300
172407,1,300
172417,1,300
172420,1,300
172422,1,300
172440,1,300
172466,1,300
172477,1,300
172485,1,300
172524,1,300
172552,1,300
172576,1,300
172595,1,300
172598,1,300
172608,1,300
172628,1,300
172682,1,300
172694,1,300
172731,1,300
172732,1,300
172740,1,300
172749,1,300
172798,1,300
172805,1,300
172812,1,300
172842,1,300
172885,1,300
172901,1,300
172906,1,300
172958,1,300
172989,1,300
173000,1,300
173007,1,300
173025,1,300
173040,1,300
173069,1,300
173097,1,300
173177,1,300
173202,1,300
173226,1,300
173240,1,300
173301,1,300
173362,1,300
173394,1,300
173418,1,300
173423,1,300
173428,1,300
173457,1,300
173545,1,300
173545,1,300
173546,1,300
173564,1,300
173589,1,300
173602,1,300
173604,1,300
173612,1,300
173622,1,300
173646,1,300
173659,1,300
173659,1,300
173669,1,300
173680,1,300
173695,1,300
173698,1,300
173731,1,300
173751,1,300
173769,1,300
173770,1,300
173823,1,300
173870,1,300
173904,1,300
173947,1,300
173955,1,300
173975,1,300
173981,1,300
173986,1,300
174013,1,300
174017,1,300
174027,1,300
174045,1,300
174082,1,300
174087,1,300
174087,1,300
174099,1,300
174118,1,300
174128,1,300
174156,1,300
174165,1,300
174191,1,300
174243,1,300
174266,1,300
174273,1,300
174311,1,300
174321,1,300
174321,1,300
174341,1,300
174354,1,300
174362,1,300
174367,1,300
174382,1,300
174397,1,300
174405,1,300
174405,1,300
174424,1,300
174425,1,300
174434,1,300
174435,1,300
174482,1,300
174490,1,300
174490,1,300
174500,1,300
174503,1,300
174503,1,300
174536,1,300
174567,1,300
174584,1,300
174611,1,300
174628,1,300
174688,1,300
174740,1,300
174750,1,300
174787,1,300
174801,1,300
174812,1,300
174854,1,300
174881,1,300
174881,1,300
174885,1,300
175011,1,300
175026,1,300
175054,1,300
175058,1,300
175062,1,300
175082,1,300
175088,1,300
175099,1,300
175123,1,300
175123,1,300
175127,1,300
175159,1,300
175195,1,300
175196,1,300
175197,1,300
175199,1,300
175210,1,300
175217,1,300
175219,1,300
175231,1,300
175232,1,300
175242,1,300
175258,1,300
175267,1,300
175310,1,300
175314,1,300
175316,1,300
175410,1,300
175437,1,300
175463,1,300
175469,1,300
175473,1,300
175526,1,300
175546,1,300
175571,1,300
175592,1,300
175597,1,300
175623,1,300
175628,1,300
175645,1,300
175650,1,300
175656,1,300
175659,1,300
175683,1,300
175708,1,300
175713,1,300
175737,1,300
175775,1,300
175814,1,300
176021,1,300
176053,1,300
176087,1,300
176091,1,300
176105,1,300
176106,1,300
176112,1,300
176141,1,300
176146,1,300
176171,1,300
176195,1,300
176206,1,300
176208,1,300
176279,1,300
176308,1,300
176322,1,300
176327,1,300
176329,1,300
176377,1,300
176386,1,300
176389,1,300
176402,1,300
176436,1,300
176439,1,300
176468,1,300
176485,1,300
176498,1,300
176519,1,300
176535,1,300
176535,1,300
176600,1,300
176607,1,300
176616,1,300
176641,1,300
176691,1,300
176702,1,300
176723,1,300
176772,1,300
176813,1,300
176833,1,300
176835,1,300
176841,1,300
176855,1,300
176867,1,300
177006,1,300
177011,1,300
177025,1,300
177034,1,300
177038,1,300
177102,1,300
177108,1,300
177164,1,300
177232,1,300
177232,1,300
177269,1,300
177273,1,300
177279,1,300
177284,1,300
177290,1,300
177310,1,300
177338,1,300
177387,1,300
177389,1,300
177462,1,300
177506,1,300
177547,1,300
177583,1,300
177610,1,300
177621,1,300
177663,1,300
177685,1,300
177689,1,300
177702,1,300
177720,1,300
177730,1,300
177732,1,300
177795,1,300
177817,1,300
177838,1,300
177864,1,300
177907,1,300
177958,1,300
177965,1,300
177991,1,300
177999,1,300
178019,1,300
178033,1,300
178044,1,300
178055,1,300
178056,1,300
178057,1,300
178061,1,300
178106,1,300
178115,1,300
178121,1,300
178140,1,300
178141,1,300
178141,1,300
178142,1,300
178145,1,300
178145,1,300
178160,1,300
178165,1,300
178173,1,300
178190,1,300
178195,1,300
178251,1,300
178268,1,300
178324,1,300
178337,1,300
178347,1,300
178374,1,300
178378,1,300
178385,1,300
178412,1,300
178412,1,300
178419,1,300
178472,1,300
178487,1,300
178544,1,300
178550,1,300
178610,1,300
178622,1,300
178643,1,300
178656,1,300
178664,1,300
178693,1,300
178705,1,300
178730,1,300
178768,1,300
178769,1,300
178789,1,300
178796,1,300
178830,1,300
178840,1,300
178846,1,300
178849,1,300
178850,1,300
178864,1,300
178880,1,300
178892,1,300
178918,1,300
178925,1,300
178931,1,300
179006,1,300
179049,1,300
179058,1,300
179075,1,300
179085,1,300
179139,1,300
179142,1,300
179185,1,300
179188,1,300
179192,1,300
179196,1,300
179201,1,300
179270,1,300
179325,1,300
179368,1,300
179375,1,300
179405,1,300
179454,1,300
179462,1,300
179480,1,300
179497,1,300
179502,1,300
179526,1,300
179554,1,300
179558,1,300
179584,1,300
179622,1,300
179622,1,300
179675,1,300
179690,1,300
179706,1,300
179709,1,300
179710,1,300
179723,1,300
179759,1,300
179763,1,300
179786,1,300
179798,1,300
179801,1,300
179809,1,300
179814,1,300
179874,1,300
179884,1,300
179886,1,300
179939,1,300
179941,1,300
179977,1,300
179997,1,300
180100,1,300
180177,1,300
180186,1,300
180213,1,300
180215,1,300
180227,1,300
180231,1,300
180233,1,300
180238,1,300
180250,1,300
180269,1,300
180295,1,300
180318,1,300
180341,1,300
180348,1,300
180352,1,300
180357,1,300
180406,1,300
180408,1,300
180429,1,300
180457,1,300
180463,1,300
180488,1,300
180515,1,300
180515,1,300
180547,1,300
180567,1,300
180569,1,300
180594,1,300
180688,1,300
180691,1,300
180701,1,300
180703,1,300
180717,1,300
180785,1,300
180788,1,300
180848,1,300
180851,1,300
180864,1,300
180865,1,300
180901,1,300
180941,1,300
180957,1,300
181003,1,300
181017,1,300
181035,1,300
181039,1,300
181047,1,300
181049,1,300
181051,1,300
181057,1,300
181060,1,300
181061,1,300
181073,1,300
181092,1,300
181108,1,300
181119,1,300
181131,1,300
181154,1,300
181157,1,300
181175,1,300
181213,1,300
181216,1,300
181222,1,300
181236,1,300
181243,1,300
181261,1,300
181262,1,300
181326,1,300
181348,1,300
181405,1,300
181407,1,300
181410,1,300
181433,1,300
181433,1,300
181437,1,300
181457,1,300
181477,1,300
181482,1,300
181509,1,300
181557,1,300
181575,1,300
181601,1,300
181625,1,300
181681,1,300
181683,1,300
181725,1,300
181727,1,300
181741,1,300
181745,1,300
181821,1,300
181862,1,300
181867,1,300
181912,1,300
181956,1,300
182001,1,300
182001,1,300
182048,1,300
182068,1,300
182102,1,300
182127,1,300
182172,1,300
182173,1,300
182193,1,300
182209,1,300
182260,1,300
182272,1,300
182279,1,300
182315,1,300
182321,1,300
182325,1,300
182326,1,300
182335,1,300
182341,1,300
182359,1,300
182377,1,300
182382,1,300
182384,1,300
182433,1,300
182447,1,300
182450,1,300
182461,1,300
182465,1,300
182543,1,300
182544,1,300
182606,1,300
182607,1,300
182624,1,300
182626,1,300
182652,1,300
182663,1,300
182668,1,300
182704,1,300
182705,1,300
182710,1,300
182714,1,300
182735,1,300
182737,1,300
182746,1,300
182771,1,300
182774,1,300
182784,1,300
182786,1,300
182827,1,300
182833,1,300
182839,1,300
183024,1,300
183067,1,300
183077,1,300
183111,1,300
183138,1,300
183190,1,300
183220,1,300
183271,1,300
183293,1,300
183296,1,300
183310,1,300
183314,1,300
183319,1,300
183346,1,300
183382,1,300
183391,1,300
183400,1,300
183431,1,300
183490,1,300
183509,1,300
183550,1,300
183553,1,300
183558,1,300
183567,1,300
183574,1,300
183577,1,300
183583,1,300
183620,1,300
183625,1,300
183657,1,300
183659,1,300
183678,1,300
183685,1,300
183715,1,300
183718,1,300
183726,1,300
183731,1,300
183733,1,300
183744,1,300
183775,1,300
183780,1,300
183805,1,300
183808,1,300
183832,1,300
183833,1,300
183834,1,300
183861,1,300
183929,1,300
184015,1,300
184039,1,300
184076,1,300
184090,1,300
184098,1,300
184098,1,300
184107,1,300
184132,1,300
184139,1,300
184156,1,300
184157,1,300
184163,1,300
184165,1,300
184165,1,300
184174,1,300
184175,1,300
184231,1,300
184265,1,300
184274,1,300
184285,1,300
184293,1,300
184308,1,300
184316,1,300
184322,1,300
184368,1,300
184395,1,300
184424,1,300
184447,1,300
184456,1,300
184473,1,300
184474,1,300
184480,1,300
184509,1,300
184512,1,300
184521,1,300
184564,1,300
184566,1,300
184570,1,300
184590,1,300
184598,1,300
184627,1,300
184631,1,300
184641,1,300
184668,1,300
184672,1,300
184687,1,300
184699,1,300
184727,1,300
184772,1,300
185002,1,300
185018,1,300
185041,1,300
185105,1,300
185106,1,300
185115,1,300
185122,1,300
185151,1,300
185169,1,300
185178,1,300
185212,1,300
185232,1,300
185236,1,300
185282,1,300
185291,1,300
185293,1,300
185313,1,300
185331,1,300
185346,1,300
185359,1,300
185364,1,300
185377,1,300
185378,1,300
185393,1,300
185395,1,300
185401,1,300
185406,1,300
185423,1,300
185428,1,300
185508,1,300
185531,1,300
185541,1,300
185547,1,300
185580,1,300
185594,1,300
185645,1,300
185657,1,300
185659,1,300
185692,1,300
185701,1,300
185709,1,300
185734,1,300
185800,1,300
185806,1,300
185807,1,300
185856,1,300
185880,1,300
185890,1,300
185899,1,300
185946,1,300
186003,1,300
186034,1,300
186063,1,300
186079,1,300
186088,1,300
186091,1,300
186106,1,300
186110,1,300
186112,1,300
186120,1,300
186161,1,300
186192,1,300
186198,1,300
186210,1,300
186251,1,300
186274,1,300
186300,1,300
186345,1,300
186375,1,300
186401,1,300
186415,1,300
186422,1,300
186454,1,300
186500,1,300
186501,1,300
186507,1,300
186528,1,300
186571,1,300
186628,1,300
186631,1,300
186633,1,300
186648,1,300
186668,1,300
186690,1,300
186703,1,300
186730,1,300
186735,1,300
186743,1,300
186751,1,300
186839,1,300
186893,1,300
186912,1,300
186919,1,300
186925,1,300
186933,1,300
186942,1,300
186942,1,300
187021,1,300
187042,1,300
187044,1,300
187072,1,300
187099,1,300
187122,1,300
187132,1,300
187132,1,300
187146,1,300
187159,1,300
187164,1,300
187166,1,300
187188,1,300
187226,1,300
187269,1,300
187282,1,300
187301,1,300
187370,1,300
187415,1,300
187438,1,300
187476,1,300
187493,1,300
187494,1,300
187498,1,300
187517,1,300
187535,1,300
187543,1,300
187551,1,300
187574,1,300
187576,1,300
187580,1,300
187612,1,300
187641,1,300
187651,1,300
187656,1,300
187675,1,300
187681,1,300
187691,1,300
187720,1,300
187725,1,300
187725,1,300
187805,1,300
187865,1,300
187890,1,300
187898,1,300
187900,1,300
187903,1,300
187916,1,300
187921,1,300
187932,1,300
187990,1,300
188001,1,300
188015,1,300
188043,1,300
188055,1,300
188254,1,300
188411,1,300
188422,1,300
188807,1,300
189008,1,300
189027,1,300
189402,1,300
189647,1,300
189656,1,300
189750,1,300
189906,1,300
190093,1,300
190189,1,300
190252,1,300
190467,1,300
190698,1,300
191074,1,300
191140,1,300
191155,1,300
191192,1,300
191364,1,300
191377,1,300
191406,1,300
191454,1,300
191526,1,300
192001,1,300
192173,1,300
192505,1,300
192668,1,300
192846,1,300
193011,1,300
193011,1,300
193014,1,300
193142,1,300
193237,1,300
193250,1,300
193402,1,300
193458,1,300
193819,1,300
194170,1,300
194441,1,300
194454,1,300
194491,1,300
194588,1,300
194700,1,300
194762,1,300
195116,1,300
195143,1,300
195241,1,300
195440,1,300
195552,1,300
196004,1,300
196040,1,300
196062,1,300
196080,1,300
196179,1,300
196323,1,300
196334,1,300
196477,1,300
196598,1,300
197187,1,300
197249,1,300
197876,1,300
197954,1,300
197998,1,300
198022,1,300
198133,1,300
198535,1,300
198540,1,300
199064,1,300
199092,1,300
199204,1,300
199231,1,300
199252,1,300
199322,1,300
199442,1,300
199503,1,300
199541,1,300
199561,1,300
199968,1,300
200051,1,300
200163,1,300
200313,1,300
200338,1,300
200517,1,300
200762,1,300
201035,1,300
201100,1,300
201159,1,300
201163,1,300
201165,1,300
201201,1,300
201223,1,300
201364,1,300
201585,1,300
202234,1,300
202303,1,300
202628,1,300
202704,1,300
202722,1,300
202833,1,300
202884,1,300
203040,1,300
203345,1,300
203408,1,300
203612,1,300
203757,1,300
203929,1,300
204059,1,300
204092,1,300
204227,1,300
204277,1,300
204343,1,300
204371,1,300
204416,1,300
204812,1,300
205015,1,300
205203,1,300
205641,1,300
205705,1,300
205852,1,300
205876,1,300
206097,1,300
206126,1,300
206208,1,300
206234,1,300
206452,1,300
206538,1,300
206683,1,300
206875,1,300
207193,1,300
207329,1,300
207552,1,300
207592,1,300
207614,1,300
207831,1,300
208050,1,300
208075,1,300
208099,1,300
208151,1,300
208298,1,300
208391,1,300
208425,1,300
208751,1,300
209327,1,300
209340,1,300
209415,1,300
209448,1,300
209558,1,300
209609,1,300
209653,1,300
210031,1,300
210098,1,300
210652,1,300
211100,1,300
211126,1,300
211369,1,300
211412,1,300
211425,1,300
211597,1,300
211613,1,300
211843,1,300
211961,1,300
212137,1,300
212192,1,300
212258,1,300
212418,1,300
212457,1,300
212526,1,300
212703,1,300
212903,1,300
213007,1,300
213161,1,300
213234,1,300
213272,1,300
213295,1,300
213602,1,300
213704,1,300
213724,1,300
214153,1,300
214158,1,300
214434,1,300
214448,1,300
214512,1,300
214541,1,300
214629,1,300
215029,1,300
215220,1,300
215394,1,300
215398,1,300
215419,1,300
215479,1,300
215617,1,300
216273,1,300
216305,1,300
216319,1,300
216481,1,300
216795,1,300
216873,1,300
217008,1,300
217120,1,300
217232,1,300
217308,1,300
217310,1,300
217496,1,300
217562,1,300
217586,1,300
218114,1,300
219174,1,300
219252,1,300
219260,1,300
219264,1,300
219391,1,300
219501,1,300
219535,1,300
219558,1,300
219660,1,300
219679,1,300
219720,1,300
219733,1,300
220113,1,300
220149,1,300
220296,1,300
220500,1,300
220637,1,300
220924,1,300
220973,1,300
221124,1,300
221281,1,300
221473,1,300
221532,1,300
221592,1,300
221603,1,300
221730,1,300
222120,1,300
222239,1,300
222309,1,300
222390,1,300
222406,1,300
222498,1,300
222511,1,300
223055,1,300
223105,1,300
223239,1,300
223353,1,300
223390,1,300
223499,1,300
223604,1,300
224228,1,300
224239,1,300
224261,1,300
224282,1,300
224464,1,300
224563,1,300
224696,1,300
225034,1,300
225212,1,300
225494,1,300
225632,1,300
225891,1,300
226016,1,300
226044,1,300
226096,1,300
226113,1,300
226271,1,300
226478,1,300
226557,1,300
226568,1,300
226743,1,300
227076,1,300
227243,1,300
227379,1,300
227396,1,300
227518,1,300
227631,1,300
227638,1,300
228033,1,300
228098,1,300
228149,1,300
228272,1,300
228298,1,300
228332,1,300
228485,1,300
229162,1,300
229200,1,300
229358,1,300
229363,1,300
229480,1,300
229594,1,300
229873,1,300
230812,1,300
230965,1,300
231027,1,300
231084,1,300
231326,1,300
231843,1,300
231866,1,300
232004,1,300
232020,1,300
232182,1,300
232198,1,300
232294,1,300
232347,1,300
232357,1,300
232428,1,300
232497,1,300
232545,1,300
232595,1,300
232626,1,300
232782,1,300
233045,1,300
233170,1,300
233360,1,300
233444,1,300
233446,1,300
233535,1,300
233750,1,300
233824,1,300
234066,1,300
234128,1,300
234425,1,300
234481,1,300
234723,1,300
234895,1,300
235009,1,300
235029,1,300
235047,1,300
235050,1,300
235118,1,300
235174,1,300
235178,1,300
235190,1,300
235191,1,300
235261,1,300
235285,1,300
235312,1,300
235360,1,300
235452,1,300
235453,1,300
235490,1,300
235508,1,300
235513,1,300
235533,1,300
235535,1,300
235555,1,300
235571,1,300
235608,1,300
235615,1,300
235617,1,300
235669,1,300
235688,1,300
235727,1,300
235741,1,300
235807,1,300
235811,1,300
235866,1,300
235873,1,300
235882,1,300
235894,1,300
235942,1,300
235944,1,300
235945,1,300
235949,1,300
235958,1,300
235971,1,300
236013,1,300
236026,1,300
236030,1,300
236034,1,300
236052,1,300
236059,1,300
236065,1,300
236073,1,300
236079,1,300
236079,1,300
236083,1,300
236091,1,300
236110,1,300
236165,1,300
236180,1,300
236227,1,300
236238,1,300
236249,1,300
236258,1,300
236269,1,300
236305,1,300
236320,1,300
236346,1,300
236371,1,300
236410,1,300
236449,1,300
236483,1,300
236484,1,300
236513,1,300
236519,1,300
236578,1,300
236584,1,300
236605,1,300
236607,1,300
236648,1,300
236657,1,300
236732,1,300
236741,1,300
236768,1,300
236784,1,300
236891,1,300
236904,1,300
236907,1,300
236929,1,300
236943,1,300
236978,1,300
237003,1,300
237024,1,300
237029,1,300
237065,1,300
237071,1,300
237078,1,300
237091,1,300
237110,1,300
237157,1,300
237159,1,300
237164,1,300
237169,1,300
237198,1,300
237198,1,300
237203,1,300
237208,1,300
237208,1,300
237216,1,300
237219,1,300
237223,1,300
237234,1,300
237234,1,300
237249,1,300
237268,1,300
237295,1,300
237321,1,300
237393,1,300
237436,1,300
237472,1,300
237517,1,300
237520,1,300
237521,1,300
237540,1,300
237540,1,300
237546,1,300
237579,1,300
237589,1,300
237601,1,300
237608,1,300
237615,1,300
237626,1,300
237634,1,300
237639,1,300
237641,1,300
237642,1,300
237650,1,300
237664,1,300
237691,1,300
237692,1,300
237696,1,300
237701,1,300
237759,1,300
237776,1,300
237807,1,300
237846,1,300
237849,1,300
237858,1,300
237861,1,300
238019,1,300
238028,1,300
238035,1,300
238055,1,300
238055,1,300
238076,1,300
238098,1,300
238132,1,300
238157,1,300
238173,1,300
238177,1,300
238204,1,300
238223,1,300
238282,1,300
238296,1,300
238302,1,300
238309,1,300
238313,1,300
238326,1,300
238338,1,300
238342,1,300
238384,1,300
238387,1,300
238405,1,300
238406,1,300
238406,1,300
238408,1,300
238412,1,300
238472,1,300
238512,1,300
238521,1,300
238555,1,300
238565,1,300
238565,1,300
238568,1,300
238591,1,300
238605,1,300
238644,1,300
238708,1,300
238714,1,300
238828,1,300
238866,1,300
238873,1,300
238877,1,300
238879,1,300
238885,1,300
238926,1,300
239021,1,300
239028,1,300
239052,1,300
239100,1,300
239111,1,300
239111,1,300
239117,1,300
239123,1,300
239160,1,300
239168,1,300
239169,1,300
239231,1,300
239238,1,300
239252,1,300
239254,1,300
239259,1,300
239265,1,300
239296,1,300
239314,1,300
239331,1,300
239347,1,300
239356,1,300
239393,1,300
239402,1,300
239422,1,300
239480,1,300
239506,1,300
239516,1,300
239522,1,300
239534,1,300
239554,1,300
239568,1,300
239570,1,300
239585,1,300
239614,1,300
239624,1,300
239625,1,300
239649,1,300
239659,1,300
239671,1,300
239677,1,300
239680,1,300
239706,1,300
239721,1,300
239722,1,300
239746,1,300
239754,1,300
239765,1,300
239770,1,300
239792,1,300
239809,1,300
239873,1,300
240034,1,300
240057,1,300
240058,1,300
240091,1,300
240125,1,300
240135,1,300
240195,1,300
240208,1,300
240219,1,300
240226,1,300
240227,1,300
240298,1,300
240319,1,300
240342,1,300
240392,1,300
240477,1,300
240509,1,300
240527,1,300
240579,1,300
240589,1,300
240598,1,300
240665,1,300
240694,1,300
240706,1,300
240722,1,300
240724,1,300
240731,1,300
240745,1,300
240746,1,300
240747,1,300
240765,1,300
240767,1,300
240810,1,300
240845,1,300
240847,1,300
240866,1,300
240868,1,300
240915,1,300
240923,1,300
240934,1,300
240989,1,300
241023,1,300
241035,1,300
241037,1,300
241058,1,300
241068,1,300
241071,1,300
241083,1,300
241113,1,300
241122,1,300
241132,1,300
241139,1,300
241150,1,300
241160,1,300
241174,1,300
241211,1,300
241219,1,300
241241,1,300
241244,1,300
241257,1,300
241272,1,300
241281,1,300
241330,1,300
241332,1,300
241412,1,300
241461,1,300
241498,1,300
241546,1,300
241556,1,300
241599,1,300
241619,1,300
241630,1,300
241638,1,300
241708,1,300
241732,1,300
241755,1,300
241796,1,300
241815,1,300
241819,1,300
241838,1,300
241855,1,300
241856,1,300
241881,1,300
241928,1,300
241932,1,300
241966,1,300
241981,1,300
242020,1,300
242022,1,300
242025,1,300
242046,1,300
242048,1,300
242054,1,300
242060,1,300
242063,1,300
242075,1,300
242088,1,300
242093,1,300
242095,1,300
242129,1,300
242131,1,300
242167,1,300
242194,1,300
242249,1,300
242259,1,300
242286,1,300
242293,1,300
242304,1,300
242352,1,300
242374,1,300
242420,1,300
242421,1,300
242423,1,300
242452,1,300
242468,1,300
242488,1,300
242518,1,300
242531,1,300
242532,1,300
242551,1,300
242552,1,300
242560,1,300
242570,1,300
242601,1,300
242610,1,300
242646,1,300
242652,1,300
242668,1,300
242680,1,300
242685,1,300
242704,1,300
242747,1,300
242748,1,300
242776,1,300
242811,1,300
242831,1,300
242842,1,300
242847,1,300
242863,1,300
242898,1,300
242899,1,300
242899,1,300
242926,1,300
243006,1,300
243029,1,300
243064,1,300
243086,1,300
243090,1,300
243096,1,300
243103,1,300
243106,1,300
243144,1,300
243158,1,300
243171,1,300
243175,1,300
243187,1,300
243191,1,300
243195,1,300
243202,1,300
243208,1,300
243208,1,300
243221,1,300
243260,1,300
243291,1,300
243316,1,300
243345,1,300
243408,1,300
243419,1,300
243447,1,300
243448,1,300
243474,1,300
243475,1,300
243495,1,300
243531,1,300
243532,1,300
243543,1,300
243548,1,300
243556,1,300
243593,1,300
243603,1,300
243607,1,300
243651,1,300
243688,1,300
243703,1,300
243703,1,300
243709,1,300
243726,1,300
243752,1,300
243841,1,300
243860,1,300
243890,1,300
243936,1,300
244003,1,300
244021,1,300
244068,1,300
244071,1,300
244078,1,300
244084,1,300
244093,1,300
244151,1,300
244164,1,300
244176,1,300
244212,1,300
244215,1,300
244223,1,300
244246,1,300
244250,1,300
244251,1,300
244264,1,300
244279,1,300
244292,1,300
244326,1,300
244331,1,300
244436,1,300
244481,1,300
244487,1,300
244561,1,300
244598,1,300
244611,1,300
244617,1,300
244649,1,300
244657,1,300
244659,1,300
244682,1,300
244683,1,300
244702,1,300
244713,1,300
244803,1,300
244810,1,300
244814,1,300
244823,1,300
244826,1,300
244829,1,300
244830,1,300
244849,1,300
244875,1,300
244893,1,300
244898,1,300
244911,1,300
244918,1,300
244949,1,300
245006,1,300
245019,1,300
245060,1,300
245097,1,300
245118,1,300
245124,1,300
245126,1,300
245149,1,300
245214,1,300
245221,1,300
245230,1,300
245239,1,300
245271,1,300
245273,1,300
245283,1,300
245288,1,300
245305,1,300
245315,1,300
245429,1,300
245445,1,300
245447,1,300
245453,1,300
245472,1,300
245473,1,300
245479,1,300
245486,1,300
245508,1,300
245515,1,300
245527,1,300
245546,1,300
245560,1,300
245569,1,300
245580,1,300
245581,1,300
245597,1,300
245623,1,300
245627,1,300
245648,1,300
245654,1,300
245661,1,300
245695,1,300
245719,1,300
245721,1,300
245731,1,300
245734,1,300
245753,1,300
245826,1,300
245842,1,300
245850,1,300
246015,1,300
246020,1,300
246046,1,300
246052,1,300
246055,1,300
246159,1,300
246207,1,300
246223,1,300
246226,1,300
246231,1,300
246238,1,300
246243,1,300
246275,1,300
246281,1,300
246322,1,300
246340,1,300
246351,1,300
246352,1,300
246375,1,300
246379,1,300
246381,1,300
246395,1,300
246448,1,300
246462,1,300
246465,1,300
246509,1,300
246534,1,300
246544,1,300
246584,1,300
246587,1,300
246634,1,300
246642,1,300
246686,1,300
246729,1,300
246743,1,300
246751,1,300
246758,1,300
246771,1,300
246793,1,300
246820,1,300
246821,1,300
246835,1,300
246846,1,300
246866,1,300
246895,1,300
246899,1,300
246912,1,300
246921,1,300
247052,1,300
247065,1,300
247083,1,300
247091,1,300
247120,1,300
247150,1,300
247176,1,300
247199,1,300
247214,1,300
247219,1,300
247269,1,300
247274,1,300
247281,1,300
247288,1,300
247302,1,300
247313,1,300
247315,1,300
247318,1,300
247362,1,300
247389,1,300
247462,1,300
247494,1,300
247561,1,300
247567,1,300
247570,1,300
247577,1,300
247689,1,300
247749,1,300
247762,1,300
247765,1,300
247769,1,300
247771,1,300
247806,1,300
247813,1,300
247836,1,300
247842,1,300
247894,1,300
247904,1,300
247929,1,300
247944,1,300
247970,1,300
247971,1,300
247989,1,300
248003,1,300
248004,1,300
248013,1,300
248022,1,300
248028,1,300
248034,1,300
248080,1,300
248086,1,300
248092,1,300
248104,1,300
248109,1,300
248136,1,300
248159,1,300
248171,1,300
248180,1,300
248197,1,300
248230,1,300
248290,1,300
248295,1,300
248303,1,300
248314,1,300
248406,1,300
248432,1,300
248456,1,300
248467,1,300
248480,1,300
248488,1,300
248492,1,300
248524,1,300
248560,1,300
248568,1,300
248597,1,300
248615,1,300
248666,1,300
248723,1,300
248744,1,300
248762,1,300
248775,1,300
248832,1,300
248876,1,300
248921,1,300
248927,1,300
248929,1,300
248943,1,300
248961,1,300
248974,1,300
248984,1,300
248992,1,300
248995,1,300
248997,1,300
249003,1,300
249008,1,300
249018,1,300
249025,1,300
249031,1,300
249040,1,300
249079,1,300
249087,1,300
249098,1,300
249099,1,300
249121,1,300
249121,1,300
249133,1,300
249134,1,300
249175,1,300
249194,1,300
249231,1,300
249233,1,300
249256,1,300
249290,1,300
249310,1,300
249311,1,300
249319,1,300
249370,1,300
249389,1,300
249420,1,300
249431,1,300
249437,1,300
249493,1,300
249528,1,300
249537,1,300
249537,1,300
249550,1,300
249561,1,300
249566,1,300
249580,1,300
249661,1,300
249661,1,300
249676,1,300
249688,1,300
249756,1,300
249769,1,300
249770,1,300
249773,1,300
249781,1,300
249781,1,300
249818,1,300
249855,1,300
249871,1,300
249894,1,300
249895,1,300
249899,1,300
249904,1,300
250011,1,300
250044,1,300
250072,1,300
250081,1,300
250111,1,300
250119,1,300
250182,1,300
250198,1,300
250244,1,300
250269,1,300
250327,1,300
250327,1,300
250339,1,300
250356,1,300
250377,1,300
250404,1,300
250458,1,300
250533,1,300
250535,1,300
250544,1,300
250563,1,300
250565,1,300
250580,1,300
250580,1,300
250580,1,300
250585,1,300
250605,1,300
250624,1,300
250630,1,300
250650,1,300
250660,1,300
250671,1,300
250685,1,300
250730,1,300
250740,1,300
250766,1,300
250813,1,300
250819,1,300
250821,1,300
250823,1,300
250844,1,300
250859,1,300
250914,1,300
250950,1,300
250953,1,300
250957,1,300
251000,1,300
251012,1,300
251020,1,300
251042,1,300
251048,1,300
251058,1,300
251066,1,300
251089,1,300
251094,1,300
251117,1,300
251131,1,300
251165,1,300
251166,1,300
251172,1,300
251195,1,300
251203,1,300
251220,1,300
251244,1,300
251282,1,300
251356,1,300
251360,1,300
251388,1,300
251388,1,300
251395,1,300
251408,1,300
251423,1,300
251426,1,300
251431,1,300
251434,1,300
251452,1,300
251460,1,300
251475,1,300
251487,1,300
251488,1,300
251489,1,300
251513,1,300
251524,1,300
251531,1,300
251534,1,300
251537,1,300
251548,1,300
251566,1,300
251587,1,300
251588,1,300
251686,1,300
251748,1,300
251774,1,300
251806,1,300
251808,1,300
251844,1,300
251857,1,300
251867,1,300
251867,1,300
252012,1,300
252022,1,300
252030,1,300
252060,1,300
252062,1,300
252075,1,300
252077,1,300
252079,1,300
252088,1,300
252091,1,300
252099,1,300
252101,1,300
252164,1,300
252186,1,300
252195,1,300
252199,1,300
252201,1,300
252277,1,300
252283,1,300
252303,1,300
252344,1,300
252344,1,300
252362,1,300
252375,1,300
252380,1,300
252392,1,300
252409,1,300
252423,1,300
252429,1,300
252489,1,300
252530,1,300
252539,1,300
252554,1,300
252573,1,300
252637,1,300
252642,1,300
252679,1,300
252709,1,300
252711,1,300
252720,1,300
252759,1,300
252782,1,300
252797,1,300
252799,1,300
252818,1,300
252857,1,300
252857,1,300
253017,1,300
253062,1,300
253076,1,300
253077,1,300
253087,1,300
253104,1,300
253134,1,300
253137,1,300
253138,1,300
253149,1,300
253163,1,300
253186,1,300
253190,1,300
253203,1,300
253264,1,300
253277,1,300
253407,1,300
253409,1,300
253428,1,300
253441,1,300
253456,1,300
253484,1,300
253533,1,300
253552,1,300
253637,1,300
253644,1,300
253645,1,300
253646,1,300
253683,1,300
253695,1,300
253702,1,300
253712,1,300
253723,1,300
253750,1,300
253767,1,300
253773,1,300
253778,1,300
253828,1,300
253838,1,300
253849,1,300
253853,1,300
253901,1,300
253905,1,300
253920,1,300
253935,1,300
253973,1,300
253985,1,300
253998,1,300
254002,1,300
254004,1,300
254031,1,300
254031,1,300
254056,1,300
254068,1,300
254069,1,300
254078,1,300
254143,1,300
254169,1,300
254203,1,300
254208,1,300
254214,1,300
254220,1,300
254224,1,300
254226,1,300
254236,1,300
254287,1,300
254350,1,300
254380,1,300
254398,1,300
254430,1,300
254479,1,300
254495,1,300
254499,1,300
254531,1,300
254556,1,300
254559,1,300
254560,1,300
254571,1,300
254619,1,300
254644,1,300
254656,1,300
254684,1,300
254694,1,300
254740,1,300
254823,1,300
254828,1,300
254860,1,300
254900,1,300
254903,1,300
254910,1,300
254924,1,300
255002,1,300
255018,1,300
255018,1,300
255031,1,300
255043,1,300
255057,1,300
255087,1,300
255135,1,300
255162,1,300
255183,1,300
255224,1,300
255240,1,300
255243,1,300
255287,1,300
255298,1,300
255301,1,300
255332,1,300
255345,1,300
255371,1,300
255401,1,300
255401,1,300
255406,1,300
255494,1,300
255504,1,300
255522,1,300
255525,1,300
255548,1,300
255554,1,300
255565,1,300
255567,1,300
255589,1,300
255623,1,300
255624,1,300
255651,1,300
255655,1,300
255679,1,300
255706,1,300
255733,1,300
255747,1,300
255779,1,300
255798,1,300
255798,1,300
255806,1,300
255812,1,300
255826,1,300
255840,1,300
255858,1,300
255885,1,300
255915,1,300
255933,1,300
255940,1,300
255947,1,300
256002,1,300
256002,1,300
256057,1,300
256072,1,300
256081,1,300
256091,1,300
256092,1,300
256134,1,300
256146,1,300
256224,1,300
256231,1,300
256285,1,300
256292,1,300
256299,1,300
256304,1,300
256323,1,300
256343,1,300
256370,1,300
256371,1,300
256388,1,300
256409,1,300
256411,1,300
256434,1,300
256451,1,300
256491,1,300
256499,1,300
256524,1,300
256529,1,300
256534,1,300
256590,1,300
256593,1,300
256594,1,300
256612,1,300
256614,1,300
256657,1,300
256669,1,300
256742,1,300
256753,1,300
256773,1,300
256791,1,300
256796,1,300
256818,1,300
256825,1,300
256826,1,300
256858,1,300
256864,1,300
256880,1,300
257014,1,300
257030,1,300
257036,1,300
257084,1,300
257094,1,300
257104,1,300
257157,1,300
257210,1,300
257222,1,300
257250,1,300
257263,1,300
257291,1,300
257294,1,300
257318,1,300
257324,1,300
257325,1,300
257328,1,300
257352,1,300
257360,1,300
257400,1,300
257455,1,300
257461,1,300
257474,1,300
257492,1,300
257526,1,300
257531,1,300
257538,1,300
257577,1,300
257585,1,300
257608,1,300
257615,1,300
257653,1,300
257659,1,300
257665,1,300
257698,1,300
257717,1,300
257721,1,300
257735,1,300
257758,1,300
257762,1,300
257768,1,300
257774,1,300
257791,1,300
257838,1,300
257860,1,300
257869,1,300
257879,1,300
257926,1,300
257948,1,300
258175,1,300
258179,1,300
258195,1,300
258206,1,300
258222,1,300
258225,1,300
258287,1,300
258324,1,300
258349,1,300
258350,1,300
258361,1,300
258368,1,300
258371,1,300
258394,1,300
258403,1,300
258426,1,300
258458,1,300
258491,1,300
258495,1,300
258503,1,300
258515,1,300
258540,1,300
258557,1,300
258601,1,300
258602,1,300
258614,1,300
258617,1,300
258629,1,300
258654,1,300
258656,1,300
258685,1,300
258689,1,300
258725,1,300
258749,1,300
258777,1,300
258788,1,300
258797,1,300
258800,1,300
258868,1,300
258928,1,300
258928,1,300
258957,1,300
258968,1,300
258970,1,300
259003,1,300
259047,1,300
259049,1,300
259092,1,300
259093,1,300
259096,1,300
259102,1,300
259118,1,300
259119,1,300
259122,1,300
259135,1,300
259140,1,300
259195,1,300
259265,1,300
259303,1,300
259318,1,300
259331,1,300
259355,1,300
259430,1,300
259472,1,300
259479,1,300
259521,1,300
259545,1,300
259657,1,300
259670,1,300
259685,1,300
259701,1,300
259713,1,300
259738,1,300
259755,1,300
259766,1,300
259772,1,300
259792,1,300
259799,1,300
259809,1,300
259816,1,300
259825,1,300
259857,1,300
259865,1,300
259866,1,300
259891,1,300
259906,1,300
259932,1,300
260008,1,300
260019,1,300
260024,1,300
260024,1,300
260024,1,300
260025,1,300
260047,1,300
260061,1,300
260062,1,300
260067,1,300
260078,1,300
260079,1,300
260079,1,300
260112,1,300
260116,1,300
260127,1,300
260151,1,300
260158,1,300
260164,1,300
260169,1,300
260204,1,300
260212,1,300
260235,1,300
260239,1,300
260241,1,300
260247,1,300
260251,1,300
260253,1,300
260278,1,300
260284,1,300
260296,1,300
260304,1,300
260318,1,300
260337,1,300
260342,1,300
260386,1,300
260389,1,300
260443,1,300
260447,1,300
260464,1,300
260486,1,300
260507,1,300
260512,1,300
260581,1,300
260594,1,300
260597,1,300
260619,1,300
260630,1,300
260641,1,300
260679,1,300
260685,1,300
260704,1,300
260726,1,300
260727,1,300
260730,1,300
260733,1,300
261020,1,300
261039,1,300
261057,1,300
261066,1,300
261086,1,300
261114,1,300
261124,1,300
261125,1,300
261169,1,300
261176,1,300
261195,1,300
261217,1,300
261247,1,300
261250,1,300
261278,1,300
261295,1,300
261308,1,300
261325,1,300
261332,1,300
261352,1,300
261363,1,300
261403,1,300
261405,1,300
261415,1,300
261423,1,300
261426,1,300
261456,1,300
261471,1,300
261533,1,300
261538,1,300
261567,1,300
261583,1,300
261591,1,300
261627,1,300
261631,1,300
261641,1,300
261648,1,300
261653,1,300
261670,1,300
261686,1,300
261699,1,300
261751,1,300
261787,1,300
261838,1,300
261890,1,300
261905,1,300
261912,1,300
261929,1,300
262003,1,300
262012,1,300
262013,1,300
262034,1,300
262037,1,300
262046,1,300
262057,1,300
262063,1,300
262087,1,300
262115,1,300
262118,1,300
262120,1,300
262131,1,300
262171,1,300
262197,1,300
262199,1,300
262218,1,300
262220,1,300
262222,1,300
262236,1,300
262240,1,300
262255,1,300
262258,1,300
262313,1,300
262360,1,300
262366,1,300
262384,1,300
262398,1,300
262473,1,300
262596,1,300
262621,1,300
262666,1,300
262682,1,300
262736,1,300
262739,1,300
262740,1,300
262742,1,300
262752,1,300
262765,1,300
262787,1,300
262787,1,300
262801,1,300
262809,1,300
262814,1,300
262817,1,300
262832,1,300
262836,1,300
263004,1,300
263073,1,300
263081,1,300
263127,1,300
263132,1,300
263178,1,300
263199,1,300
263201,1,300
263222,1,300
263265,1,300
263266,1,300
263324,1,300
263337,1,300
263350,1,300
263395,1,300
263407,1,300
263412,1,300
263412,1,300
263420,1,300
263424,1,300
263437,1,300
263452,1,300
263468,1,300
263469,1,300
263500,1,300
263509,1,300
263509,1,300
263525,1,300
263575,1,300
263589,1,300
263600,1,300
263638,1,300
263678,1,300
263707,1,300
263709,1,300
263710,1,300
263711,1,300
263761,1,300
263783,1,300
263800,1,300
263810,1,300
263818,1,300
263838,1,300
263840,1,300
263848,1,300
263849,1,300
263872,1,300
263878,1,300
264000,1,300
264024,1,300
264029,1,300
264071,1,300
264145,1,300
264179,1,300
264258,1,300
264294,1,300
264311,1,300
264313,1,300
264316,1,300
264317,1,300
264352,1,300
264361,1,300
264367,1,300
264371,1,300
264382,1,300
264400,1,300
264413,1,300
264444,1,300
264457,1,300
264473,1,300
264488,1,300
264501,1,300
264515,1,300
264515,1,300
264528,1,300
264537,1,300
264556,1,300
264594,1,300
264658,1,300
264675,1,300
264686,1,300
264687,1,300
264749,1,300
264765,1,300
264769,1,300
264773,1,300
264814,1,300
264870,1,300
264901,1,300
264914,1,300
264967,1,300
264972,1,300
264986,1,300
264997,1,300
265005,1,300
265009,1,300
265017,1,300
265021,1,300
265029,1,300
265075,1,300
265097,1,300
265132,1,300
265145,1,300
265178,1,300
265181,1,300
265202,1,300
265220,1,300
265248,1,300
265262,1,300
265284,1,300
265296,1,300
265314,1,300
265358,1,300
265359,1,300
265385,1,300
265416,1,300
265416,1,300
265447,1,300
265503,1,300
265507,1,300
265520,1,300
265553,1,300
265594,1,300
265606,1,300
265650,1,300
265670,1,300
265680,1,300
265721,1,300
265791,1,300
265824,1,300
265834,1,300
265852,1,300
265857,1,300
265877,1,300
265879,1,300
265897,1,300
265915,1,300
265948,1,300
265959,1,300
265982,1,300
265984,1,300
265994,1,300
266003,1,300
266013,1,300
266019,1,300
266032,1,300
266036,1,300
266042,1,300
266063,1,300
266067,1,300
266069,1,300
266108,1,300
266110,1,300
266121,1,300
266266,1,300
266279,1,300
266328,1,300
266341,1,300
266385,1,300
266420,1,300
266430,1,300
266430,1,300
266443,1,300
266451,1,300
266477,1,300
266495,1,300
266595,1,300
266603,1,300
266627,1,300
266636,1,300
266645,1,300
266669,1,300
266722,1,300
266728,1,300
266729,1,300
266797,1,300
266797,1,300
266798,1,300
266833,1,300
266866,1,300
266942,1,300
266956,1,300
266981,1,300
266981,1,300
266993,1,300
267002,1,300
267019,1,300
267039,1,300
267046,1,300
267048,1,300
267076,1,300
267076,1,300
267078,1,300
267093,1,300
267094,1,300
267094,1,300
267098,1,300
267098,1,300
267124,1,300
267125,1,300
267163,1,300
267171,1,300
267181,1,300
267182,1,300
267244,1,300
267254,1,300
267266,1,300
267267,1,300
267300,1,300
267309,1,300
267311,1,300
267331,1,300
267332,1,300
267395,1,300
267411,1,300
267425,1,300
267451,1,300
267501,1,300
267534,1,300
267549,1,300
267557,1,300
267615,1,300
267623,1,300
267665,1,300
267676,1,300
267703,1,300
267731,1,300
267765,1,300
267793,1,300
267818,1,300
267830,1,300
267840,1,300
267853,1,300
267877,1,300
267887,1,300
267902,1,300
267952,1,300
267967,1,300
267988,1,300
267989,1,300
268006,1,300
268010,1,300
268019,1,300
268033,1,300
268041,1,300
268043,1,300
268047,1,300
268068,1,300
268075,1,300
268096,1,300
268102,1,300
268117,1,300
268133,1,300
268184,1,300
268196,1,300
268205,1,300
268239,1,300
268241,1,300
268246,1,300
268251,1,300
268255,1,300
268276,1,300
268283,1,300
268296,1,300
268310,1,300
268325,1,300
268343,1,300
268357,1,300
268376,1,300
268397,1,300
268460,1,300
268526,1,300
268555,1,300
268573,1,300
268585,1,300
268587,1,300
268619,1,300
268653,1,300
268693,1,300
268702,1,300
268708,1,300
268853,1,300
268871,1,300
268890,1,300
268991,1,300
268994,1,300
268998,1,300
269003,1,300
269008,1,300
269029,1,300
269041,1,300
269045,1,300
269047,1,300
269069,1,300
269091,1,300
269116,1,300
269173,1,300
269174,1,300
269177,1,300
269199,1,300
269283,1,300
269312,1,300
269324,1,300
269336,1,300
269353,1,300
269368,1,300
269389,1,300
269390,1,300
269410,1,300
269436,1,300
269478,1,300
269482,1,300
269504,1,300
269543,1,300
269556,1,300
269616,1,300
269665,1,300
269666,1,300
269681,1,300
269697,1,300
269698,1,300
269774,1,300
269777,1,300
269785,1,300
269811,1,300
269843,1,300
269969,1,300
269993,1,300
270014,1,300
270018,1,300
270020,1,300
270033,1,300
270035,1,300
270040,1,300
270050,1,300
270051,1,300
270052,1,300
270070,1,300
270073,1,300
270092,1,300
270109,1,300
270125,1,300
270154,1,300
270159,1,300
270161,1,300
270170,1,300
270177,1,300
270198,1,300
270274,1,300
270311,1,300
270322,1,300
270327,1,300
270360,1,300
270361,1,300
270378,1,300
270386,1,300
270397,1,300
270458,1,300
270477,1,300
270524,1,300
270526,1,300
270536,1,300
270536,1,300
270550,1,300
270581,1,300
270647,1,300
270678,1,300
270742,1,300
270762,1,300
270773,1,300
270773,1,300
270814,1,300
270851,1,300
270861,1,300
270862,1,300
270897,1,300
270906,1,300
270912,1,300
270917,1,300
270923,1,300
270930,1,300
270966,1,300
270985,1,300
270991,1,300
271048,1,300
271048,1,300
271048,1,300
271052,1,300
271064,1,300
271066,1,300
271075,1,300
271081,1,300
271118,1,300
271118,1,300
271120,1,300
271125,1,300
271130,1,300
271136,1,300
271156,1,300
271158,1,300
271172,1,300
271172,1,300
271177,1,300
271200,1,300
271212,1,300
271236,1,300
271246,1,300
271265,1,300
271307,1,300
271313,1,300
271321,1,300
271343,1,300
271359,1,300
271396,1,300
271439,1,300
271443,1,300
271457,1,300
271513,1,300
271529,1,300
271609,1,300
271640,1,300
271656,1,300
271687,1,300
271690,1,300
271691,1,300
271703,1,300
271719,1,300
271738,1,300
271779,1,300
271813,1,300
271824,1,300
271842,1,300
271859,1,300
271873,1,300
271881,1,300
272032,1,300
272065,1,300
272126,1,300
272133,1,300
272140,1,300
272147,1,300
272168,1,300
272175,1,300
272195,1,300
272225,1,300
272226,1,300
272244,1,300
272294,1,300
272301,1,300
272319,1,300
272322,1,300
272342,1,300
272374,1,300
272375,1,300
272376,1,300
272377,1,300
272380,1,300
272384,1,300
272401,1,300
272460,1,300
272545,1,300
272546,1,300
272565,1,300
272571,1,300
272588,1,300
272623,1,300
272676,1,300
272701,1,300
272714,1,300
272754,1,300
272779,1,300
272816,1,300
272867,1,300
272877,1,300
272890,1,300
272899,1,300
272977,1,300
273006,1,300
273010,1,300
273012,1,300
273033,1,300
273085,1,300
273102,1,300
273131,1,300
273132,1,300
273139,1,300
273150,1,300
273152,1,300
273162,1,300
273180,1,300
273181,1,300
273188,1,300
273210,1,300
273211,1,300
273211,1,300
273239,1,300
273242,1,300
273255,1,300
273272,1,300
273301,1,300
273317,1,300
273322,1,300
273322,1,300
273378,1,300
273392,1,300
273394,1,300
273410,1,300
273439,1,300
273442,1,300
273474,1,300
273507,1,300
273520,1,300
273536,1,300
273553,1,300
273578,1,300
273602,1,300
273620,1,300
273646,1,300
273659,1,300
273860,1,300
273871,1,300
273939,1,300
273957,1,300
273968,1,300
273969,1,300
273978,1,300
274015,1,300
274016,1,300
274017,1,300
274031,1,300
274037,1,300
274042,1,300
274046,1,300
274105,1,300
274121,1,300
274134,1,300
274153,1,300
274165,1,300
274178,1,300
274191,1,300
274244,1,300
274256,1,300
274266,1,300
274324,1,300
274342,1,300
274358,1,300
274362,1,300
274362,1,300
274382,1,300
274396,1,300
274424,1,300
274438,1,300
274459,1,300
274469,1,300
274541,1,300
274624,1,300
274637,1,300
274664,1,300
274669,1,300
274671,1,300
274679,1,300
274737,1,300
274787,1,300
274793,1,300
274820,1,300
274822,1,300
274858,1,300
274859,1,300
274893,1,300
274913,1,300
274917,1,300
274938,1,300
274993,1,300
274998,1,300
275003,1,300
275021,1,300
275025,1,300
275042,1,300
275058,1,300
275069,1,300
275074,1,300
275087,1,300
275098,1,300
275109,1,300
275109,1,300
275111,1,300
275123,1,300
275131,1,300
275209,1,300
275216,1,300
275221,1,300
275259,1,300
275263,1,300
275288,1,300
275319,1,300
275338,1,300
275378,1,300
275408,1,300
275423,1,300
275428,1,300
275431,1,300
275455,1,300
275455,1,300
275461,1,300
275481,1,300
275503,1,300
275620,1,300
275623,1,300
275634,1,300
275639,1,300
275658,1,300
275667,1,300
275729,1,300
275734,1,300
275752,1,300
275786,1,300
275794,1,300
275795,1,300
275948,1,300
275971,1,300
275986,1,300
276002,1,300
276006,1,300
276009,1,300
276018,1,300
276024,1,300
276029,1,300
276034,1,300
276048,1,300
276050,1,300
276060,1,300
276069,1,300
276069,1,300
276080,1,300
276090,1,300
276092,1,300
276100,1,300
276120,1,300
276169,1,300
276178,1,300
276188,1,300
276195,1,300
276204,1,300
276204,1,300
276256,1,300
276257,1,300
276274,1,300
276304,1,300
276352,1,300
276401,1,300
276404,1,300
276405,1,300
276443,1,300
276497,1,300
276518,1,300
276529,1,300
276548,1,300
276554,1,300
276567,1,300
276568,1,300
276574,1,300
276587,1,300
276648,1,300
276658,1,300
276669,1,300
276699,1,300
276713,1,300
276782,1,300
276825,1,300
276851,1,300
276856,1,300
276862,1,300
276864,1,300
276865,1,300
276870,1,300
276877,1,300
276879,1,300
276913,1,300
277017,1,300
277040,1,300
277043,1,300
277070,1,300
277074,1,300
277077,1,300
277082,1,300
277090,1,300
277109,1,300
277112,1,300
277125,1,300
277130,1,300
277153,1,300
277181,1,300
277225,1,300
277251,1,300
277275,1,300
277327,1,300
277334,1,300
277349,1,300
277372,1,300
277377,1,300
277394,1,300
277408,1,300
277413,1,300
277433,1,300
277433,1,300
277436,1,300
277440,1,300
277498,1,300
277522,1,300
277545,1,300
277549,1,300
277578,1,300
277593,1,300
277598,1,300
277631,1,300
277644,1,300
277668,1,300
277683,1,300
277687,1,300
277746,1,300
277821,1,300
277842,1,300
277854,1,300
277925,1,300
277932,1,300
277990,1,300
277998,1,300
278013,1,300
278020,1,300
278078,1,300
278087,1,300
278104,1,300
278166,1,300
278200,1,300
278211,1,300
278262,1,300
278282,1,300
278295,1,300
278330,1,300
278342,1,300
278346,1,300
278384,1,300
278397,1,300
278438,1,300
278460,1,300
278461,1,300
278484,1,300
278511,1,300
278551,1,300
278559,1,300
278577,1,300
278590,1,300
278592,1,300
278610,1,300
278612,1,300
278625,1,300
278642,1,300
278643,1,300
278655,1,300
278659,1,300
278708,1,300
278710,1,300
278712,1,300
278719,1,300
278734,1,300
278735,1,300
278748,1,300
278786,1,300
278810,1,300
278819,1,300
278839,1,300
278842,1,300
278847,1,300
278859,1,300
278866,1,300
278868,1,300
279009,1,300
279036,1,300
279053,1,300
279063,1,300
279065,1,300
279087,1,300
279109,1,300
279182,1,300
279183,1,300
279188,1,300
279201,1,300
279218,1,300
279228,1,300
279262,1,300
279271,1,300
279281,1,300
279296,1,300
279298,1,300
279315,1,300
279347,1,300
279387,1,300
279395,1,300
279404,1,300
279440,1,300
279441,1,300
279464,1,300
279467,1,300
279495,1,300
279544,1,300
279547,1,300
279608,1,300
279609,1,300
279613,1,300
279633,1,300
279638,1,300
279656,1,300
279663,1,300
279679,1,300
279697,1,300
279718,1,300
279752,1,300
279755,1,300
279805,1,300
279825,1,300
279884,1,300
279942,1,300
279967,1,300
279999,1,300
280024,1,300
280029,1,300
280071,1,300
280071,1,300
280142,1,300
280220,1,300
280223,1,300
280226,1,300
280254,1,300
280292,1,300
280334,1,300
280337,1,300
280361,1,300
280423,1,300
280430,1,300
280443,1,300
280444,1,300
280482,1,300
280529,1,300
280544,1,300
280553,1,300
280587,1,300
280599,1,300
280604,1,300
280613,1,300
280616,1,300
280657,1,300
280660,1,300
280679,1,300
280690,1,300
280708,1,300
280731,1,300
280736,1,300
280755,1,300
280764,1,300
280788,1,300
280797,1,300
280797,1,300
280835,1,300
280836,1,300
280839,1,300
280851,1,300
280859,1,300
280907,1,300
280914,1,300
280930,1,300
280933,1,300
281006,1,300
281025,1,300
281030,1,300
281039,1,300
281073,1,300
281124,1,300
281133,1,300
281182,1,300
281205,1,300
281212,1,300
281235,1,300
281279,1,300
281302,1,300
281315,1,300
281365,1,300
281366,1,300
281388,1,300
281411,1,300
281420,1,300
281430,1,300
281442,1,300
281445,1,300
281539,1,300
281545,1,300
281590,1,300
281590,1,300
281596,1,300
281611,1,300
281613,1,300
281614,1,300
281640,1,300
281653,1,300
281657,1,300
281671,1,300
281684,1,300
281712,1,300
281720,1,300
281756,1,300
281768,1,300
281783,1,300
281799,1,300
281816,1,300
281855,1,300
281857,1,300
281873,1,300
281885,1,300
281893,1,300
281917,1,300
282042,1,300
282685,1,300
282704,1,300
282923,1,300
282967,1,300
283120,1,300
283181,1,300
283327,1,300
283330,1,300
283412,1,300
283432,1,300
283573,1,300
283605,1,300
283775,1,300
284025,1,300
284107,1,300
284201,1,300
284376,1,300
284383,1,300
285046,1,300
285193,1,300
285248,1,300
285283,1,300
285604,1,300
285721,1,300
285832,1,300
286001,1,300
286023,1,300
286133,1,300
286251,1,300
286675,1,300
286833,1,300
286848,1,300
286867,1,300
286937,1,300
287077,1,300
287163,1,300
287184,1,300
287530,1,300
287746,1,300
287753,1,300
287781,1,300
288173,1,300
288637,1,300
288882,1,300
288957,1,300
289026,1,300
289066,1,300
289114,1,300
289291,1,300
289500,1,300
289577,1,300
289596,1,300
289645,1,300
289797,1,300
289924,1,300
290000,1,300
290082,1,300
290117,1,300
290140,1,300
290330,1,300
290662,1,300
290838,1,300
