463,1,300
631,1,300
680,1,300
737,1,300
741,1,300
799,1,300
855,1,300
870,1,300
916,1,300
960,1,300
981,1,300
990,1,300
1028,1,300
1030,1,300
1148,1,300
1316,1,300
1564,1,300
1698,1,300
1767,1,300
1797,1,300
1866,1,300
2093,1,300
2377,1,300
2397,1,300
2548,1,300
2576,1,300
2679,1,300
2887,1,300
3030,1,300
3101,1,300
3167,1,300
3199,1,300
3300,1,300
3353,1,300
3404,1,300
3532,1,300
3555,1,300
3732,1,300
3763,1,300
3873,1,300
4058,1,300
4529,1,300
4701,1,300
5003,1,300
5041,1,300
5142,1,300
5386,1,300
5476,1,300
5703,1,300
6101,1,300
6188,1,300
6251,1,300
6608,1,300
6715,1,300
7039,1,300
7048,1,300
7133,1,300
7178,1,300
7267,1,300
7297,1,300
7309,1,300
7400,1,300
7885,1,300
8111,1,300
8271,1,300
8311,1,300
8386,1,300
8486,1,300
8505,1,300
8846,1,300
8993,1,300
9002,1,300
9057,1,300
9059,1,300
9140,1,300
9178,1,300
9478,1,300
9481,1,300
9536,1,300
9566,1,300
9571,1,300
9667,1,300
9691,1,300
9745,1,300
9878,1,300
9997,1,300
10002,1,300
10004,1,300
10065,1,300
10078,1,300
10191,1,300
10292,1,300
10310,1,300
10380,1,300
10436,1,300
10482,1,300
10799,1,300
10821,1,300
11126,1,300
11128,1,300
11202,1,300
11309,1,300
11465,1,300
11512,1,300
11583,1,300
11584,1,300
11595,1,300
11733,1,300
11889,1,300
12213,1,300
12323,1,300
12346,1,300
12566,1,300
12663,1,300
12682,1,300
12686,1,300
12862,1,300
12916,1,300
12925,1,300
12990,1,300
13020,1,300
13052,1,300
13123,1,300
13266,1,300
13432,1,300
13481,1,300
13489,1,300
13575,1,300
14019,1,300
14053,1,300
14308,1,300
14361,1,300
14374,1,300
14419,1,300
14470,1,300
14528,1,300
14544,1,300
14687,1,300
14807,1,300
14823,1,300
14833,1,300
14900,1,300
14913,1,300
14973,1,300
15120,1,300
15289,1,300
15298,1,300
15306,1,300
15312,1,300
15365,1,300
15687,1,300
15696,1,300
15814,1,300
15832,1,300
15939,1,300
16279,1,300
16296,1,300
16368,1,300
16435,1,300
16449,1,300
16537,1,300
16549,1,300
16587,1,300
16637,1,300
16664,1,300
16703,1,300
17476,1,300
18212,1,300
19012,1,300
19269,1,300
19353,1,300
19615,1,300
19919,1,300
20004,1,300
20051,1,300
20172,1,300
20182,1,300
20377,1,300
20407,1,300
20456,1,300
20692,1,300
20757,1,300
20767,1,300
20963,1,300
21061,1,300
21091,1,300
21125,1,300
21146,1,300
21179,1,300
21187,1,300
21288,1,300
21455,1,300
21478,1,300
21486,1,300
21560,1,300
21637,1,300
21659,1,300
21705,1,300
21769,1,300
21798,1,300
21833,1,300
21901,1,300
21908,1,300
21977,1,300
22128,1,300
22310,1,300
22382,1,300
22385,1,300
22492,1,300
22525,1,300
22556,1,300
22575,1,300
22578,1,300
22617,1,300
22665,1,300
22781,1,300
22945,1,300
23024,1,300
23026,1,300
23033,1,300
23338,1,300
23370,1,300
23440,1,300
23477,1,300
23493,1,300
23503,1,300
23524,1,300
23603,1,300
23633,1,300
23648,1,300
23875,1,300
23908,1,300
23939,1,300
24085,1,300
24087,1,300
24206,1,300
24367,1,300
24408,1,300
24469,1,300
24579,1,300
24663,1,300
24669,1,300
24705,1,300
24770,1,300
24790,1,300
24849,1,300
25088,1,300
25365,1,300
25682,1,300
25721,1,300
26009,1,300
26144,1,300
26158,1,300
26226,1,300
26230,1,300
26301,1,300
26406,1,300
26412,1,300
26461,1,300
26542,1,300
26897,1,300
26941,1,300
27079,1,300
27134,1,300
27155,1,300
27273,1,300
27325,1,300
27376,1,300
27409,1,300
27464,1,300
27510,1,300
27663,1,300
27688,1,300
27760,1,300
27884,1,300
27891,1,300
28119,1,300
28214,1,300
28217,1,300
28262,1,300
28309,1,300
28407,1,300
28464,1,300
28664,1,300
28685,1,300
28800,1,300
28913,1,300
28968,1,300
29063,1,300
29118,1,300
29308,1,300
29421,1,300
29474,1,300
29673,1,300
29773,1,300
30320,1,300
30537,1,300
30920,1,300
30948,1,300
30958,1,300
31107,1,300
31358,1,300
31360,1,300
31378,1,300
31407,1,300
31623,1,300
31641,1,300
31668,1,300
31839,1,300
32204,1,300
32233,1,300
32594,1,300
32710,1,300
32956,1,300
33007,1,300
33049,1,300
33058,1,300
33078,1,300
33102,1,300
33126,1,300
33160,1,300
33219,1,300
33299,1,300
33369,1,300
33388,1,300
33409,1,300
33440,1,300
33441,1,300
33506,1,300
33521,1,300
33541,1,300
33543,1,300
33552,1,300
33571,1,300
33588,1,300
33595,1,300
33670,1,300
33671,1,300
33696,1,300
33756,1,300
33768,1,300
33789,1,300
33812,1,300
33858,1,300
33938,1,300
34045,1,300
34076,1,300
34084,1,300
34168,1,300
34170,1,300
34202,1,300
34249,1,300
34259,1,300
34385,1,300
34433,1,300
34563,1,300
34624,1,300
34684,1,300
34768,1,300
34876,1,300
34940,1,300
35035,1,300
35068,1,300
35074,1,300
35100,1,300
35173,1,300
35231,1,300
35271,1,300
35310,1,300
35319,1,300
35398,1,300
35404,1,300
35474,1,300
35535,1,300
35636,1,300
35689,1,300
35707,1,300
35718,1,300
35758,1,300
35842,1,300
36007,1,300
36015,1,300
36028,1,300
36080,1,300
36136,1,300
36140,1,300
36141,1,300
36171,1,300
36292,1,300
36423,1,300
36434,1,300
36519,1,300
36549,1,300
36615,1,300
36653,1,300
36678,1,300
36913,1,300
37020,1,300
37189,1,300
37206,1,300
37366,1,300
37536,1,300
37597,1,300
37599,1,300
37756,1,300
37854,1,300
38063,1,300
38216,1,300
38300,1,300
38330,1,300
38453,1,300
38479,1,300
38651,1,300
38699,1,300
38783,1,300
38789,1,300
38870,1,300
38891,1,300
39015,1,300
39017,1,300
39028,1,300
39067,1,300
39106,1,300
39258,1,300
39313,1,300
39329,1,300
39347,1,300
39374,1,300
39386,1,300
39488,1,300
39495,1,300
39559,1,300
39603,1,300
39714,1,300
39794,1,300
39822,1,300
39950,1,300
39967,1,300
40022,1,300
40123,1,300
40327,1,300
40354,1,300
40424,1,300
40442,1,300
40482,1,300
40586,1,300
40822,1,300
40845,1,300
40956,1,300
41009,1,300
41197,1,300
41209,1,300
41243,1,300
41288,1,300
41314,1,300
41388,1,300
41497,1,300
41507,1,300
41518,1,300
41640,1,300
41711,1,300
41718,1,300
42043,1,300
42157,1,300
42178,1,300
42304,1,300
42311,1,300
42443,1,300
42444,1,300
42458,1,300
42465,1,300
42477,1,300
42543,1,300
42546,1,300
42547,1,300
42662,1,300
42704,1,300
43100,1,300
43122,1,300
43174,1,300
43182,1,300
43248,1,300
43562,1,300
43618,1,300
43691,1,300
43943,1,300
43966,1,300
44195,1,300
44215,1,300
44275,1,300
44313,1,300
44398,1,300
44423,1,300
44528,1,300
44584,1,300
44622,1,300
44793,1,300
44829,1,300
44832,1,300
44858,1,300
44987,1,300
45026,1,300
45031,1,300
45074,1,300
45103,1,300
45122,1,300
45125,1,300
45145,1,300
45173,1,300
45181,1,300
45248,1,300
45257,1,300
45272,1,300
45276,1,300
45283,1,300
45284,1,300
45296,1,300
45366,1,300
45376,1,300
45378,1,300
45394,1,300
45397,1,300
45496,1,300
45555,1,300
45581,1,300
45603,1,300
45606,1,300
45606,1,300
45608,1,300
45619,1,300
45632,1,300
45654,1,300
45674,1,300
45677,1,300
45731,1,300
45733,1,300
45756,1,300
45757,1,300
45766,1,300
45818,1,300
45819,1,300
45829,1,300
45858,1,300
45868,1,300
45873,1,300
45967,1,300
46020,1,300
46056,1,300
46062,1,300
46091,1,300
46123,1,300
46127,1,300
46140,1,300
46146,1,300
46194,1,300
46202,1,300
46261,1,300
46264,1,300
46284,1,300
46380,1,300
46393,1,300
46454,1,300
46482,1,300
46495,1,300
46525,1,300
46530,1,300
46603,1,300
46636,1,300
46662,1,300
46667,1,300
46692,1,300
46702,1,300
46712,1,300
46721,1,300
46728,1,300
46751,1,300
46768,1,300
46864,1,300
46881,1,300
46904,1,300
47068,1,300
47087,1,300
47129,1,300
47139,1,300
47150,1,300
47153,1,300
47187,1,300
47233,1,300
47360,1,300
47367,1,300
47385,1,300
47396,1,300
47398,1,300
47400,1,300
47434,1,300
47461,1,300
47524,1,300
47535,1,300
47569,1,300
47604,1,300
47604,1,300
47608,1,300
47638,1,300
47672,1,300
47679,1,300
47754,1,300
47823,1,300
47863,1,300
47892,1,300
47924,1,300
47927,1,300
47944,1,300
48013,1,300
48033,1,300
48063,1,300
48095,1,300
48149,1,300
48216,1,300
48221,1,300
48261,1,300
48380,1,300
48428,1,300
48478,1,300
48480,1,300
48481,1,300
48508,1,300
48524,1,300
48537,1,300
48568,1,300
48586,1,300
48605,1,300
48636,1,300
48653,1,300
48666,1,300
48696,1,300
48701,1,300
48813,1,300
48824,1,300
48853,1,300
48901,1,300
48937,1,300
49007,1,300
49052,1,300
49063,1,300
49073,1,300
49078,1,300
49169,1,300
49201,1,300
49211,1,300
49212,1,300
49217,1,300
49271,1,300
49274,1,300
49290,1,300
49345,1,300
49375,1,300
49377,1,300
49450,1,300
49463,1,300
49468,1,300
49469,1,300
49558,1,300
49563,1,300
49572,1,300
49581,1,300
49598,1,300
49615,1,300
49690,1,300
49698,1,300
49711,1,300
49725,1,300
49752,1,300
49758,1,300
49762,1,300
49768,1,300
49773,1,300
49861,1,300
49879,1,300
49882,1,300
49890,1,300
50003,1,300
50067,1,300
50129,1,300
50251,1,300
50263,1,300
50267,1,300
50320,1,300
50335,1,300
50345,1,300
50403,1,300
50408,1,300
50458,1,300
50472,1,300
50492,1,300
50516,1,300
50568,1,300
50579,1,300
50586,1,300
50586,1,300
50591,1,300
50591,1,300
50635,1,300
50682,1,300
50845,1,300
50882,1,300
50914,1,300
51019,1,300
51029,1,300
51040,1,300
51067,1,300
51098,1,300
51182,1,300
51215,1,300
51217,1,300
51266,1,300
51299,1,300
51353,1,300
51387,1,300
51388,1,300
51431,1,300
51440,1,300
51488,1,300
51517,1,300
51536,1,300
51539,1,300
51596,1,300
51611,1,300
51621,1,300
51673,1,300
51678,1,300
51750,1,300
51847,1,300
51863,1,300
51897,1,300
51927,1,300
52079,1,300
52173,1,300
52177,1,300
52263,1,300
52291,1,300
52294,1,300
52343,1,300
52343,1,300
52367,1,300
52367,1,300
52376,1,300
52380,1,300
52385,1,300
52433,1,300
52435,1,300
52483,1,300
52517,1,300
52550,1,300
52570,1,300
52664,1,300
52690,1,300
52735,1,300
52796,1,300
52796,1,300
52840,1,300
52843,1,300
52888,1,300
52900,1,300
53006,1,300
53059,1,300
53084,1,300
53095,1,300
53131,1,300
53136,1,300
53138,1,300
53161,1,300
53198,1,300
53350,1,300
53488,1,300
53518,1,300
53522,1,300
53537,1,300
53556,1,300
53601,1,300
53614,1,300
53658,1,300
53661,1,300
53708,1,300
53816,1,300
53869,1,300
53874,1,300
53915,1,300
53947,1,300
54018,1,300
54038,1,300
54060,1,300
54109,1,300
54161,1,300
54225,1,300
54289,1,300
54311,1,300
54384,1,300
54437,1,300
54450,1,300
54476,1,300
54519,1,300
54521,1,300
54725,1,300
54734,1,300
54826,1,300
54905,1,300
54964,1,300
55112,1,300
55225,1,300
55241,1,300
55279,1,300
55306,1,300
55337,1,300
55399,1,300
55460,1,300
55494,1,300
55501,1,300
55556,1,300
55560,1,300
55612,1,300
55614,1,300
55619,1,300
55639,1,300
55649,1,300
55683,1,300
55742,1,300
55749,1,300
55765,1,300
55785,1,300
55842,1,300
55858,1,300
55917,1,300
56069,1,300
56191,1,300
56207,1,300
56321,1,300
56357,1,300
56383,1,300
56419,1,300
56487,1,300
56565,1,300
56570,1,300
56593,1,300
56625,1,300
56640,1,300
56654,1,300
56680,1,300
56743,1,300
56751,1,300
56783,1,300
56874,1,300
56876,1,300
56892,1,300
56917,1,300
56964,1,300
57016,1,300
57019,1,300
57046,1,300
57077,1,300
57079,1,300
57083,1,300
57090,1,300
57112,1,300
57114,1,300
57118,1,300
57121,1,300
57159,1,300
57174,1,300
57187,1,300
57191,1,300
57252,1,300
57256,1,300
57273,1,300
57294,1,300
57313,1,300
57318,1,300
57330,1,300
57350,1,300
57360,1,300
57381,1,300
57427,1,300
57432,1,300
57432,1,300
57455,1,300
57486,1,300
57492,1,300
57535,1,300
57540,1,300
57562,1,300
57594,1,300
57630,1,300
57651,1,300
57659,1,300
57676,1,300
57679,1,300
57692,1,300
57711,1,300
57762,1,300
57794,1,300
57799,1,300
57827,1,300
57878,1,300
57899,1,300
58001,1,300
58030,1,300
58053,1,300
58062,1,300
58064,1,300
58098,1,300
58104,1,300
58127,1,300
58149,1,300
58150,1,300
58262,1,300
58264,1,300
58267,1,300
58336,1,300
58342,1,300
58441,1,300
58466,1,300
58490,1,300
58494,1,300
58495,1,300
58500,1,300
58616,1,300
58619,1,300
58697,1,300
58720,1,300
58735,1,300
58744,1,300
58769,1,300
58783,1,300
58833,1,300
58841,1,300
58850,1,300
58863,1,300
58896,1,300
58908,1,300
58946,1,300
58962,1,300
58972,1,300
58986,1,300
58986,1,300
59008,1,300
59015,1,300
59024,1,300
59026,1,300
59030,1,300
59088,1,300
59099,1,300
59121,1,300
59156,1,300
59250,1,300
59311,1,300
59353,1,300
59439,1,300
59475,1,300
59477,1,300
59493,1,300
59508,1,300
59539,1,300
59580,1,300
59627,1,300
59653,1,300
59668,1,300
59735,1,300
59739,1,300
59748,1,300
59766,1,300
59789,1,300
59979,1,300
60002,1,300
60006,1,300
60019,1,300
60023,1,300
60042,1,300
60092,1,300
60099,1,300
60103,1,300
60148,1,300
60185,1,300
60215,1,300
60271,1,300
60304,1,300
60308,1,300
60352,1,300
60392,1,300
60405,1,300
60557,1,300
60565,1,300
60586,1,300
60668,1,300
60674,1,300
60723,1,300
60765,1,300
60773,1,300
60783,1,300
60833,1,300
60879,1,300
60893,1,300
60923,1,300
60947,1,300
60958,1,300
60973,1,300
61054,1,300
61087,1,300
61098,1,300
61117,1,300
61131,1,300
61140,1,300
61177,1,300
61256,1,300
61269,1,300
61274,1,300
61275,1,300
61317,1,300
61335,1,300
61349,1,300
61369,1,300
61403,1,300
61403,1,300
61413,1,300
61416,1,300
61437,1,300
61453,1,300
61507,1,300
61512,1,300
61513,1,300
61520,1,300
61526,1,300
61561,1,300
61580,1,300
61595,1,300
61627,1,300
61658,1,300
61666,1,300
61692,1,300
61697,1,300
61713,1,300
61734,1,300
61750,1,300
61775,1,300
61780,1,300
61787,1,300
61831,1,300
61846,1,300
61858,1,300
61869,1,300
61874,1,300
61875,1,300
61881,1,300
61894,1,300
61934,1,300
61936,1,300
62000,1,300
62019,1,300
62045,1,300
62056,1,300
62084,1,300
62122,1,300
62124,1,300
62164,1,300
62165,1,300
62215,1,300
62238,1,300
62247,1,300
62268,1,300
62315,1,300
62330,1,300
62339,1,300
62350,1,300
62364,1,300
62376,1,300
62379,1,300
62384,1,300
62470,1,300
62475,1,300
62479,1,300
62484,1,300
62500,1,300
62565,1,300
62591,1,300
62595,1,300
62627,1,300
62649,1,300
62665,1,300
62687,1,300
62734,1,300
62769,1,300
62791,1,300
62819,1,300
62819,1,300
62832,1,300
62844,1,300
62845,1,300
62853,1,300
62875,1,300
62876,1,300
62878,1,300
62885,1,300
62901,1,300
63067,1,300
63082,1,300
63086,1,300
63096,1,300
63112,1,300
63114,1,300
63197,1,300
63227,1,300
63228,1,300
63257,1,300
63272,1,300
63280,1,300
63352,1,300
63378,1,300
63405,1,300
63416,1,300
63444,1,300
63458,1,300
63495,1,300
63497,1,300
63499,1,300
63507,1,300
63508,1,300
63530,1,300
63531,1,300
63556,1,300
63579,1,300
63584,1,300
63600,1,300
63617,1,300
63758,1,300
63769,1,300
63804,1,300
63815,1,300
63823,1,300
63832,1,300
63865,1,300
63885,1,300
63887,1,300
64039,1,300
64046,1,300
64101,1,300
64139,1,300
64149,1,300
64167,1,300
64215,1,300
64216,1,300
64220,1,300
64227,1,300
64234,1,300
64269,1,300
64327,1,300
64369,1,300
64393,1,300
64408,1,300
64451,1,300
64489,1,300
64501,1,300
64515,1,300
64534,1,300
64556,1,300
64638,1,300
64646,1,300
64663,1,300
64684,1,300
64699,1,300
64737,1,300
64741,1,300
64800,1,300
64827,1,300
64837,1,300
64875,1,300
64883,1,300
64894,1,300
64908,1,300
64920,1,300
65052,1,300
65067,1,300
65101,1,300
65112,1,300
65119,1,300
65124,1,300
65128,1,300
65158,1,300
65165,1,300
65204,1,300
65310,1,300
65327,1,300
65364,1,300
65365,1,300
65429,1,300
65462,1,300
65483,1,300
65496,1,300
65523,1,300
65596,1,300
65604,1,300
65609,1,300
65625,1,300
65627,1,300
65632,1,300
65677,1,300
65710,1,300
65712,1,300
65742,1,300
65754,1,300
65805,1,300
65813,1,300
65825,1,300
65832,1,300
65835,1,300
65835,1,300
65871,1,300
65889,1,300
65897,1,300
65937,1,300
66067,1,300
66093,1,300
66133,1,300
66135,1,300
66135,1,300
66135,1,300
66143,1,300
66147,1,300
66151,1,300
66189,1,300
66199,1,300
66222,1,300
66286,1,300
66378,1,300
66432,1,300
66545,1,300
66556,1,300
66559,1,300
66587,1,300
66591,1,300
66620,1,300
66630,1,300
66644,1,300
66657,1,300
66658,1,300
66714,1,300
66728,1,300
66783,1,300
66798,1,300
66826,1,300
66857,1,300
66924,1,300
66937,1,300
66950,1,300
67011,1,300
67050,1,300
67078,1,300
67093,1,300
67111,1,300
67126,1,300
67191,1,300
67195,1,300
67247,1,300
67253,1,300
67275,1,300
67277,1,300
67278,1,300
67299,1,300
67313,1,300
67347,1,300
67397,1,300
67438,1,300
67483,1,300
67552,1,300
67562,1,300
67568,1,300
67570,1,300
67571,1,300
67583,1,300
67614,1,300
67624,1,300
67643,1,300
67674,1,300
67675,1,300
67686,1,300
67698,1,300
67737,1,300
67773,1,300
67778,1,300
67784,1,300
67819,1,300
67842,1,300
67855,1,300
67894,1,300
67909,1,300
67917,1,300
67984,1,300
68008,1,300
68039,1,300
68041,1,300
68042,1,300
68050,1,300
68103,1,300
68128,1,300
68158,1,300
68178,1,300
68192,1,300
68254,1,300
68287,1,300
68293,1,300
68318,1,300
68321,1,300
68343,1,300
68416,1,300
68461,1,300
68475,1,300
68491,1,300
68533,1,300
68547,1,300
68548,1,300
68575,1,300
68577,1,300
68580,1,300
68595,1,300
68602,1,300
68647,1,300
68657,1,300
68734,1,300
68831,1,300
68834,1,300
68851,1,300
68858,1,300
68872,1,300
68875,1,300
68880,1,300
68886,1,300
68905,1,300
68933,1,300
68941,1,300
68953,1,300
69000,1,300
69019,1,300
69027,1,300
69059,1,300
69088,1,300
69127,1,300
69146,1,300
69161,1,300
69170,1,300
69196,1,300
69202,1,300
69209,1,300
69209,1,300
69212,1,300
69228,1,300
69235,1,300
69276,1,300
69302,1,300
69302,1,300
69303,1,300
69317,1,300
69318,1,300
69326,1,300
69338,1,300
69348,1,300
69357,1,300
69380,1,300
69389,1,300
69394,1,300
69408,1,300
69424,1,300
69463,1,300
69471,1,300
69475,1,300
69484,1,300
69503,1,300
69532,1,300
69553,1,300
69573,1,300
69583,1,300
69586,1,300
69605,1,300
69613,1,300
69621,1,300
69656,1,300
69659,1,300
69660,1,300
69664,1,300
69678,1,300
69684,1,300
69689,1,300
69689,1,300
69722,1,300
69743,1,300
69771,1,300
69788,1,300
69815,1,300
69820,1,300
69829,1,300
69840,1,300
69863,1,300
69878,1,300
69879,1,300
69905,1,300
69923,1,300
69939,1,300
69940,1,300
70009,1,300
70081,1,300
70092,1,300
70123,1,300
70135,1,300
70150,1,300
70159,1,300
70171,1,300
70174,1,300
70188,1,300
70210,1,300
70250,1,300
70279,1,300
70279,1,300
70300,1,300
70311,1,300
70316,1,300
70328,1,300
70333,1,300
70360,1,300
70413,1,300
70420,1,300
70422,1,300
70435,1,300
70468,1,300
70491,1,300
70509,1,300
70576,1,300
70578,1,300
70583,1,300
70593,1,300
70597,1,300
70618,1,300
70620,1,300
70642,1,300
70649,1,300
70656,1,300
70657,1,300
70658,1,300
70664,1,300
70712,1,300
70779,1,300
70786,1,300
70791,1,300
70793,1,300
70818,1,300
70829,1,300
70829,1,300
70830,1,300
70842,1,300
70864,1,300
70885,1,300
70896,1,300
70937,1,300
70938,1,300
70940,1,300
71012,1,300
71033,1,300
71039,1,300
71041,1,300
71044,1,300
71049,1,300
71057,1,300
71085,1,300
71097,1,300
71098,1,300
71118,1,300
71128,1,300
71140,1,300
71143,1,300
71150,1,300
71154,1,300
71189,1,300
71203,1,300
71222,1,300
71234,1,300
71237,1,300
71298,1,300
71304,1,300
71321,1,300
71400,1,300
71428,1,300
71449,1,300
71455,1,300
71462,1,300
71487,1,300
71503,1,300
71511,1,300
71516,1,300
71523,1,300
71578,1,300
71596,1,300
71597,1,300
71615,1,300
71617,1,300
71623,1,300
71645,1,300
71648,1,300
71649,1,300
71653,1,300
71656,1,300
71656,1,300
71681,1,300
71700,1,300
71716,1,300
71718,1,300
71723,1,300
71732,1,300
71739,1,300
71750,1,300
71760,1,300
71778,1,300
71781,1,300
71797,1,300
71817,1,300
71870,1,300
71945,1,300
71945,1,300
72012,1,300
72027,1,300
72037,1,300
72037,1,300
72048,1,300
72051,1,300
72065,1,300
72069,1,300
72101,1,300
72101,1,300
72148,1,300
72159,1,300
72165,1,300
72165,1,300
72176,1,300
72180,1,300
72190,1,300
72205,1,300
72207,1,300
72211,1,300
72224,1,300
72242,1,300
72251,1,300
72279,1,300
72283,1,300
72290,1,300
72300,1,300
72310,1,300
72334,1,300
72336,1,300
72362,1,300
72363,1,300
72369,1,300
72422,1,300
72428,1,300
72448,1,300
72461,1,300
72465,1,300
72478,1,300
72506,1,300
72512,1,300
72515,1,300
72516,1,300
72529,1,300
72532,1,300
72536,1,300
72554,1,300
72561,1,300
72568,1,300
72569,1,300
72593,1,300
72603,1,300
72603,1,300
72612,1,300
72612,1,300
72629,1,300
72664,1,300
72666,1,300
72682,1,300
72685,1,300
72706,1,300
72712,1,300
72715,1,300
72730,1,300
72731,1,300
72748,1,300
72763,1,300
72765,1,300
72786,1,300
72788,1,300
72799,1,300
72804,1,300
72821,1,300
72827,1,300
72838,1,300
72840,1,300
72872,1,300
72876,1,300
72892,1,300
72894,1,300
73020,1,300
73054,1,300
73059,1,300
73064,1,300
73075,1,300
73097,1,300
73117,1,300
73131,1,300
73173,1,300
73193,1,300
73215,1,300
73232,1,300
73234,1,300
73243,1,300
73247,1,300
73271,1,300
73304,1,300
73344,1,300
73379,1,300
73405,1,300
73410,1,300
73419,1,300
73423,1,300
73425,1,300
73487,1,300
73491,1,300
73498,1,300
73547,1,300
73560,1,300
73565,1,300
73591,1,300
73602,1,300
73670,1,300
73688,1,300
73691,1,300
73697,1,300
73698,1,300
73728,1,300
73749,1,300
73761,1,300
73775,1,300
73797,1,300
73797,1,300
73830,1,300
73855,1,300
73873,1,300
73875,1,300
73885,1,300
73887,1,300
73894,1,300
73897,1,300
74008,1,300
74061,1,300
74064,1,300
74080,1,300
74081,1,300
74104,1,300
74123,1,300
74126,1,300
74153,1,300
74154,1,300
74159,1,300
74183,1,300
74184,1,300
74222,1,300
74225,1,300
74246,1,300
74247,1,300
74266,1,300
74273,1,300
74305,1,300
74320,1,300
74327,1,300
74350,1,300
74351,1,300
74460,1,300
74479,1,300
74496,1,300
74518,1,300
74541,1,300
74543,1,300
74549,1,300
74564,1,300
74656,1,300
74661,1,300
74691,1,300
74701,1,300
74707,1,300
74742,1,300
74748,1,300
74763,1,300
74766,1,300
74770,1,300
74793,1,300
74809,1,300
74817,1,300
74819,1,300
74819,1,300
74827,1,300
74842,1,300
74848,1,300
74853,1,300
74861,1,300
74883,1,300
74894,1,300
74901,1,300
74920,1,300
74938,1,300
75027,1,300
75033,1,300
75034,1,300
75080,1,300
75104,1,300
75126,1,300
75135,1,300
75142,1,300
75182,1,300
75213,1,300
75255,1,300
75314,1,300
75320,1,300
75321,1,300
75346,1,300
75353,1,300
75359,1,300
75361,1,300
75406,1,300
75467,1,300
75488,1,300
75493,1,300
75513,1,300
75517,1,300
75522,1,300
75536,1,300
75563,1,300
75567,1,300
75568,1,300
75583,1,300
75594,1,300
75602,1,300
75610,1,300
75622,1,300
75646,1,300
75647,1,300
75677,1,300
75680,1,300
75687,1,300
75710,1,300
75716,1,300
75717,1,300
75724,1,300
75731,1,300
75781,1,300
75787,1,300
75820,1,300
75859,1,300
75872,1,300
75902,1,300
75919,1,300
75924,1,300
75930,1,300
76008,1,300
76023,1,300
76038,1,300
76077,1,300
76095,1,300
76101,1,300
76109,1,300
76110,1,300
76144,1,300
76164,1,300
76178,1,300
76208,1,300
76214,1,300
76222,1,300
76229,1,300
76281,1,300
76301,1,300
76304,1,300
76341,1,300
76352,1,300
76353,1,300
76369,1,300
76385,1,300
76406,1,300
76433,1,300
76477,1,300
76496,1,300
76502,1,300
76513,1,300
76547,1,300
76548,1,300
76567,1,300
76590,1,300
76600,1,300
76616,1,300
76641,1,300
76664,1,300
76666,1,300
76690,1,300
76702,1,300
76718,1,300
76718,1,300
76723,1,300
76725,1,300
76729,1,300
76731,1,300
76735,1,300
76746,1,300
76758,1,300
76760,1,300
76776,1,300
76778,1,300
76782,1,300
76783,1,300
76797,1,300
76804,1,300
76830,1,300
76912,1,300
77024,1,300
77034,1,300
77096,1,300
77113,1,300
77117,1,300
77125,1,300
77129,1,300
77160,1,300
77163,1,300
77202,1,300
77240,1,300
77295,1,300
77301,1,300
77308,1,300
77312,1,300
77318,1,300
77322,1,300
77326,1,300
77383,1,300
77395,1,300
77411,1,300
77428,1,300
77463,1,300
77502,1,300
77517,1,300
77543,1,300
77546,1,300
77583,1,300
77587,1,300
77598,1,300
77610,1,300
77623,1,300
77627,1,300
77634,1,300
77730,1,300
77758,1,300
77769,1,300
77782,1,300
77788,1,300
77788,1,300
77802,1,300
77814,1,300
77844,1,300
77849,1,300
77851,1,300
77859,1,300
77888,1,300
77890,1,300
77892,1,300
77893,1,300
77903,1,300
77927,1,300
78000,1,300
78024,1,300
78028,1,300
78031,1,300
78070,1,300
78145,1,300
78192,1,300
78197,1,300
78200,1,300
78203,1,300
78207,1,300
78238,1,300
78267,1,300
78318,1,300
78325,1,300
78347,1,300
78355,1,300
78404,1,300
78438,1,300
78442,1,300
78455,1,300
78456,1,300
78469,1,300
78481,1,300
78511,1,300
78530,1,300
78537,1,300
78557,1,300
78575,1,300
78623,1,300
78633,1,300
78634,1,300
78645,1,300
78647,1,300
78651,1,300
78672,1,300
78721,1,300
78724,1,300
78755,1,300
78801,1,300
78808,1,300
78832,1,300
78847,1,300
78858,1,300
79018,1,300
79040,1,300
79136,1,300
79162,1,300
79196,1,300
79214,1,300
79219,1,300
79226,1,300
79226,1,300
79278,1,300
79323,1,300
79345,1,300
79445,1,300
79463,1,300
79478,1,300
79491,1,300
79497,1,300
79528,1,300
79545,1,300
79547,1,300
79576,1,300
79591,1,300
79592,1,300
79595,1,300
79616,1,300
79637,1,300
79651,1,300
79665,1,300
79687,1,300
79695,1,300
79713,1,300
79721,1,300
79728,1,300
79736,1,300
79736,1,300
79747,1,300
79785,1,300
79786,1,300
79797,1,300
79817,1,300
79835,1,300
79861,1,300
79862,1,300
79863,1,300
79875,1,300
79886,1,300
79897,1,300
79905,1,300
79917,1,300
79938,1,300
79946,1,300
79968,1,300
80000,1,300
80015,1,300
80024,1,300
80048,1,300
80049,1,300
80084,1,300
80110,1,300
80143,1,300
80144,1,300
80184,1,300
80201,1,300
80214,1,300
80220,1,300
80236,1,300
80257,1,300
80272,1,300
80279,1,300
80289,1,300
80335,1,300
80362,1,300
80386,1,300
80454,1,300
80478,1,300
80524,1,300
80557,1,300
80558,1,300
80587,1,300
80610,1,300
80613,1,300
80620,1,300
80621,1,300
80648,1,300
80669,1,300
80687,1,300
80711,1,300
80717,1,300
80751,1,300
80755,1,300
80760,1,300
80760,1,300
80781,1,300
80788,1,300
80806,1,300
80870,1,300
80912,1,300
80921,1,300
81006,1,300
81014,1,300
81022,1,300
81023,1,300
81035,1,300
81059,1,300
81061,1,300
81074,1,300
81079,1,300
81098,1,300
81105,1,300
81105,1,300
81113,1,300
81143,1,300
81157,1,300
81162,1,300
81165,1,300
81167,1,300
81178,1,300
81180,1,300
81198,1,300
81223,1,300
81228,1,300
81265,1,300
81267,1,300
81274,1,300
81280,1,300
81285,1,300
81287,1,300
81296,1,300
81297,1,300
81303,1,300
81313,1,300
81321,1,300
81378,1,300
81379,1,300
81381,1,300
81383,1,300
81386,1,300
81396,1,300
81421,1,300
81432,1,300
81454,1,300
81491,1,300
81496,1,300
81521,1,300
81531,1,300
81544,1,300
81545,1,300
81579,1,300
81587,1,300
81600,1,300
81615,1,300
81619,1,300
81623,1,300
81629,1,300
81643,1,300
81647,1,300
81654,1,300
81666,1,300
81676,1,300
81678,1,300
81682,1,300
81685,1,300
81686,1,300
81687,1,300
81700,1,300
81704,1,300
81710,1,300
81746,1,300
81749,1,300
81752,1,300
81790,1,300
81798,1,300
81808,1,300
81836,1,300
81847,1,300
81849,1,300
81850,1,300
81859,1,300
81861,1,300
82026,1,300
82034,1,300
82051,1,300
82066,1,300
82068,1,300
82107,1,300
82112,1,300
82145,1,300
82166,1,300
82182,1,300
82185,1,300
82190,1,300
82195,1,300
82203,1,300
82232,1,300
82244,1,300
82248,1,300
82266,1,300
82268,1,300
82301,1,300
82331,1,300
82344,1,300
82362,1,300
82381,1,300
82390,1,300
82409,1,300
82425,1,300
82441,1,300
82456,1,300
82457,1,300
82462,1,300
82470,1,300
82475,1,300
82483,1,300
82510,1,300
82515,1,300
82550,1,300
82562,1,300
82601,1,300
82609,1,300
82614,1,300
82625,1,300
82670,1,300
82681,1,300
82685,1,300
82686,1,300
82702,1,300
82703,1,300
82779,1,300
82781,1,300
82786,1,300
82791,1,300
82795,1,300
82808,1,300
82810,1,300
82839,1,300
82844,1,300
82874,1,300
82894,1,300
82894,1,300
82939,1,300
83042,1,300
83050,1,300
83062,1,300
83066,1,300
83080,1,300
83093,1,300
83103,1,300
83131,1,300
83158,1,300
83165,1,300
83166,1,300
83166,1,300
83175,1,300
83176,1,300
83181,1,300
83229,1,300
83234,1,300
83241,1,300
83252,1,300
83252,1,300
83253,1,300
83266,1,300
83266,1,300
83266,1,300
83269,1,300
83289,1,300
83295,1,300
83301,1,300
83307,1,300
83331,1,300
83352,1,300
83354,1,300
83370,1,300
83378,1,300
83385,1,300
83392,1,300
83393,1,300
83396,1,300
83431,1,300
83475,1,300
83491,1,300
83506,1,300
83511,1,300
83531,1,300
83538,1,300
83557,1,300
83609,1,300
83609,1,300
83617,1,300
83632,1,300
83633,1,300
83635,1,300
83649,1,300
83661,1,300
83663,1,300
83679,1,300
83696,1,300
83701,1,300
83723,1,300
83735,1,300
83748,1,300
83754,1,300
83781,1,300
83783,1,300
83783,1,300
83805,1,300
83809,1,300
83813,1,300
83826,1,300
83837,1,300
83841,1,300
83859,1,300
83868,1,300
83869,1,300
83872,1,300
83893,1,300
83919,1,300
83922,1,300
83926,1,300
84018,1,300
84044,1,300
84062,1,300
84072,1,300
84120,1,300
84133,1,300
84140,1,300
84144,1,300
84154,1,300
84154,1,300
84156,1,300
84171,1,300
84173,1,300
84181,1,300
84209,1,300
84224,1,300
84234,1,300
84237,1,300
84255,1,300
84261,1,300
84266,1,300
84267,1,300
84283,1,300
84292,1,300
84295,1,300
84306,1,300
84327,1,300
84339,1,300
84342,1,300
84373,1,300
84375,1,300
84397,1,300
84412,1,300
84420,1,300
84463,1,300
84469,1,300
84486,1,300
84490,1,300
84555,1,300
84576,1,300
84594,1,300
84619,1,300
84627,1,300
84644,1,300
84646,1,300
84655,1,300
84796,1,300
84823,1,300
84826,1,300
84828,1,300
84845,1,300
84851,1,300
84854,1,300
84860,1,300
84894,1,300
84896,1,300
84899,1,300
84901,1,300
84915,1,300
84935,1,300
85021,1,300
85039,1,300
85060,1,300
85079,1,300
85085,1,300
85086,1,300
85099,1,300
85104,1,300
85111,1,300
85112,1,300
85124,1,300
85143,1,300
85170,1,300
85183,1,300
85239,1,300
85239,1,300
85246,1,300
85255,1,300
85274,1,300
85325,1,300
85328,1,300
85329,1,300
85348,1,300
85366,1,300
85367,1,300
85391,1,300
85391,1,300
85414,1,300
85421,1,300
85426,1,300
85479,1,300
85511,1,300
85520,1,300
85567,1,300
85571,1,300
85580,1,300
85607,1,300
85614,1,300
85632,1,300
85662,1,300
85667,1,300
85699,1,300
85704,1,300
85735,1,300
85736,1,300
85744,1,300
85751,1,300
85799,1,300
85817,1,300
85830,1,300
85831,1,300
85839,1,300
85870,1,300
85879,1,300
85895,1,300
85897,1,300
85903,1,300
85912,1,300
85941,1,300
86011,1,300
86026,1,300
86039,1,300
86050,1,300
86051,1,300
86070,1,300
86085,1,300
86087,1,300
86121,1,300
86126,1,300
86153,1,300
86159,1,300
86169,1,300
86230,1,300
86251,1,300
86275,1,300
86285,1,300
86302,1,300
86303,1,300
86307,1,300
86310,1,300
86321,1,300
86338,1,300
86377,1,300
86382,1,300
86395,1,300
86395,1,300
86408,1,300
86417,1,300
86440,1,300
86463,1,300
86474,1,300
86478,1,300
86554,1,300
86572,1,300
86579,1,300
86610,1,300
86616,1,300
86622,1,300
86661,1,300
86670,1,300
86686,1,300
86687,1,300
86698,1,300
86705,1,300
86706,1,300
86710,1,300
86732,1,300
86767,1,300
86767,1,300
86780,1,300
86834,1,300
86854,1,300
86892,1,300
86907,1,300
86908,1,300
87002,1,300
87048,1,300
87055,1,300
87098,1,300
87117,1,300
87124,1,300
87142,1,300
87179,1,300
87224,1,300
87239,1,300
87239,1,300
87267,1,300
87268,1,300
87269,1,300
87279,1,300
87281,1,300
87296,1,300
87329,1,300
87353,1,300
87364,1,300
87376,1,300
87393,1,300
87399,1,300
87436,1,300
87440,1,300
87442,1,300
87452,1,300
87454,1,300
87484,1,300
87502,1,300
87526,1,300
87536,1,300
87567,1,300
87569,1,300
87576,1,300
87583,1,300
87628,1,300
87629,1,300
87677,1,300
87680,1,300
87687,1,300
87689,1,300
87713,1,300
87716,1,300
87736,1,300
87738,1,300
87747,1,300
87761,1,300
87790,1,300
87800,1,300
87802,1,300
87831,1,300
87841,1,300
87850,1,300
87857,1,300
87861,1,300
87873,1,300
87901,1,300
87902,1,300
87904,1,300
88004,1,300
88006,1,300
88014,1,300
88058,1,300
88081,1,300
88118,1,300
88121,1,300
88163,1,300
88174,1,300
88257,1,300
88282,1,300
88291,1,300
88302,1,300
88321,1,300
88347,1,300
88380,1,300
88405,1,300
88407,1,300
88409,1,300
88410,1,300
88437,1,300
88450,1,300
88454,1,300
88479,1,300
88484,1,300
88492,1,300
88502,1,300
88516,1,300
88521,1,300
88533,1,300
88537,1,300
88566,1,300
88608,1,300
88625,1,300
88631,1,300
88696,1,300
88698,1,300
88708,1,300
88720,1,300
88747,1,300
88770,1,300
88784,1,300
88794,1,300
88822,1,300
89009,1,300
89040,1,300
89044,1,300
89062,1,300
89064,1,300
89079,1,300
89083,1,300
89089,1,300
89152,1,300
89175,1,300
89189,1,300
89193,1,300
89194,1,300
89217,1,300
89228,1,300
89232,1,300
89240,1,300
89243,1,300
89250,1,300
89266,1,300
89313,1,300
89319,1,300
89325,1,300
89334,1,300
89336,1,300
89344,1,300
89365,1,300
89465,1,300
89484,1,300
89506,1,300
89537,1,300
89577,1,300
89608,1,300
89628,1,300
89659,1,300
89679,1,300
89699,1,300
89700,1,300
89729,1,300
89741,1,300
89782,1,300
89789,1,300
89807,1,300
89814,1,300
89825,1,300
89842,1,300
89845,1,300
89855,1,300
89885,1,300
89929,1,300
89938,1,300
89938,1,300
90006,1,300
90029,1,300
90056,1,300
90075,1,300
90081,1,300
90093,1,300
90094,1,300
90151,1,300
90153,1,300
90162,1,300
90210,1,300
90212,1,300
90238,1,300
90283,1,300
90294,1,300
90299,1,300
90308,1,300
90322,1,300
90334,1,300
90360,1,300
90376,1,300
90404,1,300
90404,1,300
90429,1,300
90472,1,300
90515,1,300
90517,1,300
90522,1,300
90578,1,300
90589,1,300
90614,1,300
90620,1,300
90628,1,300
90659,1,300
90695,1,300
90704,1,300
90715,1,300
90736,1,300
90758,1,300
90763,1,300
90764,1,300
90841,1,300
90851,1,300
90858,1,300
90863,1,300
90875,1,300
90884,1,300
90893,1,300
91026,1,300
91034,1,300
91062,1,300
91066,1,300
91141,1,300
91198,1,300
91266,1,300
91269,1,300
91299,1,300
91318,1,300
91324,1,300
91352,1,300
91361,1,300
91364,1,300
91402,1,300
91409,1,300
91415,1,300
91428,1,300
91432,1,300
91434,1,300
91454,1,300
91474,1,300
91499,1,300
91516,1,300
91522,1,300
91535,1,300
91544,1,300
91556,1,300
91603,1,300
91618,1,300
91620,1,300
91629,1,300
91634,1,300
91645,1,300
91648,1,300
91662,1,300
91662,1,300
91664,1,300
91718,1,300
91722,1,300
91735,1,300
91749,1,300
91755,1,300
91758,1,300
91759,1,300
91782,1,300
91807,1,300
91815,1,300
91822,1,300
91825,1,300
91840,1,300
91844,1,300
91872,1,300
91897,1,300
91899,1,300
91913,1,300
91914,1,300
91917,1,300
91930,1,300
92024,1,300
92066,1,300
92071,1,300
92113,1,300
92177,1,300
92182,1,300
92192,1,300
92194,1,300
92253,1,300
92274,1,300
92286,1,300
92287,1,300
92294,1,300
92318,1,300
92318,1,300
92320,1,300
92321,1,300
92345,1,300
92349,1,300
92352,1,300
92352,1,300
92353,1,300
92360,1,300
92408,1,300
92419,1,300
92421,1,300
92440,1,300
92463,1,300
92523,1,300
92527,1,300
92543,1,300
92576,1,300
92578,1,300
92582,1,300
92586,1,300
92602,1,300
92619,1,300
92622,1,300
92672,1,300
92739,1,300
92743,1,300
92748,1,300
92754,1,300
92755,1,300
92757,1,300
92771,1,300
92828,1,300
92840,1,300
93004,1,300
93018,1,300
93040,1,300
93064,1,300
93066,1,300
93079,1,300
93095,1,300
93095,1,300
93103,1,300
93105,1,300
93113,1,300
93128,1,300
93132,1,300
93137,1,300
93143,1,300
93146,1,300
93164,1,300
93167,1,300
93168,1,300
93172,1,300
93175,1,300
93187,1,300
93188,1,300
93191,1,300
93194,1,300
93196,1,300
93196,1,300
93200,1,300
93241,1,300
93242,1,300
93256,1,300
93273,1,300
93278,1,300
93280,1,300
93281,1,300
93283,1,300
93308,1,300
93308,1,300
93309,1,300
93323,1,300
93325,1,300
93345,1,300
93346,1,300
93354,1,300
93361,1,300
93383,1,300
93393,1,300
93422,1,300
93426,1,300
93428,1,300
93431,1,300
93431,1,300
93432,1,300
93435,1,300
93446,1,300
93455,1,300
93472,1,300
93474,1,300
93476,1,300
93476,1,300
93477,1,300
93482,1,300
93490,1,300
93511,1,300
93523,1,300
93545,1,300
93551,1,300
93553,1,300
93555,1,300
93560,1,300
93562,1,300
93567,1,300
93578,1,300
93579,1,300
93579,1,300
93585,1,300
93585,1,300
93589,1,300
93594,1,300
93602,1,300
93608,1,300
93618,1,300
93625,1,300
93629,1,300
93639,1,300
93641,1,300
93656,1,300
93669,1,300
93673,1,300
93689,1,300
93716,1,300
93722,1,300
93741,1,300
93760,1,300
93778,1,300
93790,1,300
93792,1,300
93797,1,300
93798,1,300
93799,1,300
93799,1,300
93838,1,300
93842,1,300
93844,1,300
93846,1,300
93847,1,300
93860,1,300
94006,1,300
94010,1,300
94027,1,300
94040,1,300
94057,1,300
94081,1,300
94088,1,300
94099,1,300
94107,1,300
94107,1,300
94113,1,300
94167,1,300
94175,1,300
94178,1,300
94195,1,300
94199,1,300
94224,1,300
94224,1,300
94237,1,300
94258,1,300
94262,1,300
94265,1,300
94271,1,300
94296,1,300
94298,1,300
94308,1,300
94310,1,300
94319,1,300
94329,1,300
94338,1,300
94342,1,300
94344,1,300
94364,1,300
94368,1,300
94398,1,300
94416,1,300
94455,1,300
94468,1,300
94471,1,300
94505,1,300
94513,1,300
94527,1,300
94571,1,300
94587,1,300
94588,1,300
94602,1,300
94627,1,300
94636,1,300
94646,1,300
94656,1,300
94663,1,300
94672,1,300
94677,1,300
94696,1,300
94704,1,300
94745,1,300
94745,1,300
94781,1,300
94803,1,300
94810,1,300
94811,1,300
94817,1,300
94817,1,300
94851,1,300
94853,1,300
94861,1,300
94873,1,300
95005,1,300
95019,1,300
95022,1,300
95034,1,300
95036,1,300
95050,1,300
95068,1,300
95071,1,300
95096,1,300
95098,1,300
95103,1,300
95119,1,300
95121,1,300
95130,1,300
95131,1,300
95163,1,300
95165,1,300
95182,1,300
95191,1,300
95201,1,300
95241,1,300
95250,1,300
95250,1,300
95266,1,300
95272,1,300
95280,1,300
95304,1,300
95331,1,300
95333,1,300
95338,1,300
95351,1,300
95361,1,300
95395,1,300
95403,1,300
95406,1,300
95422,1,300
95423,1,300
95463,1,300
95475,1,300
95513,1,300
95519,1,300
95529,1,300
95551,1,300
95551,1,300
95554,1,300
95555,1,300
95557,1,300
95560,1,300
95577,1,300
95594,1,300
95606,1,300
95647,1,300
95648,1,300
95659,1,300
95662,1,300
95670,1,300
95673,1,300
95692,1,300
95716,1,300
95729,1,300
95734,1,300
95741,1,300
95741,1,300
95751,1,300
95768,1,300
95803,1,300
95812,1,300
95826,1,300
95844,1,300
95852,1,300
96053,1,300
96055,1,300
96067,1,300
96076,1,300
96123,1,300
96141,1,300
96176,1,300
96179,1,300
96196,1,300
96208,1,300
96214,1,300
96218,1,300
96236,1,300
96271,1,300
96299,1,300
96309,1,300
96357,1,300
96359,1,300
96363,1,300
96372,1,300
96417,1,300
96465,1,300
96465,1,300
96467,1,300
96477,1,300
96501,1,300
96544,1,300
96549,1,300
96592,1,300
96596,1,300
96603,1,300
96608,1,300
96612,1,300
96646,1,300
96658,1,300
96664,1,300
96687,1,300
96705,1,300
96745,1,300
96782,1,300
96791,1,300
96827,1,300
96853,1,300
96867,1,300
96881,1,300
96904,1,300
96908,1,300
96910,1,300
97014,1,300
97026,1,300
97050,1,300
97050,1,300
97081,1,300
97101,1,300
97124,1,300
97154,1,300
97155,1,300
97180,1,300
97215,1,300
97215,1,300
97226,1,300
97228,1,300
97229,1,300
97276,1,300
97281,1,300
97287,1,300
97291,1,300
97327,1,300
97341,1,300
97348,1,300
97360,1,300
97363,1,300
97381,1,300
97387,1,300
97392,1,300
97412,1,300
97422,1,300
97425,1,300
97474,1,300
97486,1,300
97495,1,300
97511,1,300
97518,1,300
97533,1,300
97535,1,300
97539,1,300
97540,1,300
97541,1,300
97542,1,300
97544,1,300
97563,1,300
97563,1,300
97585,1,300
97593,1,300
97608,1,300
97609,1,300
97621,1,300
97624,1,300
97633,1,300
97635,1,300
97645,1,300
97655,1,300
97664,1,300
97675,1,300
97689,1,300
97713,1,300
97717,1,300
97719,1,300
97731,1,300
97733,1,300
97754,1,300
97799,1,300
97803,1,300
97804,1,300
97811,1,300
97820,1,300
97831,1,300
97831,1,300
97851,1,300
97857,1,300
97865,1,300
97900,1,300
97905,1,300
97925,1,300
98023,1,300
98120,1,300
98120,1,300
98144,1,300
98188,1,300
98207,1,300
98245,1,300
98256,1,300
98271,1,300
98274,1,300
98287,1,300
98296,1,300
98308,1,300
98383,1,300
98385,1,300
98387,1,300
98387,1,300
98435,1,300
98460,1,300
98478,1,300
98496,1,300
98507,1,300
98545,1,300
98566,1,300
98568,1,300
98578,1,300
98594,1,300
98594,1,300
98594,1,300
98597,1,300
98597,1,300
98605,1,300
98613,1,300
98668,1,300
98675,1,300
98705,1,300
98710,1,300
98713,1,300
98720,1,300
98737,1,300
98737,1,300
98749,1,300
98751,1,300
98764,1,300
98767,1,300
98768,1,300
98786,1,300
98791,1,300
98792,1,300
98799,1,300
98817,1,300
98853,1,300
98891,1,300
98899,1,300
98924,1,300
98936,1,300
98938,1,300
98941,1,300
98944,1,300
98945,1,300
98955,1,300
99002,1,300
99035,1,300
99038,1,300
99040,1,300
99043,1,300
99044,1,300
99101,1,300
99107,1,300
99114,1,300
99117,1,300
99125,1,300
99127,1,300
99143,1,300
99161,1,300
99170,1,300
99295,1,300
99303,1,300
99348,1,300
99378,1,300
99382,1,300
99382,1,300
99391,1,300
99405,1,300
99417,1,300
99473,1,300
99538,1,300
99551,1,300
99568,1,300
99572,1,300
99575,1,300
99575,1,300
99577,1,300
99577,1,300
99607,1,300
99626,1,300
99629,1,300
99648,1,300
99659,1,300
99673,1,300
99673,1,300
99688,1,300
99703,1,300
99704,1,300
99706,1,300
99719,1,300
99749,1,300
99757,1,300
99764,1,300
99787,1,300
99799,1,300
99822,1,300
99839,1,300
99846,1,300
99846,1,300
99858,1,300
99873,1,300
99874,1,300
99891,1,300
99900,1,300
99915,1,300
99923,1,300
99932,1,300
99938,1,300
100005,1,300
100019,1,300
100032,1,300
100043,1,300
100049,1,300
100051,1,300
100057,1,300
100059,1,300
100066,1,300
100074,1,300
100082,1,300
100088,1,300
100088,1,300
100105,1,300
100122,1,300
100137,1,300
100179,1,300
100183,1,300
100196,1,300
100203,1,300
100211,1,300
100242,1,300
100247,1,300
100260,1,300
100263,1,300
100270,1,300
100274,1,300
100287,1,300
100298,1,300
100308,1,300
100309,1,300
100314,1,300
100318,1,300
100319,1,300
100344,1,300
100348,1,300
100349,1,300
100374,1,300
100423,1,300
100427,1,300
100448,1,300
100463,1,300
100471,1,300
100487,1,300
100488,1,300
100491,1,300
100493,1,300
100496,1,300
100498,1,300
100507,1,300
100511,1,300
100517,1,300
100519,1,300
100524,1,300
100529,1,300
100530,1,300
100553,1,300
100559,1,300
100568,1,300
100575,1,300
100609,1,300
100620,1,300
100622,1,300
100634,1,300
100637,1,300
100642,1,300
100660,1,300
100682,1,300
100704,1,300
100715,1,300
100741,1,300
100742,1,300
100751,1,300
100756,1,300
100780,1,300
100796,1,300
100798,1,300
100798,1,300
100844,1,300
101027,1,300
101058,1,300
101063,1,300
101097,1,300
101097,1,300
101101,1,300
101122,1,300
101158,1,300
101165,1,300
101165,1,300
101166,1,300
101173,1,300
101182,1,300
101186,1,300
101191,1,300
101203,1,300
101212,1,300
101221,1,300
101229,1,300
101245,1,300
101247,1,300
101254,1,300
101285,1,300
101285,1,300
101345,1,300
101372,1,300
101389,1,300
101409,1,300
101439,1,300
101441,1,300
101444,1,300
101479,1,300
101479,1,300
101504,1,300
101505,1,300
101522,1,300
101532,1,300
101562,1,300
101566,1,300
101572,1,300
101574,1,300
101581,1,300
101591,1,300
101592,1,300
101610,1,300
101617,1,300
101625,1,300
101665,1,300
101693,1,300
101707,1,300
101708,1,300
101723,1,300
101733,1,300
101742,1,300
101743,1,300
101748,1,300
101748,1,300
101769,1,300
101772,1,300
101784,1,300
101822,1,300
101832,1,300
101891,1,300
101898,1,300
101923,1,300
101952,1,300
101961,1,300
102023,1,300
102036,1,300
102055,1,300
102063,1,300
102093,1,300
102100,1,300
102108,1,300
102117,1,300
102122,1,300
102138,1,300
102145,1,300
102163,1,300
102164,1,300
102172,1,300
102175,1,300
102222,1,300
102224,1,300
102227,1,300
102241,1,300
102245,1,300
102260,1,300
102263,1,300
102268,1,300
102269,1,300
102281,1,300
102373,1,300
102382,1,300
102395,1,300
102398,1,300
102398,1,300
102402,1,300
102403,1,300
102411,1,300
102473,1,300
102473,1,300
102515,1,300
102516,1,300
102516,1,300
102520,1,300
102528,1,300
102535,1,300
102536,1,300
102539,1,300
102568,1,300
102600,1,300
102605,1,300
102610,1,300
102627,1,300
102636,1,300
102655,1,300
102661,1,300
102663,1,300
102677,1,300
102688,1,300
102689,1,300
102694,1,300
102697,1,300
102704,1,300
102730,1,300
102742,1,300
102782,1,300
102787,1,300
102793,1,300
102800,1,300
102834,1,300
102835,1,300
102853,1,300
102862,1,300
102877,1,300
102883,1,300
102894,1,300
102912,1,300
102912,1,300
102920,1,300
102935,1,300
102937,1,300
102938,1,300
102963,1,300
102971,1,300
102981,1,300
103005,1,300
103019,1,300
103021,1,300
103046,1,300
103053,1,300
103107,1,300
103155,1,300
103172,1,300
103197,1,300
103252,1,300
103256,1,300
103284,1,300
103292,1,300
103317,1,300
103329,1,300
103334,1,300
103340,1,300
103355,1,300
103368,1,300
103383,1,300
103396,1,300
103415,1,300
103448,1,300
103516,1,300
103560,1,300
103579,1,300
103594,1,300
103598,1,300
103606,1,300
103642,1,300
103644,1,300
103646,1,300
103707,1,300
103710,1,300
103722,1,300
103746,1,300
103772,1,300
103775,1,300
103789,1,300
103821,1,300
103836,1,300
103862,1,300
103864,1,300
103884,1,300
103887,1,300
103901,1,300
103907,1,300
104010,1,300
104015,1,300
104034,1,300
104036,1,300
104043,1,300
104051,1,300
104055,1,300
104057,1,300
104069,1,300
104098,1,300
104122,1,300
104129,1,300
104161,1,300
104162,1,300
104181,1,300
104186,1,300
104228,1,300
104254,1,300
104262,1,300
104321,1,300
104333,1,300
104408,1,300
104437,1,300
104468,1,300
104483,1,300
104488,1,300
104499,1,300
104532,1,300
104540,1,300
104565,1,300
104572,1,300
104624,1,300
104634,1,300
104636,1,300
104655,1,300
104662,1,300
104668,1,300
104699,1,300
104713,1,300
104750,1,300
104774,1,300
104782,1,300
104793,1,300
104829,1,300
104845,1,300
104851,1,300
104858,1,300
104865,1,300
104903,1,300
104914,1,300
105047,1,300
105071,1,300
105102,1,300
105108,1,300
105131,1,300
105136,1,300
105146,1,300
105152,1,300
105155,1,300
105158,1,300
105164,1,300
105187,1,300
105193,1,300
105224,1,300
105235,1,300
105240,1,300
105241,1,300
105242,1,300
105252,1,300
105276,1,300
105294,1,300
105300,1,300
105320,1,300
105353,1,300
105379,1,300
105382,1,300
105398,1,300
105407,1,300
105410,1,300
105439,1,300
105448,1,300
105450,1,300
105454,1,300
105468,1,300
105471,1,300
105484,1,300
105488,1,300
105489,1,300
105528,1,300
105565,1,300
105575,1,300
105610,1,300
105612,1,300
105615,1,300
105618,1,300
105633,1,300
105657,1,300
105679,1,300
105697,1,300
105709,1,300
105748,1,300
105815,1,300
105829,1,300
105832,1,300
105859,1,300
105873,1,300
105888,1,300
105894,1,300
106016,1,300
106021,1,300
106049,1,300
106074,1,300
106079,1,300
106103,1,300
106110,1,300
106119,1,300
106140,1,300
106180,1,300
106181,1,300
106191,1,300
106197,1,300
106229,1,300
106231,1,300
106236,1,300
106253,1,300
106276,1,300
106287,1,300
106306,1,300
106307,1,300
106311,1,300
106354,1,300
106394,1,300
106441,1,300
106457,1,300
106490,1,300
106521,1,300
106527,1,300
106532,1,300
106558,1,300
106582,1,300
106628,1,300
106637,1,300
106643,1,300
106646,1,300
106647,1,300
106692,1,300
106726,1,300
106732,1,300
106760,1,300
106784,1,300
106800,1,300
106807,1,300
106814,1,300
106820,1,300
106838,1,300
106873,1,300
106976,1,300
106983,1,300
107001,1,300
107004,1,300
107007,1,300
107017,1,300
107038,1,300
107038,1,300
107057,1,300
107062,1,300
107125,1,300
107146,1,300
107167,1,300
107175,1,300
107183,1,300
107202,1,300
107228,1,300
107265,1,300
107308,1,300
107310,1,300
107315,1,300
107357,1,300
107367,1,300
107369,1,300
107377,1,300
107384,1,300
107391,1,300
107395,1,300
107418,1,300
107421,1,300
107447,1,300
107478,1,300
107492,1,300
107503,1,300
107531,1,300
107549,1,300
107581,1,300
107611,1,300
107619,1,300
107635,1,300
107638,1,300
107644,1,300
107651,1,300
107656,1,300
107667,1,300
107685,1,300
107715,1,300
107750,1,300
107786,1,300
107793,1,300
107809,1,300
107831,1,300
107853,1,300
107887,1,300
107895,1,300
107911,1,300
107925,1,300
107932,1,300
107948,1,300
108007,1,300
108010,1,300
108013,1,300
108016,1,300
108027,1,300
108048,1,300
108081,1,300
108138,1,300
108143,1,300
108150,1,300
108154,1,300
108160,1,300
108167,1,300
108237,1,300
108253,1,300
108265,1,300
108277,1,300
108289,1,300
108289,1,300
108313,1,300
108316,1,300
108339,1,300
108363,1,300
108404,1,300
108404,1,300
108435,1,300
108454,1,300
108468,1,300
108616,1,300
108629,1,300
108644,1,300
108671,1,300
108679,1,300
108700,1,300
108701,1,300
108742,1,300
108746,1,300
108828,1,300
108842,1,300
108882,1,300
108883,1,300
108895,1,300
108945,1,300
109005,1,300
109020,1,300
109022,1,300
109034,1,300
109077,1,300
109082,1,300
109113,1,300
109114,1,300
109139,1,300
109180,1,300
109214,1,300
109241,1,300
109280,1,300
109290,1,300
109313,1,300
109322,1,300
109403,1,300
109406,1,300
109432,1,300
109462,1,300
109475,1,300
109500,1,300
109501,1,300
109505,1,300
109562,1,300
109591,1,300
109593,1,300
109597,1,300
109623,1,300
109645,1,300
109646,1,300
109682,1,300
109684,1,300
109691,1,300
109770,1,300
109818,1,300
109854,1,300
109867,1,300
109926,1,300
109932,1,300
109934,1,300
109943,1,300
109945,1,300
109946,1,300
109949,1,300
109962,1,300
110010,1,300
110042,1,300
110063,1,300
110066,1,300
110079,1,300
110109,1,300
110121,1,300
110123,1,300
110131,1,300
110147,1,300
110158,1,300
110162,1,300
110202,1,300
110255,1,300
110269,1,300
110301,1,300
110308,1,300
110317,1,300
110353,1,300
110358,1,300
110394,1,300
110396,1,300
110405,1,300
110467,1,300
110475,1,300
110491,1,300
110498,1,300
110506,1,300
110516,1,300
110565,1,300
110573,1,300
110577,1,300
110609,1,300
110631,1,300
110643,1,300
110653,1,300
110683,1,300
110684,1,300
110699,1,300
110716,1,300
110750,1,300
110756,1,300
110759,1,300
110829,1,300
110841,1,300
110854,1,300
110873,1,300
110894,1,300
111006,1,300
111030,1,300
111049,1,300
111073,1,300
111109,1,300
111125,1,300
111131,1,300
111140,1,300
111159,1,300
111172,1,300
111178,1,300
111214,1,300
111242,1,300
111244,1,300
111244,1,300
111248,1,300
111255,1,300
111255,1,300
111284,1,300
111308,1,300
111311,1,300
111366,1,300
111413,1,300
111427,1,300
111446,1,300
111447,1,300
111469,1,300
111470,1,300
111494,1,300
111499,1,300
111547,1,300
111559,1,300
111582,1,300
111612,1,300
111628,1,300
111645,1,300
111656,1,300
111704,1,300
111707,1,300
111712,1,300
111716,1,300
111718,1,300
111728,1,300
111732,1,300
111735,1,300
111745,1,300
111805,1,300
111822,1,300
111910,1,300
111933,1,300
111945,1,300
111956,1,300
111964,1,300
112005,1,300
112055,1,300
112061,1,300
112077,1,300
112078,1,300
112079,1,300
112080,1,300
112082,1,300
112098,1,300
112129,1,300
112148,1,300
112149,1,300
112188,1,300
112201,1,300
112202,1,300
112239,1,300
112254,1,300
112283,1,300
112285,1,300
112321,1,300
112345,1,300
112369,1,300
112374,1,300
112374,1,300
112430,1,300
112466,1,300
112471,1,300
112475,1,300
112481,1,300
112521,1,300
112521,1,300
112535,1,300
112546,1,300
112556,1,300
112559,1,300
112573,1,300
112591,1,300
112629,1,300
112658,1,300
112712,1,300
112724,1,300
112743,1,300
112753,1,300
112759,1,300
112761,1,300
112802,1,300
112841,1,300
112852,1,300
112865,1,300
112883,1,300
112902,1,300
112911,1,300
112933,1,300
112952,1,300
112999,1,300
113030,1,300
113062,1,300
113082,1,300
113083,1,300
113136,1,300
113164,1,300
113193,1,300
113205,1,300
113227,1,300
113228,1,300
113250,1,300
113260,1,300
113287,1,300
113298,1,300
113311,1,300
113311,1,300
113368,1,300
113386,1,300
113388,1,300
113415,1,300
113421,1,300
113430,1,300
113475,1,300
113480,1,300
113480,1,300
113531,1,300
113547,1,300
113550,1,300
113594,1,300
113604,1,300
113608,1,300
113614,1,300
113667,1,300
113672,1,300
113693,1,300
113716,1,300
113761,1,300
113768,1,300
113770,1,300
113770,1,300
113815,1,300
113818,1,300
113872,1,300
113880,1,300
113890,1,300
113890,1,300
113890,1,300
113897,1,300
113904,1,300
113924,1,300
114006,1,300
114067,1,300
114070,1,300
114093,1,300
114119,1,300
114169,1,300
114181,1,300
114209,1,300
114219,1,300
114233,1,300
114237,1,300
114283,1,300
114284,1,300
114299,1,300
114310,1,300
114330,1,300
114347,1,300
114358,1,300
114367,1,300
114381,1,300
114412,1,300
114451,1,300
114464,1,300
114483,1,300
114511,1,300
114531,1,300
114533,1,300
114542,1,300
114548,1,300
114570,1,300
114599,1,300
114678,1,300
114704,1,300
114705,1,300
114724,1,300
114770,1,300
114772,1,300
114787,1,300
114801,1,300
114815,1,300
114848,1,300
114891,1,300
114955,1,300
115007,1,300
115012,1,300
115022,1,300
115023,1,300
115045,1,300
115100,1,300
115134,1,300
115141,1,300
115159,1,300
115159,1,300
115196,1,300
115196,1,300
115318,1,300
115327,1,300
115333,1,300
115359,1,300
115412,1,300
115437,1,300
115463,1,300
115503,1,300
115529,1,300
115553,1,300
115556,1,300
115561,1,300
115578,1,300
115579,1,300
115591,1,300
115632,1,300
115641,1,300
115648,1,300
115652,1,300
115720,1,300
115727,1,300
115810,1,300
115818,1,300
115832,1,300
115857,1,300
115861,1,300
115893,1,300
115904,1,300
116003,1,300
116009,1,300
116010,1,300
116023,1,300
116051,1,300
116063,1,300
116075,1,300
116132,1,300
116135,1,300
116266,1,300
116281,1,300
116292,1,300
116320,1,300
116349,1,300
116362,1,300
116452,1,300
116452,1,300
116454,1,300
116457,1,300
116525,1,300
116525,1,300
116528,1,300
116556,1,300
116573,1,300
116593,1,300
116594,1,300
116602,1,300
116636,1,300
116656,1,300
116667,1,300
116675,1,300
116695,1,300
116711,1,300
116747,1,300
116819,1,300
116825,1,300
116838,1,300
116857,1,300
116867,1,300
116867,1,300
116903,1,300
116906,1,300
116910,1,300
116914,1,300
116924,1,300
117009,1,300
117032,1,300
117036,1,300
117038,1,300
117055,1,300
117065,1,300
117066,1,300
117083,1,300
117084,1,300
117128,1,300
117170,1,300
117205,1,300
117206,1,300
117213,1,300
117213,1,300
117261,1,300
117264,1,300
117266,1,300
117272,1,300
117336,1,300
117342,1,300
117346,1,300
117347,1,300
117371,1,300
117402,1,300
117430,1,300
117452,1,300
117474,1,300
117499,1,300
117531,1,300
117543,1,300
117554,1,300
117582,1,300
117612,1,300
117661,1,300
117696,1,300
117773,1,300
117778,1,300
117807,1,300
117819,1,300
117827,1,300
117832,1,300
117845,1,300
117894,1,300
117896,1,300
117903,1,300
117904,1,300
117907,1,300
117916,1,300
118036,1,300
118087,1,300
118155,1,300
118180,1,300
118260,1,300
118265,1,300
118285,1,300
118285,1,300
118293,1,300
118307,1,300
118337,1,300
118351,1,300
118389,1,300
118419,1,300
118441,1,300
118472,1,300
118550,1,300
118576,1,300
118582,1,300
118624,1,300
118685,1,300
118688,1,300
118764,1,300
118767,1,300
118782,1,300
118827,1,300
118858,1,300
118958,1,300
118959,1,300
119081,1,300
119177,1,300
119181,1,300
119190,1,300
119264,1,300
119295,1,300
119375,1,300
119388,1,300
119396,1,300
119398,1,300
119414,1,300
119443,1,300
119465,1,300
119468,1,300
119483,1,300
119493,1,300
119531,1,300
119662,1,300
119663,1,300
119684,1,300
119703,1,300
119704,1,300
119705,1,300
119709,1,300
119709,1,300
119738,1,300
119761,1,300
119766,1,300
119783,1,300
119812,1,300
119818,1,300
119859,1,300
119915,1,300
119970,1,300
119984,1,300
119999,1,300
120012,1,300
120023,1,300
120076,1,300
120092,1,300
120209,1,300
120242,1,300
120249,1,300
120321,1,300
120347,1,300
120371,1,300
120486,1,300
120493,1,300
120504,1,300
120527,1,300
120535,1,300
120548,1,300
120593,1,300
120710,1,300
120730,1,300
120746,1,300
120774,1,300
120830,1,300
120971,1,300
120979,1,300
121082,1,300
121083,1,300
121108,1,300
121111,1,300
121111,1,300
121120,1,300
121152,1,300
121153,1,300
121155,1,300
121295,1,300
121296,1,300
121335,1,300
121356,1,300
121363,1,300
121400,1,300
121513,1,300
121539,1,300
121561,1,300
121571,1,300
121584,1,300
121645,1,300
121729,1,300
121751,1,300
121770,1,300
121808,1,300
121867,1,300
121884,1,300
121896,1,300
121911,1,300
121927,1,300
121934,1,300
121940,1,300
121943,1,300
121953,1,300
121966,1,300
121967,1,300
121973,1,300
121977,1,300
122040,1,300
122056,1,300
122061,1,300
122111,1,300
122121,1,300
122144,1,300
122175,1,300
122205,1,300
122215,1,300
122260,1,300
122285,1,300
122306,1,300
122308,1,300
122312,1,300
122312,1,300
122338,1,300
122361,1,300
122366,1,300
122367,1,300
122386,1,300
122388,1,300
122396,1,300
122402,1,300
122404,1,300
122437,1,300
122452,1,300
122519,1,300
122586,1,300
122608,1,300
122626,1,300
122662,1,300
122743,1,300
122750,1,300
122779,1,300
122853,1,300
122881,1,300
122903,1,300
122918,1,300
122942,1,300
122956,1,300
122959,1,300
122974,1,300
122978,1,300
123015,1,300
123020,1,300
123032,1,300
123102,1,300
123136,1,300
123154,1,300
123270,1,300
123301,1,300
123314,1,300
123394,1,300
123426,1,300
123466,1,300
123468,1,300
123498,1,300
123510,1,300
123537,1,300
123539,1,300
123545,1,300
123562,1,300
123740,1,300
123765,1,300
123798,1,300
123829,1,300
123877,1,300
123897,1,300
123988,1,300
124027,1,300
124045,1,300
124046,1,300
124082,1,300
124094,1,300
124097,1,300
124165,1,300
124178,1,300
124191,1,300
124222,1,300
124231,1,300
124278,1,300
124301,1,300
124337,1,300
124341,1,300
124361,1,300
124392,1,300
124410,1,300
124423,1,300
124530,1,300
124563,1,300
124683,1,300
124688,1,300
124715,1,300
124721,1,300
124725,1,300
124821,1,300
124860,1,300
124881,1,300
125007,1,300
125053,1,300
125082,1,300
125136,1,300
125137,1,300
125154,1,300
125173,1,300
125188,1,300
125247,1,300
125320,1,300
125330,1,300
125331,1,300
125378,1,300
125428,1,300
125437,1,300
125447,1,300
125504,1,300
125588,1,300
125680,1,300
125699,1,300
125767,1,300
125770,1,300
125808,1,300
125845,1,300
125924,1,300
125933,1,300
125957,1,300
125971,1,300
126082,1,300
126088,1,300
126113,1,300
126152,1,300
126212,1,300
126228,1,300
126244,1,300
126274,1,300
126315,1,300
126345,1,300
126418,1,300
126490,1,300
126494,1,300
126566,1,300
126576,1,300
126662,1,300
126670,1,300
126781,1,300
126813,1,300
126923,1,300
126944,1,300
126984,1,300
127004,1,300
127073,1,300
127076,1,300
127143,1,300
127199,1,300
127216,1,300
127228,1,300
127235,1,300
127391,1,300
127396,1,300
127407,1,300
127538,1,300
127542,1,300
127591,1,300
127603,1,300
127625,1,300
127625,1,300
127639,1,300
127648,1,300
127668,1,300
127721,1,300
127739,1,300
127776,1,300
127847,1,300
127860,1,300
127874,1,300
127905,1,300
127908,1,300
127912,1,300
127971,1,300
128004,1,300
128061,1,300
128101,1,300
128176,1,300
128195,1,300
128217,1,300
128217,1,300
128229,1,300
128377,1,300
128379,1,300
128385,1,300
128392,1,300
128464,1,300
128479,1,300
128522,1,300
128566,1,300
128615,1,300
128629,1,300
128649,1,300
128676,1,300
128715,1,300
128726,1,300
128769,1,300
128789,1,300
128883,1,300
128900,1,300
129005,1,300
129038,1,300
129054,1,300
129146,1,300
129149,1,300
129242,1,300
129243,1,300
129334,1,300
129374,1,300
129406,1,300
129422,1,300
129447,1,300
129449,1,300
129452,1,300
129507,1,300
129517,1,300
129524,1,300
129528,1,300
129532,1,300
129569,1,300
129606,1,300
129610,1,300
129717,1,300
129816,1,300
129828,1,300
129880,1,300
129890,1,300
129902,1,300
129918,1,300
129918,1,300
129934,1,300
129972,1,300
130108,1,300
130176,1,300
130228,1,300
130286,1,300
130306,1,300
130309,1,300
130363,1,300
130438,1,300
130526,1,300
130542,1,300
130584,1,300
130612,1,300
130646,1,300
130654,1,300
130786,1,300
130877,1,300
130914,1,300
130970,1,300
131008,1,300
131017,1,300
131041,1,300
131190,1,300
131327,1,300
131343,1,300
131349,1,300
131439,1,300
131451,1,300
131465,1,300
131490,1,300
131504,1,300
131508,1,300
131531,1,300
131567,1,300
131624,1,300
131640,1,300
131659,1,300
131688,1,300
131761,1,300
131817,1,300
131841,1,300
131935,1,300
132082,1,300
132086,1,300
132168,1,300
132197,1,300
132232,1,300
132234,1,300
132286,1,300
132295,1,300
132307,1,300
132338,1,300
132343,1,300
132392,1,300
132492,1,300
132504,1,300
132548,1,300
132553,1,300
132581,1,300
132645,1,300
132656,1,300
132677,1,300
132708,1,300
132774,1,300
132821,1,300
132866,1,300
132867,1,300
132881,1,300
132951,1,300
133038,1,300
133078,1,300
133138,1,300
133179,1,300
133205,1,300
133300,1,300
133321,1,300
133347,1,300
133422,1,300
133425,1,300
133426,1,300
133511,1,300
133596,1,300
133626,1,300
133646,1,300
133791,1,300
133841,1,300
133845,1,300
133895,1,300
133953,1,300
133966,1,300
134061,1,300
134081,1,300
134289,1,300
134351,1,300
134356,1,300
134534,1,300
134544,1,300
134604,1,300
134621,1,300
134656,1,300
134663,1,300
134693,1,300
134754,1,300
134760,1,300
134806,1,300
134843,1,300
134854,1,300
134885,1,300
135021,1,300
135108,1,300
135152,1,300
135154,1,300
135178,1,300
135236,1,300
135392,1,300
135466,1,300
135489,1,300
135519,1,300
135562,1,300
135643,1,300
135756,1,300
135761,1,300
135954,1,300
136008,1,300
136056,1,300
136061,1,300
136098,1,300
136265,1,300
136301,1,300
136312,1,300
136316,1,300
136324,1,300
136344,1,300
136363,1,300
136380,1,300
136468,1,300
136511,1,300
136623,1,300
136660,1,300
136662,1,300
136666,1,300
136670,1,300
136700,1,300
136719,1,300
136727,1,300
136779,1,300
136893,1,300
137028,1,300
137067,1,300
137093,1,300
137102,1,300
137289,1,300
137333,1,300
137397,1,300
137404,1,300
137415,1,300
137432,1,300
137436,1,300
137486,1,300
137528,1,300
137603,1,300
137723,1,300
137860,1,300
137865,1,300
137880,1,300
138048,1,300
138102,1,300
138159,1,300
138192,1,300
138203,1,300
138229,1,300
138265,1,300
138293,1,300
138340,1,300
138390,1,300
138463,1,300
138502,1,300
138541,1,300
138706,1,300
138721,1,300
138721,1,300
138768,1,300
138787,1,300
138813,1,300
138837,1,300
138860,1,300
138878,1,300
139030,1,300
139052,1,300
139118,1,300
139119,1,300
139217,1,300
139262,1,300
139423,1,300
139464,1,300
139747,1,300
139798,1,300
139838,1,300
139936,1,300
139970,1,300
139999,1,300
140000,1,300
140012,1,300
140048,1,300
140057,1,300
140166,1,300
140182,1,300
140264,1,300
140278,1,300
140368,1,300
140501,1,300
140510,1,300
140618,1,300
140669,1,300
140958,1,300
140993,1,300
141020,1,300
141113,1,300
141168,1,300
141192,1,300
141228,1,300
141290,1,300
141336,1,300
141337,1,300
141417,1,300
141424,1,300
141425,1,300
141463,1,300
141478,1,300
141538,1,300
141576,1,300
141607,1,300
141625,1,300
141634,1,300
141648,1,300
141659,1,300
141690,1,300
141706,1,300
141776,1,300
141781,1,300
141804,1,300
141820,1,300
141845,1,300
141872,1,300
141883,1,300
141935,1,300
141940,1,300
142083,1,300
142108,1,300
142307,1,300
142522,1,300
142582,1,300
142590,1,300
142666,1,300
142780,1,300
142791,1,300
142792,1,300
143041,1,300
143046,1,300
143244,1,300
143256,1,300
143486,1,300
143545,1,300
143783,1,300
143830,1,300
143998,1,300
144011,1,300
144013,1,300
144192,1,300
144269,1,300
144299,1,300
144300,1,300
144320,1,300
144450,1,300
144616,1,300
144635,1,300
144645,1,300
144648,1,300
144684,1,300
144731,1,300
144756,1,300
144761,1,300
144796,1,300
144895,1,300
144920,1,300
145022,1,300
145028,1,300
145226,1,300
145354,1,300
145441,1,300
145556,1,300
145569,1,300
145581,1,300
145664,1,300
145673,1,300
145697,1,300
145718,1,300
145793,1,300
145857,1,300
146022,1,300
146023,1,300
146442,1,300
146559,1,300
146890,1,300
147012,1,300
147027,1,300
147037,1,300
147210,1,300
147320,1,300
147348,1,300
147359,1,300
147498,1,300
147554,1,300
147603,1,300
147737,1,300
147747,1,300
147980,1,300
148031,1,300
148045,1,300
148053,1,300
148108,1,300
148115,1,300
148380,1,300
148431,1,300
148528,1,300
148564,1,300
148619,1,300
148921,1,300
148929,1,300
148963,1,300
148995,1,300
149089,1,300
149383,1,300
149408,1,300
149412,1,300
149465,1,300
149590,1,300
149743,1,300
149831,1,300
149851,1,300
150188,1,300
150535,1,300
150761,1,300
150891,1,300
151100,1,300
151137,1,300
151209,1,300
151256,1,300
151353,1,300
151357,1,300
151495,1,300
151529,1,300
151601,1,300
151682,1,300
151690,1,300
151692,1,300
151763,1,300
151789,1,300
151831,1,300
152105,1,300
152201,1,300
152618,1,300
152650,1,300
152958,1,300
153004,1,300
153006,1,300
153008,1,300
153027,1,300
153091,1,300
153198,1,300
153208,1,300
153318,1,300
153413,1,300
153556,1,300
153569,1,300
153642,1,300
153701,1,300
153793,1,300
153861,1,300
153869,1,300
153888,1,300
153913,1,300
154020,1,300
154051,1,300
154187,1,300
154196,1,300
154252,1,300
154257,1,300
154279,1,300
154422,1,300
154434,1,300
154480,1,300
154579,1,300
154897,1,300
154912,1,300
154913,1,300
154918,1,300
155044,1,300
155079,1,300
155138,1,300
155198,1,300
155340,1,300
155353,1,300
155370,1,300
155420,1,300
155456,1,300
155625,1,300
155677,1,300
155681,1,300
155719,1,300
155752,1,300
155764,1,300
155823,1,300
156006,1,300
156174,1,300
156452,1,300
156544,1,300
156583,1,300
156622,1,300
156716,1,300
156770,1,300
156848,1,300
156897,1,300
156953,1,300
156964,1,300
157140,1,300
157208,1,300
157226,1,300
157333,1,300
157652,1,300
157718,1,300
157831,1,300
157845,1,300
158141,1,300
158181,1,300
158183,1,300
158286,1,300
158326,1,300
158330,1,300
158335,1,300
158369,1,300
158517,1,300
158554,1,300
158601,1,300
158619,1,300
158688,1,300
158774,1,300
158893,1,300
158928,1,300
159003,1,300
159072,1,300
159107,1,300
159382,1,300
159526,1,300
159678,1,300
159788,1,300
159833,1,300
159906,1,300
159917,1,300
160037,1,300
160067,1,300
160088,1,300
160095,1,300
160133,1,300
160212,1,300
160267,1,300
160411,1,300
160442,1,300
160452,1,300
160471,1,300
160511,1,300
160581,1,300
160632,1,300
160643,1,300
160720,1,300
160773,1,300
160790,1,300
160888,1,300
160895,1,300
161004,1,300
161326,1,300
161455,1,300
162105,1,300
162180,1,300
162291,1,300
162453,1,300
162479,1,300
162654,1,300
163159,1,300
163415,1,300
163604,1,300
163614,1,300
163807,1,300
164085,1,300
164190,1,300
165001,1,300
165028,1,300
165058,1,300
165196,1,300
165233,1,300
165338,1,300
165359,1,300
165366,1,300
165420,1,300
165517,1,300
165626,1,300
165650,1,300
165708,1,300
165728,1,300
165781,1,300
165823,1,300
165857,1,300
165923,1,300
166013,1,300
166047,1,300
166060,1,300
166104,1,300
166155,1,300
166203,1,300
166356,1,300
166410,1,300
166511,1,300
166624,1,300
166662,1,300
166806,1,300
166858,1,300
166869,1,300
167049,1,300
167081,1,300
167117,1,300
167167,1,300
167180,1,300
167276,1,300
167344,1,300
167596,1,300
167814,1,300
167851,1,300
167919,1,300
168088,1,300
168179,1,300
168450,1,300
168748,1,300
168751,1,300
168824,1,300
168907,1,300
168917,1,300
168921,1,300
168967,1,300
168980,1,300
169020,1,300
169089,1,300
169249,1,300
169584,1,300
169656,1,300
169712,1,300
169818,1,300
170198,1,300
170218,1,300
170335,1,300
170390,1,300
170432,1,300
170484,1,300
170572,1,300
170695,1,300
170813,1,300
170841,1,300
170932,1,300
170938,1,300
171002,1,300
171030,1,300
171586,1,300
171650,1,300
171753,1,300
172230,1,300
172287,1,300
172409,1,300
172409,1,300
172577,1,300
172602,1,300
172629,1,300
172745,1,300
172769,1,300
172848,1,300
173052,1,300
173055,1,300
173088,1,300
173488,1,300
173809,1,300
173927,1,300
174045,1,300
174081,1,300
175082,1,300
175205,1,300
175323,1,300
175601,1,300
175734,1,300
175855,1,300
176001,1,300
176560,1,300
176840,1,300
176857,1,300
176944,1,300
177024,1,300
177090,1,300
177102,1,300
177103,1,300
177204,1,300
177223,1,300
177224,1,300
177226,1,300
177241,1,300
177296,1,300
177332,1,300
177353,1,300
177411,1,300
177437,1,300
177450,1,300
177462,1,300
177470,1,300
177503,1,300
177513,1,300
177532,1,300
177537,1,300
177645,1,300
177660,1,300
177698,1,300
177739,1,300
177743,1,300
177754,1,300
177761,1,300
177788,1,300
177790,1,300
177846,1,300
177861,1,300
177870,1,300
177870,1,300
177878,1,300
177916,1,300
177946,1,300
177949,1,300
177956,1,300
178025,1,300
178037,1,300
178127,1,300
178132,1,300
178307,1,300
178994,1,300
179011,1,300
179264,1,300
179289,1,300
179448,1,300
179848,1,300
179912,1,300
179921,1,300
180041,1,300
180143,1,300
180367,1,300
180879,1,300
180896,1,300
181134,1,300
181220,1,300
181298,1,300
181300,1,300
181557,1,300
182060,1,300
182088,1,300
182169,1,300
182326,1,300
182558,1,300
182633,1,300
182752,1,300
182886,1,300
182900,1,300
182955,1,300
182981,1,300
183102,1,300
183110,1,300
183655,1,300
183661,1,300
183866,1,300
184011,1,300
184021,1,300
184022,1,300
184023,1,300
184079,1,300
184081,1,300
184166,1,300
184201,1,300
184242,1,300
184402,1,300
184452,1,300
184555,1,300
184557,1,300
184616,1,300
184679,1,300
184685,1,300
184688,1,300
184729,1,300
184753,1,300
184772,1,300
184794,1,300
185298,1,300
185363,1,300
185402,1,300
185478,1,300
185644,1,300
185721,1,300
186121,1,300
186167,1,300
186386,1,300
186860,1,300
186872,1,300
187169,1,300
187240,1,300
187245,1,300
187258,1,300
187390,1,300
187638,1,300
187842,1,300
187949,1,300
187956,1,300
188031,1,300
188127,1,300
188149,1,300
188164,1,300
188222,1,300
188702,1,300
188739,1,300
188779,1,300
189042,1,300
189105,1,300
189311,1,300
189324,1,300
189398,1,300
189466,1,300
189502,1,300
189536,1,300
189599,1,300
189654,1,300
189733,1,300
189747,1,300
189751,1,300
189830,1,300
189842,1,300
189918,1,300
189934,1,300
189946,1,300
189979,1,300
189987,1,300
189988,1,300
190005,1,300
190249,1,300
190372,1,300
190405,1,300
190528,1,300
190669,1,300
190680,1,300
190697,1,300
190905,1,300
191073,1,300
191196,1,300
191334,1,300
191713,1,300
191886,1,300
192188,1,300
192278,1,300
192297,1,300
192375,1,300
192407,1,300
192450,1,300
192560,1,300
192760,1,300
192781,1,300
192813,1,300
192823,1,300
193108,1,300
193276,1,300
193326,1,300
193483,1,300
193925,1,300
193928,1,300
194066,1,300
194232,1,300
194244,1,300
194275,1,300
194321,1,300
194330,1,300
194620,1,300
194634,1,300
195001,1,300
195152,1,300
195250,1,300
195294,1,300
195296,1,300
195329,1,300
195443,1,300
195593,1,300
195621,1,300
195753,1,300
196096,1,300
196145,1,300
196164,1,300
196173,1,300
196241,1,300
196407,1,300
196601,1,300
196635,1,300
197045,1,300
197180,1,300
197423,1,300
197428,1,300
197547,1,300
197595,1,300
197699,1,300
197767,1,300
197929,1,300
197932,1,300
197969,1,300
198044,1,300
198049,1,300
198191,1,300
198394,1,300
198495,1,300
198970,1,300
199045,1,300
199050,1,300
199318,1,300
199560,1,300
199685,1,300
199741,1,300
200068,1,300
200364,1,300
200456,1,300
200522,1,300
200698,1,300
200781,1,300
201000,1,300
201058,1,300
201108,1,300
201117,1,300
201126,1,300
201150,1,300
201163,1,300
201164,1,300
201178,1,300
201221,1,300
201248,1,300
201315,1,300
201410,1,300
201412,1,300
201430,1,300
201437,1,300
201452,1,300
201468,1,300
201485,1,300
201492,1,300
201511,1,300
201526,1,300
201552,1,300
201577,1,300
201595,1,300
201620,1,300
201652,1,300
201658,1,300
201690,1,300
201695,1,300
201711,1,300
201717,1,300
201720,1,300
201741,1,300
201810,1,300
201860,1,300
201877,1,300
201879,1,300
201897,1,300
201928,1,300
201951,1,300
202074,1,300
202091,1,300
202221,1,300
202227,1,300
202342,1,300
202468,1,300
202568,1,300
202716,1,300
202717,1,300
202739,1,300
202773,1,300
202805,1,300
203012,1,300
203033,1,300
203093,1,300
203262,1,300
203459,1,300
203542,1,300
203828,1,300
203857,1,300
203959,1,300
204058,1,300
204099,1,300
204382,1,300
204417,1,300
204430,1,300
204650,1,300
204665,1,300
204927,1,300
205003,1,300
205042,1,300
205096,1,300
205222,1,300
205245,1,300
205276,1,300
205323,1,300
205454,1,300
205480,1,300
205515,1,300
205558,1,300
205700,1,300
205894,1,300
206024,1,300
206106,1,300
206291,1,300
206327,1,300
206328,1,300
206331,1,300
206436,1,300
206541,1,300
206622,1,300
206968,1,300
207008,1,300
207035,1,300
207048,1,300
207197,1,300
207215,1,300
207356,1,300
207407,1,300
207431,1,300
207508,1,300
207532,1,300
207724,1,300
207823,1,300
207839,1,300
207884,1,300
207930,1,300
208065,1,300
208125,1,300
208304,1,300
208306,1,300
208388,1,300
208432,1,300
208453,1,300
208479,1,300
208510,1,300
208596,1,300
208611,1,300
208644,1,300
208693,1,300
208748,1,300
208832,1,300
208877,1,300
208886,1,300
208970,1,300
209074,1,300
209147,1,300
209793,1,300
209883,1,300
210055,1,300
210217,1,300
210492,1,300
210561,1,300
210645,1,300
210714,1,300
210809,1,300
210834,1,300
211168,1,300
211169,1,300
211173,1,300
211283,1,300
211459,1,300
211562,1,300
211657,1,300
211675,1,300
211706,1,300
211805,1,300
211877,1,300
211879,1,300
212004,1,300
212099,1,300
212107,1,300
212122,1,300
212264,1,300
212442,1,300
212454,1,300
212588,1,300
212820,1,300
212976,1,300
213051,1,300
213084,1,300
213127,1,300
213135,1,300
213153,1,300
213169,1,300
213170,1,300
213307,1,300
213323,1,300
213368,1,300
213444,1,300
213564,1,300
213642,1,300
213655,1,300
213679,1,300
213682,1,300
213695,1,300
213722,1,300
213778,1,300
213798,1,300
213804,1,300
213835,1,300
213883,1,300
213902,1,300
213915,1,300
213926,1,300
213966,1,300
214010,1,300
214062,1,300
214092,1,300
214104,1,300
214112,1,300
214120,1,300
214223,1,300
214252,1,300
214418,1,300
214531,1,300
214567,1,300
214679,1,300
214709,1,300
214714,1,300
214820,1,300
214851,1,300
214893,1,300
215066,1,300
215205,1,300
215207,1,300
215223,1,300
215347,1,300
215376,1,300
215381,1,300
215392,1,300
215412,1,300
215451,1,300
215496,1,300
215533,1,300
215720,1,300
215784,1,300
216130,1,300
216137,1,300
216203,1,300
216551,1,300
216670,1,300
216772,1,300
216893,1,300
216981,1,300
216996,1,300
217045,1,300
217164,1,300
217199,1,300
217310,1,300
217330,1,300
217491,1,300
217500,1,300
217504,1,300
217631,1,300
217648,1,300
217763,1,300
217836,1,300
217843,1,300
218100,1,300
218152,1,300
218163,1,300
218227,1,300
218268,1,300
218310,1,300
218365,1,300
218415,1,300
218556,1,300
218585,1,300
218608,1,300
218644,1,300
218650,1,300
218762,1,300
218829,1,300
218915,1,300
218955,1,300
218970,1,300
219011,1,300
219077,1,300
219131,1,300
219250,1,300
219256,1,300
219256,1,300
219402,1,300
219515,1,300
219525,1,300
219551,1,300
219603,1,300
219629,1,300
219647,1,300
219664,1,300
220105,1,300
220109,1,300
220116,1,300
220183,1,300
220221,1,300
220240,1,300
220244,1,300
220369,1,300
220381,1,300
220413,1,300
220437,1,300
220439,1,300
220459,1,300
220500,1,300
220535,1,300
220561,1,300
220604,1,300
220611,1,300
220692,1,300
220692,1,300
220752,1,300
220795,1,300
220854,1,300
220864,1,300
220922,1,300
220962,1,300
221138,1,300
221234,1,300
221241,1,300
221266,1,300
221349,1,300
221394,1,300
221395,1,300
221636,1,300
221664,1,300
221668,1,300
221689,1,300
221747,1,300
221778,1,300
221826,1,300
221892,1,300
221898,1,300
221901,1,300
221958,1,300
222014,1,300
222045,1,300
222304,1,300
222782,1,300
222894,1,300
223104,1,300
223153,1,300
223201,1,300
223330,1,300
223467,1,300
223577,1,300
223673,1,300
223693,1,300
223707,1,300
223785,1,300
223836,1,300
223922,1,300
224022,1,300
224066,1,300
224147,1,300
224179,1,300
224327,1,300
224335,1,300
224397,1,300
224454,1,300
224481,1,300
224571,1,300
224728,1,300
224783,1,300
224809,1,300
225028,1,300
225073,1,300
225097,1,300
225146,1,300
225152,1,300
225166,1,300
225200,1,300
225255,1,300
225266,1,300
225295,1,300
225302,1,300
225317,1,300
225317,1,300
225334,1,300
225334,1,300
225412,1,300
225536,1,300
225550,1,300
225589,1,300
225628,1,300
225632,1,300
225708,1,300
225712,1,300
225743,1,300
225746,1,300
225759,1,300
225818,1,300
225819,1,300
225861,1,300
225879,1,300
225909,1,300
225913,1,300
225923,1,300
225957,1,300
225960,1,300
225960,1,300
226013,1,300
226015,1,300
226024,1,300
226032,1,300
226148,1,300
226159,1,300
226210,1,300
226288,1,300
226348,1,300
226396,1,300
226415,1,300
226480,1,300
226483,1,300
226485,1,300
226562,1,300
226611,1,300
226612,1,300
226654,1,300
226674,1,300
226689,1,300
226701,1,300
226719,1,300
226733,1,300
226749,1,300
226770,1,300
226821,1,300
226827,1,300
226829,1,300
226852,1,300
226852,1,300
226938,1,300
227008,1,300
227010,1,300
227035,1,300
227063,1,300
227066,1,300
227079,1,300
227088,1,300
227444,1,300
227450,1,300
227562,1,300
227607,1,300
227611,1,300
227664,1,300
227676,1,300
227692,1,300
227752,1,300
227761,1,300
227822,1,300
227823,1,300
227830,1,300
227857,1,300
227948,1,300
227986,1,300
227988,1,300
228017,1,300
228121,1,300
228149,1,300
228162,1,300
228192,1,300
228287,1,300
228293,1,300
228398,1,300
228414,1,300
228524,1,300
228529,1,300
228603,1,300
228624,1,300
228660,1,300
228666,1,300
228701,1,300
228703,1,300
228715,1,300
228791,1,300
228808,1,300
228817,1,300
228821,1,300
228844,1,300
228875,1,300
228940,1,300
228966,1,300
228975,1,300
229023,1,300
229102,1,300
229155,1,300
229207,1,300
229233,1,300
229297,1,300
229321,1,300
229403,1,300
229426,1,300
229446,1,300
229453,1,300
229514,1,300
229515,1,300
229518,1,300
229566,1,300
229648,1,300
229714,1,300
229721,1,300
229728,1,300
229759,1,300
229808,1,300
229853,1,300
229922,1,300
230007,1,300
230047,1,300
230054,1,300
230070,1,300
230117,1,300
230208,1,300
230241,1,300
230274,1,300
230292,1,300
230492,1,300
230537,1,300
230564,1,300
230585,1,300
230588,1,300
230632,1,300
230634,1,300
230834,1,300
231035,1,300
231053,1,300
231125,1,300
231131,1,300
231220,1,300
231222,1,300
231268,1,300
231286,1,300
231353,1,300
231364,1,300
231369,1,300
231376,1,300
231381,1,300
231422,1,300
231444,1,300
231446,1,300
231491,1,300
231504,1,300
231585,1,300
231594,1,300
231657,1,300
231668,1,300
231738,1,300
231768,1,300
231777,1,300
231794,1,300
231818,1,300
231842,1,300
231856,1,300
231897,1,300
232064,1,300
232066,1,300
232156,1,300
232410,1,300
232461,1,300
232511,1,300
232604,1,300
232609,1,300
232759,1,300
232859,1,300
232928,1,300
232974,1,300
233015,1,300
233025,1,300
233090,1,300
233110,1,300
233124,1,300
233142,1,300
233151,1,300
233207,1,300
233237,1,300
233301,1,300
233304,1,300
233358,1,300
233483,1,300
233610,1,300
233663,1,300
233676,1,300
233694,1,300
233718,1,300
233770,1,300
233807,1,300
233852,1,300
233868,1,300
233912,1,300
234006,1,300
234044,1,300
234045,1,300
234059,1,300
234110,1,300
234123,1,300
234227,1,300
234251,1,300
234294,1,300
234326,1,300
234353,1,300
234382,1,300
234517,1,300
234527,1,300
234649,1,300
234710,1,300
234836,1,300
234886,1,300
234908,1,300
234972,1,300
235023,1,300
235090,1,300
235129,1,300
235216,1,300
235335,1,300
235410,1,300
235469,1,300
235529,1,300
235547,1,300
235701,1,300
235734,1,300
235785,1,300
235796,1,300
235813,1,300
235837,1,300
236061,1,300
236074,1,300
236147,1,300
236156,1,300
236332,1,300
236348,1,300
236366,1,300
236488,1,300
236507,1,300
236519,1,300
236539,1,300
236559,1,300
236571,1,300
236582,1,300
236605,1,300
236626,1,300
236648,1,300
236659,1,300
236670,1,300
236731,1,300
236751,1,300
236763,1,300
236775,1,300
236808,1,300
236817,1,300
236828,1,300
236901,1,300
237083,1,300
237098,1,300
237245,1,300
237285,1,300
237290,1,300
237323,1,300
237375,1,300
237381,1,300
237391,1,300
237401,1,300
237428,1,300
237434,1,300
237485,1,300
237547,1,300
237565,1,300
237650,1,300
237651,1,300
237667,1,300
237683,1,300
237686,1,300
237691,1,300
237723,1,300
237745,1,300
237759,1,300
237827,1,300
237860,1,300
237883,1,300
237905,1,300
237926,1,300
237972,1,300
237976,1,300
237983,1,300
238058,1,300
238078,1,300
238246,1,300
238247,1,300
238253,1,300
238255,1,300
238271,1,300
238334,1,300
238376,1,300
238473,1,300
238539,1,300
238612,1,300
238612,1,300
238613,1,300
238646,1,300
238651,1,300
238682,1,300
238720,1,300
238769,1,300
238790,1,300
238839,1,300
238846,1,300
238864,1,300
238889,1,300
238932,1,300
238936,1,300
238992,1,300
239012,1,300
239015,1,300
239054,1,300
239061,1,300
239091,1,300
239101,1,300
239107,1,300
239155,1,300
239302,1,300
239304,1,300
239343,1,300
239419,1,300
239439,1,300
239540,1,300
239554,1,300
239594,1,300
239609,1,300
239618,1,300
239630,1,300
239713,1,300
239739,1,300
239742,1,300
239801,1,300
239812,1,300
239832,1,300
239915,1,300
239992,1,300
240017,1,300
240038,1,300
240041,1,300
240041,1,300
240048,1,300
240053,1,300
240060,1,300
240065,1,300
240097,1,300
240105,1,300
240133,1,300
240167,1,300
240239,1,300
240269,1,300
240309,1,300
240356,1,300
240490,1,300
240496,1,300
240513,1,300
240559,1,300
240582,1,300
240632,1,300
240637,1,300
240672,1,300
240679,1,300
240680,1,300
240840,1,300
240858,1,300
240871,1,300
240911,1,300
240925,1,300
241000,1,300
241005,1,300
241009,1,300
241039,1,300
241044,1,300
241101,1,300
241108,1,300
241117,1,300
241136,1,300
241158,1,300
241232,1,300
241343,1,300
241359,1,300
241369,1,300
241385,1,300
241395,1,300
241432,1,300
241522,1,300
241523,1,300
241616,1,300
241630,1,300
241682,1,300
241684,1,300
241696,1,300
241757,1,300
241771,1,300
241846,1,300
241858,1,300
242016,1,300
242021,1,300
242040,1,300
242060,1,300
242060,1,300
242081,1,300
242216,1,300
242292,1,300
242294,1,300
242309,1,300
242328,1,300
242328,1,300
242342,1,300
242380,1,300
242418,1,300
242574,1,300
242575,1,300
242650,1,300
242659,1,300
242672,1,300
242673,1,300
242753,1,300
242788,1,300
242890,1,300
242921,1,300
242927,1,300
242954,1,300
243030,1,300
243044,1,300
243046,1,300
243081,1,300
243091,1,300
243099,1,300
243104,1,300
243112,1,300
243163,1,300
243208,1,300
243229,1,300
243250,1,300
243267,1,300
243274,1,300
243291,1,300
243347,1,300
243453,1,300
243550,1,300
243578,1,300
243596,1,300
243641,1,300
243652,1,300
243842,1,300
243877,1,300
243891,1,300
243911,1,300
243917,1,300
243987,1,300
244045,1,300
244132,1,300
244133,1,300
244149,1,300
244154,1,300
244258,1,300
244363,1,300
244366,1,300
244367,1,300
244422,1,300
244423,1,300
244434,1,300
244447,1,300
244489,1,300
244527,1,300
244585,1,300
244589,1,300
244652,1,300
244738,1,300
244745,1,300
244752,1,300
244769,1,300
244774,1,300
244805,1,300
244852,1,300
244865,1,300
244944,1,300
244972,1,300
244998,1,300
245053,1,300
245086,1,300
245147,1,300
245195,1,300
245305,1,300
245312,1,300
245320,1,300
245324,1,300
245391,1,300
245488,1,300
245515,1,300
245538,1,300
245579,1,300
245664,1,300
245667,1,300
245739,1,300
245806,1,300
245841,1,300
246028,1,300
246039,1,300
246123,1,300
246139,1,300
246253,1,300
246366,1,300
246385,1,300
246406,1,300
246411,1,300
246436,1,300
246468,1,300
246510,1,300
246513,1,300
246558,1,300
246648,1,300
246690,1,300
246719,1,300
246756,1,300
247018,1,300
247028,1,300
247038,1,300
247038,1,300
247065,1,300
247073,1,300
247186,1,300
247197,1,300
247371,1,300
247455,1,300
247481,1,300
247528,1,300
247531,1,300
247629,1,300
247640,1,300
247771,1,300
247780,1,300
247793,1,300
247800,1,300
247809,1,300
247865,1,300
247889,1,300
247907,1,300
247908,1,300
247939,1,300
247940,1,300
248064,1,300
248173,1,300
248275,1,300
248495,1,300
248581,1,300
248676,1,300
248701,1,300
248710,1,300
248754,1,300
248821,1,300
248825,1,300
248846,1,300
248948,1,300
248983,1,300
249006,1,300
249055,1,300
249064,1,300
249095,1,300
249123,1,300
249133,1,300
249200,1,300
249276,1,300
249290,1,300
249310,1,300
249315,1,300
249321,1,300
249537,1,300
249540,1,300
249567,1,300
249576,1,300
249619,1,300
249663,1,300
249757,1,300
249866,1,300
249874,1,300
249878,1,300
249920,1,300
249943,1,300
249947,1,300
249958,1,300
250044,1,300
250126,1,300
250127,1,300
250141,1,300
250246,1,300
250254,1,300
250293,1,300
250307,1,300
250374,1,300
250421,1,300
250458,1,300
250463,1,300
250500,1,300
250535,1,300
250592,1,300
250633,1,300
250669,1,300
250830,1,300
250898,1,300
251073,1,300
251102,1,300
251399,1,300
251443,1,300
251636,1,300
251704,1,300
251722,1,300
251759,1,300
251845,1,300
251889,1,300
251904,1,300
251910,1,300
251924,1,300
251926,1,300
252001,1,300
252009,1,300
252025,1,300
252025,1,300
252048,1,300
252071,1,300
252161,1,300
252168,1,300
252221,1,300
252253,1,300
252254,1,300
252257,1,300
252259,1,300
252274,1,300
252281,1,300
252291,1,300
252318,1,300
252339,1,300
252347,1,300
252523,1,300
252525,1,300
252538,1,300
252555,1,300
252578,1,300
252594,1,300
252596,1,300
252613,1,300
252649,1,300
252763,1,300
252812,1,300
253174,1,300
253177,1,300
253224,1,300
253245,1,300
253322,1,300
253400,1,300
253403,1,300
253414,1,300
253481,1,300
253532,1,300
253588,1,300
253649,1,300
253684,1,300
253740,1,300
253836,1,300
253909,1,300
253914,1,300
253925,1,300
253937,1,300
254042,1,300
254069,1,300
254090,1,300
254169,1,300
254227,1,300
254284,1,300
254295,1,300
254318,1,300
254361,1,300
254385,1,300
254444,1,300
254448,1,300
254462,1,300
254549,1,300
254565,1,300
254565,1,300
254581,1,300
254664,1,300
254723,1,300
254739,1,300
254901,1,300
254940,1,300
255022,1,300
255101,1,300
255109,1,300
255143,1,300
255168,1,300
255196,1,300
255267,1,300
255283,1,300
255373,1,300
255491,1,300
255531,1,300
255614,1,300
255682,1,300
255706,1,300
255777,1,300
255795,1,300
255853,1,300
255968,1,300
256017,1,300
256089,1,300
256269,1,300
256326,1,300
256456,1,300
256544,1,300
256555,1,300
256562,1,300
256564,1,300
256566,1,300
256587,1,300
256601,1,300
256620,1,300
256632,1,300
256711,1,300
256767,1,300
256800,1,300
256805,1,300
256842,1,300
256935,1,300
257038,1,300
257066,1,300
257133,1,300
257155,1,300
257178,1,300
257205,1,300
257236,1,300
257290,1,300
257332,1,300
257417,1,300
257438,1,300
257572,1,300
257632,1,300
257681,1,300
257692,1,300
257699,1,300
257731,1,300
257795,1,300
257851,1,300
258129,1,300
258147,1,300
258197,1,300
258199,1,300
258335,1,300
258349,1,300
258367,1,300
258396,1,300
258459,1,300
258570,1,300
258572,1,300
258620,1,300
258634,1,300
258676,1,300
258713,1,300
258770,1,300
258834,1,300
258892,1,300
258904,1,300
258914,1,300
258972,1,300
258975,1,300
259030,1,300
259031,1,300
259143,1,300
259228,1,300
259273,1,300
259315,1,300
259339,1,300
259410,1,300
259459,1,300
259494,1,300
259511,1,300
259549,1,300
259657,1,300
259695,1,300
259755,1,300
259845,1,300
259876,1,300
259973,1,300
260070,1,300
260086,1,300
260122,1,300
260193,1,300
260203,1,300
260206,1,300
260221,1,300
260226,1,300
260419,1,300
260421,1,300
260480,1,300
260579,1,300
260628,1,300
260629,1,300
260688,1,300
260732,1,300
260734,1,300
260769,1,300
260795,1,300
260870,1,300
260871,1,300
261005,1,300
261007,1,300
261017,1,300
261087,1,300
261120,1,300
261134,1,300
261143,1,300
261167,1,300
261174,1,300
261176,1,300
261196,1,300
261234,1,300
261234,1,300
261245,1,300
261283,1,300
261411,1,300
261509,1,300
261572,1,300
261675,1,300
261719,1,300
261719,1,300
261794,1,300
262022,1,300
262064,1,300
262093,1,300
262168,1,300
262278,1,300
262298,1,300
262333,1,300
262348,1,300
262356,1,300
262414,1,300
262440,1,300
262484,1,300
262618,1,300
262732,1,300
262776,1,300
262822,1,300
262910,1,300
262920,1,300
262987,1,300
263010,1,300
263078,1,300
263109,1,300
263167,1,300
263200,1,300
263232,1,300
263284,1,300
263330,1,300
263354,1,300
263448,1,300
263460,1,300
263466,1,300
263508,1,300
263521,1,300
263782,1,300
263798,1,300
263842,1,300
263851,1,300
263865,1,300
263883,1,300
263892,1,300
264016,1,300
264061,1,300
264105,1,300
264122,1,300
264176,1,300
264221,1,300
264309,1,300
264395,1,300
264832,1,300
264915,1,300
264923,1,300
264974,1,300
264982,1,300
265090,1,300
265239,1,300
265299,1,300
265344,1,300
265632,1,300
265726,1,300
265731,1,300
265816,1,300
265855,1,300
266081,1,300
266094,1,300
266112,1,300
266256,1,300
266341,1,300
266478,1,300
266621,1,300
266725,1,300
266777,1,300
266802,1,300
266821,1,300
267017,1,300
267034,1,300
267035,1,300
267053,1,300
267151,1,300
267185,1,300
267190,1,300
267199,1,300
267359,1,300
267408,1,300
267727,1,300
267838,1,300
267926,1,300
268011,1,300
268102,1,300
268120,1,300
268121,1,300
268151,1,300
268315,1,300
268323,1,300
268338,1,300
268513,1,300
268525,1,300
268561,1,300
268810,1,300
268855,1,300
269318,1,300
269385,1,300
269608,1,300
269667,1,300
269681,1,300
269784,1,300
269995,1,300
270029,1,300
270126,1,300
270499,1,300
270534,1,300
270582,1,300
270600,1,300
270600,1,300
270682,1,300
270871,1,300
270940,1,300
271027,1,300
271096,1,300
271112,1,300
271211,1,300
271536,1,300
271544,1,300
271603,1,300
271610,1,300
271672,1,300
271733,1,300
271760,1,300
272053,1,300
272147,1,300
272237,1,300
272304,1,300
272356,1,300
272547,1,300
272610,1,300
272611,1,300
273004,1,300
273086,1,300
273205,1,300
273424,1,300
273568,1,300
273833,1,300
274008,1,300
274117,1,300
274263,1,300
274693,1,300
274696,1,300
274739,1,300
274808,1,300
274865,1,300
274894,1,300
275274,1,300
275281,1,300
275285,1,300
275473,1,300
275529,1,300
275605,1,300
275716,1,300
275812,1,300
275881,1,300
276137,1,300
276173,1,300
276265,1,300
276358,1,300
276359,1,300
276453,1,300
276530,1,300
276572,1,300
276682,1,300
276685,1,300
276685,1,300
276781,1,300
276901,1,300
276912,1,300
277181,1,300
277250,1,300
277296,1,300
277423,1,300
277584,1,300
277686,1,300
277697,1,300
277712,1,300
277846,1,300
277977,1,300
278494,1,300
279110,1,300
279137,1,300
279559,1,300
280348,1,300
280484,1,300
280822,1,300
281114,1,300
281255,1,300
281268,1,300
281269,1,300
281458,1,300
281561,1,300
281748,1,300
281759,1,300
281828,1,300
281867,1,300
281941,1,300
282033,1,300
282216,1,300
282263,1,300
282388,1,300
282527,1,300
282527,1,300
282742,1,300
282777,1,300
282882,1,300
283023,1,300
283118,1,300
283191,1,300
283247,1,300
283269,1,300
283272,1,300
283306,1,300
283322,1,300
283338,1,300
283375,1,300
283388,1,300
283418,1,300
283423,1,300
283545,1,300
283599,1,300
283689,1,300
283752,1,300
283846,1,300
283868,1,300
283876,1,300
283946,1,300
284029,1,300
284198,1,300
284334,1,300
284421,1,300
284502,1,300
284607,1,300
284706,1,300
284746,1,300
284871,1,300
284915,1,300
285077,1,300
285078,1,300
285198,1,300
285214,1,300
285250,1,300
285257,1,300
285706,1,300
285865,1,300
285891,1,300
286015,1,300
286198,1,300
286362,1,300
286537,1,300
286561,1,300
286702,1,300
286746,1,300
286796,1,300
286890,1,300
286975,1,300
287056,1,300
287339,1,300
287430,1,300
287488,1,300
287503,1,300
287665,1,300
287716,1,300
287756,1,300
287997,1,300
288032,1,300
288125,1,300
288353,1,300
288395,1,300
288419,1,300
288449,1,300
288747,1,300
288904,1,300
288910,1,300
288949,1,300
289232,1,300
289455,1,300
289460,1,300
289519,1,300
289658,1,300
289997,1,300
290288,1,300
290426,1,300
290525,1,300
290603,1,300
290902,1,300
