169,1,300
266,1,300
273,1,300
338,1,300
772,1,300
941,1,300
1113,1,300
1276,1,300
1354,1,300
1414,1,300
1639,1,300
1673,1,300
1736,1,300
1755,1,300
2097,1,300
2115,1,300
2372,1,300
2426,1,300
2441,1,300
2698,1,300
2778,1,300
3012,1,300
3064,1,300
3076,1,300
3113,1,300
3315,1,300
3391,1,300
3478,1,300
3812,1,300
3848,1,300
4052,1,300
4057,1,300
4093,1,300
4210,1,300
4490,1,300
4580,1,300
4593,1,300
4626,1,300
4764,1,300
4896,1,300
5126,1,300
5437,1,300
5734,1,300
5747,1,300
5963,1,300
6333,1,300
6441,1,300
6766,1,300
6794,1,300
6802,1,300
6870,1,300
6975,1,300
7027,1,300
7109,1,300
7294,1,300
7339,1,300
7688,1,300
7788,1,300
7821,1,300
7855,1,300
8113,1,300
8291,1,300
8435,1,300
8479,1,300
8553,1,300
8973,1,300
9080,1,300
9188,1,300
9416,1,300
9430,1,300
9578,1,300
9704,1,300
9733,1,300
9825,1,300
9913,1,300
9959,1,300
9994,1,300
10071,1,300
10072,1,300
10291,1,300
10357,1,300
10579,1,300
10613,1,300
10679,1,300
10753,1,300
10798,1,300
10820,1,300
10832,1,300
10844,1,300
10923,1,300
11039,1,300
11057,1,300
11401,1,300
11719,1,300
11894,1,300
11967,1,300
12075,1,300
12293,1,300
12380,1,300
12499,1,300
13062,1,300
13178,1,300
13257,1,300
13370,1,300
13549,1,300
13554,1,300
13638,1,300
13698,1,300
13762,1,300
13812,1,300
13835,1,300
14139,1,300
14249,1,300
14268,1,300
14294,1,300
14335,1,300
14347,1,300
14350,1,300
14425,1,300
14493,1,300
14534,1,300
14551,1,300
14583,1,300
14653,1,300
14829,1,300
14830,1,300
14838,1,300
15041,1,300
15383,1,300
15428,1,300
15436,1,300
15437,1,300
15766,1,300
16203,1,300
16212,1,300
16340,1,300
16570,1,300
16573,1,300
16683,1,300
16722,1,300
16828,1,300
16942,1,300
16964,1,300
17700,1,300
19009,1,300
19262,1,300
19838,1,300
19906,1,300
19949,1,300
20385,1,300
20388,1,300
20391,1,300
20469,1,300
20730,1,300
20769,1,300
21008,1,300
21065,1,300
21180,1,300
21207,1,300
21279,1,300
21456,1,300
21484,1,300
21492,1,300
21565,1,300
21583,1,300
21586,1,300
21616,1,300
21637,1,300
21677,1,300
21705,1,300
21746,1,300
21834,1,300
21843,1,300
21885,1,300
21940,1,300
21958,1,300
21976,1,300
22077,1,300
22104,1,300
22219,1,300
22255,1,300
22285,1,300
22417,1,300
22459,1,300
22524,1,300
22668,1,300
22676,1,300
22723,1,300
22852,1,300
22961,1,300
23031,1,300
23097,1,300
23168,1,300
23204,1,300
23303,1,300
23315,1,300
23317,1,300
23422,1,300
23488,1,300
23565,1,300
23619,1,300
23738,1,300
23767,1,300
23852,1,300
23892,1,300
24099,1,300
24152,1,300
24234,1,300
24430,1,300
24605,1,300
24664,1,300
24665,1,300
24778,1,300
24789,1,300
24807,1,300
24986,1,300
25203,1,300
25216,1,300
25386,1,300
25669,1,300
26015,1,300
26046,1,300
26139,1,300
26535,1,300
26675,1,300
26692,1,300
26757,1,300
26773,1,300
26880,1,300
26885,1,300
26936,1,300
26987,1,300
27032,1,300
27057,1,300
27085,1,300
27085,1,300
27101,1,300
27213,1,300
27215,1,300
27261,1,300
27417,1,300
27418,1,300
27462,1,300
27465,1,300
27607,1,300
28072,1,300
28086,1,300
28150,1,300
28156,1,300
28168,1,300
28198,1,300
28342,1,300
28349,1,300
28378,1,300
28486,1,300
28596,1,300
28939,1,300
29031,1,300
29055,1,300
29124,1,300
29280,1,300
29284,1,300
29359,1,300
29363,1,300
29371,1,300
29447,1,300
29524,1,300
29735,1,300
29789,1,300
29796,1,300
30297,1,300
30679,1,300
30827,1,300
31048,1,300
31059,1,300
31121,1,300
31290,1,300
31385,1,300
31582,1,300
31645,1,300
31676,1,300
31781,1,300
31844,1,300
31959,1,300
31975,1,300
32114,1,300
32127,1,300
32217,1,300
32232,1,300
32434,1,300
32625,1,300
32667,1,300
32783,1,300
32886,1,300
33012,1,300
33033,1,300
33056,1,300
33119,1,300
33207,1,300
33221,1,300
33295,1,300
33305,1,300
33316,1,300
33323,1,300
33351,1,300
33412,1,300
33418,1,300
33461,1,300
33473,1,300
33514,1,300
33562,1,300
33719,1,300
33720,1,300
33729,1,300
33738,1,300
33799,1,300
33801,1,300
33819,1,300
33870,1,300
33936,1,300
34009,1,300
34034,1,300
34051,1,300
34057,1,300
34294,1,300
34469,1,300
34482,1,300
34537,1,300
34690,1,300
34887,1,300
35051,1,300
35121,1,300
35189,1,300
35276,1,300
35426,1,300
35537,1,300
35552,1,300
35836,1,300
35849,1,300
35921,1,300
35946,1,300
35990,1,300
36007,1,300
36078,1,300
36227,1,300
36276,1,300
36334,1,300
36445,1,300
36456,1,300
36556,1,300
36652,1,300
36655,1,300
36735,1,300
36740,1,300
36857,1,300
37004,1,300
37008,1,300
37034,1,300
37139,1,300
37279,1,300
37326,1,300
37496,1,300
37503,1,300
37544,1,300
37622,1,300
37812,1,300
38113,1,300
38392,1,300
38591,1,300
38653,1,300
38750,1,300
38794,1,300
38847,1,300
38896,1,300
39039,1,300
39058,1,300
39124,1,300
39139,1,300
39200,1,300
39201,1,300
39232,1,300
39315,1,300
39325,1,300
39405,1,300
39422,1,300
39430,1,300
39455,1,300
39496,1,300
39633,1,300
39721,1,300
39760,1,300
39791,1,300
39824,1,300
39847,1,300
39878,1,300
39981,1,300
40002,1,300
40012,1,300
40097,1,300
40116,1,300
40157,1,300
40468,1,300
40555,1,300
40615,1,300
40627,1,300
40636,1,300
40708,1,300
40894,1,300
40944,1,300
41050,1,300
41188,1,300
41200,1,300
41240,1,300
41298,1,300
41596,1,300
41618,1,300
41676,1,300
41925,1,300
42074,1,300
42122,1,300
42199,1,300
42225,1,300
42293,1,300
42360,1,300
42370,1,300
42396,1,300
42403,1,300
42434,1,300
42488,1,300
42508,1,300
42531,1,300
42572,1,300
42651,1,300
42655,1,300
42775,1,300
42860,1,300
43030,1,300
43044,1,300
43233,1,300
43247,1,300
43464,1,300
43484,1,300
43534,1,300
43675,1,300
43683,1,300
43856,1,300
44010,1,300
44072,1,300
44102,1,300
44211,1,300
44339,1,300
44502,1,300
44546,1,300
44547,1,300
44702,1,300
44737,1,300
44789,1,300
44811,1,300
44881,1,300
45016,1,300
45086,1,300
45095,1,300
45109,1,300
45150,1,300
45195,1,300
45218,1,300
45228,1,300
45241,1,300
45246,1,300
45294,1,300
45297,1,300
45301,1,300
45366,1,300
45384,1,300
45451,1,300
45469,1,300
45470,1,300
45564,1,300
45609,1,300
45693,1,300
45714,1,300
45761,1,300
45762,1,300
45849,1,300
45872,1,300
45888,1,300
46015,1,300
46111,1,300
46130,1,300
46134,1,300
46148,1,300
46182,1,300
46218,1,300
46252,1,300
46325,1,300
46326,1,300
46387,1,300
46454,1,300
46507,1,300
46549,1,300
46550,1,300
46551,1,300
46653,1,300
46684,1,300
46742,1,300
46774,1,300
46775,1,300
46879,1,300
46893,1,300
46932,1,300
46940,1,300
46951,1,300
47028,1,300
47049,1,300
47070,1,300
47092,1,300
47094,1,300
47138,1,300
47180,1,300
47192,1,300
47218,1,300
47335,1,300
47398,1,300
47417,1,300
47420,1,300
47447,1,300
47499,1,300
47569,1,300
47577,1,300
47584,1,300
47605,1,300
47605,1,300
47608,1,300
47620,1,300
47626,1,300
47631,1,300
47809,1,300
47832,1,300
47833,1,300
47842,1,300
47860,1,300
47869,1,300
47880,1,300
47924,1,300
47983,1,300
48094,1,300
48181,1,300
48187,1,300
48246,1,300
48251,1,300
48326,1,300
48344,1,300
48455,1,300
48485,1,300
48612,1,300
48618,1,300
48648,1,300
48748,1,300
48771,1,300
48912,1,300
49020,1,300
49039,1,300
49063,1,300
49133,1,300
49137,1,300
49156,1,300
49175,1,300
49207,1,300
49243,1,300
49254,1,300
49278,1,300
49290,1,300
49291,1,300
49383,1,300
49462,1,300
49490,1,300
49494,1,300
49545,1,300
49607,1,300
49614,1,300
49618,1,300
49633,1,300
49710,1,300
49798,1,300
49802,1,300
49830,1,300
49878,1,300
49922,1,300
50006,1,300
50027,1,300
50089,1,300
50171,1,300
50177,1,300
50207,1,300
50214,1,300
50220,1,300
50226,1,300
50227,1,300
50297,1,300
50320,1,300
50328,1,300
50468,1,300
50470,1,300
50476,1,300
50557,1,300
50578,1,300
50630,1,300
50663,1,300
50677,1,300
50704,1,300
50721,1,300
50724,1,300
50751,1,300
50752,1,300
50801,1,300
50838,1,300
50847,1,300
50862,1,300
50875,1,300
50877,1,300
50889,1,300
50895,1,300
51012,1,300
51022,1,300
51191,1,300
51257,1,300
51293,1,300
51298,1,300
51387,1,300
51392,1,300
51404,1,300
51450,1,300
51470,1,300
51490,1,300
51508,1,300
51560,1,300
51630,1,300
51706,1,300
51724,1,300
51743,1,300
51748,1,300
51796,1,300
51821,1,300
51827,1,300
51880,1,300
51892,1,300
51920,1,300
52038,1,300
52069,1,300
52114,1,300
52133,1,300
52158,1,300
52166,1,300
52269,1,300
52283,1,300
52313,1,300
52374,1,300
52402,1,300
52511,1,300
52530,1,300
52571,1,300
52622,1,300
52641,1,300
52674,1,300
52692,1,300
52706,1,300
52709,1,300
52809,1,300
52831,1,300
52913,1,300
52934,1,300
53012,1,300
53063,1,300
53129,1,300
53143,1,300
53158,1,300
53178,1,300
53183,1,300
53194,1,300
53212,1,300
53237,1,300
53283,1,300
53292,1,300
53334,1,300
53521,1,300
53543,1,300
53546,1,300
53716,1,300
53726,1,300
53749,1,300
53779,1,300
53785,1,300
53803,1,300
53834,1,300
53862,1,300
53874,1,300
53954,1,300
53964,1,300
53977,1,300
54013,1,300
54114,1,300
54332,1,300
54337,1,300
54366,1,300
54452,1,300
54504,1,300
54513,1,300
54523,1,300
54548,1,300
54570,1,300
54576,1,300
54585,1,300
54601,1,300
54699,1,300
54777,1,300
54794,1,300
54810,1,300
54999,1,300
55021,1,300
55080,1,300
55116,1,300
55128,1,300
55157,1,300
55174,1,300
55216,1,300
55223,1,300
55242,1,300
55263,1,300
55272,1,300
55363,1,300
55373,1,300
55410,1,300
55411,1,300
55442,1,300
55495,1,300
55522,1,300
55531,1,300
55574,1,300
55577,1,300
55607,1,300
55666,1,300
55696,1,300
55751,1,300
55773,1,300
55794,1,300
55800,1,300
55821,1,300
55881,1,300
55899,1,300
56034,1,300
56118,1,300
56249,1,300
56343,1,300
56446,1,300
56465,1,300
56479,1,300
56481,1,300
56486,1,300
56538,1,300
56564,1,300
56621,1,300
56631,1,300
56662,1,300
56768,1,300
56844,1,300
56852,1,300
56890,1,300
56939,1,300
56940,1,300
57020,1,300
57024,1,300
57042,1,300
57046,1,300
57052,1,300
57052,1,300
57068,1,300
57071,1,300
57076,1,300
57087,1,300
57162,1,300
57168,1,300
57178,1,300
57192,1,300
57195,1,300
57200,1,300
57233,1,300
57264,1,300
57265,1,300
57299,1,300
57312,1,300
57316,1,300
57323,1,300
57350,1,300
57350,1,300
57357,1,300
57366,1,300
57419,1,300
57424,1,300
57435,1,300
57449,1,300
57470,1,300
57509,1,300
57517,1,300
57550,1,300
57564,1,300
57569,1,300
57569,1,300
57585,1,300
57604,1,300
57609,1,300
57647,1,300
57651,1,300
57681,1,300
57693,1,300
57703,1,300
57717,1,300
57735,1,300
57739,1,300
57753,1,300
57761,1,300
57781,1,300
57812,1,300
57841,1,300
57863,1,300
57879,1,300
57879,1,300
57889,1,300
58024,1,300
58026,1,300
58031,1,300
58111,1,300
58138,1,300
58226,1,300
58258,1,300
58320,1,300
58325,1,300
58361,1,300
58389,1,300
58429,1,300
58445,1,300
58480,1,300
58484,1,300
58501,1,300
58516,1,300
58555,1,300
58555,1,300
58690,1,300
58714,1,300
58734,1,300
58778,1,300
58812,1,300
58814,1,300
58861,1,300
58879,1,300
58940,1,300
59013,1,300
59026,1,300
59029,1,300
59036,1,300
59069,1,300
59076,1,300
59087,1,300
59097,1,300
59102,1,300
59123,1,300
59213,1,300
59300,1,300
59356,1,300
59384,1,300
59401,1,300
59436,1,300
59472,1,300
59519,1,300
59528,1,300
59590,1,300
59605,1,300
59674,1,300
59745,1,300
59760,1,300
59807,1,300
59810,1,300
59843,1,300
59867,1,300
59876,1,300
59914,1,300
59944,1,300
59948,1,300
59968,1,300
60036,1,300
60056,1,300
60065,1,300
60075,1,300
60123,1,300
60167,1,300
60192,1,300
60213,1,300
60217,1,300
60238,1,300
60248,1,300
60289,1,300
60329,1,300
60333,1,300
60342,1,300
60381,1,300
60406,1,300
60429,1,300
60435,1,300
60440,1,300
60475,1,300
60483,1,300
60509,1,300
60571,1,300
60578,1,300
60622,1,300
60656,1,300
60702,1,300
60706,1,300
60772,1,300
60957,1,300
60973,1,300
61001,1,300
61006,1,300
61015,1,300
61050,1,300
61085,1,300
61101,1,300
61121,1,300
61135,1,300
61183,1,300
61198,1,300
61346,1,300
61354,1,300
61427,1,300
61446,1,300
61453,1,300
61461,1,300
61527,1,300
61561,1,300
61567,1,300
61600,1,300
61609,1,300
61614,1,300
61619,1,300
61671,1,300
61700,1,300
61802,1,300
61811,1,300
61821,1,300
61843,1,300
61883,1,300
61907,1,300
61909,1,300
61937,1,300
61937,1,300
62035,1,300
62082,1,300
62094,1,300
62120,1,300
62124,1,300
62184,1,300
62202,1,300
62266,1,300
62269,1,300
62275,1,300
62356,1,300
62359,1,300
62360,1,300
62361,1,300
62420,1,300
62425,1,300
62445,1,300
62449,1,300
62539,1,300
62541,1,300
62563,1,300
62655,1,300
62662,1,300
62713,1,300
62718,1,300
62805,1,300
62860,1,300
62861,1,300
62897,1,300
63001,1,300
63044,1,300
63069,1,300
63141,1,300
63165,1,300
63229,1,300
63231,1,300
63282,1,300
63333,1,300
63343,1,300
63354,1,300
63396,1,300
63429,1,300
63454,1,300
63469,1,300
63521,1,300
63546,1,300
63603,1,300
63610,1,300
63611,1,300
63616,1,300
63665,1,300
63687,1,300
63690,1,300
63719,1,300
63729,1,300
63764,1,300
63770,1,300
63820,1,300
63820,1,300
63857,1,300
63861,1,300
63874,1,300
63876,1,300
63887,1,300
63904,1,300
63906,1,300
64002,1,300
64002,1,300
64016,1,300
64026,1,300
64064,1,300
64116,1,300
64123,1,300
64130,1,300
64155,1,300
64161,1,300
64352,1,300
64391,1,300
64403,1,300
64476,1,300
64507,1,300
64515,1,300
64515,1,300
64553,1,300
64614,1,300
64657,1,300
64665,1,300
64675,1,300
64677,1,300
64706,1,300
64708,1,300
64741,1,300
64798,1,300
64823,1,300
64843,1,300
64868,1,300
64898,1,300
64953,1,300
64976,1,300
64986,1,300
65039,1,300
65061,1,300
65079,1,300
65087,1,300
65138,1,300
65171,1,300
65193,1,300
65206,1,300
65222,1,300
65237,1,300
65313,1,300
65327,1,300
65400,1,300
65487,1,300
65495,1,300
65520,1,300
65524,1,300
65618,1,300
65635,1,300
65654,1,300
65715,1,300
65720,1,300
65723,1,300
65745,1,300
65802,1,300
66016,1,300
66041,1,300
66052,1,300
66087,1,300
66095,1,300
66108,1,300
66123,1,300
66164,1,300
66207,1,300
66225,1,300
66244,1,300
66283,1,300
66324,1,300
66337,1,300
66337,1,300
66395,1,300
66427,1,300
66469,1,300
66510,1,300
66522,1,300
66554,1,300
66556,1,300
66573,1,300
66606,1,300
66609,1,300
66640,1,300
66683,1,300
66712,1,300
66714,1,300
66778,1,300
66805,1,300
66811,1,300
66881,1,300
66882,1,300
66889,1,300
66933,1,300
67020,1,300
67029,1,300
67053,1,300
67080,1,300
67110,1,300
67294,1,300
67326,1,300
67340,1,300
67346,1,300
67366,1,300
67393,1,300
67453,1,300
67455,1,300
67488,1,300
67498,1,300
67504,1,300
67507,1,300
67634,1,300
67641,1,300
67683,1,300
67690,1,300
67696,1,300
67721,1,300
67742,1,300
67758,1,300
67761,1,300
67789,1,300
67801,1,300
67865,1,300
67867,1,300
67922,1,300
67923,1,300
67929,1,300
67936,1,300
67986,1,300
68001,1,300
68090,1,300
68105,1,300
68117,1,300
68137,1,300
68176,1,300
68179,1,300
68186,1,300
68243,1,300
68244,1,300
68253,1,300
68311,1,300
68392,1,300
68416,1,300
68419,1,300
68439,1,300
68443,1,300
68461,1,300
68464,1,300
68474,1,300
68479,1,300
68507,1,300
68535,1,300
68547,1,300
68590,1,300
68604,1,300
68624,1,300
68657,1,300
68703,1,300
68714,1,300
68753,1,300
68768,1,300
68811,1,300
68829,1,300
68854,1,300
68864,1,300
68895,1,300
68932,1,300
68934,1,300
68958,1,300
69004,1,300
69019,1,300
69022,1,300
69025,1,300
69034,1,300
69036,1,300
69043,1,300
69047,1,300
69048,1,300
69050,1,300
69052,1,300
69056,1,300
69056,1,300
69071,1,300
69145,1,300
69158,1,300
69164,1,300
69223,1,300
69246,1,300
69278,1,300
69335,1,300
69360,1,300
69395,1,300
69420,1,300
69438,1,300
69447,1,300
69451,1,300
69460,1,300
69469,1,300
69495,1,300
69511,1,300
69558,1,300
69579,1,300
69589,1,300
69605,1,300
69619,1,300
69631,1,300
69634,1,300
69644,1,300
69670,1,300
69721,1,300
69721,1,300
69755,1,300
69771,1,300
69780,1,300
69791,1,300
69791,1,300
69805,1,300
69821,1,300
69854,1,300
69863,1,300
69894,1,300
69908,1,300
69913,1,300
69923,1,300
69924,1,300
69934,1,300
70025,1,300
70057,1,300
70086,1,300
70092,1,300
70111,1,300
70111,1,300
70122,1,300
70125,1,300
70163,1,300
70173,1,300
70216,1,300
70225,1,300
70265,1,300
70275,1,300
70288,1,300
70314,1,300
70342,1,300
70353,1,300
70357,1,300
70371,1,300
70371,1,300
70401,1,300
70422,1,300
70422,1,300
70426,1,300
70431,1,300
70437,1,300
70446,1,300
70462,1,300
70519,1,300
70523,1,300
70528,1,300
70529,1,300
70572,1,300
70574,1,300
70579,1,300
70592,1,300
70611,1,300
70640,1,300
70650,1,300
70691,1,300
70712,1,300
70718,1,300
70771,1,300
70773,1,300
70802,1,300
70809,1,300
70811,1,300
70831,1,300
70881,1,300
70885,1,300
70892,1,300
70908,1,300
70910,1,300
71020,1,300
71037,1,300
71086,1,300
71107,1,300
71117,1,300
71122,1,300
71136,1,300
71197,1,300
71226,1,300
71257,1,300
71258,1,300
71277,1,300
71304,1,300
71374,1,300
71402,1,300
71408,1,300
71411,1,300
71420,1,300
71427,1,300
71450,1,300
71462,1,300
71493,1,300
71498,1,300
71498,1,300
71518,1,300
71571,1,300
71581,1,300
71591,1,300
71591,1,300
71601,1,300
71682,1,300
71708,1,300
71725,1,300
71728,1,300
71741,1,300
71750,1,300
71762,1,300
71767,1,300
71781,1,300
71796,1,300
71856,1,300
71872,1,300
71885,1,300
71890,1,300
71895,1,300
71895,1,300
71921,1,300
71937,1,300
71952,1,300
72000,1,300
72014,1,300
72041,1,300
72048,1,300
72049,1,300
72088,1,300
72107,1,300
72117,1,300
72149,1,300
72154,1,300
72161,1,300
72162,1,300
72238,1,300
72251,1,300
72278,1,300
72310,1,300
72388,1,300
72413,1,300
72459,1,300
72491,1,300
72518,1,300
72531,1,300
72538,1,300
72541,1,300
72582,1,300
72621,1,300
72622,1,300
72657,1,300
72660,1,300
72669,1,300
72677,1,300
72678,1,300
72683,1,300
72685,1,300
72700,1,300
72747,1,300
72749,1,300
72760,1,300
72761,1,300
72763,1,300
72765,1,300
72783,1,300
72786,1,300
72796,1,300
72820,1,300
72867,1,300
72911,1,300
73045,1,300
73086,1,300
73089,1,300
73097,1,300
73148,1,300
73171,1,300
73189,1,300
73200,1,300
73225,1,300
73249,1,300
73261,1,300
73264,1,300
73295,1,300
73303,1,300
73307,1,300
73311,1,300
73332,1,300
73356,1,300
73363,1,300
73391,1,300
73392,1,300
73463,1,300
73463,1,300
73467,1,300
73469,1,300
73490,1,300
73546,1,300
73550,1,300
73564,1,300
73570,1,300
73579,1,300
73579,1,300
73608,1,300
73625,1,300
73630,1,300
73646,1,300
73707,1,300
73758,1,300
73763,1,300
73770,1,300
73774,1,300
73800,1,300
73815,1,300
73842,1,300
73848,1,300
73861,1,300
73864,1,300
73887,1,300
74017,1,300
74035,1,300
74050,1,300
74115,1,300
74145,1,300
74146,1,300
74182,1,300
74193,1,300
74195,1,300
74222,1,300
74246,1,300
74275,1,300
74294,1,300
74362,1,300
74413,1,300
74418,1,300
74418,1,300
74424,1,300
74442,1,300
74461,1,300
74470,1,300
74483,1,300
74491,1,300
74491,1,300
74508,1,300
74535,1,300
74606,1,300
74632,1,300
74652,1,300
74693,1,300
74734,1,300
74806,1,300
74815,1,300
74817,1,300
74832,1,300
74855,1,300
74855,1,300
74859,1,300
74879,1,300
74907,1,300
74922,1,300
74923,1,300
74924,1,300
74929,1,300
74938,1,300
75067,1,300
75087,1,300
75109,1,300
75149,1,300
75151,1,300
75155,1,300
75184,1,300
75198,1,300
75198,1,300
75213,1,300
75221,1,300
75223,1,300
75243,1,300
75249,1,300
75251,1,300
75287,1,300
75328,1,300
75332,1,300
75334,1,300
75337,1,300
75342,1,300
75347,1,300
75353,1,300
75380,1,300
75391,1,300
75415,1,300
75423,1,300
75455,1,300
75516,1,300
75522,1,300
75534,1,300
75600,1,300
75627,1,300
75638,1,300
75643,1,300
75651,1,300
75652,1,300
75658,1,300
75658,1,300
75672,1,300
75692,1,300
75696,1,300
75702,1,300
75712,1,300
75752,1,300
75805,1,300
75818,1,300
75834,1,300
75837,1,300
75868,1,300
75886,1,300
75887,1,300
75901,1,300
75940,1,300
76034,1,300
76065,1,300
76099,1,300
76099,1,300
76141,1,300
76163,1,300
76169,1,300
76213,1,300
76217,1,300
76222,1,300
76235,1,300
76235,1,300
76255,1,300
76260,1,300
76309,1,300
76322,1,300
76361,1,300
76395,1,300
76413,1,300
76420,1,300
76430,1,300
76480,1,300
76497,1,300
76499,1,300
76544,1,300
76546,1,300
76566,1,300
76573,1,300
76581,1,300
76613,1,300
76632,1,300
76665,1,300
76674,1,300
76678,1,300
76682,1,300
76715,1,300
76740,1,300
76754,1,300
76802,1,300
76806,1,300
76852,1,300
76856,1,300
76894,1,300
76917,1,300
77010,1,300
77010,1,300
77014,1,300
77028,1,300
77038,1,300
77053,1,300
77109,1,300
77109,1,300
77121,1,300
77152,1,300
77187,1,300
77199,1,300
77248,1,300
77251,1,300
77256,1,300
77257,1,300
77263,1,300
77268,1,300
77286,1,300
77297,1,300
77314,1,300
77320,1,300
77355,1,300
77410,1,300
77410,1,300
77410,1,300
77425,1,300
77455,1,300
77489,1,300
77490,1,300
77587,1,300
77648,1,300
77685,1,300
77706,1,300
77709,1,300
77711,1,300
77719,1,300
77793,1,300
77833,1,300
77833,1,300
77889,1,300
77890,1,300
77894,1,300
77925,1,300
78011,1,300
78044,1,300
78103,1,300
78107,1,300
78118,1,300
78150,1,300
78184,1,300
78208,1,300
78228,1,300
78232,1,300
78250,1,300
78263,1,300
78301,1,300
78333,1,300
78375,1,300
78379,1,300
78391,1,300
78405,1,300
78412,1,300
78417,1,300
78477,1,300
78477,1,300
78656,1,300
78689,1,300
78691,1,300
78723,1,300
78758,1,300
78793,1,300
78804,1,300
78818,1,300
78825,1,300
78856,1,300
78869,1,300
79011,1,300
79028,1,300
79029,1,300
79050,1,300
79053,1,300
79056,1,300
79056,1,300
79070,1,300
79121,1,300
79127,1,300
79159,1,300
79273,1,300
79291,1,300
79351,1,300
79373,1,300
79394,1,300
79467,1,300
79473,1,300
79524,1,300
79533,1,300
79548,1,300
79572,1,300
79589,1,300
79601,1,300
79661,1,300
79664,1,300
79674,1,300
79754,1,300
79759,1,300
79782,1,300
79815,1,300
79853,1,300
79869,1,300
79940,1,300
80027,1,300
80051,1,300
80094,1,300
80102,1,300
80116,1,300
80117,1,300
80126,1,300
80157,1,300
80165,1,300
80178,1,300
80204,1,300
80206,1,300
80211,1,300
80261,1,300
80273,1,300
80311,1,300
80333,1,300
80352,1,300
80390,1,300
80395,1,300
80414,1,300
80439,1,300
80461,1,300
80471,1,300
80472,1,300
80508,1,300
80515,1,300
80530,1,300
80551,1,300
80574,1,300
80585,1,300
80588,1,300
80590,1,300
80599,1,300
80625,1,300
80661,1,300
80664,1,300
80713,1,300
80728,1,300
80769,1,300
80779,1,300
80799,1,300
80815,1,300
80867,1,300
80877,1,300
80891,1,300
80895,1,300
80910,1,300
80939,1,300
81000,1,300
81011,1,300
81029,1,300
81036,1,300
81047,1,300
81055,1,300
81056,1,300
81057,1,300
81068,1,300
81082,1,300
81083,1,300
81085,1,300
81136,1,300
81157,1,300
81174,1,300
81180,1,300
81189,1,300
81201,1,300
81206,1,300
81212,1,300
81214,1,300
81226,1,300
81229,1,300
81237,1,300
81243,1,300
81249,1,300
81254,1,300
81257,1,300
81258,1,300
81268,1,300
81276,1,300
81280,1,300
81303,1,300
81314,1,300
81319,1,300
81328,1,300
81338,1,300
81344,1,300
81347,1,300
81353,1,300
81373,1,300
81392,1,300
81397,1,300
81417,1,300
81435,1,300
81449,1,300
81474,1,300
81484,1,300
81485,1,300
81490,1,300
81496,1,300
81508,1,300
81541,1,300
81558,1,300
81600,1,300
81602,1,300
81620,1,300
81621,1,300
81645,1,300
81650,1,300
81682,1,300
81704,1,300
81704,1,300
81704,1,300
81713,1,300
81731,1,300
81732,1,300
81740,1,300
81754,1,300
81766,1,300
81773,1,300
81774,1,300
81774,1,300
81775,1,300
81786,1,300
81793,1,300
81799,1,300
81811,1,300
81813,1,300
81823,1,300
81828,1,300
81863,1,300
82009,1,300
82046,1,300
82050,1,300
82065,1,300
82071,1,300
82101,1,300
82146,1,300
82169,1,300
82179,1,300
82262,1,300
82266,1,300
82278,1,300
82302,1,300
82316,1,300
82325,1,300
82348,1,300
82379,1,300
82422,1,300
82428,1,300
82475,1,300
82498,1,300
82500,1,300
82508,1,300
82534,1,300
82537,1,300
82551,1,300
82573,1,300
82594,1,300
82611,1,300
82613,1,300
82627,1,300
82634,1,300
82635,1,300
82642,1,300
82653,1,300
82654,1,300
82654,1,300
82682,1,300
82725,1,300
82751,1,300
82756,1,300
82760,1,300
82772,1,300
82804,1,300
82844,1,300
82847,1,300
82853,1,300
82859,1,300
82887,1,300
82921,1,300
83049,1,300
83071,1,300
83081,1,300
83136,1,300
83138,1,300
83149,1,300
83153,1,300
83194,1,300
83197,1,300
83197,1,300
83215,1,300
83263,1,300
83312,1,300
83353,1,300
83359,1,300
83372,1,300
83381,1,300
83418,1,300
83436,1,300
83449,1,300
83463,1,300
83526,1,300
83533,1,300
83536,1,300
83580,1,300
83594,1,300
83613,1,300
83633,1,300
83648,1,300
83653,1,300
83669,1,300
83680,1,300
83731,1,300
83732,1,300
83747,1,300
83748,1,300
83772,1,300
83816,1,300
83819,1,300
83858,1,300
83862,1,300
83878,1,300
83894,1,300
84016,1,300
84049,1,300
84051,1,300
84127,1,300
84131,1,300
84141,1,300
84141,1,300
84156,1,300
84157,1,300
84208,1,300
84236,1,300
84259,1,300
84306,1,300
84325,1,300
84352,1,300
84383,1,300
84384,1,300
84540,1,300
84545,1,300
84573,1,300
84642,1,300
84655,1,300
84657,1,300
84679,1,300
84690,1,300
84704,1,300
84717,1,300
84755,1,300
84780,1,300
84786,1,300
84791,1,300
84807,1,300
84822,1,300
84842,1,300
84851,1,300
84911,1,300
84911,1,300
84919,1,300
84926,1,300
84934,1,300
84934,1,300
84936,1,300
85009,1,300
85030,1,300
85031,1,300
85044,1,300
85062,1,300
85072,1,300
85102,1,300
85104,1,300
85113,1,300
85115,1,300
85133,1,300
85174,1,300
85175,1,300
85176,1,300
85218,1,300
85226,1,300
85230,1,300
85230,1,300
85232,1,300
85254,1,300
85283,1,300
85288,1,300
85299,1,300
85306,1,300
85309,1,300
85322,1,300
85348,1,300
85358,1,300
85367,1,300
85380,1,300
85386,1,300
85401,1,300
85422,1,300
85435,1,300
85493,1,300
85510,1,300
85519,1,300
85528,1,300
85543,1,300
85552,1,300
85562,1,300
85627,1,300
85629,1,300
85645,1,300
85657,1,300
85695,1,300
85696,1,300
85697,1,300
85714,1,300
85780,1,300
85784,1,300
85806,1,300
85810,1,300
85814,1,300
85817,1,300
85830,1,300
85844,1,300
85854,1,300
85893,1,300
85928,1,300
85932,1,300
85941,1,300
85949,1,300
86007,1,300
86012,1,300
86013,1,300
86017,1,300
86033,1,300
86042,1,300
86044,1,300
86065,1,300
86069,1,300
86079,1,300
86085,1,300
86094,1,300
86119,1,300
86119,1,300
86140,1,300
86159,1,300
86163,1,300
86207,1,300
86240,1,300
86240,1,300
86265,1,300
86361,1,300
86365,1,300
86377,1,300
86452,1,300
86482,1,300
86486,1,300
86514,1,300
86517,1,300
86530,1,300
86541,1,300
86556,1,300
86588,1,300
86596,1,300
86607,1,300
86617,1,300
86637,1,300
86669,1,300
86728,1,300
86751,1,300
86752,1,300
86755,1,300
86778,1,300
86799,1,300
86870,1,300
86878,1,300
86900,1,300
87012,1,300
87025,1,300
87042,1,300
87111,1,300
87122,1,300
87169,1,300
87197,1,300
87209,1,300
87218,1,300
87243,1,300
87246,1,300
87252,1,300
87253,1,300
87263,1,300
87330,1,300
87379,1,300
87386,1,300
87390,1,300
87396,1,300
87436,1,300
87438,1,300
87448,1,300
87480,1,300
87513,1,300
87521,1,300
87536,1,300
87566,1,300
87573,1,300
87577,1,300
87621,1,300
87680,1,300
87686,1,300
87689,1,300
87694,1,300
87736,1,300
87777,1,300
87812,1,300
87818,1,300
87843,1,300
87851,1,300
87857,1,300
87873,1,300
87883,1,300
87885,1,300
87898,1,300
87913,1,300
87915,1,300
87917,1,300
87946,1,300
88039,1,300
88051,1,300
88052,1,300
88057,1,300
88153,1,300
88161,1,300
88186,1,300
88188,1,300
88199,1,300
88217,1,300
88223,1,300
88229,1,300
88238,1,300
88255,1,300
88267,1,300
88327,1,300
88330,1,300
88370,1,300
88391,1,300
88396,1,300
88410,1,300
88442,1,300
88458,1,300
88463,1,300
88469,1,300
88475,1,300
88505,1,300
88523,1,300
88540,1,300
88576,1,300
88595,1,300
88601,1,300
88602,1,300
88619,1,300
88659,1,300
88671,1,300
88724,1,300
88731,1,300
88736,1,300
88737,1,300
88738,1,300
88762,1,300
88787,1,300
88787,1,300
88835,1,300
88890,1,300
89098,1,300
89108,1,300
89147,1,300
89179,1,300
89204,1,300
89214,1,300
89216,1,300
89220,1,300
89238,1,300
89260,1,300
89269,1,300
89287,1,300
89295,1,300
89304,1,300
89314,1,300
89317,1,300
89326,1,300
89334,1,300
89353,1,300
89355,1,300
89404,1,300
89429,1,300
89432,1,300
89448,1,300
89451,1,300
89456,1,300
89460,1,300
89478,1,300
89499,1,300
89511,1,300
89511,1,300
89569,1,300
89574,1,300
89591,1,300
89591,1,300
89630,1,300
89632,1,300
89650,1,300
89673,1,300
89695,1,300
89706,1,300
89745,1,300
89764,1,300
89779,1,300
89822,1,300
89832,1,300
89842,1,300
89861,1,300
89898,1,300
89902,1,300
89905,1,300
89928,1,300
90002,1,300
90008,1,300
90038,1,300
90068,1,300
90087,1,300
90093,1,300
90140,1,300
90144,1,300
90156,1,300
90162,1,300
90170,1,300
90198,1,300
90228,1,300
90234,1,300
90247,1,300
90247,1,300
90254,1,300
90256,1,300
90291,1,300
90294,1,300
90327,1,300
90331,1,300
90346,1,300
90357,1,300
90410,1,300
90438,1,300
90445,1,300
90464,1,300
90471,1,300
90473,1,300
90478,1,300
90519,1,300
90535,1,300
90624,1,300
90635,1,300
90638,1,300
90655,1,300
90718,1,300
90731,1,300
90733,1,300
90738,1,300
90781,1,300
90782,1,300
90798,1,300
90799,1,300
90812,1,300
90815,1,300
90877,1,300
90879,1,300
90879,1,300
90886,1,300
90886,1,300
90904,1,300
91009,1,300
91014,1,300
91055,1,300
91071,1,300
91088,1,300
91089,1,300
91089,1,300
91107,1,300
91109,1,300
91110,1,300
91116,1,300
91116,1,300
91185,1,300
91199,1,300
91200,1,300
91357,1,300
91362,1,300
91398,1,300
91399,1,300
91427,1,300
91430,1,300
91437,1,300
91482,1,300
91526,1,300
91568,1,300
91572,1,300
91577,1,300
91581,1,300
91602,1,300
91621,1,300
91633,1,300
91641,1,300
91642,1,300
91685,1,300
91688,1,300
91714,1,300
91722,1,300
91722,1,300
91733,1,300
91762,1,300
91766,1,300
91782,1,300
91783,1,300
91789,1,300
91797,1,300
91802,1,300
91814,1,300
91826,1,300
91851,1,300
91895,1,300
91934,1,300
91938,1,300
91943,1,300
92013,1,300
92016,1,300
92042,1,300
92062,1,300
92062,1,300
92068,1,300
92075,1,300
92090,1,300
92099,1,300
92130,1,300
92184,1,300
92186,1,300
92234,1,300
92243,1,300
92250,1,300
92251,1,300
92254,1,300
92269,1,300
92279,1,300
92308,1,300
92331,1,300
92359,1,300
92379,1,300
92390,1,300
92395,1,300
92400,1,300
92418,1,300
92437,1,300
92452,1,300
92501,1,300
92517,1,300
92553,1,300
92562,1,300
92564,1,300
92568,1,300
92571,1,300
92599,1,300
92607,1,300
92637,1,300
92653,1,300
92673,1,300
92693,1,300
92698,1,300
92713,1,300
92718,1,300
92727,1,300
92748,1,300
92797,1,300
92801,1,300
92832,1,300
92854,1,300
92861,1,300
92862,1,300
92872,1,300
92886,1,300
92890,1,300
93001,1,300
93043,1,300
93043,1,300
93052,1,300
93078,1,300
93096,1,300
93098,1,300
93120,1,300
93122,1,300
93146,1,300
93148,1,300
93176,1,300
93178,1,300
93182,1,300
93182,1,300
93194,1,300
93207,1,300
93216,1,300
93224,1,300
93226,1,300
93229,1,300
93238,1,300
93263,1,300
93265,1,300
93279,1,300
93288,1,300
93315,1,300
93320,1,300
93331,1,300
93349,1,300
93361,1,300
93365,1,300
93395,1,300
93401,1,300
93410,1,300
93413,1,300
93445,1,300
93469,1,300
93473,1,300
93496,1,300
93498,1,300
93502,1,300
93503,1,300
93504,1,300
93524,1,300
93525,1,300
93530,1,300
93539,1,300
93539,1,300
93546,1,300
93551,1,300
93574,1,300
93588,1,300
93591,1,300
93603,1,300
93607,1,300
93609,1,300
93637,1,300
93639,1,300
93651,1,300
93677,1,300
93681,1,300
93685,1,300
93698,1,300
93698,1,300
93700,1,300
93706,1,300
93716,1,300
93723,1,300
93738,1,300
93781,1,300
93841,1,300
93854,1,300
93870,1,300
94002,1,300
94028,1,300
94040,1,300
94057,1,300
94071,1,300
94092,1,300
94092,1,300
94099,1,300
94131,1,300
94137,1,300
94138,1,300
94146,1,300
94158,1,300
94205,1,300
94231,1,300
94243,1,300
94249,1,300
94252,1,300
94273,1,300
94281,1,300
94282,1,300
94283,1,300
94297,1,300
94297,1,300
94309,1,300
94345,1,300
94354,1,300
94394,1,300
94407,1,300
94426,1,300
94433,1,300
94449,1,300
94453,1,300
94456,1,300
94458,1,300
94471,1,300
94478,1,300
94478,1,300
94509,1,300
94510,1,300
94515,1,300
94549,1,300
94554,1,300
94584,1,300
94608,1,300
94649,1,300
94672,1,300
94680,1,300
94691,1,300
94703,1,300
94747,1,300
94750,1,300
94769,1,300
94775,1,300
94776,1,300
94803,1,300
94807,1,300
94825,1,300
94828,1,300
94856,1,300
94865,1,300
94869,1,300
94872,1,300
95006,1,300
95016,1,300
95023,1,300
95043,1,300
95063,1,300
95064,1,300
95065,1,300
95066,1,300
95073,1,300
95092,1,300
95094,1,300
95102,1,300
95104,1,300
95109,1,300
95116,1,300
95125,1,300
95135,1,300
95194,1,300
95205,1,300
95223,1,300
95246,1,300
95254,1,300
95254,1,300
95255,1,300
95267,1,300
95275,1,300
95291,1,300
95370,1,300
95384,1,300
95407,1,300
95432,1,300
95438,1,300
95463,1,300
95465,1,300
95475,1,300
95502,1,300
95511,1,300
95512,1,300
95520,1,300
95534,1,300
95543,1,300
95544,1,300
95551,1,300
95572,1,300
95578,1,300
95579,1,300
95583,1,300
95630,1,300
95630,1,300
95644,1,300
95644,1,300
95650,1,300
95654,1,300
95673,1,300
95703,1,300
95705,1,300
95707,1,300
95741,1,300
95766,1,300
95779,1,300
95808,1,300
95862,1,300
95869,1,300
95869,1,300
96019,1,300
96091,1,300
96092,1,300
96108,1,300
96113,1,300
96124,1,300
96143,1,300
96153,1,300
96153,1,300
96193,1,300
96194,1,300
96202,1,300
96242,1,300
96299,1,300
96312,1,300
96318,1,300
96364,1,300
96367,1,300
96372,1,300
96374,1,300
96381,1,300
96390,1,300
96434,1,300
96444,1,300
96448,1,300
96492,1,300
96523,1,300
96530,1,300
96533,1,300
96544,1,300
96636,1,300
96649,1,300
96661,1,300
96661,1,300
96696,1,300
96707,1,300
96738,1,300
96742,1,300
96743,1,300
96778,1,300
96803,1,300
96814,1,300
96827,1,300
96833,1,300
96874,1,300
96881,1,300
97024,1,300
97036,1,300
97080,1,300
97108,1,300
97129,1,300
97142,1,300
97159,1,300
97167,1,300
97178,1,300
97202,1,300
97232,1,300
97235,1,300
97244,1,300
97272,1,300
97275,1,300
97289,1,300
97291,1,300
97300,1,300
97360,1,300
97369,1,300
97371,1,300
97378,1,300
97381,1,300
97388,1,300
97432,1,300
97441,1,300
97461,1,300
97478,1,300
97485,1,300
97493,1,300
97499,1,300
97519,1,300
97520,1,300
97528,1,300
97542,1,300
97567,1,300
97570,1,300
97611,1,300
97620,1,300
97631,1,300
97640,1,300
97646,1,300
97694,1,300
97703,1,300
97748,1,300
97765,1,300
97776,1,300
97819,1,300
97846,1,300
97860,1,300
97879,1,300
97894,1,300
98002,1,300
98008,1,300
98035,1,300
98047,1,300
98051,1,300
98109,1,300
98111,1,300
98137,1,300
98162,1,300
98163,1,300
98183,1,300
98220,1,300
98235,1,300
98256,1,300
98266,1,300
98270,1,300
98281,1,300
98285,1,300
98342,1,300
98358,1,300
98361,1,300
98387,1,300
98425,1,300
98435,1,300
98485,1,300
98491,1,300
98500,1,300
98504,1,300
98520,1,300
98524,1,300
98529,1,300
98540,1,300
98540,1,300
98545,1,300
98563,1,300
98576,1,300
98606,1,300
98620,1,300
98631,1,300
98637,1,300
98665,1,300
98698,1,300
98701,1,300
98731,1,300
98743,1,300
98744,1,300
98748,1,300
98762,1,300
98785,1,300
98806,1,300
98813,1,300
98851,1,300
98872,1,300
98925,1,300
98935,1,300
99002,1,300
99002,1,300
99032,1,300
99052,1,300
99074,1,300
99077,1,300
99080,1,300
99112,1,300
99113,1,300
99116,1,300
99128,1,300
99132,1,300
99154,1,300
99177,1,300
99209,1,300
99266,1,300
99313,1,300
99344,1,300
99357,1,300
99364,1,300
99369,1,300
99388,1,300
99416,1,300
99429,1,300
99433,1,300
99444,1,300
99500,1,300
99500,1,300
99529,1,300
99538,1,300
99548,1,300
99553,1,300
99572,1,300
99610,1,300
99631,1,300
99648,1,300
99677,1,300
99686,1,300
99694,1,300
99704,1,300
99785,1,300
99798,1,300
99867,1,300
99882,1,300
99905,1,300
99915,1,300
99929,1,300
99933,1,300
100002,1,300
100014,1,300
100037,1,300
100067,1,300
100089,1,300
100093,1,300
100116,1,300
100134,1,300
100145,1,300
100149,1,300
100162,1,300
100185,1,300
100188,1,300
100193,1,300
100220,1,300
100224,1,300
100240,1,300
100249,1,300
100263,1,300
100265,1,300
100268,1,300
100315,1,300
100318,1,300
100321,1,300
100336,1,300
100338,1,300
100341,1,300
100355,1,300
100378,1,300
100379,1,300
100437,1,300
100466,1,300
100478,1,300
100502,1,300
100503,1,300
100517,1,300
100531,1,300
100559,1,300
100568,1,300
100597,1,300
100629,1,300
100654,1,300
100666,1,300
100679,1,300
100689,1,300
100714,1,300
100732,1,300
100735,1,300
100741,1,300
100758,1,300
100763,1,300
100801,1,300
100828,1,300
100844,1,300
100851,1,300
101051,1,300
101061,1,300
101079,1,300
101120,1,300
101141,1,300
101158,1,300
101164,1,300
101191,1,300
101191,1,300
101199,1,300
101204,1,300
101205,1,300
101240,1,300
101261,1,300
101293,1,300
101320,1,300
101329,1,300
101335,1,300
101412,1,300
101443,1,300
101474,1,300
101488,1,300
101503,1,300
101518,1,300
101534,1,300
101555,1,300
101585,1,300
101605,1,300
101625,1,300
101673,1,300
101725,1,300
101736,1,300
101739,1,300
101808,1,300
101832,1,300
101833,1,300
101863,1,300
101866,1,300
101877,1,300
101905,1,300
101908,1,300
101911,1,300
101925,1,300
101964,1,300
102013,1,300
102061,1,300
102081,1,300
102129,1,300
102146,1,300
102161,1,300
102194,1,300
102224,1,300
102229,1,300
102267,1,300
102268,1,300
102269,1,300
102275,1,300
102295,1,300
102298,1,300
102302,1,300
102344,1,300
102428,1,300
102462,1,300
102477,1,300
102483,1,300
102483,1,300
102493,1,300
102500,1,300
102502,1,300
102505,1,300
102555,1,300
102575,1,300
102635,1,300
102658,1,300
102665,1,300
102688,1,300
102696,1,300
102722,1,300
102786,1,300
102795,1,300
102822,1,300
102888,1,300
102890,1,300
102896,1,300
102900,1,300
102907,1,300
102920,1,300
102966,1,300
102992,1,300
103014,1,300
103025,1,300
103082,1,300
103088,1,300
103090,1,300
103118,1,300
103134,1,300
103136,1,300
103149,1,300
103181,1,300
103208,1,300
103219,1,300
103237,1,300
103270,1,300
103282,1,300
103301,1,300
103321,1,300
103349,1,300
103351,1,300
103367,1,300
103393,1,300
103399,1,300
103449,1,300
103460,1,300
103474,1,300
103475,1,300
103486,1,300
103495,1,300
103503,1,300
103503,1,300
103545,1,300
103553,1,300
103556,1,300
103565,1,300
103580,1,300
103593,1,300
103601,1,300
103707,1,300
103707,1,300
103707,1,300
103770,1,300
103828,1,300
103841,1,300
103887,1,300
104048,1,300
104063,1,300
104068,1,300
104073,1,300
104077,1,300
104103,1,300
104111,1,300
104113,1,300
104127,1,300
104135,1,300
104163,1,300
104175,1,300
104264,1,300
104277,1,300
104300,1,300
104300,1,300
104339,1,300
104382,1,300
104387,1,300
104418,1,300
104434,1,300
104435,1,300
104458,1,300
104513,1,300
104514,1,300
104544,1,300
104553,1,300
104586,1,300
104608,1,300
104650,1,300
104653,1,300
104660,1,300
104676,1,300
104697,1,300
104736,1,300
104765,1,300
104804,1,300
104818,1,300
104836,1,300
104852,1,300
104855,1,300
104896,1,300
104906,1,300
105016,1,300
105027,1,300
105072,1,300
105091,1,300
105097,1,300
105149,1,300
105171,1,300
105189,1,300
105245,1,300
105252,1,300
105256,1,300
105260,1,300
105280,1,300
105289,1,300
105299,1,300
105334,1,300
105367,1,300
105389,1,300
105398,1,300
105400,1,300
105421,1,300
105424,1,300
105450,1,300
105456,1,300
105470,1,300
105499,1,300
105517,1,300
105569,1,300
105604,1,300
105611,1,300
105646,1,300
105651,1,300
105697,1,300
105697,1,300
105712,1,300
105779,1,300
105787,1,300
105794,1,300
105796,1,300
105798,1,300
105818,1,300
105826,1,300
105830,1,300
105836,1,300
105844,1,300
105880,1,300
106044,1,300
106100,1,300
106110,1,300
106111,1,300
106134,1,300
106218,1,300
106222,1,300
106236,1,300
106256,1,300
106315,1,300
106372,1,300
106434,1,300
106459,1,300
106464,1,300
106477,1,300
106485,1,300
106485,1,300
106492,1,300
106513,1,300
106531,1,300
106550,1,300
106589,1,300
106590,1,300
106591,1,300
106613,1,300
106638,1,300
106638,1,300
106693,1,300
106699,1,300
106701,1,300
106757,1,300
106760,1,300
106776,1,300
106817,1,300
106826,1,300
106841,1,300
106957,1,300
106967,1,300
106988,1,300
107001,1,300
107002,1,300
107008,1,300
107025,1,300
107048,1,300
107055,1,300
107065,1,300
107070,1,300
107072,1,300
107085,1,300
107116,1,300
107143,1,300
107163,1,300
107212,1,300
107214,1,300
107242,1,300
107249,1,300
107278,1,300
107297,1,300
107304,1,300
107315,1,300
107355,1,300
107392,1,300
107450,1,300
107477,1,300
107513,1,300
107550,1,300
107592,1,300
107642,1,300
107661,1,300
107778,1,300
107804,1,300
107814,1,300
107814,1,300
107878,1,300
107900,1,300
107924,1,300
107939,1,300
108007,1,300
108025,1,300
108032,1,300
108044,1,300
108098,1,300
108166,1,300
108183,1,300
108199,1,300
108212,1,300
108218,1,300
108226,1,300
108246,1,300
108278,1,300
108311,1,300
108325,1,300
108339,1,300
108397,1,300
108445,1,300
108456,1,300
108502,1,300
108509,1,300
108513,1,300
108516,1,300
108520,1,300
108560,1,300
108570,1,300
108587,1,300
108628,1,300
108644,1,300
108668,1,300
108753,1,300
108757,1,300
108766,1,300
108813,1,300
108829,1,300
108853,1,300
108867,1,300
108942,1,300
108956,1,300
108981,1,300
109002,1,300
109012,1,300
109056,1,300
109078,1,300
109090,1,300
109142,1,300
109166,1,300
109236,1,300
109256,1,300
109256,1,300
109258,1,300
109259,1,300
109295,1,300
109311,1,300
109379,1,300
109387,1,300
109393,1,300
109398,1,300
109399,1,300
109413,1,300
109475,1,300
109475,1,300
109517,1,300
109540,1,300
109564,1,300
109605,1,300
109616,1,300
109621,1,300
109622,1,300
109684,1,300
109768,1,300
109769,1,300
109834,1,300
109854,1,300
109880,1,300
109900,1,300
109932,1,300
109971,1,300
110007,1,300
110042,1,300
110077,1,300
110136,1,300
110149,1,300
110149,1,300
110185,1,300
110186,1,300
110237,1,300
110255,1,300
110263,1,300
110286,1,300
110286,1,300
110300,1,300
110328,1,300
110329,1,300
110358,1,300
110417,1,300
110428,1,300
110431,1,300
110456,1,300
110470,1,300
110500,1,300
110517,1,300
110529,1,300
110548,1,300
110560,1,300
110568,1,300
110596,1,300
110605,1,300
110609,1,300
110624,1,300
110663,1,300
110709,1,300
110718,1,300
110722,1,300
110803,1,300
110830,1,300
110887,1,300
110894,1,300
110945,1,300
111020,1,300
111048,1,300
111055,1,300
111068,1,300
111072,1,300
111079,1,300
111093,1,300
111096,1,300
111102,1,300
111166,1,300
111203,1,300
111210,1,300
111215,1,300
111232,1,300
111246,1,300
111296,1,300
111332,1,300
111333,1,300
111335,1,300
111349,1,300
111356,1,300
111370,1,300
111383,1,300
111405,1,300
111410,1,300
111452,1,300
111456,1,300
111479,1,300
111524,1,300
111530,1,300
111559,1,300
111635,1,300
111663,1,300
111664,1,300
111776,1,300
111778,1,300
111780,1,300
111786,1,300
111798,1,300
111816,1,300
111827,1,300
111834,1,300
111840,1,300
111843,1,300
111858,1,300
111900,1,300
111944,1,300
111953,1,300
111969,1,300
111974,1,300
112017,1,300
112030,1,300
112033,1,300
112034,1,300
112037,1,300
112056,1,300
112081,1,300
112107,1,300
112188,1,300
112215,1,300
112278,1,300
112390,1,300
112412,1,300
112437,1,300
112493,1,300
112506,1,300
112528,1,300
112541,1,300
112560,1,300
112574,1,300
112627,1,300
112634,1,300
112640,1,300
112716,1,300
112750,1,300
112787,1,300
112801,1,300
112840,1,300
112845,1,300
112871,1,300
112950,1,300
112959,1,300
113019,1,300
113065,1,300
113148,1,300
113154,1,300
113192,1,300
113203,1,300
113208,1,300
113209,1,300
113224,1,300
113238,1,300
113296,1,300
113301,1,300
113349,1,300
113355,1,300
113355,1,300
113374,1,300
113376,1,300
113384,1,300
113432,1,300
113439,1,300
113443,1,300
113511,1,300
113560,1,300
113561,1,300
113648,1,300
113668,1,300
113677,1,300
113690,1,300
113719,1,300
113719,1,300
113779,1,300
113789,1,300
113795,1,300
113819,1,300
113824,1,300
113845,1,300
113857,1,300
113876,1,300
113886,1,300
114004,1,300
114020,1,300
114037,1,300
114109,1,300
114160,1,300
114259,1,300
114277,1,300
114282,1,300
114337,1,300
114361,1,300
114366,1,300
114368,1,300
114384,1,300
114385,1,300
114415,1,300
114432,1,300
114454,1,300
114465,1,300
114483,1,300
114531,1,300
114673,1,300
114690,1,300
114714,1,300
114790,1,300
114794,1,300
114813,1,300
114815,1,300
114852,1,300
114859,1,300
114926,1,300
114939,1,300
114948,1,300
115015,1,300
115020,1,300
115021,1,300
115038,1,300
115039,1,300
115056,1,300
115151,1,300
115187,1,300
115260,1,300
115279,1,300
115301,1,300
115374,1,300
115396,1,300
115398,1,300
115409,1,300
115448,1,300
115478,1,300
115492,1,300
115539,1,300
115556,1,300
115571,1,300
115612,1,300
115640,1,300
115680,1,300
115833,1,300
115853,1,300
115893,1,300
115901,1,300
115942,1,300
115967,1,300
116120,1,300
116143,1,300
116207,1,300
116211,1,300
116225,1,300
116282,1,300
116294,1,300
116302,1,300
116336,1,300
116346,1,300
116355,1,300
116365,1,300
116425,1,300
116449,1,300
116477,1,300
116504,1,300
116513,1,300
116529,1,300
116573,1,300
116637,1,300
116697,1,300
116717,1,300
116740,1,300
116746,1,300
116767,1,300
116772,1,300
116801,1,300
116859,1,300
116887,1,300
116895,1,300
116907,1,300
116915,1,300
116935,1,300
117020,1,300
117020,1,300
117054,1,300
117093,1,300
117100,1,300
117131,1,300
117140,1,300
117188,1,300
117209,1,300
117223,1,300
117246,1,300
117259,1,300
117269,1,300
117278,1,300
117281,1,300
117291,1,300
117295,1,300
117296,1,300
117319,1,300
117324,1,300
117371,1,300
117372,1,300
117401,1,300
117404,1,300
117443,1,300
117448,1,300
117490,1,300
117495,1,300
117497,1,300
117506,1,300
117549,1,300
117596,1,300
117613,1,300
117639,1,300
117693,1,300
117787,1,300
117919,1,300
118000,1,300
118008,1,300
118009,1,300
118013,1,300
118036,1,300
118039,1,300
118054,1,300
118056,1,300
118090,1,300
118114,1,300
118120,1,300
118151,1,300
118160,1,300
118178,1,300
118228,1,300
118266,1,300
118285,1,300
118361,1,300
118369,1,300
118405,1,300
118481,1,300
118491,1,300
118564,1,300
118577,1,300
118631,1,300
118639,1,300
118699,1,300
118733,1,300
118733,1,300
118735,1,300
118745,1,300
118840,1,300
118842,1,300
118849,1,300
118859,1,300
118876,1,300
118889,1,300
118920,1,300
118942,1,300
119033,1,300
119096,1,300
119111,1,300
119209,1,300
119233,1,300
119263,1,300
119293,1,300
119316,1,300
119332,1,300
119356,1,300
119399,1,300
119417,1,300
119495,1,300
119497,1,300
119555,1,300
119596,1,300
119681,1,300
119703,1,300
119751,1,300
119768,1,300
119860,1,300
120000,1,300
120010,1,300
120033,1,300
120142,1,300
120207,1,300
120230,1,300
120237,1,300
120277,1,300
120307,1,300
120313,1,300
120435,1,300
120452,1,300
120463,1,300
120465,1,300
120486,1,300
120503,1,300
120603,1,300
120683,1,300
120714,1,300
120715,1,300
120763,1,300
120792,1,300
120817,1,300
120847,1,300
120850,1,300
120897,1,300
120898,1,300
120934,1,300
120962,1,300
121054,1,300
121067,1,300
121128,1,300
121173,1,300
121197,1,300
121308,1,300
121356,1,300
121374,1,300
121396,1,300
121403,1,300
121409,1,300
121449,1,300
121461,1,300
121491,1,300
121551,1,300
121567,1,300
121579,1,300
121584,1,300
121602,1,300
121603,1,300
121609,1,300
121620,1,300
121693,1,300
121790,1,300
121794,1,300
121796,1,300
121801,1,300
121830,1,300
121869,1,300
121913,1,300
122006,1,300
122063,1,300
122098,1,300
122130,1,300
122144,1,300
122172,1,300
122189,1,300
122191,1,300
122220,1,300
122245,1,300
122340,1,300
122358,1,300
122396,1,300
122448,1,300
122484,1,300
122546,1,300
122562,1,300
122588,1,300
122623,1,300
122623,1,300
122652,1,300
122735,1,300
122746,1,300
122777,1,300
122853,1,300
122859,1,300
122913,1,300
122962,1,300
122974,1,300
123042,1,300
123049,1,300
123149,1,300
123156,1,300
123174,1,300
123176,1,300
123242,1,300
123251,1,300
123253,1,300
123256,1,300
123338,1,300
123339,1,300
123427,1,300
123539,1,300
123554,1,300
123554,1,300
123572,1,300
123585,1,300
123587,1,300
123602,1,300
123659,1,300
123683,1,300
123686,1,300
123752,1,300
123774,1,300
123903,1,300
123963,1,300
124011,1,300
124107,1,300
124123,1,300
124137,1,300
124175,1,300
124198,1,300
124201,1,300
124299,1,300
124309,1,300
124317,1,300
124402,1,300
124434,1,300
124532,1,300
124542,1,300
124584,1,300
124588,1,300
124621,1,300
124635,1,300
124636,1,300
124644,1,300
124708,1,300
124717,1,300
124794,1,300
124894,1,300
124911,1,300
124928,1,300
124955,1,300
124960,1,300
125089,1,300
125116,1,300
125139,1,300
125153,1,300
125204,1,300
125251,1,300
125482,1,300
125643,1,300
125645,1,300
125672,1,300
125842,1,300
125908,1,300
125918,1,300
125937,1,300
125947,1,300
125952,1,300
126016,1,300
126034,1,300
126083,1,300
126095,1,300
126123,1,300
126148,1,300
126162,1,300
126174,1,300
126236,1,300
126271,1,300
126280,1,300
126288,1,300
126302,1,300
126335,1,300
126344,1,300
126399,1,300
126438,1,300
126536,1,300
126553,1,300
126572,1,300
126575,1,300
126601,1,300
126711,1,300
126759,1,300
126769,1,300
126962,1,300
126964,1,300
127021,1,300
127030,1,300
127031,1,300
127049,1,300
127127,1,300
127183,1,300
127200,1,300
127209,1,300
127248,1,300
127283,1,300
127316,1,300
127374,1,300
127494,1,300
127597,1,300
127598,1,300
127600,1,300
127606,1,300
127660,1,300
127696,1,300
127718,1,300
127723,1,300
127742,1,300
127792,1,300
127808,1,300
127833,1,300
127953,1,300
128018,1,300
128019,1,300
128077,1,300
128118,1,300
128120,1,300
128130,1,300
128271,1,300
128406,1,300
128414,1,300
128452,1,300
128462,1,300
128470,1,300
128504,1,300
128557,1,300
128584,1,300
128614,1,300
128643,1,300
128780,1,300
128859,1,300
129050,1,300
129117,1,300
129117,1,300
129133,1,300
129154,1,300
129272,1,300
129471,1,300
129487,1,300
129560,1,300
129633,1,300
129644,1,300
129650,1,300
129686,1,300
129726,1,300
129765,1,300
129843,1,300
129916,1,300
129920,1,300
129924,1,300
130003,1,300
130006,1,300
130008,1,300
130046,1,300
130111,1,300
130221,1,300
130271,1,300
130339,1,300
130481,1,300
130493,1,300
130495,1,300
130518,1,300
130776,1,300
130779,1,300
130810,1,300
130842,1,300
131006,1,300
131023,1,300
131040,1,300
131087,1,300
131274,1,300
131297,1,300
131298,1,300
131312,1,300
131340,1,300
131352,1,300
131405,1,300
131421,1,300
131473,1,300
131488,1,300
131597,1,300
131625,1,300
131681,1,300
131719,1,300
131775,1,300
131776,1,300
131780,1,300
131810,1,300
131824,1,300
131830,1,300
131905,1,300
131922,1,300
131928,1,300
132097,1,300
132155,1,300
132174,1,300
132178,1,300
132212,1,300
132357,1,300
132601,1,300
132662,1,300
132706,1,300
132713,1,300
132734,1,300
132751,1,300
132811,1,300
132826,1,300
132875,1,300
132880,1,300
132881,1,300
132884,1,300
132931,1,300
133031,1,300
133099,1,300
133105,1,300
133144,1,300
133194,1,300
133205,1,300
133299,1,300
133312,1,300
133348,1,300
133363,1,300
133509,1,300
133578,1,300
133616,1,300
133700,1,300
133898,1,300
133944,1,300
134040,1,300
134075,1,300
134190,1,300
134426,1,300
134474,1,300
134511,1,300
134525,1,300
134822,1,300
134831,1,300
134832,1,300
134879,1,300
134886,1,300
134943,1,300
134956,1,300
135088,1,300
135184,1,300
135220,1,300
135264,1,300
135419,1,300
135434,1,300
135494,1,300
135613,1,300
135616,1,300
135694,1,300
135762,1,300
135831,1,300
135844,1,300
135874,1,300
135925,1,300
135934,1,300
135998,1,300
136030,1,300
136162,1,300
136226,1,300
136244,1,300
136250,1,300
136271,1,300
136273,1,300
136392,1,300
136407,1,300
136421,1,300
136559,1,300
136580,1,300
136656,1,300
136662,1,300
136667,1,300
136734,1,300
136798,1,300
136806,1,300
137011,1,300
137021,1,300
137090,1,300
137195,1,300
137451,1,300
137496,1,300
137525,1,300
137565,1,300
137591,1,300
137598,1,300
137603,1,300
137653,1,300
137663,1,300
137713,1,300
137723,1,300
137768,1,300
137776,1,300
137787,1,300
137843,1,300
137878,1,300
137895,1,300
138028,1,300
138055,1,300
138086,1,300
138105,1,300
138147,1,300
138150,1,300
138192,1,300
138203,1,300
138250,1,300
138313,1,300
138373,1,300
138440,1,300
138525,1,300
138586,1,300
138600,1,300
138666,1,300
138797,1,300
139013,1,300
139102,1,300
139143,1,300
139497,1,300
139536,1,300
139550,1,300
139617,1,300
139658,1,300
139716,1,300
139725,1,300
139732,1,300
139740,1,300
139747,1,300
139770,1,300
140153,1,300
140315,1,300
140465,1,300
140476,1,300
140652,1,300
140889,1,300
140984,1,300
141011,1,300
141133,1,300
141138,1,300
141275,1,300
141347,1,300
141481,1,300
141496,1,300
141627,1,300
141630,1,300
141772,1,300
141775,1,300
141801,1,300
141899,1,300
141904,1,300
142343,1,300
142426,1,300
142630,1,300
142734,1,300
142788,1,300
142824,1,300
143132,1,300
143164,1,300
143208,1,300
143256,1,300
143316,1,300
143352,1,300
143428,1,300
143593,1,300
143608,1,300
143691,1,300
143814,1,300
144102,1,300
144372,1,300
144456,1,300
144530,1,300
144617,1,300
144742,1,300
144810,1,300
144869,1,300
144934,1,300
145018,1,300
145231,1,300
145259,1,300
145723,1,300
145726,1,300
145744,1,300
145847,1,300
146048,1,300
146252,1,300
146440,1,300
146517,1,300
146614,1,300
146682,1,300
146861,1,300
146899,1,300
146964,1,300
147003,1,300
147256,1,300
147641,1,300
147672,1,300
147739,1,300
147820,1,300
147875,1,300
147887,1,300
147919,1,300
147968,1,300
148084,1,300
148130,1,300
148187,1,300
148249,1,300
148273,1,300
148471,1,300
148722,1,300
149408,1,300
149414,1,300
149420,1,300
149463,1,300
149568,1,300
149738,1,300
149934,1,300
150024,1,300
150143,1,300
150158,1,300
150206,1,300
150225,1,300
150590,1,300
150594,1,300
150821,1,300
151052,1,300
151143,1,300
151320,1,300
151320,1,300
151398,1,300
151441,1,300
151650,1,300
151803,1,300
151826,1,300
151845,1,300
151876,1,300
152093,1,300
152474,1,300
152815,1,300
152854,1,300
153008,1,300
153009,1,300
153025,1,300
153062,1,300
153072,1,300
153208,1,300
153221,1,300
153243,1,300
153261,1,300
153263,1,300
153308,1,300
153587,1,300
153639,1,300
153650,1,300
153685,1,300
153782,1,300
153917,1,300
153928,1,300
153953,1,300
154220,1,300
154248,1,300
154312,1,300
154435,1,300
154644,1,300
154675,1,300
154679,1,300
154727,1,300
154907,1,300
154934,1,300
155040,1,300
155115,1,300
155138,1,300
155208,1,300
155282,1,300
155296,1,300
155369,1,300
155430,1,300
155456,1,300
155470,1,300
155638,1,300
156023,1,300
156503,1,300
156530,1,300
157327,1,300
157723,1,300
157878,1,300
158094,1,300
158182,1,300
158298,1,300
158314,1,300
158350,1,300
158425,1,300
158427,1,300
158441,1,300
158604,1,300
158675,1,300
158715,1,300
158792,1,300
158943,1,300
159107,1,300
159152,1,300
159230,1,300
159269,1,300
159329,1,300
159505,1,300
159623,1,300
159679,1,300
159689,1,300
159755,1,300
159922,1,300
159945,1,300
160364,1,300
160379,1,300
160484,1,300
160563,1,300
160764,1,300
160842,1,300
160876,1,300
160964,1,300
161046,1,300
161063,1,300
161651,1,300
162275,1,300
162474,1,300
162765,1,300
162850,1,300
162934,1,300
163420,1,300
163492,1,300
163501,1,300
163642,1,300
163733,1,300
163827,1,300
164098,1,300
164547,1,300
165004,1,300
165010,1,300
165046,1,300
165055,1,300
165216,1,300
165248,1,300
165290,1,300
165341,1,300
165344,1,300
165381,1,300
165500,1,300
165501,1,300
165513,1,300
165539,1,300
165626,1,300
165635,1,300
165747,1,300
165825,1,300
165845,1,300
165851,1,300
166041,1,300
166128,1,300
166139,1,300
166147,1,300
166150,1,300
166538,1,300
166668,1,300
166711,1,300
167191,1,300
167212,1,300
167574,1,300
167725,1,300
167796,1,300
168116,1,300
168447,1,300
168493,1,300
168642,1,300
168964,1,300
169016,1,300
169024,1,300
169123,1,300
169891,1,300
170036,1,300
170054,1,300
170271,1,300
170364,1,300
170470,1,300
170476,1,300
170507,1,300
170548,1,300
170589,1,300
170631,1,300
170806,1,300
170837,1,300
171306,1,300
171381,1,300
171429,1,300
171433,1,300
171718,1,300
172554,1,300
172563,1,300
172648,1,300
172653,1,300
172668,1,300
172785,1,300
172952,1,300
173013,1,300
173451,1,300
173460,1,300
173492,1,300
173921,1,300
173933,1,300
174278,1,300
174710,1,300
174798,1,300
174881,1,300
175090,1,300
175449,1,300
175693,1,300
176027,1,300
176131,1,300
176178,1,300
176750,1,300
176801,1,300
176912,1,300
176957,1,300
177020,1,300
177043,1,300
177126,1,300
177126,1,300
177222,1,300
177224,1,300
177248,1,300
177271,1,300
177388,1,300
177434,1,300
177470,1,300
177471,1,300
177491,1,300
177603,1,300
177620,1,300
177623,1,300
177677,1,300
177703,1,300
177708,1,300
177732,1,300
177772,1,300
177817,1,300
177935,1,300
178041,1,300
178057,1,300
178427,1,300
178505,1,300
178517,1,300
178661,1,300
178756,1,300
178972,1,300
179282,1,300
179313,1,300
179603,1,300
179695,1,300
179839,1,300
180086,1,300
180312,1,300
180522,1,300
180542,1,300
180570,1,300
180829,1,300
180879,1,300
181525,1,300
181767,1,300
181898,1,300
182148,1,300
182228,1,300
182261,1,300
182424,1,300
182690,1,300
182711,1,300
182940,1,300
183034,1,300
183078,1,300
183216,1,300
183391,1,300
183395,1,300
183734,1,300
184057,1,300
184183,1,300
184256,1,300
184518,1,300
184601,1,300
184646,1,300
184664,1,300
184684,1,300
184749,1,300
184770,1,300
184839,1,300
185138,1,300
185343,1,300
185438,1,300
185448,1,300
185577,1,300
185586,1,300
185673,1,300
185763,1,300
185903,1,300
185913,1,300
186152,1,300
186256,1,300
186360,1,300
186485,1,300
186659,1,300
186773,1,300
186853,1,300
186867,1,300
187276,1,300
187466,1,300
187605,1,300
187660,1,300
187960,1,300
187960,1,300
187967,1,300
188095,1,300
188315,1,300
188362,1,300
188459,1,300
188864,1,300
189011,1,300
189141,1,300
189155,1,300
189237,1,300
189298,1,300
189299,1,300
189360,1,300
189382,1,300
189479,1,300
189489,1,300
189491,1,300
189549,1,300
189581,1,300
189597,1,300
189757,1,300
189776,1,300
189777,1,300
189804,1,300
189841,1,300
189882,1,300
189893,1,300
190022,1,300
190031,1,300
190037,1,300
190148,1,300
190358,1,300
190393,1,300
190673,1,300
190697,1,300
190710,1,300
190877,1,300
191009,1,300
191220,1,300
191277,1,300
191517,1,300
191813,1,300
192022,1,300
192035,1,300
192175,1,300
192254,1,300
192307,1,300
192646,1,300
192685,1,300
192790,1,300
192792,1,300
192801,1,300
192813,1,300
192871,1,300
192897,1,300
193125,1,300
193507,1,300
193980,1,300
194031,1,300
194054,1,300
194086,1,300
194146,1,300
194347,1,300
194526,1,300
194538,1,300
194609,1,300
194717,1,300
194816,1,300
194828,1,300
194881,1,300
195072,1,300
195133,1,300
195458,1,300
195718,1,300
195742,1,300
195760,1,300
195993,1,300
196179,1,300
196282,1,300
196287,1,300
196535,1,300
196565,1,300
196602,1,300
196668,1,300
196841,1,300
196883,1,300
197119,1,300
197192,1,300
197196,1,300
197581,1,300
197639,1,300
197679,1,300
197960,1,300
198061,1,300
198131,1,300
198394,1,300
198465,1,300
198697,1,300
198731,1,300
198973,1,300
199201,1,300
199305,1,300
199397,1,300
199554,1,300
199569,1,300
199596,1,300
199799,1,300
200025,1,300
200531,1,300
201015,1,300
201105,1,300
201158,1,300
201240,1,300
201241,1,300
201291,1,300
201321,1,300
201340,1,300
201356,1,300
201413,1,300
201422,1,300
201441,1,300
201508,1,300
201535,1,300
201560,1,300
201633,1,300
201635,1,300
201654,1,300
201665,1,300
201751,1,300
201766,1,300
201774,1,300
201817,1,300
201831,1,300
201846,1,300
201950,1,300
202008,1,300
202025,1,300
202236,1,300
202271,1,300
202416,1,300
202661,1,300
202666,1,300
202949,1,300
203088,1,300
203123,1,300
203370,1,300
203664,1,300
203820,1,300
203873,1,300
204077,1,300
204130,1,300
204158,1,300
204170,1,300
204178,1,300
204191,1,300
204561,1,300
204605,1,300
204778,1,300
205023,1,300
205335,1,300
205422,1,300
205433,1,300
205589,1,300
205851,1,300
205972,1,300
206036,1,300
206067,1,300
206341,1,300
206433,1,300
206455,1,300
206595,1,300
206672,1,300
206672,1,300
206719,1,300
206782,1,300
207010,1,300
207221,1,300
207243,1,300
207521,1,300
207595,1,300
207758,1,300
207794,1,300
207818,1,300
207819,1,300
207911,1,300
207951,1,300
207960,1,300
208137,1,300
208174,1,300
208189,1,300
208441,1,300
208463,1,300
208469,1,300
208789,1,300
208936,1,300
208979,1,300
209044,1,300
209051,1,300
210350,1,300
210698,1,300
211039,1,300
211091,1,300
211091,1,300
211126,1,300
211263,1,300
211381,1,300
211800,1,300
211873,1,300
211975,1,300
212001,1,300
212007,1,300
212058,1,300
212164,1,300
212219,1,300
212281,1,300
212479,1,300
212567,1,300
212653,1,300
212667,1,300
212918,1,300
212924,1,300
213036,1,300
213107,1,300
213166,1,300
213242,1,300
213279,1,300
213280,1,300
213374,1,300
213413,1,300
213488,1,300
213556,1,300
213572,1,300
213576,1,300
213580,1,300
213628,1,300
213663,1,300
213677,1,300
213734,1,300
213735,1,300
213777,1,300
213786,1,300
213811,1,300
213850,1,300
213859,1,300
213871,1,300
213925,1,300
214105,1,300
214118,1,300
214132,1,300
214170,1,300
214218,1,300
214252,1,300
214269,1,300
214307,1,300
214316,1,300
214321,1,300
214350,1,300
214444,1,300
214451,1,300
214558,1,300
214690,1,300
214708,1,300
214769,1,300
214779,1,300
214808,1,300
214875,1,300
215174,1,300
215224,1,300
215241,1,300
215295,1,300
215377,1,300
215465,1,300
215488,1,300
215556,1,300
215565,1,300
215567,1,300
215761,1,300
215826,1,300
215843,1,300
215848,1,300
215850,1,300
215890,1,300
215907,1,300
216074,1,300
216220,1,300
216244,1,300
216471,1,300
216631,1,300
216885,1,300
216925,1,300
216990,1,300
217000,1,300
217014,1,300
217027,1,300
217155,1,300
217220,1,300
217242,1,300
217324,1,300
217434,1,300
217445,1,300
217481,1,300
217483,1,300
217841,1,300
218159,1,300
218184,1,300
218293,1,300
218333,1,300
218373,1,300
218456,1,300
218532,1,300
218614,1,300
218623,1,300
218688,1,300
218852,1,300
218864,1,300
218897,1,300
219388,1,300
219402,1,300
219727,1,300
219861,1,300
220039,1,300
220060,1,300
220161,1,300
220224,1,300
220393,1,300
220477,1,300
220515,1,300
220541,1,300
220563,1,300
220597,1,300
220649,1,300
220697,1,300
220752,1,300
220777,1,300
220806,1,300
220956,1,300
221071,1,300
221148,1,300
221368,1,300
221548,1,300
221649,1,300
221678,1,300
221750,1,300
221833,1,300
221849,1,300
221990,1,300
222025,1,300
222038,1,300
222054,1,300
222082,1,300
222102,1,300
222258,1,300
222332,1,300
222345,1,300
222463,1,300
222483,1,300
222619,1,300
222735,1,300
222766,1,300
222817,1,300
222819,1,300
222851,1,300
223022,1,300
223115,1,300
223145,1,300
223204,1,300
223245,1,300
223283,1,300
223593,1,300
223614,1,300
223664,1,300
223765,1,300
223767,1,300
223813,1,300
224087,1,300
224139,1,300
224496,1,300
224748,1,300
224787,1,300
224792,1,300
224920,1,300
225084,1,300
225104,1,300
225117,1,300
225150,1,300
225157,1,300
225217,1,300
225220,1,300
225233,1,300
225236,1,300
225300,1,300
225384,1,300
225406,1,300
225417,1,300
225424,1,300
225460,1,300
225472,1,300
225477,1,300
225514,1,300
225606,1,300
225619,1,300
225642,1,300
225648,1,300
225650,1,300
225682,1,300
225716,1,300
225724,1,300
225748,1,300
225755,1,300
225775,1,300
225821,1,300
225826,1,300
225838,1,300
225842,1,300
225858,1,300
225887,1,300
225905,1,300
225915,1,300
225926,1,300
225934,1,300
225947,1,300
226002,1,300
226010,1,300
226102,1,300
226128,1,300
226129,1,300
226130,1,300
226168,1,300
226243,1,300
226363,1,300
226442,1,300
226567,1,300
226603,1,300
226651,1,300
226655,1,300
226704,1,300
226717,1,300
226772,1,300
226956,1,300
227073,1,300
227087,1,300
227118,1,300
227123,1,300
227135,1,300
227183,1,300
227188,1,300
227227,1,300
227258,1,300
227262,1,300
227324,1,300
227329,1,300
227359,1,300
227384,1,300
227601,1,300
227647,1,300
227654,1,300
227670,1,300
227685,1,300
227690,1,300
227731,1,300
227751,1,300
227847,1,300
227862,1,300
227900,1,300
227947,1,300
228002,1,300
228015,1,300
228066,1,300
228093,1,300
228146,1,300
228174,1,300
228239,1,300
228248,1,300
228350,1,300
228359,1,300
228364,1,300
228393,1,300
228471,1,300
228506,1,300
228544,1,300
228547,1,300
228588,1,300
228678,1,300
228684,1,300
228756,1,300
228816,1,300
228822,1,300
228829,1,300
228829,1,300
228896,1,300
228945,1,300
229052,1,300
229055,1,300
229087,1,300
229098,1,300
229171,1,300
229171,1,300
229176,1,300
229188,1,300
229194,1,300
229252,1,300
229279,1,300
229330,1,300
229372,1,300
229487,1,300
229555,1,300
229671,1,300
229847,1,300
229848,1,300
229861,1,300
229929,1,300
229955,1,300
230014,1,300
230015,1,300
230113,1,300
230173,1,300
230222,1,300
230227,1,300
230327,1,300
230401,1,300
230468,1,300
230491,1,300
230519,1,300
230544,1,300
230565,1,300
230607,1,300
230616,1,300
230619,1,300
230628,1,300
230650,1,300
230741,1,300
230769,1,300
231051,1,300
231058,1,300
231092,1,300
231120,1,300
231123,1,300
231162,1,300
231217,1,300
231243,1,300
231278,1,300
231361,1,300
231371,1,300
231381,1,300
231482,1,300
231501,1,300
231574,1,300
231605,1,300
231607,1,300
231771,1,300
231835,1,300
231874,1,300
231934,1,300
231951,1,300
232038,1,300
232048,1,300
232060,1,300
232108,1,300
232128,1,300
232159,1,300
232209,1,300
232213,1,300
232375,1,300
232414,1,300
232435,1,300
232533,1,300
232583,1,300
232605,1,300
232660,1,300
232686,1,300
232688,1,300
232753,1,300
232807,1,300
232824,1,300
232964,1,300
233080,1,300
233177,1,300
233193,1,300
233221,1,300
233242,1,300
233307,1,300
233316,1,300
233356,1,300
233396,1,300
233401,1,300
233464,1,300
233500,1,300
233593,1,300
233648,1,300
233692,1,300
233769,1,300
233846,1,300
233866,1,300
234078,1,300
234107,1,300
234182,1,300
234232,1,300
234243,1,300
234309,1,300
234420,1,300
234489,1,300
234502,1,300
234585,1,300
234597,1,300
234683,1,300
234684,1,300
234870,1,300
234891,1,300
234897,1,300
234948,1,300
234968,1,300
234970,1,300
235024,1,300
235073,1,300
235144,1,300
235165,1,300
235326,1,300
235362,1,300
235427,1,300
235520,1,300
235602,1,300
235613,1,300
235667,1,300
235939,1,300
235971,1,300
236032,1,300
236035,1,300
236042,1,300
236060,1,300
236072,1,300
236124,1,300
236147,1,300
236156,1,300
236166,1,300
236245,1,300
236300,1,300
236322,1,300
236336,1,300
236345,1,300
236531,1,300
236547,1,300
236556,1,300
236580,1,300
236589,1,300
236633,1,300
236665,1,300
236685,1,300
236694,1,300
236726,1,300
236744,1,300
236831,1,300
236883,1,300
237041,1,300
237079,1,300
237091,1,300
237146,1,300
237185,1,300
237217,1,300
237247,1,300
237293,1,300
237293,1,300
237299,1,300
237335,1,300
237344,1,300
237420,1,300
237472,1,300
237502,1,300
237520,1,300
237524,1,300
237580,1,300
237602,1,300
237642,1,300
237675,1,300
237678,1,300
237682,1,300
237748,1,300
237752,1,300
237759,1,300
237771,1,300
237774,1,300
237778,1,300
237829,1,300
237830,1,300
237831,1,300
237867,1,300
237888,1,300
237899,1,300
237910,1,300
237943,1,300
237954,1,300
237985,1,300
237990,1,300
238012,1,300
238041,1,300
238071,1,300
238118,1,300
238133,1,300
238344,1,300
238380,1,300
238584,1,300
238635,1,300
238652,1,300
238653,1,300
238654,1,300
238716,1,300
238790,1,300
238811,1,300
238822,1,300
238854,1,300
238920,1,300
239014,1,300
239022,1,300
239036,1,300
239056,1,300
239283,1,300
239372,1,300
239397,1,300
239400,1,300
239430,1,300
239450,1,300
239452,1,300
239619,1,300
239620,1,300
239635,1,300
239645,1,300
239720,1,300
239721,1,300
239725,1,300
239738,1,300
239858,1,300
239884,1,300
239903,1,300
239909,1,300
239940,1,300
239948,1,300
239984,1,300
239989,1,300
240034,1,300
240035,1,300
240053,1,300
240054,1,300
240059,1,300
240112,1,300
240119,1,300
240127,1,300
240147,1,300
240158,1,300
240177,1,300
240214,1,300
240215,1,300
240230,1,300
240274,1,300
240317,1,300
240337,1,300
240351,1,300
240361,1,300
240420,1,300
240447,1,300
240447,1,300
240504,1,300
240515,1,300
240558,1,300
240595,1,300
240596,1,300
240760,1,300
240799,1,300
240908,1,300
240947,1,300
240990,1,300
241035,1,300
241121,1,300
241153,1,300
241174,1,300
241180,1,300
241199,1,300
241202,1,300
241226,1,300
241235,1,300
241342,1,300
241343,1,300
241350,1,300
241403,1,300
241538,1,300
241587,1,300
241617,1,300
241617,1,300
241667,1,300
241717,1,300
241756,1,300
241816,1,300
241864,1,300
241940,1,300
241958,1,300
241962,1,300
241971,1,300
241976,1,300
242010,1,300
242051,1,300
242078,1,300
242146,1,300
242187,1,300
242226,1,300
242253,1,300
242310,1,300
242325,1,300
242334,1,300
242338,1,300
242380,1,300
242444,1,300
242469,1,300
242489,1,300
243043,1,300
243079,1,300
243087,1,300
243121,1,300
243180,1,300
243193,1,300
243214,1,300
243360,1,300
243384,1,300
243388,1,300
243401,1,300
243416,1,300
243533,1,300
243586,1,300
243647,1,300
243676,1,300
243709,1,300
243761,1,300
243822,1,300
243823,1,300
243915,1,300
243971,1,300
243982,1,300
244042,1,300
244097,1,300
244215,1,300
244232,1,300
244375,1,300
244386,1,300
244403,1,300
244435,1,300
244499,1,300
244630,1,300
244726,1,300
244806,1,300
244972,1,300
244977,1,300
244998,1,300
245016,1,300
245037,1,300
245098,1,300
245232,1,300
245407,1,300
245417,1,300
245462,1,300
245463,1,300
245478,1,300
245542,1,300
245606,1,300
245728,1,300
245767,1,300
245814,1,300
245851,1,300
245860,1,300
246007,1,300
246027,1,300
246039,1,300
246047,1,300
246117,1,300
246191,1,300
246214,1,300
246227,1,300
246306,1,300
246340,1,300
246395,1,300
246424,1,300
246479,1,300
246555,1,300
246587,1,300
246752,1,300
246800,1,300
247000,1,300
247012,1,300
247165,1,300
247222,1,300
247247,1,300
247358,1,300
247368,1,300
247429,1,300
247453,1,300
247473,1,300
247475,1,300
247527,1,300
247547,1,300
247560,1,300
247646,1,300
247690,1,300
247712,1,300
247743,1,300
247957,1,300
248054,1,300
248121,1,300
248156,1,300
248206,1,300
248227,1,300
248351,1,300
248374,1,300
248447,1,300
248567,1,300
248633,1,300
248698,1,300
248903,1,300
248934,1,300
248936,1,300
249000,1,300
249007,1,300
249016,1,300
249032,1,300
249180,1,300
249190,1,300
249238,1,300
249279,1,300
249321,1,300
249357,1,300
249382,1,300
249386,1,300
249405,1,300
249410,1,300
249416,1,300
249463,1,300
249466,1,300
249487,1,300
249569,1,300
249640,1,300
249726,1,300
249734,1,300
249754,1,300
249758,1,300
249763,1,300
249852,1,300
249853,1,300
249878,1,300
249934,1,300
250000,1,300
250146,1,300
250254,1,300
250330,1,300
250355,1,300
250391,1,300
250398,1,300
250420,1,300
250458,1,300
250461,1,300
250514,1,300
250571,1,300
250630,1,300
250732,1,300
250778,1,300
250795,1,300
250795,1,300
251034,1,300
251068,1,300
251184,1,300
251222,1,300
251253,1,300
251270,1,300
251289,1,300
251325,1,300
251352,1,300
251352,1,300
251404,1,300
251629,1,300
251644,1,300
251672,1,300
251709,1,300
251841,1,300
251862,1,300
252006,1,300
252022,1,300
252028,1,300
252109,1,300
252158,1,300
252182,1,300
252183,1,300
252192,1,300
252351,1,300
252378,1,300
252409,1,300
252411,1,300
252413,1,300
252416,1,300
252437,1,300
252477,1,300
252643,1,300
252672,1,300
252693,1,300
252780,1,300
252811,1,300
252885,1,300
252897,1,300
253012,1,300
253016,1,300
253025,1,300
253097,1,300
253147,1,300
253187,1,300
253226,1,300
253300,1,300
253331,1,300
253430,1,300
253440,1,300
253445,1,300
253489,1,300
253546,1,300
253553,1,300
253574,1,300
253607,1,300
253661,1,300
253691,1,300
253706,1,300
253741,1,300
253808,1,300
254167,1,300
254475,1,300
254728,1,300
254783,1,300
254815,1,300
254902,1,300
255010,1,300
255052,1,300
255121,1,300
255181,1,300
255213,1,300
255315,1,300
255344,1,300
255346,1,300
255442,1,300
255498,1,300
255517,1,300
255539,1,300
255620,1,300
255624,1,300
255693,1,300
255735,1,300
255802,1,300
255813,1,300
255834,1,300
255835,1,300
255937,1,300
255956,1,300
255969,1,300
256006,1,300
256020,1,300
256069,1,300
256084,1,300
256084,1,300
256273,1,300
256287,1,300
256306,1,300
256330,1,300
256372,1,300
256550,1,300
256575,1,300
256604,1,300
256622,1,300
256644,1,300
256703,1,300
256722,1,300
256784,1,300
256863,1,300
256870,1,300
256950,1,300
256950,1,300
257082,1,300
257111,1,300
257316,1,300
257373,1,300
257382,1,300
257464,1,300
257488,1,300
257511,1,300
257559,1,300
257596,1,300
257609,1,300
257742,1,300
257750,1,300
257780,1,300
257786,1,300
257891,1,300
257895,1,300
257965,1,300
258072,1,300
258082,1,300
258082,1,300
258141,1,300
258334,1,300
258365,1,300
258388,1,300
258419,1,300
258434,1,300
258453,1,300
258454,1,300
258491,1,300
258787,1,300
258815,1,300
258817,1,300
258826,1,300
258851,1,300
258933,1,300
259054,1,300
259128,1,300
259147,1,300
259174,1,300
259193,1,300
259380,1,300
259427,1,300
259500,1,300
259546,1,300
259638,1,300
259703,1,300
259738,1,300
260100,1,300
260112,1,300
260216,1,300
260273,1,300
260327,1,300
260484,1,300
260572,1,300
260573,1,300
260620,1,300
260635,1,300
260709,1,300
260745,1,300
260797,1,300
260848,1,300
261050,1,300
261058,1,300
261065,1,300
261077,1,300
261093,1,300
261216,1,300
261245,1,300
261283,1,300
261336,1,300
261413,1,300
261448,1,300
261766,1,300
261790,1,300
261795,1,300
262024,1,300
262101,1,300
262126,1,300
262245,1,300
262273,1,300
262441,1,300
262800,1,300
262826,1,300
262974,1,300
262980,1,300
263020,1,300
263132,1,300
263188,1,300
263204,1,300
263307,1,300
263349,1,300
263448,1,300
263468,1,300
263484,1,300
263711,1,300
263713,1,300
263830,1,300
264066,1,300
264170,1,300
264249,1,300
264265,1,300
264297,1,300
264329,1,300
264461,1,300
264470,1,300
264561,1,300
264763,1,300
264834,1,300
264970,1,300
265131,1,300
265164,1,300
265204,1,300
265261,1,300
265310,1,300
265425,1,300
265594,1,300
265617,1,300
265820,1,300
265835,1,300
266047,1,300
266154,1,300
266409,1,300
266599,1,300
266636,1,300
266728,1,300
266807,1,300
266811,1,300
266876,1,300
267008,1,300
267046,1,300
267065,1,300
267147,1,300
267161,1,300
267186,1,300
267193,1,300
267588,1,300
267600,1,300
267694,1,300
267710,1,300
267822,1,300
267876,1,300
268149,1,300
268168,1,300
268324,1,300
268387,1,300
268477,1,300
268619,1,300
268698,1,300
269120,1,300
269200,1,300
269406,1,300
269911,1,300
269998,1,300
270036,1,300
270074,1,300
270120,1,300
270338,1,300
270404,1,300
270507,1,300
270884,1,300
270996,1,300
271353,1,300
271358,1,300
271478,1,300
271724,1,300
271806,1,300
271826,1,300
271857,1,300
271857,1,300
272018,1,300
273087,1,300
273177,1,300
273503,1,300
273617,1,300
273654,1,300
273695,1,300
273740,1,300
273754,1,300
273823,1,300
273970,1,300
274118,1,300
274202,1,300
274480,1,300
274677,1,300
274733,1,300
274749,1,300
274776,1,300
274806,1,300
275160,1,300
275293,1,300
275813,1,300
276038,1,300
276117,1,300
276175,1,300
276239,1,300
276390,1,300
276551,1,300
276741,1,300
277065,1,300
277067,1,300
277453,1,300
277503,1,300
277532,1,300
278647,1,300
279159,1,300
280048,1,300
280180,1,300
280246,1,300
280327,1,300
280675,1,300
280785,1,300
280827,1,300
281230,1,300
281926,1,300
282098,1,300
282266,1,300
282281,1,300
282351,1,300
282485,1,300
282769,1,300
283020,1,300
283097,1,300
283133,1,300
283144,1,300
283246,1,300
283255,1,300
283346,1,300
283428,1,300
283488,1,300
283604,1,300
283738,1,300
283760,1,300
283776,1,300
283891,1,300
283938,1,300
284076,1,300
284080,1,300
284249,1,300
284433,1,300
284486,1,300
284797,1,300
284824,1,300
284997,1,300
285067,1,300
285622,1,300
285815,1,300
286355,1,300
286529,1,300
286595,1,300
286735,1,300
287135,1,300
287169,1,300
287684,1,300
287861,1,300
287960,1,300
288302,1,300
288449,1,300
288669,1,300
288895,1,300
289259,1,300
289379,1,300
289406,1,300
289519,1,300
289559,1,300
289607,1,300
289884,1,300
289937,1,300
290797,1,300
290801,1,300
290912,1,300
290913,1,300
