48,1,210
94,1,210
133,1,210
147,1,210
323,1,210
436,1,210
532,1,210
587,1,210
695,1,210
707,1,210
1161,1,210
1323,1,210
1349,1,210
1920,1,210
1930,1,210
2039,1,210
2061,1,210
2095,1,210
2101,1,210
2156,1,210
2157,1,210
2191,1,210
2205,1,210
2284,1,210
2285,1,210
2299,1,210
2328,1,210
2603,1,210
3071,1,210
3073,1,210
3394,1,210
3617,1,210
3757,1,210
4042,1,210
4101,1,210
4114,1,210
4233,1,210
4256,1,210
4366,1,210
4368,1,210
4439,1,210
4492,1,210
4545,1,210
4623,1,210
4666,1,210
4785,1,210
4896,1,210
4962,1,210
5006,1,210
5008,1,210
5045,1,210
5072,1,210
5196,1,210
5228,1,210
5454,1,210
6101,1,210
6193,1,210
6210,1,210
6279,1,210
6318,1,210
6349,1,210
6386,1,210
7103,1,210
7192,1,210
7217,1,210
7622,1,210
7784,1,210
7793,1,210
8005,1,210
8241,1,210
8317,1,210
8557,1,210
8698,1,210
8751,1,210
8778,1,210
9003,1,210
9043,1,210
9235,1,210
9295,1,210
9366,1,210
9378,1,210
9438,1,210
9536,1,210
9577,1,210
9870,1,210
9910,1,210
10003,1,210
10005,1,210
10049,1,210
10061,1,210
10064,1,210
10136,1,210
10162,1,210
10165,1,210
10184,1,210
10189,1,210
10210,1,210
10227,1,210
10234,1,210
10310,1,210
10352,1,210
10432,1,210
10448,1,210
10571,1,210
10583,1,210
10598,1,210
10799,1,210
10872,1,210
10933,1,210
11016,1,210
11019,1,210
11044,1,210
11172,1,210
11312,1,210
11475,1,210
11520,1,210
11600,1,210
11617,1,210
11620,1,210
12027,1,210
12034,1,210
12082,1,210
12083,1,210
12259,1,210
12369,1,210
12519,1,210
12530,1,210
12535,1,210
12581,1,210
12637,1,210
13025,1,210
13187,1,210
13208,1,210
13306,1,210
13446,1,210
13458,1,210
13470,1,210
13533,1,210
13792,1,210
14129,1,210
14156,1,210
14247,1,210
14296,1,210
14298,1,210
14300,1,210
14324,1,210
14371,1,210
14399,1,210
14521,1,210
14668,1,210
14960,1,210
15009,1,210
15019,1,210
15054,1,210
15176,1,210
15196,1,210
15216,1,210
15603,1,210
15729,1,210
15738,1,210
16044,1,210
16060,1,210
16066,1,210
16102,1,210
16185,1,210
16198,1,210
16315,1,210
16358,1,210
16404,1,210
16450,1,210
16455,1,210
16607,1,210
17263,1,210
17507,1,210
17973,1,210
18757,1,210
19074,1,210
19183,1,210
19318,1,210
19700,1,210
19759,1,210
20131,1,210
20394,1,210
20572,1,210
20707,1,210
20935,1,210
21084,1,210
21129,1,210
21170,1,210
21172,1,210
21223,1,210
21274,1,210
21398,1,210
21411,1,210
21467,1,210
21556,1,210
21560,1,210
21581,1,210
21596,1,210
21703,1,210
21705,1,210
21831,1,210
21850,1,210
21903,1,210
22032,1,210
22039,1,210
22052,1,210
22068,1,210
22071,1,210
22164,1,210
22170,1,210
22179,1,210
22184,1,210
22196,1,210
22204,1,210
22220,1,210
22279,1,210
22562,1,210
22565,1,210
22592,1,210
22655,1,210
22709,1,210
22756,1,210
22765,1,210
22847,1,210
23057,1,210
23294,1,210
23296,1,210
23376,1,210
23400,1,210
23530,1,210
23674,1,210
23742,1,210
23750,1,210
23804,1,210
23853,1,210
24065,1,210
24144,1,210
24154,1,210
24158,1,210
24191,1,210
24249,1,210
24298,1,210
24466,1,210
24517,1,210
24599,1,210
24650,1,210
24727,1,210
24743,1,210
24753,1,210
24770,1,210
24833,1,210
25180,1,210
25204,1,210
25206,1,210
25216,1,210
25312,1,210
25531,1,210
25769,1,210
26223,1,210
26248,1,210
26353,1,210
26380,1,210
26413,1,210
26942,1,210
27020,1,210
27045,1,210
27099,1,210
27137,1,210
27155,1,210
27160,1,210
27174,1,210
27229,1,210
27253,1,210
27323,1,210
27376,1,210
27398,1,210
27427,1,210
27435,1,210
27453,1,210
27494,1,210
28031,1,210
28033,1,210
28049,1,210
28282,1,210
28332,1,210
28359,1,210
28397,1,210
28441,1,210
28452,1,210
28465,1,210
28649,1,210
28662,1,210
28730,1,210
29173,1,210
29271,1,210
29601,1,210
29674,1,210
30004,1,210
30051,1,210
30055,1,210
30146,1,210
30149,1,210
30194,1,210
30301,1,210
30314,1,210
30316,1,210
30334,1,210
30513,1,210
30607,1,210
30632,1,210
31041,1,210
31101,1,210
31128,1,210
31148,1,210
31163,1,210
31175,1,210
31191,1,210
31227,1,210
31333,1,210
31349,1,210
31401,1,210
31777,1,210
32243,1,210
32430,1,210
32471,1,210
32989,1,210
33034,1,210
33048,1,210
33062,1,210
33070,1,210
33111,1,210
33131,1,210
33157,1,210
33217,1,210
33309,1,210
33343,1,210
33376,1,210
33377,1,210
33380,1,210
33407,1,210
33420,1,210
33426,1,210
33468,1,210
33503,1,210
33510,1,210
33560,1,210
33600,1,210
33651,1,210
33740,1,210
33740,1,210
33753,1,210
33766,1,210
33768,1,210
33792,1,210
33832,1,210
33849,1,210
33855,1,210
33887,1,210
33904,1,210
33922,1,210
33946,1,210
34039,1,210
34042,1,210
34075,1,210
34086,1,210
34115,1,210
34216,1,210
34436,1,210
34495,1,210
34500,1,210
34500,1,210
34507,1,210
34515,1,210
34552,1,210
34571,1,210
34589,1,210
34609,1,210
34633,1,210
34673,1,210
34749,1,210
35035,1,210
35109,1,210
35122,1,210
35286,1,210
35303,1,210
35329,1,210
35338,1,210
35380,1,210
35418,1,210
35663,1,210
35730,1,210
35763,1,210
35860,1,210
35895,1,210
35971,1,210
36027,1,210
36066,1,210
36387,1,210
36401,1,210
36419,1,210
36429,1,210
36433,1,210
36468,1,210
36491,1,210
36531,1,210
36616,1,210
36625,1,210
36681,1,210
36685,1,210
36721,1,210
37132,1,210
37195,1,210
37197,1,210
37328,1,210
37524,1,210
37593,1,210
38058,1,210
38154,1,210
38172,1,210
38271,1,210
38273,1,210
38326,1,210
38334,1,210
38347,1,210
38525,1,210
38614,1,210
38656,1,210
38679,1,210
38692,1,210
38705,1,210
38706,1,210
38751,1,210
38752,1,210
38776,1,210
38783,1,210
38851,1,210
39113,1,210
39113,1,210
39197,1,210
39204,1,210
39209,1,210
39255,1,210
39342,1,210
39399,1,210
39463,1,210
39550,1,210
39708,1,210
39711,1,210
39742,1,210
39759,1,210
39841,1,210
39880,1,210
40048,1,210
40082,1,210
40190,1,210
40210,1,210
40308,1,210
40342,1,210
40475,1,210
40544,1,210
40608,1,210
40657,1,210
40708,1,210
40738,1,210
40765,1,210
40861,1,210
40935,1,210
40948,1,210
40966,1,210
41100,1,210
41266,1,210
41323,1,210
41347,1,210
41389,1,210
41541,1,210
41552,1,210
41632,1,210
41640,1,210
41720,1,210
41789,1,210
41791,1,210
41876,1,210
41994,1,210
42083,1,210
42091,1,210
42184,1,210
42328,1,210
42477,1,210
42597,1,210
42627,1,210
42709,1,210
42710,1,210
42741,1,210
42782,1,210
42788,1,210
42874,1,210
43040,1,210
43252,1,210
43300,1,210
43340,1,210
43563,1,210
43657,1,210
43743,1,210
43818,1,210
43901,1,210
43938,1,210
44005,1,210
44150,1,210
44187,1,210
44210,1,210
44239,1,210
44363,1,210
44375,1,210
44389,1,210
44402,1,210
44405,1,210
44413,1,210
44480,1,210
44670,1,210
44731,1,210
44737,1,210
44791,1,210
44879,1,210
44965,1,210
45020,1,210
45024,1,210
45063,1,210
45067,1,210
45075,1,210
45082,1,210
45086,1,210
45127,1,210
45221,1,210
45244,1,210
45292,1,210
45303,1,210
45304,1,210
45342,1,210
45345,1,210
45356,1,210
45356,1,210
45506,1,210
45546,1,210
45561,1,210
45586,1,210
45614,1,210
45656,1,210
45697,1,210
45705,1,210
45766,1,210
45794,1,210
45843,1,210
45870,1,210
45886,1,210
45897,1,210
45920,1,210
45935,1,210
45941,1,210
45944,1,210
45991,1,210
46064,1,210
46084,1,210
46093,1,210
46098,1,210
46203,1,210
46256,1,210
46325,1,210
46337,1,210
46345,1,210
46350,1,210
46367,1,210
46369,1,210
46574,1,210
46647,1,210
46668,1,210
46674,1,210
46730,1,210
46779,1,210
46803,1,210
46867,1,210
46905,1,210
46914,1,210
46920,1,210
46932,1,210
46945,1,210
46971,1,210
47012,1,210
47015,1,210
47030,1,210
47042,1,210
47077,1,210
47084,1,210
47097,1,210
47186,1,210
47208,1,210
47240,1,210
47286,1,210
47332,1,210
47333,1,210
47343,1,210
47351,1,210
47354,1,210
47449,1,210
47490,1,210
47497,1,210
47554,1,210
47570,1,210
47640,1,210
47641,1,210
47661,1,210
47666,1,210
47699,1,210
47699,1,210
47719,1,210
47743,1,210
47746,1,210
47783,1,210
47788,1,210
47822,1,210
47974,1,210
48004,1,210
48027,1,210
48038,1,210
48076,1,210
48129,1,210
48160,1,210
48170,1,210
48174,1,210
48181,1,210
48222,1,210
48228,1,210
48232,1,210
48303,1,210
48323,1,210
48362,1,210
48386,1,210
48486,1,210
48540,1,210
48542,1,210
48586,1,210
48589,1,210
48600,1,210
48633,1,210
48639,1,210
48727,1,210
48779,1,210
48830,1,210
48839,1,210
48882,1,210
48930,1,210
48968,1,210
49045,1,210
49051,1,210
49115,1,210
49161,1,210
49170,1,210
49188,1,210
49199,1,210
49305,1,210
49311,1,210
49326,1,210
49328,1,210
49328,1,210
49330,1,210
49373,1,210
49410,1,210
49411,1,210
49416,1,210
49457,1,210
49555,1,210
49570,1,210
49587,1,210
49596,1,210
49635,1,210
49646,1,210
49704,1,210
49753,1,210
49812,1,210
49835,1,210
50002,1,210
50014,1,210
50056,1,210
50084,1,210
50110,1,210
50147,1,210
50208,1,210
50358,1,210
50468,1,210
50547,1,210
50589,1,210
50626,1,210
50672,1,210
50674,1,210
50677,1,210
50720,1,210
50805,1,210
50834,1,210
50850,1,210
50858,1,210
50898,1,210
50917,1,210
50935,1,210
50948,1,210
50960,1,210
50965,1,210
50990,1,210
51026,1,210
51027,1,210
51031,1,210
51032,1,210
51042,1,210
51061,1,210
51119,1,210
51144,1,210
51157,1,210
51177,1,210
51223,1,210
51277,1,210
51278,1,210
51333,1,210
51352,1,210
51393,1,210
51415,1,210
51418,1,210
51423,1,210
51437,1,210
51450,1,210
51462,1,210
51529,1,210
51575,1,210
51606,1,210
51685,1,210
51699,1,210
51761,1,210
51770,1,210
51784,1,210
51804,1,210
51811,1,210
52126,1,210
52130,1,210
52153,1,210
52244,1,210
52292,1,210
52313,1,210
52361,1,210
52366,1,210
52426,1,210
52448,1,210
52502,1,210
52523,1,210
52534,1,210
52557,1,210
52564,1,210
52593,1,210
52607,1,210
52641,1,210
52656,1,210
52658,1,210
52752,1,210
52755,1,210
52766,1,210
52793,1,210
52802,1,210
52835,1,210
52849,1,210
52908,1,210
52942,1,210
53006,1,210
53075,1,210
53089,1,210
53102,1,210
53137,1,210
53140,1,210
53151,1,210
53177,1,210
53215,1,210
53217,1,210
53238,1,210
53300,1,210
53356,1,210
53357,1,210
53411,1,210
53430,1,210
53561,1,210
53577,1,210
53590,1,210
53647,1,210
53666,1,210
53675,1,210
53708,1,210
53729,1,210
53805,1,210
53862,1,210
54052,1,210
54132,1,210
54150,1,210
54195,1,210
54234,1,210
54243,1,210
54306,1,210
54340,1,210
54370,1,210
54413,1,210
54436,1,210
54458,1,210
54498,1,210
54508,1,210
54552,1,210
54624,1,210
54755,1,210
54779,1,210
54852,1,210
54858,1,210
54943,1,210
54974,1,210
54974,1,210
55069,1,210
55073,1,210
55108,1,210
55152,1,210
55208,1,210
55283,1,210
55319,1,210
55334,1,210
55352,1,210
55355,1,210
55405,1,210
55427,1,210
55429,1,210
55509,1,210
55565,1,210
55579,1,210
55606,1,210
55702,1,210
55721,1,210
55728,1,210
55787,1,210
55788,1,210
55855,1,210
55928,1,210
55984,1,210
55996,1,210
56003,1,210
56045,1,210
56064,1,210
56065,1,210
56110,1,210
56132,1,210
56163,1,210
56248,1,210
56267,1,210
56382,1,210
56450,1,210
56470,1,210
56504,1,210
56516,1,210
56618,1,210
56701,1,210
56720,1,210
56886,1,210
56958,1,210
57024,1,210
57029,1,210
57055,1,210
57056,1,210
57063,1,210
57105,1,210
57115,1,210
57126,1,210
57140,1,210
57143,1,210
57153,1,210
57160,1,210
57165,1,210
57172,1,210
57176,1,210
57190,1,210
57190,1,210
57193,1,210
57202,1,210
57205,1,210
57205,1,210
57238,1,210
57252,1,210
57253,1,210
57279,1,210
57280,1,210
57286,1,210
57294,1,210
57299,1,210
57305,1,210
57307,1,210
57338,1,210
57340,1,210
57340,1,210
57341,1,210
57357,1,210
57379,1,210
57393,1,210
57453,1,210
57457,1,210
57458,1,210
57478,1,210
57493,1,210
57500,1,210
57534,1,210
57548,1,210
57556,1,210
57559,1,210
57560,1,210
57560,1,210
57617,1,210
57632,1,210
57645,1,210
57658,1,210
57677,1,210
57709,1,210
57737,1,210
57764,1,210
57776,1,210
57786,1,210
57803,1,210
57836,1,210
57836,1,210
58003,1,210
58016,1,210
58022,1,210
58083,1,210
58107,1,210
58121,1,210
58128,1,210
58146,1,210
58154,1,210
58155,1,210
58195,1,210
58220,1,210
58270,1,210
58292,1,210
58323,1,210
58421,1,210
58545,1,210
58552,1,210
58561,1,210
58575,1,210
58588,1,210
58603,1,210
58612,1,210
58618,1,210
58620,1,210
58621,1,210
58653,1,210
58657,1,210
58666,1,210
58674,1,210
58682,1,210
58732,1,210
58747,1,210
58827,1,210
58840,1,210
58879,1,210
58897,1,210
58982,1,210
59001,1,210
59013,1,210
59017,1,210
59019,1,210
59034,1,210
59068,1,210
59087,1,210
59144,1,210
59158,1,210
59195,1,210
59235,1,210
59250,1,210
59255,1,210
59278,1,210
59285,1,210
59306,1,210
59317,1,210
59332,1,210
59338,1,210
59345,1,210
59405,1,210
59501,1,210
59520,1,210
59521,1,210
59543,1,210
59549,1,210
59585,1,210
59598,1,210
59609,1,210
59617,1,210
59621,1,210
59623,1,210
59628,1,210
59634,1,210
59653,1,210
59689,1,210
59694,1,210
59821,1,210
59829,1,210
59855,1,210
59965,1,210
60064,1,210
60214,1,210
60248,1,210
60260,1,210
60267,1,210
60290,1,210
60337,1,210
60375,1,210
60398,1,210
60402,1,210
60406,1,210
60457,1,210
60476,1,210
60513,1,210
60581,1,210
60588,1,210
60615,1,210
60622,1,210
60664,1,210
60678,1,210
60692,1,210
60696,1,210
60709,1,210
60802,1,210
60833,1,210
60903,1,210
60927,1,210
60965,1,210
60981,1,210
61003,1,210
61021,1,210
61027,1,210
61029,1,210
61034,1,210
61060,1,210
61070,1,210
61093,1,210
61107,1,210
61174,1,210
61174,1,210
61186,1,210
61196,1,210
61251,1,210
61339,1,210
61348,1,210
61415,1,210
61419,1,210
61424,1,210
61451,1,210
61476,1,210
61508,1,210
61562,1,210
61623,1,210
61651,1,210
61672,1,210
61685,1,210
61691,1,210
61697,1,210
61707,1,210
61724,1,210
61735,1,210
61746,1,210
61752,1,210
61753,1,210
61783,1,210
61797,1,210
61808,1,210
61812,1,210
61844,1,210
61846,1,210
61849,1,210
61878,1,210
61906,1,210
62007,1,210
62031,1,210
62093,1,210
62136,1,210
62191,1,210
62212,1,210
62226,1,210
62242,1,210
62278,1,210
62284,1,210
62300,1,210
62376,1,210
62388,1,210
62402,1,210
62427,1,210
62498,1,210
62527,1,210
62622,1,210
62633,1,210
62639,1,210
62642,1,210
62657,1,210
62667,1,210
62706,1,210
62718,1,210
62799,1,210
62819,1,210
62821,1,210
62840,1,210
62867,1,210
62920,1,210
63007,1,210
63017,1,210
63020,1,210
63032,1,210
63047,1,210
63072,1,210
63082,1,210
63107,1,210
63124,1,210
63133,1,210
63145,1,210
63149,1,210
63152,1,210
63180,1,210
63182,1,210
63199,1,210
63215,1,210
63238,1,210
63242,1,210
63251,1,210
63290,1,210
63297,1,210
63365,1,210
63365,1,210
63371,1,210
63397,1,210
63448,1,210
63452,1,210
63497,1,210
63499,1,210
63521,1,210
63549,1,210
63613,1,210
63628,1,210
63664,1,210
63684,1,210
63698,1,210
63705,1,210
63737,1,210
63757,1,210
63831,1,210
63890,1,210
63890,1,210
63954,1,210
64029,1,210
64054,1,210
64102,1,210
64124,1,210
64145,1,210
64264,1,210
64267,1,210
64299,1,210
64358,1,210
64364,1,210
64381,1,210
64387,1,210
64390,1,210
64391,1,210
64398,1,210
64429,1,210
64452,1,210
64513,1,210
64534,1,210
64570,1,210
64605,1,210
64613,1,210
64619,1,210
64632,1,210
64658,1,210
64712,1,210
64722,1,210
64727,1,210
64731,1,210
64755,1,210
64792,1,210
64795,1,210
64813,1,210
64941,1,210
65007,1,210
65008,1,210
65033,1,210
65051,1,210
65052,1,210
65060,1,210
65061,1,210
65064,1,210
65078,1,210
65096,1,210
65099,1,210
65126,1,210
65136,1,210
65152,1,210
65216,1,210
65257,1,210
65285,1,210
65311,1,210
65354,1,210
65367,1,210
65367,1,210
65428,1,210
65446,1,210
65474,1,210
65490,1,210
65552,1,210
65554,1,210
65569,1,210
65579,1,210
65588,1,210
65588,1,210
65613,1,210
65630,1,210
65701,1,210
65753,1,210
65775,1,210
65775,1,210
65777,1,210
65846,1,210
65865,1,210
65873,1,210
65890,1,210
65911,1,210
66008,1,210
66094,1,210
66101,1,210
66101,1,210
66146,1,210
66174,1,210
66179,1,210
66200,1,210
66218,1,210
66220,1,210
66231,1,210
66261,1,210
66291,1,210
66336,1,210
66377,1,210
66383,1,210
66388,1,210
66409,1,210
66432,1,210
66433,1,210
66435,1,210
66500,1,210
66522,1,210
66536,1,210
66542,1,210
66591,1,210
66660,1,210
66689,1,210
66748,1,210
66781,1,210
66877,1,210
66913,1,210
66955,1,210
66960,1,210
66987,1,210
67000,1,210
67021,1,210
67026,1,210
67048,1,210
67048,1,210
67051,1,210
67080,1,210
67081,1,210
67090,1,210
67098,1,210
67119,1,210
67174,1,210
67208,1,210
67263,1,210
67279,1,210
67286,1,210
67288,1,210
67298,1,210
67318,1,210
67339,1,210
67375,1,210
67401,1,210
67434,1,210
67482,1,210
67490,1,210
67521,1,210
67529,1,210
67544,1,210
67568,1,210
67578,1,210
67579,1,210
67602,1,210
67686,1,210
67714,1,210
67747,1,210
67801,1,210
67810,1,210
67815,1,210
67827,1,210
68058,1,210
68099,1,210
68126,1,210
68173,1,210
68175,1,210
68184,1,210
68233,1,210
68240,1,210
68263,1,210
68296,1,210
68306,1,210
68331,1,210
68385,1,210
68447,1,210
68486,1,210
68494,1,210
68498,1,210
68506,1,210
68593,1,210
68596,1,210
68601,1,210
68633,1,210
68641,1,210
68686,1,210
68712,1,210
68769,1,210
68806,1,210
68834,1,210
68871,1,210
68893,1,210
68914,1,210
68932,1,210
68951,1,210
68958,1,210
68981,1,210
69004,1,210
69006,1,210
69022,1,210
69026,1,210
69027,1,210
69030,1,210
69037,1,210
69043,1,210
69059,1,210
69072,1,210
69075,1,210
69080,1,210
69098,1,210
69111,1,210
69126,1,210
69145,1,210
69160,1,210
69167,1,210
69171,1,210
69189,1,210
69197,1,210
69203,1,210
69228,1,210
69232,1,210
69240,1,210
69242,1,210
69267,1,210
69269,1,210
69299,1,210
69309,1,210
69311,1,210
69319,1,210
69338,1,210
69346,1,210
69355,1,210
69367,1,210
69402,1,210
69402,1,210
69405,1,210
69408,1,210
69417,1,210
69420,1,210
69441,1,210
69446,1,210
69464,1,210
69466,1,210
69466,1,210
69472,1,210
69485,1,210
69527,1,210
69540,1,210
69541,1,210
69543,1,210
69546,1,210
69547,1,210
69580,1,210
69647,1,210
69660,1,210
69684,1,210
69692,1,210
69703,1,210
69716,1,210
69735,1,210
69753,1,210
69762,1,210
69768,1,210
69826,1,210
69829,1,210
69844,1,210
69844,1,210
69849,1,210
69882,1,210
69890,1,210
69890,1,210
69915,1,210
69916,1,210
70008,1,210
70027,1,210
70030,1,210
70074,1,210
70094,1,210
70096,1,210
70096,1,210
70105,1,210
70108,1,210
70128,1,210
70179,1,210
70183,1,210
70184,1,210
70192,1,210
70249,1,210
70249,1,210
70263,1,210
70276,1,210
70305,1,210
70314,1,210
70324,1,210
70339,1,210
70351,1,210
70354,1,210
70361,1,210
70399,1,210
70405,1,210
70408,1,210
70433,1,210
70436,1,210
70442,1,210
70451,1,210
70457,1,210
70523,1,210
70524,1,210
70561,1,210
70561,1,210
70590,1,210
70614,1,210
70614,1,210
70626,1,210
70628,1,210
70633,1,210
70688,1,210
70689,1,210
70705,1,210
70716,1,210
70719,1,210
70719,1,210
70721,1,210
70729,1,210
70736,1,210
70758,1,210
70763,1,210
70770,1,210
70786,1,210
70794,1,210
70805,1,210
71009,1,210
71010,1,210
71017,1,210
71055,1,210
71062,1,210
71064,1,210
71067,1,210
71073,1,210
71075,1,210
71077,1,210
71079,1,210
71177,1,210
71223,1,210
71233,1,210
71240,1,210
71312,1,210
71362,1,210
71368,1,210
71406,1,210
71442,1,210
71484,1,210
71494,1,210
71503,1,210
71520,1,210
71541,1,210
71549,1,210
71549,1,210
71557,1,210
71559,1,210
71626,1,210
71660,1,210
71697,1,210
71742,1,210
71750,1,210
71774,1,210
71791,1,210
71802,1,210
71815,1,210
71815,1,210
71821,1,210
71843,1,210
71892,1,210
71919,1,210
71920,1,210
71948,1,210
71958,1,210
71990,1,210
71995,1,210
72003,1,210
72035,1,210
72036,1,210
72038,1,210
72040,1,210
72041,1,210
72042,1,210
72043,1,210
72055,1,210
72062,1,210
72063,1,210
72064,1,210
72067,1,210
72072,1,210
72104,1,210
72108,1,210
72129,1,210
72141,1,210
72155,1,210
72163,1,210
72180,1,210
72242,1,210
72258,1,210
72274,1,210
72292,1,210
72298,1,210
72314,1,210
72321,1,210
72346,1,210
72372,1,210
72381,1,210
72390,1,210
72392,1,210
72406,1,210
72428,1,210
72472,1,210
72481,1,210
72493,1,210
72495,1,210
72511,1,210
72569,1,210
72591,1,210
72596,1,210
72671,1,210
72685,1,210
72699,1,210
72721,1,210
72813,1,210
72850,1,210
72852,1,210
72860,1,210
72872,1,210
72889,1,210
72907,1,210
72923,1,210
72954,1,210
72980,1,210
72983,1,210
72984,1,210
73033,1,210
73036,1,210
73043,1,210
73043,1,210
73048,1,210
73053,1,210
73056,1,210
73063,1,210
73064,1,210
73105,1,210
73139,1,210
73153,1,210
73163,1,210
73201,1,210
73233,1,210
73244,1,210
73248,1,210
73252,1,210
73254,1,210
73257,1,210
73269,1,210
73270,1,210
73280,1,210
73298,1,210
73368,1,210
73391,1,210
73426,1,210
73433,1,210
73434,1,210
73505,1,210
73514,1,210
73568,1,210
73601,1,210
73617,1,210
73620,1,210
73662,1,210
73665,1,210
73736,1,210
73785,1,210
73805,1,210
73863,1,210
73873,1,210
73931,1,210
73943,1,210
73955,1,210
74013,1,210
74019,1,210
74049,1,210
74053,1,210
74060,1,210
74078,1,210
74097,1,210
74114,1,210
74127,1,210
74130,1,210
74148,1,210
74156,1,210
74162,1,210
74169,1,210
74175,1,210
74209,1,210
74225,1,210
74231,1,210
74233,1,210
74236,1,210
74244,1,210
74247,1,210
74264,1,210
74266,1,210
74299,1,210
74304,1,210
74304,1,210
74322,1,210
74325,1,210
74339,1,210
74355,1,210
74374,1,210
74374,1,210
74374,1,210
74387,1,210
74405,1,210
74408,1,210
74416,1,210
74425,1,210
74435,1,210
74465,1,210
74480,1,210
74485,1,210
74496,1,210
74521,1,210
74530,1,210
74601,1,210
74627,1,210
74656,1,210
74658,1,210
74703,1,210
74717,1,210
74745,1,210
74751,1,210
74768,1,210
74773,1,210
74778,1,210
74799,1,210
74799,1,210
74801,1,210
74817,1,210
74818,1,210
74835,1,210
74848,1,210
74871,1,210
74878,1,210
74903,1,210
74903,1,210
75031,1,210
75059,1,210
75062,1,210
75063,1,210
75082,1,210
75103,1,210
75153,1,210
75155,1,210
75165,1,210
75170,1,210
75187,1,210
75247,1,210
75259,1,210
75268,1,210
75282,1,210
75344,1,210
75365,1,210
75370,1,210
75378,1,210
75384,1,210
75418,1,210
75506,1,210
75551,1,210
75555,1,210
75567,1,210
75571,1,210
75611,1,210
75626,1,210
75685,1,210
75704,1,210
75746,1,210
75750,1,210
75759,1,210
75763,1,210
75788,1,210
75796,1,210
75865,1,210
75884,1,210
75895,1,210
75913,1,210
75956,1,210
75959,1,210
75986,1,210
75992,1,210
76004,1,210
76005,1,210
76007,1,210
76012,1,210
76016,1,210
76018,1,210
76021,1,210
76023,1,210
76029,1,210
76043,1,210
76053,1,210
76063,1,210
76081,1,210
76084,1,210
76089,1,210
76094,1,210
76116,1,210
76123,1,210
76124,1,210
76126,1,210
76135,1,210
76137,1,210
76141,1,210
76142,1,210
76150,1,210
76188,1,210
76189,1,210
76207,1,210
76217,1,210
76241,1,210
76246,1,210
76247,1,210
76255,1,210
76259,1,210
76289,1,210
76333,1,210
76357,1,210
76363,1,210
76366,1,210
76383,1,210
76387,1,210
76394,1,210
76409,1,210
76443,1,210
76446,1,210
76481,1,210
76487,1,210
76527,1,210
76561,1,210
76564,1,210
76572,1,210
76597,1,210
76611,1,210
76627,1,210
76642,1,210
76686,1,210
76709,1,210
76752,1,210
76775,1,210
76776,1,210
76785,1,210
76798,1,210
76831,1,210
77011,1,210
77013,1,210
77019,1,210
77042,1,210
77069,1,210
77083,1,210
77114,1,210
77123,1,210
77133,1,210
77138,1,210
77142,1,210
77146,1,210
77149,1,210
77155,1,210
77170,1,210
77172,1,210
77183,1,210
77224,1,210
77228,1,210
77231,1,210
77261,1,210
77261,1,210
77265,1,210
77300,1,210
77327,1,210
77347,1,210
77356,1,210
77358,1,210
77385,1,210
77398,1,210
77401,1,210
77402,1,210
77406,1,210
77425,1,210
77460,1,210
77460,1,210
77470,1,210
77479,1,210
77501,1,210
77501,1,210
77523,1,210
77535,1,210
77593,1,210
77605,1,210
77605,1,210
77639,1,210
77657,1,210
77664,1,210
77697,1,210
77728,1,210
77743,1,210
77797,1,210
77800,1,210
78023,1,210
78031,1,210
78037,1,210
78043,1,210
78053,1,210
78060,1,210
78083,1,210
78098,1,210
78109,1,210
78115,1,210
78162,1,210
78263,1,210
78264,1,210
78272,1,210
78279,1,210
78308,1,210
78328,1,210
78336,1,210
78340,1,210
78371,1,210
78379,1,210
78386,1,210
78429,1,210
78432,1,210
78465,1,210
78505,1,210
78541,1,210
78566,1,210
78577,1,210
78579,1,210
78595,1,210
78606,1,210
78612,1,210
78619,1,210
78630,1,210
78694,1,210
78706,1,210
78708,1,210
78721,1,210
78745,1,210
78756,1,210
78822,1,210
78840,1,210
78853,1,210
78880,1,210
78919,1,210
78944,1,210
78958,1,210
78961,1,210
78973,1,210
79007,1,210
79013,1,210
79028,1,210
79039,1,210
79047,1,210
79059,1,210
79071,1,210
79075,1,210
79105,1,210
79123,1,210
79133,1,210
79159,1,210
79179,1,210
79182,1,210
79219,1,210
79222,1,210
79232,1,210
79234,1,210
79239,1,210
79240,1,210
79245,1,210
79254,1,210
79263,1,210
79273,1,210
79278,1,210
79306,1,210
79316,1,210
79318,1,210
79344,1,210
79375,1,210
79391,1,210
79432,1,210
79443,1,210
79483,1,210
79491,1,210
79495,1,210
79528,1,210
79547,1,210
79555,1,210
79579,1,210
79592,1,210
79601,1,210
79608,1,210
79657,1,210
79659,1,210
79710,1,210
79738,1,210
79740,1,210
79774,1,210
79784,1,210
79796,1,210
79801,1,210
79868,1,210
80001,1,210
80007,1,210
80025,1,210
80029,1,210
80040,1,210
80086,1,210
80220,1,210
80227,1,210
80242,1,210
80260,1,210
80265,1,210
80311,1,210
80318,1,210
80352,1,210
80372,1,210
80381,1,210
80384,1,210
80391,1,210
80405,1,210
80416,1,210
80443,1,210
80518,1,210
80529,1,210
80545,1,210
80606,1,210
80630,1,210
80690,1,210
80735,1,210
80747,1,210
80766,1,210
80766,1,210
80775,1,210
80803,1,210
80839,1,210
80843,1,210
80846,1,210
80870,1,210
80885,1,210
80903,1,210
80909,1,210
80935,1,210
80967,1,210
80973,1,210
80999,1,210
81018,1,210
81020,1,210
81034,1,210
81035,1,210
81040,1,210
81040,1,210
81051,1,210
81057,1,210
81059,1,210
81089,1,210
81092,1,210
81094,1,210
81102,1,210
81108,1,210
81120,1,210
81125,1,210
81141,1,210
81146,1,210
81163,1,210
81171,1,210
81172,1,210
81237,1,210
81241,1,210
81252,1,210
81254,1,210
81285,1,210
81288,1,210
81296,1,210
81324,1,210
81337,1,210
81391,1,210
81392,1,210
81414,1,210
81432,1,210
81438,1,210
81473,1,210
81512,1,210
81514,1,210
81518,1,210
81518,1,210
81555,1,210
81556,1,210
81563,1,210
81586,1,210
81628,1,210
81659,1,210
81661,1,210
81672,1,210
81673,1,210
81674,1,210
81684,1,210
81700,1,210
81715,1,210
81745,1,210
81774,1,210
81781,1,210
81782,1,210
81783,1,210
81791,1,210
81811,1,210
81815,1,210
81824,1,210
81827,1,210
81844,1,210
81899,1,210
81899,1,210
81903,1,210
81950,1,210
81958,1,210
81984,1,210
82012,1,210
82013,1,210
82013,1,210
82018,1,210
82030,1,210
82049,1,210
82055,1,210
82063,1,210
82068,1,210
82070,1,210
82074,1,210
82087,1,210
82089,1,210
82090,1,210
82099,1,210
82100,1,210
82131,1,210
82136,1,210
82138,1,210
82140,1,210
82142,1,210
82149,1,210
82183,1,210
82188,1,210
82205,1,210
82217,1,210
82225,1,210
82239,1,210
82258,1,210
82273,1,210
82274,1,210
82278,1,210
82281,1,210
82292,1,210
82299,1,210
82318,1,210
82323,1,210
82353,1,210
82366,1,210
82386,1,210
82390,1,210
82428,1,210
82443,1,210
82479,1,210
82486,1,210
82502,1,210
82517,1,210
82528,1,210
82544,1,210
82545,1,210
82574,1,210
82594,1,210
82598,1,210
82599,1,210
82615,1,210
82624,1,210
82626,1,210
82659,1,210
82670,1,210
82680,1,210
82684,1,210
82695,1,210
82736,1,210
82755,1,210
82776,1,210
82780,1,210
82857,1,210
82903,1,210
82940,1,210
82955,1,210
82974,1,210
82977,1,210
83003,1,210
83007,1,210
83028,1,210
83040,1,210
83055,1,210
83077,1,210
83086,1,210
83097,1,210
83108,1,210
83127,1,210
83134,1,210
83145,1,210
83159,1,210
83169,1,210
83187,1,210
83189,1,210
83199,1,210
83259,1,210
83279,1,210
83306,1,210
83316,1,210
83317,1,210
83319,1,210
83329,1,210
83333,1,210
83337,1,210
83376,1,210
83377,1,210
83441,1,210
83448,1,210
83453,1,210
83454,1,210
83460,1,210
83471,1,210
83474,1,210
83482,1,210
83490,1,210
83523,1,210
83559,1,210
83567,1,210
83572,1,210
83587,1,210
83601,1,210
83608,1,210
83609,1,210
83615,1,210
83615,1,210
83627,1,210
83653,1,210
83665,1,210
83683,1,210
83690,1,210
83720,1,210
83729,1,210
83750,1,210
83766,1,210
83799,1,210
83802,1,210
83807,1,210
83813,1,210
83815,1,210
83834,1,210
83834,1,210
83860,1,210
84052,1,210
84084,1,210
84128,1,210
84132,1,210
84143,1,210
84195,1,210
84197,1,210
84199,1,210
84205,1,210
84214,1,210
84241,1,210
84261,1,210
84300,1,210
84306,1,210
84309,1,210
84320,1,210
84335,1,210
84352,1,210
84355,1,210
84361,1,210
84369,1,210
84372,1,210
84373,1,210
84377,1,210
84386,1,210
84407,1,210
84411,1,210
84431,1,210
84468,1,210
84491,1,210
84537,1,210
84552,1,210
84564,1,210
84573,1,210
84633,1,210
84636,1,210
84716,1,210
84758,1,210
84759,1,210
84780,1,210
84882,1,210
84892,1,210
84917,1,210
84959,1,210
84980,1,210
84984,1,210
84984,1,210
84985,1,210
84997,1,210
84999,1,210
85016,1,210
85019,1,210
85021,1,210
85025,1,210
85027,1,210
85030,1,210
85034,1,210
85037,1,210
85040,1,210
85049,1,210
85057,1,210
85064,1,210
85077,1,210
85078,1,210
85082,1,210
85084,1,210
85088,1,210
85105,1,210
85123,1,210
85178,1,210
85208,1,210
85237,1,210
85247,1,210
85262,1,210
85263,1,210
85283,1,210
85292,1,210
85325,1,210
85381,1,210
85394,1,210
85398,1,210
85438,1,210
85447,1,210
85451,1,210
85475,1,210
85478,1,210
85528,1,210
85540,1,210
85563,1,210
85581,1,210
85619,1,210
85620,1,210
85621,1,210
85627,1,210
85634,1,210
85651,1,210
85660,1,210
85669,1,210
85686,1,210
85722,1,210
85728,1,210
85786,1,210
85825,1,210
85836,1,210
85836,1,210
85862,1,210
85873,1,210
85878,1,210
85890,1,210
85932,1,210
85971,1,210
85972,1,210
85982,1,210
85993,1,210
86003,1,210
86007,1,210
86019,1,210
86022,1,210
86028,1,210
86058,1,210
86072,1,210
86077,1,210
86083,1,210
86087,1,210
86094,1,210
86099,1,210
86137,1,210
86146,1,210
86160,1,210
86190,1,210
86203,1,210
86223,1,210
86223,1,210
86225,1,210
86239,1,210
86273,1,210
86291,1,210
86298,1,210
86320,1,210
86336,1,210
86345,1,210
86376,1,210
86404,1,210
86421,1,210
86431,1,210
86436,1,210
86446,1,210
86452,1,210
86453,1,210
86526,1,210
86533,1,210
86551,1,210
86562,1,210
86578,1,210
86603,1,210
86606,1,210
86621,1,210
86665,1,210
86688,1,210
86702,1,210
86725,1,210
86726,1,210
86749,1,210
86752,1,210
86766,1,210
86774,1,210
86798,1,210
86807,1,210
86824,1,210
86831,1,210
86840,1,210
86876,1,210
86882,1,210
86909,1,210
86939,1,210
86959,1,210
86986,1,210
87001,1,210
87009,1,210
87009,1,210
87011,1,210
87032,1,210
87034,1,210
87037,1,210
87039,1,210
87050,1,210
87052,1,210
87063,1,210
87067,1,210
87070,1,210
87081,1,210
87084,1,210
87109,1,210
87116,1,210
87126,1,210
87127,1,210
87131,1,210
87132,1,210
87205,1,210
87217,1,210
87227,1,210
87335,1,210
87340,1,210
87366,1,210
87381,1,210
87397,1,210
87398,1,210
87416,1,210
87430,1,210
87434,1,210
87442,1,210
87461,1,210
87475,1,210
87476,1,210
87509,1,210
87521,1,210
87523,1,210
87529,1,210
87536,1,210
87536,1,210
87543,1,210
87559,1,210
87575,1,210
87586,1,210
87587,1,210
87593,1,210
87629,1,210
87639,1,210
87676,1,210
87678,1,210
87713,1,210
87769,1,210
87836,1,210
87840,1,210
87842,1,210
87850,1,210
87864,1,210
87928,1,210
88032,1,210
88091,1,210
88101,1,210
88141,1,210
88154,1,210
88178,1,210
88209,1,210
88236,1,210
88238,1,210
88245,1,210
88257,1,210
88265,1,210
88272,1,210
88275,1,210
88290,1,210
88352,1,210
88378,1,210
88397,1,210
88397,1,210
88403,1,210
88407,1,210
88435,1,210
88462,1,210
88489,1,210
88499,1,210
88505,1,210
88506,1,210
88518,1,210
88538,1,210
88549,1,210
88563,1,210
88567,1,210
88593,1,210
88595,1,210
88601,1,210
88609,1,210
88688,1,210
88694,1,210
88781,1,210
88793,1,210
88812,1,210
88884,1,210
88889,1,210
88894,1,210
88922,1,210
88937,1,210
88975,1,210
88979,1,210
89000,1,210
89000,1,210
89000,1,210
89024,1,210
89025,1,210
89029,1,210
89032,1,210
89034,1,210
89040,1,210
89072,1,210
89082,1,210
89086,1,210
89103,1,210
89106,1,210
89115,1,210
89127,1,210
89127,1,210
89129,1,210
89142,1,210
89143,1,210
89153,1,210
89171,1,210
89175,1,210
89175,1,210
89177,1,210
89179,1,210
89181,1,210
89205,1,210
89265,1,210
89269,1,210
89289,1,210
89301,1,210
89341,1,210
89417,1,210
89441,1,210
89448,1,210
89460,1,210
89472,1,210
89490,1,210
89495,1,210
89507,1,210
89526,1,210
89544,1,210
89555,1,210
89575,1,210
89600,1,210
89617,1,210
89626,1,210
89631,1,210
89640,1,210
89648,1,210
89657,1,210
89658,1,210
89694,1,210
89704,1,210
89746,1,210
89748,1,210
89787,1,210
89793,1,210
89795,1,210
89802,1,210
89803,1,210
89822,1,210
89829,1,210
89846,1,210
89854,1,210
89856,1,210
89891,1,210
89901,1,210
89944,1,210
89956,1,210
90025,1,210
90027,1,210
90030,1,210
90041,1,210
90068,1,210
90090,1,210
90145,1,210
90178,1,210
90179,1,210
90195,1,210
90200,1,210
90232,1,210
90234,1,210
90255,1,210
90260,1,210
90264,1,210
90277,1,210
90302,1,210
90343,1,210
90357,1,210
90363,1,210
90378,1,210
90412,1,210
90421,1,210
90421,1,210
90422,1,210
90433,1,210
90450,1,210
90463,1,210
90470,1,210
90513,1,210
90536,1,210
90541,1,210
90553,1,210
90574,1,210
90626,1,210
90659,1,210
90696,1,210
90700,1,210
90737,1,210
90754,1,210
90754,1,210
90837,1,210
90841,1,210
90866,1,210
90878,1,210
90929,1,210
90932,1,210
90959,1,210
90972,1,210
91001,1,210
91009,1,210
91034,1,210
91045,1,210
91046,1,210
91059,1,210
91059,1,210
91074,1,210
91099,1,210
91112,1,210
91116,1,210
91139,1,210
91149,1,210
91177,1,210
91206,1,210
91219,1,210
91229,1,210
91235,1,210
91240,1,210
91240,1,210
91264,1,210
91265,1,210
91273,1,210
91313,1,210
91356,1,210
91363,1,210
91372,1,210
91401,1,210
91404,1,210
91414,1,210
91420,1,210
91442,1,210
91457,1,210
91468,1,210
91469,1,210
91470,1,210
91489,1,210
91493,1,210
91495,1,210
91543,1,210
91545,1,210
91554,1,210
91566,1,210
91570,1,210
91581,1,210
91582,1,210
91605,1,210
91607,1,210
91608,1,210
91608,1,210
91616,1,210
91619,1,210
91651,1,210
91701,1,210
91714,1,210
91743,1,210
91749,1,210
91759,1,210
91762,1,210
91790,1,210
91804,1,210
91813,1,210
91847,1,210
91865,1,210
92008,1,210
92010,1,210
92016,1,210
92027,1,210
92075,1,210
92090,1,210
92093,1,210
92096,1,210
92099,1,210
92162,1,210
92165,1,210
92185,1,210
92217,1,210
92218,1,210
92222,1,210
92243,1,210
92246,1,210
92306,1,210
92312,1,210
92329,1,210
92340,1,210
92347,1,210
92349,1,210
92363,1,210
92380,1,210
92385,1,210
92389,1,210
92392,1,210
92403,1,210
92408,1,210
92410,1,210
92418,1,210
92418,1,210
92428,1,210
92444,1,210
92500,1,210
92543,1,210
92550,1,210
92568,1,210
92569,1,210
92581,1,210
92617,1,210
92623,1,210
92636,1,210
92679,1,210
92694,1,210
92696,1,210
92703,1,210
92714,1,210
92727,1,210
92728,1,210
92751,1,210
92761,1,210
92784,1,210
92790,1,210
92792,1,210
93005,1,210
93010,1,210
93021,1,210
93029,1,210
93039,1,210
93047,1,210
93076,1,210
93085,1,210
93123,1,210
93134,1,210
93135,1,210
93139,1,210
93143,1,210
93152,1,210
93181,1,210
93197,1,210
93199,1,210
93200,1,210
93216,1,210
93240,1,210
93240,1,210
93254,1,210
93254,1,210
93255,1,210
93256,1,210
93266,1,210
93269,1,210
93274,1,210
93297,1,210
93315,1,210
93327,1,210
93330,1,210
93342,1,210
93347,1,210
93350,1,210
93358,1,210
93377,1,210
93386,1,210
93408,1,210
93431,1,210
93433,1,210
93445,1,210
93451,1,210
93479,1,210
93480,1,210
93483,1,210
93484,1,210
93495,1,210
93504,1,210
93505,1,210
93511,1,210
93516,1,210
93537,1,210
93574,1,210
93582,1,210
93588,1,210
93600,1,210
93603,1,210
93622,1,210
93630,1,210
93643,1,210
93648,1,210
93654,1,210
93655,1,210
93657,1,210
93661,1,210
93691,1,210
93718,1,210
93727,1,210
93727,1,210
93730,1,210
93743,1,210
93751,1,210
93754,1,210
93770,1,210
93771,1,210
93789,1,210
93794,1,210
93800,1,210
93805,1,210
93819,1,210
93823,1,210
93827,1,210
93837,1,210
93840,1,210
93841,1,210
93848,1,210
93853,1,210
93862,1,210
94005,1,210
94006,1,210
94010,1,210
94012,1,210
94035,1,210
94037,1,210
94041,1,210
94043,1,210
94076,1,210
94080,1,210
94081,1,210
94096,1,210
94151,1,210
94164,1,210
94167,1,210
94178,1,210
94208,1,210
94211,1,210
94226,1,210
94249,1,210
94280,1,210
94281,1,210
94284,1,210
94284,1,210
94306,1,210
94331,1,210
94382,1,210
94384,1,210
94400,1,210
94410,1,210
94413,1,210
94414,1,210
94446,1,210
94450,1,210
94456,1,210
94457,1,210
94475,1,210
94496,1,210
94512,1,210
94529,1,210
94547,1,210
94554,1,210
94568,1,210
94601,1,210
94618,1,210
94638,1,210
94652,1,210
94669,1,210
94674,1,210
94684,1,210
94712,1,210
94729,1,210
94762,1,210
94763,1,210
94776,1,210
94791,1,210
94809,1,210
94841,1,210
94876,1,210
94894,1,210
94902,1,210
94990,1,210
94993,1,210
94999,1,210
95021,1,210
95023,1,210
95023,1,210
95059,1,210
95075,1,210
95076,1,210
95077,1,210
95123,1,210
95172,1,210
95210,1,210
95226,1,210
95231,1,210
95236,1,210
95245,1,210
95249,1,210
95250,1,210
95268,1,210
95271,1,210
95296,1,210
95303,1,210
95314,1,210
95331,1,210
95348,1,210
95361,1,210
95371,1,210
95406,1,210
95423,1,210
95448,1,210
95464,1,210
95482,1,210
95483,1,210
95489,1,210
95507,1,210
95528,1,210
95576,1,210
95614,1,210
95632,1,210
95656,1,210
95657,1,210
95726,1,210
95732,1,210
95748,1,210
95758,1,210
95760,1,210
95775,1,210
95794,1,210
95811,1,210
95818,1,210
95827,1,210
95858,1,210
95859,1,210
95861,1,210
95861,1,210
95868,1,210
95900,1,210
95900,1,210
95908,1,210
95927,1,210
95933,1,210
95946,1,210
95949,1,210
95964,1,210
95971,1,210
95980,1,210
96002,1,210
96012,1,210
96027,1,210
96035,1,210
96073,1,210
96078,1,210
96108,1,210
96137,1,210
96149,1,210
96161,1,210
96161,1,210
96171,1,210
96189,1,210
96193,1,210
96228,1,210
96236,1,210
96238,1,210
96245,1,210
96255,1,210
96301,1,210
96310,1,210
96323,1,210
96337,1,210
96339,1,210
96355,1,210
96367,1,210
96367,1,210
96380,1,210
96386,1,210
96394,1,210
96406,1,210
96423,1,210
96425,1,210
96428,1,210
96434,1,210
96443,1,210
96486,1,210
96488,1,210
96537,1,210
96615,1,210
96634,1,210
96650,1,210
96676,1,210
96676,1,210
96682,1,210
96688,1,210
96691,1,210
96702,1,210
96709,1,210
96730,1,210
96736,1,210
96745,1,210
96757,1,210
96763,1,210
96766,1,210
96781,1,210
96805,1,210
96806,1,210
96807,1,210
96825,1,210
96848,1,210
96868,1,210
96869,1,210
97009,1,210
97011,1,210
97027,1,210
97036,1,210
97048,1,210
97054,1,210
97055,1,210
97059,1,210
97076,1,210
97111,1,210
97131,1,210
97151,1,210
97153,1,210
97202,1,210
97203,1,210
97224,1,210
97231,1,210
97246,1,210
97273,1,210
97289,1,210
97292,1,210
97293,1,210
97335,1,210
97342,1,210
97362,1,210
97400,1,210
97404,1,210
97405,1,210
97409,1,210
97449,1,210
97466,1,210
97476,1,210
97483,1,210
97485,1,210
97489,1,210
97497,1,210
97498,1,210
97504,1,210
97511,1,210
97524,1,210
97529,1,210
97532,1,210
97563,1,210
97563,1,210
97594,1,210
97600,1,210
97611,1,210
97645,1,210
97657,1,210
97698,1,210
97758,1,210
97759,1,210
97765,1,210
97779,1,210
97794,1,210
97802,1,210
97806,1,210
97822,1,210
97830,1,210
98002,1,210
98044,1,210
98075,1,210
98096,1,210
98109,1,210
98125,1,210
98156,1,210
98186,1,210
98196,1,210
98231,1,210
98255,1,210
98258,1,210
98269,1,210
98270,1,210
98294,1,210
98310,1,210
98382,1,210
98384,1,210
98417,1,210
98418,1,210
98443,1,210
98461,1,210
98500,1,210
98507,1,210
98528,1,210
98536,1,210
98550,1,210
98561,1,210
98565,1,210
98567,1,210
98576,1,210
98580,1,210
98580,1,210
98624,1,210
98654,1,210
98666,1,210
98704,1,210
98711,1,210
98747,1,210
98748,1,210
98751,1,210
98768,1,210
98786,1,210
98816,1,210
98819,1,210
98832,1,210
98845,1,210
98861,1,210
98865,1,210
98867,1,210
98872,1,210
98894,1,210
98926,1,210
98931,1,210
98969,1,210
99000,1,210
99013,1,210
99025,1,210
99031,1,210
99032,1,210
99035,1,210
99048,1,210
99055,1,210
99059,1,210
99060,1,210
99077,1,210
99079,1,210
99084,1,210
99134,1,210
99143,1,210
99183,1,210
99190,1,210
99196,1,210
99214,1,210
99229,1,210
99261,1,210
99287,1,210
99338,1,210
99342,1,210
99351,1,210
99358,1,210
99363,1,210
99382,1,210
99394,1,210
99401,1,210
99411,1,210
99433,1,210
99445,1,210
99455,1,210
99459,1,210
99469,1,210
99491,1,210
99513,1,210
99538,1,210
99562,1,210
99590,1,210
99596,1,210
99597,1,210
99608,1,210
99613,1,210
99633,1,210
99651,1,210
99690,1,210
99748,1,210
99754,1,210
99763,1,210
99777,1,210
99785,1,210
99790,1,210
99832,1,210
99869,1,210
99876,1,210
99916,1,210
99917,1,210
99955,1,210
99969,1,210
99977,1,210
99979,1,210
100023,1,210
100024,1,210
100039,1,210
100046,1,210
100098,1,210
100117,1,210
100135,1,210
100158,1,210
100175,1,210
100180,1,210
100193,1,210
100198,1,210
100213,1,210
100215,1,210
100271,1,210
100283,1,210
100290,1,210
100302,1,210
100311,1,210
100405,1,210
100418,1,210
100441,1,210
100444,1,210
100518,1,210
100553,1,210
100561,1,210
100574,1,210
100633,1,210
100658,1,210
100671,1,210
100679,1,210
100733,1,210
100760,1,210
100782,1,210
100829,1,210
100861,1,210
100923,1,210
100938,1,210
100940,1,210
101021,1,210
101030,1,210
101036,1,210
101038,1,210
101051,1,210
101056,1,210
101057,1,210
101058,1,210
101062,1,210
101082,1,210
101084,1,210
101096,1,210
101102,1,210
101106,1,210
101124,1,210
101140,1,210
101146,1,210
101148,1,210
101154,1,210
101162,1,210
101176,1,210
101179,1,210
101180,1,210
101193,1,210
101204,1,210
101220,1,210
101221,1,210
101244,1,210
101254,1,210
101256,1,210
101257,1,210
101266,1,210
101267,1,210
101271,1,210
101276,1,210
101277,1,210
101308,1,210
101330,1,210
101335,1,210
101336,1,210
101343,1,210
101404,1,210
101408,1,210
101444,1,210
101446,1,210
101456,1,210
101462,1,210
101489,1,210
101498,1,210
101521,1,210
101540,1,210
101592,1,210
101602,1,210
101619,1,210
101667,1,210
101674,1,210
101701,1,210
101706,1,210
101750,1,210
101767,1,210
101772,1,210
101790,1,210
101800,1,210
101820,1,210
101872,1,210
101901,1,210
101925,1,210
101925,1,210
101977,1,210
101982,1,210
101996,1,210
101999,1,210
102004,1,210
102004,1,210
102006,1,210
102009,1,210
102019,1,210
102021,1,210
102051,1,210
102062,1,210
102083,1,210
102088,1,210
102118,1,210
102119,1,210
102147,1,210
102152,1,210
102161,1,210
102199,1,210
102208,1,210
102219,1,210
102254,1,210
102266,1,210
102266,1,210
102300,1,210
102308,1,210
102321,1,210
102327,1,210
102377,1,210
102378,1,210
102396,1,210
102412,1,210
102423,1,210
102429,1,210
102452,1,210
102461,1,210
102492,1,210
102509,1,210
102514,1,210
102547,1,210
102581,1,210
102606,1,210
102622,1,210
102622,1,210
102647,1,210
102670,1,210
102677,1,210
102704,1,210
102711,1,210
102715,1,210
102725,1,210
102745,1,210
102790,1,210
102791,1,210
102817,1,210
102847,1,210
102879,1,210
102907,1,210
102933,1,210
102940,1,210
102954,1,210
102965,1,210
102988,1,210
102993,1,210
103015,1,210
103020,1,210
103160,1,210
103244,1,210
103269,1,210
103329,1,210
103362,1,210
103384,1,210
103409,1,210
103420,1,210
103486,1,210
103499,1,210
103582,1,210
103593,1,210
103631,1,210
103635,1,210
103642,1,210
103652,1,210
103689,1,210
103692,1,210
103706,1,210
103713,1,210
103722,1,210
103739,1,210
103777,1,210
103838,1,210
103845,1,210
103860,1,210
103869,1,210
103896,1,210
103919,1,210
103923,1,210
103926,1,210
103950,1,210
103968,1,210
103980,1,210
103981,1,210
104017,1,210
104018,1,210
104022,1,210
104024,1,210
104027,1,210
104029,1,210
104032,1,210
104040,1,210
104043,1,210
104056,1,210
104059,1,210
104095,1,210
104110,1,210
104140,1,210
104145,1,210
104157,1,210
104160,1,210
104164,1,210
104173,1,210
104175,1,210
104179,1,210
104182,1,210
104196,1,210
104205,1,210
104214,1,210
104219,1,210
104225,1,210
104233,1,210
104242,1,210
104252,1,210
104255,1,210
104261,1,210
104265,1,210
104291,1,210
104305,1,210
104316,1,210
104383,1,210
104384,1,210
104387,1,210
104388,1,210
104425,1,210
104425,1,210
104428,1,210
104430,1,210
104472,1,210
104494,1,210
104520,1,210
104523,1,210
104588,1,210
104598,1,210
104619,1,210
104646,1,210
104654,1,210
104683,1,210
104689,1,210
104705,1,210
104746,1,210
104766,1,210
104775,1,210
104777,1,210
104777,1,210
104790,1,210
104795,1,210
104822,1,210
104829,1,210
104855,1,210
104865,1,210
105051,1,210
105054,1,210
105054,1,210
105060,1,210
105063,1,210
105071,1,210
105073,1,210
105074,1,210
105084,1,210
105102,1,210
105103,1,210
105117,1,210
105126,1,210
105127,1,210
105143,1,210
105152,1,210
105152,1,210
105153,1,210
105154,1,210
105172,1,210
105173,1,210
105195,1,210
105220,1,210
105239,1,210
105247,1,210
105275,1,210
105295,1,210
105302,1,210
105302,1,210
105306,1,210
105309,1,210
105395,1,210
105399,1,210
105400,1,210
105439,1,210
105453,1,210
105471,1,210
105543,1,210
105570,1,210
105610,1,210
105610,1,210
105613,1,210
105614,1,210
105615,1,210
105615,1,210
105617,1,210
105622,1,210
105648,1,210
105665,1,210
105688,1,210
105697,1,210
105699,1,210
105718,1,210
105729,1,210
105746,1,210
105746,1,210
105749,1,210
105755,1,210
105758,1,210
105792,1,210
105828,1,210
105830,1,210
105855,1,210
105864,1,210
105867,1,210
106054,1,210
106065,1,210
106104,1,210
106112,1,210
106135,1,210
106141,1,210
106153,1,210
106187,1,210
106188,1,210
106210,1,210
106251,1,210
106267,1,210
106271,1,210
106334,1,210
106335,1,210
106336,1,210
106363,1,210
106386,1,210
106392,1,210
106409,1,210
106422,1,210
106423,1,210
106454,1,210
106456,1,210
106458,1,210
106473,1,210
106473,1,210
106479,1,210
106514,1,210
106535,1,210
106542,1,210
106545,1,210
106567,1,210
106600,1,210
106604,1,210
106605,1,210
106647,1,210
106662,1,210
106669,1,210
106712,1,210
106743,1,210
106746,1,210
106757,1,210
106777,1,210
106813,1,210
106828,1,210
106838,1,210
106849,1,210
106849,1,210
107003,1,210
107014,1,210
107015,1,210
107026,1,210
107055,1,210
107063,1,210
107066,1,210
107066,1,210
107071,1,210
107087,1,210
107097,1,210
107117,1,210
107124,1,210
107142,1,210
107190,1,210
107209,1,210
107221,1,210
107234,1,210
107235,1,210
107279,1,210
107296,1,210
107298,1,210
107312,1,210
107338,1,210
107379,1,210
107399,1,210
107407,1,210
107458,1,210
107505,1,210
107508,1,210
107513,1,210
107520,1,210
107527,1,210
107534,1,210
107547,1,210
107552,1,210
107569,1,210
107601,1,210
107631,1,210
107666,1,210
107691,1,210
107702,1,210
107706,1,210
107712,1,210
107730,1,210
107730,1,210
107764,1,210
108001,1,210
108032,1,210
108050,1,210
108063,1,210
108076,1,210
108078,1,210
108118,1,210
108153,1,210
108159,1,210
108163,1,210
108172,1,210
108175,1,210
108187,1,210
108202,1,210
108222,1,210
108251,1,210
108255,1,210
108286,1,210
108324,1,210
108349,1,210
108396,1,210
108448,1,210
108469,1,210
108529,1,210
108539,1,210
108582,1,210
108592,1,210
108627,1,210
108627,1,210
108630,1,210
108652,1,210
108654,1,210
108665,1,210
108702,1,210
108712,1,210
108726,1,210
108734,1,210
108752,1,210
108760,1,210
108785,1,210
108805,1,210
108807,1,210
108823,1,210
108863,1,210
108876,1,210
109092,1,210
109106,1,210
109144,1,210
109205,1,210
109233,1,210
109237,1,210
109242,1,210
109270,1,210
109280,1,210
109297,1,210
109306,1,210
109314,1,210
109319,1,210
109352,1,210
109376,1,210
109445,1,210
109452,1,210
109474,1,210
109478,1,210
109496,1,210
109517,1,210
109539,1,210
109559,1,210
109560,1,210
109590,1,210
109603,1,210
109619,1,210
109661,1,210
109667,1,210
109706,1,210
109743,1,210
109785,1,210
109819,1,210
109824,1,210
109830,1,210
109851,1,210
109851,1,210
109933,1,210
109979,1,210
109980,1,210
110006,1,210
110013,1,210
110031,1,210
110047,1,210
110056,1,210
110059,1,210
110064,1,210
110067,1,210
110075,1,210
110087,1,210
110106,1,210
110114,1,210
110152,1,210
110180,1,210
110180,1,210
110184,1,210
110206,1,210
110228,1,210
110231,1,210
110285,1,210
110292,1,210
110297,1,210
110299,1,210
110328,1,210
110374,1,210
110389,1,210
110397,1,210
110422,1,210
110448,1,210
110453,1,210
110491,1,210
110505,1,210
110509,1,210
110523,1,210
110532,1,210
110568,1,210
110657,1,210
110690,1,210
110713,1,210
110715,1,210
110772,1,210
110777,1,210
110782,1,210
110789,1,210
110865,1,210
110886,1,210
110907,1,210
110916,1,210
110919,1,210
111030,1,210
111034,1,210
111054,1,210
111113,1,210
111119,1,210
111127,1,210
111137,1,210
111164,1,210
111184,1,210
111204,1,210
111209,1,210
111221,1,210
111224,1,210
111246,1,210
111256,1,210
111322,1,210
111422,1,210
111442,1,210
111457,1,210
111472,1,210
111482,1,210
111484,1,210
111485,1,210
111505,1,210
111525,1,210
111525,1,210
111546,1,210
111574,1,210
111586,1,210
111608,1,210
111621,1,210
111647,1,210
111652,1,210
111682,1,210
111715,1,210
111734,1,210
111752,1,210
111752,1,210
111791,1,210
111794,1,210
111799,1,210
111830,1,210
111839,1,210
111855,1,210
111860,1,210
111863,1,210
112030,1,210
112077,1,210
112085,1,210
112116,1,210
112140,1,210
112172,1,210
112212,1,210
112219,1,210
112247,1,210
112351,1,210
112450,1,210
112461,1,210
112478,1,210
112480,1,210
112509,1,210
112515,1,210
112525,1,210
112531,1,210
112590,1,210
112618,1,210
112620,1,210
112630,1,210
112667,1,210
112680,1,210
112725,1,210
112740,1,210
112762,1,210
112764,1,210
112786,1,210
112803,1,210
112805,1,210
112832,1,210
112840,1,210
112846,1,210
112871,1,210
112883,1,210
112916,1,210
112978,1,210
112982,1,210
113018,1,210
113037,1,210
113052,1,210
113068,1,210
113080,1,210
113081,1,210
113088,1,210
113108,1,210
113116,1,210
113145,1,210
113152,1,210
113194,1,210
113194,1,210
113205,1,210
113210,1,210
113215,1,210
113239,1,210
113271,1,210
113272,1,210
113324,1,210
113335,1,210
113346,1,210
113352,1,210
113356,1,210
113376,1,210
113379,1,210
113393,1,210
113402,1,210
113490,1,210
113524,1,210
113532,1,210
113540,1,210
113549,1,210
113618,1,210
113622,1,210
113631,1,210
113647,1,210
113659,1,210
113668,1,210
113692,1,210
113734,1,210
113738,1,210
113741,1,210
113753,1,210
113770,1,210
113774,1,210
113780,1,210
113787,1,210
113791,1,210
113820,1,210
114015,1,210
114015,1,210
114029,1,210
114118,1,210
114159,1,210
114174,1,210
114176,1,210
114193,1,210
114208,1,210
114213,1,210
114237,1,210
114260,1,210
114264,1,210
114266,1,210
114288,1,210
114319,1,210
114361,1,210
114378,1,210
114388,1,210
114390,1,210
114407,1,210
114440,1,210
114464,1,210
114468,1,210
114484,1,210
114485,1,210
114535,1,210
114543,1,210
114584,1,210
114600,1,210
114606,1,210
114617,1,210
114656,1,210
114661,1,210
114687,1,210
114698,1,210
114701,1,210
114710,1,210
114720,1,210
114735,1,210
114746,1,210
114750,1,210
115003,1,210
115008,1,210
115023,1,210
115024,1,210
115034,1,210
115070,1,210
115079,1,210
115203,1,210
115246,1,210
115275,1,210
115275,1,210
115301,1,210
115302,1,210
115306,1,210
115373,1,210
115424,1,210
115463,1,210
115483,1,210
115513,1,210
115523,1,210
115528,1,210
115540,1,210
115566,1,210
115607,1,210
115628,1,210
115649,1,210
115651,1,210
115737,1,210
115778,1,210
115817,1,210
115844,1,210
115873,1,210
115896,1,210
115907,1,210
115928,1,210
115965,1,210
115976,1,210
115984,1,210
116017,1,210
116023,1,210
116025,1,210
116039,1,210
116040,1,210
116057,1,210
116064,1,210
116064,1,210
116093,1,210
116105,1,210
116146,1,210
116147,1,210
116151,1,210
116152,1,210
116153,1,210
116221,1,210
116236,1,210
116270,1,210
116270,1,210
116272,1,210
116314,1,210
116319,1,210
116348,1,210
116373,1,210
116378,1,210
116418,1,210
116422,1,210
116447,1,210
116450,1,210
116475,1,210
116480,1,210
116491,1,210
116498,1,210
116507,1,210
116540,1,210
116558,1,210
116572,1,210
116580,1,210
116631,1,210
116632,1,210
116649,1,210
116650,1,210
116651,1,210
116680,1,210
116702,1,210
116754,1,210
117036,1,210
117086,1,210
117121,1,210
117122,1,210
117147,1,210
117150,1,210
117153,1,210
117161,1,210
117165,1,210
117167,1,210
117170,1,210
117184,1,210
117216,1,210
117242,1,210
117248,1,210
117257,1,210
117274,1,210
117285,1,210
117299,1,210
117312,1,210
117380,1,210
117396,1,210
117408,1,210
117423,1,210
117441,1,210
117487,1,210
117489,1,210
117516,1,210
117538,1,210
117552,1,210
117610,1,210
117617,1,210
117620,1,210
117628,1,210
117702,1,210
117714,1,210
117747,1,210
117787,1,210
117790,1,210
117798,1,210
117810,1,210
117822,1,210
117871,1,210
117878,1,210
117899,1,210
117914,1,210
118010,1,210
118032,1,210
118033,1,210
118051,1,210
118097,1,210
118100,1,210
118121,1,210
118160,1,210
118162,1,210
118181,1,210
118187,1,210
118263,1,210
118266,1,210
118270,1,210
118270,1,210
118335,1,210
118345,1,210
118367,1,210
118472,1,210
118478,1,210
118480,1,210
118497,1,210
118516,1,210
118569,1,210
118577,1,210
118604,1,210
118614,1,210
118667,1,210
118680,1,210
118685,1,210
118690,1,210
118694,1,210
118722,1,210
118820,1,210
119079,1,210
119092,1,210
119093,1,210
119125,1,210
119161,1,210
119191,1,210
119258,1,210
119272,1,210
119347,1,210
119351,1,210
119373,1,210
119437,1,210
119451,1,210
119520,1,210
119580,1,210
119581,1,210
119589,1,210
119653,1,210
119699,1,210
119714,1,210
119736,1,210
119746,1,210
119780,1,210
119821,1,210
119865,1,210
119913,1,210
119921,1,210
119934,1,210
119939,1,210
120004,1,210
120008,1,210
120012,1,210
120014,1,210
120015,1,210
120019,1,210
120042,1,210
120098,1,210
120160,1,210
120226,1,210
120445,1,210
120450,1,210
120621,1,210
120727,1,210
120955,1,210
120960,1,210
120978,1,210
120981,1,210
121011,1,210
121025,1,210
121025,1,210
121028,1,210
121031,1,210
121039,1,210
121061,1,210
121062,1,210
121068,1,210
121070,1,210
121146,1,210
121161,1,210
121185,1,210
121193,1,210
121195,1,210
121199,1,210
121218,1,210
121242,1,210
121245,1,210
121247,1,210
121264,1,210
121292,1,210
121296,1,210
121353,1,210
121359,1,210
121368,1,210
121383,1,210
121390,1,210
121409,1,210
121411,1,210
121418,1,210
121451,1,210
121462,1,210
121481,1,210
121493,1,210
121557,1,210
121585,1,210
121591,1,210
121600,1,210
121607,1,210
121626,1,210
121645,1,210
121701,1,210
121717,1,210
121789,1,210
121802,1,210
121838,1,210
122077,1,210
122137,1,210
122153,1,210
122193,1,210
122241,1,210
122292,1,210
122303,1,210
122316,1,210
122319,1,210
122343,1,210
122389,1,210
122423,1,210
122506,1,210
122519,1,210
122543,1,210
122573,1,210
122593,1,210
122615,1,210
122629,1,210
122661,1,210
122669,1,210
122671,1,210
122715,1,210
122731,1,210
122777,1,210
122792,1,210
122806,1,210
122824,1,210
122825,1,210
122879,1,210
122889,1,210
123018,1,210
123057,1,210
123096,1,210
123105,1,210
123112,1,210
123137,1,210
123147,1,210
123190,1,210
123238,1,210
123325,1,210
123345,1,210
123417,1,210
123420,1,210
123434,1,210
123532,1,210
123533,1,210
123534,1,210
123560,1,210
123649,1,210
123678,1,210
123688,1,210
123708,1,210
123748,1,210
123767,1,210
123787,1,210
123817,1,210
123818,1,210
123851,1,210
123930,1,210
124045,1,210
124055,1,210
124099,1,210
124115,1,210
124141,1,210
124144,1,210
124156,1,210
124167,1,210
124189,1,210
124205,1,210
124210,1,210
124337,1,210
124367,1,210
124438,1,210
124443,1,210
124465,1,210
124472,1,210
124511,1,210
124530,1,210
124551,1,210
124569,1,210
124599,1,210
124714,1,210
124761,1,210
124802,1,210
124858,1,210
124922,1,210
125001,1,210
125032,1,210
125042,1,210
125046,1,210
125103,1,210
125177,1,210
125230,1,210
125259,1,210
125292,1,210
125301,1,210
125412,1,210
125424,1,210
125431,1,210
125439,1,210
125453,1,210
125470,1,210
125500,1,210
125548,1,210
125597,1,210
125598,1,210
125609,1,210
125627,1,210
125671,1,210
125675,1,210
125724,1,210
125782,1,210
125838,1,210
125854,1,210
125915,1,210
126000,1,210
126012,1,210
126019,1,210
126036,1,210
126060,1,210
126063,1,210
126188,1,210
126192,1,210
126197,1,210
126216,1,210
126272,1,210
126315,1,210
126386,1,210
126399,1,210
126416,1,210
126448,1,210
126457,1,210
126482,1,210
126486,1,210
126536,1,210
126551,1,210
126633,1,210
126647,1,210
126679,1,210
126682,1,210
126698,1,210
126761,1,210
126815,1,210
126830,1,210
127071,1,210
127095,1,210
127140,1,210
127241,1,210
127274,1,210
127426,1,210
127433,1,210
127466,1,210
127547,1,210
127603,1,210
127623,1,210
127635,1,210
127638,1,210
127647,1,210
127658,1,210
127666,1,210
127681,1,210
127751,1,210
127778,1,210
127836,1,210
127846,1,210
127897,1,210
127968,1,210
127993,1,210
128017,1,210
128076,1,210
128132,1,210
128138,1,210
128164,1,210
128176,1,210
128180,1,210
128237,1,210
128310,1,210
128328,1,210
128333,1,210
128342,1,210
128391,1,210
128454,1,210
128474,1,210
128524,1,210
128566,1,210
128569,1,210
128579,1,210
128617,1,210
128624,1,210
128633,1,210
128658,1,210
128803,1,210
128826,1,210
128859,1,210
128875,1,210
128908,1,210
128936,1,210
129000,1,210
129012,1,210
129047,1,210
129080,1,210
129082,1,210
129086,1,210
129119,1,210
129142,1,210
129148,1,210
129188,1,210
129201,1,210
129217,1,210
129281,1,210
129312,1,210
129345,1,210
129360,1,210
129365,1,210
129367,1,210
129374,1,210
129379,1,210
129422,1,210
129424,1,210
129433,1,210
129472,1,210
129490,1,210
129516,1,210
129524,1,210
129554,1,210
129559,1,210
129654,1,210
129689,1,210
129764,1,210
129778,1,210
129925,1,210
130004,1,210
130019,1,210
130023,1,210
130028,1,210
130065,1,210
130176,1,210
130300,1,210
130381,1,210
130381,1,210
130390,1,210
130391,1,210
130515,1,210
130567,1,210
130608,1,210
130659,1,210
130686,1,210
130754,1,210
130817,1,210
131032,1,210
131040,1,210
131056,1,210
131100,1,210
131111,1,210
131138,1,210
131150,1,210
131200,1,210
131272,1,210
131322,1,210
131340,1,210
131345,1,210
131407,1,210
131409,1,210
131476,1,210
131496,1,210
131523,1,210
131570,1,210
131607,1,210
131766,1,210
131845,1,210
131885,1,210
131885,1,210
131900,1,210
131955,1,210
131962,1,210
131987,1,210
132082,1,210
132083,1,210
132106,1,210
132113,1,210
132129,1,210
132140,1,210
132208,1,210
132223,1,210
132292,1,210
132324,1,210
132331,1,210
132374,1,210
132399,1,210
132454,1,210
132488,1,210
132490,1,210
132494,1,210
132512,1,210
132525,1,210
132554,1,210
132564,1,210
132577,1,210
132610,1,210
133005,1,210
133027,1,210
133037,1,210
133081,1,210
133085,1,210
133121,1,210
133137,1,210
133185,1,210
133279,1,210
133284,1,210
133325,1,210
133474,1,210
133550,1,210
133596,1,210
133644,1,210
133651,1,210
134009,1,210
134056,1,210
134067,1,210
134069,1,210
134107,1,210
134133,1,210
134157,1,210
134233,1,210
134325,1,210
134407,1,210
134471,1,210
134549,1,210
134560,1,210
134596,1,210
134612,1,210
134625,1,210
134665,1,210
134686,1,210
134719,1,210
135037,1,210
135068,1,210
135068,1,210
135085,1,210
135142,1,210
135212,1,210
135242,1,210
135266,1,210
135278,1,210
135308,1,210
135313,1,210
135330,1,210
135373,1,210
135379,1,210
135414,1,210
135474,1,210
135485,1,210
135679,1,210
136013,1,210
136031,1,210
136055,1,210
136077,1,210
136120,1,210
136156,1,210
136302,1,210
136360,1,210
136422,1,210
136443,1,210
136527,1,210
136543,1,210
136608,1,210
136625,1,210
136866,1,210
136923,1,210
136933,1,210
136999,1,210
137083,1,210
137085,1,210
137092,1,210
137104,1,210
137137,1,210
137189,1,210
137226,1,210
137307,1,210
137384,1,210
137477,1,210
137499,1,210
137570,1,210
137580,1,210
137589,1,210
137674,1,210
137741,1,210
137789,1,210
137815,1,210
137970,1,210
137978,1,210
137995,1,210
138114,1,210
138201,1,210
138206,1,210
138212,1,210
138252,1,210
138339,1,210
138359,1,210
138379,1,210
138401,1,210
138419,1,210
138480,1,210
138524,1,210
138558,1,210
138579,1,210
138604,1,210
138689,1,210
138721,1,210
139011,1,210
139031,1,210
139123,1,210
139124,1,210
139133,1,210
139173,1,210
139237,1,210
139257,1,210
139271,1,210
139407,1,210
139551,1,210
139559,1,210
139574,1,210
139577,1,210
139605,1,210
139686,1,210
139698,1,210
139755,1,210
139803,1,210
140065,1,210
140116,1,210
140139,1,210
140235,1,210
140479,1,210
140503,1,210
140551,1,210
140786,1,210
141024,1,210
141058,1,210
141138,1,210
141154,1,210
141191,1,210
141226,1,210
141264,1,210
141299,1,210
141306,1,210
141307,1,210
141354,1,210
141453,1,210
141465,1,210
141480,1,210
141495,1,210
141496,1,210
141631,1,210
141650,1,210
141661,1,210
141706,1,210
141743,1,210
141773,1,210
141774,1,210
141846,1,210
141876,1,210
141983,1,210
141984,1,210
142001,1,210
142078,1,210
142139,1,210
142244,1,210
142257,1,210
142347,1,210
142491,1,210
142626,1,210
142629,1,210
142642,1,210
142649,1,210
142701,1,210
142721,1,210
142823,1,210
143086,1,210
143129,1,210
143139,1,210
143165,1,210
143181,1,210
143190,1,210
143275,1,210
143326,1,210
143464,1,210
143666,1,210
143870,1,210
143906,1,210
144009,1,210
144140,1,210
144155,1,210
144278,1,210
144288,1,210
144334,1,210
144350,1,210
144375,1,210
144433,1,210
144502,1,210
144545,1,210
144605,1,210
145010,1,210
145126,1,210
145170,1,210
145285,1,210
145302,1,210
145324,1,210
145339,1,210
145365,1,210
145368,1,210
145483,1,210
145550,1,210
145614,1,210
145721,1,210
145761,1,210
145806,1,210
146144,1,210
146333,1,210
146377,1,210
146405,1,210
146510,1,210
146546,1,210
146666,1,210
146761,1,210
146925,1,210
146942,1,210
147054,1,210
147096,1,210
147114,1,210
147160,1,210
147257,1,210
147311,1,210
147312,1,210
147321,1,210
147371,1,210
147560,1,210
147615,1,210
147635,1,210
147701,1,210
147989,1,210
148003,1,210
148007,1,210
148321,1,210
148417,1,210
148444,1,210
148591,1,210
148593,1,210
148595,1,210
148782,1,210
148788,1,210
148804,1,210
148824,1,210
148841,1,210
148968,1,210
149002,1,210
149043,1,210
149064,1,210
149442,1,210
149486,1,210
149495,1,210
149685,1,210
149699,1,210
149870,1,210
149903,1,210
150011,1,210
150018,1,210
150257,1,210
150325,1,210
150337,1,210
150448,1,210
150459,1,210
150538,1,210
150698,1,210
150815,1,210
151052,1,210
151095,1,210
151168,1,210
151217,1,210
151223,1,210
151365,1,210
151384,1,210
151425,1,210
151489,1,210
151543,1,210
151652,1,210
151703,1,210
152072,1,210
152182,1,210
152217,1,210
152311,1,210
152551,1,210
152558,1,210
153020,1,210
153055,1,210
153087,1,210
153113,1,210
153198,1,210
153291,1,210
153308,1,210
153450,1,210
153450,1,210
153561,1,210
153598,1,210
153681,1,210
153718,1,210
153846,1,210
153915,1,210
154032,1,210
154096,1,210
154125,1,210
154182,1,210
154264,1,210
154320,1,210
154476,1,210
154501,1,210
154596,1,210
154623,1,210
154624,1,210
154652,1,210
154680,1,210
154747,1,210
154788,1,210
154857,1,210
155018,1,210
155046,1,210
155056,1,210
155061,1,210
155084,1,210
155130,1,210
155137,1,210
155336,1,210
155361,1,210
155409,1,210
155455,1,210
156087,1,210
156172,1,210
156355,1,210
156355,1,210
156375,1,210
156507,1,210
156814,1,210
156966,1,210
156992,1,210
157107,1,210
157154,1,210
157211,1,210
157532,1,210
157653,1,210
157699,1,210
158090,1,210
158111,1,210
158128,1,210
158182,1,210
158279,1,210
158478,1,210
158516,1,210
158663,1,210
158677,1,210
158710,1,210
159019,1,210
159075,1,210
159141,1,210
159147,1,210
159230,1,210
159293,1,210
159575,1,210
159617,1,210
159627,1,210
159638,1,210
159755,1,210
160263,1,210
160353,1,210
160378,1,210
160391,1,210
160502,1,210
160566,1,210
160674,1,210
160683,1,210
160714,1,210
160754,1,210
160792,1,210
160820,1,210
160846,1,210
161029,1,210
161049,1,210
161590,1,210
161680,1,210
161879,1,210
161914,1,210
162288,1,210
162530,1,210
162577,1,210
162756,1,210
162894,1,210
163075,1,210
163245,1,210
163276,1,210
163295,1,210
163721,1,210
163886,1,210
164342,1,210
164362,1,210
164953,1,210
165045,1,210
165047,1,210
165119,1,210
165123,1,210
165128,1,210
165148,1,210
165153,1,210
165166,1,210
165303,1,210
165370,1,210
165402,1,210
165438,1,210
165442,1,210
165445,1,210
165551,1,210
165576,1,210
165611,1,210
165619,1,210
165669,1,210
165732,1,210
165798,1,210
165824,1,210
165880,1,210
165909,1,210
166157,1,210
166221,1,210
166241,1,210
166367,1,210
166402,1,210
166443,1,210
166748,1,210
166786,1,210
166860,1,210
166988,1,210
167030,1,210
167030,1,210
167062,1,210
167307,1,210
167382,1,210
167506,1,210
167509,1,210
167789,1,210
167800,1,210
167870,1,210
168018,1,210
168064,1,210
168261,1,210
168326,1,210
168450,1,210
168462,1,210
168547,1,210
168630,1,210
168677,1,210
168774,1,210
168873,1,210
169321,1,210
169596,1,210
169905,1,210
169914,1,210
170011,1,210
170034,1,210
170054,1,210
170125,1,210
170528,1,210
170582,1,210
170735,1,210
170748,1,210
170992,1,210
171120,1,210
171182,1,210
171196,1,210
171227,1,210
171252,1,210
171294,1,210
171445,1,210
171485,1,210
171665,1,210
172000,1,210
172104,1,210
172125,1,210
172343,1,210
172453,1,210
172514,1,210
172523,1,210
172545,1,210
172649,1,210
172669,1,210
173159,1,210
173191,1,210
173299,1,210
173377,1,210
173873,1,210
174105,1,210
174112,1,210
174259,1,210
174490,1,210
174543,1,210
174548,1,210
174969,1,210
175291,1,210
175580,1,210
175708,1,210
175929,1,210
176079,1,210
176287,1,210
176408,1,210
176424,1,210
176436,1,210
176530,1,210
176569,1,210
177004,1,210
177007,1,210
177074,1,210
177117,1,210
177185,1,210
177211,1,210
177214,1,210
177251,1,210
177261,1,210
177288,1,210
177295,1,210
177298,1,210
177337,1,210
177360,1,210
177366,1,210
177395,1,210
177455,1,210
177489,1,210
177522,1,210
177533,1,210
177697,1,210
177748,1,210
177759,1,210
177777,1,210
178036,1,210
178051,1,210
178180,1,210
178188,1,210
178290,1,210
178466,1,210
178623,1,210
178664,1,210
178822,1,210
179020,1,210
179036,1,210
179111,1,210
179287,1,210
179309,1,210
179313,1,210
179359,1,210
179403,1,210
179438,1,210
179588,1,210
179704,1,210
179765,1,210
179781,1,210
179811,1,210
180099,1,210
180100,1,210
180209,1,210
180309,1,210
180373,1,210
180400,1,210
180451,1,210
180595,1,210
182052,1,210
182080,1,210
182170,1,210
182214,1,210
182219,1,210
182235,1,210
182302,1,210
182354,1,210
182386,1,210
182416,1,210
182589,1,210
182610,1,210
182830,1,210
183126,1,210
183219,1,210
183247,1,210
183304,1,210
183504,1,210
183543,1,210
183562,1,210
183767,1,210
183787,1,210
184034,1,210
184075,1,210
184099,1,210
184100,1,210
184110,1,210
184120,1,210
184157,1,210
184340,1,210
184356,1,210
184393,1,210
184526,1,210
184551,1,210
184635,1,210
185062,1,210
185208,1,210
185368,1,210
185813,1,210
185819,1,210
186009,1,210
186062,1,210
186130,1,210
186206,1,210
186253,1,210
186257,1,210
186460,1,210
186517,1,210
186560,1,210
186564,1,210
186576,1,210
187192,1,210
187305,1,210
187334,1,210
187345,1,210
187747,1,210
187807,1,210
187989,1,210
188053,1,210
188099,1,210
188106,1,210
188107,1,210
188714,1,210
189012,1,210
189068,1,210
189077,1,210
189128,1,210
189139,1,210
189255,1,210
189353,1,210
189362,1,210
189396,1,210
189409,1,210
189446,1,210
189476,1,210
189593,1,210
189637,1,210
189648,1,210
189691,1,210
189712,1,210
189784,1,210
189939,1,210
189947,1,210
190014,1,210
190086,1,210
190149,1,210
190176,1,210
190185,1,210
190197,1,210
190338,1,210
190521,1,210
190737,1,210
190773,1,210
190855,1,210
191060,1,210
191251,1,210
191279,1,210
191314,1,210
191386,1,210
191507,1,210
191960,1,210
192037,1,210
192096,1,210
192117,1,210
192188,1,210
192273,1,210
192297,1,210
192351,1,210
192379,1,210
192402,1,210
192439,1,210
192495,1,210
192596,1,210
192678,1,210
192701,1,210
192747,1,210
193088,1,210
193173,1,210
193645,1,210
193773,1,210
193781,1,210
193818,1,210
193924,1,210
193966,1,210
194136,1,210
194255,1,210
194288,1,210
194461,1,210
194489,1,210
194549,1,210
194671,1,210
194773,1,210
194836,1,210
194850,1,210
194997,1,210
195131,1,210
195386,1,210
195412,1,210
195493,1,210
195591,1,210
195673,1,210
195714,1,210
195827,1,210
195854,1,210
196001,1,210
196022,1,210
196079,1,210
196096,1,210
196111,1,210
196142,1,210
196292,1,210
196587,1,210
196784,1,210
196911,1,210
197007,1,210
197020,1,210
197026,1,210
197067,1,210
197114,1,210
197176,1,210
197246,1,210
197259,1,210
197333,1,210
197634,1,210
198028,1,210
198237,1,210
198544,1,210
198565,1,210
198950,1,210
199015,1,210
199257,1,210
199263,1,210
199279,1,210
199525,1,210
199787,1,210
199855,1,210
200050,1,210
200073,1,210
200194,1,210
200223,1,210
200248,1,210
200298,1,210
200362,1,210
200415,1,210
201015,1,210
201016,1,210
201025,1,210
201037,1,210
201041,1,210
201161,1,210
201177,1,210
201246,1,210
201249,1,210
201325,1,210
201361,1,210
201431,1,210
201434,1,210
201464,1,210
201477,1,210
201525,1,210
201562,1,210
201578,1,210
201602,1,210
201612,1,210
201637,1,210
201671,1,210
201672,1,210
201673,1,210
201689,1,210
201743,1,210
201749,1,210
201778,1,210
201785,1,210
201836,1,210
201889,1,210
202035,1,210
202079,1,210
202137,1,210
202140,1,210
202204,1,210
202228,1,210
202390,1,210
202461,1,210
202601,1,210
202720,1,210
202793,1,210
202836,1,210
203150,1,210
203194,1,210
203289,1,210
203511,1,210
203584,1,210
203592,1,210
203734,1,210
203759,1,210
203888,1,210
203965,1,210
204053,1,210
204068,1,210
204149,1,210
204222,1,210
204228,1,210
204285,1,210
204467,1,210
204538,1,210
204547,1,210
204635,1,210
204649,1,210
204690,1,210
204765,1,210
204798,1,210
205168,1,210
205214,1,210
205290,1,210
205297,1,210
205349,1,210
205399,1,210
205544,1,210
205622,1,210
205676,1,210
205706,1,210
205727,1,210
206048,1,210
206183,1,210
206227,1,210
206285,1,210
206364,1,210
206456,1,210
206517,1,210
206614,1,210
206615,1,210
206634,1,210
206644,1,210
207082,1,210
207103,1,210
207320,1,210
207390,1,210
207409,1,210
207422,1,210
207425,1,210
207537,1,210
207740,1,210
207810,1,210
207815,1,210
207914,1,210
207971,1,210
208062,1,210
208067,1,210
208314,1,210
208320,1,210
208339,1,210
208396,1,210
208529,1,210
208604,1,210
208806,1,210
208906,1,210
209003,1,210
209143,1,210
209243,1,210
209355,1,210
209368,1,210
209408,1,210
209523,1,210
209795,1,210
210015,1,210
210044,1,210
210247,1,210
210484,1,210
210619,1,210
210628,1,210
210726,1,210
210824,1,210
210885,1,210
211351,1,210
211519,1,210
211624,1,210
211642,1,210
211706,1,210
211757,1,210
211915,1,210
211924,1,210
211937,1,210
212057,1,210
212101,1,210
212122,1,210
212135,1,210
212141,1,210
212265,1,210
212650,1,210
212720,1,210
212743,1,210
212797,1,210
212940,1,210
213074,1,210
213104,1,210
213184,1,210
213290,1,210
213313,1,210
213362,1,210
213435,1,210
213452,1,210
213458,1,210
213487,1,210
213493,1,210
213535,1,210
213562,1,210
213564,1,210
213570,1,210
213574,1,210
213579,1,210
213650,1,210
213666,1,210
213748,1,210
213783,1,210
213829,1,210
213851,1,210
213903,1,210
213927,1,210
213938,1,210
214011,1,210
214070,1,210
214161,1,210
214171,1,210
214261,1,210
214289,1,210
214303,1,210
214307,1,210
214540,1,210
214652,1,210
214725,1,210
214741,1,210
214792,1,210
214943,1,210
214943,1,210
214946,1,210
215028,1,210
215033,1,210
215044,1,210
215200,1,210
215295,1,210
215373,1,210
215383,1,210
215471,1,210
215519,1,210
215540,1,210
215627,1,210
215675,1,210
215676,1,210
215804,1,210
215961,1,210
215971,1,210
216054,1,210
216079,1,210
216101,1,210
216122,1,210
216142,1,210
216156,1,210
216208,1,210
216228,1,210
216263,1,210
216272,1,210
216303,1,210
216354,1,210
216409,1,210
217140,1,210
217263,1,210
217370,1,210
217442,1,210
217626,1,210
217778,1,210
217916,1,210
218001,1,210
218018,1,210
218071,1,210
218112,1,210
218218,1,210
218257,1,210
218273,1,210
218330,1,210
218344,1,210
218375,1,210
218544,1,210
218604,1,210
218649,1,210
218663,1,210
218753,1,210
218887,1,210
218908,1,210
218997,1,210
219446,1,210
219633,1,210
219862,1,210
220040,1,210
220082,1,210
220097,1,210
220114,1,210
220205,1,210
220259,1,210
220275,1,210
220301,1,210
220346,1,210
220400,1,210
220419,1,210
220433,1,210
220572,1,210
220595,1,210
220621,1,210
220643,1,210
220644,1,210
220737,1,210
220831,1,210
220837,1,210
220848,1,210
220890,1,210
220894,1,210
220908,1,210
220925,1,210
220929,1,210
221013,1,210
221087,1,210
221211,1,210
221251,1,210
221259,1,210
221285,1,210
221405,1,210
221617,1,210
221627,1,210
221680,1,210
221812,1,210
222011,1,210
222037,1,210
222066,1,210
222234,1,210
222343,1,210
222415,1,210
222466,1,210
222634,1,210
222731,1,210
222762,1,210
222923,1,210
222937,1,210
223006,1,210
223092,1,210
223104,1,210
223267,1,210
223284,1,210
223397,1,210
223513,1,210
223522,1,210
223532,1,210
223670,1,210
223695,1,210
223708,1,210
223721,1,210
223754,1,210
223759,1,210
224035,1,210
224066,1,210
224230,1,210
224246,1,210
224248,1,210
224291,1,210
224478,1,210
224540,1,210
224630,1,210
224856,1,210
224872,1,210
225002,1,210
225008,1,210
225032,1,210
225055,1,210
225071,1,210
225081,1,210
225088,1,210
225095,1,210
225135,1,210
225145,1,210
225176,1,210
225181,1,210
225224,1,210
225319,1,210
225353,1,210
225397,1,210
225465,1,210
225482,1,210
225487,1,210
225529,1,210
225530,1,210
225566,1,210
225643,1,210
225678,1,210
225731,1,210
225744,1,210
225765,1,210
225972,1,210
225986,1,210
226014,1,210
226022,1,210
226042,1,210
226049,1,210
226057,1,210
226066,1,210
226076,1,210
226084,1,210
226175,1,210
226177,1,210
226205,1,210
226223,1,210
226256,1,210
226264,1,210
226287,1,210
226291,1,210
226349,1,210
226404,1,210
226448,1,210
226524,1,210
226586,1,210
226632,1,210
226640,1,210
226673,1,210
226709,1,210
226717,1,210
226756,1,210
226773,1,210
226807,1,210
226850,1,210
226885,1,210
226896,1,210
227042,1,210
227045,1,210
227064,1,210
227101,1,210
227157,1,210
227166,1,210
227187,1,210
227227,1,210
227275,1,210
227302,1,210
227339,1,210
227398,1,210
227476,1,210
227552,1,210
227578,1,210
227640,1,210
227643,1,210
227660,1,210
227733,1,210
227748,1,210
227769,1,210
227775,1,210
227783,1,210
227820,1,210
227820,1,210
228051,1,210
228082,1,210
228147,1,210
228207,1,210
228216,1,210
228350,1,210
228396,1,210
228461,1,210
228516,1,210
228533,1,210
228649,1,210
228684,1,210
228690,1,210
228711,1,210
228832,1,210
228832,1,210
228864,1,210
228999,1,210
229000,1,210
229050,1,210
229059,1,210
229065,1,210
229075,1,210
229092,1,210
229107,1,210
229140,1,210
229157,1,210
229186,1,210
229258,1,210
229285,1,210
229294,1,210
229303,1,210
229321,1,210
229448,1,210
229485,1,210
229485,1,210
229604,1,210
229630,1,210
229641,1,210
229716,1,210
229787,1,210
229811,1,210
229910,1,210
229940,1,210
229941,1,210
229974,1,210
230020,1,210
230130,1,210
230172,1,210
230277,1,210
230488,1,210
230508,1,210
230516,1,210
230520,1,210
230569,1,210
230617,1,210
230679,1,210
230682,1,210
230818,1,210
230882,1,210
230893,1,210
230925,1,210
230943,1,210
231001,1,210
231046,1,210
231058,1,210
231065,1,210
231095,1,210
231105,1,210
231112,1,210
231113,1,210
231142,1,210
231147,1,210
231164,1,210
231174,1,210
231223,1,210
231223,1,210
231239,1,210
231281,1,210
231296,1,210
231339,1,210
231415,1,210
231441,1,210
231457,1,210
231479,1,210
231486,1,210
231488,1,210
231523,1,210
231538,1,210
231585,1,210
231640,1,210
231643,1,210
231737,1,210
231741,1,210
232048,1,210
232054,1,210
232165,1,210
232313,1,210
232324,1,210
232405,1,210
232594,1,210
232624,1,210
232716,1,210
232774,1,210
232882,1,210
232893,1,210
232905,1,210
232907,1,210
232927,1,210
233037,1,210
233097,1,210
233122,1,210
233127,1,210
233142,1,210
233174,1,210
233184,1,210
233195,1,210
233199,1,210
233215,1,210
233285,1,210
233298,1,210
233443,1,210
233450,1,210
233461,1,210
233469,1,210
233653,1,210
233706,1,210
233709,1,210
233755,1,210
233762,1,210
233808,1,210
233841,1,210
233932,1,210
233940,1,210
234002,1,210
234019,1,210
234031,1,210
234152,1,210
234201,1,210
234244,1,210
234248,1,210
234325,1,210
234352,1,210
234364,1,210
234452,1,210
234463,1,210
234470,1,210
234473,1,210
234476,1,210
234550,1,210
234600,1,210
234604,1,210
234645,1,210
235039,1,210
235052,1,210
235053,1,210
235112,1,210
235116,1,210
235128,1,210
235174,1,210
235289,1,210
235311,1,210
235330,1,210
235341,1,210
235346,1,210
235367,1,210
235409,1,210
235459,1,210
235464,1,210
235500,1,210
235664,1,210
235665,1,210
235676,1,210
235714,1,210
235729,1,210
236043,1,210
236075,1,210
236086,1,210
236090,1,210
236105,1,210
236247,1,210
236275,1,210
236292,1,210
236292,1,210
236302,1,210
236311,1,210
236387,1,210
236473,1,210
236532,1,210
236540,1,210
236584,1,210
236606,1,210
236625,1,210
236634,1,210
236663,1,210
236666,1,210
237076,1,210
237093,1,210
237110,1,210
237138,1,210
237162,1,210
237166,1,210
237169,1,210
237198,1,210
237252,1,210
237263,1,210
237266,1,210
237365,1,210
237409,1,210
237419,1,210
237440,1,210
237483,1,210
237484,1,210
237491,1,210
237571,1,210
237631,1,210
237636,1,210
237641,1,210
237645,1,210
237655,1,210
237656,1,210
237664,1,210
237673,1,210
237697,1,210
237698,1,210
237713,1,210
237748,1,210
237803,1,210
237876,1,210
237909,1,210
237964,1,210
238005,1,210
238021,1,210
238024,1,210
238024,1,210
238026,1,210
238031,1,210
238035,1,210
238039,1,210
238079,1,210
238126,1,210
238153,1,210
238211,1,210
238469,1,210
238524,1,210
238570,1,210
238580,1,210
238668,1,210
238690,1,210
238697,1,210
238794,1,210
238802,1,210
238824,1,210
238999,1,210
239000,1,210
239002,1,210
239021,1,210
239034,1,210
239039,1,210
239062,1,210
239072,1,210
239089,1,210
239124,1,210
239127,1,210
239150,1,210
239155,1,210
239178,1,210
239184,1,210
239197,1,210
239199,1,210
239223,1,210
239226,1,210
239244,1,210
239332,1,210
239473,1,210
239612,1,210
239630,1,210
239640,1,210
239641,1,210
239704,1,210
239717,1,210
239750,1,210
239823,1,210
239856,1,210
239861,1,210
239884,1,210
239887,1,210
239926,1,210
240000,1,210
240050,1,210
240110,1,210
240113,1,210
240127,1,210
240127,1,210
240127,1,210
240129,1,210
240228,1,210
240238,1,210
240277,1,210
240279,1,210
240303,1,210
240311,1,210
240357,1,210
240367,1,210
240435,1,210
240465,1,210
240578,1,210
240609,1,210
240614,1,210
240636,1,210
240643,1,210
240672,1,210
240736,1,210
240773,1,210
240790,1,210
240799,1,210
241005,1,210
241097,1,210
241110,1,210
241166,1,210
241201,1,210
241232,1,210
241251,1,210
241301,1,210
241459,1,210
241529,1,210
241604,1,210
241615,1,210
241615,1,210
241625,1,210
241710,1,210
241725,1,210
241756,1,210
241774,1,210
241896,1,210
241972,1,210
242004,1,210
242030,1,210
242040,1,210
242051,1,210
242055,1,210
242070,1,210
242088,1,210
242151,1,210
242157,1,210
242223,1,210
242439,1,210
242470,1,210
242512,1,210
242528,1,210
242530,1,210
242547,1,210
242552,1,210
242566,1,210
242568,1,210
242576,1,210
242607,1,210
242653,1,210
242688,1,210
242874,1,210
242905,1,210
242932,1,210
243025,1,210
243043,1,210
243072,1,210
243133,1,210
243155,1,210
243186,1,210
243195,1,210
243202,1,210
243232,1,210
243239,1,210
243276,1,210
243304,1,210
243341,1,210
243569,1,210
243569,1,210
243631,1,210
243865,1,210
243924,1,210
243974,1,210
243987,1,210
244002,1,210
244005,1,210
244063,1,210
244072,1,210
244073,1,210
244079,1,210
244101,1,210
244103,1,210
244130,1,210
244130,1,210
244136,1,210
244164,1,210
244241,1,210
244262,1,210
244298,1,210
244330,1,210
244357,1,210
244368,1,210
244399,1,210
244414,1,210
244502,1,210
244508,1,210
244522,1,210
244525,1,210
244537,1,210
244561,1,210
244576,1,210
244591,1,210
244685,1,210
244696,1,210
244716,1,210
244779,1,210
244818,1,210
244818,1,210
244956,1,210
245008,1,210
245064,1,210
245082,1,210
245143,1,210
245172,1,210
245225,1,210
245236,1,210
245396,1,210
245522,1,210
245558,1,210
245561,1,210
245663,1,210
245746,1,210
245870,1,210
245892,1,210
245898,1,210
245950,1,210
245979,1,210
246007,1,210
246067,1,210
246069,1,210
246071,1,210
246074,1,210
246095,1,210
246124,1,210
246164,1,210
246237,1,210
246255,1,210
246266,1,210
246282,1,210
246283,1,210
246284,1,210
246294,1,210
246328,1,210
246341,1,210
246358,1,210
246461,1,210
246521,1,210
246537,1,210
246576,1,210
246576,1,210
246615,1,210
246700,1,210
246829,1,210
247038,1,210
247047,1,210
247107,1,210
247112,1,210
247122,1,210
247136,1,210
247180,1,210
247183,1,210
247356,1,210
247374,1,210
247377,1,210
247424,1,210
247463,1,210
247525,1,210
247812,1,210
247814,1,210
247894,1,210
247928,1,210
247937,1,210
247965,1,210
248000,1,210
248081,1,210
248086,1,210
248138,1,210
248180,1,210
248220,1,210
248380,1,210
248446,1,210
248457,1,210
248553,1,210
248632,1,210
248711,1,210
248834,1,210
248877,1,210
248890,1,210
248932,1,210
248943,1,210
249030,1,210
249038,1,210
249043,1,210
249052,1,210
249088,1,210
249106,1,210
249126,1,210
249202,1,210
249294,1,210
249296,1,210
249348,1,210
249382,1,210
249443,1,210
249448,1,210
249493,1,210
249548,1,210
249580,1,210
249628,1,210
249638,1,210
249646,1,210
249669,1,210
249737,1,210
249746,1,210
249756,1,210
249803,1,210
249864,1,210
249887,1,210
249931,1,210
249943,1,210
249957,1,210
249968,1,210
249976,1,210
249980,1,210
250051,1,210
250067,1,210
250093,1,210
250127,1,210
250150,1,210
250178,1,210
250195,1,210
250271,1,210
250299,1,210
250400,1,210
250440,1,210
250551,1,210
250674,1,210
250695,1,210
250799,1,210
250822,1,210
250935,1,210
250957,1,210
251031,1,210
251125,1,210
251129,1,210
251134,1,210
251137,1,210
251142,1,210
251171,1,210
251180,1,210
251239,1,210
251240,1,210
251302,1,210
251344,1,210
251348,1,210
251440,1,210
251462,1,210
251489,1,210
251588,1,210
251599,1,210
251651,1,210
251741,1,210
251782,1,210
251950,1,210
252033,1,210
252101,1,210
252220,1,210
252385,1,210
252414,1,210
252431,1,210
252447,1,210
252494,1,210
252681,1,210
252743,1,210
252771,1,210
252773,1,210
252822,1,210
252828,1,210
252840,1,210
252849,1,210
252939,1,210
252945,1,210
252960,1,210
253010,1,210
253079,1,210
253097,1,210
253207,1,210
253207,1,210
253209,1,210
253214,1,210
253238,1,210
253262,1,210
253286,1,210
253453,1,210
253486,1,210
253530,1,210
253585,1,210
253607,1,210
253631,1,210
253822,1,210
253985,1,210
254000,1,210
254014,1,210
254047,1,210
254049,1,210
254063,1,210
254211,1,210
254222,1,210
254256,1,210
254303,1,210
254346,1,210
254476,1,210
254578,1,210
254641,1,210
254769,1,210
254779,1,210
254786,1,210
254791,1,210
254833,1,210
254880,1,210
254881,1,210
255112,1,210
255138,1,210
255164,1,210
255185,1,210
255204,1,210
255228,1,210
255253,1,210
255258,1,210
255330,1,210
255349,1,210
255416,1,210
255437,1,210
255481,1,210
255491,1,210
255582,1,210
255657,1,210
255783,1,210
255854,1,210
255887,1,210
255939,1,210
255942,1,210
256005,1,210
256020,1,210
256023,1,210
256032,1,210
256058,1,210
256078,1,210
256082,1,210
256106,1,210
256107,1,210
256139,1,210
256195,1,210
256243,1,210
256248,1,210
256388,1,210
256407,1,210
256486,1,210
256491,1,210
256667,1,210
256688,1,210
256707,1,210
256732,1,210
256740,1,210
256783,1,210
256879,1,210
256900,1,210
256927,1,210
256947,1,210
256964,1,210
257111,1,210
257117,1,210
257169,1,210
257223,1,210
257294,1,210
257309,1,210
257385,1,210
257386,1,210
257431,1,210
257437,1,210
257488,1,210
257544,1,210
257627,1,210
257722,1,210
257732,1,210
257754,1,210
257780,1,210
257813,1,210
258031,1,210
258081,1,210
258125,1,210
258183,1,210
258267,1,210
258279,1,210
258300,1,210
258343,1,210
258357,1,210
258360,1,210
258370,1,210
258440,1,210
258444,1,210
258478,1,210
258615,1,210
258672,1,210
258856,1,210
258858,1,210
258860,1,210
259006,1,210
259007,1,210
259009,1,210
259016,1,210
259173,1,210
259180,1,210
259193,1,210
259254,1,210
259254,1,210
259270,1,210
259345,1,210
259426,1,210
259464,1,210
259470,1,210
259723,1,210
259778,1,210
259797,1,210
259948,1,210
260031,1,210
260040,1,210
260056,1,210
260111,1,210
260164,1,210
260169,1,210
260171,1,210
260262,1,210
260287,1,210
260287,1,210
260407,1,210
260441,1,210
260445,1,210
260597,1,210
260697,1,210
260751,1,210
260777,1,210
261030,1,210
261032,1,210
261056,1,210
261095,1,210
261124,1,210
261301,1,210
261337,1,210
261407,1,210
261409,1,210
261460,1,210
261517,1,210
261558,1,210
261635,1,210
261656,1,210
261659,1,210
261701,1,210
261711,1,210
261722,1,210
261906,1,210
261963,1,210
261980,1,210
262005,1,210
262029,1,210
262058,1,210
262063,1,210
262147,1,210
262153,1,210
262187,1,210
262231,1,210
262240,1,210
262284,1,210
262307,1,210
262313,1,210
262316,1,210
262507,1,210
262658,1,210
262727,1,210
262843,1,210
262861,1,210
263088,1,210
263130,1,210
263450,1,210
263581,1,210
263698,1,210
264023,1,210
264052,1,210
264062,1,210
264074,1,210
264111,1,210
264116,1,210
264123,1,210
264124,1,210
264150,1,210
264179,1,210
264195,1,210
264201,1,210
264201,1,210
264214,1,210
264239,1,210
264259,1,210
264262,1,210
264319,1,210
264481,1,210
264517,1,210
264588,1,210
264766,1,210
264899,1,210
264927,1,210
264932,1,210
264966,1,210
265286,1,210
265461,1,210
265463,1,210
265589,1,210
266123,1,210
266204,1,210
266273,1,210
266283,1,210
266325,1,210
266332,1,210
266374,1,210
266389,1,210
266397,1,210
266520,1,210
266527,1,210
266586,1,210
266652,1,210
266754,1,210
266820,1,210
266850,1,210
266902,1,210
266942,1,210
267252,1,210
267268,1,210
267603,1,210
267605,1,210
267620,1,210
267794,1,210
267837,1,210
267910,1,210
268060,1,210
268099,1,210
268105,1,210
268149,1,210
268156,1,210
268323,1,210
268424,1,210
268588,1,210
268612,1,210
268659,1,210
268782,1,210
268942,1,210
269004,1,210
269100,1,210
269101,1,210
269119,1,210
269233,1,210
269241,1,210
269266,1,210
269291,1,210
269588,1,210
269593,1,210
270248,1,210
270305,1,210
270462,1,210
270501,1,210
270519,1,210
270527,1,210
270536,1,210
271078,1,210
271242,1,210
271264,1,210
271400,1,210
271436,1,210
271575,1,210
271979,1,210
272077,1,210
272089,1,210
272173,1,210
272310,1,210
272890,1,210
273134,1,210
273245,1,210
273298,1,210
273557,1,210
273561,1,210
273788,1,210
273793,1,210
274065,1,210
274107,1,210
274125,1,210
274130,1,210
274143,1,210
274148,1,210
274232,1,210
274319,1,210
274432,1,210
274658,1,210
275104,1,210
275205,1,210
275444,1,210
275786,1,210
275801,1,210
275830,1,210
275867,1,210
276031,1,210
276240,1,210
276687,1,210
276840,1,210
276934,1,210
277323,1,210
277472,1,210
277518,1,210
277840,1,210
277999,1,210
278090,1,210
278168,1,210
278436,1,210
278940,1,210
279011,1,210
279290,1,210
279384,1,210
279481,1,210
279639,1,210
280030,1,210
280495,1,210
280702,1,210
280853,1,210
281226,1,210
281354,1,210
281379,1,210
281561,1,210
281655,1,210
281881,1,210
282213,1,210
282227,1,210
282366,1,210
282707,1,210
282804,1,210
282873,1,210
282873,1,210
282978,1,210
283127,1,210
283389,1,210
283719,1,210
283723,1,210
283816,1,210
283822,1,210
284027,1,210
284041,1,210
284068,1,210
284076,1,210
284078,1,210
284141,1,210
284146,1,210
284204,1,210
284228,1,210
284314,1,210
284317,1,210
284339,1,210
284365,1,210
284381,1,210
284450,1,210
284475,1,210
284490,1,210
284529,1,210
284534,1,210
284549,1,210
284558,1,210
284710,1,210
284872,1,210
285214,1,210
285301,1,210
285309,1,210
285381,1,210
285707,1,210
285813,1,210
286016,1,210
286110,1,210
286148,1,210
286154,1,210
286229,1,210
286524,1,210
287094,1,210
287230,1,210
287562,1,210
287638,1,210
287889,1,210
288101,1,210
288228,1,210
288258,1,210
288277,1,210
288623,1,210
288627,1,210
288722,1,210
288723,1,210
289441,1,210
289897,1,210
290001,1,210
290004,1,210
290111,1,210
290442,1,210
290474,1,210
290479,1,210
290582,1,210
290790,1,210
291202,1,210
