139,1,158
167,1,158
179,1,158
298,1,158
314,1,158
751,1,158
786,1,158
802,1,158
819,1,158
1089,1,158
1370,1,158
1692,1,158
1953,1,158
2016,1,158
2021,1,158
2066,1,158
2337,1,158
2490,1,158
2548,1,158
2754,1,158
2856,1,158
3023,1,158
3238,1,158
3277,1,158
3420,1,158
3420,1,158
3525,1,158
3916,1,158
4073,1,158
4108,1,158
4176,1,158
4194,1,158
4267,1,158
4314,1,158
4358,1,158
4506,1,158
4582,1,158
4930,1,158
5009,1,158
5094,1,158
5406,1,158
5436,1,158
5466,1,158
5549,1,158
5553,1,158
6404,1,158
6430,1,158
6883,1,158
7070,1,158
7195,1,158
7237,1,158
7364,1,158
7369,1,158
7704,1,158
7792,1,158
7913,1,158
8162,1,158
8251,1,158
8282,1,158
8339,1,158
8676,1,158
9056,1,158
9101,1,158
9105,1,158
9173,1,158
9187,1,158
9267,1,158
9280,1,158
9304,1,158
9308,1,158
9484,1,158
9524,1,158
9544,1,158
9579,1,158
9590,1,158
9599,1,158
9647,1,158
9694,1,158
9825,1,158
10003,1,158
10068,1,158
10143,1,158
10304,1,158
10616,1,158
10704,1,158
10709,1,158
10766,1,158
10869,1,158
10991,1,158
11086,1,158
11092,1,158
11364,1,158
11367,1,158
11410,1,158
11495,1,158
11632,1,158
11684,1,158
11868,1,158
12276,1,158
12398,1,158
12407,1,158
12432,1,158
12526,1,158
12659,1,158
13013,1,158
13016,1,158
13094,1,158
13143,1,158
13743,1,158
13863,1,158
14013,1,158
14187,1,158
14318,1,158
14356,1,158
14431,1,158
14469,1,158
14512,1,158
14514,1,158
14581,1,158
14620,1,158
14679,1,158
14748,1,158
14852,1,158
14895,1,158
14959,1,158
15095,1,158
15284,1,158
15288,1,158
15342,1,158
15570,1,158
15770,1,158
16060,1,158
16166,1,158
16253,1,158
16280,1,158
16346,1,158
16453,1,158
16633,1,158
16830,1,158
16837,1,158
16983,1,158
17275,1,158
17934,1,158
18216,1,158
19176,1,158
19226,1,158
19452,1,158
19556,1,158
20236,1,158
20243,1,158
20361,1,158
20470,1,158
21045,1,158
21079,1,158
21096,1,158
21126,1,158
21185,1,158
21251,1,158
21255,1,158
21429,1,158
21478,1,158
21543,1,158
21683,1,158
21684,1,158
21869,1,158
21891,1,158
21927,1,158
21941,1,158
22001,1,158
22065,1,158
22157,1,158
22199,1,158
22209,1,158
22210,1,158
22279,1,158
22324,1,158
22351,1,158
22394,1,158
22428,1,158
22440,1,158
22442,1,158
22589,1,158
22708,1,158
22744,1,158
23057,1,158
23116,1,158
23396,1,158
23620,1,158
23733,1,158
23899,1,158
24009,1,158
24134,1,158
24159,1,158
24169,1,158
24258,1,158
24259,1,158
24412,1,158
24493,1,158
24509,1,158
24553,1,158
24581,1,158
25051,1,158
25186,1,158
25304,1,158
25318,1,158
25335,1,158
25347,1,158
25396,1,158
25425,1,158
25649,1,158
25739,1,158
25773,1,158
26244,1,158
26539,1,158
26618,1,158
27013,1,158
27041,1,158
27063,1,158
27072,1,158
27076,1,158
27144,1,158
27174,1,158
27251,1,158
27326,1,158
27459,1,158
27724,1,158
27860,1,158
27917,1,158
28032,1,158
28050,1,158
28235,1,158
28297,1,158
28365,1,158
28396,1,158
28771,1,158
29065,1,158
29078,1,158
29139,1,158
29215,1,158
29289,1,158
29301,1,158
29307,1,158
29368,1,158
29379,1,158
29500,1,158
29511,1,158
29749,1,158
29955,1,158
29967,1,158
30004,1,158
30063,1,158
30150,1,158
30178,1,158
30259,1,158
30368,1,158
31255,1,158
31255,1,158
31485,1,158
31503,1,158
31948,1,158
32122,1,158
32310,1,158
32337,1,158
32345,1,158
32397,1,158
32942,1,158
33052,1,158
33085,1,158
33134,1,158
33249,1,158
33278,1,158
33393,1,158
33433,1,158
33450,1,158
33496,1,158
33505,1,158
33562,1,158
33564,1,158
33569,1,158
33575,1,158
33585,1,158
33588,1,158
33629,1,158
33682,1,158
33691,1,158
33723,1,158
33920,1,158
33958,1,158
33998,1,158
34005,1,158
34007,1,158
34042,1,158
34051,1,158
34110,1,158
34195,1,158
34229,1,158
34234,1,158
34238,1,158
34245,1,158
34268,1,158
34361,1,158
34406,1,158
34447,1,158
34473,1,158
34501,1,158
34509,1,158
34625,1,158
34823,1,158
34853,1,158
34886,1,158
35025,1,158
35055,1,158
35097,1,158
35280,1,158
35408,1,158
35574,1,158
35763,1,158
35930,1,158
35932,1,158
36017,1,158
36113,1,158
36138,1,158
36193,1,158
36193,1,158
36194,1,158
36222,1,158
36284,1,158
36467,1,158
36490,1,158
36563,1,158
36673,1,158
36675,1,158
36776,1,158
36783,1,158
36873,1,158
36916,1,158
36933,1,158
36952,1,158
37152,1,158
37198,1,158
37204,1,158
37300,1,158
37359,1,158
37397,1,158
37418,1,158
37534,1,158
37658,1,158
38010,1,158
38012,1,158
38040,1,158
38080,1,158
38135,1,158
38217,1,158
38225,1,158
38269,1,158
38446,1,158
38558,1,158
38626,1,158
38648,1,158
38737,1,158
39148,1,158
39160,1,158
39247,1,158
39248,1,158
39317,1,158
39708,1,158
39809,1,158
39856,1,158
39897,1,158
40012,1,158
40024,1,158
40048,1,158
40058,1,158
40109,1,158
40134,1,158
40168,1,158
40174,1,158
40180,1,158
40346,1,158
40398,1,158
40520,1,158
40529,1,158
40557,1,158
40692,1,158
40694,1,158
40861,1,158
40909,1,158
40918,1,158
41089,1,158
41290,1,158
41372,1,158
41503,1,158
41531,1,158
41535,1,158
41703,1,158
41708,1,158
41712,1,158
41784,1,158
41790,1,158
41843,1,158
42063,1,158
42250,1,158
42463,1,158
42549,1,158
42550,1,158
42706,1,158
42755,1,158
42820,1,158
42950,1,158
43020,1,158
43030,1,158
43040,1,158
43045,1,158
43193,1,158
43345,1,158
43738,1,158
43759,1,158
43783,1,158
43982,1,158
43992,1,158
44029,1,158
44091,1,158
44210,1,158
44411,1,158
44420,1,158
44491,1,158
44519,1,158
44632,1,158
45025,1,158
45048,1,158
45049,1,158
45059,1,158
45104,1,158
45109,1,158
45109,1,158
45118,1,158
45173,1,158
45191,1,158
45195,1,158
45215,1,158
45238,1,158
45277,1,158
45280,1,158
45282,1,158
45360,1,158
45361,1,158
45374,1,158
45395,1,158
45404,1,158
45478,1,158
45533,1,158
45545,1,158
45562,1,158
45578,1,158
45587,1,158
45616,1,158
45617,1,158
45661,1,158
45704,1,158
45800,1,158
45818,1,158
45851,1,158
45874,1,158
45911,1,158
45938,1,158
46031,1,158
46035,1,158
46080,1,158
46105,1,158
46202,1,158
46269,1,158
46301,1,158
46345,1,158
46373,1,158
46440,1,158
46471,1,158
46489,1,158
46510,1,158
46530,1,158
46656,1,158
46680,1,158
46686,1,158
46716,1,158
46776,1,158
46823,1,158
46831,1,158
46866,1,158
46876,1,158
46934,1,158
46985,1,158
46997,1,158
47037,1,158
47044,1,158
47065,1,158
47086,1,158
47188,1,158
47200,1,158
47308,1,158
47321,1,158
47350,1,158
47381,1,158
47398,1,158
47400,1,158
47501,1,158
47555,1,158
47618,1,158
47647,1,158
47673,1,158
47718,1,158
47738,1,158
47785,1,158
47791,1,158
47791,1,158
47862,1,158
47891,1,158
47901,1,158
48002,1,158
48040,1,158
48059,1,158
48157,1,158
48176,1,158
48220,1,158
48229,1,158
48302,1,158
48331,1,158
48368,1,158
48514,1,158
48590,1,158
48626,1,158
48635,1,158
48662,1,158
48829,1,158
48831,1,158
48831,1,158
48859,1,158
48880,1,158
48918,1,158
48990,1,158
49007,1,158
49032,1,158
49037,1,158
49052,1,158
49074,1,158
49081,1,158
49193,1,158
49295,1,158
49298,1,158
49315,1,158
49498,1,158
49589,1,158
49708,1,158
49780,1,158
49791,1,158
49809,1,158
49898,1,158
49901,1,158
49903,1,158
49918,1,158
49936,1,158
49940,1,158
49962,1,158
49968,1,158
50004,1,158
50122,1,158
50136,1,158
50143,1,158
50195,1,158
50226,1,158
50228,1,158
50241,1,158
50324,1,158
50427,1,158
50473,1,158
50500,1,158
50588,1,158
50631,1,158
50634,1,158
50652,1,158
50660,1,158
50670,1,158
50697,1,158
50720,1,158
50760,1,158
50855,1,158
50870,1,158
50913,1,158
51028,1,158
51028,1,158
51039,1,158
51044,1,158
51126,1,158
51183,1,158
51211,1,158
51282,1,158
51340,1,158
51485,1,158
51505,1,158
51580,1,158
51604,1,158
51810,1,158
51881,1,158
51964,1,158
51975,1,158
52037,1,158
52051,1,158
52062,1,158
52087,1,158
52100,1,158
52116,1,158
52139,1,158
52169,1,158
52192,1,158
52195,1,158
52213,1,158
52217,1,158
52219,1,158
52274,1,158
52293,1,158
52339,1,158
52380,1,158
52411,1,158
52474,1,158
52510,1,158
52533,1,158
52560,1,158
52683,1,158
52795,1,158
52862,1,158
52974,1,158
53061,1,158
53078,1,158
53117,1,158
53123,1,158
53160,1,158
53164,1,158
53208,1,158
53237,1,158
53241,1,158
53242,1,158
53304,1,158
53311,1,158
53315,1,158
53315,1,158
53321,1,158
53338,1,158
53342,1,158
53345,1,158
53371,1,158
53440,1,158
53508,1,158
53528,1,158
53555,1,158
53617,1,158
53680,1,158
53693,1,158
53741,1,158
53861,1,158
54010,1,158
54065,1,158
54084,1,158
54092,1,158
54111,1,158
54120,1,158
54383,1,158
54401,1,158
54411,1,158
54473,1,158
54575,1,158
54631,1,158
54690,1,158
54711,1,158
54716,1,158
54738,1,158
54760,1,158
54766,1,158
54779,1,158
55055,1,158
55071,1,158
55149,1,158
55290,1,158
55328,1,158
55335,1,158
55358,1,158
55368,1,158
55459,1,158
55511,1,158
55522,1,158
55545,1,158
55549,1,158
55625,1,158
55636,1,158
55651,1,158
55666,1,158
55691,1,158
55705,1,158
55791,1,158
55823,1,158
55907,1,158
55946,1,158
55995,1,158
56000,1,158
56011,1,158
56035,1,158
56095,1,158
56125,1,158
56144,1,158
56187,1,158
56199,1,158
56249,1,158
56304,1,158
56305,1,158
56317,1,158
56344,1,158
56445,1,158
56451,1,158
56457,1,158
56480,1,158
56540,1,158
56608,1,158
56729,1,158
56829,1,158
56844,1,158
57007,1,158
57033,1,158
57038,1,158
57113,1,158
57159,1,158
57193,1,158
57194,1,158
57196,1,158
57303,1,158
57308,1,158
57324,1,158
57326,1,158
57343,1,158
57352,1,158
57358,1,158
57383,1,158
57385,1,158
57427,1,158
57429,1,158
57438,1,158
57445,1,158
57453,1,158
57530,1,158
57533,1,158
57566,1,158
57602,1,158
57606,1,158
57661,1,158
57668,1,158
57673,1,158
57682,1,158
57709,1,158
57739,1,158
57752,1,158
57784,1,158
57882,1,158
57919,1,158
57939,1,158
57947,1,158
58001,1,158
58006,1,158
58042,1,158
58052,1,158
58059,1,158
58075,1,158
58080,1,158
58090,1,158
58176,1,158
58187,1,158
58214,1,158
58250,1,158
58269,1,158
58297,1,158
58301,1,158
58359,1,158
58408,1,158
58409,1,158
58535,1,158
58540,1,158
58577,1,158
58584,1,158
58590,1,158
58599,1,158
58613,1,158
58641,1,158
58683,1,158
58685,1,158
58740,1,158
58760,1,158
58769,1,158
58823,1,158
58829,1,158
58844,1,158
58850,1,158
58901,1,158
58915,1,158
58927,1,158
59018,1,158
59084,1,158
59095,1,158
59200,1,158
59239,1,158
59251,1,158
59260,1,158
59286,1,158
59321,1,158
59356,1,158
59373,1,158
59424,1,158
59434,1,158
59462,1,158
59492,1,158
59493,1,158
59514,1,158
59522,1,158
59526,1,158
59546,1,158
59569,1,158
59579,1,158
59640,1,158
59684,1,158
59712,1,158
59737,1,158
59838,1,158
59880,1,158
59928,1,158
59976,1,158
60040,1,158
60047,1,158
60096,1,158
60134,1,158
60149,1,158
60174,1,158
60187,1,158
60236,1,158
60238,1,158
60249,1,158
60282,1,158
60293,1,158
60302,1,158
60320,1,158
60332,1,158
60367,1,158
60414,1,158
60437,1,158
60456,1,158
60461,1,158
60490,1,158
60548,1,158
60565,1,158
60583,1,158
60618,1,158
60626,1,158
60636,1,158
60647,1,158
60675,1,158
60692,1,158
60744,1,158
60753,1,158
61029,1,158
61041,1,158
61140,1,158
61268,1,158
61270,1,158
61274,1,158
61282,1,158
61297,1,158
61326,1,158
61328,1,158
61337,1,158
61351,1,158
61366,1,158
61369,1,158
61404,1,158
61409,1,158
61417,1,158
61427,1,158
61477,1,158
61487,1,158
61514,1,158
61539,1,158
61542,1,158
61587,1,158
61620,1,158
61652,1,158
61718,1,158
61725,1,158
61739,1,158
61745,1,158
61824,1,158
61829,1,158
62094,1,158
62114,1,158
62138,1,158
62157,1,158
62171,1,158
62182,1,158
62233,1,158
62322,1,158
62361,1,158
62370,1,158
62371,1,158
62381,1,158
62399,1,158
62418,1,158
62460,1,158
62466,1,158
62481,1,158
62485,1,158
62506,1,158
62513,1,158
62522,1,158
62525,1,158
62564,1,158
62571,1,158
62648,1,158
62701,1,158
62717,1,158
62722,1,158
62757,1,158
62807,1,158
62822,1,158
62899,1,158
63025,1,158
63033,1,158
63039,1,158
63045,1,158
63096,1,158
63107,1,158
63178,1,158
63211,1,158
63220,1,158
63338,1,158
63410,1,158
63411,1,158
63447,1,158
63490,1,158
63501,1,158
63507,1,158
63514,1,158
63540,1,158
63577,1,158
63581,1,158
63641,1,158
63710,1,158
63795,1,158
63933,1,158
63945,1,158
63947,1,158
63950,1,158
63982,1,158
64009,1,158
64014,1,158
64025,1,158
64026,1,158
64056,1,158
64070,1,158
64091,1,158
64091,1,158
64110,1,158
64112,1,158
64124,1,158
64139,1,158
64172,1,158
64180,1,158
64271,1,158
64294,1,158
64419,1,158
64424,1,158
64453,1,158
64507,1,158
64570,1,158
64653,1,158
64687,1,158
64728,1,158
64756,1,158
64758,1,158
64899,1,158
64958,1,158
64967,1,158
64967,1,158
65010,1,158
65052,1,158
65076,1,158
65090,1,158
65116,1,158
65127,1,158
65152,1,158
65162,1,158
65164,1,158
65175,1,158
65318,1,158
65320,1,158
65350,1,158
65377,1,158
65391,1,158
65399,1,158
65461,1,158
65461,1,158
65494,1,158
65504,1,158
65564,1,158
65568,1,158
65621,1,158
65672,1,158
65685,1,158
65688,1,158
65698,1,158
65714,1,158
65722,1,158
65747,1,158
65755,1,158
65797,1,158
65812,1,158
65813,1,158
65826,1,158
65935,1,158
66002,1,158
66018,1,158
66025,1,158
66043,1,158
66092,1,158
66137,1,158
66211,1,158
66215,1,158
66218,1,158
66229,1,158
66244,1,158
66263,1,158
66293,1,158
66306,1,158
66320,1,158
66358,1,158
66363,1,158
66368,1,158
66382,1,158
66396,1,158
66485,1,158
66496,1,158
66503,1,158
66613,1,158
66616,1,158
66663,1,158
66694,1,158
66694,1,158
66744,1,158
66818,1,158
66832,1,158
67004,1,158
67014,1,158
67069,1,158
67077,1,158
67096,1,158
67135,1,158
67167,1,158
67206,1,158
67219,1,158
67234,1,158
67241,1,158
67277,1,158
67284,1,158
67299,1,158
67321,1,158
67348,1,158
67412,1,158
67423,1,158
67428,1,158
67467,1,158
67552,1,158
67643,1,158
67672,1,158
67688,1,158
67698,1,158
67773,1,158
67791,1,158
67813,1,158
67817,1,158
67972,1,158
68070,1,158
68121,1,158
68172,1,158
68177,1,158
68238,1,158
68275,1,158
68291,1,158
68298,1,158
68331,1,158
68335,1,158
68370,1,158
68412,1,158
68440,1,158
68460,1,158
68480,1,158
68497,1,158
68548,1,158
68606,1,158
68612,1,158
68645,1,158
68651,1,158
68654,1,158
68729,1,158
68737,1,158
68779,1,158
68794,1,158
68825,1,158
68825,1,158
68889,1,158
68929,1,158
68981,1,158
69000,1,158
69000,1,158
69027,1,158
69031,1,158
69079,1,158
69096,1,158
69099,1,158
69112,1,158
69118,1,158
69125,1,158
69128,1,158
69154,1,158
69173,1,158
69181,1,158
69193,1,158
69194,1,158
69222,1,158
69241,1,158
69247,1,158
69263,1,158
69268,1,158
69322,1,158
69361,1,158
69419,1,158
69447,1,158
69449,1,158
69453,1,158
69461,1,158
69463,1,158
69477,1,158
69480,1,158
69487,1,158
69506,1,158
69516,1,158
69541,1,158
69550,1,158
69560,1,158
69604,1,158
69635,1,158
69670,1,158
69671,1,158
69675,1,158
69686,1,158
69687,1,158
69727,1,158
69739,1,158
69749,1,158
69760,1,158
69764,1,158
69767,1,158
69774,1,158
69781,1,158
69799,1,158
69822,1,158
69859,1,158
69885,1,158
69901,1,158
69913,1,158
69915,1,158
69931,1,158
69933,1,158
69945,1,158
70002,1,158
70004,1,158
70004,1,158
70029,1,158
70030,1,158
70040,1,158
70042,1,158
70088,1,158
70130,1,158
70139,1,158
70145,1,158
70149,1,158
70166,1,158
70174,1,158
70185,1,158
70207,1,158
70228,1,158
70230,1,158
70245,1,158
70286,1,158
70306,1,158
70344,1,158
70375,1,158
70378,1,158
70477,1,158
70511,1,158
70512,1,158
70515,1,158
70523,1,158
70529,1,158
70539,1,158
70631,1,158
70641,1,158
70671,1,158
70706,1,158
70724,1,158
70731,1,158
70761,1,158
70781,1,158
70838,1,158
70848,1,158
70875,1,158
70881,1,158
70905,1,158
70908,1,158
70919,1,158
70931,1,158
70938,1,158
71039,1,158
71056,1,158
71061,1,158
71083,1,158
71100,1,158
71132,1,158
71161,1,158
71173,1,158
71223,1,158
71227,1,158
71227,1,158
71248,1,158
71260,1,158
71316,1,158
71316,1,158
71321,1,158
71336,1,158
71368,1,158
71383,1,158
71389,1,158
71468,1,158
71482,1,158
71504,1,158
71513,1,158
71547,1,158
71560,1,158
71639,1,158
71667,1,158
71718,1,158
71750,1,158
71763,1,158
71816,1,158
71821,1,158
71865,1,158
71874,1,158
71957,1,158
72003,1,158
72016,1,158
72030,1,158
72036,1,158
72061,1,158
72071,1,158
72130,1,158
72138,1,158
72147,1,158
72151,1,158
72154,1,158
72199,1,158
72208,1,158
72231,1,158
72263,1,158
72266,1,158
72269,1,158
72292,1,158
72323,1,158
72326,1,158
72328,1,158
72329,1,158
72361,1,158
72374,1,158
72410,1,158
72418,1,158
72457,1,158
72470,1,158
72614,1,158
72635,1,158
72638,1,158
72643,1,158
72644,1,158
72650,1,158
72677,1,158
72681,1,158
72685,1,158
72694,1,158
72751,1,158
72776,1,158
72779,1,158
72797,1,158
72800,1,158
72820,1,158
72877,1,158
72912,1,158
72922,1,158
72923,1,158
72949,1,158
72968,1,158
72969,1,158
72989,1,158
72998,1,158
73000,1,158
73000,1,158
73003,1,158
73009,1,158
73010,1,158
73012,1,158
73016,1,158
73020,1,158
73037,1,158
73071,1,158
73087,1,158
73163,1,158
73195,1,158
73252,1,158
73260,1,158
73263,1,158
73279,1,158
73326,1,158
73330,1,158
73357,1,158
73361,1,158
73392,1,158
73394,1,158
73418,1,158
73477,1,158
73499,1,158
73541,1,158
73543,1,158
73547,1,158
73565,1,158
73631,1,158
73696,1,158
73706,1,158
73744,1,158
73746,1,158
73878,1,158
73890,1,158
73898,1,158
73947,1,158
73950,1,158
73974,1,158
73989,1,158
74016,1,158
74029,1,158
74043,1,158
74061,1,158
74061,1,158
74065,1,158
74065,1,158
74067,1,158
74080,1,158
74086,1,158
74090,1,158
74124,1,158
74126,1,158
74134,1,158
74160,1,158
74182,1,158
74231,1,158
74246,1,158
74250,1,158
74256,1,158
74274,1,158
74280,1,158
74283,1,158
74347,1,158
74370,1,158
74373,1,158
74375,1,158
74386,1,158
74443,1,158
74451,1,158
74465,1,158
74473,1,158
74482,1,158
74484,1,158
74495,1,158
74557,1,158
74578,1,158
74633,1,158
74663,1,158
74686,1,158
74687,1,158
74729,1,158
74732,1,158
74744,1,158
74747,1,158
74752,1,158
74759,1,158
74792,1,158
74802,1,158
74803,1,158
74832,1,158
75030,1,158
75039,1,158
75069,1,158
75071,1,158
75077,1,158
75133,1,158
75136,1,158
75145,1,158
75158,1,158
75164,1,158
75170,1,158
75175,1,158
75180,1,158
75204,1,158
75219,1,158
75223,1,158
75226,1,158
75232,1,158
75276,1,158
75324,1,158
75350,1,158
75354,1,158
75380,1,158
75410,1,158
75428,1,158
75445,1,158
75467,1,158
75479,1,158
75536,1,158
75547,1,158
75550,1,158
75569,1,158
75574,1,158
75617,1,158
75620,1,158
75632,1,158
75658,1,158
75659,1,158
75670,1,158
75683,1,158
75697,1,158
75716,1,158
75752,1,158
75759,1,158
75787,1,158
76004,1,158
76019,1,158
76039,1,158
76040,1,158
76040,1,158
76070,1,158
76097,1,158
76101,1,158
76126,1,158
76150,1,158
76185,1,158
76187,1,158
76189,1,158
76195,1,158
76201,1,158
76210,1,158
76211,1,158
76218,1,158
76223,1,158
76225,1,158
76240,1,158
76245,1,158
76281,1,158
76295,1,158
76348,1,158
76382,1,158
76400,1,158
76412,1,158
76413,1,158
76473,1,158
76488,1,158
76491,1,158
76510,1,158
76538,1,158
76568,1,158
76627,1,158
76687,1,158
76772,1,158
76778,1,158
76795,1,158
76800,1,158
76812,1,158
76831,1,158
76876,1,158
77061,1,158
77072,1,158
77090,1,158
77114,1,158
77170,1,158
77170,1,158
77173,1,158
77191,1,158
77240,1,158
77255,1,158
77256,1,158
77299,1,158
77341,1,158
77353,1,158
77369,1,158
77396,1,158
77399,1,158
77400,1,158
77402,1,158
77444,1,158
77459,1,158
77506,1,158
77525,1,158
77554,1,158
77591,1,158
77593,1,158
77640,1,158
77664,1,158
77686,1,158
77746,1,158
77766,1,158
77804,1,158
77807,1,158
77814,1,158
77818,1,158
77881,1,158
77884,1,158
77932,1,158
77946,1,158
77978,1,158
77984,1,158
77999,1,158
78046,1,158
78055,1,158
78060,1,158
78062,1,158
78092,1,158
78099,1,158
78115,1,158
78120,1,158
78138,1,158
78147,1,158
78153,1,158
78186,1,158
78186,1,158
78187,1,158
78233,1,158
78238,1,158
78248,1,158
78271,1,158
78340,1,158
78376,1,158
78402,1,158
78452,1,158
78468,1,158
78498,1,158
78511,1,158
78522,1,158
78524,1,158
78548,1,158
78549,1,158
78582,1,158
78623,1,158
78673,1,158
78674,1,158
78708,1,158
78740,1,158
78747,1,158
78757,1,158
78791,1,158
78815,1,158
78833,1,158
78846,1,158
78851,1,158
78858,1,158
78906,1,158
78913,1,158
78918,1,158
79007,1,158
79064,1,158
79114,1,158
79121,1,158
79187,1,158
79190,1,158
79255,1,158
79277,1,158
79293,1,158
79293,1,158
79349,1,158
79367,1,158
79390,1,158
79473,1,158
79487,1,158
79512,1,158
79582,1,158
79616,1,158
79628,1,158
79631,1,158
79632,1,158
79670,1,158
79727,1,158
79739,1,158
79786,1,158
79839,1,158
79850,1,158
79881,1,158
79959,1,158
79964,1,158
79964,1,158
79990,1,158
79993,1,158
80001,1,158
80003,1,158
80019,1,158
80023,1,158
80055,1,158
80059,1,158
80065,1,158
80070,1,158
80073,1,158
80073,1,158
80077,1,158
80093,1,158
80098,1,158
80105,1,158
80107,1,158
80137,1,158
80146,1,158
80148,1,158
80149,1,158
80214,1,158
80255,1,158
80335,1,158
80375,1,158
80384,1,158
80396,1,158
80409,1,158
80460,1,158
80474,1,158
80475,1,158
80476,1,158
80481,1,158
80482,1,158
80506,1,158
80627,1,158
80665,1,158
80678,1,158
80681,1,158
80698,1,158
80702,1,158
80709,1,158
80728,1,158
80729,1,158
80781,1,158
80791,1,158
80828,1,158
80830,1,158
80835,1,158
80843,1,158
80864,1,158
80867,1,158
80873,1,158
80901,1,158
81035,1,158
81037,1,158
81073,1,158
81078,1,158
81088,1,158
81117,1,158
81123,1,158
81129,1,158
81140,1,158
81142,1,158
81155,1,158
81162,1,158
81167,1,158
81219,1,158
81223,1,158
81232,1,158
81256,1,158
81295,1,158
81312,1,158
81313,1,158
81330,1,158
81334,1,158
81357,1,158
81360,1,158
81363,1,158
81404,1,158
81415,1,158
81417,1,158
81461,1,158
81473,1,158
81529,1,158
81535,1,158
81557,1,158
81566,1,158
81581,1,158
81611,1,158
81614,1,158
81649,1,158
81658,1,158
81667,1,158
81679,1,158
81705,1,158
81720,1,158
81730,1,158
81738,1,158
81740,1,158
81757,1,158
81768,1,158
81769,1,158
81780,1,158
81783,1,158
81784,1,158
81799,1,158
81822,1,158
81840,1,158
81854,1,158
81864,1,158
81876,1,158
81887,1,158
81889,1,158
81914,1,158
81934,1,158
82016,1,158
82019,1,158
82108,1,158
82112,1,158
82142,1,158
82177,1,158
82183,1,158
82209,1,158
82211,1,158
82253,1,158
82282,1,158
82289,1,158
82296,1,158
82338,1,158
82355,1,158
82371,1,158
82371,1,158
82398,1,158
82440,1,158
82479,1,158
82489,1,158
82511,1,158
82541,1,158
82559,1,158
82564,1,158
82596,1,158
82607,1,158
82659,1,158
82676,1,158
82701,1,158
82724,1,158
82742,1,158
82752,1,158
82752,1,158
82784,1,158
82785,1,158
82806,1,158
82818,1,158
82835,1,158
82854,1,158
82875,1,158
82910,1,158
82912,1,158
82953,1,158
82960,1,158
82964,1,158
82983,1,158
83016,1,158
83034,1,158
83036,1,158
83049,1,158
83051,1,158
83053,1,158
83074,1,158
83079,1,158
83107,1,158
83165,1,158
83198,1,158
83251,1,158
83267,1,158
83291,1,158
83332,1,158
83335,1,158
83347,1,158
83414,1,158
83437,1,158
83457,1,158
83471,1,158
83485,1,158
83491,1,158
83494,1,158
83496,1,158
83521,1,158
83541,1,158
83572,1,158
83576,1,158
83585,1,158
83608,1,158
83608,1,158
83626,1,158
83659,1,158
83675,1,158
83707,1,158
83711,1,158
83714,1,158
83770,1,158
83811,1,158
83819,1,158
83823,1,158
83830,1,158
83850,1,158
83855,1,158
83870,1,158
83876,1,158
83890,1,158
83895,1,158
83908,1,158
83925,1,158
83962,1,158
83966,1,158
83983,1,158
84013,1,158
84014,1,158
84035,1,158
84117,1,158
84151,1,158
84197,1,158
84199,1,158
84227,1,158
84256,1,158
84291,1,158
84292,1,158
84304,1,158
84367,1,158
84407,1,158
84433,1,158
84449,1,158
84468,1,158
84501,1,158
84514,1,158
84586,1,158
84618,1,158
84626,1,158
84630,1,158
84631,1,158
84636,1,158
84657,1,158
84672,1,158
84685,1,158
84718,1,158
84727,1,158
84741,1,158
84750,1,158
84769,1,158
84791,1,158
84866,1,158
84896,1,158
84897,1,158
84898,1,158
84906,1,158
84911,1,158
84914,1,158
84930,1,158
84996,1,158
85001,1,158
85004,1,158
85020,1,158
85022,1,158
85024,1,158
85032,1,158
85037,1,158
85042,1,158
85064,1,158
85075,1,158
85080,1,158
85082,1,158
85084,1,158
85086,1,158
85093,1,158
85099,1,158
85099,1,158
85101,1,158
85103,1,158
85104,1,158
85107,1,158
85132,1,158
85134,1,158
85146,1,158
85148,1,158
85149,1,158
85149,1,158
85166,1,158
85190,1,158
85203,1,158
85204,1,158
85218,1,158
85234,1,158
85241,1,158
85250,1,158
85262,1,158
85265,1,158
85293,1,158
85302,1,158
85322,1,158
85345,1,158
85363,1,158
85400,1,158
85429,1,158
85445,1,158
85458,1,158
85479,1,158
85483,1,158
85510,1,158
85536,1,158
85548,1,158
85596,1,158
85630,1,158
85649,1,158
85680,1,158
85690,1,158
86004,1,158
86019,1,158
86036,1,158
86065,1,158
86078,1,158
86101,1,158
86123,1,158
86125,1,158
86178,1,158
86192,1,158
86202,1,158
86217,1,158
86226,1,158
86248,1,158
86279,1,158
86292,1,158
86307,1,158
86324,1,158
86324,1,158
86352,1,158
86368,1,158
86375,1,158
86397,1,158
86416,1,158
86439,1,158
86456,1,158
86457,1,158
86491,1,158
86510,1,158
86553,1,158
86561,1,158
86625,1,158
86630,1,158
86630,1,158
86648,1,158
86664,1,158
86668,1,158
86687,1,158
86701,1,158
86717,1,158
86772,1,158
86782,1,158
86806,1,158
86824,1,158
86837,1,158
86845,1,158
86943,1,158
86965,1,158
86975,1,158
87022,1,158
87029,1,158
87072,1,158
87096,1,158
87138,1,158
87144,1,158
87166,1,158
87171,1,158
87177,1,158
87212,1,158
87216,1,158
87245,1,158
87254,1,158
87265,1,158
87281,1,158
87304,1,158
87336,1,158
87351,1,158
87358,1,158
87365,1,158
87383,1,158
87389,1,158
87423,1,158
87427,1,158
87430,1,158
87448,1,158
87471,1,158
87480,1,158
87492,1,158
87523,1,158
87533,1,158
87533,1,158
87540,1,158
87553,1,158
87556,1,158
87593,1,158
87648,1,158
87691,1,158
87717,1,158
87752,1,158
87770,1,158
87795,1,158
87846,1,158
87889,1,158
87945,1,158
87998,1,158
87999,1,158
88015,1,158
88056,1,158
88081,1,158
88090,1,158
88091,1,158
88098,1,158
88099,1,158
88104,1,158
88106,1,158
88116,1,158
88132,1,158
88137,1,158
88149,1,158
88236,1,158
88238,1,158
88247,1,158
88255,1,158
88257,1,158
88265,1,158
88270,1,158
88283,1,158
88287,1,158
88310,1,158
88316,1,158
88342,1,158
88344,1,158
88372,1,158
88375,1,158
88387,1,158
88398,1,158
88421,1,158
88453,1,158
88495,1,158
88511,1,158
88526,1,158
88544,1,158
88571,1,158
88595,1,158
88609,1,158
88641,1,158
88661,1,158
88667,1,158
88697,1,158
88768,1,158
88799,1,158
88810,1,158
88814,1,158
88827,1,158
88840,1,158
88843,1,158
88856,1,158
88856,1,158
88927,1,158
88934,1,158
89030,1,158
89042,1,158
89053,1,158
89070,1,158
89080,1,158
89094,1,158
89094,1,158
89108,1,158
89108,1,158
89112,1,158
89120,1,158
89141,1,158
89141,1,158
89163,1,158
89199,1,158
89200,1,158
89201,1,158
89242,1,158
89245,1,158
89303,1,158
89324,1,158
89335,1,158
89360,1,158
89380,1,158
89395,1,158
89423,1,158
89446,1,158
89451,1,158
89468,1,158
89483,1,158
89511,1,158
89591,1,158
89596,1,158
89625,1,158
89642,1,158
89656,1,158
89659,1,158
89669,1,158
89682,1,158
89687,1,158
89706,1,158
89721,1,158
89727,1,158
89729,1,158
89755,1,158
89773,1,158
89786,1,158
89798,1,158
89822,1,158
90007,1,158
90008,1,158
90016,1,158
90017,1,158
90056,1,158
90100,1,158
90102,1,158
90117,1,158
90181,1,158
90190,1,158
90210,1,158
90249,1,158
90254,1,158
90283,1,158
90312,1,158
90323,1,158
90346,1,158
90357,1,158
90361,1,158
90376,1,158
90384,1,158
90385,1,158
90409,1,158
90414,1,158
90416,1,158
90442,1,158
90452,1,158
90511,1,158
90521,1,158
90533,1,158
90537,1,158
90566,1,158
90586,1,158
90621,1,158
90639,1,158
90647,1,158
90665,1,158
90676,1,158
90749,1,158
90777,1,158
90787,1,158
90791,1,158
90793,1,158
90855,1,158
90871,1,158
90886,1,158
91006,1,158
91020,1,158
91048,1,158
91098,1,158
91099,1,158
91109,1,158
91154,1,158
91155,1,158
91164,1,158
91164,1,158
91171,1,158
91202,1,158
91238,1,158
91244,1,158
91256,1,158
91292,1,158
91300,1,158
91314,1,158
91339,1,158
91345,1,158
91373,1,158
91389,1,158
91392,1,158
91397,1,158
91400,1,158
91419,1,158
91426,1,158
91443,1,158
91447,1,158
91481,1,158
91521,1,158
91549,1,158
91555,1,158
91563,1,158
91615,1,158
91622,1,158
91689,1,158
91722,1,158
91729,1,158
91740,1,158
91773,1,158
91788,1,158
91832,1,158
91853,1,158
91873,1,158
91877,1,158
91879,1,158
91901,1,158
91914,1,158
92051,1,158
92105,1,158
92121,1,158
92149,1,158
92191,1,158
92264,1,158
92266,1,158
92280,1,158
92281,1,158
92291,1,158
92298,1,158
92347,1,158
92367,1,158
92383,1,158
92390,1,158
92395,1,158
92406,1,158
92461,1,158
92487,1,158
92487,1,158
92495,1,158
92513,1,158
92514,1,158
92526,1,158
92560,1,158
92590,1,158
92594,1,158
92623,1,158
92679,1,158
92685,1,158
92696,1,158
92729,1,158
92752,1,158
92754,1,158
92754,1,158
92760,1,158
92809,1,158
92823,1,158
92834,1,158
92840,1,158
92855,1,158
92903,1,158
92904,1,158
92915,1,158
92919,1,158
92921,1,158
92934,1,158
93030,1,158
93062,1,158
93065,1,158
93087,1,158
93090,1,158
93129,1,158
93131,1,158
93136,1,158
93162,1,158
93185,1,158
93187,1,158
93191,1,158
93193,1,158
93202,1,158
93212,1,158
93243,1,158
93252,1,158
93264,1,158
93278,1,158
93334,1,158
93338,1,158
93338,1,158
93352,1,158
93353,1,158
93356,1,158
93356,1,158
93358,1,158
93368,1,158
93396,1,158
93399,1,158
93406,1,158
93407,1,158
93422,1,158
93429,1,158
93436,1,158
93438,1,158
93440,1,158
93443,1,158
93482,1,158
93485,1,158
93516,1,158
93533,1,158
93553,1,158
93570,1,158
93574,1,158
93586,1,158
93597,1,158
93617,1,158
93633,1,158
93659,1,158
93670,1,158
93689,1,158
93692,1,158
93698,1,158
93707,1,158
93715,1,158
93718,1,158
93728,1,158
93731,1,158
93754,1,158
93828,1,158
93846,1,158
93849,1,158
93889,1,158
93889,1,158
93904,1,158
93916,1,158
93931,1,158
93932,1,158
93933,1,158
93935,1,158
93937,1,158
93941,1,158
93952,1,158
94000,1,158
94017,1,158
94022,1,158
94026,1,158
94039,1,158
94061,1,158
94063,1,158
94069,1,158
94104,1,158
94113,1,158
94115,1,158
94127,1,158
94163,1,158
94179,1,158
94211,1,158
94227,1,158
94228,1,158
94265,1,158
94282,1,158
94298,1,158
94319,1,158
94338,1,158
94353,1,158
94354,1,158
94367,1,158
94388,1,158
94422,1,158
94456,1,158
94475,1,158
94537,1,158
94616,1,158
94635,1,158
94651,1,158
94693,1,158
94705,1,158
94706,1,158
94714,1,158
94724,1,158
94755,1,158
94778,1,158
94800,1,158
94801,1,158
94807,1,158
94811,1,158
94830,1,158
94830,1,158
94831,1,158
94835,1,158
94842,1,158
94850,1,158
94856,1,158
94857,1,158
94871,1,158
94876,1,158
95025,1,158
95060,1,158
95062,1,158
95070,1,158
95072,1,158
95072,1,158
95096,1,158
95144,1,158
95162,1,158
95167,1,158
95175,1,158
95266,1,158
95268,1,158
95273,1,158
95278,1,158
95334,1,158
95409,1,158
95415,1,158
95442,1,158
95456,1,158
95466,1,158
95473,1,158
95476,1,158
95477,1,158
95547,1,158
95558,1,158
95694,1,158
95707,1,158
95728,1,158
95741,1,158
95779,1,158
95780,1,158
95790,1,158
95798,1,158
95807,1,158
95811,1,158
95828,1,158
95829,1,158
95843,1,158
95854,1,158
95896,1,158
95911,1,158
95916,1,158
95926,1,158
95970,1,158
95976,1,158
95991,1,158
95996,1,158
96019,1,158
96027,1,158
96051,1,158
96052,1,158
96060,1,158
96070,1,158
96096,1,158
96112,1,158
96128,1,158
96188,1,158
96206,1,158
96227,1,158
96234,1,158
96239,1,158
96267,1,158
96272,1,158
96284,1,158
96289,1,158
96309,1,158
96355,1,158
96356,1,158
96426,1,158
96449,1,158
96455,1,158
96458,1,158
96502,1,158
96520,1,158
96523,1,158
96547,1,158
96552,1,158
96597,1,158
96600,1,158
96603,1,158
96648,1,158
96665,1,158
96701,1,158
96722,1,158
96731,1,158
96744,1,158
96790,1,158
96798,1,158
96804,1,158
96811,1,158
96811,1,158
96906,1,158
96928,1,158
96976,1,158
97020,1,158
97024,1,158
97028,1,158
97028,1,158
97053,1,158
97059,1,158
97074,1,158
97081,1,158
97097,1,158
97107,1,158
97113,1,158
97119,1,158
97136,1,158
97162,1,158
97166,1,158
97169,1,158
97186,1,158
97196,1,158
97198,1,158
97205,1,158
97209,1,158
97214,1,158
97228,1,158
97231,1,158
97310,1,158
97316,1,158
97352,1,158
97352,1,158
97355,1,158
97376,1,158
97382,1,158
97399,1,158
97415,1,158
97461,1,158
97462,1,158
97546,1,158
97574,1,158
97578,1,158
97607,1,158
97638,1,158
97700,1,158
97706,1,158
97737,1,158
97759,1,158
97775,1,158
97786,1,158
97798,1,158
97802,1,158
97803,1,158
97819,1,158
97820,1,158
97827,1,158
97878,1,158
97892,1,158
97928,1,158
97952,1,158
97963,1,158
97971,1,158
97994,1,158
98015,1,158
98017,1,158
98075,1,158
98090,1,158
98092,1,158
98183,1,158
98188,1,158
98193,1,158
98221,1,158
98229,1,158
98231,1,158
98262,1,158
98296,1,158
98340,1,158
98344,1,158
98357,1,158
98365,1,158
98387,1,158
98388,1,158
98473,1,158
98482,1,158
98483,1,158
98488,1,158
98545,1,158
98637,1,158
98642,1,158
98657,1,158
98718,1,158
98719,1,158
98737,1,158
98742,1,158
98744,1,158
98755,1,158
98778,1,158
98787,1,158
98819,1,158
98824,1,158
98839,1,158
98841,1,158
98846,1,158
98866,1,158
98875,1,158
98894,1,158
98943,1,158
98947,1,158
98959,1,158
99006,1,158
99007,1,158
99027,1,158
99031,1,158
99047,1,158
99051,1,158
99067,1,158
99092,1,158
99107,1,158
99138,1,158
99139,1,158
99161,1,158
99179,1,158
99191,1,158
99233,1,158
99259,1,158
99264,1,158
99283,1,158
99286,1,158
99286,1,158
99297,1,158
99327,1,158
99336,1,158
99343,1,158
99345,1,158
99392,1,158
99405,1,158
99432,1,158
99486,1,158
99503,1,158
99515,1,158
99533,1,158
99556,1,158
99558,1,158
99563,1,158
99563,1,158
99599,1,158
99635,1,158
99651,1,158
99664,1,158
99671,1,158
99695,1,158
99703,1,158
99706,1,158
99708,1,158
99759,1,158
99921,1,158
99930,1,158
99933,1,158
99969,1,158
99971,1,158
100005,1,158
100030,1,158
100037,1,158
100038,1,158
100044,1,158
100047,1,158
100063,1,158
100081,1,158
100083,1,158
100151,1,158
100170,1,158
100184,1,158
100199,1,158
100213,1,158
100213,1,158
100250,1,158
100261,1,158
100278,1,158
100298,1,158
100315,1,158
100327,1,158
100341,1,158
100342,1,158
100356,1,158
100365,1,158
100369,1,158
100384,1,158
100440,1,158
100504,1,158
100526,1,158
100531,1,158
100544,1,158
100549,1,158
100593,1,158
100615,1,158
100621,1,158
100659,1,158
100668,1,158
100678,1,158
100685,1,158
100690,1,158
100698,1,158
100699,1,158
100716,1,158
100727,1,158
100769,1,158
100802,1,158
100806,1,158
100813,1,158
100844,1,158
100861,1,158
100863,1,158
101002,1,158
101009,1,158
101021,1,158
101054,1,158
101056,1,158
101083,1,158
101133,1,158
101161,1,158
101171,1,158
101223,1,158
101226,1,158
101228,1,158
101237,1,158
101305,1,158
101380,1,158
101400,1,158
101435,1,158
101513,1,158
101520,1,158
101525,1,158
101563,1,158
101564,1,158
101583,1,158
101628,1,158
101647,1,158
101723,1,158
101807,1,158
101814,1,158
101815,1,158
101859,1,158
101868,1,158
101884,1,158
101896,1,158
101933,1,158
101944,1,158
101951,1,158
102009,1,158
102010,1,158
102013,1,158
102014,1,158
102016,1,158
102034,1,158
102035,1,158
102074,1,158
102076,1,158
102083,1,158
102085,1,158
102103,1,158
102104,1,158
102114,1,158
102128,1,158
102241,1,158
102246,1,158
102248,1,158
102279,1,158
102290,1,158
102305,1,158
102307,1,158
102326,1,158
102327,1,158
102331,1,158
102367,1,158
102388,1,158
102421,1,158
102433,1,158
102445,1,158
102488,1,158
102509,1,158
102537,1,158
102539,1,158
102567,1,158
102574,1,158
102577,1,158
102643,1,158
102661,1,158
102668,1,158
102673,1,158
102692,1,158
102694,1,158
102728,1,158
102764,1,158
102765,1,158
102776,1,158
102783,1,158
102900,1,158
102924,1,158
102930,1,158
102963,1,158
102972,1,158
103004,1,158
103005,1,158
103016,1,158
103035,1,158
103042,1,158
103057,1,158
103078,1,158
103126,1,158
103136,1,158
103165,1,158
103184,1,158
103201,1,158
103219,1,158
103242,1,158
103242,1,158
103243,1,158
103271,1,158
103283,1,158
103287,1,158
103368,1,158
103409,1,158
103478,1,158
103508,1,158
103550,1,158
103562,1,158
103581,1,158
103595,1,158
103617,1,158
103635,1,158
103640,1,158
103642,1,158
103658,1,158
103732,1,158
103739,1,158
103751,1,158
103753,1,158
103799,1,158
103831,1,158
103928,1,158
103929,1,158
103938,1,158
103964,1,158
103981,1,158
103984,1,158
103988,1,158
103995,1,158
104028,1,158
104029,1,158
104089,1,158
104099,1,158
104130,1,158
104189,1,158
104215,1,158
104221,1,158
104239,1,158
104306,1,158
104307,1,158
104336,1,158
104338,1,158
104351,1,158
104360,1,158
104369,1,158
104372,1,158
104374,1,158
104376,1,158
104407,1,158
104446,1,158
104472,1,158
104483,1,158
104490,1,158
104492,1,158
104520,1,158
104581,1,158
104602,1,158
104615,1,158
104654,1,158
104665,1,158
104740,1,158
104788,1,158
104803,1,158
104838,1,158
104840,1,158
104853,1,158
104883,1,158
104888,1,158
104896,1,158
104917,1,158
104918,1,158
104922,1,158
105009,1,158
105011,1,158
105033,1,158
105074,1,158
105096,1,158
105096,1,158
105112,1,158
105138,1,158
105145,1,158
105175,1,158
105216,1,158
105223,1,158
105231,1,158
105259,1,158
105261,1,158
105262,1,158
105268,1,158
105271,1,158
105282,1,158
105283,1,158
105298,1,158
105298,1,158
105318,1,158
105325,1,158
105340,1,158
105344,1,158
105345,1,158
105366,1,158
105368,1,158
105385,1,158
105401,1,158
105407,1,158
105412,1,158
105437,1,158
105462,1,158
105502,1,158
105504,1,158
105522,1,158
105530,1,158
105552,1,158
105559,1,158
105572,1,158
105579,1,158
105587,1,158
105725,1,158
105738,1,158
105741,1,158
105774,1,158
105802,1,158
105810,1,158
105873,1,158
105898,1,158
105898,1,158
105907,1,158
106022,1,158
106026,1,158
106043,1,158
106059,1,158
106130,1,158
106139,1,158
106184,1,158
106188,1,158
106244,1,158
106248,1,158
106254,1,158
106264,1,158
106311,1,158
106322,1,158
106322,1,158
106326,1,158
106339,1,158
106391,1,158
106403,1,158
106424,1,158
106428,1,158
106448,1,158
106515,1,158
106522,1,158
106526,1,158
106575,1,158
106587,1,158
106670,1,158
106730,1,158
106875,1,158
106878,1,158
106908,1,158
106920,1,158
106933,1,158
106935,1,158
106942,1,158
106953,1,158
106968,1,158
106970,1,158
106975,1,158
106991,1,158
107008,1,158
107019,1,158
107042,1,158
107087,1,158
107104,1,158
107117,1,158
107165,1,158
107177,1,158
107177,1,158
107224,1,158
107262,1,158
107310,1,158
107331,1,158
107470,1,158
107499,1,158
107522,1,158
107524,1,158
107533,1,158
107597,1,158
107610,1,158
107682,1,158
107729,1,158
107741,1,158
107757,1,158
107770,1,158
107788,1,158
107846,1,158
107884,1,158
107906,1,158
107907,1,158
107970,1,158
108007,1,158
108012,1,158
108023,1,158
108061,1,158
108064,1,158
108069,1,158
108072,1,158
108106,1,158
108115,1,158
108127,1,158
108170,1,158
108184,1,158
108207,1,158
108214,1,158
108219,1,158
108254,1,158
108265,1,158
108281,1,158
108297,1,158
108356,1,158
108582,1,158
108614,1,158
108620,1,158
108621,1,158
108686,1,158
108765,1,158
108847,1,158
108850,1,158
108895,1,158
108901,1,158
108927,1,158
108941,1,158
108950,1,158
108973,1,158
109002,1,158
109005,1,158
109016,1,158
109017,1,158
109039,1,158
109057,1,158
109067,1,158
109070,1,158
109075,1,158
109087,1,158
109092,1,158
109096,1,158
109102,1,158
109107,1,158
109120,1,158
109123,1,158
109125,1,158
109129,1,158
109143,1,158
109150,1,158
109151,1,158
109158,1,158
109203,1,158
109223,1,158
109252,1,158
109282,1,158
109336,1,158
109340,1,158
109345,1,158
109367,1,158
109369,1,158
109433,1,158
109466,1,158
109466,1,158
109514,1,158
109542,1,158
109549,1,158
109623,1,158
109632,1,158
109636,1,158
109659,1,158
109669,1,158
109715,1,158
109725,1,158
109747,1,158
109764,1,158
109798,1,158
110028,1,158
110046,1,158
110101,1,158
110108,1,158
110162,1,158
110164,1,158
110183,1,158
110189,1,158
110198,1,158
110224,1,158
110225,1,158
110250,1,158
110254,1,158
110264,1,158
110312,1,158
110313,1,158
110333,1,158
110359,1,158
110370,1,158
110391,1,158
110407,1,158
110438,1,158
110466,1,158
110479,1,158
110492,1,158
110534,1,158
110640,1,158
110689,1,158
110723,1,158
110750,1,158
110769,1,158
110784,1,158
110816,1,158
110819,1,158
110820,1,158
110827,1,158
110857,1,158
110873,1,158
110882,1,158
111006,1,158
111046,1,158
111063,1,158
111093,1,158
111100,1,158
111125,1,158
111158,1,158
111193,1,158
111252,1,158
111262,1,158
111270,1,158
111283,1,158
111311,1,158
111318,1,158
111324,1,158
111336,1,158
111352,1,158
111399,1,158
111405,1,158
111420,1,158
111421,1,158
111447,1,158
111473,1,158
111508,1,158
111510,1,158
111528,1,158
111528,1,158
111571,1,158
111578,1,158
111580,1,158
111580,1,158
111637,1,158
111653,1,158
111695,1,158
111762,1,158
111763,1,158
111779,1,158
111803,1,158
111819,1,158
112056,1,158
112068,1,158
112076,1,158
112105,1,158
112124,1,158
112151,1,158
112161,1,158
112162,1,158
112188,1,158
112253,1,158
112254,1,158
112261,1,158
112346,1,158
112371,1,158
112383,1,158
112390,1,158
112432,1,158
112460,1,158
112461,1,158
112478,1,158
112512,1,158
112512,1,158
112534,1,158
112675,1,158
112677,1,158
112724,1,158
112744,1,158
112754,1,158
112783,1,158
112845,1,158
112903,1,158
112904,1,158
112931,1,158
112933,1,158
112939,1,158
112995,1,158
113011,1,158
113046,1,158
113052,1,158
113061,1,158
113081,1,158
113110,1,158
113177,1,158
113181,1,158
113196,1,158
113198,1,158
113229,1,158
113339,1,158
113398,1,158
113416,1,158
113440,1,158
113502,1,158
113544,1,158
113547,1,158
113558,1,158
113591,1,158
113603,1,158
113640,1,158
113669,1,158
113683,1,158
113683,1,158
113688,1,158
113703,1,158
113737,1,158
113755,1,158
113837,1,158
113926,1,158
113926,1,158
114010,1,158
114011,1,158
114030,1,158
114037,1,158
114055,1,158
114060,1,158
114079,1,158
114101,1,158
114102,1,158
114102,1,158
114149,1,158
114158,1,158
114173,1,158
114185,1,158
114204,1,158
114216,1,158
114237,1,158
114239,1,158
114285,1,158
114341,1,158
114363,1,158
114383,1,158
114437,1,158
114447,1,158
114468,1,158
114469,1,158
114475,1,158
114523,1,158
114527,1,158
114538,1,158
114548,1,158
114654,1,158
114812,1,158
114841,1,158
114907,1,158
114950,1,158
115008,1,158
115016,1,158
115019,1,158
115053,1,158
115060,1,158
115061,1,158
115109,1,158
115131,1,158
115168,1,158
115170,1,158
115195,1,158
115201,1,158
115213,1,158
115225,1,158
115242,1,158
115242,1,158
115267,1,158
115313,1,158
115603,1,158
115612,1,158
115619,1,158
115627,1,158
115694,1,158
115697,1,158
115707,1,158
115796,1,158
115797,1,158
115820,1,158
115848,1,158
115915,1,158
116015,1,158
116018,1,158
116023,1,158
116038,1,158
116071,1,158
116080,1,158
116096,1,158
116101,1,158
116101,1,158
116113,1,158
116121,1,158
116134,1,158
116159,1,158
116178,1,158
116195,1,158
116212,1,158
116248,1,158
116266,1,158
116274,1,158
116306,1,158
116323,1,158
116337,1,158
116341,1,158
116352,1,158
116355,1,158
116361,1,158
116385,1,158
116389,1,158
116410,1,158
116464,1,158
116501,1,158
116505,1,158
116511,1,158
116513,1,158
116524,1,158
116536,1,158
116542,1,158
116566,1,158
116598,1,158
116603,1,158
116604,1,158
116690,1,158
116696,1,158
116704,1,158
117005,1,158
117014,1,158
117029,1,158
117053,1,158
117061,1,158
117126,1,158
117180,1,158
117190,1,158
117203,1,158
117272,1,158
117276,1,158
117337,1,158
117340,1,158
117345,1,158
117361,1,158
117372,1,158
117444,1,158
117522,1,158
117542,1,158
117547,1,158
117557,1,158
117582,1,158
117602,1,158
117623,1,158
117652,1,158
117692,1,158
117708,1,158
117733,1,158
117739,1,158
117758,1,158
117758,1,158
117780,1,158
117803,1,158
117869,1,158
117882,1,158
117918,1,158
117982,1,158
117995,1,158
118008,1,158
118084,1,158
118118,1,158
118124,1,158
118153,1,158
118170,1,158
118215,1,158
118223,1,158
118229,1,158
118266,1,158
118282,1,158
118340,1,158
118387,1,158
118495,1,158
118511,1,158
118520,1,158
118535,1,158
118552,1,158
118584,1,158
118750,1,158
118786,1,158
118838,1,158
118910,1,158
118937,1,158
118969,1,158
118979,1,158
119011,1,158
119035,1,158
119058,1,158
119074,1,158
119122,1,158
119152,1,158
119153,1,158
119194,1,158
119200,1,158
119218,1,158
119363,1,158
119439,1,158
119446,1,158
119591,1,158
119633,1,158
119643,1,158
119647,1,158
119801,1,158
119803,1,158
119830,1,158
119870,1,158
119881,1,158
119938,1,158
119983,1,158
120005,1,158
120008,1,158
120020,1,158
120041,1,158
120075,1,158
120087,1,158
120092,1,158
120093,1,158
120103,1,158
120109,1,158
120119,1,158
120127,1,158
120150,1,158
120167,1,158
120180,1,158
120198,1,158
120201,1,158
120208,1,158
120233,1,158
120294,1,158
120407,1,158
120409,1,158
120410,1,158
120413,1,158
120416,1,158
120520,1,158
120521,1,158
120609,1,158
120825,1,158
120932,1,158
120959,1,158
121009,1,158
121037,1,158
121048,1,158
121225,1,158
121264,1,158
121308,1,158
121342,1,158
121363,1,158
121385,1,158
121435,1,158
121485,1,158
121492,1,158
121497,1,158
121525,1,158
121571,1,158
121577,1,158
121602,1,158
121660,1,158
121677,1,158
121700,1,158
121742,1,158
121750,1,158
121771,1,158
121787,1,158
121841,1,158
121892,1,158
122007,1,158
122088,1,158
122119,1,158
122123,1,158
122124,1,158
122184,1,158
122185,1,158
122210,1,158
122234,1,158
122235,1,158
122258,1,158
122275,1,158
122278,1,158
122376,1,158
122407,1,158
122418,1,158
122424,1,158
122428,1,158
122526,1,158
122565,1,158
122610,1,158
122663,1,158
122757,1,158
122797,1,158
122835,1,158
122838,1,158
123171,1,158
123189,1,158
123272,1,158
123299,1,158
123351,1,158
123378,1,158
123388,1,158
123398,1,158
123428,1,158
123461,1,158
123487,1,158
123583,1,158
123593,1,158
123728,1,158
123758,1,158
123816,1,158
123909,1,158
123914,1,158
123917,1,158
123950,1,158
123966,1,158
123973,1,158
123986,1,158
124051,1,158
124069,1,158
124100,1,158
124134,1,158
124148,1,158
124171,1,158
124224,1,158
124228,1,158
124384,1,158
124401,1,158
124425,1,158
124449,1,158
124459,1,158
124628,1,158
124640,1,158
124642,1,158
124688,1,158
124692,1,158
124692,1,158
124808,1,158
124928,1,158
124931,1,158
124977,1,158
124979,1,158
125012,1,158
125059,1,158
125078,1,158
125078,1,158
125097,1,158
125117,1,158
125160,1,158
125238,1,158
125253,1,158
125290,1,158
125330,1,158
125345,1,158
125397,1,158
125429,1,158
125503,1,158
125526,1,158
125535,1,158
125614,1,158
125642,1,158
125664,1,158
125706,1,158
125826,1,158
125837,1,158
125865,1,158
125878,1,158
126081,1,158
126171,1,158
126346,1,158
126425,1,158
126466,1,158
126638,1,158
126641,1,158
126703,1,158
126704,1,158
126711,1,158
126719,1,158
126809,1,158
126841,1,158
126848,1,158
126884,1,158
126959,1,158
126966,1,158
126999,1,158
127048,1,158
127051,1,158
127051,1,158
127059,1,158
127098,1,158
127104,1,158
127170,1,158
127172,1,158
127212,1,158
127224,1,158
127259,1,158
127270,1,158
127270,1,158
127282,1,158
127368,1,158
127377,1,158
127390,1,158
127404,1,158
127520,1,158
127613,1,158
127752,1,158
127840,1,158
127987,1,158
128021,1,158
128122,1,158
128140,1,158
128169,1,158
128207,1,158
128213,1,158
128246,1,158
128260,1,158
128301,1,158
128313,1,158
128347,1,158
128432,1,158
128537,1,158
128678,1,158
128760,1,158
128799,1,158
128819,1,158
128871,1,158
129030,1,158
129088,1,158
129162,1,158
129180,1,158
129183,1,158
129184,1,158
129224,1,158
129232,1,158
129237,1,158
129249,1,158
129292,1,158
129297,1,158
129321,1,158
129349,1,158
129360,1,158
129374,1,158
129451,1,158
129497,1,158
129523,1,158
129582,1,158
129638,1,158
129690,1,158
129744,1,158
129788,1,158
129869,1,158
129894,1,158
129896,1,158
129904,1,158
129905,1,158
129964,1,158
130001,1,158
130022,1,158
130026,1,158
130044,1,158
130056,1,158
130072,1,158
130081,1,158
130093,1,158
130204,1,158
130209,1,158
130367,1,158
130439,1,158
130457,1,158
130580,1,158
130658,1,158
130782,1,158
130795,1,158
130835,1,158
130869,1,158
130878,1,158
130898,1,158
130898,1,158
130899,1,158
130910,1,158
130931,1,158
131027,1,158
131049,1,158
131200,1,158
131222,1,158
131245,1,158
131255,1,158
131291,1,158
131297,1,158
131319,1,158
131400,1,158
131404,1,158
131414,1,158
131552,1,158
131557,1,158
131569,1,158
131622,1,158
131626,1,158
131648,1,158
131671,1,158
132010,1,158
132054,1,158
132058,1,158
132073,1,158
132113,1,158
132143,1,158
132144,1,158
132149,1,158
132189,1,158
132295,1,158
132417,1,158
132498,1,158
132567,1,158
132595,1,158
132596,1,158
132619,1,158
132628,1,158
132772,1,158
133032,1,158
133123,1,158
133138,1,158
133242,1,158
133253,1,158
133275,1,158
133324,1,158
133368,1,158
133530,1,158
133573,1,158
133576,1,158
133603,1,158
133706,1,158
133857,1,158
134074,1,158
134216,1,158
134364,1,158
134382,1,158
134400,1,158
134411,1,158
134536,1,158
134613,1,158
134907,1,158
134911,1,158
134952,1,158
135007,1,158
135019,1,158
135086,1,158
135105,1,158
135105,1,158
135133,1,158
135133,1,158
135146,1,158
135191,1,158
135215,1,158
135254,1,158
135268,1,158
135282,1,158
135293,1,158
135300,1,158
135303,1,158
135317,1,158
135371,1,158
135404,1,158
135448,1,158
136001,1,158
136032,1,158
136075,1,158
136115,1,158
136180,1,158
136215,1,158
136338,1,158
136342,1,158
136446,1,158
136457,1,158
136461,1,158
136474,1,158
136525,1,158
136587,1,158
136635,1,158
136712,1,158
136713,1,158
137022,1,158
137071,1,158
137159,1,158
137248,1,158
137264,1,158
137324,1,158
137348,1,158
137375,1,158
137395,1,158
137414,1,158
137434,1,158
137508,1,158
137562,1,158
137653,1,158
137835,1,158
138021,1,158
138147,1,158
138298,1,158
138523,1,158
138596,1,158
138626,1,158
138696,1,158
138722,1,158
138760,1,158
138775,1,158
138776,1,158
138785,1,158
138793,1,158
138894,1,158
138903,1,158
139015,1,158
139020,1,158
139186,1,158
139249,1,158
139334,1,158
139472,1,158
139568,1,158
139576,1,158
139659,1,158
139698,1,158
139727,1,158
139731,1,158
139835,1,158
139885,1,158
139906,1,158
139913,1,158
140132,1,158
140133,1,158
140233,1,158
140279,1,158
140312,1,158
140338,1,158
140482,1,158
140883,1,158
140900,1,158
141033,1,158
141096,1,158
141101,1,158
141138,1,158
141156,1,158
141168,1,158
141238,1,158
141268,1,158
141419,1,158
141435,1,158
141536,1,158
141539,1,158
141544,1,158
141709,1,158
141742,1,158
141747,1,158
141870,1,158
141931,1,158
142045,1,158
142091,1,158
142123,1,158
142129,1,158
142138,1,158
142544,1,158
142591,1,158
142701,1,158
142785,1,158
142839,1,158
142938,1,158
142982,1,158
143017,1,158
143147,1,158
143198,1,158
143252,1,158
143355,1,158
143442,1,158
143481,1,158
143706,1,158
143793,1,158
143816,1,158
143852,1,158
143898,1,158
144154,1,158
144211,1,158
144312,1,158
144454,1,158
144528,1,158
144629,1,158
144650,1,158
144898,1,158
145036,1,158
145073,1,158
145150,1,158
145213,1,158
145255,1,158
145340,1,158
145443,1,158
145495,1,158
145717,1,158
145830,1,158
145882,1,158
145969,1,158
146110,1,158
146141,1,158
146158,1,158
146228,1,158
146253,1,158
146273,1,158
146288,1,158
146295,1,158
146338,1,158
146391,1,158
146727,1,158
146812,1,158
146893,1,158
147008,1,158
147020,1,158
147051,1,158
147066,1,158
147114,1,158
147275,1,158
147299,1,158
147427,1,158
147659,1,158
147779,1,158
147871,1,158
148028,1,158
148052,1,158
148170,1,158
148220,1,158
148310,1,158
148373,1,158
148387,1,158
148468,1,158
148682,1,158
148789,1,158
148869,1,158
148932,1,158
148960,1,158
149015,1,158
149016,1,158
149091,1,158
149139,1,158
149208,1,158
149230,1,158
149278,1,158
149771,1,158
150007,1,158
150070,1,158
150118,1,158
150211,1,158
150230,1,158
150302,1,158
150409,1,158
150506,1,158
151039,1,158
151211,1,158
151418,1,158
151710,1,158
151763,1,158
151870,1,158
151874,1,158
151883,1,158
151932,1,158
152480,1,158
152627,1,158
152881,1,158
153100,1,158
153109,1,158
153226,1,158
153231,1,158
153257,1,158
153308,1,158
153472,1,158
153482,1,158
153483,1,158
153542,1,158
153568,1,158
153582,1,158
153647,1,158
153694,1,158
153712,1,158
153734,1,158
153773,1,158
154001,1,158
154080,1,158
154161,1,158
154245,1,158
154263,1,158
154266,1,158
154363,1,158
154435,1,158
154518,1,158
154591,1,158
154629,1,158
154699,1,158
155129,1,158
155282,1,158
155371,1,158
155441,1,158
155501,1,158
155736,1,158
155906,1,158
156032,1,158
156083,1,158
156121,1,158
156657,1,158
156683,1,158
156711,1,158
156730,1,158
156757,1,158
156816,1,158
157201,1,158
157382,1,158
157409,1,158
157442,1,158
157463,1,158
158203,1,158
158223,1,158
158396,1,158
158436,1,158
158571,1,158
158683,1,158
158729,1,158
158738,1,158
159016,1,158
159046,1,158
159076,1,158
159092,1,158
159209,1,158
159280,1,158
159294,1,158
159315,1,158
159477,1,158
160043,1,158
160179,1,158
160274,1,158
160393,1,158
160411,1,158
160427,1,158
160753,1,158
160822,1,158
160828,1,158
160865,1,158
160886,1,158
161071,1,158
161085,1,158
161105,1,158
161178,1,158
161192,1,158
162718,1,158
162915,1,158
163121,1,158
163127,1,158
163746,1,158
163759,1,158
163825,1,158
163975,1,158
164110,1,158
164171,1,158
164187,1,158
164433,1,158
164545,1,158
164704,1,158
165024,1,158
165100,1,158
165120,1,158
165134,1,158
165154,1,158
165368,1,158
165375,1,158
165434,1,158
165444,1,158
165497,1,158
165519,1,158
165626,1,158
165727,1,158
165742,1,158
165743,1,158
165981,1,158
166016,1,158
166043,1,158
166053,1,158
166053,1,158
166154,1,158
166156,1,158
166532,1,158
166855,1,158
167053,1,158
167123,1,158
167179,1,158
167215,1,158
167260,1,158
167263,1,158
167274,1,158
167276,1,158
167292,1,158
167323,1,158
167545,1,158
167767,1,158
168080,1,158
168204,1,158
168232,1,158
168242,1,158
168524,1,158
168535,1,158
168552,1,158
168690,1,158
169057,1,158
169256,1,158
169587,1,158
169687,1,158
170133,1,158
170423,1,158
170538,1,158
170589,1,158
170626,1,158
170827,1,158
171003,1,158
171019,1,158
171375,1,158
171686,1,158
171951,1,158
172097,1,158
172119,1,158
172231,1,158
172575,1,158
172630,1,158
172674,1,158
172788,1,158
172820,1,158
172878,1,158
172929,1,158
172984,1,158
172999,1,158
173236,1,158
173413,1,158
173574,1,158
173590,1,158
173623,1,158
174022,1,158
174198,1,158
174746,1,158
174910,1,158
175022,1,158
175448,1,158
175955,1,158
176002,1,158
176277,1,158
176394,1,158
176596,1,158
176682,1,158
176744,1,158
177007,1,158
177026,1,158
177258,1,158
177269,1,158
177351,1,158
177425,1,158
177456,1,158
177498,1,158
177516,1,158
177580,1,158
177584,1,158
177666,1,158
177735,1,158
177830,1,158
177924,1,158
177952,1,158
177966,1,158
177973,1,158
178011,1,158
178121,1,158
178154,1,158
178242,1,158
178244,1,158
178366,1,158
178603,1,158
178705,1,158
178709,1,158
178851,1,158
178905,1,158
178924,1,158
179066,1,158
179232,1,158
179273,1,158
179290,1,158
179300,1,158
179355,1,158
179786,1,158
180107,1,158
180186,1,158
180203,1,158
180255,1,158
180256,1,158
180284,1,158
180652,1,158
181149,1,158
181313,1,158
181396,1,158
181623,1,158
182021,1,158
182117,1,158
182168,1,158
182260,1,158
182432,1,158
182445,1,158
182846,1,158
182925,1,158
183051,1,158
183119,1,158
183133,1,158
183179,1,158
183341,1,158
183429,1,158
183620,1,158
184145,1,158
184282,1,158
184505,1,158
184598,1,158
184677,1,158
184707,1,158
184825,1,158
184830,1,158
185002,1,158
185008,1,158
185037,1,158
185082,1,158
185131,1,158
185197,1,158
185368,1,158
185554,1,158
185579,1,158
185635,1,158
186126,1,158
186264,1,158
186307,1,158
186350,1,158
186363,1,158
186636,1,158
187200,1,158
187636,1,158
187659,1,158
187679,1,158
187696,1,158
187934,1,158
188064,1,158
188208,1,158
188351,1,158
188357,1,158
188544,1,158
189025,1,158
189034,1,158
189181,1,158
189275,1,158
189277,1,158
189321,1,158
189329,1,158
189442,1,158
189623,1,158
189625,1,158
189628,1,158
189635,1,158
189640,1,158
189693,1,158
189711,1,158
189767,1,158
189837,1,158
189837,1,158
189850,1,158
190051,1,158
190304,1,158
190382,1,158
190755,1,158
190763,1,158
190802,1,158
191120,1,158
191153,1,158
191165,1,158
191394,1,158
191404,1,158
191438,1,158
191500,1,158
191516,1,158
192270,1,158
192356,1,158
192379,1,158
192443,1,158
192506,1,158
192513,1,158
192541,1,158
192564,1,158
192580,1,158
192667,1,158
192725,1,158
193164,1,158
193327,1,158
193372,1,158
193464,1,158
193723,1,158
193761,1,158
194101,1,158
194472,1,158
194532,1,158
194699,1,158
194719,1,158
194929,1,158
194940,1,158
195022,1,158
195101,1,158
195172,1,158
195232,1,158
195368,1,158
195471,1,158
195655,1,158
195713,1,158
196095,1,158
196169,1,158
196192,1,158
196233,1,158
196366,1,158
196448,1,158
196581,1,158
196636,1,158
196752,1,158
197168,1,158
197175,1,158
197385,1,158
197397,1,158
197431,1,158
197632,1,158
197943,1,158
198180,1,158
198961,1,158
199005,1,158
199088,1,158
199145,1,158
199212,1,158
199218,1,158
199435,1,158
199461,1,158
199541,1,158
199746,1,158
199802,1,158
199921,1,158
200030,1,158
200074,1,158
200203,1,158
200588,1,158
201020,1,158
201044,1,158
201183,1,158
201203,1,158
201226,1,158
201238,1,158
201250,1,158
201275,1,158
201296,1,158
201328,1,158
201333,1,158
201360,1,158
201441,1,158
201555,1,158
201569,1,158
201574,1,158
201652,1,158
201676,1,158
201693,1,158
201772,1,158
201814,1,158
201844,1,158
201873,1,158
201965,1,158
201975,1,158
202023,1,158
202258,1,158
202267,1,158
202269,1,158
202299,1,158
202308,1,158
202419,1,158
202473,1,158
202582,1,158
202688,1,158
203059,1,158
203583,1,158
203653,1,158
203666,1,158
203952,1,158
204037,1,158
204095,1,158
204219,1,158
204313,1,158
204350,1,158
204427,1,158
204430,1,158
204451,1,158
204478,1,158
204593,1,158
204648,1,158
204759,1,158
204788,1,158
205006,1,158
205020,1,158
205032,1,158
205085,1,158
205111,1,158
205289,1,158
205429,1,158
205481,1,158
205524,1,158
205588,1,158
205828,1,158
206112,1,158
206118,1,158
206459,1,158
206556,1,158
206811,1,158
206819,1,158
206862,1,158
206927,1,158
206955,1,158
207027,1,158
207133,1,158
207144,1,158
207365,1,158
207491,1,158
207522,1,158
207549,1,158
207552,1,158
207615,1,158
207619,1,158
207644,1,158
208079,1,158
208160,1,158
208214,1,158
208257,1,158
208330,1,158
208595,1,158
208799,1,158
208982,1,158
208989,1,158
209074,1,158
209084,1,158
209167,1,158
209196,1,158
209505,1,158
209929,1,158
210160,1,158
210223,1,158
210546,1,158
210821,1,158
210843,1,158
210929,1,158
211016,1,158
211042,1,158
211081,1,158
211150,1,158
211251,1,158
211284,1,158
211599,1,158
211784,1,158
211913,1,158
212103,1,158
212205,1,158
212620,1,158
212858,1,158
212897,1,158
213039,1,158
213072,1,158
213089,1,158
213089,1,158
213090,1,158
213185,1,158
213218,1,158
213317,1,158
213353,1,158
213392,1,158
213449,1,158
213500,1,158
213511,1,158
213589,1,158
213678,1,158
213732,1,158
213789,1,158
213795,1,158
213833,1,158
213895,1,158
213931,1,158
214040,1,158
214052,1,158
214054,1,158
214080,1,158
214082,1,158
214083,1,158
214124,1,158
214163,1,158
214364,1,158
214456,1,158
214618,1,158
214932,1,158
214985,1,158
215001,1,158
215029,1,158
215041,1,158
215070,1,158
215077,1,158
215137,1,158
215148,1,158
215163,1,158
215177,1,158
215184,1,158
215252,1,158
215288,1,158
215444,1,158
215538,1,158
215837,1,158
215981,1,158
215993,1,158
216005,1,158
216053,1,158
216088,1,158
216106,1,158
216188,1,158
216334,1,158
216415,1,158
216564,1,158
216657,1,158
216672,1,158
217002,1,158
217051,1,158
217083,1,158
217179,1,158
217253,1,158
217386,1,158
217727,1,158
217746,1,158
218207,1,158
218220,1,158
218305,1,158
218334,1,158
218346,1,158
218426,1,158
218468,1,158
218645,1,158
218665,1,158
218730,1,158
218846,1,158
218871,1,158
219040,1,158
219042,1,158
219049,1,158
219070,1,158
219157,1,158
219159,1,158
219338,1,158
219421,1,158
219725,1,158
219793,1,158
220046,1,158
220061,1,158
220070,1,158
220146,1,158
220464,1,158
220531,1,158
220586,1,158
220732,1,158
220792,1,158
220828,1,158
220897,1,158
220966,1,158
221002,1,158
221013,1,158
221019,1,158
221032,1,158
221099,1,158
221200,1,158
221200,1,158
221240,1,158
221290,1,158
221372,1,158
221381,1,158
221499,1,158
221559,1,158
222263,1,158
222720,1,158
222938,1,158
223062,1,158
223097,1,158
223124,1,158
223172,1,158
223296,1,158
223320,1,158
223349,1,158
223389,1,158
223396,1,158
223500,1,158
223542,1,158
223557,1,158
223578,1,158
223648,1,158
223753,1,158
223927,1,158
223958,1,158
224123,1,158
224136,1,158
224222,1,158
224286,1,158
224406,1,158
224514,1,158
224524,1,158
224581,1,158
224790,1,158
224904,1,158
225026,1,158
225028,1,158
225029,1,158
225057,1,158
225135,1,158
225273,1,158
225299,1,158
225303,1,158
225348,1,158
225348,1,158
225362,1,158
225408,1,158
225448,1,158
225500,1,158
225586,1,158
225635,1,158
225684,1,158
225699,1,158
225705,1,158
225740,1,158
225763,1,158
225958,1,158
225972,1,158
226007,1,158
226012,1,158
226017,1,158
226055,1,158
226065,1,158
226070,1,158
226071,1,158
226075,1,158
226076,1,158
226102,1,158
226168,1,158
226177,1,158
226180,1,158
226199,1,158
226210,1,158
226224,1,158
226229,1,158
226241,1,158
226292,1,158
226304,1,158
226358,1,158
226486,1,158
226494,1,158
226501,1,158
226510,1,158
226552,1,158
226660,1,158
226678,1,158
227079,1,158
227217,1,158
227234,1,158
227358,1,158
227529,1,158
227553,1,158
227573,1,158
227625,1,158
227632,1,158
227754,1,158
228006,1,158
228019,1,158
228085,1,158
228105,1,158
228119,1,158
228138,1,158
228184,1,158
228207,1,158
228219,1,158
228252,1,158
228261,1,158
228299,1,158
228357,1,158
228361,1,158
228386,1,158
228434,1,158
228526,1,158
228540,1,158
228564,1,158
228578,1,158
228631,1,158
228648,1,158
228675,1,158
228686,1,158
228698,1,158
228752,1,158
228814,1,158
228817,1,158
228828,1,158
228830,1,158
228927,1,158
228984,1,158
228989,1,158
229044,1,158
229070,1,158
229073,1,158
229124,1,158
229161,1,158
229318,1,158
229328,1,158
229382,1,158
229452,1,158
229453,1,158
229529,1,158
229534,1,158
229537,1,158
229545,1,158
229652,1,158
229697,1,158
229850,1,158
230002,1,158
230023,1,158
230053,1,158
230140,1,158
230183,1,158
230204,1,158
230230,1,158
230276,1,158
230293,1,158
230412,1,158
230541,1,158
230563,1,158
230599,1,158
230620,1,158
230655,1,158
230884,1,158
230927,1,158
231016,1,158
231051,1,158
231085,1,158
231087,1,158
231150,1,158
231303,1,158
231438,1,158
231481,1,158
231494,1,158
231534,1,158
231563,1,158
231599,1,158
231604,1,158
231626,1,158
231679,1,158
231806,1,158
231865,1,158
231915,1,158
231920,1,158
231963,1,158
232033,1,158
232047,1,158
232058,1,158
232070,1,158
232081,1,158
232088,1,158
232092,1,158
232136,1,158
232198,1,158
232209,1,158
232287,1,158
232330,1,158
232371,1,158
232405,1,158
232460,1,158
232539,1,158
232540,1,158
232581,1,158
232585,1,158
232774,1,158
232783,1,158
232786,1,158
233058,1,158
233122,1,158
233243,1,158
233250,1,158
233258,1,158
233319,1,158
233432,1,158
233483,1,158
233556,1,158
233557,1,158
233615,1,158
233690,1,158
233851,1,158
233855,1,158
233958,1,158
234006,1,158
234025,1,158
234072,1,158
234095,1,158
234181,1,158
234203,1,158
234215,1,158
234292,1,158
234328,1,158
234416,1,158
234434,1,158
234494,1,158
234675,1,158
234766,1,158
234877,1,158
234913,1,158
234915,1,158
235038,1,158
235131,1,158
235175,1,158
235350,1,158
235380,1,158
235397,1,158
235420,1,158
235494,1,158
235591,1,158
235679,1,158
235780,1,158
235828,1,158
235893,1,158
236007,1,158
236014,1,158
236015,1,158
236064,1,158
236109,1,158
236126,1,158
236155,1,158
236196,1,158
236304,1,158
236328,1,158
236412,1,158
236444,1,158
236471,1,158
236499,1,158
236547,1,158
236734,1,158
236947,1,158
237005,1,158
237010,1,158
237016,1,158
237021,1,158
237025,1,158
237031,1,158
237047,1,158
237055,1,158
237058,1,158
237085,1,158
237095,1,158
237097,1,158
237148,1,158
237153,1,158
237158,1,158
237177,1,158
237197,1,158
237212,1,158
237244,1,158
237257,1,158
237280,1,158
237292,1,158
237331,1,158
237378,1,158
237389,1,158
237433,1,158
237550,1,158
237577,1,158
237587,1,158
237597,1,158
237609,1,158
237634,1,158
237644,1,158
237661,1,158
237697,1,158
237712,1,158
237812,1,158
237813,1,158
237847,1,158
237852,1,158
238026,1,158
238091,1,158
238099,1,158
238183,1,158
238183,1,158
238208,1,158
238230,1,158
238280,1,158
238287,1,158
238294,1,158
238311,1,158
238347,1,158
238373,1,158
238375,1,158
238378,1,158
238405,1,158
238494,1,158
238571,1,158
238576,1,158
238656,1,158
238735,1,158
239204,1,158
239208,1,158
239233,1,158
239268,1,158
239291,1,158
239336,1,158
239469,1,158
239473,1,158
239670,1,158
239779,1,158
239794,1,158
239882,1,158
239914,1,158
239969,1,158
240003,1,158
240025,1,158
240029,1,158
240055,1,158
240085,1,158
240096,1,158
240102,1,158
240102,1,158
240147,1,158
240157,1,158
240205,1,158
240218,1,158
240247,1,158
240267,1,158
240281,1,158
240298,1,158
240380,1,158
240544,1,158
240545,1,158
240611,1,158
240669,1,158
240688,1,158
240693,1,158
240726,1,158
240779,1,158
240801,1,158
240906,1,158
240952,1,158
241033,1,158
241061,1,158
241063,1,158
241079,1,158
241158,1,158
241191,1,158
241192,1,158
241197,1,158
241221,1,158
241226,1,158
241248,1,158
241259,1,158
241342,1,158
241386,1,158
241405,1,158
241472,1,158
241563,1,158
241567,1,158
241580,1,158
241712,1,158
241772,1,158
241776,1,158
241901,1,158
241911,1,158
242051,1,158
242062,1,158
242104,1,158
242115,1,158
242132,1,158
242156,1,158
242273,1,158
242328,1,158
242338,1,158
242392,1,158
242417,1,158
242422,1,158
242475,1,158
242481,1,158
242560,1,158
242567,1,158
242579,1,158
242588,1,158
242597,1,158
242646,1,158
243086,1,158
243144,1,158
243145,1,158
243161,1,158
243173,1,158
243191,1,158
243274,1,158
243312,1,158
243326,1,158
243514,1,158
243519,1,158
243568,1,158
243661,1,158
243718,1,158
243725,1,158
243760,1,158
243761,1,158
243840,1,158
243847,1,158
243866,1,158
243869,1,158
243918,1,158
244010,1,158
244011,1,158
244202,1,158
244221,1,158
244277,1,158
244341,1,158
244361,1,158
244463,1,158
244503,1,158
244530,1,158
244543,1,158
244567,1,158
244583,1,158
244605,1,158
244805,1,158
244806,1,158
244809,1,158
244838,1,158
244913,1,158
244966,1,158
244984,1,158
244995,1,158
245011,1,158
245031,1,158
245066,1,158
245068,1,158
245071,1,158
245119,1,158
245222,1,158
245226,1,158
245268,1,158
245320,1,158
245323,1,158
245342,1,158
245366,1,158
245492,1,158
245650,1,158
245673,1,158
245680,1,158
245748,1,158
245822,1,158
246139,1,158
246170,1,158
246199,1,158
246230,1,158
246319,1,158
246323,1,158
246323,1,158
246362,1,158
246429,1,158
246450,1,158
246481,1,158
246553,1,158
246593,1,158
246609,1,158
246613,1,158
246627,1,158
246636,1,158
246722,1,158
246743,1,158
247033,1,158
247134,1,158
247147,1,158
247177,1,158
247484,1,158
247499,1,158
247501,1,158
247521,1,158
247535,1,158
247554,1,158
247654,1,158
247663,1,158
248009,1,158
248009,1,158
248022,1,158
248027,1,158
248055,1,158
248073,1,158
248128,1,158
248138,1,158
248152,1,158
248167,1,158
248322,1,158
248380,1,158
248411,1,158
248608,1,158
248687,1,158
248711,1,158
248853,1,158
248872,1,158
248893,1,158
249020,1,158
249065,1,158
249074,1,158
249097,1,158
249114,1,158
249128,1,158
249147,1,158
249181,1,158
249192,1,158
249207,1,158
249353,1,158
249353,1,158
249377,1,158
249397,1,158
249452,1,158
249454,1,158
249466,1,158
249468,1,158
249485,1,158
249516,1,158
249553,1,158
249559,1,158
249598,1,158
249683,1,158
249691,1,158
249784,1,158
249790,1,158
249792,1,158
250195,1,158
250201,1,158
250211,1,158
250245,1,158
250262,1,158
250267,1,158
250287,1,158
250291,1,158
250555,1,158
250705,1,158
250808,1,158
250910,1,158
250964,1,158
251056,1,158
251114,1,158
251115,1,158
251140,1,158
251184,1,158
251263,1,158
251268,1,158
251293,1,158
251316,1,158
251434,1,158
251534,1,158
251538,1,158
251583,1,158
251677,1,158
251679,1,158
251737,1,158
251786,1,158
251904,1,158
251957,1,158
252032,1,158
252436,1,158
252438,1,158
252460,1,158
252546,1,158
252729,1,158
252734,1,158
252744,1,158
252749,1,158
252764,1,158
252851,1,158
252882,1,158
252997,1,158
253002,1,158
253024,1,158
253060,1,158
253079,1,158
253080,1,158
253091,1,158
253107,1,158
253119,1,158
253132,1,158
253158,1,158
253161,1,158
253189,1,158
253267,1,158
253451,1,158
253465,1,158
253487,1,158
253493,1,158
253558,1,158
253595,1,158
253605,1,158
253858,1,158
253895,1,158
253955,1,158
254043,1,158
254079,1,158
254084,1,158
254092,1,158
254210,1,158
254237,1,158
254237,1,158
254285,1,158
254378,1,158
254399,1,158
254419,1,158
254469,1,158
254516,1,158
254557,1,158
254751,1,158
254867,1,158
255171,1,158
255296,1,158
255330,1,158
255377,1,158
255460,1,158
255488,1,158
255494,1,158
255503,1,158
255552,1,158
255639,1,158
255676,1,158
255683,1,158
255717,1,158
255750,1,158
255790,1,158
255864,1,158
256074,1,158
256135,1,158
256163,1,158
256203,1,158
256348,1,158
256422,1,158
256433,1,158
256471,1,158
256485,1,158
256500,1,158
256587,1,158
256674,1,158
256789,1,158
256880,1,158
256928,1,158
257007,1,158
257072,1,158
257087,1,158
257159,1,158
257186,1,158
257234,1,158
257238,1,158
257249,1,158
257291,1,158
257338,1,158
257398,1,158
257428,1,158
257449,1,158
257457,1,158
257505,1,158
257552,1,158
257659,1,158
257676,1,158
257731,1,158
257770,1,158
258020,1,158
258059,1,158
258108,1,158
258251,1,158
258373,1,158
258427,1,158
258566,1,158
258567,1,158
258582,1,158
258582,1,158
258661,1,158
258665,1,158
258697,1,158
258727,1,158
258753,1,158
258815,1,158
259030,1,158
259054,1,158
259080,1,158
259096,1,158
259111,1,158
259344,1,158
259363,1,158
259376,1,158
259479,1,158
259733,1,158
259904,1,158
259983,1,158
260086,1,158
260114,1,158
260185,1,158
260242,1,158
260244,1,158
260290,1,158
260397,1,158
260413,1,158
260486,1,158
260494,1,158
260707,1,158
260730,1,158
260738,1,158
260794,1,158
260807,1,158
260825,1,158
260825,1,158
261067,1,158
261074,1,158
261076,1,158
261077,1,158
261141,1,158
261149,1,158
261149,1,158
261152,1,158
261163,1,158
261211,1,158
261316,1,158
261406,1,158
261426,1,158
261503,1,158
261544,1,158
261578,1,158
261620,1,158
261686,1,158
261804,1,158
261818,1,158
261851,1,158
262029,1,158
262066,1,158
262085,1,158
262102,1,158
262203,1,158
262273,1,158
262403,1,158
262529,1,158
262681,1,158
262725,1,158
262838,1,158
263075,1,158
263109,1,158
263123,1,158
263222,1,158
263234,1,158
263335,1,158
263461,1,158
263557,1,158
263663,1,158
263734,1,158
263824,1,158
263830,1,158
263853,1,158
264079,1,158
264166,1,158
264174,1,158
264200,1,158
264375,1,158
264376,1,158
264435,1,158
264636,1,158
264673,1,158
264684,1,158
265016,1,158
265066,1,158
265175,1,158
265204,1,158
265232,1,158
265266,1,158
265399,1,158
265818,1,158
266024,1,158
266031,1,158
266073,1,158
266161,1,158
266358,1,158
266467,1,158
266587,1,158
266601,1,158
266620,1,158
266701,1,158
266762,1,158
266911,1,158
267030,1,158
267273,1,158
267348,1,158
267388,1,158
267404,1,158
267433,1,158
267486,1,158
267495,1,158
267612,1,158
268128,1,158
268318,1,158
268385,1,158
268612,1,158
268628,1,158
268651,1,158
268731,1,158
268740,1,158
268882,1,158
269184,1,158
269373,1,158
269373,1,158
269620,1,158
269777,1,158
269884,1,158
270066,1,158
270069,1,158
270092,1,158
270149,1,158
270678,1,158
270857,1,158
271007,1,158
271044,1,158
271087,1,158
271178,1,158
271201,1,158
271400,1,158
271764,1,158
272077,1,158
272085,1,158
272408,1,158
272616,1,158
273106,1,158
273491,1,158
273883,1,158
273895,1,158
273972,1,158
273977,1,158
274010,1,158
274094,1,158
274416,1,158
274504,1,158
274687,1,158
275039,1,158
275193,1,158
275207,1,158
275409,1,158
275701,1,158
275928,1,158
276132,1,158
276170,1,158
276179,1,158
276197,1,158
276301,1,158
276324,1,158
276416,1,158
277373,1,158
277408,1,158
277663,1,158
277787,1,158
278905,1,158
279332,1,158
279386,1,158
279593,1,158
279761,1,158
280747,1,158
280822,1,158
280894,1,158
281032,1,158
281042,1,158
281074,1,158
281112,1,158
281442,1,158
282078,1,158
282247,1,158
282408,1,158
282467,1,158
282901,1,158
283099,1,158
283104,1,158
283146,1,158
283275,1,158
283376,1,158
283518,1,158
283530,1,158
283562,1,158
283762,1,158
283771,1,158
283906,1,158
283962,1,158
284014,1,158
284022,1,158
284038,1,158
284124,1,158
284130,1,158
284188,1,158
284226,1,158
284593,1,158
284896,1,158
284962,1,158
285034,1,158
285133,1,158
285173,1,158
285192,1,158
285286,1,158
285289,1,158
285646,1,158
285741,1,158
286834,1,158
286968,1,158
287193,1,158
287296,1,158
287368,1,158
287554,1,158
287691,1,158
287701,1,158
287890,1,158
288228,1,158
288251,1,158
288296,1,158
288349,1,158
288585,1,158
288888,1,158
288979,1,158
289053,1,158
289073,1,158
289350,1,158
289551,1,158
289607,1,158
290102,1,158
290303,1,158
291282,1,158
291572,1,158
291720,1,158
