10,1,630
14,1,630
57,1,630
154,1,630
401,1,630
503,1,630
941,1,630
1014,1,630
1072,1,630
1208,1,630
1309,1,630
1516,1,630
1898,1,630
2002,1,630
2053,1,630
2255,1,630
2359,1,630
2541,1,630
2763,1,630
3043,1,630
3058,1,630
3283,1,630
3332,1,630
3364,1,630
3392,1,630
3495,1,630
3528,1,630
3553,1,630
4416,1,630
4511,1,630
4593,1,630
4704,1,630
4713,1,630
4776,1,630
4791,1,630
4795,1,630
5100,1,630
5247,1,630
5325,1,630
5477,1,630
5553,1,630
6054,1,630
6114,1,630
6316,1,630
6508,1,630
6907,1,630
7028,1,630
7140,1,630
7352,1,630
7354,1,630
7384,1,630
7477,1,630
7945,1,630
8023,1,630
8150,1,630
8304,1,630
8350,1,630
9086,1,630
9116,1,630
9147,1,630
9179,1,630
9199,1,630
9279,1,630
9329,1,630
9401,1,630
9434,1,630
9440,1,630
9465,1,630
9526,1,630
9571,1,630
9754,1,630
9781,1,630
10004,1,630
10074,1,630
10116,1,630
10279,1,630
10673,1,630
10805,1,630
10909,1,630
11006,1,630
11131,1,630
11137,1,630
11205,1,630
11208,1,630
11304,1,630
11326,1,630
11627,1,630
11838,1,630
11929,1,630
12024,1,630
12064,1,630
12324,1,630
12496,1,630
12764,1,630
12784,1,630
12787,1,630
12843,1,630
12890,1,630
13130,1,630
13444,1,630
13702,1,630
13770,1,630
13809,1,630
13952,1,630
14052,1,630
14056,1,630
14112,1,630
14114,1,630
14159,1,630
14176,1,630
14197,1,630
14225,1,630
14302,1,630
14378,1,630
14474,1,630
14545,1,630
14874,1,630
15020,1,630
15136,1,630
15145,1,630
15842,1,630
15979,1,630
16027,1,630
16140,1,630
16234,1,630
16753,1,630
16777,1,630
17191,1,630
17355,1,630
17440,1,630
17477,1,630
17707,1,630
18461,1,630
19553,1,630
19779,1,630
19867,1,630
20467,1,630
20479,1,630
20498,1,630
20666,1,630
20833,1,630
21090,1,630
21106,1,630
21439,1,630
21490,1,630
21530,1,630
21537,1,630
21574,1,630
21580,1,630
21584,1,630
21596,1,630
21629,1,630
21633,1,630
21692,1,630
21798,1,630
21801,1,630
21807,1,630
21810,1,630
21812,1,630
22027,1,630
22061,1,630
22260,1,630
22313,1,630
22347,1,630
22389,1,630
22395,1,630
22466,1,630
22477,1,630
22482,1,630
22502,1,630
23089,1,630
23267,1,630
23541,1,630
23644,1,630
23657,1,630
23886,1,630
23927,1,630
24072,1,630
24126,1,630
24157,1,630
24232,1,630
24234,1,630
24253,1,630
24291,1,630
24319,1,630
24592,1,630
24611,1,630
24622,1,630
24674,1,630
24702,1,630
25078,1,630
25233,1,630
25512,1,630
25555,1,630
25671,1,630
26000,1,630
26102,1,630
26149,1,630
26198,1,630
26215,1,630
26570,1,630
26586,1,630
27085,1,630
27281,1,630
27296,1,630
27338,1,630
27671,1,630
27736,1,630
27870,1,630
27910,1,630
27932,1,630
28090,1,630
28370,1,630
28381,1,630
28440,1,630
28468,1,630
28642,1,630
28856,1,630
28905,1,630
29104,1,630
29159,1,630
29228,1,630
29255,1,630
29448,1,630
29491,1,630
29540,1,630
29559,1,630
29957,1,630
30101,1,630
30219,1,630
30331,1,630
30359,1,630
30787,1,630
30930,1,630
31062,1,630
31081,1,630
31104,1,630
31130,1,630
31450,1,630
31563,1,630
32248,1,630
32397,1,630
32414,1,630
32658,1,630
33062,1,630
33063,1,630
33063,1,630
33106,1,630
33116,1,630
33206,1,630
33295,1,630
33340,1,630
33405,1,630
33423,1,630
33427,1,630
33429,1,630
33436,1,630
33438,1,630
33457,1,630
33489,1,630
33513,1,630
33552,1,630
33572,1,630
33584,1,630
33615,1,630
33624,1,630
33648,1,630
33762,1,630
33781,1,630
33799,1,630
34003,1,630
34050,1,630
34074,1,630
34149,1,630
34185,1,630
34188,1,630
34258,1,630
34276,1,630
34303,1,630
34382,1,630
34400,1,630
34444,1,630
34456,1,630
34522,1,630
34576,1,630
35060,1,630
35168,1,630
35177,1,630
35254,1,630
35271,1,630
35450,1,630
35548,1,630
35609,1,630
35719,1,630
35752,1,630
35771,1,630
35786,1,630
36069,1,630
36074,1,630
36192,1,630
36281,1,630
36529,1,630
36564,1,630
36709,1,630
36716,1,630
37069,1,630
37119,1,630
37156,1,630
37159,1,630
37322,1,630
37420,1,630
37549,1,630
37690,1,630
37837,1,630
37879,1,630
37937,1,630
38008,1,630
38208,1,630
38222,1,630
38274,1,630
38294,1,630
38518,1,630
38596,1,630
38683,1,630
38753,1,630
38888,1,630
39041,1,630
39075,1,630
39283,1,630
39290,1,630
39430,1,630
39495,1,630
39583,1,630
39599,1,630
39688,1,630
39724,1,630
39727,1,630
39936,1,630
39959,1,630
40112,1,630
40128,1,630
40303,1,630
40360,1,630
40369,1,630
40390,1,630
40419,1,630
40443,1,630
40496,1,630
40628,1,630
40634,1,630
40677,1,630
40719,1,630
40729,1,630
40748,1,630
41002,1,630
41021,1,630
41052,1,630
41116,1,630
41176,1,630
41196,1,630
41274,1,630
41546,1,630
41562,1,630
41646,1,630
41818,1,630
42197,1,630
42382,1,630
42393,1,630
42399,1,630
42401,1,630
42577,1,630
42617,1,630
42653,1,630
42692,1,630
43066,1,630
43491,1,630
43760,1,630
43965,1,630
43969,1,630
44176,1,630
44209,1,630
44224,1,630
44249,1,630
44323,1,630
44333,1,630
44340,1,630
44376,1,630
44397,1,630
44473,1,630
44506,1,630
44572,1,630
44609,1,630
44796,1,630
45006,1,630
45060,1,630
45064,1,630
45088,1,630
45094,1,630
45098,1,630
45132,1,630
45180,1,630
45183,1,630
45184,1,630
45199,1,630
45214,1,630
45264,1,630
45282,1,630
45288,1,630
45359,1,630
45361,1,630
45404,1,630
45430,1,630
45459,1,630
45461,1,630
45494,1,630
45541,1,630
45544,1,630
45572,1,630
45582,1,630
45613,1,630
45629,1,630
45658,1,630
45720,1,630
46064,1,630
46119,1,630
46138,1,630
46146,1,630
46158,1,630
46171,1,630
46174,1,630
46187,1,630
46204,1,630
46230,1,630
46242,1,630
46275,1,630
46434,1,630
46565,1,630
46590,1,630
46611,1,630
46633,1,630
46657,1,630
46673,1,630
46782,1,630
46801,1,630
46980,1,630
47032,1,630
47090,1,630
47126,1,630
47140,1,630
47182,1,630
47258,1,630
47261,1,630
47270,1,630
47321,1,630
47358,1,630
47362,1,630
47418,1,630
47581,1,630
47630,1,630
47637,1,630
47689,1,630
47758,1,630
47788,1,630
47863,1,630
47872,1,630
47883,1,630
47927,1,630
47955,1,630
47967,1,630
48016,1,630
48023,1,630
48073,1,630
48138,1,630
48159,1,630
48363,1,630
48436,1,630
48455,1,630
48463,1,630
48582,1,630
48616,1,630
48635,1,630
48660,1,630
48725,1,630
48745,1,630
48752,1,630
48868,1,630
48898,1,630
48958,1,630
48984,1,630
48999,1,630
49043,1,630
49074,1,630
49095,1,630
49207,1,630
49211,1,630
49213,1,630
49456,1,630
49477,1,630
49535,1,630
49542,1,630
49544,1,630
49547,1,630
49563,1,630
49661,1,630
49879,1,630
50021,1,630
50082,1,630
50084,1,630
50119,1,630
50129,1,630
50140,1,630
50149,1,630
50190,1,630
50205,1,630
50258,1,630
50272,1,630
50390,1,630
50409,1,630
50556,1,630
50573,1,630
50730,1,630
50814,1,630
50910,1,630
50926,1,630
50946,1,630
50952,1,630
50975,1,630
51015,1,630
51074,1,630
51105,1,630
51164,1,630
51189,1,630
51210,1,630
51226,1,630
51265,1,630
51290,1,630
51292,1,630
51296,1,630
51298,1,630
51352,1,630
51365,1,630
51371,1,630
51401,1,630
51431,1,630
51519,1,630
51560,1,630
51571,1,630
51583,1,630
51631,1,630
51691,1,630
51705,1,630
51800,1,630
51834,1,630
51948,1,630
51953,1,630
51971,1,630
52032,1,630
52065,1,630
52098,1,630
52134,1,630
52270,1,630
52361,1,630
52437,1,630
52438,1,630
52451,1,630
52510,1,630
52553,1,630
52555,1,630
52566,1,630
52587,1,630
52606,1,630
52616,1,630
52686,1,630
52805,1,630
52807,1,630
52873,1,630
52975,1,630
53063,1,630
53110,1,630
53116,1,630
53347,1,630
53385,1,630
53404,1,630
53427,1,630
53474,1,630
53514,1,630
53523,1,630
53535,1,630
53536,1,630
53559,1,630
53577,1,630
53792,1,630
53873,1,630
53927,1,630
53989,1,630
54008,1,630
54048,1,630
54068,1,630
54155,1,630
54193,1,630
54198,1,630
54263,1,630
54292,1,630
54436,1,630
54483,1,630
54530,1,630
54567,1,630
54675,1,630
54682,1,630
54858,1,630
54870,1,630
54883,1,630
54947,1,630
54950,1,630
55027,1,630
55136,1,630
55144,1,630
55172,1,630
55214,1,630
55218,1,630
55282,1,630
55414,1,630
55432,1,630
55451,1,630
55480,1,630
55508,1,630
55539,1,630
55565,1,630
55565,1,630
55588,1,630
55675,1,630
55811,1,630
55900,1,630
55961,1,630
55998,1,630
56021,1,630
56049,1,630
56051,1,630
56060,1,630
56084,1,630
56097,1,630
56107,1,630
56199,1,630
56212,1,630
56223,1,630
56250,1,630
56257,1,630
56311,1,630
56422,1,630
56471,1,630
56500,1,630
56524,1,630
56543,1,630
56617,1,630
56624,1,630
56630,1,630
57028,1,630
57118,1,630
57135,1,630
57179,1,630
57205,1,630
57215,1,630
57264,1,630
57339,1,630
57441,1,630
57449,1,630
57450,1,630
57472,1,630
57475,1,630
57533,1,630
57558,1,630
57575,1,630
57671,1,630
57680,1,630
57714,1,630
57736,1,630
57795,1,630
57858,1,630
57886,1,630
57954,1,630
57966,1,630
57992,1,630
58008,1,630
58015,1,630
58095,1,630
58107,1,630
58114,1,630
58135,1,630
58147,1,630
58171,1,630
58172,1,630
58239,1,630
58245,1,630
58306,1,630
58307,1,630
58354,1,630
58354,1,630
58354,1,630
58359,1,630
58373,1,630
58397,1,630
58397,1,630
58402,1,630
58418,1,630
58424,1,630
58428,1,630
58433,1,630
58434,1,630
58451,1,630
58513,1,630
58538,1,630
58595,1,630
58660,1,630
58703,1,630
58719,1,630
58720,1,630
58747,1,630
58758,1,630
58764,1,630
58767,1,630
58865,1,630
58875,1,630
58954,1,630
58999,1,630
59000,1,630
59005,1,630
59014,1,630
59048,1,630
59049,1,630
59130,1,630
59139,1,630
59162,1,630
59247,1,630
59289,1,630
59309,1,630
59335,1,630
59352,1,630
59361,1,630
59436,1,630
59462,1,630
59473,1,630
59526,1,630
59560,1,630
59563,1,630
59578,1,630
59668,1,630
59690,1,630
59694,1,630
59715,1,630
59755,1,630
59814,1,630
59817,1,630
59831,1,630
59834,1,630
59917,1,630
59918,1,630
60026,1,630
60075,1,630
60302,1,630
60321,1,630
60399,1,630
60424,1,630
60441,1,630
60447,1,630
60457,1,630
60547,1,630
60554,1,630
60670,1,630
60688,1,630
60689,1,630
60704,1,630
60743,1,630
60771,1,630
60774,1,630
60790,1,630
60863,1,630
60881,1,630
60902,1,630
60904,1,630
60951,1,630
60986,1,630
60987,1,630
61018,1,630
61032,1,630
61060,1,630
61086,1,630
61122,1,630
61211,1,630
61224,1,630
61246,1,630
61263,1,630
61270,1,630
61276,1,630
61278,1,630
61322,1,630
61373,1,630
61424,1,630
61430,1,630
61446,1,630
61500,1,630
61512,1,630
61520,1,630
61555,1,630
61606,1,630
61626,1,630
61632,1,630
61667,1,630
61697,1,630
61717,1,630
61758,1,630
61799,1,630
62044,1,630
62103,1,630
62188,1,630
62197,1,630
62215,1,630
62270,1,630
62277,1,630
62331,1,630
62373,1,630
62385,1,630
62403,1,630
62412,1,630
62447,1,630
62460,1,630
62488,1,630
62596,1,630
62597,1,630
62636,1,630
62717,1,630
62769,1,630
62844,1,630
62862,1,630
62926,1,630
62938,1,630
62973,1,630
62990,1,630
63009,1,630
63016,1,630
63072,1,630
63072,1,630
63074,1,630
63083,1,630
63106,1,630
63124,1,630
63131,1,630
63136,1,630
63142,1,630
63156,1,630
63175,1,630
63196,1,630
63200,1,630
63267,1,630
63319,1,630
63330,1,630
63363,1,630
63377,1,630
63409,1,630
63433,1,630
63474,1,630
63490,1,630
63571,1,630
63632,1,630
63687,1,630
63782,1,630
63805,1,630
63809,1,630
63847,1,630
64033,1,630
64089,1,630
64100,1,630
64128,1,630
64160,1,630
64204,1,630
64262,1,630
64302,1,630
64317,1,630
64319,1,630
64342,1,630
64451,1,630
64451,1,630
64468,1,630
64527,1,630
64690,1,630
64703,1,630
64706,1,630
64709,1,630
64725,1,630
64726,1,630
64741,1,630
64777,1,630
64810,1,630
64842,1,630
64966,1,630
64966,1,630
64967,1,630
64986,1,630
65001,1,630
65027,1,630
65050,1,630
65086,1,630
65118,1,630
65229,1,630
65230,1,630
65241,1,630
65253,1,630
65274,1,630
65323,1,630
65332,1,630
65335,1,630
65361,1,630
65371,1,630
65378,1,630
65441,1,630
65512,1,630
65529,1,630
65533,1,630
65553,1,630
65582,1,630
65583,1,630
65604,1,630
65636,1,630
65649,1,630
65672,1,630
65712,1,630
66224,1,630
66233,1,630
66307,1,630
66318,1,630
66346,1,630
66354,1,630
66367,1,630
66378,1,630
66413,1,630
66448,1,630
66464,1,630
66499,1,630
66506,1,630
66514,1,630
66583,1,630
66609,1,630
66700,1,630
66722,1,630
66725,1,630
66744,1,630
66824,1,630
66850,1,630
66899,1,630
66915,1,630
66959,1,630
66977,1,630
67028,1,630
67041,1,630
67091,1,630
67138,1,630
67191,1,630
67262,1,630
67319,1,630
67522,1,630
67532,1,630
67560,1,630
67573,1,630
67590,1,630
67660,1,630
67710,1,630
67718,1,630
67760,1,630
67764,1,630
67848,1,630
67857,1,630
68001,1,630
68010,1,630
68019,1,630
68022,1,630
68034,1,630
68047,1,630
68050,1,630
68055,1,630
68056,1,630
68083,1,630
68090,1,630
68108,1,630
68115,1,630
68146,1,630
68150,1,630
68158,1,630
68262,1,630
68412,1,630
68422,1,630
68500,1,630
68543,1,630
68660,1,630
68692,1,630
68697,1,630
68729,1,630
68758,1,630
68838,1,630
68857,1,630
68869,1,630
68897,1,630
68898,1,630
68929,1,630
68939,1,630
69009,1,630
69022,1,630
69030,1,630
69033,1,630
69039,1,630
69061,1,630
69068,1,630
69071,1,630
69075,1,630
69076,1,630
69103,1,630
69108,1,630
69109,1,630
69167,1,630
69175,1,630
69208,1,630
69208,1,630
69243,1,630
69275,1,630
69326,1,630
69337,1,630
69347,1,630
69353,1,630
69360,1,630
69384,1,630
69390,1,630
69435,1,630
69475,1,630
69495,1,630
69501,1,630
69525,1,630
69584,1,630
69587,1,630
69605,1,630
69638,1,630
69644,1,630
69649,1,630
69659,1,630
69664,1,630
69666,1,630
69715,1,630
69772,1,630
69800,1,630
69806,1,630
69822,1,630
69854,1,630
69889,1,630
69892,1,630
69903,1,630
69908,1,630
69937,1,630
69942,1,630
69982,1,630
70001,1,630
70007,1,630
70008,1,630
70009,1,630
70033,1,630
70039,1,630
70048,1,630
70049,1,630
70062,1,630
70089,1,630
70104,1,630
70130,1,630
70130,1,630
70139,1,630
70147,1,630
70159,1,630
70163,1,630
70192,1,630
70223,1,630
70250,1,630
70272,1,630
70287,1,630
70287,1,630
70379,1,630
70382,1,630
70397,1,630
70432,1,630
70459,1,630
70459,1,630
70499,1,630
70545,1,630
70582,1,630
70585,1,630
70643,1,630
70648,1,630
70665,1,630
70730,1,630
70756,1,630
70764,1,630
70776,1,630
70800,1,630
70818,1,630
70831,1,630
70841,1,630
70853,1,630
70865,1,630
70874,1,630
70881,1,630
70897,1,630
70973,1,630
70977,1,630
71045,1,630
71095,1,630
71108,1,630
71151,1,630
71172,1,630
71175,1,630
71182,1,630
71215,1,630
71227,1,630
71238,1,630
71264,1,630
71286,1,630
71315,1,630
71378,1,630
71406,1,630
71424,1,630
71503,1,630
71513,1,630
71513,1,630
71564,1,630
71604,1,630
71634,1,630
71663,1,630
71677,1,630
71767,1,630
71784,1,630
71828,1,630
71909,1,630
71962,1,630
72012,1,630
72014,1,630
72049,1,630
72056,1,630
72063,1,630
72076,1,630
72101,1,630
72106,1,630
72119,1,630
72122,1,630
72123,1,630
72143,1,630
72144,1,630
72188,1,630
72193,1,630
72201,1,630
72209,1,630
72213,1,630
72230,1,630
72234,1,630
72239,1,630
72269,1,630
72280,1,630
72303,1,630
72343,1,630
72353,1,630
72382,1,630
72389,1,630
72402,1,630
72461,1,630
72519,1,630
72520,1,630
72527,1,630
72529,1,630
72556,1,630
72667,1,630
72674,1,630
72702,1,630
72703,1,630
72716,1,630
72722,1,630
72732,1,630
72737,1,630
72783,1,630
72785,1,630
72808,1,630
72818,1,630
72844,1,630
72876,1,630
72923,1,630
72926,1,630
72937,1,630
72968,1,630
73004,1,630
73012,1,630
73019,1,630
73023,1,630
73051,1,630
73099,1,630
73146,1,630
73171,1,630
73180,1,630
73200,1,630
73207,1,630
73207,1,630
73215,1,630
73237,1,630
73287,1,630
73294,1,630
73318,1,630
73399,1,630
73429,1,630
73435,1,630
73461,1,630
73464,1,630
73477,1,630
73486,1,630
73496,1,630
73509,1,630
73560,1,630
73572,1,630
73586,1,630
73594,1,630
73599,1,630
73650,1,630
73705,1,630
73720,1,630
73728,1,630
73730,1,630
73749,1,630
73759,1,630
73764,1,630
73793,1,630
73799,1,630
74021,1,630
74039,1,630
74047,1,630
74048,1,630
74053,1,630
74063,1,630
74084,1,630
74092,1,630
74106,1,630
74144,1,630
74276,1,630
74289,1,630
74340,1,630
74419,1,630
74482,1,630
74686,1,630
74712,1,630
74738,1,630
74752,1,630
74780,1,630
74809,1,630
74847,1,630
74861,1,630
74865,1,630
74948,1,630
74992,1,630
75012,1,630
75028,1,630
75043,1,630
75044,1,630
75045,1,630
75049,1,630
75059,1,630
75060,1,630
75065,1,630
75067,1,630
75074,1,630
75075,1,630
75089,1,630
75107,1,630
75115,1,630
75124,1,630
75142,1,630
75150,1,630
75161,1,630
75181,1,630
75227,1,630
75245,1,630
75304,1,630
75304,1,630
75309,1,630
75354,1,630
75357,1,630
75372,1,630
75374,1,630
75375,1,630
75375,1,630
75385,1,630
75443,1,630
75539,1,630
75552,1,630
75562,1,630
75567,1,630
75587,1,630
75610,1,630
75623,1,630
75658,1,630
75704,1,630
75710,1,630
75710,1,630
75737,1,630
75739,1,630
75797,1,630
75817,1,630
75817,1,630
75900,1,630
75941,1,630
75948,1,630
75993,1,630
76001,1,630
76013,1,630
76017,1,630
76018,1,630
76025,1,630
76037,1,630
76074,1,630
76111,1,630
76165,1,630
76191,1,630
76228,1,630
76234,1,630
76241,1,630
76254,1,630
76276,1,630
76309,1,630
76318,1,630
76355,1,630
76358,1,630
76369,1,630
76386,1,630
76391,1,630
76407,1,630
76435,1,630
76449,1,630
76450,1,630
76461,1,630
76573,1,630
76698,1,630
76698,1,630
76728,1,630
76759,1,630
76785,1,630
76838,1,630
76845,1,630
76864,1,630
76872,1,630
76976,1,630
76983,1,630
76994,1,630
77022,1,630
77032,1,630
77036,1,630
77068,1,630
77082,1,630
77098,1,630
77108,1,630
77115,1,630
77178,1,630
77218,1,630
77285,1,630
77289,1,630
77302,1,630
77362,1,630
77378,1,630
77387,1,630
77401,1,630
77407,1,630
77509,1,630
77532,1,630
77556,1,630
77561,1,630
77570,1,630
77587,1,630
77607,1,630
77625,1,630
77665,1,630
77741,1,630
77746,1,630
77775,1,630
77781,1,630
77782,1,630
77800,1,630
77831,1,630
77869,1,630
77878,1,630
77900,1,630
77944,1,630
77966,1,630
78041,1,630
78044,1,630
78055,1,630
78062,1,630
78117,1,630
78123,1,630
78135,1,630
78141,1,630
78239,1,630
78259,1,630
78270,1,630
78283,1,630
78330,1,630
78339,1,630
78353,1,630
78368,1,630
78385,1,630
78438,1,630
78440,1,630
78445,1,630
78452,1,630
78463,1,630
78569,1,630
78594,1,630
78608,1,630
78609,1,630
78609,1,630
78611,1,630
78621,1,630
78654,1,630
78654,1,630
78690,1,630
78721,1,630
78723,1,630
78792,1,630
78806,1,630
78807,1,630
78812,1,630
78886,1,630
78915,1,630
78923,1,630
78944,1,630
78966,1,630
79032,1,630
79043,1,630
79091,1,630
79148,1,630
79211,1,630
79218,1,630
79251,1,630
79266,1,630
79283,1,630
79293,1,630
79344,1,630
79359,1,630
79369,1,630
79418,1,630
79448,1,630
79500,1,630
79510,1,630
79516,1,630
79598,1,630
79644,1,630
79648,1,630
79655,1,630
79661,1,630
79664,1,630
79673,1,630
79678,1,630
79688,1,630
79699,1,630
79707,1,630
79720,1,630
79741,1,630
79758,1,630
79767,1,630
79796,1,630
79827,1,630
79894,1,630
79906,1,630
79944,1,630
79979,1,630
80001,1,630
80039,1,630
80105,1,630
80108,1,630
80118,1,630
80137,1,630
80145,1,630
80163,1,630
80178,1,630
80183,1,630
80212,1,630
80215,1,630
80266,1,630
80300,1,630
80309,1,630
80370,1,630
80400,1,630
80428,1,630
80442,1,630
80446,1,630
80471,1,630
80474,1,630
80483,1,630
80500,1,630
80505,1,630
80529,1,630
80541,1,630
80558,1,630
80606,1,630
80610,1,630
80640,1,630
80681,1,630
80700,1,630
80723,1,630
80727,1,630
80767,1,630
80806,1,630
80882,1,630
80906,1,630
81012,1,630
81026,1,630
81038,1,630
81049,1,630
81056,1,630
81107,1,630
81138,1,630
81141,1,630
81155,1,630
81167,1,630
81168,1,630
81187,1,630
81192,1,630
81241,1,630
81291,1,630
81371,1,630
81400,1,630
81400,1,630
81431,1,630
81447,1,630
81447,1,630
81469,1,630
81487,1,630
81504,1,630
81510,1,630
81584,1,630
81588,1,630
81589,1,630
81631,1,630
81648,1,630
81650,1,630
81726,1,630
81735,1,630
81743,1,630
81765,1,630
81769,1,630
81799,1,630
81805,1,630
81814,1,630
81820,1,630
81821,1,630
81836,1,630
81879,1,630
81903,1,630
81950,1,630
81955,1,630
81958,1,630
81959,1,630
81966,1,630
82001,1,630
82008,1,630
82013,1,630
82022,1,630
82037,1,630
82039,1,630
82048,1,630
82055,1,630
82058,1,630
82059,1,630
82084,1,630
82084,1,630
82085,1,630
82089,1,630
82094,1,630
82103,1,630
82120,1,630
82149,1,630
82173,1,630
82184,1,630
82284,1,630
82285,1,630
82367,1,630
82421,1,630
82445,1,630
82453,1,630
82457,1,630
82458,1,630
82461,1,630
82489,1,630
82528,1,630
82540,1,630
82559,1,630
82574,1,630
82582,1,630
82583,1,630
82586,1,630
82621,1,630
82663,1,630
82697,1,630
82712,1,630
82719,1,630
82734,1,630
82755,1,630
82780,1,630
82822,1,630
82830,1,630
82839,1,630
82845,1,630
82901,1,630
82905,1,630
82906,1,630
82907,1,630
83004,1,630
83036,1,630
83044,1,630
83077,1,630
83080,1,630
83109,1,630
83115,1,630
83118,1,630
83141,1,630
83150,1,630
83154,1,630
83156,1,630
83176,1,630
83259,1,630
83268,1,630
83288,1,630
83295,1,630
83295,1,630
83302,1,630
83338,1,630
83351,1,630
83358,1,630
83391,1,630
83471,1,630
83481,1,630
83488,1,630
83544,1,630
83623,1,630
83682,1,630
83683,1,630
83725,1,630
83760,1,630
83777,1,630
83784,1,630
83817,1,630
83820,1,630
83824,1,630
83849,1,630
83874,1,630
83909,1,630
83910,1,630
83949,1,630
83976,1,630
83976,1,630
83986,1,630
84006,1,630
84025,1,630
84044,1,630
84055,1,630
84068,1,630
84088,1,630
84155,1,630
84158,1,630
84221,1,630
84253,1,630
84292,1,630
84299,1,630
84305,1,630
84314,1,630
84325,1,630
84355,1,630
84368,1,630
84395,1,630
84423,1,630
84429,1,630
84433,1,630
84502,1,630
84510,1,630
84566,1,630
84577,1,630
84582,1,630
84593,1,630
84636,1,630
84670,1,630
84697,1,630
84742,1,630
84750,1,630
84770,1,630
84778,1,630
84835,1,630
84851,1,630
84852,1,630
84865,1,630
84871,1,630
84881,1,630
84899,1,630
84902,1,630
84948,1,630
84978,1,630
84996,1,630
85011,1,630
85018,1,630
85021,1,630
85028,1,630
85042,1,630
85067,1,630
85091,1,630
85111,1,630
85135,1,630
85153,1,630
85175,1,630
85183,1,630
85203,1,630
85211,1,630
85215,1,630
85233,1,630
85238,1,630
85354,1,630
85365,1,630
85371,1,630
85411,1,630
85433,1,630
85456,1,630
85456,1,630
85507,1,630
85537,1,630
85553,1,630
85570,1,630
85585,1,630
85614,1,630
85627,1,630
85663,1,630
85700,1,630
85721,1,630
85738,1,630
85767,1,630
85790,1,630
85793,1,630
85813,1,630
85863,1,630
85878,1,630
85887,1,630
85902,1,630
85915,1,630
85949,1,630
86026,1,630
86047,1,630
86129,1,630
86136,1,630
86149,1,630
86158,1,630
86190,1,630
86194,1,630
86280,1,630
86281,1,630
86288,1,630
86291,1,630
86327,1,630
86378,1,630
86390,1,630
86395,1,630
86421,1,630
86456,1,630
86473,1,630
86493,1,630
86494,1,630
86507,1,630
86561,1,630
86568,1,630
86578,1,630
86584,1,630
86597,1,630
86604,1,630
86614,1,630
86676,1,630
86711,1,630
86712,1,630
86728,1,630
86760,1,630
86808,1,630
86811,1,630
86826,1,630
86827,1,630
86862,1,630
86863,1,630
86875,1,630
86882,1,630
86896,1,630
86898,1,630
86905,1,630
86907,1,630
87006,1,630
87018,1,630
87038,1,630
87057,1,630
87099,1,630
87110,1,630
87131,1,630
87132,1,630
87145,1,630
87169,1,630
87186,1,630
87202,1,630
87265,1,630
87271,1,630
87282,1,630
87325,1,630
87351,1,630
87408,1,630
87413,1,630
87469,1,630
87479,1,630
87481,1,630
87524,1,630
87539,1,630
87548,1,630
87575,1,630
87587,1,630
87588,1,630
87653,1,630
87690,1,630
87735,1,630
87743,1,630
87804,1,630
87817,1,630
87827,1,630
87840,1,630
87844,1,630
87907,1,630
87921,1,630
87930,1,630
87949,1,630
87990,1,630
88007,1,630
88022,1,630
88029,1,630
88061,1,630
88086,1,630
88106,1,630
88109,1,630
88118,1,630
88146,1,630
88155,1,630
88157,1,630
88182,1,630
88186,1,630
88193,1,630
88195,1,630
88210,1,630
88217,1,630
88251,1,630
88294,1,630
88320,1,630
88330,1,630
88340,1,630
88391,1,630
88413,1,630
88438,1,630
88484,1,630
88504,1,630
88511,1,630
88724,1,630
88780,1,630
88800,1,630
88803,1,630
88841,1,630
88873,1,630
88876,1,630
88885,1,630
88903,1,630
88919,1,630
88928,1,630
88955,1,630
89003,1,630
89018,1,630
89027,1,630
89059,1,630
89078,1,630
89139,1,630
89163,1,630
89174,1,630
89175,1,630
89196,1,630
89199,1,630
89219,1,630
89254,1,630
89255,1,630
89279,1,630
89285,1,630
89322,1,630
89367,1,630
89369,1,630
89383,1,630
89398,1,630
89399,1,630
89411,1,630
89452,1,630
89491,1,630
89526,1,630
89532,1,630
89538,1,630
89561,1,630
89562,1,630
89577,1,630
89585,1,630
89623,1,630
89629,1,630
89643,1,630
89660,1,630
89695,1,630
89711,1,630
89760,1,630
89772,1,630
89772,1,630
89789,1,630
89803,1,630
89803,1,630
89817,1,630
89822,1,630
89840,1,630
89861,1,630
89866,1,630
89917,1,630
89918,1,630
89943,1,630
90009,1,630
90010,1,630
90017,1,630
90032,1,630
90045,1,630
90053,1,630
90093,1,630
90096,1,630
90110,1,630
90117,1,630
90191,1,630
90201,1,630
90220,1,630
90250,1,630
90316,1,630
90331,1,630
90347,1,630
90354,1,630
90398,1,630
90401,1,630
90416,1,630
90423,1,630
90431,1,630
90471,1,630
90505,1,630
90550,1,630
90563,1,630
90575,1,630
90612,1,630
90627,1,630
90659,1,630
90667,1,630
90692,1,630
90694,1,630
90710,1,630
90722,1,630
90750,1,630
90759,1,630
90766,1,630
90769,1,630
90774,1,630
91015,1,630
91039,1,630
91047,1,630
91047,1,630
91081,1,630
91097,1,630
91098,1,630
91106,1,630
91112,1,630
91131,1,630
91152,1,630
91175,1,630
91213,1,630
91240,1,630
91244,1,630
91274,1,630
91312,1,630
91325,1,630
91330,1,630
91332,1,630
91340,1,630
91442,1,630
91452,1,630
91458,1,630
91473,1,630
91524,1,630
91581,1,630
91583,1,630
91599,1,630
91602,1,630
91610,1,630
91639,1,630
91674,1,630
91711,1,630
91716,1,630
91772,1,630
91776,1,630
91794,1,630
91804,1,630
91821,1,630
91876,1,630
91989,1,630
91997,1,630
92019,1,630
92166,1,630
92198,1,630
92219,1,630
92224,1,630
92260,1,630
92269,1,630
92358,1,630
92359,1,630
92376,1,630
92380,1,630
92413,1,630
92429,1,630
92540,1,630
92553,1,630
92608,1,630
92609,1,630
92647,1,630
92695,1,630
92698,1,630
92725,1,630
92732,1,630
92741,1,630
92766,1,630
92799,1,630
92806,1,630
92825,1,630
92860,1,630
92884,1,630
92885,1,630
92901,1,630
92927,1,630
92936,1,630
92951,1,630
92959,1,630
92978,1,630
92990,1,630
93002,1,630
93006,1,630
93020,1,630
93039,1,630
93039,1,630
93040,1,630
93053,1,630
93053,1,630
93058,1,630
93069,1,630
93087,1,630
93109,1,630
93109,1,630
93183,1,630
93184,1,630
93191,1,630
93200,1,630
93203,1,630
93208,1,630
93246,1,630
93259,1,630
93271,1,630
93279,1,630
93321,1,630
93322,1,630
93322,1,630
93325,1,630
93336,1,630
93366,1,630
93380,1,630
93413,1,630
93415,1,630
93439,1,630
93461,1,630
93476,1,630
93482,1,630
93493,1,630
93504,1,630
93519,1,630
93532,1,630
93535,1,630
93542,1,630
93547,1,630
93551,1,630
93554,1,630
93558,1,630
93586,1,630
93593,1,630
93635,1,630
93641,1,630
93654,1,630
93729,1,630
93741,1,630
93755,1,630
93776,1,630
93779,1,630
93807,1,630
93817,1,630
93832,1,630
93849,1,630
93876,1,630
93901,1,630
93937,1,630
93939,1,630
93949,1,630
93959,1,630
93965,1,630
93971,1,630
93991,1,630
94016,1,630
94025,1,630
94033,1,630
94038,1,630
94043,1,630
94079,1,630
94089,1,630
94123,1,630
94143,1,630
94267,1,630
94272,1,630
94273,1,630
94274,1,630
94280,1,630
94295,1,630
94347,1,630
94360,1,630
94397,1,630
94398,1,630
94400,1,630
94401,1,630
94416,1,630
94430,1,630
94437,1,630
94443,1,630
94460,1,630
94461,1,630
94476,1,630
94489,1,630
94512,1,630
94562,1,630
94572,1,630
94580,1,630
94596,1,630
94597,1,630
94614,1,630
94619,1,630
94627,1,630
94650,1,630
94650,1,630
94657,1,630
94661,1,630
94685,1,630
94752,1,630
94761,1,630
94763,1,630
94802,1,630
94802,1,630
94806,1,630
94867,1,630
94891,1,630
94912,1,630
94932,1,630
95027,1,630
95036,1,630
95039,1,630
95054,1,630
95056,1,630
95057,1,630
95074,1,630
95090,1,630
95140,1,630
95185,1,630
95212,1,630
95214,1,630
95224,1,630
95226,1,630
95234,1,630
95238,1,630
95343,1,630
95347,1,630
95354,1,630
95396,1,630
95401,1,630
95417,1,630
95447,1,630
95510,1,630
95549,1,630
95579,1,630
95580,1,630
95580,1,630
95628,1,630
95631,1,630
95632,1,630
95641,1,630
95642,1,630
95686,1,630
95696,1,630
95775,1,630
95776,1,630
95781,1,630
95799,1,630
95812,1,630
95831,1,630
95840,1,630
95857,1,630
95876,1,630
95920,1,630
95971,1,630
95991,1,630
96001,1,630
96004,1,630
96005,1,630
96008,1,630
96095,1,630
96108,1,630
96216,1,630
96284,1,630
96322,1,630
96331,1,630
96343,1,630
96383,1,630
96423,1,630
96453,1,630
96465,1,630
96466,1,630
96509,1,630
96510,1,630
96540,1,630
96541,1,630
96595,1,630
96604,1,630
96606,1,630
96634,1,630
96638,1,630
96649,1,630
96669,1,630
96682,1,630
96715,1,630
96762,1,630
96832,1,630
96836,1,630
96842,1,630
96870,1,630
96895,1,630
96931,1,630
96931,1,630
96946,1,630
97012,1,630
97032,1,630
97040,1,630
97041,1,630
97061,1,630
97071,1,630
97105,1,630
97109,1,630
97121,1,630
97122,1,630
97145,1,630
97158,1,630
97164,1,630
97170,1,630
97184,1,630
97185,1,630
97191,1,630
97192,1,630
97206,1,630
97207,1,630
97233,1,630
97257,1,630
97295,1,630
97301,1,630
97309,1,630
97324,1,630
97338,1,630
97341,1,630
97350,1,630
97361,1,630
97427,1,630
97432,1,630
97472,1,630
97495,1,630
97499,1,630
97517,1,630
97538,1,630
97598,1,630
97604,1,630
97624,1,630
97625,1,630
97638,1,630
97641,1,630
97642,1,630
97733,1,630
97785,1,630
97815,1,630
97832,1,630
97860,1,630
97939,1,630
97996,1,630
98035,1,630
98035,1,630
98053,1,630
98084,1,630
98089,1,630
98090,1,630
98105,1,630
98122,1,630
98126,1,630
98150,1,630
98201,1,630
98204,1,630
98207,1,630
98264,1,630
98279,1,630
98292,1,630
98306,1,630
98329,1,630
98340,1,630
98360,1,630
98372,1,630
98373,1,630
98374,1,630
98430,1,630
98439,1,630
98441,1,630
98483,1,630
98519,1,630
98529,1,630
98546,1,630
98557,1,630
98562,1,630
98583,1,630
98609,1,630
98629,1,630
98669,1,630
98720,1,630
98721,1,630
98744,1,630
98758,1,630
98782,1,630
98797,1,630
98802,1,630
98806,1,630
98820,1,630
98837,1,630
98849,1,630
98867,1,630
98875,1,630
99035,1,630
99042,1,630
99073,1,630
99089,1,630
99090,1,630
99100,1,630
99105,1,630
99118,1,630
99132,1,630
99136,1,630
99147,1,630
99150,1,630
99175,1,630
99192,1,630
99219,1,630
99253,1,630
99285,1,630
99349,1,630
99351,1,630
99360,1,630
99382,1,630
99387,1,630
99398,1,630
99438,1,630
99439,1,630
99442,1,630
99446,1,630
99465,1,630
99467,1,630
99561,1,630
99602,1,630
99618,1,630
99640,1,630
99658,1,630
99685,1,630
99706,1,630
99741,1,630
99757,1,630
99765,1,630
99801,1,630
99815,1,630
99902,1,630
99906,1,630
99927,1,630
100008,1,630
100020,1,630
100032,1,630
100044,1,630
100056,1,630
100068,1,630
100070,1,630
100116,1,630
100131,1,630
100234,1,630
100255,1,630
100276,1,630
100299,1,630
100332,1,630
100345,1,630
100356,1,630
100382,1,630
100437,1,630
100447,1,630
100480,1,630
100499,1,630
100501,1,630
100502,1,630
100513,1,630
100519,1,630
100584,1,630
100611,1,630
100638,1,630
100649,1,630
100672,1,630
100753,1,630
100787,1,630
100801,1,630
100808,1,630
100852,1,630
100865,1,630
100872,1,630
100872,1,630
100876,1,630
100909,1,630
100911,1,630
100921,1,630
100924,1,630
100928,1,630
100958,1,630
101020,1,630
101030,1,630
101048,1,630
101060,1,630
101067,1,630
101091,1,630
101123,1,630
101134,1,630
101154,1,630
101158,1,630
101212,1,630
101263,1,630
101312,1,630
101407,1,630
101424,1,630
101473,1,630
101480,1,630
101484,1,630
101493,1,630
101539,1,630
101549,1,630
101558,1,630
101612,1,630
101629,1,630
101658,1,630
101691,1,630
101778,1,630
101828,1,630
101888,1,630
101894,1,630
101896,1,630
101929,1,630
101934,1,630
102002,1,630
102010,1,630
102034,1,630
102053,1,630
102055,1,630
102073,1,630
102077,1,630
102103,1,630
102104,1,630
102111,1,630
102114,1,630
102117,1,630
102117,1,630
102140,1,630
102151,1,630
102157,1,630
102171,1,630
102198,1,630
102201,1,630
102205,1,630
102221,1,630
102229,1,630
102294,1,630
102303,1,630
102326,1,630
102356,1,630
102380,1,630
102403,1,630
102451,1,630
102520,1,630
102544,1,630
102624,1,630
102678,1,630
102729,1,630
102732,1,630
102742,1,630
102768,1,630
102778,1,630
102782,1,630
102875,1,630
102897,1,630
102906,1,630
102908,1,630
102922,1,630
102958,1,630
102970,1,630
102995,1,630
103004,1,630
103017,1,630
103017,1,630
103024,1,630
103029,1,630
103059,1,630
103062,1,630
103108,1,630
103113,1,630
103115,1,630
103127,1,630
103162,1,630
103166,1,630
103195,1,630
103229,1,630
103231,1,630
103256,1,630
103268,1,630
103282,1,630
103324,1,630
103381,1,630
103390,1,630
103410,1,630
103415,1,630
103416,1,630
103484,1,630
103500,1,630
103502,1,630
103503,1,630
103514,1,630
103525,1,630
103533,1,630
103578,1,630
103602,1,630
103628,1,630
103659,1,630
103670,1,630
103721,1,630
103741,1,630
103757,1,630
103780,1,630
104029,1,630
104032,1,630
104050,1,630
104064,1,630
104112,1,630
104130,1,630
104176,1,630
104204,1,630
104304,1,630
104498,1,630
104526,1,630
104589,1,630
104617,1,630
104620,1,630
104640,1,630
104645,1,630
104668,1,630
104682,1,630
104750,1,630
104757,1,630
104764,1,630
104780,1,630
104821,1,630
104850,1,630
104857,1,630
104858,1,630
104967,1,630
104975,1,630
104994,1,630
104999,1,630
105001,1,630
105006,1,630
105007,1,630
105010,1,630
105027,1,630
105028,1,630
105047,1,630
105049,1,630
105050,1,630
105054,1,630
105058,1,630
105064,1,630
105082,1,630
105089,1,630
105121,1,630
105127,1,630
105128,1,630
105128,1,630
105142,1,630
105151,1,630
105155,1,630
105167,1,630
105185,1,630
105188,1,630
105197,1,630
105225,1,630
105249,1,630
105258,1,630
105262,1,630
105288,1,630
105301,1,630
105308,1,630
105353,1,630
105363,1,630
105367,1,630
105375,1,630
105391,1,630
105415,1,630
105425,1,630
105436,1,630
105449,1,630
105488,1,630
105499,1,630
105505,1,630
105523,1,630
105546,1,630
105555,1,630
105576,1,630
105600,1,630
105622,1,630
105631,1,630
105687,1,630
105689,1,630
105697,1,630
105715,1,630
105743,1,630
105745,1,630
105768,1,630
106051,1,630
106176,1,630
106178,1,630
106210,1,630
106230,1,630
106234,1,630
106272,1,630
106323,1,630
106324,1,630
106345,1,630
106345,1,630
106369,1,630
106380,1,630
106383,1,630
106429,1,630
106470,1,630
106471,1,630
106504,1,630
106571,1,630
106614,1,630
106620,1,630
106645,1,630
106679,1,630
106679,1,630
106702,1,630
106718,1,630
106734,1,630
106750,1,630
106762,1,630
106799,1,630
106803,1,630
106825,1,630
106861,1,630
106895,1,630
106929,1,630
107002,1,630
107010,1,630
107017,1,630
107138,1,630
107155,1,630
107178,1,630
107189,1,630
107208,1,630
107214,1,630
107216,1,630
107240,1,630
107257,1,630
107281,1,630
107355,1,630
107355,1,630
107396,1,630
107425,1,630
107444,1,630
107475,1,630
107476,1,630
107478,1,630
107490,1,630
107533,1,630
107543,1,630
107604,1,630
107609,1,630
107648,1,630
107688,1,630
107706,1,630
107715,1,630
107724,1,630
107745,1,630
107759,1,630
107766,1,630
107768,1,630
107780,1,630
107780,1,630
108035,1,630
108050,1,630
108061,1,630
108151,1,630
108180,1,630
108209,1,630
108220,1,630
108233,1,630
108241,1,630
108247,1,630
108259,1,630
108291,1,630
108327,1,630
108396,1,630
108463,1,630
108481,1,630
108526,1,630
108527,1,630
108633,1,630
108651,1,630
108661,1,630
108702,1,630
108707,1,630
108721,1,630
108726,1,630
108731,1,630
108765,1,630
108766,1,630
108802,1,630
108923,1,630
108946,1,630
109017,1,630
109019,1,630
109030,1,630
109041,1,630
109056,1,630
109105,1,630
109191,1,630
109207,1,630
109226,1,630
109233,1,630
109235,1,630
109240,1,630
109331,1,630
109344,1,630
109357,1,630
109375,1,630
109423,1,630
109473,1,630
109498,1,630
109501,1,630
109516,1,630
109562,1,630
109589,1,630
109591,1,630
109600,1,630
109618,1,630
109705,1,630
109713,1,630
109749,1,630
109752,1,630
109781,1,630
109783,1,630
109786,1,630
109814,1,630
109838,1,630
110044,1,630
110063,1,630
110153,1,630
110190,1,630
110218,1,630
110233,1,630
110238,1,630
110274,1,630
110278,1,630
110289,1,630
110434,1,630
110440,1,630
110444,1,630
110524,1,630
110543,1,630
110585,1,630
110622,1,630
110646,1,630
110686,1,630
110737,1,630
110739,1,630
110763,1,630
110804,1,630
110842,1,630
110992,1,630
110996,1,630
111017,1,630
111030,1,630
111033,1,630
111036,1,630
111041,1,630
111046,1,630
111051,1,630
111076,1,630
111088,1,630
111089,1,630
111092,1,630
111102,1,630
111102,1,630
111105,1,630
111121,1,630
111135,1,630
111191,1,630
111193,1,630
111304,1,630
111306,1,630
111359,1,630
111386,1,630
111443,1,630
111449,1,630
111463,1,630
111479,1,630
111500,1,630
111522,1,630
111528,1,630
111529,1,630
111532,1,630
111568,1,630
111568,1,630
111671,1,630
111791,1,630
111801,1,630
111844,1,630
111848,1,630
111862,1,630
111886,1,630
111887,1,630
111910,1,630
111913,1,630
111929,1,630
112054,1,630
112057,1,630
112107,1,630
112110,1,630
112120,1,630
112198,1,630
112206,1,630
112209,1,630
112211,1,630
112214,1,630
112247,1,630
112274,1,630
112323,1,630
112336,1,630
112454,1,630
112457,1,630
112483,1,630
112494,1,630
112534,1,630
112571,1,630
112579,1,630
112634,1,630
112667,1,630
112670,1,630
112684,1,630
112701,1,630
112706,1,630
112708,1,630
112743,1,630
112753,1,630
112768,1,630
112784,1,630
112810,1,630
112826,1,630
112840,1,630
112905,1,630
113056,1,630
113087,1,630
113213,1,630
113218,1,630
113338,1,630
113351,1,630
113365,1,630
113406,1,630
113473,1,630
113497,1,630
113627,1,630
113650,1,630
113652,1,630
113676,1,630
113677,1,630
113742,1,630
113743,1,630
113781,1,630
113810,1,630
113838,1,630
113863,1,630
113898,1,630
113920,1,630
113955,1,630
113990,1,630
114001,1,630
114034,1,630
114048,1,630
114061,1,630
114065,1,630
114073,1,630
114085,1,630
114097,1,630
114109,1,630
114120,1,630
114126,1,630
114129,1,630
114218,1,630
114226,1,630
114249,1,630
114255,1,630
114284,1,630
114299,1,630
114322,1,630
114361,1,630
114363,1,630
114364,1,630
114368,1,630
114389,1,630
114392,1,630
114394,1,630
114399,1,630
114469,1,630
114476,1,630
114558,1,630
114559,1,630
114578,1,630
114587,1,630
114664,1,630
114706,1,630
114723,1,630
114804,1,630
115033,1,630
115054,1,630
115059,1,630
115068,1,630
115070,1,630
115084,1,630
115126,1,630
115138,1,630
115141,1,630
115161,1,630
115170,1,630
115211,1,630
115254,1,630
115261,1,630
115280,1,630
115351,1,630
115438,1,630
115460,1,630
115473,1,630
115487,1,630
115497,1,630
115506,1,630
115531,1,630
115558,1,630
115577,1,630
115587,1,630
115596,1,630
115667,1,630
115675,1,630
115679,1,630
115755,1,630
116007,1,630
116007,1,630
116041,1,630
116070,1,630
116105,1,630
116127,1,630
116152,1,630
116167,1,630
116196,1,630
116212,1,630
116253,1,630
116292,1,630
116294,1,630
116299,1,630
116331,1,630
116380,1,630
116384,1,630
116409,1,630
116477,1,630
116513,1,630
116518,1,630
116532,1,630
116569,1,630
116569,1,630
116620,1,630
116662,1,630
116693,1,630
116698,1,630
116729,1,630
116745,1,630
116764,1,630
116770,1,630
117019,1,630
117095,1,630
117129,1,630
117137,1,630
117144,1,630
117155,1,630
117160,1,630
117239,1,630
117251,1,630
117255,1,630
117353,1,630
117362,1,630
117414,1,630
117462,1,630
117507,1,630
117510,1,630
117541,1,630
117601,1,630
117605,1,630
117620,1,630
117626,1,630
117640,1,630
117668,1,630
117693,1,630
117752,1,630
117772,1,630
117775,1,630
117799,1,630
117807,1,630
117890,1,630
117937,1,630
117955,1,630
117991,1,630
118014,1,630
118043,1,630
118057,1,630
118058,1,630
118099,1,630
118217,1,630
118233,1,630
118258,1,630
118330,1,630
118373,1,630
118413,1,630
118454,1,630
118461,1,630
118472,1,630
118571,1,630
118590,1,630
118666,1,630
118679,1,630
118815,1,630
118822,1,630
118882,1,630
118917,1,630
118925,1,630
118967,1,630
118989,1,630
119018,1,630
119045,1,630
119089,1,630
119106,1,630
119130,1,630
119238,1,630
119249,1,630
119267,1,630
119343,1,630
119374,1,630
119392,1,630
119481,1,630
119512,1,630
119574,1,630
119578,1,630
119658,1,630
119658,1,630
119779,1,630
119804,1,630
119830,1,630
119853,1,630
120006,1,630
120042,1,630
120046,1,630
120048,1,630
120080,1,630
120120,1,630
120178,1,630
120214,1,630
120236,1,630
120237,1,630
120346,1,630
120351,1,630
120406,1,630
120453,1,630
120477,1,630
120574,1,630
120612,1,630
120624,1,630
120675,1,630
120684,1,630
120692,1,630
120717,1,630
120746,1,630
120783,1,630
120800,1,630
120827,1,630
120855,1,630
121006,1,630
121031,1,630
121072,1,630
121133,1,630
121266,1,630
121387,1,630
121400,1,630
121426,1,630
121432,1,630
121453,1,630
121472,1,630
121499,1,630
121541,1,630
121596,1,630
121690,1,630
121800,1,630
121804,1,630
121818,1,630
121835,1,630
121899,1,630
121927,1,630
121982,1,630
122007,1,630
122019,1,630
122024,1,630
122098,1,630
122121,1,630
122123,1,630
122258,1,630
122266,1,630
122291,1,630
122348,1,630
122358,1,630
122395,1,630
122438,1,630
122441,1,630
122570,1,630
122593,1,630
122627,1,630
122660,1,630
122729,1,630
122755,1,630
122763,1,630
122769,1,630
122818,1,630
122888,1,630
122944,1,630
123007,1,630
123078,1,630
123127,1,630
123189,1,630
123199,1,630
123298,1,630
123314,1,630
123327,1,630
123368,1,630
123422,1,630
123436,1,630
123525,1,630
123615,1,630
123656,1,630
123717,1,630
123795,1,630
123831,1,630
123842,1,630
123844,1,630
123882,1,630
123993,1,630
123997,1,630
124033,1,630
124053,1,630
124067,1,630
124149,1,630
124176,1,630
124214,1,630
124244,1,630
124277,1,630
124295,1,630
124302,1,630
124307,1,630
124319,1,630
124330,1,630
124336,1,630
124366,1,630
124397,1,630
124408,1,630
124410,1,630
124419,1,630
124425,1,630
124449,1,630
124456,1,630
124475,1,630
124530,1,630
125049,1,630
125156,1,630
125293,1,630
125349,1,630
125358,1,630
125423,1,630
125494,1,630
125502,1,630
125514,1,630
125515,1,630
125531,1,630
125647,1,630
125667,1,630
125706,1,630
125718,1,630
125889,1,630
125950,1,630
125985,1,630
126016,1,630
126072,1,630
126088,1,630
126179,1,630
126312,1,630
126433,1,630
126446,1,630
126526,1,630
126567,1,630
126584,1,630
126592,1,630
126609,1,630
126676,1,630
126681,1,630
126699,1,630
126813,1,630
126851,1,630
126918,1,630
126939,1,630
126945,1,630
127005,1,630
127041,1,630
127083,1,630
127092,1,630
127103,1,630
127256,1,630
127319,1,630
127416,1,630
127444,1,630
127573,1,630
127655,1,630
127737,1,630
127803,1,630
127805,1,630
127888,1,630
127915,1,630
127928,1,630
127956,1,630
127960,1,630
127962,1,630
128067,1,630
128089,1,630
128113,1,630
128158,1,630
128206,1,630
128225,1,630
128250,1,630
128251,1,630
128265,1,630
128428,1,630
128451,1,630
128655,1,630
128681,1,630
128724,1,630
128808,1,630
128986,1,630
129016,1,630
129023,1,630
129035,1,630
129042,1,630
129057,1,630
129177,1,630
129178,1,630
129215,1,630
129247,1,630
129305,1,630
129314,1,630
129353,1,630
129395,1,630
129407,1,630
129430,1,630
129527,1,630
129573,1,630
129578,1,630
129643,1,630
129735,1,630
129795,1,630
129806,1,630
129868,1,630
129872,1,630
129887,1,630
129947,1,630
130016,1,630
130025,1,630
130056,1,630
130060,1,630
130095,1,630
130096,1,630
130163,1,630
130182,1,630
130199,1,630
130264,1,630
130408,1,630
130481,1,630
130498,1,630
130515,1,630
130661,1,630
130734,1,630
130734,1,630
130734,1,630
130738,1,630
130778,1,630
130866,1,630
130957,1,630
130978,1,630
131055,1,630
131192,1,630
131255,1,630
131381,1,630
131562,1,630
131605,1,630
131772,1,630
131777,1,630
131927,1,630
132042,1,630
132067,1,630
132069,1,630
132079,1,630
132084,1,630
132138,1,630
132192,1,630
132194,1,630
132217,1,630
132229,1,630
132261,1,630
132380,1,630
132399,1,630
132407,1,630
132413,1,630
132494,1,630
132562,1,630
132638,1,630
132652,1,630
132884,1,630
132885,1,630
132939,1,630
132987,1,630
133029,1,630
133174,1,630
133176,1,630
133194,1,630
133286,1,630
133326,1,630
133359,1,630
133455,1,630
133639,1,630
133707,1,630
133782,1,630
133991,1,630
134003,1,630
134068,1,630
134087,1,630
134103,1,630
134158,1,630
134420,1,630
134475,1,630
134557,1,630
134685,1,630
134764,1,630
134779,1,630
134783,1,630
134887,1,630
134900,1,630
134923,1,630
135019,1,630
135383,1,630
135428,1,630
135461,1,630
135501,1,630
135651,1,630
135726,1,630
135727,1,630
135839,1,630
136022,1,630
136079,1,630
136101,1,630
136152,1,630
136165,1,630
136192,1,630
136200,1,630
136224,1,630
136259,1,630
136265,1,630
136328,1,630
136358,1,630
136441,1,630
136497,1,630
136511,1,630
136560,1,630
136592,1,630
136610,1,630
136695,1,630
136715,1,630
137059,1,630
137186,1,630
137212,1,630
137483,1,630
137686,1,630
137717,1,630
137725,1,630
137764,1,630
137786,1,630
137816,1,630
138035,1,630
138120,1,630
138222,1,630
138237,1,630
138281,1,630
138301,1,630
138320,1,630
138325,1,630
138398,1,630
138570,1,630
138741,1,630
138856,1,630
138902,1,630
139002,1,630
139017,1,630
139062,1,630
139090,1,630
139111,1,630
139133,1,630
139255,1,630
139283,1,630
139424,1,630
139613,1,630
139660,1,630
139700,1,630
139897,1,630
139910,1,630
139986,1,630
140043,1,630
140128,1,630
140191,1,630
140196,1,630
140337,1,630
140467,1,630
140479,1,630
140483,1,630
140492,1,630
140495,1,630
140652,1,630
140722,1,630
141053,1,630
141071,1,630
141267,1,630
141290,1,630
141434,1,630
141451,1,630
141482,1,630
141491,1,630
141612,1,630
141712,1,630
141728,1,630
141806,1,630
141897,1,630
142010,1,630
142041,1,630
142080,1,630
142110,1,630
142143,1,630
142207,1,630
142226,1,630
142267,1,630
142324,1,630
142364,1,630
142377,1,630
142561,1,630
142764,1,630
142785,1,630
143317,1,630
143410,1,630
143433,1,630
143507,1,630
143639,1,630
143645,1,630
144029,1,630
144039,1,630
144104,1,630
144118,1,630
144149,1,630
144448,1,630
144532,1,630
144562,1,630
144638,1,630
144730,1,630
144744,1,630
144844,1,630
145033,1,630
145054,1,630
145063,1,630
145068,1,630
145101,1,630
145149,1,630
145153,1,630
145176,1,630
145248,1,630
145254,1,630
145339,1,630
145384,1,630
146031,1,630
146032,1,630
146363,1,630
146401,1,630
146429,1,630
146519,1,630
146548,1,630
146553,1,630
146627,1,630
146726,1,630
147013,1,630
147097,1,630
147104,1,630
147432,1,630
147635,1,630
147674,1,630
147675,1,630
147707,1,630
148004,1,630
148087,1,630
148133,1,630
148160,1,630
148193,1,630
148247,1,630
148265,1,630
148330,1,630
148351,1,630
148431,1,630
148479,1,630
148744,1,630
149355,1,630
149476,1,630
149584,1,630
149598,1,630
149729,1,630
149733,1,630
150011,1,630
150058,1,630
150205,1,630
150251,1,630
150267,1,630
150461,1,630
150490,1,630
150558,1,630
151153,1,630
151292,1,630
151378,1,630
151729,1,630
151926,1,630
152003,1,630
152083,1,630
152142,1,630
152197,1,630
152491,1,630
152635,1,630
152690,1,630
152759,1,630
153013,1,630
153066,1,630
153127,1,630
153147,1,630
153179,1,630
153262,1,630
153300,1,630
153454,1,630
153518,1,630
153526,1,630
153586,1,630
153646,1,630
153719,1,630
153801,1,630
154107,1,630
154128,1,630
154401,1,630
154441,1,630
154467,1,630
154471,1,630
154540,1,630
154589,1,630
154760,1,630
154888,1,630
155071,1,630
155336,1,630
155569,1,630
155635,1,630
155883,1,630
156017,1,630
156077,1,630
156159,1,630
156354,1,630
156811,1,630
157005,1,630
157045,1,630
157134,1,630
157211,1,630
157218,1,630
157220,1,630
157466,1,630
157631,1,630
157736,1,630
158036,1,630
158216,1,630
158364,1,630
158436,1,630
158455,1,630
158521,1,630
158981,1,630
159243,1,630
159336,1,630
159480,1,630
159605,1,630
159661,1,630
159779,1,630
160037,1,630
160042,1,630
160067,1,630
160301,1,630
160325,1,630
160340,1,630
160482,1,630
160798,1,630
160814,1,630
160912,1,630
160913,1,630
161030,1,630
161083,1,630
161676,1,630
162049,1,630
162062,1,630
162069,1,630
162076,1,630
162755,1,630
162817,1,630
163052,1,630
163133,1,630
163157,1,630
163648,1,630
164063,1,630
164825,1,630
165069,1,630
165228,1,630
165235,1,630
165280,1,630
165296,1,630
165301,1,630
165348,1,630
165354,1,630
165355,1,630
165365,1,630
165396,1,630
165423,1,630
165567,1,630
165604,1,630
165634,1,630
165671,1,630
165687,1,630
165694,1,630
165776,1,630
166018,1,630
166057,1,630
166233,1,630
166306,1,630
166615,1,630
166745,1,630
167093,1,630
167132,1,630
167762,1,630
167898,1,630
167947,1,630
168137,1,630
168143,1,630
168343,1,630
168361,1,630
168372,1,630
168467,1,630
168598,1,630
168692,1,630
168747,1,630
168770,1,630
168821,1,630
168991,1,630
169245,1,630
169426,1,630
169952,1,630
170025,1,630
170073,1,630
170091,1,630
170095,1,630
170211,1,630
170231,1,630
170538,1,630
170924,1,630
171192,1,630
171354,1,630
171371,1,630
171410,1,630
171413,1,630
171539,1,630
171606,1,630
172056,1,630
172177,1,630
172240,1,630
172461,1,630
172506,1,630
172533,1,630
172534,1,630
172572,1,630
173013,1,630
173065,1,630
174584,1,630
174599,1,630
174625,1,630
175051,1,630
175382,1,630
175460,1,630
175530,1,630
175587,1,630
175642,1,630
176008,1,630
176052,1,630
176387,1,630
176614,1,630
177039,1,630
177094,1,630
177154,1,630
177327,1,630
177353,1,630
177406,1,630
177417,1,630
177456,1,630
177478,1,630
177538,1,630
177802,1,630
177832,1,630
177884,1,630
177887,1,630
177891,1,630
177929,1,630
177974,1,630
178029,1,630
178050,1,630
178080,1,630
178157,1,630
178188,1,630
178200,1,630
178530,1,630
178537,1,630
178802,1,630
178981,1,630
179004,1,630
179048,1,630
179149,1,630
179348,1,630
179646,1,630
179653,1,630
179880,1,630
180034,1,630
180046,1,630
180080,1,630
180240,1,630
180686,1,630
180733,1,630
180749,1,630
181067,1,630
181088,1,630
181097,1,630
181536,1,630
181632,1,630
182244,1,630
182621,1,630
183072,1,630
183104,1,630
183113,1,630
183153,1,630
183159,1,630
183173,1,630
183405,1,630
183432,1,630
183452,1,630
183581,1,630
183640,1,630
184287,1,630
184340,1,630
184383,1,630
184491,1,630
184585,1,630
184707,1,630
184786,1,630
184887,1,630
184928,1,630
184929,1,630
185251,1,630
185740,1,630
185793,1,630
185829,1,630
185914,1,630
185925,1,630
186329,1,630
186374,1,630
186449,1,630
186457,1,630
186750,1,630
187139,1,630
187160,1,630
187292,1,630
187332,1,630
187768,1,630
188014,1,630
188171,1,630
188236,1,630
188315,1,630
188326,1,630
188372,1,630
189079,1,630
189088,1,630
189216,1,630
189238,1,630
189256,1,630
189297,1,630
189346,1,630
189359,1,630
189511,1,630
189526,1,630
189579,1,630
189591,1,630
189686,1,630
189693,1,630
189823,1,630
189838,1,630
189882,1,630
190285,1,630
190287,1,630
190350,1,630
190517,1,630
190754,1,630
190789,1,630
190965,1,630
191238,1,630
191275,1,630
191604,1,630
191648,1,630
191894,1,630
191972,1,630
192009,1,630
192037,1,630
192076,1,630
192174,1,630
192478,1,630
192563,1,630
192643,1,630
192733,1,630
192752,1,630
192792,1,630
193258,1,630
193298,1,630
193451,1,630
193736,1,630
193776,1,630
193945,1,630
194300,1,630
194592,1,630
194649,1,630
194661,1,630
194680,1,630
194927,1,630
195023,1,630
195070,1,630
195080,1,630
195132,1,630
195132,1,630
195301,1,630
195444,1,630
195537,1,630
195802,1,630
196057,1,630
196089,1,630
196501,1,630
196503,1,630
196558,1,630
196584,1,630
196586,1,630
196653,1,630
197107,1,630
197164,1,630
197473,1,630
198393,1,630
198396,1,630
198564,1,630
198575,1,630
198683,1,630
199091,1,630
199150,1,630
199299,1,630
199420,1,630
199515,1,630
199534,1,630
199578,1,630
199789,1,630
199863,1,630
199907,1,630
200153,1,630
200302,1,630
200491,1,630
201120,1,630
201164,1,630
201166,1,630
201179,1,630
201213,1,630
201285,1,630
201290,1,630
201322,1,630
201347,1,630
201388,1,630
201501,1,630
201653,1,630
201720,1,630
201733,1,630
201804,1,630
201881,1,630
201892,1,630
201960,1,630
201965,1,630
201982,1,630
201995,1,630
202084,1,630
202104,1,630
202125,1,630
202436,1,630
202536,1,630
202622,1,630
202757,1,630
202768,1,630
202854,1,630
202925,1,630
202938,1,630
203038,1,630
203205,1,630
203235,1,630
203507,1,630
203590,1,630
203817,1,630
203824,1,630
203832,1,630
203961,1,630
204245,1,630
204654,1,630
204677,1,630
204686,1,630
204701,1,630
204862,1,630
204962,1,630
204971,1,630
205042,1,630
205068,1,630
205159,1,630
205313,1,630
205389,1,630
205605,1,630
205792,1,630
205946,1,630
206122,1,630
206196,1,630
206223,1,630
206314,1,630
206344,1,630
206415,1,630
206495,1,630
206522,1,630
206734,1,630
206871,1,630
207214,1,630
207252,1,630
207380,1,630
207391,1,630
207404,1,630
207502,1,630
207741,1,630
207945,1,630
207993,1,630
208016,1,630
208024,1,630
208040,1,630
208109,1,630
208133,1,630
208248,1,630
208356,1,630
208413,1,630
208493,1,630
208560,1,630
208616,1,630
209660,1,630
209869,1,630
210067,1,630
210106,1,630
210142,1,630
210249,1,630
210289,1,630
210340,1,630
210353,1,630
210431,1,630
211032,1,630
211177,1,630
211222,1,630
211273,1,630
211326,1,630
211688,1,630
212122,1,630
212201,1,630
212286,1,630
212294,1,630
212342,1,630
212964,1,630
213039,1,630
213051,1,630
213076,1,630
213218,1,630
213232,1,630
213243,1,630
213268,1,630
213319,1,630
213334,1,630
213420,1,630
213441,1,630
213619,1,630
213634,1,630
213727,1,630
213857,1,630
213900,1,630
213912,1,630
214012,1,630
214077,1,630
214111,1,630
214125,1,630
214190,1,630
214193,1,630
214235,1,630
214255,1,630
214275,1,630
214330,1,630
214335,1,630
214422,1,630
214511,1,630
214612,1,630
214768,1,630
214786,1,630
214991,1,630
215014,1,630
215040,1,630
215055,1,630
215142,1,630
215170,1,630
215185,1,630
215191,1,630
215192,1,630
215378,1,630
215435,1,630
215504,1,630
215527,1,630
216163,1,630
216439,1,630
216448,1,630
216653,1,630
216676,1,630
216713,1,630
216750,1,630
216777,1,630
216832,1,630
217063,1,630
217124,1,630
217149,1,630
217240,1,630
217259,1,630
217347,1,630
217946,1,630
217949,1,630
217951,1,630
218001,1,630
218044,1,630
218080,1,630
218128,1,630
218144,1,630
218249,1,630
218294,1,630
218584,1,630
218721,1,630
218828,1,630
219041,1,630
219050,1,630
219077,1,630
219157,1,630
219320,1,630
219394,1,630
219416,1,630
219639,1,630
219700,1,630
219715,1,630
220012,1,630
220025,1,630
220105,1,630
220106,1,630
220299,1,630
220401,1,630
220428,1,630
220436,1,630
220545,1,630
220568,1,630
220595,1,630
220819,1,630
221041,1,630
221042,1,630
221262,1,630
221278,1,630
221745,1,630
221793,1,630
221875,1,630
221900,1,630
221987,1,630
222044,1,630
222190,1,630
222212,1,630
222260,1,630
222275,1,630
222392,1,630
222487,1,630
222501,1,630
222614,1,630
223050,1,630
223051,1,630
223052,1,630
223277,1,630
223444,1,630
223586,1,630
223630,1,630
223713,1,630
223845,1,630
224013,1,630
224020,1,630
224449,1,630
224500,1,630
224719,1,630
224769,1,630
224771,1,630
224924,1,630
224971,1,630
225005,1,630
225020,1,630
225131,1,630
225182,1,630
225185,1,630
225192,1,630
225212,1,630
225216,1,630
225219,1,630
225232,1,630
225263,1,630
225275,1,630
225293,1,630
225294,1,630
225324,1,630
225335,1,630
225343,1,630
225475,1,630
225490,1,630
225644,1,630
225658,1,630
225756,1,630
225759,1,630
225837,1,630
225849,1,630
226040,1,630
226150,1,630
226155,1,630
226173,1,630
226175,1,630
226197,1,630
226199,1,630
226222,1,630
226244,1,630
226248,1,630
226280,1,630
226301,1,630
226409,1,630
226413,1,630
226460,1,630
226491,1,630
226560,1,630
226633,1,630
226657,1,630
226742,1,630
227011,1,630
227068,1,630
227165,1,630
227194,1,630
227257,1,630
227348,1,630
227378,1,630
227406,1,630
227444,1,630
227552,1,630
227558,1,630
227640,1,630
227651,1,630
227657,1,630
227726,1,630
227782,1,630
227894,1,630
227945,1,630
227999,1,630
228002,1,630
228071,1,630
228130,1,630
228164,1,630
228185,1,630
228199,1,630
228218,1,630
228413,1,630
228424,1,630
228656,1,630
228680,1,630
228774,1,630
228806,1,630
228836,1,630
228841,1,630
228869,1,630
228944,1,630
228956,1,630
229001,1,630
229003,1,630
229070,1,630
229073,1,630
229136,1,630
229219,1,630
229284,1,630
229302,1,630
229334,1,630
229371,1,630
229527,1,630
229597,1,630
229630,1,630
229805,1,630
229887,1,630
229916,1,630
229920,1,630
229921,1,630
230134,1,630
230241,1,630
230348,1,630
230402,1,630
230431,1,630
230458,1,630
230477,1,630
230537,1,630
230660,1,630
230706,1,630
231010,1,630
231024,1,630
231098,1,630
231135,1,630
231160,1,630
231219,1,630
231221,1,630
231251,1,630
231279,1,630
231290,1,630
231305,1,630
231310,1,630
231319,1,630
231367,1,630
231370,1,630
231495,1,630
231548,1,630
231633,1,630
231636,1,630
231690,1,630
231829,1,630
231835,1,630
231935,1,630
232042,1,630
232072,1,630
232095,1,630
232136,1,630
232151,1,630
232155,1,630
232164,1,630
232187,1,630
232237,1,630
232274,1,630
232327,1,630
232407,1,630
232425,1,630
232508,1,630
232543,1,630
232550,1,630
232656,1,630
232659,1,630
233218,1,630
233308,1,630
233388,1,630
233463,1,630
233504,1,630
233538,1,630
233582,1,630
233608,1,630
233691,1,630
233921,1,630
233970,1,630
233975,1,630
234022,1,630
234033,1,630
234066,1,630
234295,1,630
234321,1,630
234531,1,630
234605,1,630
234694,1,630
234742,1,630
234834,1,630
234911,1,630
234995,1,630
235039,1,630
235051,1,630
235263,1,630
235353,1,630
235369,1,630
235483,1,630
235488,1,630
235491,1,630
235508,1,630
235577,1,630
235614,1,630
235870,1,630
235970,1,630
236001,1,630
236015,1,630
236040,1,630
236061,1,630
236096,1,630
236121,1,630
236152,1,630
236162,1,630
236210,1,630
236219,1,630
236233,1,630
236234,1,630
236281,1,630
236324,1,630
236357,1,630
236361,1,630
236416,1,630
236518,1,630
236621,1,630
236649,1,630
236660,1,630
236796,1,630
236898,1,630
237038,1,630
237077,1,630
237084,1,630
237107,1,630
237123,1,630
237156,1,630
237177,1,630
237191,1,630
237338,1,630
237404,1,630
237505,1,630
237587,1,630
237602,1,630
237659,1,630
237691,1,630
237707,1,630
237732,1,630
237747,1,630
237770,1,630
237948,1,630
237960,1,630
238000,1,630
238008,1,630
238066,1,630
238087,1,630
238104,1,630
238105,1,630
238115,1,630
238125,1,630
238138,1,630
238151,1,630
238170,1,630
238183,1,630
238189,1,630
238221,1,630
238225,1,630
238260,1,630
238265,1,630
238284,1,630
238297,1,630
238324,1,630
238350,1,630
238367,1,630
238367,1,630
238431,1,630
238433,1,630
238434,1,630
238442,1,630
238456,1,630
238460,1,630
238528,1,630
238549,1,630
239027,1,630
239049,1,630
239147,1,630
239157,1,630
239357,1,630
239384,1,630
239397,1,630
239404,1,630
239433,1,630
239440,1,630
239513,1,630
239522,1,630
239574,1,630
239581,1,630
239645,1,630
239847,1,630
239853,1,630
239984,1,630
239986,1,630
240014,1,630
240025,1,630
240035,1,630
240081,1,630
240089,1,630
240123,1,630
240154,1,630
240214,1,630
240234,1,630
240251,1,630
240322,1,630
240356,1,630
240389,1,630
240435,1,630
240558,1,630
240623,1,630
240669,1,630
240698,1,630
240755,1,630
240838,1,630
240898,1,630
241015,1,630
241022,1,630
241067,1,630
241093,1,630
241105,1,630
241121,1,630
241192,1,630
241194,1,630
241231,1,630
241262,1,630
241445,1,630
241574,1,630
241590,1,630
241647,1,630
241651,1,630
241858,1,630
241909,1,630
242019,1,630
242021,1,630
242043,1,630
242104,1,630
242124,1,630
242186,1,630
242200,1,630
242275,1,630
242307,1,630
242468,1,630
242493,1,630
242506,1,630
242541,1,630
242589,1,630
242590,1,630
242591,1,630
242625,1,630
242630,1,630
242691,1,630
242697,1,630
243006,1,630
243061,1,630
243074,1,630
243164,1,630
243179,1,630
243191,1,630
243204,1,630
243288,1,630
243333,1,630
243394,1,630
243485,1,630
243502,1,630
243544,1,630
243565,1,630
243632,1,630
243762,1,630
243829,1,630
243955,1,630
243970,1,630
244055,1,630
244060,1,630
244068,1,630
244097,1,630
244114,1,630
244152,1,630
244152,1,630
244167,1,630
244174,1,630
244249,1,630
244375,1,630
244378,1,630
244621,1,630
244697,1,630
244755,1,630
244756,1,630
244758,1,630
244784,1,630
244803,1,630
244839,1,630
244935,1,630
245006,1,630
245019,1,630
245031,1,630
245032,1,630
245101,1,630
245153,1,630
245171,1,630
245461,1,630
245468,1,630
245533,1,630
245588,1,630
245627,1,630
245706,1,630
245728,1,630
245806,1,630
245832,1,630
245892,1,630
246012,1,630
246029,1,630
246094,1,630
246123,1,630
246165,1,630
246181,1,630
246348,1,630
246439,1,630
246453,1,630
246476,1,630
246512,1,630
246557,1,630
246593,1,630
246787,1,630
246861,1,630
246883,1,630
246932,1,630
247231,1,630
247249,1,630
247542,1,630
247720,1,630
247823,1,630
247835,1,630
247850,1,630
248010,1,630
248042,1,630
248047,1,630
248149,1,630
248195,1,630
248206,1,630
248239,1,630
248265,1,630
248321,1,630
248334,1,630
248414,1,630
248478,1,630
248632,1,630
248735,1,630
248905,1,630
249039,1,630
249062,1,630
249118,1,630
249127,1,630
249131,1,630
249132,1,630
249147,1,630
249148,1,630
249158,1,630
249197,1,630
249215,1,630
249237,1,630
249267,1,630
249278,1,630
249279,1,630
249284,1,630
249286,1,630
249287,1,630
249296,1,630
249323,1,630
249334,1,630
249359,1,630
249364,1,630
249365,1,630
249394,1,630
249437,1,630
249510,1,630
249615,1,630
249653,1,630
249658,1,630
249666,1,630
250035,1,630
250074,1,630
250096,1,630
250175,1,630
250284,1,630
250332,1,630
250343,1,630
250434,1,630
250488,1,630
250532,1,630
250578,1,630
250591,1,630
250701,1,630
250747,1,630
250795,1,630
250839,1,630
251040,1,630
251137,1,630
251146,1,630
251213,1,630
251228,1,630
251349,1,630
251360,1,630
251383,1,630
251394,1,630
251463,1,630
251465,1,630
251476,1,630
251476,1,630
251604,1,630
252039,1,630
252078,1,630
252150,1,630
252157,1,630
252323,1,630
252406,1,630
252435,1,630
252506,1,630
252514,1,630
252675,1,630
252694,1,630
252714,1,630
252778,1,630
252795,1,630
252801,1,630
252804,1,630
252819,1,630
253251,1,630
253365,1,630
253432,1,630
253453,1,630
253467,1,630
253746,1,630
253749,1,630
253807,1,630
253833,1,630
253875,1,630
253918,1,630
254010,1,630
254018,1,630
254035,1,630
254129,1,630
254132,1,630
254176,1,630
254185,1,630
254186,1,630
254197,1,630
254267,1,630
254306,1,630
254309,1,630
254561,1,630
254583,1,630
254758,1,630
254764,1,630
254926,1,630
254976,1,630
255012,1,630
255204,1,630
255232,1,630
255278,1,630
255352,1,630
255377,1,630
255410,1,630
255410,1,630
255472,1,630
255511,1,630
255520,1,630
255626,1,630
255695,1,630
255733,1,630
255763,1,630
256107,1,630
256125,1,630
256168,1,630
256198,1,630
256239,1,630
256361,1,630
256430,1,630
256553,1,630
256557,1,630
256587,1,630
256601,1,630
256878,1,630
256901,1,630
256953,1,630
257044,1,630
257099,1,630
257124,1,630
257153,1,630
257155,1,630
257229,1,630
257244,1,630
257280,1,630
257351,1,630
257369,1,630
257401,1,630
257478,1,630
257583,1,630
257623,1,630
257624,1,630
257741,1,630
257804,1,630
257980,1,630
258181,1,630
258350,1,630
258364,1,630
258382,1,630
258422,1,630
258526,1,630
258567,1,630
258569,1,630
258783,1,630
258789,1,630
258813,1,630
258834,1,630
258841,1,630
258878,1,630
259109,1,630
259116,1,630
259138,1,630
259160,1,630
259170,1,630
259279,1,630
259353,1,630
259427,1,630
259479,1,630
259586,1,630
259778,1,630
259810,1,630
259963,1,630
260016,1,630
260044,1,630
260140,1,630
260339,1,630
260421,1,630
260442,1,630
260472,1,630
260514,1,630
260534,1,630
260681,1,630
260702,1,630
260724,1,630
260894,1,630
260896,1,630
261030,1,630
261030,1,630
261040,1,630
261052,1,630
261286,1,630
261287,1,630
261411,1,630
261413,1,630
261425,1,630
261474,1,630
261522,1,630
261582,1,630
261584,1,630
261700,1,630
261744,1,630
261887,1,630
262003,1,630
262015,1,630
262052,1,630
262078,1,630
262100,1,630
262104,1,630
262110,1,630
262174,1,630
262207,1,630
262420,1,630
262421,1,630
262560,1,630
262576,1,630
263148,1,630
263203,1,630
263364,1,630
263763,1,630
263859,1,630
263871,1,630
263904,1,630
263974,1,630
263981,1,630
263988,1,630
264025,1,630
264032,1,630
264154,1,630
264181,1,630
264433,1,630
264680,1,630
264700,1,630
264779,1,630
264871,1,630
264909,1,630
264965,1,630
265112,1,630
265135,1,630
265159,1,630
265546,1,630
265781,1,630
265865,1,630
266053,1,630
266121,1,630
266200,1,630
266284,1,630
266339,1,630
266407,1,630
266511,1,630
266532,1,630
266584,1,630
266751,1,630
267001,1,630
267010,1,630
267013,1,630
267341,1,630
267358,1,630
267395,1,630
267575,1,630
267624,1,630
267701,1,630
267800,1,630
267906,1,630
268132,1,630
268188,1,630
268228,1,630
268339,1,630
268970,1,630
268974,1,630
269055,1,630
269314,1,630
269320,1,630
269422,1,630
269708,1,630
269951,1,630
270042,1,630
270277,1,630
270358,1,630
270407,1,630
270570,1,630
270780,1,630
270816,1,630
270990,1,630
271050,1,630
271061,1,630
271229,1,630
271576,1,630
271787,1,630
271808,1,630
272063,1,630
272204,1,630
272223,1,630
272291,1,630
272561,1,630
273133,1,630
273245,1,630
273309,1,630
273506,1,630
273556,1,630
274040,1,630
274583,1,630
274618,1,630
274700,1,630
274715,1,630
274734,1,630
275550,1,630
275836,1,630
275992,1,630
276096,1,630
276145,1,630
276152,1,630
276299,1,630
276368,1,630
276559,1,630
276654,1,630
277430,1,630
277532,1,630
277973,1,630
278242,1,630
279046,1,630
279133,1,630
279788,1,630
280069,1,630
280114,1,630
280691,1,630
281675,1,630
281803,1,630
282049,1,630
282092,1,630
282151,1,630
282686,1,630
283006,1,630
283038,1,630
283106,1,630
283133,1,630
283155,1,630
283199,1,630
283244,1,630
283312,1,630
283367,1,630
283372,1,630
283473,1,630
283685,1,630
283724,1,630
283727,1,630
283819,1,630
283894,1,630
284031,1,630
284094,1,630
284121,1,630
284167,1,630
284245,1,630
284514,1,630
284746,1,630
284907,1,630
285035,1,630
285185,1,630
285254,1,630
285293,1,630
285388,1,630
285431,1,630
286000,1,630
286127,1,630
286260,1,630
286462,1,630
286520,1,630
286523,1,630
287260,1,630
287450,1,630
287538,1,630
287542,1,630
287549,1,630
288012,1,630
288054,1,630
288478,1,630
288516,1,630
289216,1,630
289227,1,630
289474,1,630
289702,1,630
290344,1,630
290454,1,630
290614,1,630
290666,1,630
