48,1,350
94,1,350
133,1,350
147,1,350
323,1,350
436,1,350
532,1,350
587,1,350
695,1,350
707,1,350
1161,1,350
1323,1,350
1349,1,350
1920,1,350
1930,1,350
2039,1,350
2061,1,350
2095,1,350
2101,1,350
2156,1,350
2157,1,350
2191,1,350
2205,1,350
2284,1,350
2285,1,350
2299,1,350
2328,1,350
2603,1,350
3071,1,350
3073,1,350
3394,1,350
3617,1,350
3757,1,350
4042,1,350
4101,1,350
4114,1,350
4233,1,350
4256,1,350
4366,1,350
4368,1,350
4439,1,350
4492,1,350
4545,1,350
4623,1,350
4666,1,350
4785,1,350
4896,1,350
4962,1,350
5006,1,350
5008,1,350
5045,1,350
5072,1,350
5196,1,350
5228,1,350
5454,1,350
6101,1,350
6193,1,350
6210,1,350
6279,1,350
6318,1,350
6349,1,350
6386,1,350
7103,1,350
7192,1,350
7217,1,350
7622,1,350
7784,1,350
7793,1,350
8005,1,350
8241,1,350
8317,1,350
8557,1,350
8698,1,350
8751,1,350
8778,1,350
9003,1,350
9043,1,350
9235,1,350
9295,1,350
9366,1,350
9378,1,350
9438,1,350
9536,1,350
9577,1,350
9870,1,350
9910,1,350
10003,1,350
10005,1,350
10049,1,350
10061,1,350
10064,1,350
10136,1,350
10162,1,350
10165,1,350
10184,1,350
10189,1,350
10210,1,350
10227,1,350
10234,1,350
10310,1,350
10352,1,350
10432,1,350
10448,1,350
10571,1,350
10583,1,350
10598,1,350
10799,1,350
10872,1,350
10933,1,350
11016,1,350
11019,1,350
11044,1,350
11172,1,350
11312,1,350
11475,1,350
11520,1,350
11600,1,350
11617,1,350
11620,1,350
12027,1,350
12034,1,350
12082,1,350
12083,1,350
12259,1,350
12369,1,350
12519,1,350
12530,1,350
12535,1,350
12581,1,350
12637,1,350
13025,1,350
13187,1,350
13208,1,350
13306,1,350
13446,1,350
13458,1,350
13470,1,350
13533,1,350
13792,1,350
14129,1,350
14156,1,350
14247,1,350
14296,1,350
14298,1,350
14300,1,350
14324,1,350
14371,1,350
14399,1,350
14521,1,350
14668,1,350
14960,1,350
15009,1,350
15019,1,350
15054,1,350
15176,1,350
15196,1,350
15216,1,350
15603,1,350
15729,1,350
15738,1,350
16044,1,350
16060,1,350
16066,1,350
16102,1,350
16185,1,350
16198,1,350
16315,1,350
16358,1,350
16404,1,350
16450,1,350
16455,1,350
16607,1,350
17263,1,350
17507,1,350
17973,1,350
18757,1,350
19074,1,350
19183,1,350
19318,1,350
19700,1,350
19759,1,350
20131,1,350
20394,1,350
20572,1,350
20707,1,350
20935,1,350
21084,1,350
21129,1,350
21170,1,350
21172,1,350
21223,1,350
21274,1,350
21398,1,350
21411,1,350
21467,1,350
21556,1,350
21560,1,350
21581,1,350
21596,1,350
21703,1,350
21705,1,350
21831,1,350
21850,1,350
21903,1,350
22032,1,350
22039,1,350
22052,1,350
22068,1,350
22071,1,350
22164,1,350
22170,1,350
22179,1,350
22184,1,350
22196,1,350
22204,1,350
22220,1,350
22279,1,350
22562,1,350
22565,1,350
22592,1,350
22655,1,350
22709,1,350
22756,1,350
22765,1,350
22847,1,350
23057,1,350
23294,1,350
23296,1,350
23376,1,350
23400,1,350
23530,1,350
23674,1,350
23742,1,350
23750,1,350
23804,1,350
23853,1,350
24065,1,350
24144,1,350
24154,1,350
24158,1,350
24191,1,350
24249,1,350
24298,1,350
24466,1,350
24517,1,350
24599,1,350
24650,1,350
24727,1,350
24743,1,350
24753,1,350
24770,1,350
24833,1,350
25180,1,350
25204,1,350
25206,1,350
25216,1,350
25312,1,350
25531,1,350
25769,1,350
26223,1,350
26248,1,350
26353,1,350
26380,1,350
26413,1,350
26942,1,350
27020,1,350
27045,1,350
27099,1,350
27137,1,350
27155,1,350
27160,1,350
27174,1,350
27229,1,350
27253,1,350
27323,1,350
27376,1,350
27398,1,350
27427,1,350
27435,1,350
27453,1,350
27494,1,350
28031,1,350
28033,1,350
28049,1,350
28282,1,350
28332,1,350
28359,1,350
28397,1,350
28441,1,350
28452,1,350
28465,1,350
28649,1,350
28662,1,350
28730,1,350
29173,1,350
29271,1,350
29601,1,350
29674,1,350
30004,1,350
30051,1,350
30055,1,350
30146,1,350
30149,1,350
30194,1,350
30301,1,350
30314,1,350
30316,1,350
30334,1,350
30513,1,350
30607,1,350
30632,1,350
31041,1,350
31101,1,350
31128,1,350
31148,1,350
31163,1,350
31175,1,350
31191,1,350
31227,1,350
31333,1,350
31349,1,350
31401,1,350
31777,1,350
32243,1,350
32430,1,350
32471,1,350
32989,1,350
33034,1,350
33048,1,350
33062,1,350
33070,1,350
33111,1,350
33131,1,350
33157,1,350
33217,1,350
33309,1,350
33343,1,350
33376,1,350
33377,1,350
33380,1,350
33407,1,350
33420,1,350
33426,1,350
33468,1,350
33503,1,350
33510,1,350
33560,1,350
33600,1,350
33651,1,350
33740,1,350
33740,1,350
33753,1,350
33766,1,350
33768,1,350
33792,1,350
33832,1,350
33849,1,350
33855,1,350
33887,1,350
33904,1,350
33922,1,350
33946,1,350
34039,1,350
34042,1,350
34075,1,350
34086,1,350
34115,1,350
34216,1,350
34436,1,350
34495,1,350
34500,1,350
34500,1,350
34507,1,350
34515,1,350
34552,1,350
34571,1,350
34589,1,350
34609,1,350
34633,1,350
34673,1,350
34749,1,350
35035,1,350
35109,1,350
35122,1,350
35286,1,350
35303,1,350
35329,1,350
35338,1,350
35380,1,350
35418,1,350
35663,1,350
35730,1,350
35763,1,350
35860,1,350
35895,1,350
35971,1,350
36027,1,350
36066,1,350
36387,1,350
36401,1,350
36419,1,350
36429,1,350
36433,1,350
36468,1,350
36491,1,350
36531,1,350
36616,1,350
36625,1,350
36681,1,350
36685,1,350
36721,1,350
37132,1,350
37195,1,350
37197,1,350
37328,1,350
37524,1,350
37593,1,350
38058,1,350
38154,1,350
38172,1,350
38271,1,350
38273,1,350
38326,1,350
38334,1,350
38347,1,350
38525,1,350
38614,1,350
38656,1,350
38679,1,350
38692,1,350
38705,1,350
38706,1,350
38751,1,350
38752,1,350
38776,1,350
38783,1,350
38851,1,350
39113,1,350
39113,1,350
39197,1,350
39204,1,350
39209,1,350
39255,1,350
39342,1,350
39399,1,350
39463,1,350
39550,1,350
39708,1,350
39711,1,350
39742,1,350
39759,1,350
39841,1,350
39880,1,350
40048,1,350
40082,1,350
40190,1,350
40210,1,350
40308,1,350
40342,1,350
40475,1,350
40544,1,350
40608,1,350
40657,1,350
40708,1,350
40738,1,350
40765,1,350
40861,1,350
40935,1,350
40948,1,350
40966,1,350
41100,1,350
41266,1,350
41323,1,350
41347,1,350
41389,1,350
41541,1,350
41552,1,350
41632,1,350
41640,1,350
41720,1,350
41789,1,350
41791,1,350
41876,1,350
41994,1,350
42083,1,350
42091,1,350
42184,1,350
42328,1,350
42477,1,350
42597,1,350
42627,1,350
42709,1,350
42710,1,350
42741,1,350
42782,1,350
42788,1,350
42874,1,350
43040,1,350
43252,1,350
43300,1,350
43340,1,350
43563,1,350
43657,1,350
43743,1,350
43818,1,350
43901,1,350
43938,1,350
44005,1,350
44150,1,350
44187,1,350
44210,1,350
44239,1,350
44363,1,350
44375,1,350
44389,1,350
44402,1,350
44405,1,350
44413,1,350
44480,1,350
44670,1,350
44731,1,350
44737,1,350
44791,1,350
44879,1,350
44965,1,350
45020,1,350
45024,1,350
45063,1,350
45067,1,350
45075,1,350
45082,1,350
45086,1,350
45127,1,350
45221,1,350
45244,1,350
45292,1,350
45303,1,350
45304,1,350
45342,1,350
45345,1,350
45356,1,350
45356,1,350
45506,1,350
45546,1,350
45561,1,350
45586,1,350
45614,1,350
45656,1,350
45697,1,350
45705,1,350
45766,1,350
45794,1,350
45843,1,350
45870,1,350
45886,1,350
45897,1,350
45920,1,350
45935,1,350
45941,1,350
45944,1,350
45991,1,350
46064,1,350
46084,1,350
46093,1,350
46098,1,350
46203,1,350
46256,1,350
46325,1,350
46337,1,350
46345,1,350
46350,1,350
46367,1,350
46369,1,350
46574,1,350
46647,1,350
46668,1,350
46674,1,350
46730,1,350
46779,1,350
46803,1,350
46867,1,350
46905,1,350
46914,1,350
46920,1,350
46932,1,350
46945,1,350
46971,1,350
47012,1,350
47015,1,350
47030,1,350
47042,1,350
47077,1,350
47084,1,350
47097,1,350
47186,1,350
47208,1,350
47240,1,350
47286,1,350
47332,1,350
47333,1,350
47343,1,350
47351,1,350
47354,1,350
47449,1,350
47490,1,350
47497,1,350
47554,1,350
47570,1,350
47640,1,350
47641,1,350
47661,1,350
47666,1,350
47699,1,350
47699,1,350
47719,1,350
47743,1,350
47746,1,350
47783,1,350
47788,1,350
47822,1,350
47974,1,350
48004,1,350
48027,1,350
48038,1,350
48076,1,350
48129,1,350
48160,1,350
48170,1,350
48174,1,350
48181,1,350
48222,1,350
48228,1,350
48232,1,350
48303,1,350
48323,1,350
48362,1,350
48386,1,350
48486,1,350
48540,1,350
48542,1,350
48586,1,350
48589,1,350
48600,1,350
48633,1,350
48639,1,350
48727,1,350
48779,1,350
48830,1,350
48839,1,350
48882,1,350
48930,1,350
48968,1,350
49045,1,350
49051,1,350
49115,1,350
49161,1,350
49170,1,350
49188,1,350
49199,1,350
49305,1,350
49311,1,350
49326,1,350
49328,1,350
49328,1,350
49330,1,350
49373,1,350
49410,1,350
49411,1,350
49416,1,350
49457,1,350
49555,1,350
49570,1,350
49587,1,350
49596,1,350
49635,1,350
49646,1,350
49704,1,350
49753,1,350
49812,1,350
49835,1,350
50002,1,350
50014,1,350
50056,1,350
50084,1,350
50110,1,350
50147,1,350
50208,1,350
50358,1,350
50468,1,350
50547,1,350
50589,1,350
50626,1,350
50672,1,350
50674,1,350
50677,1,350
50720,1,350
50805,1,350
50834,1,350
50850,1,350
50858,1,350
50898,1,350
50917,1,350
50935,1,350
50948,1,350
50960,1,350
50965,1,350
50990,1,350
51026,1,350
51027,1,350
51031,1,350
51032,1,350
51042,1,350
51061,1,350
51119,1,350
51144,1,350
51157,1,350
51177,1,350
51223,1,350
51277,1,350
51278,1,350
51333,1,350
51352,1,350
51393,1,350
51415,1,350
51418,1,350
51423,1,350
51437,1,350
51450,1,350
51462,1,350
51529,1,350
51575,1,350
51606,1,350
51685,1,350
51699,1,350
51761,1,350
51770,1,350
51784,1,350
51804,1,350
51811,1,350
52126,1,350
52130,1,350
52153,1,350
52244,1,350
52292,1,350
52313,1,350
52361,1,350
52366,1,350
52426,1,350
52448,1,350
52502,1,350
52523,1,350
52534,1,350
52557,1,350
52564,1,350
52593,1,350
52607,1,350
52641,1,350
52656,1,350
52658,1,350
52752,1,350
52755,1,350
52766,1,350
52793,1,350
52802,1,350
52835,1,350
52849,1,350
52908,1,350
52942,1,350
53006,1,350
53075,1,350
53089,1,350
53102,1,350
53137,1,350
53140,1,350
53151,1,350
53177,1,350
53215,1,350
53217,1,350
53238,1,350
53300,1,350
53356,1,350
53357,1,350
53411,1,350
53430,1,350
53561,1,350
53577,1,350
53590,1,350
53647,1,350
53666,1,350
53675,1,350
53708,1,350
53729,1,350
53805,1,350
53862,1,350
54052,1,350
54132,1,350
54150,1,350
54195,1,350
54234,1,350
54243,1,350
54306,1,350
54340,1,350
54370,1,350
54413,1,350
54436,1,350
54458,1,350
54498,1,350
54508,1,350
54552,1,350
54624,1,350
54755,1,350
54779,1,350
54852,1,350
54858,1,350
54943,1,350
54974,1,350
54974,1,350
55069,1,350
55073,1,350
55108,1,350
55152,1,350
55208,1,350
55283,1,350
55319,1,350
55334,1,350
55352,1,350
55355,1,350
55405,1,350
55427,1,350
55429,1,350
55509,1,350
55565,1,350
55579,1,350
55606,1,350
55702,1,350
55721,1,350
55728,1,350
55787,1,350
55788,1,350
55855,1,350
55928,1,350
55984,1,350
55996,1,350
56003,1,350
56045,1,350
56064,1,350
56065,1,350
56110,1,350
56132,1,350
56163,1,350
56248,1,350
56267,1,350
56382,1,350
56450,1,350
56470,1,350
56504,1,350
56516,1,350
56618,1,350
56701,1,350
56720,1,350
56886,1,350
56958,1,350
57024,1,350
57029,1,350
57055,1,350
57056,1,350
57063,1,350
57105,1,350
57115,1,350
57126,1,350
57140,1,350
57143,1,350
57153,1,350
57160,1,350
57165,1,350
57172,1,350
57176,1,350
57190,1,350
57190,1,350
57193,1,350
57202,1,350
57205,1,350
57205,1,350
57238,1,350
57252,1,350
57253,1,350
57279,1,350
57280,1,350
57286,1,350
57294,1,350
57299,1,350
57305,1,350
57307,1,350
57338,1,350
57340,1,350
57340,1,350
57341,1,350
57357,1,350
57379,1,350
57393,1,350
57453,1,350
57457,1,350
57458,1,350
57478,1,350
57493,1,350
57500,1,350
57534,1,350
57548,1,350
57556,1,350
57559,1,350
57560,1,350
57560,1,350
57617,1,350
57632,1,350
57645,1,350
57658,1,350
57677,1,350
57709,1,350
57737,1,350
57764,1,350
57776,1,350
57786,1,350
57803,1,350
57836,1,350
57836,1,350
58003,1,350
58016,1,350
58022,1,350
58083,1,350
58107,1,350
58121,1,350
58128,1,350
58146,1,350
58154,1,350
58155,1,350
58195,1,350
58220,1,350
58270,1,350
58292,1,350
58323,1,350
58421,1,350
58545,1,350
58552,1,350
58561,1,350
58575,1,350
58588,1,350
58603,1,350
58612,1,350
58618,1,350
58620,1,350
58621,1,350
58653,1,350
58657,1,350
58666,1,350
58674,1,350
58682,1,350
58732,1,350
58747,1,350
58827,1,350
58840,1,350
58879,1,350
58897,1,350
58982,1,350
59001,1,350
59013,1,350
59017,1,350
59019,1,350
59034,1,350
59068,1,350
59087,1,350
59144,1,350
59158,1,350
59195,1,350
59235,1,350
59250,1,350
59255,1,350
59278,1,350
59285,1,350
59306,1,350
59317,1,350
59332,1,350
59338,1,350
59345,1,350
59405,1,350
59501,1,350
59520,1,350
59521,1,350
59543,1,350
59549,1,350
59585,1,350
59598,1,350
59609,1,350
59617,1,350
59621,1,350
59623,1,350
59628,1,350
59634,1,350
59653,1,350
59689,1,350
59694,1,350
59821,1,350
59829,1,350
59855,1,350
59965,1,350
60064,1,350
60214,1,350
60248,1,350
60260,1,350
60267,1,350
60290,1,350
60337,1,350
60375,1,350
60398,1,350
60402,1,350
60406,1,350
60457,1,350
60476,1,350
60513,1,350
60581,1,350
60588,1,350
60615,1,350
60622,1,350
60664,1,350
60678,1,350
60692,1,350
60696,1,350
60709,1,350
60802,1,350
60833,1,350
60903,1,350
60927,1,350
60965,1,350
60981,1,350
61003,1,350
61021,1,350
61027,1,350
61029,1,350
61034,1,350
61060,1,350
61070,1,350
61093,1,350
61107,1,350
61174,1,350
61174,1,350
61186,1,350
61196,1,350
61251,1,350
61339,1,350
61348,1,350
61415,1,350
61419,1,350
61424,1,350
61451,1,350
61476,1,350
61508,1,350
61562,1,350
61623,1,350
61651,1,350
61672,1,350
61685,1,350
61691,1,350
61697,1,350
61707,1,350
61724,1,350
61735,1,350
61746,1,350
61752,1,350
61753,1,350
61783,1,350
61797,1,350
61808,1,350
61812,1,350
61844,1,350
61846,1,350
61849,1,350
61878,1,350
61906,1,350
62007,1,350
62031,1,350
62093,1,350
62136,1,350
62191,1,350
62212,1,350
62226,1,350
62242,1,350
62278,1,350
62284,1,350
62300,1,350
62376,1,350
62388,1,350
62402,1,350
62427,1,350
62498,1,350
62527,1,350
62622,1,350
62633,1,350
62639,1,350
62642,1,350
62657,1,350
62667,1,350
62706,1,350
62718,1,350
62799,1,350
62819,1,350
62821,1,350
62840,1,350
62867,1,350
62920,1,350
63007,1,350
63017,1,350
63020,1,350
63032,1,350
63047,1,350
63072,1,350
63082,1,350
63107,1,350
63124,1,350
63133,1,350
63145,1,350
63149,1,350
63152,1,350
63180,1,350
63182,1,350
63199,1,350
63215,1,350
63238,1,350
63242,1,350
63251,1,350
63290,1,350
63297,1,350
63365,1,350
63365,1,350
63371,1,350
63397,1,350
63448,1,350
63452,1,350
63497,1,350
63499,1,350
63521,1,350
63549,1,350
63613,1,350
63628,1,350
63664,1,350
63684,1,350
63698,1,350
63705,1,350
63737,1,350
63757,1,350
63831,1,350
63890,1,350
63890,1,350
63954,1,350
64029,1,350
64054,1,350
64102,1,350
64124,1,350
64145,1,350
64264,1,350
64267,1,350
64299,1,350
64358,1,350
64364,1,350
64381,1,350
64387,1,350
64390,1,350
64391,1,350
64398,1,350
64429,1,350
64452,1,350
64513,1,350
64534,1,350
64570,1,350
64605,1,350
64613,1,350
64619,1,350
64632,1,350
64658,1,350
64712,1,350
64722,1,350
64727,1,350
64731,1,350
64755,1,350
64792,1,350
64795,1,350
64813,1,350
64941,1,350
65007,1,350
65008,1,350
65033,1,350
65051,1,350
65052,1,350
65060,1,350
65061,1,350
65064,1,350
65078,1,350
65096,1,350
65099,1,350
65126,1,350
65136,1,350
65152,1,350
65216,1,350
65257,1,350
65285,1,350
65311,1,350
65354,1,350
65367,1,350
65367,1,350
65428,1,350
65446,1,350
65474,1,350
65490,1,350
65552,1,350
65554,1,350
65569,1,350
65579,1,350
65588,1,350
65588,1,350
65613,1,350
65630,1,350
65701,1,350
65753,1,350
65775,1,350
65775,1,350
65777,1,350
65846,1,350
65865,1,350
65873,1,350
65890,1,350
65911,1,350
66008,1,350
66094,1,350
66101,1,350
66101,1,350
66146,1,350
66174,1,350
66179,1,350
66200,1,350
66218,1,350
66220,1,350
66231,1,350
66261,1,350
66291,1,350
66336,1,350
66377,1,350
66383,1,350
66388,1,350
66409,1,350
66432,1,350
66433,1,350
66435,1,350
66500,1,350
66522,1,350
66536,1,350
66542,1,350
66591,1,350
66660,1,350
66689,1,350
66748,1,350
66781,1,350
66877,1,350
66913,1,350
66955,1,350
66960,1,350
66987,1,350
67000,1,350
67021,1,350
67026,1,350
67048,1,350
67048,1,350
67051,1,350
67080,1,350
67081,1,350
67090,1,350
67098,1,350
67119,1,350
67174,1,350
67208,1,350
67263,1,350
67279,1,350
67286,1,350
67288,1,350
67298,1,350
67318,1,350
67339,1,350
67375,1,350
67401,1,350
67434,1,350
67482,1,350
67490,1,350
67521,1,350
67529,1,350
67544,1,350
67568,1,350
67578,1,350
67579,1,350
67602,1,350
67686,1,350
67714,1,350
67747,1,350
67801,1,350
67810,1,350
67815,1,350
67827,1,350
68058,1,350
68099,1,350
68126,1,350
68173,1,350
68175,1,350
68184,1,350
68233,1,350
68240,1,350
68263,1,350
68296,1,350
68306,1,350
68331,1,350
68385,1,350
68447,1,350
68486,1,350
68494,1,350
68498,1,350
68506,1,350
68593,1,350
68596,1,350
68601,1,350
68633,1,350
68641,1,350
68686,1,350
68712,1,350
68769,1,350
68806,1,350
68834,1,350
68871,1,350
68893,1,350
68914,1,350
68932,1,350
68951,1,350
68958,1,350
68981,1,350
69004,1,350
69006,1,350
69022,1,350
69026,1,350
69027,1,350
69030,1,350
69037,1,350
69043,1,350
69059,1,350
69072,1,350
69075,1,350
69080,1,350
69098,1,350
69111,1,350
69126,1,350
69145,1,350
69160,1,350
69167,1,350
69171,1,350
69189,1,350
69197,1,350
69203,1,350
69228,1,350
69232,1,350
69240,1,350
69242,1,350
69267,1,350
69269,1,350
69299,1,350
69309,1,350
69311,1,350
69319,1,350
69338,1,350
69346,1,350
69355,1,350
69367,1,350
69402,1,350
69402,1,350
69405,1,350
69408,1,350
69417,1,350
69420,1,350
69441,1,350
69446,1,350
69464,1,350
69466,1,350
69466,1,350
69472,1,350
69485,1,350
69527,1,350
69540,1,350
69541,1,350
69543,1,350
69546,1,350
69547,1,350
69580,1,350
69647,1,350
69660,1,350
69684,1,350
69692,1,350
69703,1,350
69716,1,350
69735,1,350
69753,1,350
69762,1,350
69768,1,350
69826,1,350
69829,1,350
69844,1,350
69844,1,350
69849,1,350
69882,1,350
69890,1,350
69890,1,350
69915,1,350
69916,1,350
70008,1,350
70027,1,350
70030,1,350
70074,1,350
70094,1,350
70096,1,350
70096,1,350
70105,1,350
70108,1,350
70128,1,350
70179,1,350
70183,1,350
70184,1,350
70192,1,350
70249,1,350
70249,1,350
70263,1,350
70276,1,350
70305,1,350
70314,1,350
70324,1,350
70339,1,350
70351,1,350
70354,1,350
70361,1,350
70399,1,350
70405,1,350
70408,1,350
70433,1,350
70436,1,350
70442,1,350
70451,1,350
70457,1,350
70523,1,350
70524,1,350
70561,1,350
70561,1,350
70590,1,350
70614,1,350
70614,1,350
70626,1,350
70628,1,350
70633,1,350
70688,1,350
70689,1,350
70705,1,350
70716,1,350
70719,1,350
70719,1,350
70721,1,350
70729,1,350
70736,1,350
70758,1,350
70763,1,350
70770,1,350
70786,1,350
70794,1,350
70805,1,350
71009,1,350
71010,1,350
71017,1,350
71055,1,350
71062,1,350
71064,1,350
71067,1,350
71073,1,350
71075,1,350
71077,1,350
71079,1,350
71177,1,350
71223,1,350
71233,1,350
71240,1,350
71312,1,350
71362,1,350
71368,1,350
71406,1,350
71442,1,350
71484,1,350
71494,1,350
71503,1,350
71520,1,350
71541,1,350
71549,1,350
71549,1,350
71557,1,350
71559,1,350
71626,1,350
71660,1,350
71697,1,350
71742,1,350
71750,1,350
71774,1,350
71791,1,350
71802,1,350
71815,1,350
71815,1,350
71821,1,350
71843,1,350
71892,1,350
71919,1,350
71920,1,350
71948,1,350
71958,1,350
71990,1,350
71995,1,350
72003,1,350
72035,1,350
72036,1,350
72038,1,350
72040,1,350
72041,1,350
72042,1,350
72043,1,350
72055,1,350
72062,1,350
72063,1,350
72064,1,350
72067,1,350
72072,1,350
72104,1,350
72108,1,350
72129,1,350
72141,1,350
72155,1,350
72163,1,350
72180,1,350
72242,1,350
72258,1,350
72274,1,350
72292,1,350
72298,1,350
72314,1,350
72321,1,350
72346,1,350
72372,1,350
72381,1,350
72390,1,350
72392,1,350
72406,1,350
72428,1,350
72472,1,350
72481,1,350
72493,1,350
72495,1,350
72511,1,350
72569,1,350
72591,1,350
72596,1,350
72671,1,350
72685,1,350
72699,1,350
72721,1,350
72813,1,350
72850,1,350
72852,1,350
72860,1,350
72872,1,350
72889,1,350
72907,1,350
72923,1,350
72954,1,350
72980,1,350
72983,1,350
72984,1,350
73033,1,350
73036,1,350
73043,1,350
73043,1,350
73048,1,350
73053,1,350
73056,1,350
73063,1,350
73064,1,350
73105,1,350
73139,1,350
73153,1,350
73163,1,350
73201,1,350
73233,1,350
73244,1,350
73248,1,350
73252,1,350
73254,1,350
73257,1,350
73269,1,350
73270,1,350
73280,1,350
73298,1,350
73368,1,350
73391,1,350
73426,1,350
73433,1,350
73434,1,350
73505,1,350
73514,1,350
73568,1,350
73601,1,350
73617,1,350
73620,1,350
73662,1,350
73665,1,350
73736,1,350
73785,1,350
73805,1,350
73863,1,350
73873,1,350
73931,1,350
73943,1,350
73955,1,350
74013,1,350
74019,1,350
74049,1,350
74053,1,350
74060,1,350
74078,1,350
74097,1,350
74114,1,350
74127,1,350
74130,1,350
74148,1,350
74156,1,350
74162,1,350
74169,1,350
74175,1,350
74209,1,350
74225,1,350
74231,1,350
74233,1,350
74236,1,350
74244,1,350
74247,1,350
74264,1,350
74266,1,350
74299,1,350
74304,1,350
74304,1,350
74322,1,350
74325,1,350
74339,1,350
74355,1,350
74374,1,350
74374,1,350
74374,1,350
74387,1,350
74405,1,350
74408,1,350
74416,1,350
74425,1,350
74435,1,350
74465,1,350
74480,1,350
74485,1,350
74496,1,350
74521,1,350
74530,1,350
74601,1,350
74627,1,350
74656,1,350
74658,1,350
74703,1,350
74717,1,350
74745,1,350
74751,1,350
74768,1,350
74773,1,350
74778,1,350
74799,1,350
74799,1,350
74801,1,350
74817,1,350
74818,1,350
74835,1,350
74848,1,350
74871,1,350
74878,1,350
74903,1,350
74903,1,350
75031,1,350
75059,1,350
75062,1,350
75063,1,350
75082,1,350
75103,1,350
75153,1,350
75155,1,350
75165,1,350
75170,1,350
75187,1,350
75247,1,350
75259,1,350
75268,1,350
75282,1,350
75344,1,350
75365,1,350
75370,1,350
75378,1,350
75384,1,350
75418,1,350
75506,1,350
75551,1,350
75555,1,350
75567,1,350
75571,1,350
75611,1,350
75626,1,350
75685,1,350
75704,1,350
75746,1,350
75750,1,350
75759,1,350
75763,1,350
75788,1,350
75796,1,350
75865,1,350
75884,1,350
75895,1,350
75913,1,350
75956,1,350
75959,1,350
75986,1,350
75992,1,350
76004,1,350
76005,1,350
76007,1,350
76012,1,350
76016,1,350
76018,1,350
76021,1,350
76023,1,350
76029,1,350
76043,1,350
76053,1,350
76063,1,350
76081,1,350
76084,1,350
76089,1,350
76094,1,350
76116,1,350
76123,1,350
76124,1,350
76126,1,350
76135,1,350
76137,1,350
76141,1,350
76142,1,350
76150,1,350
76188,1,350
76189,1,350
76207,1,350
76217,1,350
76241,1,350
76246,1,350
76247,1,350
76255,1,350
76259,1,350
76289,1,350
76333,1,350
76357,1,350
76363,1,350
76366,1,350
76383,1,350
76387,1,350
76394,1,350
76409,1,350
76443,1,350
76446,1,350
76481,1,350
76487,1,350
76527,1,350
76561,1,350
76564,1,350
76572,1,350
76597,1,350
76611,1,350
76627,1,350
76642,1,350
76686,1,350
76709,1,350
76752,1,350
76775,1,350
76776,1,350
76785,1,350
76798,1,350
76831,1,350
77011,1,350
77013,1,350
77019,1,350
77042,1,350
77069,1,350
77083,1,350
77114,1,350
77123,1,350
77133,1,350
77138,1,350
77142,1,350
77146,1,350
77149,1,350
77155,1,350
77170,1,350
77172,1,350
77183,1,350
77224,1,350
77228,1,350
77231,1,350
77261,1,350
77261,1,350
77265,1,350
77300,1,350
77327,1,350
77347,1,350
77356,1,350
77358,1,350
77385,1,350
77398,1,350
77401,1,350
77402,1,350
77406,1,350
77425,1,350
77460,1,350
77460,1,350
77470,1,350
77479,1,350
77501,1,350
77501,1,350
77523,1,350
77535,1,350
77593,1,350
77605,1,350
77605,1,350
77639,1,350
77657,1,350
77664,1,350
77697,1,350
77728,1,350
77743,1,350
77797,1,350
77800,1,350
78023,1,350
78031,1,350
78037,1,350
78043,1,350
78053,1,350
78060,1,350
78083,1,350
78098,1,350
78109,1,350
78115,1,350
78162,1,350
78263,1,350
78264,1,350
78272,1,350
78279,1,350
78308,1,350
78328,1,350
78336,1,350
78340,1,350
78371,1,350
78379,1,350
78386,1,350
78429,1,350
78432,1,350
78465,1,350
78505,1,350
78541,1,350
78566,1,350
78577,1,350
78579,1,350
78595,1,350
78606,1,350
78612,1,350
78619,1,350
78630,1,350
78694,1,350
78706,1,350
78708,1,350
78721,1,350
78745,1,350
78756,1,350
78822,1,350
78840,1,350
78853,1,350
78880,1,350
78919,1,350
78944,1,350
78958,1,350
78961,1,350
78973,1,350
79007,1,350
79013,1,350
79028,1,350
79039,1,350
79047,1,350
79059,1,350
79071,1,350
79075,1,350
79105,1,350
79123,1,350
79133,1,350
79159,1,350
79179,1,350
79182,1,350
79219,1,350
79222,1,350
79232,1,350
79234,1,350
79239,1,350
79240,1,350
79245,1,350
79254,1,350
79263,1,350
79273,1,350
79278,1,350
79306,1,350
79316,1,350
79318,1,350
79344,1,350
79375,1,350
79391,1,350
79432,1,350
79443,1,350
79483,1,350
79491,1,350
79495,1,350
79528,1,350
79547,1,350
79555,1,350
79579,1,350
79592,1,350
79601,1,350
79608,1,350
79657,1,350
79659,1,350
79710,1,350
79738,1,350
79740,1,350
79774,1,350
79784,1,350
79796,1,350
79801,1,350
79868,1,350
80001,1,350
80007,1,350
80025,1,350
80029,1,350
80040,1,350
80086,1,350
80220,1,350
80227,1,350
80242,1,350
80260,1,350
80265,1,350
80311,1,350
80318,1,350
80352,1,350
80372,1,350
80381,1,350
80384,1,350
80391,1,350
80405,1,350
80416,1,350
80443,1,350
80518,1,350
80529,1,350
80545,1,350
80606,1,350
80630,1,350
80690,1,350
80735,1,350
80747,1,350
80766,1,350
80766,1,350
80775,1,350
80803,1,350
80839,1,350
80843,1,350
80846,1,350
80870,1,350
80885,1,350
80903,1,350
80909,1,350
80935,1,350
80967,1,350
80973,1,350
80999,1,350
81018,1,350
81020,1,350
81034,1,350
81035,1,350
81040,1,350
81040,1,350
81051,1,350
81057,1,350
81059,1,350
81089,1,350
81092,1,350
81094,1,350
81102,1,350
81108,1,350
81120,1,350
81125,1,350
81141,1,350
81146,1,350
81163,1,350
81171,1,350
81172,1,350
81237,1,350
81241,1,350
81252,1,350
81254,1,350
81285,1,350
81288,1,350
81296,1,350
81324,1,350
81337,1,350
81391,1,350
81392,1,350
81414,1,350
81432,1,350
81438,1,350
81473,1,350
81512,1,350
81514,1,350
81518,1,350
81518,1,350
81555,1,350
81556,1,350
81563,1,350
81586,1,350
81628,1,350
81659,1,350
81661,1,350
81672,1,350
81673,1,350
81674,1,350
81684,1,350
81700,1,350
81715,1,350
81745,1,350
81774,1,350
81781,1,350
81782,1,350
81783,1,350
81791,1,350
81811,1,350
81815,1,350
81824,1,350
81827,1,350
81844,1,350
81899,1,350
81899,1,350
81903,1,350
81950,1,350
81958,1,350
81984,1,350
82012,1,350
82013,1,350
82013,1,350
82018,1,350
82030,1,350
82049,1,350
82055,1,350
82063,1,350
82068,1,350
82070,1,350
82074,1,350
82087,1,350
82089,1,350
82090,1,350
82099,1,350
82100,1,350
82131,1,350
82136,1,350
82138,1,350
82140,1,350
82142,1,350
82149,1,350
82183,1,350
82188,1,350
82205,1,350
82217,1,350
82225,1,350
82239,1,350
82258,1,350
82273,1,350
82274,1,350
82278,1,350
82281,1,350
82292,1,350
82299,1,350
82318,1,350
82323,1,350
82353,1,350
82366,1,350
82386,1,350
82390,1,350
82428,1,350
82443,1,350
82479,1,350
82486,1,350
82502,1,350
82517,1,350
82528,1,350
82544,1,350
82545,1,350
82574,1,350
82594,1,350
82598,1,350
82599,1,350
82615,1,350
82624,1,350
82626,1,350
82659,1,350
82670,1,350
82680,1,350
82684,1,350
82695,1,350
82736,1,350
82755,1,350
82776,1,350
82780,1,350
82857,1,350
82903,1,350
82940,1,350
82955,1,350
82974,1,350
82977,1,350
83003,1,350
83007,1,350
83028,1,350
83040,1,350
83055,1,350
83077,1,350
83086,1,350
83097,1,350
83108,1,350
83127,1,350
83134,1,350
83145,1,350
83159,1,350
83169,1,350
83187,1,350
83189,1,350
83199,1,350
83259,1,350
83279,1,350
83306,1,350
83316,1,350
83317,1,350
83319,1,350
83329,1,350
83333,1,350
83337,1,350
83376,1,350
83377,1,350
83441,1,350
83448,1,350
83453,1,350
83454,1,350
83460,1,350
83471,1,350
83474,1,350
83482,1,350
83490,1,350
83523,1,350
83559,1,350
83567,1,350
83572,1,350
83587,1,350
83601,1,350
83608,1,350
83609,1,350
83615,1,350
83615,1,350
83627,1,350
83653,1,350
83665,1,350
83683,1,350
83690,1,350
83720,1,350
83729,1,350
83750,1,350
83766,1,350
83799,1,350
83802,1,350
83807,1,350
83813,1,350
83815,1,350
83834,1,350
83834,1,350
83860,1,350
84052,1,350
84084,1,350
84128,1,350
84132,1,350
84143,1,350
84195,1,350
84197,1,350
84199,1,350
84205,1,350
84214,1,350
84241,1,350
84261,1,350
84300,1,350
84306,1,350
84309,1,350
84320,1,350
84335,1,350
84352,1,350
84355,1,350
84361,1,350
84369,1,350
84372,1,350
84373,1,350
84377,1,350
84386,1,350
84407,1,350
84411,1,350
84431,1,350
84468,1,350
84491,1,350
84537,1,350
84552,1,350
84564,1,350
84573,1,350
84633,1,350
84636,1,350
84716,1,350
84758,1,350
84759,1,350
84780,1,350
84882,1,350
84892,1,350
84917,1,350
84959,1,350
84980,1,350
84984,1,350
84984,1,350
84985,1,350
84997,1,350
84999,1,350
85016,1,350
85019,1,350
85021,1,350
85025,1,350
85027,1,350
85030,1,350
85034,1,350
85037,1,350
85040,1,350
85049,1,350
85057,1,350
85064,1,350
85077,1,350
85078,1,350
85082,1,350
85084,1,350
85088,1,350
85105,1,350
85123,1,350
85178,1,350
85208,1,350
85237,1,350
85247,1,350
85262,1,350
85263,1,350
85283,1,350
85292,1,350
85325,1,350
85381,1,350
85394,1,350
85398,1,350
85438,1,350
85447,1,350
85451,1,350
85475,1,350
85478,1,350
85528,1,350
85540,1,350
85563,1,350
85581,1,350
85619,1,350
85620,1,350
85621,1,350
85627,1,350
85634,1,350
85651,1,350
85660,1,350
85669,1,350
85686,1,350
85722,1,350
85728,1,350
85786,1,350
85825,1,350
85836,1,350
85836,1,350
85862,1,350
85873,1,350
85878,1,350
85890,1,350
85932,1,350
85971,1,350
85972,1,350
85982,1,350
85993,1,350
86003,1,350
86007,1,350
86019,1,350
86022,1,350
86028,1,350
86058,1,350
86072,1,350
86077,1,350
86083,1,350
86087,1,350
86094,1,350
86099,1,350
86137,1,350
86146,1,350
86160,1,350
86190,1,350
86203,1,350
86223,1,350
86223,1,350
86225,1,350
86239,1,350
86273,1,350
86291,1,350
86298,1,350
86320,1,350
86336,1,350
86345,1,350
86376,1,350
86404,1,350
86421,1,350
86431,1,350
86436,1,350
86446,1,350
86452,1,350
86453,1,350
86526,1,350
86533,1,350
86551,1,350
86562,1,350
86578,1,350
86603,1,350
86606,1,350
86621,1,350
86665,1,350
86688,1,350
86702,1,350
86725,1,350
86726,1,350
86749,1,350
86752,1,350
86766,1,350
86774,1,350
86798,1,350
86807,1,350
86824,1,350
86831,1,350
86840,1,350
86876,1,350
86882,1,350
86909,1,350
86939,1,350
86959,1,350
86986,1,350
87001,1,350
87009,1,350
87009,1,350
87011,1,350
87032,1,350
87034,1,350
87037,1,350
87039,1,350
87050,1,350
87052,1,350
87063,1,350
87067,1,350
87070,1,350
87081,1,350
87084,1,350
87109,1,350
87116,1,350
87126,1,350
87127,1,350
87131,1,350
87132,1,350
87205,1,350
87217,1,350
87227,1,350
87335,1,350
87340,1,350
87366,1,350
87381,1,350
87397,1,350
87398,1,350
87416,1,350
87430,1,350
87434,1,350
87442,1,350
87461,1,350
87475,1,350
87476,1,350
87509,1,350
87521,1,350
87523,1,350
87529,1,350
87536,1,350
87536,1,350
87543,1,350
87559,1,350
87575,1,350
87586,1,350
87587,1,350
87593,1,350
87629,1,350
87639,1,350
87676,1,350
87678,1,350
87713,1,350
87769,1,350
87836,1,350
87840,1,350
87842,1,350
87850,1,350
87864,1,350
87928,1,350
88032,1,350
88091,1,350
88101,1,350
88141,1,350
88154,1,350
88178,1,350
88209,1,350
88236,1,350
88238,1,350
88245,1,350
88257,1,350
88265,1,350
88272,1,350
88275,1,350
88290,1,350
88352,1,350
88378,1,350
88397,1,350
88397,1,350
88403,1,350
88407,1,350
88435,1,350
88462,1,350
88489,1,350
88499,1,350
88505,1,350
88506,1,350
88518,1,350
88538,1,350
88549,1,350
88563,1,350
88567,1,350
88593,1,350
88595,1,350
88601,1,350
88609,1,350
88688,1,350
88694,1,350
88781,1,350
88793,1,350
88812,1,350
88884,1,350
88889,1,350
88894,1,350
88922,1,350
88937,1,350
88975,1,350
88979,1,350
89000,1,350
89000,1,350
89000,1,350
89024,1,350
89025,1,350
89029,1,350
89032,1,350
89034,1,350
89040,1,350
89072,1,350
89082,1,350
89086,1,350
89103,1,350
89106,1,350
89115,1,350
89127,1,350
89127,1,350
89129,1,350
89142,1,350
89143,1,350
89153,1,350
89171,1,350
89175,1,350
89175,1,350
89177,1,350
89179,1,350
89181,1,350
89205,1,350
89265,1,350
89269,1,350
89289,1,350
89301,1,350
89341,1,350
89417,1,350
89441,1,350
89448,1,350
89460,1,350
89472,1,350
89490,1,350
89495,1,350
89507,1,350
89526,1,350
89544,1,350
89555,1,350
89575,1,350
89600,1,350
89617,1,350
89626,1,350
89631,1,350
89640,1,350
89648,1,350
89657,1,350
89658,1,350
89694,1,350
89704,1,350
89746,1,350
89748,1,350
89787,1,350
89793,1,350
89795,1,350
89802,1,350
89803,1,350
89822,1,350
89829,1,350
89846,1,350
89854,1,350
89856,1,350
89891,1,350
89901,1,350
89944,1,350
89956,1,350
90025,1,350
90027,1,350
90030,1,350
90041,1,350
90068,1,350
90090,1,350
90145,1,350
90178,1,350
90179,1,350
90195,1,350
90200,1,350
90232,1,350
90234,1,350
90255,1,350
90260,1,350
90264,1,350
90277,1,350
90302,1,350
90343,1,350
90357,1,350
90363,1,350
90378,1,350
90412,1,350
90421,1,350
90421,1,350
90422,1,350
90433,1,350
90450,1,350
90463,1,350
90470,1,350
90513,1,350
90536,1,350
90541,1,350
90553,1,350
90574,1,350
90626,1,350
90659,1,350
90696,1,350
90700,1,350
90737,1,350
90754,1,350
90754,1,350
90837,1,350
90841,1,350
90866,1,350
90878,1,350
90929,1,350
90932,1,350
90959,1,350
90972,1,350
91001,1,350
91009,1,350
91034,1,350
91045,1,350
91046,1,350
91059,1,350
91059,1,350
91074,1,350
91099,1,350
91112,1,350
91116,1,350
91139,1,350
91149,1,350
91177,1,350
91206,1,350
91219,1,350
91229,1,350
91235,1,350
91240,1,350
91240,1,350
91264,1,350
91265,1,350
91273,1,350
91313,1,350
91356,1,350
91363,1,350
91372,1,350
91401,1,350
91404,1,350
91414,1,350
91420,1,350
91442,1,350
91457,1,350
91468,1,350
91469,1,350
91470,1,350
91489,1,350
91493,1,350
91495,1,350
91543,1,350
91545,1,350
91554,1,350
91566,1,350
91570,1,350
91581,1,350
91582,1,350
91605,1,350
91607,1,350
91608,1,350
91608,1,350
91616,1,350
91619,1,350
91651,1,350
91701,1,350
91714,1,350
91743,1,350
91749,1,350
91759,1,350
91762,1,350
91790,1,350
91804,1,350
91813,1,350
91847,1,350
91865,1,350
92008,1,350
92010,1,350
92016,1,350
92027,1,350
92075,1,350
92090,1,350
92093,1,350
92096,1,350
92099,1,350
92162,1,350
92165,1,350
92185,1,350
92217,1,350
92218,1,350
92222,1,350
92243,1,350
92246,1,350
92306,1,350
92312,1,350
92329,1,350
92340,1,350
92347,1,350
92349,1,350
92363,1,350
92380,1,350
92385,1,350
92389,1,350
92392,1,350
92403,1,350
92408,1,350
92410,1,350
92418,1,350
92418,1,350
92428,1,350
92444,1,350
92500,1,350
92543,1,350
92550,1,350
92568,1,350
92569,1,350
92581,1,350
92617,1,350
92623,1,350
92636,1,350
92679,1,350
92694,1,350
92696,1,350
92703,1,350
92714,1,350
92727,1,350
92728,1,350
92751,1,350
92761,1,350
92784,1,350
92790,1,350
92792,1,350
93005,1,350
93010,1,350
93021,1,350
93029,1,350
93039,1,350
93047,1,350
93076,1,350
93085,1,350
93123,1,350
93134,1,350
93135,1,350
93139,1,350
93143,1,350
93152,1,350
93181,1,350
93197,1,350
93199,1,350
93200,1,350
93216,1,350
93240,1,350
93240,1,350
93254,1,350
93254,1,350
93255,1,350
93256,1,350
93266,1,350
93269,1,350
93274,1,350
93297,1,350
93315,1,350
93327,1,350
93330,1,350
93342,1,350
93347,1,350
93350,1,350
93358,1,350
93377,1,350
93386,1,350
93408,1,350
93431,1,350
93433,1,350
93445,1,350
93451,1,350
93479,1,350
93480,1,350
93483,1,350
93484,1,350
93495,1,350
93504,1,350
93505,1,350
93511,1,350
93516,1,350
93537,1,350
93574,1,350
93582,1,350
93588,1,350
93600,1,350
93603,1,350
93622,1,350
93630,1,350
93643,1,350
93648,1,350
93654,1,350
93655,1,350
93657,1,350
93661,1,350
93691,1,350
93718,1,350
93727,1,350
93727,1,350
93730,1,350
93743,1,350
93751,1,350
93754,1,350
93770,1,350
93771,1,350
93789,1,350
93794,1,350
93800,1,350
93805,1,350
93819,1,350
93823,1,350
93827,1,350
93837,1,350
93840,1,350
93841,1,350
93848,1,350
93853,1,350
93862,1,350
94005,1,350
94006,1,350
94010,1,350
94012,1,350
94035,1,350
94037,1,350
94041,1,350
94043,1,350
94076,1,350
94080,1,350
94081,1,350
94096,1,350
94151,1,350
94164,1,350
94167,1,350
94178,1,350
94208,1,350
94211,1,350
94226,1,350
94249,1,350
94280,1,350
94281,1,350
94284,1,350
94284,1,350
94306,1,350
94331,1,350
94382,1,350
94384,1,350
94400,1,350
94410,1,350
94413,1,350
94414,1,350
94446,1,350
94450,1,350
94456,1,350
94457,1,350
94475,1,350
94496,1,350
94512,1,350
94529,1,350
94547,1,350
94554,1,350
94568,1,350
94601,1,350
94618,1,350
94638,1,350
94652,1,350
94669,1,350
94674,1,350
94684,1,350
94712,1,350
94729,1,350
94762,1,350
94763,1,350
94776,1,350
94791,1,350
94809,1,350
94841,1,350
94876,1,350
94894,1,350
94902,1,350
94990,1,350
94993,1,350
94999,1,350
95021,1,350
95023,1,350
95023,1,350
95059,1,350
95075,1,350
95076,1,350
95077,1,350
95123,1,350
95172,1,350
95210,1,350
95226,1,350
95231,1,350
95236,1,350
95245,1,350
95249,1,350
95250,1,350
95268,1,350
95271,1,350
95296,1,350
95303,1,350
95314,1,350
95331,1,350
95348,1,350
95361,1,350
95371,1,350
95406,1,350
95423,1,350
95448,1,350
95464,1,350
95482,1,350
95483,1,350
95489,1,350
95507,1,350
95528,1,350
95576,1,350
95614,1,350
95632,1,350
95656,1,350
95657,1,350
95726,1,350
95732,1,350
95748,1,350
95758,1,350
95760,1,350
95775,1,350
95794,1,350
95811,1,350
95818,1,350
95827,1,350
95858,1,350
95859,1,350
95861,1,350
95861,1,350
95868,1,350
95900,1,350
95900,1,350
95908,1,350
95927,1,350
95933,1,350
95946,1,350
95949,1,350
95964,1,350
95971,1,350
95980,1,350
96002,1,350
96012,1,350
96027,1,350
96035,1,350
96073,1,350
96078,1,350
96108,1,350
96137,1,350
96149,1,350
96161,1,350
96161,1,350
96171,1,350
96189,1,350
96193,1,350
96228,1,350
96236,1,350
96238,1,350
96245,1,350
96255,1,350
96301,1,350
96310,1,350
96323,1,350
96337,1,350
96339,1,350
96355,1,350
96367,1,350
96367,1,350
96380,1,350
96386,1,350
96394,1,350
96406,1,350
96423,1,350
96425,1,350
96428,1,350
96434,1,350
96443,1,350
96486,1,350
96488,1,350
96537,1,350
96615,1,350
96634,1,350
96650,1,350
96676,1,350
96676,1,350
96682,1,350
96688,1,350
96691,1,350
96702,1,350
96709,1,350
96730,1,350
96736,1,350
96745,1,350
96757,1,350
96763,1,350
96766,1,350
96781,1,350
96805,1,350
96806,1,350
96807,1,350
96825,1,350
96848,1,350
96868,1,350
96869,1,350
97009,1,350
97011,1,350
97027,1,350
97036,1,350
97048,1,350
97054,1,350
97055,1,350
97059,1,350
97076,1,350
97111,1,350
97131,1,350
97151,1,350
97153,1,350
97202,1,350
97203,1,350
97224,1,350
97231,1,350
97246,1,350
97273,1,350
97289,1,350
97292,1,350
97293,1,350
97335,1,350
97342,1,350
97362,1,350
97400,1,350
97404,1,350
97405,1,350
97409,1,350
97449,1,350
97466,1,350
97476,1,350
97483,1,350
97485,1,350
97489,1,350
97497,1,350
97498,1,350
97504,1,350
97511,1,350
97524,1,350
97529,1,350
97532,1,350
97563,1,350
97563,1,350
97594,1,350
97600,1,350
97611,1,350
97645,1,350
97657,1,350
97698,1,350
97758,1,350
97759,1,350
97765,1,350
97779,1,350
97794,1,350
97802,1,350
97806,1,350
97822,1,350
97830,1,350
98002,1,350
98044,1,350
98075,1,350
98096,1,350
98109,1,350
98125,1,350
98156,1,350
98186,1,350
98196,1,350
98231,1,350
98255,1,350
98258,1,350
98269,1,350
98270,1,350
98294,1,350
98310,1,350
98382,1,350
98384,1,350
98417,1,350
98418,1,350
98443,1,350
98461,1,350
98500,1,350
98507,1,350
98528,1,350
98536,1,350
98550,1,350
98561,1,350
98565,1,350
98567,1,350
98576,1,350
98580,1,350
98580,1,350
98624,1,350
98654,1,350
98666,1,350
98704,1,350
98711,1,350
98747,1,350
98748,1,350
98751,1,350
98768,1,350
98786,1,350
98816,1,350
98819,1,350
98832,1,350
98845,1,350
98861,1,350
98865,1,350
98867,1,350
98872,1,350
98894,1,350
98926,1,350
98931,1,350
98969,1,350
99000,1,350
99013,1,350
99025,1,350
99031,1,350
99032,1,350
99035,1,350
99048,1,350
99055,1,350
99059,1,350
99060,1,350
99077,1,350
99079,1,350
99084,1,350
99134,1,350
99143,1,350
99183,1,350
99190,1,350
99196,1,350
99214,1,350
99229,1,350
99261,1,350
99287,1,350
99338,1,350
99342,1,350
99351,1,350
99358,1,350
99363,1,350
99382,1,350
99394,1,350
99401,1,350
99411,1,350
99433,1,350
99445,1,350
99455,1,350
99459,1,350
99469,1,350
99491,1,350
99513,1,350
99538,1,350
99562,1,350
99590,1,350
99596,1,350
99597,1,350
99608,1,350
99613,1,350
99633,1,350
99651,1,350
99690,1,350
99748,1,350
99754,1,350
99763,1,350
99777,1,350
99785,1,350
99790,1,350
99832,1,350
99869,1,350
99876,1,350
99916,1,350
99917,1,350
99955,1,350
99969,1,350
99977,1,350
99979,1,350
100023,1,350
100024,1,350
100039,1,350
100046,1,350
100098,1,350
100117,1,350
100135,1,350
100158,1,350
100175,1,350
100180,1,350
100193,1,350
100198,1,350
100213,1,350
100215,1,350
100271,1,350
100283,1,350
100290,1,350
100302,1,350
100311,1,350
100405,1,350
100418,1,350
100441,1,350
100444,1,350
100518,1,350
100553,1,350
100561,1,350
100574,1,350
100633,1,350
100658,1,350
100671,1,350
100679,1,350
100733,1,350
100760,1,350
100782,1,350
100829,1,350
100861,1,350
100923,1,350
100938,1,350
100940,1,350
101021,1,350
101030,1,350
101036,1,350
101038,1,350
101051,1,350
101056,1,350
101057,1,350
101058,1,350
101062,1,350
101082,1,350
101084,1,350
101096,1,350
101102,1,350
101106,1,350
101124,1,350
101140,1,350
101146,1,350
101148,1,350
101154,1,350
101162,1,350
101176,1,350
101179,1,350
101180,1,350
101193,1,350
101204,1,350
101220,1,350
101221,1,350
101244,1,350
101254,1,350
101256,1,350
101257,1,350
101266,1,350
101267,1,350
101271,1,350
101276,1,350
101277,1,350
101308,1,350
101330,1,350
101335,1,350
101336,1,350
101343,1,350
101404,1,350
101408,1,350
101444,1,350
101446,1,350
101456,1,350
101462,1,350
101489,1,350
101498,1,350
101521,1,350
101540,1,350
101592,1,350
101602,1,350
101619,1,350
101667,1,350
101674,1,350
101701,1,350
101706,1,350
101750,1,350
101767,1,350
101772,1,350
101790,1,350
101800,1,350
101820,1,350
101872,1,350
101901,1,350
101925,1,350
101925,1,350
101977,1,350
101982,1,350
101996,1,350
101999,1,350
102004,1,350
102004,1,350
102006,1,350
102009,1,350
102019,1,350
102021,1,350
102051,1,350
102062,1,350
102083,1,350
102088,1,350
102118,1,350
102119,1,350
102147,1,350
102152,1,350
102161,1,350
102199,1,350
102208,1,350
102219,1,350
102254,1,350
102266,1,350
102266,1,350
102300,1,350
102308,1,350
102321,1,350
102327,1,350
102377,1,350
102378,1,350
102396,1,350
102412,1,350
102423,1,350
102429,1,350
102452,1,350
102461,1,350
102492,1,350
102509,1,350
102514,1,350
102547,1,350
102581,1,350
102606,1,350
102622,1,350
102622,1,350
102647,1,350
102670,1,350
102677,1,350
102704,1,350
102711,1,350
102715,1,350
102725,1,350
102745,1,350
102790,1,350
102791,1,350
102817,1,350
102847,1,350
102879,1,350
102907,1,350
102933,1,350
102940,1,350
102954,1,350
102965,1,350
102988,1,350
102993,1,350
103015,1,350
103020,1,350
103160,1,350
103244,1,350
103269,1,350
103329,1,350
103362,1,350
103384,1,350
103409,1,350
103420,1,350
103486,1,350
103499,1,350
103582,1,350
103593,1,350
103631,1,350
103635,1,350
103642,1,350
103652,1,350
103689,1,350
103692,1,350
103706,1,350
103713,1,350
103722,1,350
103739,1,350
103777,1,350
103838,1,350
103845,1,350
103860,1,350
103869,1,350
103896,1,350
103919,1,350
103923,1,350
103926,1,350
103950,1,350
103968,1,350
103980,1,350
103981,1,350
104017,1,350
104018,1,350
104022,1,350
104024,1,350
104027,1,350
104029,1,350
104032,1,350
104040,1,350
104043,1,350
104056,1,350
104059,1,350
104095,1,350
104110,1,350
104140,1,350
104145,1,350
104157,1,350
104160,1,350
104164,1,350
104173,1,350
104175,1,350
104179,1,350
104182,1,350
104196,1,350
104205,1,350
104214,1,350
104219,1,350
104225,1,350
104233,1,350
104242,1,350
104252,1,350
104255,1,350
104261,1,350
104265,1,350
104291,1,350
104305,1,350
104316,1,350
104383,1,350
104384,1,350
104387,1,350
104388,1,350
104425,1,350
104425,1,350
104428,1,350
104430,1,350
104472,1,350
104494,1,350
104520,1,350
104523,1,350
104588,1,350
104598,1,350
104619,1,350
104646,1,350
104654,1,350
104683,1,350
104689,1,350
104705,1,350
104746,1,350
104766,1,350
104775,1,350
104777,1,350
104777,1,350
104790,1,350
104795,1,350
104822,1,350
104829,1,350
104855,1,350
104865,1,350
105051,1,350
105054,1,350
105054,1,350
105060,1,350
105063,1,350
105071,1,350
105073,1,350
105074,1,350
105084,1,350
105102,1,350
105103,1,350
105117,1,350
105126,1,350
105127,1,350
105143,1,350
105152,1,350
105152,1,350
105153,1,350
105154,1,350
105172,1,350
105173,1,350
105195,1,350
105220,1,350
105239,1,350
105247,1,350
105275,1,350
105295,1,350
105302,1,350
105302,1,350
105306,1,350
105309,1,350
105395,1,350
105399,1,350
105400,1,350
105439,1,350
105453,1,350
105471,1,350
105543,1,350
105570,1,350
105610,1,350
105610,1,350
105613,1,350
105614,1,350
105615,1,350
105615,1,350
105617,1,350
105622,1,350
105648,1,350
105665,1,350
105688,1,350
105697,1,350
105699,1,350
105718,1,350
105729,1,350
105746,1,350
105746,1,350
105749,1,350
105755,1,350
105758,1,350
105792,1,350
105828,1,350
105830,1,350
105855,1,350
105864,1,350
105867,1,350
106054,1,350
106065,1,350
106104,1,350
106112,1,350
106135,1,350
106141,1,350
106153,1,350
106187,1,350
106188,1,350
106210,1,350
106251,1,350
106267,1,350
106271,1,350
106334,1,350
106335,1,350
106336,1,350
106363,1,350
106386,1,350
106392,1,350
106409,1,350
106422,1,350
106423,1,350
106454,1,350
106456,1,350
106458,1,350
106473,1,350
106473,1,350
106479,1,350
106514,1,350
106535,1,350
106542,1,350
106545,1,350
106567,1,350
106600,1,350
106604,1,350
106605,1,350
106647,1,350
106662,1,350
106669,1,350
106712,1,350
106743,1,350
106746,1,350
106757,1,350
106777,1,350
106813,1,350
106828,1,350
106838,1,350
106849,1,350
106849,1,350
107003,1,350
107014,1,350
107015,1,350
107026,1,350
107055,1,350
107063,1,350
107066,1,350
107066,1,350
107071,1,350
107087,1,350
107097,1,350
107117,1,350
107124,1,350
107142,1,350
107190,1,350
107209,1,350
107221,1,350
107234,1,350
107235,1,350
107279,1,350
107296,1,350
107298,1,350
107312,1,350
107338,1,350
107379,1,350
107399,1,350
107407,1,350
107458,1,350
107505,1,350
107508,1,350
107513,1,350
107520,1,350
107527,1,350
107534,1,350
107547,1,350
107552,1,350
107569,1,350
107601,1,350
107631,1,350
107666,1,350
107691,1,350
107702,1,350
107706,1,350
107712,1,350
107730,1,350
107730,1,350
107764,1,350
108001,1,350
108032,1,350
108050,1,350
108063,1,350
108076,1,350
108078,1,350
108118,1,350
108153,1,350
108159,1,350
108163,1,350
108172,1,350
108175,1,350
108187,1,350
108202,1,350
108222,1,350
108251,1,350
108255,1,350
108286,1,350
108324,1,350
108349,1,350
108396,1,350
108448,1,350
108469,1,350
108529,1,350
108539,1,350
108582,1,350
108592,1,350
108627,1,350
108627,1,350
108630,1,350
108652,1,350
108654,1,350
108665,1,350
108702,1,350
108712,1,350
108726,1,350
108734,1,350
108752,1,350
108760,1,350
108785,1,350
108805,1,350
108807,1,350
108823,1,350
108863,1,350
108876,1,350
109092,1,350
109106,1,350
109144,1,350
109205,1,350
109233,1,350
109237,1,350
109242,1,350
109270,1,350
109280,1,350
109297,1,350
109306,1,350
109314,1,350
109319,1,350
109352,1,350
109376,1,350
109445,1,350
109452,1,350
109474,1,350
109478,1,350
109496,1,350
109517,1,350
109539,1,350
109559,1,350
109560,1,350
109590,1,350
109603,1,350
109619,1,350
109661,1,350
109667,1,350
109706,1,350
109743,1,350
109785,1,350
109819,1,350
109824,1,350
109830,1,350
109851,1,350
109851,1,350
109933,1,350
109979,1,350
109980,1,350
110006,1,350
110013,1,350
110031,1,350
110047,1,350
110056,1,350
110059,1,350
110064,1,350
110067,1,350
110075,1,350
110087,1,350
110106,1,350
110114,1,350
110152,1,350
110180,1,350
110180,1,350
110184,1,350
110206,1,350
110228,1,350
110231,1,350
110285,1,350
110292,1,350
110297,1,350
110299,1,350
110328,1,350
110374,1,350
110389,1,350
110397,1,350
110422,1,350
110448,1,350
110453,1,350
110491,1,350
110505,1,350
110509,1,350
110523,1,350
110532,1,350
110568,1,350
110657,1,350
110690,1,350
110713,1,350
110715,1,350
110772,1,350
110777,1,350
110782,1,350
110789,1,350
110865,1,350
110886,1,350
110907,1,350
110916,1,350
110919,1,350
111030,1,350
111034,1,350
111054,1,350
111113,1,350
111119,1,350
111127,1,350
111137,1,350
111164,1,350
111184,1,350
111204,1,350
111209,1,350
111221,1,350
111224,1,350
111246,1,350
111256,1,350
111322,1,350
111422,1,350
111442,1,350
111457,1,350
111472,1,350
111482,1,350
111484,1,350
111485,1,350
111505,1,350
111525,1,350
111525,1,350
111546,1,350
111574,1,350
111586,1,350
111608,1,350
111621,1,350
111647,1,350
111652,1,350
111682,1,350
111715,1,350
111734,1,350
111752,1,350
111752,1,350
111791,1,350
111794,1,350
111799,1,350
111830,1,350
111839,1,350
111855,1,350
111860,1,350
111863,1,350
112030,1,350
112077,1,350
112085,1,350
112116,1,350
112140,1,350
112172,1,350
112212,1,350
112219,1,350
112247,1,350
112351,1,350
112450,1,350
112461,1,350
112478,1,350
112480,1,350
112509,1,350
112515,1,350
112525,1,350
112531,1,350
112590,1,350
112618,1,350
112620,1,350
112630,1,350
112667,1,350
112680,1,350
112725,1,350
112740,1,350
112762,1,350
112764,1,350
112786,1,350
112803,1,350
112805,1,350
112832,1,350
112840,1,350
112846,1,350
112871,1,350
112883,1,350
112916,1,350
112978,1,350
112982,1,350
113018,1,350
113037,1,350
113052,1,350
113068,1,350
113080,1,350
113081,1,350
113088,1,350
113108,1,350
113116,1,350
113145,1,350
113152,1,350
113194,1,350
113194,1,350
113205,1,350
113210,1,350
113215,1,350
113239,1,350
113271,1,350
113272,1,350
113324,1,350
113335,1,350
113346,1,350
113352,1,350
113356,1,350
113376,1,350
113379,1,350
113393,1,350
113402,1,350
113490,1,350
113524,1,350
113532,1,350
113540,1,350
113549,1,350
113618,1,350
113622,1,350
113631,1,350
113647,1,350
113659,1,350
113668,1,350
113692,1,350
113734,1,350
113738,1,350
113741,1,350
113753,1,350
113770,1,350
113774,1,350
113780,1,350
113787,1,350
113791,1,350
113820,1,350
114015,1,350
114015,1,350
114029,1,350
114118,1,350
114159,1,350
114174,1,350
114176,1,350
114193,1,350
114208,1,350
114213,1,350
114237,1,350
114260,1,350
114264,1,350
114266,1,350
114288,1,350
114319,1,350
114361,1,350
114378,1,350
114388,1,350
114390,1,350
114407,1,350
114440,1,350
114464,1,350
114468,1,350
114484,1,350
114485,1,350
114535,1,350
114543,1,350
114584,1,350
114600,1,350
114606,1,350
114617,1,350
114656,1,350
114661,1,350
114687,1,350
114698,1,350
114701,1,350
114710,1,350
114720,1,350
114735,1,350
114746,1,350
114750,1,350
115003,1,350
115008,1,350
115023,1,350
115024,1,350
115034,1,350
115070,1,350
115079,1,350
115203,1,350
115246,1,350
115275,1,350
115275,1,350
115301,1,350
115302,1,350
115306,1,350
115373,1,350
115424,1,350
115463,1,350
115483,1,350
115513,1,350
115523,1,350
115528,1,350
115540,1,350
115566,1,350
115607,1,350
115628,1,350
115649,1,350
115651,1,350
115737,1,350
115778,1,350
115817,1,350
115844,1,350
115873,1,350
115896,1,350
115907,1,350
115928,1,350
115965,1,350
115976,1,350
115984,1,350
116017,1,350
116023,1,350
116025,1,350
116039,1,350
116040,1,350
116057,1,350
116064,1,350
116064,1,350
116093,1,350
116105,1,350
116146,1,350
116147,1,350
116151,1,350
116152,1,350
116153,1,350
116221,1,350
116236,1,350
116270,1,350
116270,1,350
116272,1,350
116314,1,350
116319,1,350
116348,1,350
116373,1,350
116378,1,350
116418,1,350
116422,1,350
116447,1,350
116450,1,350
116475,1,350
116480,1,350
116491,1,350
116498,1,350
116507,1,350
116540,1,350
116558,1,350
116572,1,350
116580,1,350
116631,1,350
116632,1,350
116649,1,350
116650,1,350
116651,1,350
116680,1,350
116702,1,350
116754,1,350
117036,1,350
117086,1,350
117121,1,350
117122,1,350
117147,1,350
117150,1,350
117153,1,350
117161,1,350
117165,1,350
117167,1,350
117170,1,350
117184,1,350
117216,1,350
117242,1,350
117248,1,350
117257,1,350
117274,1,350
117285,1,350
117299,1,350
117312,1,350
117380,1,350
117396,1,350
117408,1,350
117423,1,350
117441,1,350
117487,1,350
117489,1,350
117516,1,350
117538,1,350
117552,1,350
117610,1,350
117617,1,350
117620,1,350
117628,1,350
117702,1,350
117714,1,350
117747,1,350
117787,1,350
117790,1,350
117798,1,350
117810,1,350
117822,1,350
117871,1,350
117878,1,350
117899,1,350
117914,1,350
118010,1,350
118032,1,350
118033,1,350
118051,1,350
118097,1,350
118100,1,350
118121,1,350
118160,1,350
118162,1,350
118181,1,350
118187,1,350
118263,1,350
118266,1,350
118270,1,350
118270,1,350
118335,1,350
118345,1,350
118367,1,350
118472,1,350
118478,1,350
118480,1,350
118497,1,350
118516,1,350
118569,1,350
118577,1,350
118604,1,350
118614,1,350
118667,1,350
118680,1,350
118685,1,350
118690,1,350
118694,1,350
118722,1,350
118820,1,350
119079,1,350
119092,1,350
119093,1,350
119125,1,350
119161,1,350
119191,1,350
119258,1,350
119272,1,350
119347,1,350
119351,1,350
119373,1,350
119437,1,350
119451,1,350
119520,1,350
119580,1,350
119581,1,350
119589,1,350
119653,1,350
119699,1,350
119714,1,350
119736,1,350
119746,1,350
119780,1,350
119821,1,350
119865,1,350
119913,1,350
119921,1,350
119934,1,350
119939,1,350
120004,1,350
120008,1,350
120012,1,350
120014,1,350
120015,1,350
120019,1,350
120042,1,350
120098,1,350
120160,1,350
120226,1,350
120445,1,350
120450,1,350
120621,1,350
120727,1,350
120955,1,350
120960,1,350
120978,1,350
120981,1,350
121011,1,350
121025,1,350
121025,1,350
121028,1,350
121031,1,350
121039,1,350
121061,1,350
121062,1,350
121068,1,350
121070,1,350
121146,1,350
121161,1,350
121185,1,350
121193,1,350
121195,1,350
121199,1,350
121218,1,350
121242,1,350
121245,1,350
121247,1,350
121264,1,350
121292,1,350
121296,1,350
121353,1,350
121359,1,350
121368,1,350
121383,1,350
121390,1,350
121409,1,350
121411,1,350
121418,1,350
121451,1,350
121462,1,350
121481,1,350
121493,1,350
121557,1,350
121585,1,350
121591,1,350
121600,1,350
121607,1,350
121626,1,350
121645,1,350
121701,1,350
121717,1,350
121789,1,350
121802,1,350
121838,1,350
122077,1,350
122137,1,350
122153,1,350
122193,1,350
122241,1,350
122292,1,350
122303,1,350
122316,1,350
122319,1,350
122343,1,350
122389,1,350
122423,1,350
122506,1,350
122519,1,350
122543,1,350
122573,1,350
122593,1,350
122615,1,350
122629,1,350
122661,1,350
122669,1,350
122671,1,350
122715,1,350
122731,1,350
122777,1,350
122792,1,350
122806,1,350
122824,1,350
122825,1,350
122879,1,350
122889,1,350
123018,1,350
123057,1,350
123096,1,350
123105,1,350
123112,1,350
123137,1,350
123147,1,350
123190,1,350
123238,1,350
123325,1,350
123345,1,350
123417,1,350
123420,1,350
123434,1,350
123532,1,350
123533,1,350
123534,1,350
123560,1,350
123649,1,350
123678,1,350
123688,1,350
123708,1,350
123748,1,350
123767,1,350
123787,1,350
123817,1,350
123818,1,350
123851,1,350
123930,1,350
124045,1,350
124055,1,350
124099,1,350
124115,1,350
124141,1,350
124144,1,350
124156,1,350
124167,1,350
124189,1,350
124205,1,350
124210,1,350
124337,1,350
124367,1,350
124438,1,350
124443,1,350
124465,1,350
124472,1,350
124511,1,350
124530,1,350
124551,1,350
124569,1,350
124599,1,350
124714,1,350
124761,1,350
124802,1,350
124858,1,350
124922,1,350
125001,1,350
125032,1,350
125042,1,350
125046,1,350
125103,1,350
125177,1,350
125230,1,350
125259,1,350
125292,1,350
125301,1,350
125412,1,350
125424,1,350
125431,1,350
125439,1,350
125453,1,350
125470,1,350
125500,1,350
125548,1,350
125597,1,350
125598,1,350
125609,1,350
125627,1,350
125671,1,350
125675,1,350
125724,1,350
125782,1,350
125838,1,350
125854,1,350
125915,1,350
126000,1,350
126012,1,350
126019,1,350
126036,1,350
126060,1,350
126063,1,350
126188,1,350
126192,1,350
126197,1,350
126216,1,350
126272,1,350
126315,1,350
126386,1,350
126399,1,350
126416,1,350
126448,1,350
126457,1,350
126482,1,350
126486,1,350
126536,1,350
126551,1,350
126633,1,350
126647,1,350
126679,1,350
126682,1,350
126698,1,350
126761,1,350
126815,1,350
126830,1,350
127071,1,350
127095,1,350
127140,1,350
127241,1,350
127274,1,350
127426,1,350
127433,1,350
127466,1,350
127547,1,350
127603,1,350
127623,1,350
127635,1,350
127638,1,350
127647,1,350
127658,1,350
127666,1,350
127681,1,350
127751,1,350
127778,1,350
127836,1,350
127846,1,350
127897,1,350
127968,1,350
127993,1,350
128017,1,350
128076,1,350
128132,1,350
128138,1,350
128164,1,350
128176,1,350
128180,1,350
128237,1,350
128310,1,350
128328,1,350
128333,1,350
128342,1,350
128391,1,350
128454,1,350
128474,1,350
128524,1,350
128566,1,350
128569,1,350
128579,1,350
128617,1,350
128624,1,350
128633,1,350
128658,1,350
128803,1,350
128826,1,350
128859,1,350
128875,1,350
128908,1,350
128936,1,350
129000,1,350
129012,1,350
129047,1,350
129080,1,350
129082,1,350
129086,1,350
129119,1,350
129142,1,350
129148,1,350
129188,1,350
129201,1,350
129217,1,350
129281,1,350
129312,1,350
129345,1,350
129360,1,350
129365,1,350
129367,1,350
129374,1,350
129379,1,350
129422,1,350
129424,1,350
129433,1,350
129472,1,350
129490,1,350
129516,1,350
129524,1,350
129554,1,350
129559,1,350
129654,1,350
129689,1,350
129764,1,350
129778,1,350
129925,1,350
130004,1,350
130019,1,350
130023,1,350
130028,1,350
130065,1,350
130176,1,350
130300,1,350
130381,1,350
130381,1,350
130390,1,350
130391,1,350
130515,1,350
130567,1,350
130608,1,350
130659,1,350
130686,1,350
130754,1,350
130817,1,350
131032,1,350
131040,1,350
131056,1,350
131100,1,350
131111,1,350
131138,1,350
131150,1,350
131200,1,350
131272,1,350
131322,1,350
131340,1,350
131345,1,350
131407,1,350
131409,1,350
131476,1,350
131496,1,350
131523,1,350
131570,1,350
131607,1,350
131766,1,350
131845,1,350
131885,1,350
131885,1,350
131900,1,350
131955,1,350
131962,1,350
131987,1,350
132082,1,350
132083,1,350
132106,1,350
132113,1,350
132129,1,350
132140,1,350
132208,1,350
132223,1,350
132292,1,350
132324,1,350
132331,1,350
132374,1,350
132399,1,350
132454,1,350
132488,1,350
132490,1,350
132494,1,350
132512,1,350
132525,1,350
132554,1,350
132564,1,350
132577,1,350
132610,1,350
133005,1,350
133027,1,350
133037,1,350
133081,1,350
133085,1,350
133121,1,350
133137,1,350
133185,1,350
133279,1,350
133284,1,350
133325,1,350
133474,1,350
133550,1,350
133596,1,350
133644,1,350
133651,1,350
134009,1,350
134056,1,350
134067,1,350
134069,1,350
134107,1,350
134133,1,350
134157,1,350
134233,1,350
134325,1,350
134407,1,350
134471,1,350
134549,1,350
134560,1,350
134596,1,350
134612,1,350
134625,1,350
134665,1,350
134686,1,350
134719,1,350
135037,1,350
135068,1,350
135068,1,350
135085,1,350
135142,1,350
135212,1,350
135242,1,350
135266,1,350
135278,1,350
135308,1,350
135313,1,350
135330,1,350
135373,1,350
135379,1,350
135414,1,350
135474,1,350
135485,1,350
135679,1,350
136013,1,350
136031,1,350
136055,1,350
136077,1,350
136120,1,350
136156,1,350
136302,1,350
136360,1,350
136422,1,350
136443,1,350
136527,1,350
136543,1,350
136608,1,350
136625,1,350
136866,1,350
136923,1,350
136933,1,350
136999,1,350
137083,1,350
137085,1,350
137092,1,350
137104,1,350
137137,1,350
137189,1,350
137226,1,350
137307,1,350
137384,1,350
137477,1,350
137499,1,350
137570,1,350
137580,1,350
137589,1,350
137674,1,350
137741,1,350
137789,1,350
137815,1,350
137970,1,350
137978,1,350
137995,1,350
138114,1,350
138201,1,350
138206,1,350
138212,1,350
138252,1,350
138339,1,350
138359,1,350
138379,1,350
138401,1,350
138419,1,350
138480,1,350
138524,1,350
138558,1,350
138579,1,350
138604,1,350
138689,1,350
138721,1,350
139011,1,350
139031,1,350
139123,1,350
139124,1,350
139133,1,350
139173,1,350
139237,1,350
139257,1,350
139271,1,350
139407,1,350
139551,1,350
139559,1,350
139574,1,350
139577,1,350
139605,1,350
139686,1,350
139698,1,350
139755,1,350
139803,1,350
140065,1,350
140116,1,350
140139,1,350
140235,1,350
140479,1,350
140503,1,350
140551,1,350
140786,1,350
141024,1,350
141058,1,350
141138,1,350
141154,1,350
141191,1,350
141226,1,350
141264,1,350
141299,1,350
141306,1,350
141307,1,350
141354,1,350
141453,1,350
141465,1,350
141480,1,350
141495,1,350
141496,1,350
141631,1,350
141650,1,350
141661,1,350
141706,1,350
141743,1,350
141773,1,350
141774,1,350
141846,1,350
141876,1,350
141983,1,350
141984,1,350
142001,1,350
142078,1,350
142139,1,350
142244,1,350
142257,1,350
142347,1,350
142491,1,350
142626,1,350
142629,1,350
142642,1,350
142649,1,350
142701,1,350
142721,1,350
142823,1,350
143086,1,350
143129,1,350
143139,1,350
143165,1,350
143181,1,350
143190,1,350
143275,1,350
143326,1,350
143464,1,350
143666,1,350
143870,1,350
143906,1,350
144009,1,350
144140,1,350
144155,1,350
144278,1,350
144288,1,350
144334,1,350
144350,1,350
144375,1,350
144433,1,350
144502,1,350
144545,1,350
144605,1,350
145010,1,350
145126,1,350
145170,1,350
145285,1,350
145302,1,350
145324,1,350
145339,1,350
145365,1,350
145368,1,350
145483,1,350
145550,1,350
145614,1,350
145721,1,350
145761,1,350
145806,1,350
146144,1,350
146333,1,350
146377,1,350
146405,1,350
146510,1,350
146546,1,350
146666,1,350
146761,1,350
146925,1,350
146942,1,350
147054,1,350
147096,1,350
147114,1,350
147160,1,350
147257,1,350
147311,1,350
147312,1,350
147321,1,350
147371,1,350
147560,1,350
147615,1,350
147635,1,350
147701,1,350
147989,1,350
148003,1,350
148007,1,350
148321,1,350
148417,1,350
148444,1,350
148591,1,350
148593,1,350
148595,1,350
148782,1,350
148788,1,350
148804,1,350
148824,1,350
148841,1,350
148968,1,350
149002,1,350
149043,1,350
149064,1,350
149442,1,350
149486,1,350
149495,1,350
149685,1,350
149699,1,350
149870,1,350
149903,1,350
150011,1,350
150018,1,350
150257,1,350
150325,1,350
150337,1,350
150448,1,350
150459,1,350
150538,1,350
150698,1,350
150815,1,350
151052,1,350
151095,1,350
151168,1,350
151217,1,350
151223,1,350
151365,1,350
151384,1,350
151425,1,350
151489,1,350
151543,1,350
151652,1,350
151703,1,350
152072,1,350
152182,1,350
152217,1,350
152311,1,350
152551,1,350
152558,1,350
153020,1,350
153055,1,350
153087,1,350
153113,1,350
153198,1,350
153291,1,350
153308,1,350
153450,1,350
153450,1,350
153561,1,350
153598,1,350
153681,1,350
153718,1,350
153846,1,350
153915,1,350
154032,1,350
154096,1,350
154125,1,350
154182,1,350
154264,1,350
154320,1,350
154476,1,350
154501,1,350
154596,1,350
154623,1,350
154624,1,350
154652,1,350
154680,1,350
154747,1,350
154788,1,350
154857,1,350
155018,1,350
155046,1,350
155056,1,350
155061,1,350
155084,1,350
155130,1,350
155137,1,350
155336,1,350
155361,1,350
155409,1,350
155455,1,350
156087,1,350
156172,1,350
156355,1,350
156355,1,350
156375,1,350
156507,1,350
156814,1,350
156966,1,350
156992,1,350
157107,1,350
157154,1,350
157211,1,350
157532,1,350
157653,1,350
157699,1,350
158090,1,350
158111,1,350
158128,1,350
158182,1,350
158279,1,350
158478,1,350
158516,1,350
158663,1,350
158677,1,350
158710,1,350
159019,1,350
159075,1,350
159141,1,350
159147,1,350
159230,1,350
159293,1,350
159575,1,350
159617,1,350
159627,1,350
159638,1,350
159755,1,350
160263,1,350
160353,1,350
160378,1,350
160391,1,350
160502,1,350
160566,1,350
160674,1,350
160683,1,350
160714,1,350
160754,1,350
160792,1,350
160820,1,350
160846,1,350
161029,1,350
161049,1,350
161590,1,350
161680,1,350
161879,1,350
161914,1,350
162288,1,350
162530,1,350
162577,1,350
162756,1,350
162894,1,350
163075,1,350
163245,1,350
163276,1,350
163295,1,350
163721,1,350
163886,1,350
164342,1,350
164362,1,350
164953,1,350
165045,1,350
165047,1,350
165119,1,350
165123,1,350
165128,1,350
165148,1,350
165153,1,350
165166,1,350
165303,1,350
165370,1,350
165402,1,350
165438,1,350
165442,1,350
165445,1,350
165551,1,350
165576,1,350
165611,1,350
165619,1,350
165669,1,350
165732,1,350
165798,1,350
165824,1,350
165880,1,350
165909,1,350
166157,1,350
166221,1,350
166241,1,350
166367,1,350
166402,1,350
166443,1,350
166748,1,350
166786,1,350
166860,1,350
166988,1,350
167030,1,350
167030,1,350
167062,1,350
167307,1,350
167382,1,350
167506,1,350
167509,1,350
167789,1,350
167800,1,350
167870,1,350
168018,1,350
168064,1,350
168261,1,350
168326,1,350
168450,1,350
168462,1,350
168547,1,350
168630,1,350
168677,1,350
168774,1,350
168873,1,350
169321,1,350
169596,1,350
169905,1,350
169914,1,350
170011,1,350
170034,1,350
170054,1,350
170125,1,350
170528,1,350
170582,1,350
170735,1,350
170748,1,350
170992,1,350
171120,1,350
171182,1,350
171196,1,350
171227,1,350
171252,1,350
171294,1,350
171445,1,350
171485,1,350
171665,1,350
172000,1,350
172104,1,350
172125,1,350
172343,1,350
172453,1,350
172514,1,350
172523,1,350
172545,1,350
172649,1,350
172669,1,350
173159,1,350
173191,1,350
173299,1,350
173377,1,350
173873,1,350
174105,1,350
174112,1,350
174259,1,350
174490,1,350
174543,1,350
174548,1,350
174969,1,350
175291,1,350
175580,1,350
175708,1,350
175929,1,350
176079,1,350
176287,1,350
176408,1,350
176424,1,350
176436,1,350
176530,1,350
176569,1,350
177004,1,350
177007,1,350
177074,1,350
177117,1,350
177185,1,350
177211,1,350
177214,1,350
177251,1,350
177261,1,350
177288,1,350
177295,1,350
177298,1,350
177337,1,350
177360,1,350
177366,1,350
177395,1,350
177455,1,350
177489,1,350
177522,1,350
177533,1,350
177697,1,350
177748,1,350
177759,1,350
177777,1,350
178036,1,350
178051,1,350
178180,1,350
178188,1,350
178290,1,350
178466,1,350
178623,1,350
178664,1,350
178822,1,350
179020,1,350
179036,1,350
179111,1,350
179287,1,350
179309,1,350
179313,1,350
179359,1,350
179403,1,350
179438,1,350
179588,1,350
179704,1,350
179765,1,350
179781,1,350
179811,1,350
180099,1,350
180100,1,350
180209,1,350
180309,1,350
180373,1,350
180400,1,350
180451,1,350
180595,1,350
182052,1,350
182080,1,350
182170,1,350
182214,1,350
182219,1,350
182235,1,350
182302,1,350
182354,1,350
182386,1,350
182416,1,350
182589,1,350
182610,1,350
182830,1,350
183126,1,350
183219,1,350
183247,1,350
183304,1,350
183504,1,350
183543,1,350
183562,1,350
183767,1,350
183787,1,350
184034,1,350
184075,1,350
184099,1,350
184100,1,350
184110,1,350
184120,1,350
184157,1,350
184340,1,350
184356,1,350
184393,1,350
184526,1,350
184551,1,350
184635,1,350
185062,1,350
185208,1,350
185368,1,350
185813,1,350
185819,1,350
186009,1,350
186062,1,350
186130,1,350
186206,1,350
186253,1,350
186257,1,350
186460,1,350
186517,1,350
186560,1,350
186564,1,350
186576,1,350
187192,1,350
187305,1,350
187334,1,350
187345,1,350
187747,1,350
187807,1,350
187989,1,350
188053,1,350
188099,1,350
188106,1,350
188107,1,350
188714,1,350
189012,1,350
189068,1,350
189077,1,350
189128,1,350
189139,1,350
189255,1,350
189353,1,350
189362,1,350
189396,1,350
189409,1,350
189446,1,350
189476,1,350
189593,1,350
189637,1,350
189648,1,350
189691,1,350
189712,1,350
189784,1,350
189939,1,350
189947,1,350
190014,1,350
190086,1,350
190149,1,350
190176,1,350
190185,1,350
190197,1,350
190338,1,350
190521,1,350
190737,1,350
190773,1,350
190855,1,350
191060,1,350
191251,1,350
191279,1,350
191314,1,350
191386,1,350
191507,1,350
191960,1,350
192037,1,350
192096,1,350
192117,1,350
192188,1,350
192273,1,350
192297,1,350
192351,1,350
192379,1,350
192402,1,350
192439,1,350
192495,1,350
192596,1,350
192678,1,350
192701,1,350
192747,1,350
193088,1,350
193173,1,350
193645,1,350
193773,1,350
193781,1,350
193818,1,350
193924,1,350
193966,1,350
194136,1,350
194255,1,350
194288,1,350
194461,1,350
194489,1,350
194549,1,350
194671,1,350
194773,1,350
194836,1,350
194850,1,350
194997,1,350
195131,1,350
195386,1,350
195412,1,350
195493,1,350
195591,1,350
195673,1,350
195714,1,350
195827,1,350
195854,1,350
196001,1,350
196022,1,350
196079,1,350
196096,1,350
196111,1,350
196142,1,350
196292,1,350
196587,1,350
196784,1,350
196911,1,350
197007,1,350
197020,1,350
197026,1,350
197067,1,350
197114,1,350
197176,1,350
197246,1,350
197259,1,350
197333,1,350
197634,1,350
198028,1,350
198237,1,350
198544,1,350
198565,1,350
198950,1,350
199015,1,350
199257,1,350
199263,1,350
199279,1,350
199525,1,350
199787,1,350
199855,1,350
200050,1,350
200073,1,350
200194,1,350
200223,1,350
200248,1,350
200298,1,350
200362,1,350
200415,1,350
201015,1,350
201016,1,350
201025,1,350
201037,1,350
201041,1,350
201161,1,350
201177,1,350
201246,1,350
201249,1,350
201325,1,350
201361,1,350
201431,1,350
201434,1,350
201464,1,350
201477,1,350
201525,1,350
201562,1,350
201578,1,350
201602,1,350
201612,1,350
201637,1,350
201671,1,350
201672,1,350
201673,1,350
201689,1,350
201743,1,350
201749,1,350
201778,1,350
201785,1,350
201836,1,350
201889,1,350
202035,1,350
202079,1,350
202137,1,350
202140,1,350
202204,1,350
202228,1,350
202390,1,350
202461,1,350
202601,1,350
202720,1,350
202793,1,350
202836,1,350
203150,1,350
203194,1,350
203289,1,350
203511,1,350
203584,1,350
203592,1,350
203734,1,350
203759,1,350
203888,1,350
203965,1,350
204053,1,350
204068,1,350
204149,1,350
204222,1,350
204228,1,350
204285,1,350
204467,1,350
204538,1,350
204547,1,350
204635,1,350
204649,1,350
204690,1,350
204765,1,350
204798,1,350
205168,1,350
205214,1,350
205290,1,350
205297,1,350
205349,1,350
205399,1,350
205544,1,350
205622,1,350
205676,1,350
205706,1,350
205727,1,350
206048,1,350
206183,1,350
206227,1,350
206285,1,350
206364,1,350
206456,1,350
206517,1,350
206614,1,350
206615,1,350
206634,1,350
206644,1,350
207082,1,350
207103,1,350
207320,1,350
207390,1,350
207409,1,350
207422,1,350
207425,1,350
207537,1,350
207740,1,350
207810,1,350
207815,1,350
207914,1,350
207971,1,350
208062,1,350
208067,1,350
208314,1,350
208320,1,350
208339,1,350
208396,1,350
208529,1,350
208604,1,350
208806,1,350
208906,1,350
209003,1,350
209143,1,350
209243,1,350
209355,1,350
209368,1,350
209408,1,350
209523,1,350
209795,1,350
210015,1,350
210044,1,350
210247,1,350
210484,1,350
210619,1,350
210628,1,350
210726,1,350
210824,1,350
210885,1,350
211351,1,350
211519,1,350
211624,1,350
211642,1,350
211706,1,350
211757,1,350
211915,1,350
211924,1,350
211937,1,350
212057,1,350
212101,1,350
212122,1,350
212135,1,350
212141,1,350
212265,1,350
212650,1,350
212720,1,350
212743,1,350
212797,1,350
212940,1,350
213074,1,350
213104,1,350
213184,1,350
213290,1,350
213313,1,350
213362,1,350
213435,1,350
213452,1,350
213458,1,350
213487,1,350
213493,1,350
213535,1,350
213562,1,350
213564,1,350
213570,1,350
213574,1,350
213579,1,350
213650,1,350
213666,1,350
213748,1,350
213783,1,350
213829,1,350
213851,1,350
213903,1,350
213927,1,350
213938,1,350
214011,1,350
214070,1,350
214161,1,350
214171,1,350
214261,1,350
214289,1,350
214303,1,350
214307,1,350
214540,1,350
214652,1,350
214725,1,350
214741,1,350
214792,1,350
214943,1,350
214943,1,350
214946,1,350
215028,1,350
215033,1,350
215044,1,350
215200,1,350
215295,1,350
215373,1,350
215383,1,350
215471,1,350
215519,1,350
215540,1,350
215627,1,350
215675,1,350
215676,1,350
215804,1,350
215961,1,350
215971,1,350
216054,1,350
216079,1,350
216101,1,350
216122,1,350
216142,1,350
216156,1,350
216208,1,350
216228,1,350
216263,1,350
216272,1,350
216303,1,350
216354,1,350
216409,1,350
217140,1,350
217263,1,350
217370,1,350
217442,1,350
217626,1,350
217778,1,350
217916,1,350
218001,1,350
218018,1,350
218071,1,350
218112,1,350
218218,1,350
218257,1,350
218273,1,350
218330,1,350
218344,1,350
218375,1,350
218544,1,350
218604,1,350
218649,1,350
218663,1,350
218753,1,350
218887,1,350
218908,1,350
218997,1,350
219446,1,350
219633,1,350
219862,1,350
220040,1,350
220082,1,350
220097,1,350
220114,1,350
220205,1,350
220259,1,350
220275,1,350
220301,1,350
220346,1,350
220400,1,350
220419,1,350
220433,1,350
220572,1,350
220595,1,350
220621,1,350
220643,1,350
220644,1,350
220737,1,350
220831,1,350
220837,1,350
220848,1,350
220890,1,350
220894,1,350
220908,1,350
220925,1,350
220929,1,350
221013,1,350
221087,1,350
221211,1,350
221251,1,350
221259,1,350
221285,1,350
221405,1,350
221617,1,350
221627,1,350
221680,1,350
221812,1,350
222011,1,350
222037,1,350
222066,1,350
222234,1,350
222343,1,350
222415,1,350
222466,1,350
222634,1,350
222731,1,350
222762,1,350
222923,1,350
222937,1,350
223006,1,350
223092,1,350
223104,1,350
223267,1,350
223284,1,350
223397,1,350
223513,1,350
223522,1,350
223532,1,350
223670,1,350
223695,1,350
223708,1,350
223721,1,350
223754,1,350
223759,1,350
224035,1,350
224066,1,350
224230,1,350
224246,1,350
224248,1,350
224291,1,350
224478,1,350
224540,1,350
224630,1,350
224856,1,350
224872,1,350
225002,1,350
225008,1,350
225032,1,350
225055,1,350
225071,1,350
225081,1,350
225088,1,350
225095,1,350
225135,1,350
225145,1,350
225176,1,350
225181,1,350
225224,1,350
225319,1,350
225353,1,350
225397,1,350
225465,1,350
225482,1,350
225487,1,350
225529,1,350
225530,1,350
225566,1,350
225643,1,350
225678,1,350
225731,1,350
225744,1,350
225765,1,350
225972,1,350
225986,1,350
226014,1,350
226022,1,350
226042,1,350
226049,1,350
226057,1,350
226066,1,350
226076,1,350
226084,1,350
226175,1,350
226177,1,350
226205,1,350
226223,1,350
226256,1,350
226264,1,350
226287,1,350
226291,1,350
226349,1,350
226404,1,350
226448,1,350
226524,1,350
226586,1,350
226632,1,350
226640,1,350
226673,1,350
226709,1,350
226717,1,350
226756,1,350
226773,1,350
226807,1,350
226850,1,350
226885,1,350
226896,1,350
227042,1,350
227045,1,350
227064,1,350
227101,1,350
227157,1,350
227166,1,350
227187,1,350
227227,1,350
227275,1,350
227302,1,350
227339,1,350
227398,1,350
227476,1,350
227552,1,350
227578,1,350
227640,1,350
227643,1,350
227660,1,350
227733,1,350
227748,1,350
227769,1,350
227775,1,350
227783,1,350
227820,1,350
227820,1,350
228051,1,350
228082,1,350
228147,1,350
228207,1,350
228216,1,350
228350,1,350
228396,1,350
228461,1,350
228516,1,350
228533,1,350
228649,1,350
228684,1,350
228690,1,350
228711,1,350
228832,1,350
228832,1,350
228864,1,350
228999,1,350
229000,1,350
229050,1,350
229059,1,350
229065,1,350
229075,1,350
229092,1,350
229107,1,350
229140,1,350
229157,1,350
229186,1,350
229258,1,350
229285,1,350
229294,1,350
229303,1,350
229321,1,350
229448,1,350
229485,1,350
229485,1,350
229604,1,350
229630,1,350
229641,1,350
229716,1,350
229787,1,350
229811,1,350
229910,1,350
229940,1,350
229941,1,350
229974,1,350
230020,1,350
230130,1,350
230172,1,350
230277,1,350
230488,1,350
230508,1,350
230516,1,350
230520,1,350
230569,1,350
230617,1,350
230679,1,350
230682,1,350
230818,1,350
230882,1,350
230893,1,350
230925,1,350
230943,1,350
231001,1,350
231046,1,350
231058,1,350
231065,1,350
231095,1,350
231105,1,350
231112,1,350
231113,1,350
231142,1,350
231147,1,350
231164,1,350
231174,1,350
231223,1,350
231223,1,350
231239,1,350
231281,1,350
231296,1,350
231339,1,350
231415,1,350
231441,1,350
231457,1,350
231479,1,350
231486,1,350
231488,1,350
231523,1,350
231538,1,350
231585,1,350
231640,1,350
231643,1,350
231737,1,350
231741,1,350
232048,1,350
232054,1,350
232165,1,350
232313,1,350
232324,1,350
232405,1,350
232594,1,350
232624,1,350
232716,1,350
232774,1,350
232882,1,350
232893,1,350
232905,1,350
232907,1,350
232927,1,350
233037,1,350
233097,1,350
233122,1,350
233127,1,350
233142,1,350
233174,1,350
233184,1,350
233195,1,350
233199,1,350
233215,1,350
233285,1,350
233298,1,350
233443,1,350
233450,1,350
233461,1,350
233469,1,350
233653,1,350
233706,1,350
233709,1,350
233755,1,350
233762,1,350
233808,1,350
233841,1,350
233932,1,350
233940,1,350
234002,1,350
234019,1,350
234031,1,350
234152,1,350
234201,1,350
234244,1,350
234248,1,350
234325,1,350
234352,1,350
234364,1,350
234452,1,350
234463,1,350
234470,1,350
234473,1,350
234476,1,350
234550,1,350
234600,1,350
234604,1,350
234645,1,350
235039,1,350
235052,1,350
235053,1,350
235112,1,350
235116,1,350
235128,1,350
235174,1,350
235289,1,350
235311,1,350
235330,1,350
235341,1,350
235346,1,350
235367,1,350
235409,1,350
235459,1,350
235464,1,350
235500,1,350
235664,1,350
235665,1,350
235676,1,350
235714,1,350
235729,1,350
236043,1,350
236075,1,350
236086,1,350
236090,1,350
236105,1,350
236247,1,350
236275,1,350
236292,1,350
236292,1,350
236302,1,350
236311,1,350
236387,1,350
236473,1,350
236532,1,350
236540,1,350
236584,1,350
236606,1,350
236625,1,350
236634,1,350
236663,1,350
236666,1,350
237076,1,350
237093,1,350
237110,1,350
237138,1,350
237162,1,350
237166,1,350
237169,1,350
237198,1,350
237252,1,350
237263,1,350
237266,1,350
237365,1,350
237409,1,350
237419,1,350
237440,1,350
237483,1,350
237484,1,350
237491,1,350
237571,1,350
237631,1,350
237636,1,350
237641,1,350
237645,1,350
237655,1,350
237656,1,350
237664,1,350
237673,1,350
237697,1,350
237698,1,350
237713,1,350
237748,1,350
237803,1,350
237876,1,350
237909,1,350
237964,1,350
238005,1,350
238021,1,350
238024,1,350
238024,1,350
238026,1,350
238031,1,350
238035,1,350
238039,1,350
238079,1,350
238126,1,350
238153,1,350
238211,1,350
238469,1,350
238524,1,350
238570,1,350
238580,1,350
238668,1,350
238690,1,350
238697,1,350
238794,1,350
238802,1,350
238824,1,350
238999,1,350
239000,1,350
239002,1,350
239021,1,350
239034,1,350
239039,1,350
239062,1,350
239072,1,350
239089,1,350
239124,1,350
239127,1,350
239150,1,350
239155,1,350
239178,1,350
239184,1,350
239197,1,350
239199,1,350
239223,1,350
239226,1,350
239244,1,350
239332,1,350
239473,1,350
239612,1,350
239630,1,350
239640,1,350
239641,1,350
239704,1,350
239717,1,350
239750,1,350
239823,1,350
239856,1,350
239861,1,350
239884,1,350
239887,1,350
239926,1,350
240000,1,350
240050,1,350
240110,1,350
240113,1,350
240127,1,350
240127,1,350
240127,1,350
240129,1,350
240228,1,350
240238,1,350
240277,1,350
240279,1,350
240303,1,350
240311,1,350
240357,1,350
240367,1,350
240435,1,350
240465,1,350
240578,1,350
240609,1,350
240614,1,350
240636,1,350
240643,1,350
240672,1,350
240736,1,350
240773,1,350
240790,1,350
240799,1,350
241005,1,350
241097,1,350
241110,1,350
241166,1,350
241201,1,350
241232,1,350
241251,1,350
241301,1,350
241459,1,350
241529,1,350
241604,1,350
241615,1,350
241615,1,350
241625,1,350
241710,1,350
241725,1,350
241756,1,350
241774,1,350
241896,1,350
241972,1,350
242004,1,350
242030,1,350
242040,1,350
242051,1,350
242055,1,350
242070,1,350
242088,1,350
242151,1,350
242157,1,350
242223,1,350
242439,1,350
242470,1,350
242512,1,350
242528,1,350
242530,1,350
242547,1,350
242552,1,350
242566,1,350
242568,1,350
242576,1,350
242607,1,350
242653,1,350
242688,1,350
242874,1,350
242905,1,350
242932,1,350
243025,1,350
243043,1,350
243072,1,350
243133,1,350
243155,1,350
243186,1,350
243195,1,350
243202,1,350
243232,1,350
243239,1,350
243276,1,350
243304,1,350
243341,1,350
243569,1,350
243569,1,350
243631,1,350
243865,1,350
243924,1,350
243974,1,350
243987,1,350
244002,1,350
244005,1,350
244063,1,350
244072,1,350
244073,1,350
244079,1,350
244101,1,350
244103,1,350
244130,1,350
244130,1,350
244136,1,350
244164,1,350
244241,1,350
244262,1,350
244298,1,350
244330,1,350
244357,1,350
244368,1,350
244399,1,350
244414,1,350
244502,1,350
244508,1,350
244522,1,350
244525,1,350
244537,1,350
244561,1,350
244576,1,350
244591,1,350
244685,1,350
244696,1,350
244716,1,350
244779,1,350
244818,1,350
244818,1,350
244956,1,350
245008,1,350
245064,1,350
245082,1,350
245143,1,350
245172,1,350
245225,1,350
245236,1,350
245396,1,350
245522,1,350
245558,1,350
245561,1,350
245663,1,350
245746,1,350
245870,1,350
245892,1,350
245898,1,350
245950,1,350
245979,1,350
246007,1,350
246067,1,350
246069,1,350
246071,1,350
246074,1,350
246095,1,350
246124,1,350
246164,1,350
246237,1,350
246255,1,350
246266,1,350
246282,1,350
246283,1,350
246284,1,350
246294,1,350
246328,1,350
246341,1,350
246358,1,350
246461,1,350
246521,1,350
246537,1,350
246576,1,350
246576,1,350
246615,1,350
246700,1,350
246829,1,350
247038,1,350
247047,1,350
247107,1,350
247112,1,350
247122,1,350
247136,1,350
247180,1,350
247183,1,350
247356,1,350
247374,1,350
247377,1,350
247424,1,350
247463,1,350
247525,1,350
247812,1,350
247814,1,350
247894,1,350
247928,1,350
247937,1,350
247965,1,350
248000,1,350
248081,1,350
248086,1,350
248138,1,350
248180,1,350
248220,1,350
248380,1,350
248446,1,350
248457,1,350
248553,1,350
248632,1,350
248711,1,350
248834,1,350
248877,1,350
248890,1,350
248932,1,350
248943,1,350
249030,1,350
249038,1,350
249043,1,350
249052,1,350
249088,1,350
249106,1,350
249126,1,350
249202,1,350
249294,1,350
249296,1,350
249348,1,350
249382,1,350
249443,1,350
249448,1,350
249493,1,350
249548,1,350
249580,1,350
249628,1,350
249638,1,350
249646,1,350
249669,1,350
249737,1,350
249746,1,350
249756,1,350
249803,1,350
249864,1,350
249887,1,350
249931,1,350
249943,1,350
249957,1,350
249968,1,350
249976,1,350
249980,1,350
250051,1,350
250067,1,350
250093,1,350
250127,1,350
250150,1,350
250178,1,350
250195,1,350
250271,1,350
250299,1,350
250400,1,350
250440,1,350
250551,1,350
250674,1,350
250695,1,350
250799,1,350
250822,1,350
250935,1,350
250957,1,350
251031,1,350
251125,1,350
251129,1,350
251134,1,350
251137,1,350
251142,1,350
251171,1,350
251180,1,350
251239,1,350
251240,1,350
251302,1,350
251344,1,350
251348,1,350
251440,1,350
251462,1,350
251489,1,350
251588,1,350
251599,1,350
251651,1,350
251741,1,350
251782,1,350
251950,1,350
252033,1,350
252101,1,350
252220,1,350
252385,1,350
252414,1,350
252431,1,350
252447,1,350
252494,1,350
252681,1,350
252743,1,350
252771,1,350
252773,1,350
252822,1,350
252828,1,350
252840,1,350
252849,1,350
252939,1,350
252945,1,350
252960,1,350
253010,1,350
253079,1,350
253097,1,350
253207,1,350
253207,1,350
253209,1,350
253214,1,350
253238,1,350
253262,1,350
253286,1,350
253453,1,350
253486,1,350
253530,1,350
253585,1,350
253607,1,350
253631,1,350
253822,1,350
253985,1,350
254000,1,350
254014,1,350
254047,1,350
254049,1,350
254063,1,350
254211,1,350
254222,1,350
254256,1,350
254303,1,350
254346,1,350
254476,1,350
254578,1,350
254641,1,350
254769,1,350
254779,1,350
254786,1,350
254791,1,350
254833,1,350
254880,1,350
254881,1,350
255112,1,350
255138,1,350
255164,1,350
255185,1,350
255204,1,350
255228,1,350
255253,1,350
255258,1,350
255330,1,350
255349,1,350
255416,1,350
255437,1,350
255481,1,350
255491,1,350
255582,1,350
255657,1,350
255783,1,350
255854,1,350
255887,1,350
255939,1,350
255942,1,350
256005,1,350
256020,1,350
256023,1,350
256032,1,350
256058,1,350
256078,1,350
256082,1,350
256106,1,350
256107,1,350
256139,1,350
256195,1,350
256243,1,350
256248,1,350
256388,1,350
256407,1,350
256486,1,350
256491,1,350
256667,1,350
256688,1,350
256707,1,350
256732,1,350
256740,1,350
256783,1,350
256879,1,350
256900,1,350
256927,1,350
256947,1,350
256964,1,350
257111,1,350
257117,1,350
257169,1,350
257223,1,350
257294,1,350
257309,1,350
257385,1,350
257386,1,350
257431,1,350
257437,1,350
257488,1,350
257544,1,350
257627,1,350
257722,1,350
257732,1,350
257754,1,350
257780,1,350
257813,1,350
258031,1,350
258081,1,350
258125,1,350
258183,1,350
258267,1,350
258279,1,350
258300,1,350
258343,1,350
258357,1,350
258360,1,350
258370,1,350
258440,1,350
258444,1,350
258478,1,350
258615,1,350
258672,1,350
258856,1,350
258858,1,350
258860,1,350
259006,1,350
259007,1,350
259009,1,350
259016,1,350
259173,1,350
259180,1,350
259193,1,350
259254,1,350
259254,1,350
259270,1,350
259345,1,350
259426,1,350
259464,1,350
259470,1,350
259723,1,350
259778,1,350
259797,1,350
259948,1,350
260031,1,350
260040,1,350
260056,1,350
260111,1,350
260164,1,350
260169,1,350
260171,1,350
260262,1,350
260287,1,350
260287,1,350
260407,1,350
260441,1,350
260445,1,350
260597,1,350
260697,1,350
260751,1,350
260777,1,350
261030,1,350
261032,1,350
261056,1,350
261095,1,350
261124,1,350
261301,1,350
261337,1,350
261407,1,350
261409,1,350
261460,1,350
261517,1,350
261558,1,350
261635,1,350
261656,1,350
261659,1,350
261701,1,350
261711,1,350
261722,1,350
261906,1,350
261963,1,350
261980,1,350
262005,1,350
262029,1,350
262058,1,350
262063,1,350
262147,1,350
262153,1,350
262187,1,350
262231,1,350
262240,1,350
262284,1,350
262307,1,350
262313,1,350
262316,1,350
262507,1,350
262658,1,350
262727,1,350
262843,1,350
262861,1,350
263088,1,350
263130,1,350
263450,1,350
263581,1,350
263698,1,350
264023,1,350
264052,1,350
264062,1,350
264074,1,350
264111,1,350
264116,1,350
264123,1,350
264124,1,350
264150,1,350
264179,1,350
264195,1,350
264201,1,350
264201,1,350
264214,1,350
264239,1,350
264259,1,350
264262,1,350
264319,1,350
264481,1,350
264517,1,350
264588,1,350
264766,1,350
264899,1,350
264927,1,350
264932,1,350
264966,1,350
265286,1,350
265461,1,350
265463,1,350
265589,1,350
266123,1,350
266204,1,350
266273,1,350
266283,1,350
266325,1,350
266332,1,350
266374,1,350
266389,1,350
266397,1,350
266520,1,350
266527,1,350
266586,1,350
266652,1,350
266754,1,350
266820,1,350
266850,1,350
266902,1,350
266942,1,350
267252,1,350
267268,1,350
267603,1,350
267605,1,350
267620,1,350
267794,1,350
267837,1,350
267910,1,350
268060,1,350
268099,1,350
268105,1,350
268149,1,350
268156,1,350
268323,1,350
268424,1,350
268588,1,350
268612,1,350
268659,1,350
268782,1,350
268942,1,350
269004,1,350
269100,1,350
269101,1,350
269119,1,350
269233,1,350
269241,1,350
269266,1,350
269291,1,350
269588,1,350
269593,1,350
270248,1,350
270305,1,350
270462,1,350
270501,1,350
270519,1,350
270527,1,350
270536,1,350
271078,1,350
271242,1,350
271264,1,350
271400,1,350
271436,1,350
271575,1,350
271979,1,350
272077,1,350
272089,1,350
272173,1,350
272310,1,350
272890,1,350
273134,1,350
273245,1,350
273298,1,350
273557,1,350
273561,1,350
273788,1,350
273793,1,350
274065,1,350
274107,1,350
274125,1,350
274130,1,350
274143,1,350
274148,1,350
274232,1,350
274319,1,350
274432,1,350
274658,1,350
275104,1,350
275205,1,350
275444,1,350
275786,1,350
275801,1,350
275830,1,350
275867,1,350
276031,1,350
276240,1,350
276687,1,350
276840,1,350
276934,1,350
277323,1,350
277472,1,350
277518,1,350
277840,1,350
277999,1,350
278090,1,350
278168,1,350
278436,1,350
278940,1,350
279011,1,350
279290,1,350
279384,1,350
279481,1,350
279639,1,350
280030,1,350
280495,1,350
280702,1,350
280853,1,350
281226,1,350
281354,1,350
281379,1,350
281561,1,350
281655,1,350
281881,1,350
282213,1,350
282227,1,350
282366,1,350
282707,1,350
282804,1,350
282873,1,350
282873,1,350
282978,1,350
283127,1,350
283389,1,350
283719,1,350
283723,1,350
283816,1,350
283822,1,350
284027,1,350
284041,1,350
284068,1,350
284076,1,350
284078,1,350
284141,1,350
284146,1,350
284204,1,350
284228,1,350
284314,1,350
284317,1,350
284339,1,350
284365,1,350
284381,1,350
284450,1,350
284475,1,350
284490,1,350
284529,1,350
284534,1,350
284549,1,350
284558,1,350
284710,1,350
284872,1,350
285214,1,350
285301,1,350
285309,1,350
285381,1,350
285707,1,350
285813,1,350
286016,1,350
286110,1,350
286148,1,350
286154,1,350
286229,1,350
286524,1,350
287094,1,350
287230,1,350
287562,1,350
287638,1,350
287889,1,350
288101,1,350
288228,1,350
288258,1,350
288277,1,350
288623,1,350
288627,1,350
288722,1,350
288723,1,350
289441,1,350
289897,1,350
290001,1,350
290004,1,350
290111,1,350
290442,1,350
290474,1,350
290479,1,350
290582,1,350
290790,1,350
291202,1,350
