139,1,263
167,1,263
179,1,263
298,1,263
314,1,263
751,1,263
786,1,263
802,1,263
819,1,263
1089,1,263
1370,1,263
1692,1,263
1953,1,263
2016,1,263
2021,1,263
2066,1,263
2337,1,263
2490,1,263
2548,1,263
2754,1,263
2856,1,263
3023,1,263
3238,1,263
3277,1,263
3420,1,263
3420,1,263
3525,1,263
3916,1,263
4073,1,263
4108,1,263
4176,1,263
4194,1,263
4267,1,263
4314,1,263
4358,1,263
4506,1,263
4582,1,263
4930,1,263
5009,1,263
5094,1,263
5406,1,263
5436,1,263
5466,1,263
5549,1,263
5553,1,263
6404,1,263
6430,1,263
6883,1,263
7070,1,263
7195,1,263
7237,1,263
7364,1,263
7369,1,263
7704,1,263
7792,1,263
7913,1,263
8162,1,263
8251,1,263
8282,1,263
8339,1,263
8676,1,263
9056,1,263
9101,1,263
9105,1,263
9173,1,263
9187,1,263
9267,1,263
9280,1,263
9304,1,263
9308,1,263
9484,1,263
9524,1,263
9544,1,263
9579,1,263
9590,1,263
9599,1,263
9647,1,263
9694,1,263
9825,1,263
10003,1,263
10068,1,263
10143,1,263
10304,1,263
10616,1,263
10704,1,263
10709,1,263
10766,1,263
10869,1,263
10991,1,263
11086,1,263
11092,1,263
11364,1,263
11367,1,263
11410,1,263
11495,1,263
11632,1,263
11684,1,263
11868,1,263
12276,1,263
12398,1,263
12407,1,263
12432,1,263
12526,1,263
12659,1,263
13013,1,263
13016,1,263
13094,1,263
13143,1,263
13743,1,263
13863,1,263
14013,1,263
14187,1,263
14318,1,263
14356,1,263
14431,1,263
14469,1,263
14512,1,263
14514,1,263
14581,1,263
14620,1,263
14679,1,263
14748,1,263
14852,1,263
14895,1,263
14959,1,263
15095,1,263
15284,1,263
15288,1,263
15342,1,263
15570,1,263
15770,1,263
16060,1,263
16166,1,263
16253,1,263
16280,1,263
16346,1,263
16453,1,263
16633,1,263
16830,1,263
16837,1,263
16983,1,263
17275,1,263
17934,1,263
18216,1,263
19176,1,263
19226,1,263
19452,1,263
19556,1,263
20236,1,263
20243,1,263
20361,1,263
20470,1,263
21045,1,263
21079,1,263
21096,1,263
21126,1,263
21185,1,263
21251,1,263
21255,1,263
21429,1,263
21478,1,263
21543,1,263
21683,1,263
21684,1,263
21869,1,263
21891,1,263
21927,1,263
21941,1,263
22001,1,263
22065,1,263
22157,1,263
22199,1,263
22209,1,263
22210,1,263
22279,1,263
22324,1,263
22351,1,263
22394,1,263
22428,1,263
22440,1,263
22442,1,263
22589,1,263
22708,1,263
22744,1,263
23057,1,263
23116,1,263
23396,1,263
23620,1,263
23733,1,263
23899,1,263
24009,1,263
24134,1,263
24159,1,263
24169,1,263
24258,1,263
24259,1,263
24412,1,263
24493,1,263
24509,1,263
24553,1,263
24581,1,263
25051,1,263
25186,1,263
25304,1,263
25318,1,263
25335,1,263
25347,1,263
25396,1,263
25425,1,263
25649,1,263
25739,1,263
25773,1,263
26244,1,263
26539,1,263
26618,1,263
27013,1,263
27041,1,263
27063,1,263
27072,1,263
27076,1,263
27144,1,263
27174,1,263
27251,1,263
27326,1,263
27459,1,263
27724,1,263
27860,1,263
27917,1,263
28032,1,263
28050,1,263
28235,1,263
28297,1,263
28365,1,263
28396,1,263
28771,1,263
29065,1,263
29078,1,263
29139,1,263
29215,1,263
29289,1,263
29301,1,263
29307,1,263
29368,1,263
29379,1,263
29500,1,263
29511,1,263
29749,1,263
29955,1,263
29967,1,263
30004,1,263
30063,1,263
30150,1,263
30178,1,263
30259,1,263
30368,1,263
31255,1,263
31255,1,263
31485,1,263
31503,1,263
31948,1,263
32122,1,263
32310,1,263
32337,1,263
32345,1,263
32397,1,263
32942,1,263
33052,1,263
33085,1,263
33134,1,263
33249,1,263
33278,1,263
33393,1,263
33433,1,263
33450,1,263
33496,1,263
33505,1,263
33562,1,263
33564,1,263
33569,1,263
33575,1,263
33585,1,263
33588,1,263
33629,1,263
33682,1,263
33691,1,263
33723,1,263
33920,1,263
33958,1,263
33998,1,263
34005,1,263
34007,1,263
34042,1,263
34051,1,263
34110,1,263
34195,1,263
34229,1,263
34234,1,263
34238,1,263
34245,1,263
34268,1,263
34361,1,263
34406,1,263
34447,1,263
34473,1,263
34501,1,263
34509,1,263
34625,1,263
34823,1,263
34853,1,263
34886,1,263
35025,1,263
35055,1,263
35097,1,263
35280,1,263
35408,1,263
35574,1,263
35763,1,263
35930,1,263
35932,1,263
36017,1,263
36113,1,263
36138,1,263
36193,1,263
36193,1,263
36194,1,263
36222,1,263
36284,1,263
36467,1,263
36490,1,263
36563,1,263
36673,1,263
36675,1,263
36776,1,263
36783,1,263
36873,1,263
36916,1,263
36933,1,263
36952,1,263
37152,1,263
37198,1,263
37204,1,263
37300,1,263
37359,1,263
37397,1,263
37418,1,263
37534,1,263
37658,1,263
38010,1,263
38012,1,263
38040,1,263
38080,1,263
38135,1,263
38217,1,263
38225,1,263
38269,1,263
38446,1,263
38558,1,263
38626,1,263
38648,1,263
38737,1,263
39148,1,263
39160,1,263
39247,1,263
39248,1,263
39317,1,263
39708,1,263
39809,1,263
39856,1,263
39897,1,263
40012,1,263
40024,1,263
40048,1,263
40058,1,263
40109,1,263
40134,1,263
40168,1,263
40174,1,263
40180,1,263
40346,1,263
40398,1,263
40520,1,263
40529,1,263
40557,1,263
40692,1,263
40694,1,263
40861,1,263
40909,1,263
40918,1,263
41089,1,263
41290,1,263
41372,1,263
41503,1,263
41531,1,263
41535,1,263
41703,1,263
41708,1,263
41712,1,263
41784,1,263
41790,1,263
41843,1,263
42063,1,263
42250,1,263
42463,1,263
42549,1,263
42550,1,263
42706,1,263
42755,1,263
42820,1,263
42950,1,263
43020,1,263
43030,1,263
43040,1,263
43045,1,263
43193,1,263
43345,1,263
43738,1,263
43759,1,263
43783,1,263
43982,1,263
43992,1,263
44029,1,263
44091,1,263
44210,1,263
44411,1,263
44420,1,263
44491,1,263
44519,1,263
44632,1,263
45025,1,263
45048,1,263
45049,1,263
45059,1,263
45104,1,263
45109,1,263
45109,1,263
45118,1,263
45173,1,263
45191,1,263
45195,1,263
45215,1,263
45238,1,263
45277,1,263
45280,1,263
45282,1,263
45360,1,263
45361,1,263
45374,1,263
45395,1,263
45404,1,263
45478,1,263
45533,1,263
45545,1,263
45562,1,263
45578,1,263
45587,1,263
45616,1,263
45617,1,263
45661,1,263
45704,1,263
45800,1,263
45818,1,263
45851,1,263
45874,1,263
45911,1,263
45938,1,263
46031,1,263
46035,1,263
46080,1,263
46105,1,263
46202,1,263
46269,1,263
46301,1,263
46345,1,263
46373,1,263
46440,1,263
46471,1,263
46489,1,263
46510,1,263
46530,1,263
46656,1,263
46680,1,263
46686,1,263
46716,1,263
46776,1,263
46823,1,263
46831,1,263
46866,1,263
46876,1,263
46934,1,263
46985,1,263
46997,1,263
47037,1,263
47044,1,263
47065,1,263
47086,1,263
47188,1,263
47200,1,263
47308,1,263
47321,1,263
47350,1,263
47381,1,263
47398,1,263
47400,1,263
47501,1,263
47555,1,263
47618,1,263
47647,1,263
47673,1,263
47718,1,263
47738,1,263
47785,1,263
47791,1,263
47791,1,263
47862,1,263
47891,1,263
47901,1,263
48002,1,263
48040,1,263
48059,1,263
48157,1,263
48176,1,263
48220,1,263
48229,1,263
48302,1,263
48331,1,263
48368,1,263
48514,1,263
48590,1,263
48626,1,263
48635,1,263
48662,1,263
48829,1,263
48831,1,263
48831,1,263
48859,1,263
48880,1,263
48918,1,263
48990,1,263
49007,1,263
49032,1,263
49037,1,263
49052,1,263
49074,1,263
49081,1,263
49193,1,263
49295,1,263
49298,1,263
49315,1,263
49498,1,263
49589,1,263
49708,1,263
49780,1,263
49791,1,263
49809,1,263
49898,1,263
49901,1,263
49903,1,263
49918,1,263
49936,1,263
49940,1,263
49962,1,263
49968,1,263
50004,1,263
50122,1,263
50136,1,263
50143,1,263
50195,1,263
50226,1,263
50228,1,263
50241,1,263
50324,1,263
50427,1,263
50473,1,263
50500,1,263
50588,1,263
50631,1,263
50634,1,263
50652,1,263
50660,1,263
50670,1,263
50697,1,263
50720,1,263
50760,1,263
50855,1,263
50870,1,263
50913,1,263
51028,1,263
51028,1,263
51039,1,263
51044,1,263
51126,1,263
51183,1,263
51211,1,263
51282,1,263
51340,1,263
51485,1,263
51505,1,263
51580,1,263
51604,1,263
51810,1,263
51881,1,263
51964,1,263
51975,1,263
52037,1,263
52051,1,263
52062,1,263
52087,1,263
52100,1,263
52116,1,263
52139,1,263
52169,1,263
52192,1,263
52195,1,263
52213,1,263
52217,1,263
52219,1,263
52274,1,263
52293,1,263
52339,1,263
52380,1,263
52411,1,263
52474,1,263
52510,1,263
52533,1,263
52560,1,263
52683,1,263
52795,1,263
52862,1,263
52974,1,263
53061,1,263
53078,1,263
53117,1,263
53123,1,263
53160,1,263
53164,1,263
53208,1,263
53237,1,263
53241,1,263
53242,1,263
53304,1,263
53311,1,263
53315,1,263
53315,1,263
53321,1,263
53338,1,263
53342,1,263
53345,1,263
53371,1,263
53440,1,263
53508,1,263
53528,1,263
53555,1,263
53617,1,263
53680,1,263
53693,1,263
53741,1,263
53861,1,263
54010,1,263
54065,1,263
54084,1,263
54092,1,263
54111,1,263
54120,1,263
54383,1,263
54401,1,263
54411,1,263
54473,1,263
54575,1,263
54631,1,263
54690,1,263
54711,1,263
54716,1,263
54738,1,263
54760,1,263
54766,1,263
54779,1,263
55055,1,263
55071,1,263
55149,1,263
55290,1,263
55328,1,263
55335,1,263
55358,1,263
55368,1,263
55459,1,263
55511,1,263
55522,1,263
55545,1,263
55549,1,263
55625,1,263
55636,1,263
55651,1,263
55666,1,263
55691,1,263
55705,1,263
55791,1,263
55823,1,263
55907,1,263
55946,1,263
55995,1,263
56000,1,263
56011,1,263
56035,1,263
56095,1,263
56125,1,263
56144,1,263
56187,1,263
56199,1,263
56249,1,263
56304,1,263
56305,1,263
56317,1,263
56344,1,263
56445,1,263
56451,1,263
56457,1,263
56480,1,263
56540,1,263
56608,1,263
56729,1,263
56829,1,263
56844,1,263
57007,1,263
57033,1,263
57038,1,263
57113,1,263
57159,1,263
57193,1,263
57194,1,263
57196,1,263
57303,1,263
57308,1,263
57324,1,263
57326,1,263
57343,1,263
57352,1,263
57358,1,263
57383,1,263
57385,1,263
57427,1,263
57429,1,263
57438,1,263
57445,1,263
57453,1,263
57530,1,263
57533,1,263
57566,1,263
57602,1,263
57606,1,263
57661,1,263
57668,1,263
57673,1,263
57682,1,263
57709,1,263
57739,1,263
57752,1,263
57784,1,263
57882,1,263
57919,1,263
57939,1,263
57947,1,263
58001,1,263
58006,1,263
58042,1,263
58052,1,263
58059,1,263
58075,1,263
58080,1,263
58090,1,263
58176,1,263
58187,1,263
58214,1,263
58250,1,263
58269,1,263
58297,1,263
58301,1,263
58359,1,263
58408,1,263
58409,1,263
58535,1,263
58540,1,263
58577,1,263
58584,1,263
58590,1,263
58599,1,263
58613,1,263
58641,1,263
58683,1,263
58685,1,263
58740,1,263
58760,1,263
58769,1,263
58823,1,263
58829,1,263
58844,1,263
58850,1,263
58901,1,263
58915,1,263
58927,1,263
59018,1,263
59084,1,263
59095,1,263
59200,1,263
59239,1,263
59251,1,263
59260,1,263
59286,1,263
59321,1,263
59356,1,263
59373,1,263
59424,1,263
59434,1,263
59462,1,263
59492,1,263
59493,1,263
59514,1,263
59522,1,263
59526,1,263
59546,1,263
59569,1,263
59579,1,263
59640,1,263
59684,1,263
59712,1,263
59737,1,263
59838,1,263
59880,1,263
59928,1,263
59976,1,263
60040,1,263
60047,1,263
60096,1,263
60134,1,263
60149,1,263
60174,1,263
60187,1,263
60236,1,263
60238,1,263
60249,1,263
60282,1,263
60293,1,263
60302,1,263
60320,1,263
60332,1,263
60367,1,263
60414,1,263
60437,1,263
60456,1,263
60461,1,263
60490,1,263
60548,1,263
60565,1,263
60583,1,263
60618,1,263
60626,1,263
60636,1,263
60647,1,263
60675,1,263
60692,1,263
60744,1,263
60753,1,263
61029,1,263
61041,1,263
61140,1,263
61268,1,263
61270,1,263
61274,1,263
61282,1,263
61297,1,263
61326,1,263
61328,1,263
61337,1,263
61351,1,263
61366,1,263
61369,1,263
61404,1,263
61409,1,263
61417,1,263
61427,1,263
61477,1,263
61487,1,263
61514,1,263
61539,1,263
61542,1,263
61587,1,263
61620,1,263
61652,1,263
61718,1,263
61725,1,263
61739,1,263
61745,1,263
61824,1,263
61829,1,263
62094,1,263
62114,1,263
62138,1,263
62157,1,263
62171,1,263
62182,1,263
62233,1,263
62322,1,263
62361,1,263
62370,1,263
62371,1,263
62381,1,263
62399,1,263
62418,1,263
62460,1,263
62466,1,263
62481,1,263
62485,1,263
62506,1,263
62513,1,263
62522,1,263
62525,1,263
62564,1,263
62571,1,263
62648,1,263
62701,1,263
62717,1,263
62722,1,263
62757,1,263
62807,1,263
62822,1,263
62899,1,263
63025,1,263
63033,1,263
63039,1,263
63045,1,263
63096,1,263
63107,1,263
63178,1,263
63211,1,263
63220,1,263
63338,1,263
63410,1,263
63411,1,263
63447,1,263
63490,1,263
63501,1,263
63507,1,263
63514,1,263
63540,1,263
63577,1,263
63581,1,263
63641,1,263
63710,1,263
63795,1,263
63933,1,263
63945,1,263
63947,1,263
63950,1,263
63982,1,263
64009,1,263
64014,1,263
64025,1,263
64026,1,263
64056,1,263
64070,1,263
64091,1,263
64091,1,263
64110,1,263
64112,1,263
64124,1,263
64139,1,263
64172,1,263
64180,1,263
64271,1,263
64294,1,263
64419,1,263
64424,1,263
64453,1,263
64507,1,263
64570,1,263
64653,1,263
64687,1,263
64728,1,263
64756,1,263
64758,1,263
64899,1,263
64958,1,263
64967,1,263
64967,1,263
65010,1,263
65052,1,263
65076,1,263
65090,1,263
65116,1,263
65127,1,263
65152,1,263
65162,1,263
65164,1,263
65175,1,263
65318,1,263
65320,1,263
65350,1,263
65377,1,263
65391,1,263
65399,1,263
65461,1,263
65461,1,263
65494,1,263
65504,1,263
65564,1,263
65568,1,263
65621,1,263
65672,1,263
65685,1,263
65688,1,263
65698,1,263
65714,1,263
65722,1,263
65747,1,263
65755,1,263
65797,1,263
65812,1,263
65813,1,263
65826,1,263
65935,1,263
66002,1,263
66018,1,263
66025,1,263
66043,1,263
66092,1,263
66137,1,263
66211,1,263
66215,1,263
66218,1,263
66229,1,263
66244,1,263
66263,1,263
66293,1,263
66306,1,263
66320,1,263
66358,1,263
66363,1,263
66368,1,263
66382,1,263
66396,1,263
66485,1,263
66496,1,263
66503,1,263
66613,1,263
66616,1,263
66663,1,263
66694,1,263
66694,1,263
66744,1,263
66818,1,263
66832,1,263
67004,1,263
67014,1,263
67069,1,263
67077,1,263
67096,1,263
67135,1,263
67167,1,263
67206,1,263
67219,1,263
67234,1,263
67241,1,263
67277,1,263
67284,1,263
67299,1,263
67321,1,263
67348,1,263
67412,1,263
67423,1,263
67428,1,263
67467,1,263
67552,1,263
67643,1,263
67672,1,263
67688,1,263
67698,1,263
67773,1,263
67791,1,263
67813,1,263
67817,1,263
67972,1,263
68070,1,263
68121,1,263
68172,1,263
68177,1,263
68238,1,263
68275,1,263
68291,1,263
68298,1,263
68331,1,263
68335,1,263
68370,1,263
68412,1,263
68440,1,263
68460,1,263
68480,1,263
68497,1,263
68548,1,263
68606,1,263
68612,1,263
68645,1,263
68651,1,263
68654,1,263
68729,1,263
68737,1,263
68779,1,263
68794,1,263
68825,1,263
68825,1,263
68889,1,263
68929,1,263
68981,1,263
69000,1,263
69000,1,263
69027,1,263
69031,1,263
69079,1,263
69096,1,263
69099,1,263
69112,1,263
69118,1,263
69125,1,263
69128,1,263
69154,1,263
69173,1,263
69181,1,263
69193,1,263
69194,1,263
69222,1,263
69241,1,263
69247,1,263
69263,1,263
69268,1,263
69322,1,263
69361,1,263
69419,1,263
69447,1,263
69449,1,263
69453,1,263
69461,1,263
69463,1,263
69477,1,263
69480,1,263
69487,1,263
69506,1,263
69516,1,263
69541,1,263
69550,1,263
69560,1,263
69604,1,263
69635,1,263
69670,1,263
69671,1,263
69675,1,263
69686,1,263
69687,1,263
69727,1,263
69739,1,263
69749,1,263
69760,1,263
69764,1,263
69767,1,263
69774,1,263
69781,1,263
69799,1,263
69822,1,263
69859,1,263
69885,1,263
69901,1,263
69913,1,263
69915,1,263
69931,1,263
69933,1,263
69945,1,263
70002,1,263
70004,1,263
70004,1,263
70029,1,263
70030,1,263
70040,1,263
70042,1,263
70088,1,263
70130,1,263
70139,1,263
70145,1,263
70149,1,263
70166,1,263
70174,1,263
70185,1,263
70207,1,263
70228,1,263
70230,1,263
70245,1,263
70286,1,263
70306,1,263
70344,1,263
70375,1,263
70378,1,263
70477,1,263
70511,1,263
70512,1,263
70515,1,263
70523,1,263
70529,1,263
70539,1,263
70631,1,263
70641,1,263
70671,1,263
70706,1,263
70724,1,263
70731,1,263
70761,1,263
70781,1,263
70838,1,263
70848,1,263
70875,1,263
70881,1,263
70905,1,263
70908,1,263
70919,1,263
70931,1,263
70938,1,263
71039,1,263
71056,1,263
71061,1,263
71083,1,263
71100,1,263
71132,1,263
71161,1,263
71173,1,263
71223,1,263
71227,1,263
71227,1,263
71248,1,263
71260,1,263
71316,1,263
71316,1,263
71321,1,263
71336,1,263
71368,1,263
71383,1,263
71389,1,263
71468,1,263
71482,1,263
71504,1,263
71513,1,263
71547,1,263
71560,1,263
71639,1,263
71667,1,263
71718,1,263
71750,1,263
71763,1,263
71816,1,263
71821,1,263
71865,1,263
71874,1,263
71957,1,263
72003,1,263
72016,1,263
72030,1,263
72036,1,263
72061,1,263
72071,1,263
72130,1,263
72138,1,263
72147,1,263
72151,1,263
72154,1,263
72199,1,263
72208,1,263
72231,1,263
72263,1,263
72266,1,263
72269,1,263
72292,1,263
72323,1,263
72326,1,263
72328,1,263
72329,1,263
72361,1,263
72374,1,263
72410,1,263
72418,1,263
72457,1,263
72470,1,263
72614,1,263
72635,1,263
72638,1,263
72643,1,263
72644,1,263
72650,1,263
72677,1,263
72681,1,263
72685,1,263
72694,1,263
72751,1,263
72776,1,263
72779,1,263
72797,1,263
72800,1,263
72820,1,263
72877,1,263
72912,1,263
72922,1,263
72923,1,263
72949,1,263
72968,1,263
72969,1,263
72989,1,263
72998,1,263
73000,1,263
73000,1,263
73003,1,263
73009,1,263
73010,1,263
73012,1,263
73016,1,263
73020,1,263
73037,1,263
73071,1,263
73087,1,263
73163,1,263
73195,1,263
73252,1,263
73260,1,263
73263,1,263
73279,1,263
73326,1,263
73330,1,263
73357,1,263
73361,1,263
73392,1,263
73394,1,263
73418,1,263
73477,1,263
73499,1,263
73541,1,263
73543,1,263
73547,1,263
73565,1,263
73631,1,263
73696,1,263
73706,1,263
73744,1,263
73746,1,263
73878,1,263
73890,1,263
73898,1,263
73947,1,263
73950,1,263
73974,1,263
73989,1,263
74016,1,263
74029,1,263
74043,1,263
74061,1,263
74061,1,263
74065,1,263
74065,1,263
74067,1,263
74080,1,263
74086,1,263
74090,1,263
74124,1,263
74126,1,263
74134,1,263
74160,1,263
74182,1,263
74231,1,263
74246,1,263
74250,1,263
74256,1,263
74274,1,263
74280,1,263
74283,1,263
74347,1,263
74370,1,263
74373,1,263
74375,1,263
74386,1,263
74443,1,263
74451,1,263
74465,1,263
74473,1,263
74482,1,263
74484,1,263
74495,1,263
74557,1,263
74578,1,263
74633,1,263
74663,1,263
74686,1,263
74687,1,263
74729,1,263
74732,1,263
74744,1,263
74747,1,263
74752,1,263
74759,1,263
74792,1,263
74802,1,263
74803,1,263
74832,1,263
75030,1,263
75039,1,263
75069,1,263
75071,1,263
75077,1,263
75133,1,263
75136,1,263
75145,1,263
75158,1,263
75164,1,263
75170,1,263
75175,1,263
75180,1,263
75204,1,263
75219,1,263
75223,1,263
75226,1,263
75232,1,263
75276,1,263
75324,1,263
75350,1,263
75354,1,263
75380,1,263
75410,1,263
75428,1,263
75445,1,263
75467,1,263
75479,1,263
75536,1,263
75547,1,263
75550,1,263
75569,1,263
75574,1,263
75617,1,263
75620,1,263
75632,1,263
75658,1,263
75659,1,263
75670,1,263
75683,1,263
75697,1,263
75716,1,263
75752,1,263
75759,1,263
75787,1,263
76004,1,263
76019,1,263
76039,1,263
76040,1,263
76040,1,263
76070,1,263
76097,1,263
76101,1,263
76126,1,263
76150,1,263
76185,1,263
76187,1,263
76189,1,263
76195,1,263
76201,1,263
76210,1,263
76211,1,263
76218,1,263
76223,1,263
76225,1,263
76240,1,263
76245,1,263
76281,1,263
76295,1,263
76348,1,263
76382,1,263
76400,1,263
76412,1,263
76413,1,263
76473,1,263
76488,1,263
76491,1,263
76510,1,263
76538,1,263
76568,1,263
76627,1,263
76687,1,263
76772,1,263
76778,1,263
76795,1,263
76800,1,263
76812,1,263
76831,1,263
76876,1,263
77061,1,263
77072,1,263
77090,1,263
77114,1,263
77170,1,263
77170,1,263
77173,1,263
77191,1,263
77240,1,263
77255,1,263
77256,1,263
77299,1,263
77341,1,263
77353,1,263
77369,1,263
77396,1,263
77399,1,263
77400,1,263
77402,1,263
77444,1,263
77459,1,263
77506,1,263
77525,1,263
77554,1,263
77591,1,263
77593,1,263
77640,1,263
77664,1,263
77686,1,263
77746,1,263
77766,1,263
77804,1,263
77807,1,263
77814,1,263
77818,1,263
77881,1,263
77884,1,263
77932,1,263
77946,1,263
77978,1,263
77984,1,263
77999,1,263
78046,1,263
78055,1,263
78060,1,263
78062,1,263
78092,1,263
78099,1,263
78115,1,263
78120,1,263
78138,1,263
78147,1,263
78153,1,263
78186,1,263
78186,1,263
78187,1,263
78233,1,263
78238,1,263
78248,1,263
78271,1,263
78340,1,263
78376,1,263
78402,1,263
78452,1,263
78468,1,263
78498,1,263
78511,1,263
78522,1,263
78524,1,263
78548,1,263
78549,1,263
78582,1,263
78623,1,263
78673,1,263
78674,1,263
78708,1,263
78740,1,263
78747,1,263
78757,1,263
78791,1,263
78815,1,263
78833,1,263
78846,1,263
78851,1,263
78858,1,263
78906,1,263
78913,1,263
78918,1,263
79007,1,263
79064,1,263
79114,1,263
79121,1,263
79187,1,263
79190,1,263
79255,1,263
79277,1,263
79293,1,263
79293,1,263
79349,1,263
79367,1,263
79390,1,263
79473,1,263
79487,1,263
79512,1,263
79582,1,263
79616,1,263
79628,1,263
79631,1,263
79632,1,263
79670,1,263
79727,1,263
79739,1,263
79786,1,263
79839,1,263
79850,1,263
79881,1,263
79959,1,263
79964,1,263
79964,1,263
79990,1,263
79993,1,263
80001,1,263
80003,1,263
80019,1,263
80023,1,263
80055,1,263
80059,1,263
80065,1,263
80070,1,263
80073,1,263
80073,1,263
80077,1,263
80093,1,263
80098,1,263
80105,1,263
80107,1,263
80137,1,263
80146,1,263
80148,1,263
80149,1,263
80214,1,263
80255,1,263
80335,1,263
80375,1,263
80384,1,263
80396,1,263
80409,1,263
80460,1,263
80474,1,263
80475,1,263
80476,1,263
80481,1,263
80482,1,263
80506,1,263
80627,1,263
80665,1,263
80678,1,263
80681,1,263
80698,1,263
80702,1,263
80709,1,263
80728,1,263
80729,1,263
80781,1,263
80791,1,263
80828,1,263
80830,1,263
80835,1,263
80843,1,263
80864,1,263
80867,1,263
80873,1,263
80901,1,263
81035,1,263
81037,1,263
81073,1,263
81078,1,263
81088,1,263
81117,1,263
81123,1,263
81129,1,263
81140,1,263
81142,1,263
81155,1,263
81162,1,263
81167,1,263
81219,1,263
81223,1,263
81232,1,263
81256,1,263
81295,1,263
81312,1,263
81313,1,263
81330,1,263
81334,1,263
81357,1,263
81360,1,263
81363,1,263
81404,1,263
81415,1,263
81417,1,263
81461,1,263
81473,1,263
81529,1,263
81535,1,263
81557,1,263
81566,1,263
81581,1,263
81611,1,263
81614,1,263
81649,1,263
81658,1,263
81667,1,263
81679,1,263
81705,1,263
81720,1,263
81730,1,263
81738,1,263
81740,1,263
81757,1,263
81768,1,263
81769,1,263
81780,1,263
81783,1,263
81784,1,263
81799,1,263
81822,1,263
81840,1,263
81854,1,263
81864,1,263
81876,1,263
81887,1,263
81889,1,263
81914,1,263
81934,1,263
82016,1,263
82019,1,263
82108,1,263
82112,1,263
82142,1,263
82177,1,263
82183,1,263
82209,1,263
82211,1,263
82253,1,263
82282,1,263
82289,1,263
82296,1,263
82338,1,263
82355,1,263
82371,1,263
82371,1,263
82398,1,263
82440,1,263
82479,1,263
82489,1,263
82511,1,263
82541,1,263
82559,1,263
82564,1,263
82596,1,263
82607,1,263
82659,1,263
82676,1,263
82701,1,263
82724,1,263
82742,1,263
82752,1,263
82752,1,263
82784,1,263
82785,1,263
82806,1,263
82818,1,263
82835,1,263
82854,1,263
82875,1,263
82910,1,263
82912,1,263
82953,1,263
82960,1,263
82964,1,263
82983,1,263
83016,1,263
83034,1,263
83036,1,263
83049,1,263
83051,1,263
83053,1,263
83074,1,263
83079,1,263
83107,1,263
83165,1,263
83198,1,263
83251,1,263
83267,1,263
83291,1,263
83332,1,263
83335,1,263
83347,1,263
83414,1,263
83437,1,263
83457,1,263
83471,1,263
83485,1,263
83491,1,263
83494,1,263
83496,1,263
83521,1,263
83541,1,263
83572,1,263
83576,1,263
83585,1,263
83608,1,263
83608,1,263
83626,1,263
83659,1,263
83675,1,263
83707,1,263
83711,1,263
83714,1,263
83770,1,263
83811,1,263
83819,1,263
83823,1,263
83830,1,263
83850,1,263
83855,1,263
83870,1,263
83876,1,263
83890,1,263
83895,1,263
83908,1,263
83925,1,263
83962,1,263
83966,1,263
83983,1,263
84013,1,263
84014,1,263
84035,1,263
84117,1,263
84151,1,263
84197,1,263
84199,1,263
84227,1,263
84256,1,263
84291,1,263
84292,1,263
84304,1,263
84367,1,263
84407,1,263
84433,1,263
84449,1,263
84468,1,263
84501,1,263
84514,1,263
84586,1,263
84618,1,263
84626,1,263
84630,1,263
84631,1,263
84636,1,263
84657,1,263
84672,1,263
84685,1,263
84718,1,263
84727,1,263
84741,1,263
84750,1,263
84769,1,263
84791,1,263
84866,1,263
84896,1,263
84897,1,263
84898,1,263
84906,1,263
84911,1,263
84914,1,263
84930,1,263
84996,1,263
85001,1,263
85004,1,263
85020,1,263
85022,1,263
85024,1,263
85032,1,263
85037,1,263
85042,1,263
85064,1,263
85075,1,263
85080,1,263
85082,1,263
85084,1,263
85086,1,263
85093,1,263
85099,1,263
85099,1,263
85101,1,263
85103,1,263
85104,1,263
85107,1,263
85132,1,263
85134,1,263
85146,1,263
85148,1,263
85149,1,263
85149,1,263
85166,1,263
85190,1,263
85203,1,263
85204,1,263
85218,1,263
85234,1,263
85241,1,263
85250,1,263
85262,1,263
85265,1,263
85293,1,263
85302,1,263
85322,1,263
85345,1,263
85363,1,263
85400,1,263
85429,1,263
85445,1,263
85458,1,263
85479,1,263
85483,1,263
85510,1,263
85536,1,263
85548,1,263
85596,1,263
85630,1,263
85649,1,263
85680,1,263
85690,1,263
86004,1,263
86019,1,263
86036,1,263
86065,1,263
86078,1,263
86101,1,263
86123,1,263
86125,1,263
86178,1,263
86192,1,263
86202,1,263
86217,1,263
86226,1,263
86248,1,263
86279,1,263
86292,1,263
86307,1,263
86324,1,263
86324,1,263
86352,1,263
86368,1,263
86375,1,263
86397,1,263
86416,1,263
86439,1,263
86456,1,263
86457,1,263
86491,1,263
86510,1,263
86553,1,263
86561,1,263
86625,1,263
86630,1,263
86630,1,263
86648,1,263
86664,1,263
86668,1,263
86687,1,263
86701,1,263
86717,1,263
86772,1,263
86782,1,263
86806,1,263
86824,1,263
86837,1,263
86845,1,263
86943,1,263
86965,1,263
86975,1,263
87022,1,263
87029,1,263
87072,1,263
87096,1,263
87138,1,263
87144,1,263
87166,1,263
87171,1,263
87177,1,263
87212,1,263
87216,1,263
87245,1,263
87254,1,263
87265,1,263
87281,1,263
87304,1,263
87336,1,263
87351,1,263
87358,1,263
87365,1,263
87383,1,263
87389,1,263
87423,1,263
87427,1,263
87430,1,263
87448,1,263
87471,1,263
87480,1,263
87492,1,263
87523,1,263
87533,1,263
87533,1,263
87540,1,263
87553,1,263
87556,1,263
87593,1,263
87648,1,263
87691,1,263
87717,1,263
87752,1,263
87770,1,263
87795,1,263
87846,1,263
87889,1,263
87945,1,263
87998,1,263
87999,1,263
88015,1,263
88056,1,263
88081,1,263
88090,1,263
88091,1,263
88098,1,263
88099,1,263
88104,1,263
88106,1,263
88116,1,263
88132,1,263
88137,1,263
88149,1,263
88236,1,263
88238,1,263
88247,1,263
88255,1,263
88257,1,263
88265,1,263
88270,1,263
88283,1,263
88287,1,263
88310,1,263
88316,1,263
88342,1,263
88344,1,263
88372,1,263
88375,1,263
88387,1,263
88398,1,263
88421,1,263
88453,1,263
88495,1,263
88511,1,263
88526,1,263
88544,1,263
88571,1,263
88595,1,263
88609,1,263
88641,1,263
88661,1,263
88667,1,263
88697,1,263
88768,1,263
88799,1,263
88810,1,263
88814,1,263
88827,1,263
88840,1,263
88843,1,263
88856,1,263
88856,1,263
88927,1,263
88934,1,263
89030,1,263
89042,1,263
89053,1,263
89070,1,263
89080,1,263
89094,1,263
89094,1,263
89108,1,263
89108,1,263
89112,1,263
89120,1,263
89141,1,263
89141,1,263
89163,1,263
89199,1,263
89200,1,263
89201,1,263
89242,1,263
89245,1,263
89303,1,263
89324,1,263
89335,1,263
89360,1,263
89380,1,263
89395,1,263
89423,1,263
89446,1,263
89451,1,263
89468,1,263
89483,1,263
89511,1,263
89591,1,263
89596,1,263
89625,1,263
89642,1,263
89656,1,263
89659,1,263
89669,1,263
89682,1,263
89687,1,263
89706,1,263
89721,1,263
89727,1,263
89729,1,263
89755,1,263
89773,1,263
89786,1,263
89798,1,263
89822,1,263
90007,1,263
90008,1,263
90016,1,263
90017,1,263
90056,1,263
90100,1,263
90102,1,263
90117,1,263
90181,1,263
90190,1,263
90210,1,263
90249,1,263
90254,1,263
90283,1,263
90312,1,263
90323,1,263
90346,1,263
90357,1,263
90361,1,263
90376,1,263
90384,1,263
90385,1,263
90409,1,263
90414,1,263
90416,1,263
90442,1,263
90452,1,263
90511,1,263
90521,1,263
90533,1,263
90537,1,263
90566,1,263
90586,1,263
90621,1,263
90639,1,263
90647,1,263
90665,1,263
90676,1,263
90749,1,263
90777,1,263
90787,1,263
90791,1,263
90793,1,263
90855,1,263
90871,1,263
90886,1,263
91006,1,263
91020,1,263
91048,1,263
91098,1,263
91099,1,263
91109,1,263
91154,1,263
91155,1,263
91164,1,263
91164,1,263
91171,1,263
91202,1,263
91238,1,263
91244,1,263
91256,1,263
91292,1,263
91300,1,263
91314,1,263
91339,1,263
91345,1,263
91373,1,263
91389,1,263
91392,1,263
91397,1,263
91400,1,263
91419,1,263
91426,1,263
91443,1,263
91447,1,263
91481,1,263
91521,1,263
91549,1,263
91555,1,263
91563,1,263
91615,1,263
91622,1,263
91689,1,263
91722,1,263
91729,1,263
91740,1,263
91773,1,263
91788,1,263
91832,1,263
91853,1,263
91873,1,263
91877,1,263
91879,1,263
91901,1,263
91914,1,263
92051,1,263
92105,1,263
92121,1,263
92149,1,263
92191,1,263
92264,1,263
92266,1,263
92280,1,263
92281,1,263
92291,1,263
92298,1,263
92347,1,263
92367,1,263
92383,1,263
92390,1,263
92395,1,263
92406,1,263
92461,1,263
92487,1,263
92487,1,263
92495,1,263
92513,1,263
92514,1,263
92526,1,263
92560,1,263
92590,1,263
92594,1,263
92623,1,263
92679,1,263
92685,1,263
92696,1,263
92729,1,263
92752,1,263
92754,1,263
92754,1,263
92760,1,263
92809,1,263
92823,1,263
92834,1,263
92840,1,263
92855,1,263
92903,1,263
92904,1,263
92915,1,263
92919,1,263
92921,1,263
92934,1,263
93030,1,263
93062,1,263
93065,1,263
93087,1,263
93090,1,263
93129,1,263
93131,1,263
93136,1,263
93162,1,263
93185,1,263
93187,1,263
93191,1,263
93193,1,263
93202,1,263
93212,1,263
93243,1,263
93252,1,263
93264,1,263
93278,1,263
93334,1,263
93338,1,263
93338,1,263
93352,1,263
93353,1,263
93356,1,263
93356,1,263
93358,1,263
93368,1,263
93396,1,263
93399,1,263
93406,1,263
93407,1,263
93422,1,263
93429,1,263
93436,1,263
93438,1,263
93440,1,263
93443,1,263
93482,1,263
93485,1,263
93516,1,263
93533,1,263
93553,1,263
93570,1,263
93574,1,263
93586,1,263
93597,1,263
93617,1,263
93633,1,263
93659,1,263
93670,1,263
93689,1,263
93692,1,263
93698,1,263
93707,1,263
93715,1,263
93718,1,263
93728,1,263
93731,1,263
93754,1,263
93828,1,263
93846,1,263
93849,1,263
93889,1,263
93889,1,263
93904,1,263
93916,1,263
93931,1,263
93932,1,263
93933,1,263
93935,1,263
93937,1,263
93941,1,263
93952,1,263
94000,1,263
94017,1,263
94022,1,263
94026,1,263
94039,1,263
94061,1,263
94063,1,263
94069,1,263
94104,1,263
94113,1,263
94115,1,263
94127,1,263
94163,1,263
94179,1,263
94211,1,263
94227,1,263
94228,1,263
94265,1,263
94282,1,263
94298,1,263
94319,1,263
94338,1,263
94353,1,263
94354,1,263
94367,1,263
94388,1,263
94422,1,263
94456,1,263
94475,1,263
94537,1,263
94616,1,263
94635,1,263
94651,1,263
94693,1,263
94705,1,263
94706,1,263
94714,1,263
94724,1,263
94755,1,263
94778,1,263
94800,1,263
94801,1,263
94807,1,263
94811,1,263
94830,1,263
94830,1,263
94831,1,263
94835,1,263
94842,1,263
94850,1,263
94856,1,263
94857,1,263
94871,1,263
94876,1,263
95025,1,263
95060,1,263
95062,1,263
95070,1,263
95072,1,263
95072,1,263
95096,1,263
95144,1,263
95162,1,263
95167,1,263
95175,1,263
95266,1,263
95268,1,263
95273,1,263
95278,1,263
95334,1,263
95409,1,263
95415,1,263
95442,1,263
95456,1,263
95466,1,263
95473,1,263
95476,1,263
95477,1,263
95547,1,263
95558,1,263
95694,1,263
95707,1,263
95728,1,263
95741,1,263
95779,1,263
95780,1,263
95790,1,263
95798,1,263
95807,1,263
95811,1,263
95828,1,263
95829,1,263
95843,1,263
95854,1,263
95896,1,263
95911,1,263
95916,1,263
95926,1,263
95970,1,263
95976,1,263
95991,1,263
95996,1,263
96019,1,263
96027,1,263
96051,1,263
96052,1,263
96060,1,263
96070,1,263
96096,1,263
96112,1,263
96128,1,263
96188,1,263
96206,1,263
96227,1,263
96234,1,263
96239,1,263
96267,1,263
96272,1,263
96284,1,263
96289,1,263
96309,1,263
96355,1,263
96356,1,263
96426,1,263
96449,1,263
96455,1,263
96458,1,263
96502,1,263
96520,1,263
96523,1,263
96547,1,263
96552,1,263
96597,1,263
96600,1,263
96603,1,263
96648,1,263
96665,1,263
96701,1,263
96722,1,263
96731,1,263
96744,1,263
96790,1,263
96798,1,263
96804,1,263
96811,1,263
96811,1,263
96906,1,263
96928,1,263
96976,1,263
97020,1,263
97024,1,263
97028,1,263
97028,1,263
97053,1,263
97059,1,263
97074,1,263
97081,1,263
97097,1,263
97107,1,263
97113,1,263
97119,1,263
97136,1,263
97162,1,263
97166,1,263
97169,1,263
97186,1,263
97196,1,263
97198,1,263
97205,1,263
97209,1,263
97214,1,263
97228,1,263
97231,1,263
97310,1,263
97316,1,263
97352,1,263
97352,1,263
97355,1,263
97376,1,263
97382,1,263
97399,1,263
97415,1,263
97461,1,263
97462,1,263
97546,1,263
97574,1,263
97578,1,263
97607,1,263
97638,1,263
97700,1,263
97706,1,263
97737,1,263
97759,1,263
97775,1,263
97786,1,263
97798,1,263
97802,1,263
97803,1,263
97819,1,263
97820,1,263
97827,1,263
97878,1,263
97892,1,263
97928,1,263
97952,1,263
97963,1,263
97971,1,263
97994,1,263
98015,1,263
98017,1,263
98075,1,263
98090,1,263
98092,1,263
98183,1,263
98188,1,263
98193,1,263
98221,1,263
98229,1,263
98231,1,263
98262,1,263
98296,1,263
98340,1,263
98344,1,263
98357,1,263
98365,1,263
98387,1,263
98388,1,263
98473,1,263
98482,1,263
98483,1,263
98488,1,263
98545,1,263
98637,1,263
98642,1,263
98657,1,263
98718,1,263
98719,1,263
98737,1,263
98742,1,263
98744,1,263
98755,1,263
98778,1,263
98787,1,263
98819,1,263
98824,1,263
98839,1,263
98841,1,263
98846,1,263
98866,1,263
98875,1,263
98894,1,263
98943,1,263
98947,1,263
98959,1,263
99006,1,263
99007,1,263
99027,1,263
99031,1,263
99047,1,263
99051,1,263
99067,1,263
99092,1,263
99107,1,263
99138,1,263
99139,1,263
99161,1,263
99179,1,263
99191,1,263
99233,1,263
99259,1,263
99264,1,263
99283,1,263
99286,1,263
99286,1,263
99297,1,263
99327,1,263
99336,1,263
99343,1,263
99345,1,263
99392,1,263
99405,1,263
99432,1,263
99486,1,263
99503,1,263
99515,1,263
99533,1,263
99556,1,263
99558,1,263
99563,1,263
99563,1,263
99599,1,263
99635,1,263
99651,1,263
99664,1,263
99671,1,263
99695,1,263
99703,1,263
99706,1,263
99708,1,263
99759,1,263
99921,1,263
99930,1,263
99933,1,263
99969,1,263
99971,1,263
100005,1,263
100030,1,263
100037,1,263
100038,1,263
100044,1,263
100047,1,263
100063,1,263
100081,1,263
100083,1,263
100151,1,263
100170,1,263
100184,1,263
100199,1,263
100213,1,263
100213,1,263
100250,1,263
100261,1,263
100278,1,263
100298,1,263
100315,1,263
100327,1,263
100341,1,263
100342,1,263
100356,1,263
100365,1,263
100369,1,263
100384,1,263
100440,1,263
100504,1,263
100526,1,263
100531,1,263
100544,1,263
100549,1,263
100593,1,263
100615,1,263
100621,1,263
100659,1,263
100668,1,263
100678,1,263
100685,1,263
100690,1,263
100698,1,263
100699,1,263
100716,1,263
100727,1,263
100769,1,263
100802,1,263
100806,1,263
100813,1,263
100844,1,263
100861,1,263
100863,1,263
101002,1,263
101009,1,263
101021,1,263
101054,1,263
101056,1,263
101083,1,263
101133,1,263
101161,1,263
101171,1,263
101223,1,263
101226,1,263
101228,1,263
101237,1,263
101305,1,263
101380,1,263
101400,1,263
101435,1,263
101513,1,263
101520,1,263
101525,1,263
101563,1,263
101564,1,263
101583,1,263
101628,1,263
101647,1,263
101723,1,263
101807,1,263
101814,1,263
101815,1,263
101859,1,263
101868,1,263
101884,1,263
101896,1,263
101933,1,263
101944,1,263
101951,1,263
102009,1,263
102010,1,263
102013,1,263
102014,1,263
102016,1,263
102034,1,263
102035,1,263
102074,1,263
102076,1,263
102083,1,263
102085,1,263
102103,1,263
102104,1,263
102114,1,263
102128,1,263
102241,1,263
102246,1,263
102248,1,263
102279,1,263
102290,1,263
102305,1,263
102307,1,263
102326,1,263
102327,1,263
102331,1,263
102367,1,263
102388,1,263
102421,1,263
102433,1,263
102445,1,263
102488,1,263
102509,1,263
102537,1,263
102539,1,263
102567,1,263
102574,1,263
102577,1,263
102643,1,263
102661,1,263
102668,1,263
102673,1,263
102692,1,263
102694,1,263
102728,1,263
102764,1,263
102765,1,263
102776,1,263
102783,1,263
102900,1,263
102924,1,263
102930,1,263
102963,1,263
102972,1,263
103004,1,263
103005,1,263
103016,1,263
103035,1,263
103042,1,263
103057,1,263
103078,1,263
103126,1,263
103136,1,263
103165,1,263
103184,1,263
103201,1,263
103219,1,263
103242,1,263
103242,1,263
103243,1,263
103271,1,263
103283,1,263
103287,1,263
103368,1,263
103409,1,263
103478,1,263
103508,1,263
103550,1,263
103562,1,263
103581,1,263
103595,1,263
103617,1,263
103635,1,263
103640,1,263
103642,1,263
103658,1,263
103732,1,263
103739,1,263
103751,1,263
103753,1,263
103799,1,263
103831,1,263
103928,1,263
103929,1,263
103938,1,263
103964,1,263
103981,1,263
103984,1,263
103988,1,263
103995,1,263
104028,1,263
104029,1,263
104089,1,263
104099,1,263
104130,1,263
104189,1,263
104215,1,263
104221,1,263
104239,1,263
104306,1,263
104307,1,263
104336,1,263
104338,1,263
104351,1,263
104360,1,263
104369,1,263
104372,1,263
104374,1,263
104376,1,263
104407,1,263
104446,1,263
104472,1,263
104483,1,263
104490,1,263
104492,1,263
104520,1,263
104581,1,263
104602,1,263
104615,1,263
104654,1,263
104665,1,263
104740,1,263
104788,1,263
104803,1,263
104838,1,263
104840,1,263
104853,1,263
104883,1,263
104888,1,263
104896,1,263
104917,1,263
104918,1,263
104922,1,263
105009,1,263
105011,1,263
105033,1,263
105074,1,263
105096,1,263
105096,1,263
105112,1,263
105138,1,263
105145,1,263
105175,1,263
105216,1,263
105223,1,263
105231,1,263
105259,1,263
105261,1,263
105262,1,263
105268,1,263
105271,1,263
105282,1,263
105283,1,263
105298,1,263
105298,1,263
105318,1,263
105325,1,263
105340,1,263
105344,1,263
105345,1,263
105366,1,263
105368,1,263
105385,1,263
105401,1,263
105407,1,263
105412,1,263
105437,1,263
105462,1,263
105502,1,263
105504,1,263
105522,1,263
105530,1,263
105552,1,263
105559,1,263
105572,1,263
105579,1,263
105587,1,263
105725,1,263
105738,1,263
105741,1,263
105774,1,263
105802,1,263
105810,1,263
105873,1,263
105898,1,263
105898,1,263
105907,1,263
106022,1,263
106026,1,263
106043,1,263
106059,1,263
106130,1,263
106139,1,263
106184,1,263
106188,1,263
106244,1,263
106248,1,263
106254,1,263
106264,1,263
106311,1,263
106322,1,263
106322,1,263
106326,1,263
106339,1,263
106391,1,263
106403,1,263
106424,1,263
106428,1,263
106448,1,263
106515,1,263
106522,1,263
106526,1,263
106575,1,263
106587,1,263
106670,1,263
106730,1,263
106875,1,263
106878,1,263
106908,1,263
106920,1,263
106933,1,263
106935,1,263
106942,1,263
106953,1,263
106968,1,263
106970,1,263
106975,1,263
106991,1,263
107008,1,263
107019,1,263
107042,1,263
107087,1,263
107104,1,263
107117,1,263
107165,1,263
107177,1,263
107177,1,263
107224,1,263
107262,1,263
107310,1,263
107331,1,263
107470,1,263
107499,1,263
107522,1,263
107524,1,263
107533,1,263
107597,1,263
107610,1,263
107682,1,263
107729,1,263
107741,1,263
107757,1,263
107770,1,263
107788,1,263
107846,1,263
107884,1,263
107906,1,263
107907,1,263
107970,1,263
108007,1,263
108012,1,263
108023,1,263
108061,1,263
108064,1,263
108069,1,263
108072,1,263
108106,1,263
108115,1,263
108127,1,263
108170,1,263
108184,1,263
108207,1,263
108214,1,263
108219,1,263
108254,1,263
108265,1,263
108281,1,263
108297,1,263
108356,1,263
108582,1,263
108614,1,263
108620,1,263
108621,1,263
108686,1,263
108765,1,263
108847,1,263
108850,1,263
108895,1,263
108901,1,263
108927,1,263
108941,1,263
108950,1,263
108973,1,263
109002,1,263
109005,1,263
109016,1,263
109017,1,263
109039,1,263
109057,1,263
109067,1,263
109070,1,263
109075,1,263
109087,1,263
109092,1,263
109096,1,263
109102,1,263
109107,1,263
109120,1,263
109123,1,263
109125,1,263
109129,1,263
109143,1,263
109150,1,263
109151,1,263
109158,1,263
109203,1,263
109223,1,263
109252,1,263
109282,1,263
109336,1,263
109340,1,263
109345,1,263
109367,1,263
109369,1,263
109433,1,263
109466,1,263
109466,1,263
109514,1,263
109542,1,263
109549,1,263
109623,1,263
109632,1,263
109636,1,263
109659,1,263
109669,1,263
109715,1,263
109725,1,263
109747,1,263
109764,1,263
109798,1,263
110028,1,263
110046,1,263
110101,1,263
110108,1,263
110162,1,263
110164,1,263
110183,1,263
110189,1,263
110198,1,263
110224,1,263
110225,1,263
110250,1,263
110254,1,263
110264,1,263
110312,1,263
110313,1,263
110333,1,263
110359,1,263
110370,1,263
110391,1,263
110407,1,263
110438,1,263
110466,1,263
110479,1,263
110492,1,263
110534,1,263
110640,1,263
110689,1,263
110723,1,263
110750,1,263
110769,1,263
110784,1,263
110816,1,263
110819,1,263
110820,1,263
110827,1,263
110857,1,263
110873,1,263
110882,1,263
111006,1,263
111046,1,263
111063,1,263
111093,1,263
111100,1,263
111125,1,263
111158,1,263
111193,1,263
111252,1,263
111262,1,263
111270,1,263
111283,1,263
111311,1,263
111318,1,263
111324,1,263
111336,1,263
111352,1,263
111399,1,263
111405,1,263
111420,1,263
111421,1,263
111447,1,263
111473,1,263
111508,1,263
111510,1,263
111528,1,263
111528,1,263
111571,1,263
111578,1,263
111580,1,263
111580,1,263
111637,1,263
111653,1,263
111695,1,263
111762,1,263
111763,1,263
111779,1,263
111803,1,263
111819,1,263
112056,1,263
112068,1,263
112076,1,263
112105,1,263
112124,1,263
112151,1,263
112161,1,263
112162,1,263
112188,1,263
112253,1,263
112254,1,263
112261,1,263
112346,1,263
112371,1,263
112383,1,263
112390,1,263
112432,1,263
112460,1,263
112461,1,263
112478,1,263
112512,1,263
112512,1,263
112534,1,263
112675,1,263
112677,1,263
112724,1,263
112744,1,263
112754,1,263
112783,1,263
112845,1,263
112903,1,263
112904,1,263
112931,1,263
112933,1,263
112939,1,263
112995,1,263
113011,1,263
113046,1,263
113052,1,263
113061,1,263
113081,1,263
113110,1,263
113177,1,263
113181,1,263
113196,1,263
113198,1,263
113229,1,263
113339,1,263
113398,1,263
113416,1,263
113440,1,263
113502,1,263
113544,1,263
113547,1,263
113558,1,263
113591,1,263
113603,1,263
113640,1,263
113669,1,263
113683,1,263
113683,1,263
113688,1,263
113703,1,263
113737,1,263
113755,1,263
113837,1,263
113926,1,263
113926,1,263
114010,1,263
114011,1,263
114030,1,263
114037,1,263
114055,1,263
114060,1,263
114079,1,263
114101,1,263
114102,1,263
114102,1,263
114149,1,263
114158,1,263
114173,1,263
114185,1,263
114204,1,263
114216,1,263
114237,1,263
114239,1,263
114285,1,263
114341,1,263
114363,1,263
114383,1,263
114437,1,263
114447,1,263
114468,1,263
114469,1,263
114475,1,263
114523,1,263
114527,1,263
114538,1,263
114548,1,263
114654,1,263
114812,1,263
114841,1,263
114907,1,263
114950,1,263
115008,1,263
115016,1,263
115019,1,263
115053,1,263
115060,1,263
115061,1,263
115109,1,263
115131,1,263
115168,1,263
115170,1,263
115195,1,263
115201,1,263
115213,1,263
115225,1,263
115242,1,263
115242,1,263
115267,1,263
115313,1,263
115603,1,263
115612,1,263
115619,1,263
115627,1,263
115694,1,263
115697,1,263
115707,1,263
115796,1,263
115797,1,263
115820,1,263
115848,1,263
115915,1,263
116015,1,263
116018,1,263
116023,1,263
116038,1,263
116071,1,263
116080,1,263
116096,1,263
116101,1,263
116101,1,263
116113,1,263
116121,1,263
116134,1,263
116159,1,263
116178,1,263
116195,1,263
116212,1,263
116248,1,263
116266,1,263
116274,1,263
116306,1,263
116323,1,263
116337,1,263
116341,1,263
116352,1,263
116355,1,263
116361,1,263
116385,1,263
116389,1,263
116410,1,263
116464,1,263
116501,1,263
116505,1,263
116511,1,263
116513,1,263
116524,1,263
116536,1,263
116542,1,263
116566,1,263
116598,1,263
116603,1,263
116604,1,263
116690,1,263
116696,1,263
116704,1,263
117005,1,263
117014,1,263
117029,1,263
117053,1,263
117061,1,263
117126,1,263
117180,1,263
117190,1,263
117203,1,263
117272,1,263
117276,1,263
117337,1,263
117340,1,263
117345,1,263
117361,1,263
117372,1,263
117444,1,263
117522,1,263
117542,1,263
117547,1,263
117557,1,263
117582,1,263
117602,1,263
117623,1,263
117652,1,263
117692,1,263
117708,1,263
117733,1,263
117739,1,263
117758,1,263
117758,1,263
117780,1,263
117803,1,263
117869,1,263
117882,1,263
117918,1,263
117982,1,263
117995,1,263
118008,1,263
118084,1,263
118118,1,263
118124,1,263
118153,1,263
118170,1,263
118215,1,263
118223,1,263
118229,1,263
118266,1,263
118282,1,263
118340,1,263
118387,1,263
118495,1,263
118511,1,263
118520,1,263
118535,1,263
118552,1,263
118584,1,263
118750,1,263
118786,1,263
118838,1,263
118910,1,263
118937,1,263
118969,1,263
118979,1,263
119011,1,263
119035,1,263
119058,1,263
119074,1,263
119122,1,263
119152,1,263
119153,1,263
119194,1,263
119200,1,263
119218,1,263
119363,1,263
119439,1,263
119446,1,263
119591,1,263
119633,1,263
119643,1,263
119647,1,263
119801,1,263
119803,1,263
119830,1,263
119870,1,263
119881,1,263
119938,1,263
119983,1,263
120005,1,263
120008,1,263
120020,1,263
120041,1,263
120075,1,263
120087,1,263
120092,1,263
120093,1,263
120103,1,263
120109,1,263
120119,1,263
120127,1,263
120150,1,263
120167,1,263
120180,1,263
120198,1,263
120201,1,263
120208,1,263
120233,1,263
120294,1,263
120407,1,263
120409,1,263
120410,1,263
120413,1,263
120416,1,263
120520,1,263
120521,1,263
120609,1,263
120825,1,263
120932,1,263
120959,1,263
121009,1,263
121037,1,263
121048,1,263
121225,1,263
121264,1,263
121308,1,263
121342,1,263
121363,1,263
121385,1,263
121435,1,263
121485,1,263
121492,1,263
121497,1,263
121525,1,263
121571,1,263
121577,1,263
121602,1,263
121660,1,263
121677,1,263
121700,1,263
121742,1,263
121750,1,263
121771,1,263
121787,1,263
121841,1,263
121892,1,263
122007,1,263
122088,1,263
122119,1,263
122123,1,263
122124,1,263
122184,1,263
122185,1,263
122210,1,263
122234,1,263
122235,1,263
122258,1,263
122275,1,263
122278,1,263
122376,1,263
122407,1,263
122418,1,263
122424,1,263
122428,1,263
122526,1,263
122565,1,263
122610,1,263
122663,1,263
122757,1,263
122797,1,263
122835,1,263
122838,1,263
123171,1,263
123189,1,263
123272,1,263
123299,1,263
123351,1,263
123378,1,263
123388,1,263
123398,1,263
123428,1,263
123461,1,263
123487,1,263
123583,1,263
123593,1,263
123728,1,263
123758,1,263
123816,1,263
123909,1,263
123914,1,263
123917,1,263
123950,1,263
123966,1,263
123973,1,263
123986,1,263
124051,1,263
124069,1,263
124100,1,263
124134,1,263
124148,1,263
124171,1,263
124224,1,263
124228,1,263
124384,1,263
124401,1,263
124425,1,263
124449,1,263
124459,1,263
124628,1,263
124640,1,263
124642,1,263
124688,1,263
124692,1,263
124692,1,263
124808,1,263
124928,1,263
124931,1,263
124977,1,263
124979,1,263
125012,1,263
125059,1,263
125078,1,263
125078,1,263
125097,1,263
125117,1,263
125160,1,263
125238,1,263
125253,1,263
125290,1,263
125330,1,263
125345,1,263
125397,1,263
125429,1,263
125503,1,263
125526,1,263
125535,1,263
125614,1,263
125642,1,263
125664,1,263
125706,1,263
125826,1,263
125837,1,263
125865,1,263
125878,1,263
126081,1,263
126171,1,263
126346,1,263
126425,1,263
126466,1,263
126638,1,263
126641,1,263
126703,1,263
126704,1,263
126711,1,263
126719,1,263
126809,1,263
126841,1,263
126848,1,263
126884,1,263
126959,1,263
126966,1,263
126999,1,263
127048,1,263
127051,1,263
127051,1,263
127059,1,263
127098,1,263
127104,1,263
127170,1,263
127172,1,263
127212,1,263
127224,1,263
127259,1,263
127270,1,263
127270,1,263
127282,1,263
127368,1,263
127377,1,263
127390,1,263
127404,1,263
127520,1,263
127613,1,263
127752,1,263
127840,1,263
127987,1,263
128021,1,263
128122,1,263
128140,1,263
128169,1,263
128207,1,263
128213,1,263
128246,1,263
128260,1,263
128301,1,263
128313,1,263
128347,1,263
128432,1,263
128537,1,263
128678,1,263
128760,1,263
128799,1,263
128819,1,263
128871,1,263
129030,1,263
129088,1,263
129162,1,263
129180,1,263
129183,1,263
129184,1,263
129224,1,263
129232,1,263
129237,1,263
129249,1,263
129292,1,263
129297,1,263
129321,1,263
129349,1,263
129360,1,263
129374,1,263
129451,1,263
129497,1,263
129523,1,263
129582,1,263
129638,1,263
129690,1,263
129744,1,263
129788,1,263
129869,1,263
129894,1,263
129896,1,263
129904,1,263
129905,1,263
129964,1,263
130001,1,263
130022,1,263
130026,1,263
130044,1,263
130056,1,263
130072,1,263
130081,1,263
130093,1,263
130204,1,263
130209,1,263
130367,1,263
130439,1,263
130457,1,263
130580,1,263
130658,1,263
130782,1,263
130795,1,263
130835,1,263
130869,1,263
130878,1,263
130898,1,263
130898,1,263
130899,1,263
130910,1,263
130931,1,263
131027,1,263
131049,1,263
131200,1,263
131222,1,263
131245,1,263
131255,1,263
131291,1,263
131297,1,263
131319,1,263
131400,1,263
131404,1,263
131414,1,263
131552,1,263
131557,1,263
131569,1,263
131622,1,263
131626,1,263
131648,1,263
131671,1,263
132010,1,263
132054,1,263
132058,1,263
132073,1,263
132113,1,263
132143,1,263
132144,1,263
132149,1,263
132189,1,263
132295,1,263
132417,1,263
132498,1,263
132567,1,263
132595,1,263
132596,1,263
132619,1,263
132628,1,263
132772,1,263
133032,1,263
133123,1,263
133138,1,263
133242,1,263
133253,1,263
133275,1,263
133324,1,263
133368,1,263
133530,1,263
133573,1,263
133576,1,263
133603,1,263
133706,1,263
133857,1,263
134074,1,263
134216,1,263
134364,1,263
134382,1,263
134400,1,263
134411,1,263
134536,1,263
134613,1,263
134907,1,263
134911,1,263
134952,1,263
135007,1,263
135019,1,263
135086,1,263
135105,1,263
135105,1,263
135133,1,263
135133,1,263
135146,1,263
135191,1,263
135215,1,263
135254,1,263
135268,1,263
135282,1,263
135293,1,263
135300,1,263
135303,1,263
135317,1,263
135371,1,263
135404,1,263
135448,1,263
136001,1,263
136032,1,263
136075,1,263
136115,1,263
136180,1,263
136215,1,263
136338,1,263
136342,1,263
136446,1,263
136457,1,263
136461,1,263
136474,1,263
136525,1,263
136587,1,263
136635,1,263
136712,1,263
136713,1,263
137022,1,263
137071,1,263
137159,1,263
137248,1,263
137264,1,263
137324,1,263
137348,1,263
137375,1,263
137395,1,263
137414,1,263
137434,1,263
137508,1,263
137562,1,263
137653,1,263
137835,1,263
138021,1,263
138147,1,263
138298,1,263
138523,1,263
138596,1,263
138626,1,263
138696,1,263
138722,1,263
138760,1,263
138775,1,263
138776,1,263
138785,1,263
138793,1,263
138894,1,263
138903,1,263
139015,1,263
139020,1,263
139186,1,263
139249,1,263
139334,1,263
139472,1,263
139568,1,263
139576,1,263
139659,1,263
139698,1,263
139727,1,263
139731,1,263
139835,1,263
139885,1,263
139906,1,263
139913,1,263
140132,1,263
140133,1,263
140233,1,263
140279,1,263
140312,1,263
140338,1,263
140482,1,263
140883,1,263
140900,1,263
141033,1,263
141096,1,263
141101,1,263
141138,1,263
141156,1,263
141168,1,263
141238,1,263
141268,1,263
141419,1,263
141435,1,263
141536,1,263
141539,1,263
141544,1,263
141709,1,263
141742,1,263
141747,1,263
141870,1,263
141931,1,263
142045,1,263
142091,1,263
142123,1,263
142129,1,263
142138,1,263
142544,1,263
142591,1,263
142701,1,263
142785,1,263
142839,1,263
142938,1,263
142982,1,263
143017,1,263
143147,1,263
143198,1,263
143252,1,263
143355,1,263
143442,1,263
143481,1,263
143706,1,263
143793,1,263
143816,1,263
143852,1,263
143898,1,263
144154,1,263
144211,1,263
144312,1,263
144454,1,263
144528,1,263
144629,1,263
144650,1,263
144898,1,263
145036,1,263
145073,1,263
145150,1,263
145213,1,263
145255,1,263
145340,1,263
145443,1,263
145495,1,263
145717,1,263
145830,1,263
145882,1,263
145969,1,263
146110,1,263
146141,1,263
146158,1,263
146228,1,263
146253,1,263
146273,1,263
146288,1,263
146295,1,263
146338,1,263
146391,1,263
146727,1,263
146812,1,263
146893,1,263
147008,1,263
147020,1,263
147051,1,263
147066,1,263
147114,1,263
147275,1,263
147299,1,263
147427,1,263
147659,1,263
147779,1,263
147871,1,263
148028,1,263
148052,1,263
148170,1,263
148220,1,263
148310,1,263
148373,1,263
148387,1,263
148468,1,263
148682,1,263
148789,1,263
148869,1,263
148932,1,263
148960,1,263
149015,1,263
149016,1,263
149091,1,263
149139,1,263
149208,1,263
149230,1,263
149278,1,263
149771,1,263
150007,1,263
150070,1,263
150118,1,263
150211,1,263
150230,1,263
150302,1,263
150409,1,263
150506,1,263
151039,1,263
151211,1,263
151418,1,263
151710,1,263
151763,1,263
151870,1,263
151874,1,263
151883,1,263
151932,1,263
152480,1,263
152627,1,263
152881,1,263
153100,1,263
153109,1,263
153226,1,263
153231,1,263
153257,1,263
153308,1,263
153472,1,263
153482,1,263
153483,1,263
153542,1,263
153568,1,263
153582,1,263
153647,1,263
153694,1,263
153712,1,263
153734,1,263
153773,1,263
154001,1,263
154080,1,263
154161,1,263
154245,1,263
154263,1,263
154266,1,263
154363,1,263
154435,1,263
154518,1,263
154591,1,263
154629,1,263
154699,1,263
155129,1,263
155282,1,263
155371,1,263
155441,1,263
155501,1,263
155736,1,263
155906,1,263
156032,1,263
156083,1,263
156121,1,263
156657,1,263
156683,1,263
156711,1,263
156730,1,263
156757,1,263
156816,1,263
157201,1,263
157382,1,263
157409,1,263
157442,1,263
157463,1,263
158203,1,263
158223,1,263
158396,1,263
158436,1,263
158571,1,263
158683,1,263
158729,1,263
158738,1,263
159016,1,263
159046,1,263
159076,1,263
159092,1,263
159209,1,263
159280,1,263
159294,1,263
159315,1,263
159477,1,263
160043,1,263
160179,1,263
160274,1,263
160393,1,263
160411,1,263
160427,1,263
160753,1,263
160822,1,263
160828,1,263
160865,1,263
160886,1,263
161071,1,263
161085,1,263
161105,1,263
161178,1,263
161192,1,263
162718,1,263
162915,1,263
163121,1,263
163127,1,263
163746,1,263
163759,1,263
163825,1,263
163975,1,263
164110,1,263
164171,1,263
164187,1,263
164433,1,263
164545,1,263
164704,1,263
165024,1,263
165100,1,263
165120,1,263
165134,1,263
165154,1,263
165368,1,263
165375,1,263
165434,1,263
165444,1,263
165497,1,263
165519,1,263
165626,1,263
165727,1,263
165742,1,263
165743,1,263
165981,1,263
166016,1,263
166043,1,263
166053,1,263
166053,1,263
166154,1,263
166156,1,263
166532,1,263
166855,1,263
167053,1,263
167123,1,263
167179,1,263
167215,1,263
167260,1,263
167263,1,263
167274,1,263
167276,1,263
167292,1,263
167323,1,263
167545,1,263
167767,1,263
168080,1,263
168204,1,263
168232,1,263
168242,1,263
168524,1,263
168535,1,263
168552,1,263
168690,1,263
169057,1,263
169256,1,263
169587,1,263
169687,1,263
170133,1,263
170423,1,263
170538,1,263
170589,1,263
170626,1,263
170827,1,263
171003,1,263
171019,1,263
171375,1,263
171686,1,263
171951,1,263
172097,1,263
172119,1,263
172231,1,263
172575,1,263
172630,1,263
172674,1,263
172788,1,263
172820,1,263
172878,1,263
172929,1,263
172984,1,263
172999,1,263
173236,1,263
173413,1,263
173574,1,263
173590,1,263
173623,1,263
174022,1,263
174198,1,263
174746,1,263
174910,1,263
175022,1,263
175448,1,263
175955,1,263
176002,1,263
176277,1,263
176394,1,263
176596,1,263
176682,1,263
176744,1,263
177007,1,263
177026,1,263
177258,1,263
177269,1,263
177351,1,263
177425,1,263
177456,1,263
177498,1,263
177516,1,263
177580,1,263
177584,1,263
177666,1,263
177735,1,263
177830,1,263
177924,1,263
177952,1,263
177966,1,263
177973,1,263
178011,1,263
178121,1,263
178154,1,263
178242,1,263
178244,1,263
178366,1,263
178603,1,263
178705,1,263
178709,1,263
178851,1,263
178905,1,263
178924,1,263
179066,1,263
179232,1,263
179273,1,263
179290,1,263
179300,1,263
179355,1,263
179786,1,263
180107,1,263
180186,1,263
180203,1,263
180255,1,263
180256,1,263
180284,1,263
180652,1,263
181149,1,263
181313,1,263
181396,1,263
181623,1,263
182021,1,263
182117,1,263
182168,1,263
182260,1,263
182432,1,263
182445,1,263
182846,1,263
182925,1,263
183051,1,263
183119,1,263
183133,1,263
183179,1,263
183341,1,263
183429,1,263
183620,1,263
184145,1,263
184282,1,263
184505,1,263
184598,1,263
184677,1,263
184707,1,263
184825,1,263
184830,1,263
185002,1,263
185008,1,263
185037,1,263
185082,1,263
185131,1,263
185197,1,263
185368,1,263
185554,1,263
185579,1,263
185635,1,263
186126,1,263
186264,1,263
186307,1,263
186350,1,263
186363,1,263
186636,1,263
187200,1,263
187636,1,263
187659,1,263
187679,1,263
187696,1,263
187934,1,263
188064,1,263
188208,1,263
188351,1,263
188357,1,263
188544,1,263
189025,1,263
189034,1,263
189181,1,263
189275,1,263
189277,1,263
189321,1,263
189329,1,263
189442,1,263
189623,1,263
189625,1,263
189628,1,263
189635,1,263
189640,1,263
189693,1,263
189711,1,263
189767,1,263
189837,1,263
189837,1,263
189850,1,263
190051,1,263
190304,1,263
190382,1,263
190755,1,263
190763,1,263
190802,1,263
191120,1,263
191153,1,263
191165,1,263
191394,1,263
191404,1,263
191438,1,263
191500,1,263
191516,1,263
192270,1,263
192356,1,263
192379,1,263
192443,1,263
192506,1,263
192513,1,263
192541,1,263
192564,1,263
192580,1,263
192667,1,263
192725,1,263
193164,1,263
193327,1,263
193372,1,263
193464,1,263
193723,1,263
193761,1,263
194101,1,263
194472,1,263
194532,1,263
194699,1,263
194719,1,263
194929,1,263
194940,1,263
195022,1,263
195101,1,263
195172,1,263
195232,1,263
195368,1,263
195471,1,263
195655,1,263
195713,1,263
196095,1,263
196169,1,263
196192,1,263
196233,1,263
196366,1,263
196448,1,263
196581,1,263
196636,1,263
196752,1,263
197168,1,263
197175,1,263
197385,1,263
197397,1,263
197431,1,263
197632,1,263
197943,1,263
198180,1,263
198961,1,263
199005,1,263
199088,1,263
199145,1,263
199212,1,263
199218,1,263
199435,1,263
199461,1,263
199541,1,263
199746,1,263
199802,1,263
199921,1,263
200030,1,263
200074,1,263
200203,1,263
200588,1,263
201020,1,263
201044,1,263
201183,1,263
201203,1,263
201226,1,263
201238,1,263
201250,1,263
201275,1,263
201296,1,263
201328,1,263
201333,1,263
201360,1,263
201441,1,263
201555,1,263
201569,1,263
201574,1,263
201652,1,263
201676,1,263
201693,1,263
201772,1,263
201814,1,263
201844,1,263
201873,1,263
201965,1,263
201975,1,263
202023,1,263
202258,1,263
202267,1,263
202269,1,263
202299,1,263
202308,1,263
202419,1,263
202473,1,263
202582,1,263
202688,1,263
203059,1,263
203583,1,263
203653,1,263
203666,1,263
203952,1,263
204037,1,263
204095,1,263
204219,1,263
204313,1,263
204350,1,263
204427,1,263
204430,1,263
204451,1,263
204478,1,263
204593,1,263
204648,1,263
204759,1,263
204788,1,263
205006,1,263
205020,1,263
205032,1,263
205085,1,263
205111,1,263
205289,1,263
205429,1,263
205481,1,263
205524,1,263
205588,1,263
205828,1,263
206112,1,263
206118,1,263
206459,1,263
206556,1,263
206811,1,263
206819,1,263
206862,1,263
206927,1,263
206955,1,263
207027,1,263
207133,1,263
207144,1,263
207365,1,263
207491,1,263
207522,1,263
207549,1,263
207552,1,263
207615,1,263
207619,1,263
207644,1,263
208079,1,263
208160,1,263
208214,1,263
208257,1,263
208330,1,263
208595,1,263
208799,1,263
208982,1,263
208989,1,263
209074,1,263
209084,1,263
209167,1,263
209196,1,263
209505,1,263
209929,1,263
210160,1,263
210223,1,263
210546,1,263
210821,1,263
210843,1,263
210929,1,263
211016,1,263
211042,1,263
211081,1,263
211150,1,263
211251,1,263
211284,1,263
211599,1,263
211784,1,263
211913,1,263
212103,1,263
212205,1,263
212620,1,263
212858,1,263
212897,1,263
213039,1,263
213072,1,263
213089,1,263
213089,1,263
213090,1,263
213185,1,263
213218,1,263
213317,1,263
213353,1,263
213392,1,263
213449,1,263
213500,1,263
213511,1,263
213589,1,263
213678,1,263
213732,1,263
213789,1,263
213795,1,263
213833,1,263
213895,1,263
213931,1,263
214040,1,263
214052,1,263
214054,1,263
214080,1,263
214082,1,263
214083,1,263
214124,1,263
214163,1,263
214364,1,263
214456,1,263
214618,1,263
214932,1,263
214985,1,263
215001,1,263
215029,1,263
215041,1,263
215070,1,263
215077,1,263
215137,1,263
215148,1,263
215163,1,263
215177,1,263
215184,1,263
215252,1,263
215288,1,263
215444,1,263
215538,1,263
215837,1,263
215981,1,263
215993,1,263
216005,1,263
216053,1,263
216088,1,263
216106,1,263
216188,1,263
216334,1,263
216415,1,263
216564,1,263
216657,1,263
216672,1,263
217002,1,263
217051,1,263
217083,1,263
217179,1,263
217253,1,263
217386,1,263
217727,1,263
217746,1,263
218207,1,263
218220,1,263
218305,1,263
218334,1,263
218346,1,263
218426,1,263
218468,1,263
218645,1,263
218665,1,263
218730,1,263
218846,1,263
218871,1,263
219040,1,263
219042,1,263
219049,1,263
219070,1,263
219157,1,263
219159,1,263
219338,1,263
219421,1,263
219725,1,263
219793,1,263
220046,1,263
220061,1,263
220070,1,263
220146,1,263
220464,1,263
220531,1,263
220586,1,263
220732,1,263
220792,1,263
220828,1,263
220897,1,263
220966,1,263
221002,1,263
221013,1,263
221019,1,263
221032,1,263
221099,1,263
221200,1,263
221200,1,263
221240,1,263
221290,1,263
221372,1,263
221381,1,263
221499,1,263
221559,1,263
222263,1,263
222720,1,263
222938,1,263
223062,1,263
223097,1,263
223124,1,263
223172,1,263
223296,1,263
223320,1,263
223349,1,263
223389,1,263
223396,1,263
223500,1,263
223542,1,263
223557,1,263
223578,1,263
223648,1,263
223753,1,263
223927,1,263
223958,1,263
224123,1,263
224136,1,263
224222,1,263
224286,1,263
224406,1,263
224514,1,263
224524,1,263
224581,1,263
224790,1,263
224904,1,263
225026,1,263
225028,1,263
225029,1,263
225057,1,263
225135,1,263
225273,1,263
225299,1,263
225303,1,263
225348,1,263
225348,1,263
225362,1,263
225408,1,263
225448,1,263
225500,1,263
225586,1,263
225635,1,263
225684,1,263
225699,1,263
225705,1,263
225740,1,263
225763,1,263
225958,1,263
225972,1,263
226007,1,263
226012,1,263
226017,1,263
226055,1,263
226065,1,263
226070,1,263
226071,1,263
226075,1,263
226076,1,263
226102,1,263
226168,1,263
226177,1,263
226180,1,263
226199,1,263
226210,1,263
226224,1,263
226229,1,263
226241,1,263
226292,1,263
226304,1,263
226358,1,263
226486,1,263
226494,1,263
226501,1,263
226510,1,263
226552,1,263
226660,1,263
226678,1,263
227079,1,263
227217,1,263
227234,1,263
227358,1,263
227529,1,263
227553,1,263
227573,1,263
227625,1,263
227632,1,263
227754,1,263
228006,1,263
228019,1,263
228085,1,263
228105,1,263
228119,1,263
228138,1,263
228184,1,263
228207,1,263
228219,1,263
228252,1,263
228261,1,263
228299,1,263
228357,1,263
228361,1,263
228386,1,263
228434,1,263
228526,1,263
228540,1,263
228564,1,263
228578,1,263
228631,1,263
228648,1,263
228675,1,263
228686,1,263
228698,1,263
228752,1,263
228814,1,263
228817,1,263
228828,1,263
228830,1,263
228927,1,263
228984,1,263
228989,1,263
229044,1,263
229070,1,263
229073,1,263
229124,1,263
229161,1,263
229318,1,263
229328,1,263
229382,1,263
229452,1,263
229453,1,263
229529,1,263
229534,1,263
229537,1,263
229545,1,263
229652,1,263
229697,1,263
229850,1,263
230002,1,263
230023,1,263
230053,1,263
230140,1,263
230183,1,263
230204,1,263
230230,1,263
230276,1,263
230293,1,263
230412,1,263
230541,1,263
230563,1,263
230599,1,263
230620,1,263
230655,1,263
230884,1,263
230927,1,263
231016,1,263
231051,1,263
231085,1,263
231087,1,263
231150,1,263
231303,1,263
231438,1,263
231481,1,263
231494,1,263
231534,1,263
231563,1,263
231599,1,263
231604,1,263
231626,1,263
231679,1,263
231806,1,263
231865,1,263
231915,1,263
231920,1,263
231963,1,263
232033,1,263
232047,1,263
232058,1,263
232070,1,263
232081,1,263
232088,1,263
232092,1,263
232136,1,263
232198,1,263
232209,1,263
232287,1,263
232330,1,263
232371,1,263
232405,1,263
232460,1,263
232539,1,263
232540,1,263
232581,1,263
232585,1,263
232774,1,263
232783,1,263
232786,1,263
233058,1,263
233122,1,263
233243,1,263
233250,1,263
233258,1,263
233319,1,263
233432,1,263
233483,1,263
233556,1,263
233557,1,263
233615,1,263
233690,1,263
233851,1,263
233855,1,263
233958,1,263
234006,1,263
234025,1,263
234072,1,263
234095,1,263
234181,1,263
234203,1,263
234215,1,263
234292,1,263
234328,1,263
234416,1,263
234434,1,263
234494,1,263
234675,1,263
234766,1,263
234877,1,263
234913,1,263
234915,1,263
235038,1,263
235131,1,263
235175,1,263
235350,1,263
235380,1,263
235397,1,263
235420,1,263
235494,1,263
235591,1,263
235679,1,263
235780,1,263
235828,1,263
235893,1,263
236007,1,263
236014,1,263
236015,1,263
236064,1,263
236109,1,263
236126,1,263
236155,1,263
236196,1,263
236304,1,263
236328,1,263
236412,1,263
236444,1,263
236471,1,263
236499,1,263
236547,1,263
236734,1,263
236947,1,263
237005,1,263
237010,1,263
237016,1,263
237021,1,263
237025,1,263
237031,1,263
237047,1,263
237055,1,263
237058,1,263
237085,1,263
237095,1,263
237097,1,263
237148,1,263
237153,1,263
237158,1,263
237177,1,263
237197,1,263
237212,1,263
237244,1,263
237257,1,263
237280,1,263
237292,1,263
237331,1,263
237378,1,263
237389,1,263
237433,1,263
237550,1,263
237577,1,263
237587,1,263
237597,1,263
237609,1,263
237634,1,263
237644,1,263
237661,1,263
237697,1,263
237712,1,263
237812,1,263
237813,1,263
237847,1,263
237852,1,263
238026,1,263
238091,1,263
238099,1,263
238183,1,263
238183,1,263
238208,1,263
238230,1,263
238280,1,263
238287,1,263
238294,1,263
238311,1,263
238347,1,263
238373,1,263
238375,1,263
238378,1,263
238405,1,263
238494,1,263
238571,1,263
238576,1,263
238656,1,263
238735,1,263
239204,1,263
239208,1,263
239233,1,263
239268,1,263
239291,1,263
239336,1,263
239469,1,263
239473,1,263
239670,1,263
239779,1,263
239794,1,263
239882,1,263
239914,1,263
239969,1,263
240003,1,263
240025,1,263
240029,1,263
240055,1,263
240085,1,263
240096,1,263
240102,1,263
240102,1,263
240147,1,263
240157,1,263
240205,1,263
240218,1,263
240247,1,263
240267,1,263
240281,1,263
240298,1,263
240380,1,263
240544,1,263
240545,1,263
240611,1,263
240669,1,263
240688,1,263
240693,1,263
240726,1,263
240779,1,263
240801,1,263
240906,1,263
240952,1,263
241033,1,263
241061,1,263
241063,1,263
241079,1,263
241158,1,263
241191,1,263
241192,1,263
241197,1,263
241221,1,263
241226,1,263
241248,1,263
241259,1,263
241342,1,263
241386,1,263
241405,1,263
241472,1,263
241563,1,263
241567,1,263
241580,1,263
241712,1,263
241772,1,263
241776,1,263
241901,1,263
241911,1,263
242051,1,263
242062,1,263
242104,1,263
242115,1,263
242132,1,263
242156,1,263
242273,1,263
242328,1,263
242338,1,263
242392,1,263
242417,1,263
242422,1,263
242475,1,263
242481,1,263
242560,1,263
242567,1,263
242579,1,263
242588,1,263
242597,1,263
242646,1,263
243086,1,263
243144,1,263
243145,1,263
243161,1,263
243173,1,263
243191,1,263
243274,1,263
243312,1,263
243326,1,263
243514,1,263
243519,1,263
243568,1,263
243661,1,263
243718,1,263
243725,1,263
243760,1,263
243761,1,263
243840,1,263
243847,1,263
243866,1,263
243869,1,263
243918,1,263
244010,1,263
244011,1,263
244202,1,263
244221,1,263
244277,1,263
244341,1,263
244361,1,263
244463,1,263
244503,1,263
244530,1,263
244543,1,263
244567,1,263
244583,1,263
244605,1,263
244805,1,263
244806,1,263
244809,1,263
244838,1,263
244913,1,263
244966,1,263
244984,1,263
244995,1,263
245011,1,263
245031,1,263
245066,1,263
245068,1,263
245071,1,263
245119,1,263
245222,1,263
245226,1,263
245268,1,263
245320,1,263
245323,1,263
245342,1,263
245366,1,263
245492,1,263
245650,1,263
245673,1,263
245680,1,263
245748,1,263
245822,1,263
246139,1,263
246170,1,263
246199,1,263
246230,1,263
246319,1,263
246323,1,263
246323,1,263
246362,1,263
246429,1,263
246450,1,263
246481,1,263
246553,1,263
246593,1,263
246609,1,263
246613,1,263
246627,1,263
246636,1,263
246722,1,263
246743,1,263
247033,1,263
247134,1,263
247147,1,263
247177,1,263
247484,1,263
247499,1,263
247501,1,263
247521,1,263
247535,1,263
247554,1,263
247654,1,263
247663,1,263
248009,1,263
248009,1,263
248022,1,263
248027,1,263
248055,1,263
248073,1,263
248128,1,263
248138,1,263
248152,1,263
248167,1,263
248322,1,263
248380,1,263
248411,1,263
248608,1,263
248687,1,263
248711,1,263
248853,1,263
248872,1,263
248893,1,263
249020,1,263
249065,1,263
249074,1,263
249097,1,263
249114,1,263
249128,1,263
249147,1,263
249181,1,263
249192,1,263
249207,1,263
249353,1,263
249353,1,263
249377,1,263
249397,1,263
249452,1,263
249454,1,263
249466,1,263
249468,1,263
249485,1,263
249516,1,263
249553,1,263
249559,1,263
249598,1,263
249683,1,263
249691,1,263
249784,1,263
249790,1,263
249792,1,263
250195,1,263
250201,1,263
250211,1,263
250245,1,263
250262,1,263
250267,1,263
250287,1,263
250291,1,263
250555,1,263
250705,1,263
250808,1,263
250910,1,263
250964,1,263
251056,1,263
251114,1,263
251115,1,263
251140,1,263
251184,1,263
251263,1,263
251268,1,263
251293,1,263
251316,1,263
251434,1,263
251534,1,263
251538,1,263
251583,1,263
251677,1,263
251679,1,263
251737,1,263
251786,1,263
251904,1,263
251957,1,263
252032,1,263
252436,1,263
252438,1,263
252460,1,263
252546,1,263
252729,1,263
252734,1,263
252744,1,263
252749,1,263
252764,1,263
252851,1,263
252882,1,263
252997,1,263
253002,1,263
253024,1,263
253060,1,263
253079,1,263
253080,1,263
253091,1,263
253107,1,263
253119,1,263
253132,1,263
253158,1,263
253161,1,263
253189,1,263
253267,1,263
253451,1,263
253465,1,263
253487,1,263
253493,1,263
253558,1,263
253595,1,263
253605,1,263
253858,1,263
253895,1,263
253955,1,263
254043,1,263
254079,1,263
254084,1,263
254092,1,263
254210,1,263
254237,1,263
254237,1,263
254285,1,263
254378,1,263
254399,1,263
254419,1,263
254469,1,263
254516,1,263
254557,1,263
254751,1,263
254867,1,263
255171,1,263
255296,1,263
255330,1,263
255377,1,263
255460,1,263
255488,1,263
255494,1,263
255503,1,263
255552,1,263
255639,1,263
255676,1,263
255683,1,263
255717,1,263
255750,1,263
255790,1,263
255864,1,263
256074,1,263
256135,1,263
256163,1,263
256203,1,263
256348,1,263
256422,1,263
256433,1,263
256471,1,263
256485,1,263
256500,1,263
256587,1,263
256674,1,263
256789,1,263
256880,1,263
256928,1,263
257007,1,263
257072,1,263
257087,1,263
257159,1,263
257186,1,263
257234,1,263
257238,1,263
257249,1,263
257291,1,263
257338,1,263
257398,1,263
257428,1,263
257449,1,263
257457,1,263
257505,1,263
257552,1,263
257659,1,263
257676,1,263
257731,1,263
257770,1,263
258020,1,263
258059,1,263
258108,1,263
258251,1,263
258373,1,263
258427,1,263
258566,1,263
258567,1,263
258582,1,263
258582,1,263
258661,1,263
258665,1,263
258697,1,263
258727,1,263
258753,1,263
258815,1,263
259030,1,263
259054,1,263
259080,1,263
259096,1,263
259111,1,263
259344,1,263
259363,1,263
259376,1,263
259479,1,263
259733,1,263
259904,1,263
259983,1,263
260086,1,263
260114,1,263
260185,1,263
260242,1,263
260244,1,263
260290,1,263
260397,1,263
260413,1,263
260486,1,263
260494,1,263
260707,1,263
260730,1,263
260738,1,263
260794,1,263
260807,1,263
260825,1,263
260825,1,263
261067,1,263
261074,1,263
261076,1,263
261077,1,263
261141,1,263
261149,1,263
261149,1,263
261152,1,263
261163,1,263
261211,1,263
261316,1,263
261406,1,263
261426,1,263
261503,1,263
261544,1,263
261578,1,263
261620,1,263
261686,1,263
261804,1,263
261818,1,263
261851,1,263
262029,1,263
262066,1,263
262085,1,263
262102,1,263
262203,1,263
262273,1,263
262403,1,263
262529,1,263
262681,1,263
262725,1,263
262838,1,263
263075,1,263
263109,1,263
263123,1,263
263222,1,263
263234,1,263
263335,1,263
263461,1,263
263557,1,263
263663,1,263
263734,1,263
263824,1,263
263830,1,263
263853,1,263
264079,1,263
264166,1,263
264174,1,263
264200,1,263
264375,1,263
264376,1,263
264435,1,263
264636,1,263
264673,1,263
264684,1,263
265016,1,263
265066,1,263
265175,1,263
265204,1,263
265232,1,263
265266,1,263
265399,1,263
265818,1,263
266024,1,263
266031,1,263
266073,1,263
266161,1,263
266358,1,263
266467,1,263
266587,1,263
266601,1,263
266620,1,263
266701,1,263
266762,1,263
266911,1,263
267030,1,263
267273,1,263
267348,1,263
267388,1,263
267404,1,263
267433,1,263
267486,1,263
267495,1,263
267612,1,263
268128,1,263
268318,1,263
268385,1,263
268612,1,263
268628,1,263
268651,1,263
268731,1,263
268740,1,263
268882,1,263
269184,1,263
269373,1,263
269373,1,263
269620,1,263
269777,1,263
269884,1,263
270066,1,263
270069,1,263
270092,1,263
270149,1,263
270678,1,263
270857,1,263
271007,1,263
271044,1,263
271087,1,263
271178,1,263
271201,1,263
271400,1,263
271764,1,263
272077,1,263
272085,1,263
272408,1,263
272616,1,263
273106,1,263
273491,1,263
273883,1,263
273895,1,263
273972,1,263
273977,1,263
274010,1,263
274094,1,263
274416,1,263
274504,1,263
274687,1,263
275039,1,263
275193,1,263
275207,1,263
275409,1,263
275701,1,263
275928,1,263
276132,1,263
276170,1,263
276179,1,263
276197,1,263
276301,1,263
276324,1,263
276416,1,263
277373,1,263
277408,1,263
277663,1,263
277787,1,263
278905,1,263
279332,1,263
279386,1,263
279593,1,263
279761,1,263
280747,1,263
280822,1,263
280894,1,263
281032,1,263
281042,1,263
281074,1,263
281112,1,263
281442,1,263
282078,1,263
282247,1,263
282408,1,263
282467,1,263
282901,1,263
283099,1,263
283104,1,263
283146,1,263
283275,1,263
283376,1,263
283518,1,263
283530,1,263
283562,1,263
283762,1,263
283771,1,263
283906,1,263
283962,1,263
284014,1,263
284022,1,263
284038,1,263
284124,1,263
284130,1,263
284188,1,263
284226,1,263
284593,1,263
284896,1,263
284962,1,263
285034,1,263
285133,1,263
285173,1,263
285192,1,263
285286,1,263
285289,1,263
285646,1,263
285741,1,263
286834,1,263
286968,1,263
287193,1,263
287296,1,263
287368,1,263
287554,1,263
287691,1,263
287701,1,263
287890,1,263
288228,1,263
288251,1,263
288296,1,263
288349,1,263
288585,1,263
288888,1,263
288979,1,263
289053,1,263
289073,1,263
289350,1,263
289551,1,263
289607,1,263
290102,1,263
290303,1,263
291282,1,263
291572,1,263
291720,1,263
