10,1,1050
14,1,1050
57,1,1050
154,1,1050
401,1,1050
503,1,1050
941,1,1050
1014,1,1050
1072,1,1050
1208,1,1050
1309,1,1050
1516,1,1050
1898,1,1050
2002,1,1050
2053,1,1050
2255,1,1050
2359,1,1050
2541,1,1050
2763,1,1050
3043,1,1050
3058,1,1050
3283,1,1050
3332,1,1050
3364,1,1050
3392,1,1050
3495,1,1050
3528,1,1050
3553,1,1050
4416,1,1050
4511,1,1050
4593,1,1050
4704,1,1050
4713,1,1050
4776,1,1050
4791,1,1050
4795,1,1050
5100,1,1050
5247,1,1050
5325,1,1050
5477,1,1050
5553,1,1050
6054,1,1050
6114,1,1050
6316,1,1050
6508,1,1050
6907,1,1050
7028,1,1050
7140,1,1050
7352,1,1050
7354,1,1050
7384,1,1050
7477,1,1050
7945,1,1050
8023,1,1050
8150,1,1050
8304,1,1050
8350,1,1050
9086,1,1050
9116,1,1050
9147,1,1050
9179,1,1050
9199,1,1050
9279,1,1050
9329,1,1050
9401,1,1050
9434,1,1050
9440,1,1050
9465,1,1050
9526,1,1050
9571,1,1050
9754,1,1050
9781,1,1050
10004,1,1050
10074,1,1050
10116,1,1050
10279,1,1050
10673,1,1050
10805,1,1050
10909,1,1050
11006,1,1050
11131,1,1050
11137,1,1050
11205,1,1050
11208,1,1050
11304,1,1050
11326,1,1050
11627,1,1050
11838,1,1050
11929,1,1050
12024,1,1050
12064,1,1050
12324,1,1050
12496,1,1050
12764,1,1050
12784,1,1050
12787,1,1050
12843,1,1050
12890,1,1050
13130,1,1050
13444,1,1050
13702,1,1050
13770,1,1050
13809,1,1050
13952,1,1050
14052,1,1050
14056,1,1050
14112,1,1050
14114,1,1050
14159,1,1050
14176,1,1050
14197,1,1050
14225,1,1050
14302,1,1050
14378,1,1050
14474,1,1050
14545,1,1050
14874,1,1050
15020,1,1050
15136,1,1050
15145,1,1050
15842,1,1050
15979,1,1050
16027,1,1050
16140,1,1050
16234,1,1050
16753,1,1050
16777,1,1050
17191,1,1050
17355,1,1050
17440,1,1050
17477,1,1050
17707,1,1050
18461,1,1050
19553,1,1050
19779,1,1050
19867,1,1050
20467,1,1050
20479,1,1050
20498,1,1050
20666,1,1050
20833,1,1050
21090,1,1050
21106,1,1050
21439,1,1050
21490,1,1050
21530,1,1050
21537,1,1050
21574,1,1050
21580,1,1050
21584,1,1050
21596,1,1050
21629,1,1050
21633,1,1050
21692,1,1050
21798,1,1050
21801,1,1050
21807,1,1050
21810,1,1050
21812,1,1050
22027,1,1050
22061,1,1050
22260,1,1050
22313,1,1050
22347,1,1050
22389,1,1050
22395,1,1050
22466,1,1050
22477,1,1050
22482,1,1050
22502,1,1050
23089,1,1050
23267,1,1050
23541,1,1050
23644,1,1050
23657,1,1050
23886,1,1050
23927,1,1050
24072,1,1050
24126,1,1050
24157,1,1050
24232,1,1050
24234,1,1050
24253,1,1050
24291,1,1050
24319,1,1050
24592,1,1050
24611,1,1050
24622,1,1050
24674,1,1050
24702,1,1050
25078,1,1050
25233,1,1050
25512,1,1050
25555,1,1050
25671,1,1050
26000,1,1050
26102,1,1050
26149,1,1050
26198,1,1050
26215,1,1050
26570,1,1050
26586,1,1050
27085,1,1050
27281,1,1050
27296,1,1050
27338,1,1050
27671,1,1050
27736,1,1050
27870,1,1050
27910,1,1050
27932,1,1050
28090,1,1050
28370,1,1050
28381,1,1050
28440,1,1050
28468,1,1050
28642,1,1050
28856,1,1050
28905,1,1050
29104,1,1050
29159,1,1050
29228,1,1050
29255,1,1050
29448,1,1050
29491,1,1050
29540,1,1050
29559,1,1050
29957,1,1050
30101,1,1050
30219,1,1050
30331,1,1050
30359,1,1050
30787,1,1050
30930,1,1050
31062,1,1050
31081,1,1050
31104,1,1050
31130,1,1050
31450,1,1050
31563,1,1050
32248,1,1050
32397,1,1050
32414,1,1050
32658,1,1050
33062,1,1050
33063,1,1050
33063,1,1050
33106,1,1050
33116,1,1050
33206,1,1050
33295,1,1050
33340,1,1050
33405,1,1050
33423,1,1050
33427,1,1050
33429,1,1050
33436,1,1050
33438,1,1050
33457,1,1050
33489,1,1050
33513,1,1050
33552,1,1050
33572,1,1050
33584,1,1050
33615,1,1050
33624,1,1050
33648,1,1050
33762,1,1050
33781,1,1050
33799,1,1050
34003,1,1050
34050,1,1050
34074,1,1050
34149,1,1050
34185,1,1050
34188,1,1050
34258,1,1050
34276,1,1050
34303,1,1050
34382,1,1050
34400,1,1050
34444,1,1050
34456,1,1050
34522,1,1050
34576,1,1050
35060,1,1050
35168,1,1050
35177,1,1050
35254,1,1050
35271,1,1050
35450,1,1050
35548,1,1050
35609,1,1050
35719,1,1050
35752,1,1050
35771,1,1050
35786,1,1050
36069,1,1050
36074,1,1050
36192,1,1050
36281,1,1050
36529,1,1050
36564,1,1050
36709,1,1050
36716,1,1050
37069,1,1050
37119,1,1050
37156,1,1050
37159,1,1050
37322,1,1050
37420,1,1050
37549,1,1050
37690,1,1050
37837,1,1050
37879,1,1050
37937,1,1050
38008,1,1050
38208,1,1050
38222,1,1050
38274,1,1050
38294,1,1050
38518,1,1050
38596,1,1050
38683,1,1050
38753,1,1050
38888,1,1050
39041,1,1050
39075,1,1050
39283,1,1050
39290,1,1050
39430,1,1050
39495,1,1050
39583,1,1050
39599,1,1050
39688,1,1050
39724,1,1050
39727,1,1050
39936,1,1050
39959,1,1050
40112,1,1050
40128,1,1050
40303,1,1050
40360,1,1050
40369,1,1050
40390,1,1050
40419,1,1050
40443,1,1050
40496,1,1050
40628,1,1050
40634,1,1050
40677,1,1050
40719,1,1050
40729,1,1050
40748,1,1050
41002,1,1050
41021,1,1050
41052,1,1050
41116,1,1050
41176,1,1050
41196,1,1050
41274,1,1050
41546,1,1050
41562,1,1050
41646,1,1050
41818,1,1050
42197,1,1050
42382,1,1050
42393,1,1050
42399,1,1050
42401,1,1050
42577,1,1050
42617,1,1050
42653,1,1050
42692,1,1050
43066,1,1050
43491,1,1050
43760,1,1050
43965,1,1050
43969,1,1050
44176,1,1050
44209,1,1050
44224,1,1050
44249,1,1050
44323,1,1050
44333,1,1050
44340,1,1050
44376,1,1050
44397,1,1050
44473,1,1050
44506,1,1050
44572,1,1050
44609,1,1050
44796,1,1050
45006,1,1050
45060,1,1050
45064,1,1050
45088,1,1050
45094,1,1050
45098,1,1050
45132,1,1050
45180,1,1050
45183,1,1050
45184,1,1050
45199,1,1050
45214,1,1050
45264,1,1050
45282,1,1050
45288,1,1050
45359,1,1050
45361,1,1050
45404,1,1050
45430,1,1050
45459,1,1050
45461,1,1050
45494,1,1050
45541,1,1050
45544,1,1050
45572,1,1050
45582,1,1050
45613,1,1050
45629,1,1050
45658,1,1050
45720,1,1050
46064,1,1050
46119,1,1050
46138,1,1050
46146,1,1050
46158,1,1050
46171,1,1050
46174,1,1050
46187,1,1050
46204,1,1050
46230,1,1050
46242,1,1050
46275,1,1050
46434,1,1050
46565,1,1050
46590,1,1050
46611,1,1050
46633,1,1050
46657,1,1050
46673,1,1050
46782,1,1050
46801,1,1050
46980,1,1050
47032,1,1050
47090,1,1050
47126,1,1050
47140,1,1050
47182,1,1050
47258,1,1050
47261,1,1050
47270,1,1050
47321,1,1050
47358,1,1050
47362,1,1050
47418,1,1050
47581,1,1050
47630,1,1050
47637,1,1050
47689,1,1050
47758,1,1050
47788,1,1050
47863,1,1050
47872,1,1050
47883,1,1050
47927,1,1050
47955,1,1050
47967,1,1050
48016,1,1050
48023,1,1050
48073,1,1050
48138,1,1050
48159,1,1050
48363,1,1050
48436,1,1050
48455,1,1050
48463,1,1050
48582,1,1050
48616,1,1050
48635,1,1050
48660,1,1050
48725,1,1050
48745,1,1050
48752,1,1050
48868,1,1050
48898,1,1050
48958,1,1050
48984,1,1050
48999,1,1050
49043,1,1050
49074,1,1050
49095,1,1050
49207,1,1050
49211,1,1050
49213,1,1050
49456,1,1050
49477,1,1050
49535,1,1050
49542,1,1050
49544,1,1050
49547,1,1050
49563,1,1050
49661,1,1050
49879,1,1050
50021,1,1050
50082,1,1050
50084,1,1050
50119,1,1050
50129,1,1050
50140,1,1050
50149,1,1050
50190,1,1050
50205,1,1050
50258,1,1050
50272,1,1050
50390,1,1050
50409,1,1050
50556,1,1050
50573,1,1050
50730,1,1050
50814,1,1050
50910,1,1050
50926,1,1050
50946,1,1050
50952,1,1050
50975,1,1050
51015,1,1050
51074,1,1050
51105,1,1050
51164,1,1050
51189,1,1050
51210,1,1050
51226,1,1050
51265,1,1050
51290,1,1050
51292,1,1050
51296,1,1050
51298,1,1050
51352,1,1050
51365,1,1050
51371,1,1050
51401,1,1050
51431,1,1050
51519,1,1050
51560,1,1050
51571,1,1050
51583,1,1050
51631,1,1050
51691,1,1050
51705,1,1050
51800,1,1050
51834,1,1050
51948,1,1050
51953,1,1050
51971,1,1050
52032,1,1050
52065,1,1050
52098,1,1050
52134,1,1050
52270,1,1050
52361,1,1050
52437,1,1050
52438,1,1050
52451,1,1050
52510,1,1050
52553,1,1050
52555,1,1050
52566,1,1050
52587,1,1050
52606,1,1050
52616,1,1050
52686,1,1050
52805,1,1050
52807,1,1050
52873,1,1050
52975,1,1050
53063,1,1050
53110,1,1050
53116,1,1050
53347,1,1050
53385,1,1050
53404,1,1050
53427,1,1050
53474,1,1050
53514,1,1050
53523,1,1050
53535,1,1050
53536,1,1050
53559,1,1050
53577,1,1050
53792,1,1050
53873,1,1050
53927,1,1050
53989,1,1050
54008,1,1050
54048,1,1050
54068,1,1050
54155,1,1050
54193,1,1050
54198,1,1050
54263,1,1050
54292,1,1050
54436,1,1050
54483,1,1050
54530,1,1050
54567,1,1050
54675,1,1050
54682,1,1050
54858,1,1050
54870,1,1050
54883,1,1050
54947,1,1050
54950,1,1050
55027,1,1050
55136,1,1050
55144,1,1050
55172,1,1050
55214,1,1050
55218,1,1050
55282,1,1050
55414,1,1050
55432,1,1050
55451,1,1050
55480,1,1050
55508,1,1050
55539,1,1050
55565,1,1050
55565,1,1050
55588,1,1050
55675,1,1050
55811,1,1050
55900,1,1050
55961,1,1050
55998,1,1050
56021,1,1050
56049,1,1050
56051,1,1050
56060,1,1050
56084,1,1050
56097,1,1050
56107,1,1050
56199,1,1050
56212,1,1050
56223,1,1050
56250,1,1050
56257,1,1050
56311,1,1050
56422,1,1050
56471,1,1050
56500,1,1050
56524,1,1050
56543,1,1050
56617,1,1050
56624,1,1050
56630,1,1050
57028,1,1050
57118,1,1050
57135,1,1050
57179,1,1050
57205,1,1050
57215,1,1050
57264,1,1050
57339,1,1050
57441,1,1050
57449,1,1050
57450,1,1050
57472,1,1050
57475,1,1050
57533,1,1050
57558,1,1050
57575,1,1050
57671,1,1050
57680,1,1050
57714,1,1050
57736,1,1050
57795,1,1050
57858,1,1050
57886,1,1050
57954,1,1050
57966,1,1050
57992,1,1050
58008,1,1050
58015,1,1050
58095,1,1050
58107,1,1050
58114,1,1050
58135,1,1050
58147,1,1050
58171,1,1050
58172,1,1050
58239,1,1050
58245,1,1050
58306,1,1050
58307,1,1050
58354,1,1050
58354,1,1050
58354,1,1050
58359,1,1050
58373,1,1050
58397,1,1050
58397,1,1050
58402,1,1050
58418,1,1050
58424,1,1050
58428,1,1050
58433,1,1050
58434,1,1050
58451,1,1050
58513,1,1050
58538,1,1050
58595,1,1050
58660,1,1050
58703,1,1050
58719,1,1050
58720,1,1050
58747,1,1050
58758,1,1050
58764,1,1050
58767,1,1050
58865,1,1050
58875,1,1050
58954,1,1050
58999,1,1050
59000,1,1050
59005,1,1050
59014,1,1050
59048,1,1050
59049,1,1050
59130,1,1050
59139,1,1050
59162,1,1050
59247,1,1050
59289,1,1050
59309,1,1050
59335,1,1050
59352,1,1050
59361,1,1050
59436,1,1050
59462,1,1050
59473,1,1050
59526,1,1050
59560,1,1050
59563,1,1050
59578,1,1050
59668,1,1050
59690,1,1050
59694,1,1050
59715,1,1050
59755,1,1050
59814,1,1050
59817,1,1050
59831,1,1050
59834,1,1050
59917,1,1050
59918,1,1050
60026,1,1050
60075,1,1050
60302,1,1050
60321,1,1050
60399,1,1050
60424,1,1050
60441,1,1050
60447,1,1050
60457,1,1050
60547,1,1050
60554,1,1050
60670,1,1050
60688,1,1050
60689,1,1050
60704,1,1050
60743,1,1050
60771,1,1050
60774,1,1050
60790,1,1050
60863,1,1050
60881,1,1050
60902,1,1050
60904,1,1050
60951,1,1050
60986,1,1050
60987,1,1050
61018,1,1050
61032,1,1050
61060,1,1050
61086,1,1050
61122,1,1050
61211,1,1050
61224,1,1050
61246,1,1050
61263,1,1050
61270,1,1050
61276,1,1050
61278,1,1050
61322,1,1050
61373,1,1050
61424,1,1050
61430,1,1050
61446,1,1050
61500,1,1050
61512,1,1050
61520,1,1050
61555,1,1050
61606,1,1050
61626,1,1050
61632,1,1050
61667,1,1050
61697,1,1050
61717,1,1050
61758,1,1050
61799,1,1050
62044,1,1050
62103,1,1050
62188,1,1050
62197,1,1050
62215,1,1050
62270,1,1050
62277,1,1050
62331,1,1050
62373,1,1050
62385,1,1050
62403,1,1050
62412,1,1050
62447,1,1050
62460,1,1050
62488,1,1050
62596,1,1050
62597,1,1050
62636,1,1050
62717,1,1050
62769,1,1050
62844,1,1050
62862,1,1050
62926,1,1050
62938,1,1050
62973,1,1050
62990,1,1050
63009,1,1050
63016,1,1050
63072,1,1050
63072,1,1050
63074,1,1050
63083,1,1050
63106,1,1050
63124,1,1050
63131,1,1050
63136,1,1050
63142,1,1050
63156,1,1050
63175,1,1050
63196,1,1050
63200,1,1050
63267,1,1050
63319,1,1050
63330,1,1050
63363,1,1050
63377,1,1050
63409,1,1050
63433,1,1050
63474,1,1050
63490,1,1050
63571,1,1050
63632,1,1050
63687,1,1050
63782,1,1050
63805,1,1050
63809,1,1050
63847,1,1050
64033,1,1050
64089,1,1050
64100,1,1050
64128,1,1050
64160,1,1050
64204,1,1050
64262,1,1050
64302,1,1050
64317,1,1050
64319,1,1050
64342,1,1050
64451,1,1050
64451,1,1050
64468,1,1050
64527,1,1050
64690,1,1050
64703,1,1050
64706,1,1050
64709,1,1050
64725,1,1050
64726,1,1050
64741,1,1050
64777,1,1050
64810,1,1050
64842,1,1050
64966,1,1050
64966,1,1050
64967,1,1050
64986,1,1050
65001,1,1050
65027,1,1050
65050,1,1050
65086,1,1050
65118,1,1050
65229,1,1050
65230,1,1050
65241,1,1050
65253,1,1050
65274,1,1050
65323,1,1050
65332,1,1050
65335,1,1050
65361,1,1050
65371,1,1050
65378,1,1050
65441,1,1050
65512,1,1050
65529,1,1050
65533,1,1050
65553,1,1050
65582,1,1050
65583,1,1050
65604,1,1050
65636,1,1050
65649,1,1050
65672,1,1050
65712,1,1050
66224,1,1050
66233,1,1050
66307,1,1050
66318,1,1050
66346,1,1050
66354,1,1050
66367,1,1050
66378,1,1050
66413,1,1050
66448,1,1050
66464,1,1050
66499,1,1050
66506,1,1050
66514,1,1050
66583,1,1050
66609,1,1050
66700,1,1050
66722,1,1050
66725,1,1050
66744,1,1050
66824,1,1050
66850,1,1050
66899,1,1050
66915,1,1050
66959,1,1050
66977,1,1050
67028,1,1050
67041,1,1050
67091,1,1050
67138,1,1050
67191,1,1050
67262,1,1050
67319,1,1050
67522,1,1050
67532,1,1050
67560,1,1050
67573,1,1050
67590,1,1050
67660,1,1050
67710,1,1050
67718,1,1050
67760,1,1050
67764,1,1050
67848,1,1050
67857,1,1050
68001,1,1050
68010,1,1050
68019,1,1050
68022,1,1050
68034,1,1050
68047,1,1050
68050,1,1050
68055,1,1050
68056,1,1050
68083,1,1050
68090,1,1050
68108,1,1050
68115,1,1050
68146,1,1050
68150,1,1050
68158,1,1050
68262,1,1050
68412,1,1050
68422,1,1050
68500,1,1050
68543,1,1050
68660,1,1050
68692,1,1050
68697,1,1050
68729,1,1050
68758,1,1050
68838,1,1050
68857,1,1050
68869,1,1050
68897,1,1050
68898,1,1050
68929,1,1050
68939,1,1050
69009,1,1050
69022,1,1050
69030,1,1050
69033,1,1050
69039,1,1050
69061,1,1050
69068,1,1050
69071,1,1050
69075,1,1050
69076,1,1050
69103,1,1050
69108,1,1050
69109,1,1050
69167,1,1050
69175,1,1050
69208,1,1050
69208,1,1050
69243,1,1050
69275,1,1050
69326,1,1050
69337,1,1050
69347,1,1050
69353,1,1050
69360,1,1050
69384,1,1050
69390,1,1050
69435,1,1050
69475,1,1050
69495,1,1050
69501,1,1050
69525,1,1050
69584,1,1050
69587,1,1050
69605,1,1050
69638,1,1050
69644,1,1050
69649,1,1050
69659,1,1050
69664,1,1050
69666,1,1050
69715,1,1050
69772,1,1050
69800,1,1050
69806,1,1050
69822,1,1050
69854,1,1050
69889,1,1050
69892,1,1050
69903,1,1050
69908,1,1050
69937,1,1050
69942,1,1050
69982,1,1050
70001,1,1050
70007,1,1050
70008,1,1050
70009,1,1050
70033,1,1050
70039,1,1050
70048,1,1050
70049,1,1050
70062,1,1050
70089,1,1050
70104,1,1050
70130,1,1050
70130,1,1050
70139,1,1050
70147,1,1050
70159,1,1050
70163,1,1050
70192,1,1050
70223,1,1050
70250,1,1050
70272,1,1050
70287,1,1050
70287,1,1050
70379,1,1050
70382,1,1050
70397,1,1050
70432,1,1050
70459,1,1050
70459,1,1050
70499,1,1050
70545,1,1050
70582,1,1050
70585,1,1050
70643,1,1050
70648,1,1050
70665,1,1050
70730,1,1050
70756,1,1050
70764,1,1050
70776,1,1050
70800,1,1050
70818,1,1050
70831,1,1050
70841,1,1050
70853,1,1050
70865,1,1050
70874,1,1050
70881,1,1050
70897,1,1050
70973,1,1050
70977,1,1050
71045,1,1050
71095,1,1050
71108,1,1050
71151,1,1050
71172,1,1050
71175,1,1050
71182,1,1050
71215,1,1050
71227,1,1050
71238,1,1050
71264,1,1050
71286,1,1050
71315,1,1050
71378,1,1050
71406,1,1050
71424,1,1050
71503,1,1050
71513,1,1050
71513,1,1050
71564,1,1050
71604,1,1050
71634,1,1050
71663,1,1050
71677,1,1050
71767,1,1050
71784,1,1050
71828,1,1050
71909,1,1050
71962,1,1050
72012,1,1050
72014,1,1050
72049,1,1050
72056,1,1050
72063,1,1050
72076,1,1050
72101,1,1050
72106,1,1050
72119,1,1050
72122,1,1050
72123,1,1050
72143,1,1050
72144,1,1050
72188,1,1050
72193,1,1050
72201,1,1050
72209,1,1050
72213,1,1050
72230,1,1050
72234,1,1050
72239,1,1050
72269,1,1050
72280,1,1050
72303,1,1050
72343,1,1050
72353,1,1050
72382,1,1050
72389,1,1050
72402,1,1050
72461,1,1050
72519,1,1050
72520,1,1050
72527,1,1050
72529,1,1050
72556,1,1050
72667,1,1050
72674,1,1050
72702,1,1050
72703,1,1050
72716,1,1050
72722,1,1050
72732,1,1050
72737,1,1050
72783,1,1050
72785,1,1050
72808,1,1050
72818,1,1050
72844,1,1050
72876,1,1050
72923,1,1050
72926,1,1050
72937,1,1050
72968,1,1050
73004,1,1050
73012,1,1050
73019,1,1050
73023,1,1050
73051,1,1050
73099,1,1050
73146,1,1050
73171,1,1050
73180,1,1050
73200,1,1050
73207,1,1050
73207,1,1050
73215,1,1050
73237,1,1050
73287,1,1050
73294,1,1050
73318,1,1050
73399,1,1050
73429,1,1050
73435,1,1050
73461,1,1050
73464,1,1050
73477,1,1050
73486,1,1050
73496,1,1050
73509,1,1050
73560,1,1050
73572,1,1050
73586,1,1050
73594,1,1050
73599,1,1050
73650,1,1050
73705,1,1050
73720,1,1050
73728,1,1050
73730,1,1050
73749,1,1050
73759,1,1050
73764,1,1050
73793,1,1050
73799,1,1050
74021,1,1050
74039,1,1050
74047,1,1050
74048,1,1050
74053,1,1050
74063,1,1050
74084,1,1050
74092,1,1050
74106,1,1050
74144,1,1050
74276,1,1050
74289,1,1050
74340,1,1050
74419,1,1050
74482,1,1050
74686,1,1050
74712,1,1050
74738,1,1050
74752,1,1050
74780,1,1050
74809,1,1050
74847,1,1050
74861,1,1050
74865,1,1050
74948,1,1050
74992,1,1050
75012,1,1050
75028,1,1050
75043,1,1050
75044,1,1050
75045,1,1050
75049,1,1050
75059,1,1050
75060,1,1050
75065,1,1050
75067,1,1050
75074,1,1050
75075,1,1050
75089,1,1050
75107,1,1050
75115,1,1050
75124,1,1050
75142,1,1050
75150,1,1050
75161,1,1050
75181,1,1050
75227,1,1050
75245,1,1050
75304,1,1050
75304,1,1050
75309,1,1050
75354,1,1050
75357,1,1050
75372,1,1050
75374,1,1050
75375,1,1050
75375,1,1050
75385,1,1050
75443,1,1050
75539,1,1050
75552,1,1050
75562,1,1050
75567,1,1050
75587,1,1050
75610,1,1050
75623,1,1050
75658,1,1050
75704,1,1050
75710,1,1050
75710,1,1050
75737,1,1050
75739,1,1050
75797,1,1050
75817,1,1050
75817,1,1050
75900,1,1050
75941,1,1050
75948,1,1050
75993,1,1050
76001,1,1050
76013,1,1050
76017,1,1050
76018,1,1050
76025,1,1050
76037,1,1050
76074,1,1050
76111,1,1050
76165,1,1050
76191,1,1050
76228,1,1050
76234,1,1050
76241,1,1050
76254,1,1050
76276,1,1050
76309,1,1050
76318,1,1050
76355,1,1050
76358,1,1050
76369,1,1050
76386,1,1050
76391,1,1050
76407,1,1050
76435,1,1050
76449,1,1050
76450,1,1050
76461,1,1050
76573,1,1050
76698,1,1050
76698,1,1050
76728,1,1050
76759,1,1050
76785,1,1050
76838,1,1050
76845,1,1050
76864,1,1050
76872,1,1050
76976,1,1050
76983,1,1050
76994,1,1050
77022,1,1050
77032,1,1050
77036,1,1050
77068,1,1050
77082,1,1050
77098,1,1050
77108,1,1050
77115,1,1050
77178,1,1050
77218,1,1050
77285,1,1050
77289,1,1050
77302,1,1050
77362,1,1050
77378,1,1050
77387,1,1050
77401,1,1050
77407,1,1050
77509,1,1050
77532,1,1050
77556,1,1050
77561,1,1050
77570,1,1050
77587,1,1050
77607,1,1050
77625,1,1050
77665,1,1050
77741,1,1050
77746,1,1050
77775,1,1050
77781,1,1050
77782,1,1050
77800,1,1050
77831,1,1050
77869,1,1050
77878,1,1050
77900,1,1050
77944,1,1050
77966,1,1050
78041,1,1050
78044,1,1050
78055,1,1050
78062,1,1050
78117,1,1050
78123,1,1050
78135,1,1050
78141,1,1050
78239,1,1050
78259,1,1050
78270,1,1050
78283,1,1050
78330,1,1050
78339,1,1050
78353,1,1050
78368,1,1050
78385,1,1050
78438,1,1050
78440,1,1050
78445,1,1050
78452,1,1050
78463,1,1050
78569,1,1050
78594,1,1050
78608,1,1050
78609,1,1050
78609,1,1050
78611,1,1050
78621,1,1050
78654,1,1050
78654,1,1050
78690,1,1050
78721,1,1050
78723,1,1050
78792,1,1050
78806,1,1050
78807,1,1050
78812,1,1050
78886,1,1050
78915,1,1050
78923,1,1050
78944,1,1050
78966,1,1050
79032,1,1050
79043,1,1050
79091,1,1050
79148,1,1050
79211,1,1050
79218,1,1050
79251,1,1050
79266,1,1050
79283,1,1050
79293,1,1050
79344,1,1050
79359,1,1050
79369,1,1050
79418,1,1050
79448,1,1050
79500,1,1050
79510,1,1050
79516,1,1050
79598,1,1050
79644,1,1050
79648,1,1050
79655,1,1050
79661,1,1050
79664,1,1050
79673,1,1050
79678,1,1050
79688,1,1050
79699,1,1050
79707,1,1050
79720,1,1050
79741,1,1050
79758,1,1050
79767,1,1050
79796,1,1050
79827,1,1050
79894,1,1050
79906,1,1050
79944,1,1050
79979,1,1050
80001,1,1050
80039,1,1050
80105,1,1050
80108,1,1050
80118,1,1050
80137,1,1050
80145,1,1050
80163,1,1050
80178,1,1050
80183,1,1050
80212,1,1050
80215,1,1050
80266,1,1050
80300,1,1050
80309,1,1050
80370,1,1050
80400,1,1050
80428,1,1050
80442,1,1050
80446,1,1050
80471,1,1050
80474,1,1050
80483,1,1050
80500,1,1050
80505,1,1050
80529,1,1050
80541,1,1050
80558,1,1050
80606,1,1050
80610,1,1050
80640,1,1050
80681,1,1050
80700,1,1050
80723,1,1050
80727,1,1050
80767,1,1050
80806,1,1050
80882,1,1050
80906,1,1050
81012,1,1050
81026,1,1050
81038,1,1050
81049,1,1050
81056,1,1050
81107,1,1050
81138,1,1050
81141,1,1050
81155,1,1050
81167,1,1050
81168,1,1050
81187,1,1050
81192,1,1050
81241,1,1050
81291,1,1050
81371,1,1050
81400,1,1050
81400,1,1050
81431,1,1050
81447,1,1050
81447,1,1050
81469,1,1050
81487,1,1050
81504,1,1050
81510,1,1050
81584,1,1050
81588,1,1050
81589,1,1050
81631,1,1050
81648,1,1050
81650,1,1050
81726,1,1050
81735,1,1050
81743,1,1050
81765,1,1050
81769,1,1050
81799,1,1050
81805,1,1050
81814,1,1050
81820,1,1050
81821,1,1050
81836,1,1050
81879,1,1050
81903,1,1050
81950,1,1050
81955,1,1050
81958,1,1050
81959,1,1050
81966,1,1050
82001,1,1050
82008,1,1050
82013,1,1050
82022,1,1050
82037,1,1050
82039,1,1050
82048,1,1050
82055,1,1050
82058,1,1050
82059,1,1050
82084,1,1050
82084,1,1050
82085,1,1050
82089,1,1050
82094,1,1050
82103,1,1050
82120,1,1050
82149,1,1050
82173,1,1050
82184,1,1050
82284,1,1050
82285,1,1050
82367,1,1050
82421,1,1050
82445,1,1050
82453,1,1050
82457,1,1050
82458,1,1050
82461,1,1050
82489,1,1050
82528,1,1050
82540,1,1050
82559,1,1050
82574,1,1050
82582,1,1050
82583,1,1050
82586,1,1050
82621,1,1050
82663,1,1050
82697,1,1050
82712,1,1050
82719,1,1050
82734,1,1050
82755,1,1050
82780,1,1050
82822,1,1050
82830,1,1050
82839,1,1050
82845,1,1050
82901,1,1050
82905,1,1050
82906,1,1050
82907,1,1050
83004,1,1050
83036,1,1050
83044,1,1050
83077,1,1050
83080,1,1050
83109,1,1050
83115,1,1050
83118,1,1050
83141,1,1050
83150,1,1050
83154,1,1050
83156,1,1050
83176,1,1050
83259,1,1050
83268,1,1050
83288,1,1050
83295,1,1050
83295,1,1050
83302,1,1050
83338,1,1050
83351,1,1050
83358,1,1050
83391,1,1050
83471,1,1050
83481,1,1050
83488,1,1050
83544,1,1050
83623,1,1050
83682,1,1050
83683,1,1050
83725,1,1050
83760,1,1050
83777,1,1050
83784,1,1050
83817,1,1050
83820,1,1050
83824,1,1050
83849,1,1050
83874,1,1050
83909,1,1050
83910,1,1050
83949,1,1050
83976,1,1050
83976,1,1050
83986,1,1050
84006,1,1050
84025,1,1050
84044,1,1050
84055,1,1050
84068,1,1050
84088,1,1050
84155,1,1050
84158,1,1050
84221,1,1050
84253,1,1050
84292,1,1050
84299,1,1050
84305,1,1050
84314,1,1050
84325,1,1050
84355,1,1050
84368,1,1050
84395,1,1050
84423,1,1050
84429,1,1050
84433,1,1050
84502,1,1050
84510,1,1050
84566,1,1050
84577,1,1050
84582,1,1050
84593,1,1050
84636,1,1050
84670,1,1050
84697,1,1050
84742,1,1050
84750,1,1050
84770,1,1050
84778,1,1050
84835,1,1050
84851,1,1050
84852,1,1050
84865,1,1050
84871,1,1050
84881,1,1050
84899,1,1050
84902,1,1050
84948,1,1050
84978,1,1050
84996,1,1050
85011,1,1050
85018,1,1050
85021,1,1050
85028,1,1050
85042,1,1050
85067,1,1050
85091,1,1050
85111,1,1050
85135,1,1050
85153,1,1050
85175,1,1050
85183,1,1050
85203,1,1050
85211,1,1050
85215,1,1050
85233,1,1050
85238,1,1050
85354,1,1050
85365,1,1050
85371,1,1050
85411,1,1050
85433,1,1050
85456,1,1050
85456,1,1050
85507,1,1050
85537,1,1050
85553,1,1050
85570,1,1050
85585,1,1050
85614,1,1050
85627,1,1050
85663,1,1050
85700,1,1050
85721,1,1050
85738,1,1050
85767,1,1050
85790,1,1050
85793,1,1050
85813,1,1050
85863,1,1050
85878,1,1050
85887,1,1050
85902,1,1050
85915,1,1050
85949,1,1050
86026,1,1050
86047,1,1050
86129,1,1050
86136,1,1050
86149,1,1050
86158,1,1050
86190,1,1050
86194,1,1050
86280,1,1050
86281,1,1050
86288,1,1050
86291,1,1050
86327,1,1050
86378,1,1050
86390,1,1050
86395,1,1050
86421,1,1050
86456,1,1050
86473,1,1050
86493,1,1050
86494,1,1050
86507,1,1050
86561,1,1050
86568,1,1050
86578,1,1050
86584,1,1050
86597,1,1050
86604,1,1050
86614,1,1050
86676,1,1050
86711,1,1050
86712,1,1050
86728,1,1050
86760,1,1050
86808,1,1050
86811,1,1050
86826,1,1050
86827,1,1050
86862,1,1050
86863,1,1050
86875,1,1050
86882,1,1050
86896,1,1050
86898,1,1050
86905,1,1050
86907,1,1050
87006,1,1050
87018,1,1050
87038,1,1050
87057,1,1050
87099,1,1050
87110,1,1050
87131,1,1050
87132,1,1050
87145,1,1050
87169,1,1050
87186,1,1050
87202,1,1050
87265,1,1050
87271,1,1050
87282,1,1050
87325,1,1050
87351,1,1050
87408,1,1050
87413,1,1050
87469,1,1050
87479,1,1050
87481,1,1050
87524,1,1050
87539,1,1050
87548,1,1050
87575,1,1050
87587,1,1050
87588,1,1050
87653,1,1050
87690,1,1050
87735,1,1050
87743,1,1050
87804,1,1050
87817,1,1050
87827,1,1050
87840,1,1050
87844,1,1050
87907,1,1050
87921,1,1050
87930,1,1050
87949,1,1050
87990,1,1050
88007,1,1050
88022,1,1050
88029,1,1050
88061,1,1050
88086,1,1050
88106,1,1050
88109,1,1050
88118,1,1050
88146,1,1050
88155,1,1050
88157,1,1050
88182,1,1050
88186,1,1050
88193,1,1050
88195,1,1050
88210,1,1050
88217,1,1050
88251,1,1050
88294,1,1050
88320,1,1050
88330,1,1050
88340,1,1050
88391,1,1050
88413,1,1050
88438,1,1050
88484,1,1050
88504,1,1050
88511,1,1050
88724,1,1050
88780,1,1050
88800,1,1050
88803,1,1050
88841,1,1050
88873,1,1050
88876,1,1050
88885,1,1050
88903,1,1050
88919,1,1050
88928,1,1050
88955,1,1050
89003,1,1050
89018,1,1050
89027,1,1050
89059,1,1050
89078,1,1050
89139,1,1050
89163,1,1050
89174,1,1050
89175,1,1050
89196,1,1050
89199,1,1050
89219,1,1050
89254,1,1050
89255,1,1050
89279,1,1050
89285,1,1050
89322,1,1050
89367,1,1050
89369,1,1050
89383,1,1050
89398,1,1050
89399,1,1050
89411,1,1050
89452,1,1050
89491,1,1050
89526,1,1050
89532,1,1050
89538,1,1050
89561,1,1050
89562,1,1050
89577,1,1050
89585,1,1050
89623,1,1050
89629,1,1050
89643,1,1050
89660,1,1050
89695,1,1050
89711,1,1050
89760,1,1050
89772,1,1050
89772,1,1050
89789,1,1050
89803,1,1050
89803,1,1050
89817,1,1050
89822,1,1050
89840,1,1050
89861,1,1050
89866,1,1050
89917,1,1050
89918,1,1050
89943,1,1050
90009,1,1050
90010,1,1050
90017,1,1050
90032,1,1050
90045,1,1050
90053,1,1050
90093,1,1050
90096,1,1050
90110,1,1050
90117,1,1050
90191,1,1050
90201,1,1050
90220,1,1050
90250,1,1050
90316,1,1050
90331,1,1050
90347,1,1050
90354,1,1050
90398,1,1050
90401,1,1050
90416,1,1050
90423,1,1050
90431,1,1050
90471,1,1050
90505,1,1050
90550,1,1050
90563,1,1050
90575,1,1050
90612,1,1050
90627,1,1050
90659,1,1050
90667,1,1050
90692,1,1050
90694,1,1050
90710,1,1050
90722,1,1050
90750,1,1050
90759,1,1050
90766,1,1050
90769,1,1050
90774,1,1050
91015,1,1050
91039,1,1050
91047,1,1050
91047,1,1050
91081,1,1050
91097,1,1050
91098,1,1050
91106,1,1050
91112,1,1050
91131,1,1050
91152,1,1050
91175,1,1050
91213,1,1050
91240,1,1050
91244,1,1050
91274,1,1050
91312,1,1050
91325,1,1050
91330,1,1050
91332,1,1050
91340,1,1050
91442,1,1050
91452,1,1050
91458,1,1050
91473,1,1050
91524,1,1050
91581,1,1050
91583,1,1050
91599,1,1050
91602,1,1050
91610,1,1050
91639,1,1050
91674,1,1050
91711,1,1050
91716,1,1050
91772,1,1050
91776,1,1050
91794,1,1050
91804,1,1050
91821,1,1050
91876,1,1050
91989,1,1050
91997,1,1050
92019,1,1050
92166,1,1050
92198,1,1050
92219,1,1050
92224,1,1050
92260,1,1050
92269,1,1050
92358,1,1050
92359,1,1050
92376,1,1050
92380,1,1050
92413,1,1050
92429,1,1050
92540,1,1050
92553,1,1050
92608,1,1050
92609,1,1050
92647,1,1050
92695,1,1050
92698,1,1050
92725,1,1050
92732,1,1050
92741,1,1050
92766,1,1050
92799,1,1050
92806,1,1050
92825,1,1050
92860,1,1050
92884,1,1050
92885,1,1050
92901,1,1050
92927,1,1050
92936,1,1050
92951,1,1050
92959,1,1050
92978,1,1050
92990,1,1050
93002,1,1050
93006,1,1050
93020,1,1050
93039,1,1050
93039,1,1050
93040,1,1050
93053,1,1050
93053,1,1050
93058,1,1050
93069,1,1050
93087,1,1050
93109,1,1050
93109,1,1050
93183,1,1050
93184,1,1050
93191,1,1050
93200,1,1050
93203,1,1050
93208,1,1050
93246,1,1050
93259,1,1050
93271,1,1050
93279,1,1050
93321,1,1050
93322,1,1050
93322,1,1050
93325,1,1050
93336,1,1050
93366,1,1050
93380,1,1050
93413,1,1050
93415,1,1050
93439,1,1050
93461,1,1050
93476,1,1050
93482,1,1050
93493,1,1050
93504,1,1050
93519,1,1050
93532,1,1050
93535,1,1050
93542,1,1050
93547,1,1050
93551,1,1050
93554,1,1050
93558,1,1050
93586,1,1050
93593,1,1050
93635,1,1050
93641,1,1050
93654,1,1050
93729,1,1050
93741,1,1050
93755,1,1050
93776,1,1050
93779,1,1050
93807,1,1050
93817,1,1050
93832,1,1050
93849,1,1050
93876,1,1050
93901,1,1050
93937,1,1050
93939,1,1050
93949,1,1050
93959,1,1050
93965,1,1050
93971,1,1050
93991,1,1050
94016,1,1050
94025,1,1050
94033,1,1050
94038,1,1050
94043,1,1050
94079,1,1050
94089,1,1050
94123,1,1050
94143,1,1050
94267,1,1050
94272,1,1050
94273,1,1050
94274,1,1050
94280,1,1050
94295,1,1050
94347,1,1050
94360,1,1050
94397,1,1050
94398,1,1050
94400,1,1050
94401,1,1050
94416,1,1050
94430,1,1050
94437,1,1050
94443,1,1050
94460,1,1050
94461,1,1050
94476,1,1050
94489,1,1050
94512,1,1050
94562,1,1050
94572,1,1050
94580,1,1050
94596,1,1050
94597,1,1050
94614,1,1050
94619,1,1050
94627,1,1050
94650,1,1050
94650,1,1050
94657,1,1050
94661,1,1050
94685,1,1050
94752,1,1050
94761,1,1050
94763,1,1050
94802,1,1050
94802,1,1050
94806,1,1050
94867,1,1050
94891,1,1050
94912,1,1050
94932,1,1050
95027,1,1050
95036,1,1050
95039,1,1050
95054,1,1050
95056,1,1050
95057,1,1050
95074,1,1050
95090,1,1050
95140,1,1050
95185,1,1050
95212,1,1050
95214,1,1050
95224,1,1050
95226,1,1050
95234,1,1050
95238,1,1050
95343,1,1050
95347,1,1050
95354,1,1050
95396,1,1050
95401,1,1050
95417,1,1050
95447,1,1050
95510,1,1050
95549,1,1050
95579,1,1050
95580,1,1050
95580,1,1050
95628,1,1050
95631,1,1050
95632,1,1050
95641,1,1050
95642,1,1050
95686,1,1050
95696,1,1050
95775,1,1050
95776,1,1050
95781,1,1050
95799,1,1050
95812,1,1050
95831,1,1050
95840,1,1050
95857,1,1050
95876,1,1050
95920,1,1050
95971,1,1050
95991,1,1050
96001,1,1050
96004,1,1050
96005,1,1050
96008,1,1050
96095,1,1050
96108,1,1050
96216,1,1050
96284,1,1050
96322,1,1050
96331,1,1050
96343,1,1050
96383,1,1050
96423,1,1050
96453,1,1050
96465,1,1050
96466,1,1050
96509,1,1050
96510,1,1050
96540,1,1050
96541,1,1050
96595,1,1050
96604,1,1050
96606,1,1050
96634,1,1050
96638,1,1050
96649,1,1050
96669,1,1050
96682,1,1050
96715,1,1050
96762,1,1050
96832,1,1050
96836,1,1050
96842,1,1050
96870,1,1050
96895,1,1050
96931,1,1050
96931,1,1050
96946,1,1050
97012,1,1050
97032,1,1050
97040,1,1050
97041,1,1050
97061,1,1050
97071,1,1050
97105,1,1050
97109,1,1050
97121,1,1050
97122,1,1050
97145,1,1050
97158,1,1050
97164,1,1050
97170,1,1050
97184,1,1050
97185,1,1050
97191,1,1050
97192,1,1050
97206,1,1050
97207,1,1050
97233,1,1050
97257,1,1050
97295,1,1050
97301,1,1050
97309,1,1050
97324,1,1050
97338,1,1050
97341,1,1050
97350,1,1050
97361,1,1050
97427,1,1050
97432,1,1050
97472,1,1050
97495,1,1050
97499,1,1050
97517,1,1050
97538,1,1050
97598,1,1050
97604,1,1050
97624,1,1050
97625,1,1050
97638,1,1050
97641,1,1050
97642,1,1050
97733,1,1050
97785,1,1050
97815,1,1050
97832,1,1050
97860,1,1050
97939,1,1050
97996,1,1050
98035,1,1050
98035,1,1050
98053,1,1050
98084,1,1050
98089,1,1050
98090,1,1050
98105,1,1050
98122,1,1050
98126,1,1050
98150,1,1050
98201,1,1050
98204,1,1050
98207,1,1050
98264,1,1050
98279,1,1050
98292,1,1050
98306,1,1050
98329,1,1050
98340,1,1050
98360,1,1050
98372,1,1050
98373,1,1050
98374,1,1050
98430,1,1050
98439,1,1050
98441,1,1050
98483,1,1050
98519,1,1050
98529,1,1050
98546,1,1050
98557,1,1050
98562,1,1050
98583,1,1050
98609,1,1050
98629,1,1050
98669,1,1050
98720,1,1050
98721,1,1050
98744,1,1050
98758,1,1050
98782,1,1050
98797,1,1050
98802,1,1050
98806,1,1050
98820,1,1050
98837,1,1050
98849,1,1050
98867,1,1050
98875,1,1050
99035,1,1050
99042,1,1050
99073,1,1050
99089,1,1050
99090,1,1050
99100,1,1050
99105,1,1050
99118,1,1050
99132,1,1050
99136,1,1050
99147,1,1050
99150,1,1050
99175,1,1050
99192,1,1050
99219,1,1050
99253,1,1050
99285,1,1050
99349,1,1050
99351,1,1050
99360,1,1050
99382,1,1050
99387,1,1050
99398,1,1050
99438,1,1050
99439,1,1050
99442,1,1050
99446,1,1050
99465,1,1050
99467,1,1050
99561,1,1050
99602,1,1050
99618,1,1050
99640,1,1050
99658,1,1050
99685,1,1050
99706,1,1050
99741,1,1050
99757,1,1050
99765,1,1050
99801,1,1050
99815,1,1050
99902,1,1050
99906,1,1050
99927,1,1050
100008,1,1050
100020,1,1050
100032,1,1050
100044,1,1050
100056,1,1050
100068,1,1050
100070,1,1050
100116,1,1050
100131,1,1050
100234,1,1050
100255,1,1050
100276,1,1050
100299,1,1050
100332,1,1050
100345,1,1050
100356,1,1050
100382,1,1050
100437,1,1050
100447,1,1050
100480,1,1050
100499,1,1050
100501,1,1050
100502,1,1050
100513,1,1050
100519,1,1050
100584,1,1050
100611,1,1050
100638,1,1050
100649,1,1050
100672,1,1050
100753,1,1050
100787,1,1050
100801,1,1050
100808,1,1050
100852,1,1050
100865,1,1050
100872,1,1050
100872,1,1050
100876,1,1050
100909,1,1050
100911,1,1050
100921,1,1050
100924,1,1050
100928,1,1050
100958,1,1050
101020,1,1050
101030,1,1050
101048,1,1050
101060,1,1050
101067,1,1050
101091,1,1050
101123,1,1050
101134,1,1050
101154,1,1050
101158,1,1050
101212,1,1050
101263,1,1050
101312,1,1050
101407,1,1050
101424,1,1050
101473,1,1050
101480,1,1050
101484,1,1050
101493,1,1050
101539,1,1050
101549,1,1050
101558,1,1050
101612,1,1050
101629,1,1050
101658,1,1050
101691,1,1050
101778,1,1050
101828,1,1050
101888,1,1050
101894,1,1050
101896,1,1050
101929,1,1050
101934,1,1050
102002,1,1050
102010,1,1050
102034,1,1050
102053,1,1050
102055,1,1050
102073,1,1050
102077,1,1050
102103,1,1050
102104,1,1050
102111,1,1050
102114,1,1050
102117,1,1050
102117,1,1050
102140,1,1050
102151,1,1050
102157,1,1050
102171,1,1050
102198,1,1050
102201,1,1050
102205,1,1050
102221,1,1050
102229,1,1050
102294,1,1050
102303,1,1050
102326,1,1050
102356,1,1050
102380,1,1050
102403,1,1050
102451,1,1050
102520,1,1050
102544,1,1050
102624,1,1050
102678,1,1050
102729,1,1050
102732,1,1050
102742,1,1050
102768,1,1050
102778,1,1050
102782,1,1050
102875,1,1050
102897,1,1050
102906,1,1050
102908,1,1050
102922,1,1050
102958,1,1050
102970,1,1050
102995,1,1050
103004,1,1050
103017,1,1050
103017,1,1050
103024,1,1050
103029,1,1050
103059,1,1050
103062,1,1050
103108,1,1050
103113,1,1050
103115,1,1050
103127,1,1050
103162,1,1050
103166,1,1050
103195,1,1050
103229,1,1050
103231,1,1050
103256,1,1050
103268,1,1050
103282,1,1050
103324,1,1050
103381,1,1050
103390,1,1050
103410,1,1050
103415,1,1050
103416,1,1050
103484,1,1050
103500,1,1050
103502,1,1050
103503,1,1050
103514,1,1050
103525,1,1050
103533,1,1050
103578,1,1050
103602,1,1050
103628,1,1050
103659,1,1050
103670,1,1050
103721,1,1050
103741,1,1050
103757,1,1050
103780,1,1050
104029,1,1050
104032,1,1050
104050,1,1050
104064,1,1050
104112,1,1050
104130,1,1050
104176,1,1050
104204,1,1050
104304,1,1050
104498,1,1050
104526,1,1050
104589,1,1050
104617,1,1050
104620,1,1050
104640,1,1050
104645,1,1050
104668,1,1050
104682,1,1050
104750,1,1050
104757,1,1050
104764,1,1050
104780,1,1050
104821,1,1050
104850,1,1050
104857,1,1050
104858,1,1050
104967,1,1050
104975,1,1050
104994,1,1050
104999,1,1050
105001,1,1050
105006,1,1050
105007,1,1050
105010,1,1050
105027,1,1050
105028,1,1050
105047,1,1050
105049,1,1050
105050,1,1050
105054,1,1050
105058,1,1050
105064,1,1050
105082,1,1050
105089,1,1050
105121,1,1050
105127,1,1050
105128,1,1050
105128,1,1050
105142,1,1050
105151,1,1050
105155,1,1050
105167,1,1050
105185,1,1050
105188,1,1050
105197,1,1050
105225,1,1050
105249,1,1050
105258,1,1050
105262,1,1050
105288,1,1050
105301,1,1050
105308,1,1050
105353,1,1050
105363,1,1050
105367,1,1050
105375,1,1050
105391,1,1050
105415,1,1050
105425,1,1050
105436,1,1050
105449,1,1050
105488,1,1050
105499,1,1050
105505,1,1050
105523,1,1050
105546,1,1050
105555,1,1050
105576,1,1050
105600,1,1050
105622,1,1050
105631,1,1050
105687,1,1050
105689,1,1050
105697,1,1050
105715,1,1050
105743,1,1050
105745,1,1050
105768,1,1050
106051,1,1050
106176,1,1050
106178,1,1050
106210,1,1050
106230,1,1050
106234,1,1050
106272,1,1050
106323,1,1050
106324,1,1050
106345,1,1050
106345,1,1050
106369,1,1050
106380,1,1050
106383,1,1050
106429,1,1050
106470,1,1050
106471,1,1050
106504,1,1050
106571,1,1050
106614,1,1050
106620,1,1050
106645,1,1050
106679,1,1050
106679,1,1050
106702,1,1050
106718,1,1050
106734,1,1050
106750,1,1050
106762,1,1050
106799,1,1050
106803,1,1050
106825,1,1050
106861,1,1050
106895,1,1050
106929,1,1050
107002,1,1050
107010,1,1050
107017,1,1050
107138,1,1050
107155,1,1050
107178,1,1050
107189,1,1050
107208,1,1050
107214,1,1050
107216,1,1050
107240,1,1050
107257,1,1050
107281,1,1050
107355,1,1050
107355,1,1050
107396,1,1050
107425,1,1050
107444,1,1050
107475,1,1050
107476,1,1050
107478,1,1050
107490,1,1050
107533,1,1050
107543,1,1050
107604,1,1050
107609,1,1050
107648,1,1050
107688,1,1050
107706,1,1050
107715,1,1050
107724,1,1050
107745,1,1050
107759,1,1050
107766,1,1050
107768,1,1050
107780,1,1050
107780,1,1050
108035,1,1050
108050,1,1050
108061,1,1050
108151,1,1050
108180,1,1050
108209,1,1050
108220,1,1050
108233,1,1050
108241,1,1050
108247,1,1050
108259,1,1050
108291,1,1050
108327,1,1050
108396,1,1050
108463,1,1050
108481,1,1050
108526,1,1050
108527,1,1050
108633,1,1050
108651,1,1050
108661,1,1050
108702,1,1050
108707,1,1050
108721,1,1050
108726,1,1050
108731,1,1050
108765,1,1050
108766,1,1050
108802,1,1050
108923,1,1050
108946,1,1050
109017,1,1050
109019,1,1050
109030,1,1050
109041,1,1050
109056,1,1050
109105,1,1050
109191,1,1050
109207,1,1050
109226,1,1050
109233,1,1050
109235,1,1050
109240,1,1050
109331,1,1050
109344,1,1050
109357,1,1050
109375,1,1050
109423,1,1050
109473,1,1050
109498,1,1050
109501,1,1050
109516,1,1050
109562,1,1050
109589,1,1050
109591,1,1050
109600,1,1050
109618,1,1050
109705,1,1050
109713,1,1050
109749,1,1050
109752,1,1050
109781,1,1050
109783,1,1050
109786,1,1050
109814,1,1050
109838,1,1050
110044,1,1050
110063,1,1050
110153,1,1050
110190,1,1050
110218,1,1050
110233,1,1050
110238,1,1050
110274,1,1050
110278,1,1050
110289,1,1050
110434,1,1050
110440,1,1050
110444,1,1050
110524,1,1050
110543,1,1050
110585,1,1050
110622,1,1050
110646,1,1050
110686,1,1050
110737,1,1050
110739,1,1050
110763,1,1050
110804,1,1050
110842,1,1050
110992,1,1050
110996,1,1050
111017,1,1050
111030,1,1050
111033,1,1050
111036,1,1050
111041,1,1050
111046,1,1050
111051,1,1050
111076,1,1050
111088,1,1050
111089,1,1050
111092,1,1050
111102,1,1050
111102,1,1050
111105,1,1050
111121,1,1050
111135,1,1050
111191,1,1050
111193,1,1050
111304,1,1050
111306,1,1050
111359,1,1050
111386,1,1050
111443,1,1050
111449,1,1050
111463,1,1050
111479,1,1050
111500,1,1050
111522,1,1050
111528,1,1050
111529,1,1050
111532,1,1050
111568,1,1050
111568,1,1050
111671,1,1050
111791,1,1050
111801,1,1050
111844,1,1050
111848,1,1050
111862,1,1050
111886,1,1050
111887,1,1050
111910,1,1050
111913,1,1050
111929,1,1050
112054,1,1050
112057,1,1050
112107,1,1050
112110,1,1050
112120,1,1050
112198,1,1050
112206,1,1050
112209,1,1050
112211,1,1050
112214,1,1050
112247,1,1050
112274,1,1050
112323,1,1050
112336,1,1050
112454,1,1050
112457,1,1050
112483,1,1050
112494,1,1050
112534,1,1050
112571,1,1050
112579,1,1050
112634,1,1050
112667,1,1050
112670,1,1050
112684,1,1050
112701,1,1050
112706,1,1050
112708,1,1050
112743,1,1050
112753,1,1050
112768,1,1050
112784,1,1050
112810,1,1050
112826,1,1050
112840,1,1050
112905,1,1050
113056,1,1050
113087,1,1050
113213,1,1050
113218,1,1050
113338,1,1050
113351,1,1050
113365,1,1050
113406,1,1050
113473,1,1050
113497,1,1050
113627,1,1050
113650,1,1050
113652,1,1050
113676,1,1050
113677,1,1050
113742,1,1050
113743,1,1050
113781,1,1050
113810,1,1050
113838,1,1050
113863,1,1050
113898,1,1050
113920,1,1050
113955,1,1050
113990,1,1050
114001,1,1050
114034,1,1050
114048,1,1050
114061,1,1050
114065,1,1050
114073,1,1050
114085,1,1050
114097,1,1050
114109,1,1050
114120,1,1050
114126,1,1050
114129,1,1050
114218,1,1050
114226,1,1050
114249,1,1050
114255,1,1050
114284,1,1050
114299,1,1050
114322,1,1050
114361,1,1050
114363,1,1050
114364,1,1050
114368,1,1050
114389,1,1050
114392,1,1050
114394,1,1050
114399,1,1050
114469,1,1050
114476,1,1050
114558,1,1050
114559,1,1050
114578,1,1050
114587,1,1050
114664,1,1050
114706,1,1050
114723,1,1050
114804,1,1050
115033,1,1050
115054,1,1050
115059,1,1050
115068,1,1050
115070,1,1050
115084,1,1050
115126,1,1050
115138,1,1050
115141,1,1050
115161,1,1050
115170,1,1050
115211,1,1050
115254,1,1050
115261,1,1050
115280,1,1050
115351,1,1050
115438,1,1050
115460,1,1050
115473,1,1050
115487,1,1050
115497,1,1050
115506,1,1050
115531,1,1050
115558,1,1050
115577,1,1050
115587,1,1050
115596,1,1050
115667,1,1050
115675,1,1050
115679,1,1050
115755,1,1050
116007,1,1050
116007,1,1050
116041,1,1050
116070,1,1050
116105,1,1050
116127,1,1050
116152,1,1050
116167,1,1050
116196,1,1050
116212,1,1050
116253,1,1050
116292,1,1050
116294,1,1050
116299,1,1050
116331,1,1050
116380,1,1050
116384,1,1050
116409,1,1050
116477,1,1050
116513,1,1050
116518,1,1050
116532,1,1050
116569,1,1050
116569,1,1050
116620,1,1050
116662,1,1050
116693,1,1050
116698,1,1050
116729,1,1050
116745,1,1050
116764,1,1050
116770,1,1050
117019,1,1050
117095,1,1050
117129,1,1050
117137,1,1050
117144,1,1050
117155,1,1050
117160,1,1050
117239,1,1050
117251,1,1050
117255,1,1050
117353,1,1050
117362,1,1050
117414,1,1050
117462,1,1050
117507,1,1050
117510,1,1050
117541,1,1050
117601,1,1050
117605,1,1050
117620,1,1050
117626,1,1050
117640,1,1050
117668,1,1050
117693,1,1050
117752,1,1050
117772,1,1050
117775,1,1050
117799,1,1050
117807,1,1050
117890,1,1050
117937,1,1050
117955,1,1050
117991,1,1050
118014,1,1050
118043,1,1050
118057,1,1050
118058,1,1050
118099,1,1050
118217,1,1050
118233,1,1050
118258,1,1050
118330,1,1050
118373,1,1050
118413,1,1050
118454,1,1050
118461,1,1050
118472,1,1050
118571,1,1050
118590,1,1050
118666,1,1050
118679,1,1050
118815,1,1050
118822,1,1050
118882,1,1050
118917,1,1050
118925,1,1050
118967,1,1050
118989,1,1050
119018,1,1050
119045,1,1050
119089,1,1050
119106,1,1050
119130,1,1050
119238,1,1050
119249,1,1050
119267,1,1050
119343,1,1050
119374,1,1050
119392,1,1050
119481,1,1050
119512,1,1050
119574,1,1050
119578,1,1050
119658,1,1050
119658,1,1050
119779,1,1050
119804,1,1050
119830,1,1050
119853,1,1050
120006,1,1050
120042,1,1050
120046,1,1050
120048,1,1050
120080,1,1050
120120,1,1050
120178,1,1050
120214,1,1050
120236,1,1050
120237,1,1050
120346,1,1050
120351,1,1050
120406,1,1050
120453,1,1050
120477,1,1050
120574,1,1050
120612,1,1050
120624,1,1050
120675,1,1050
120684,1,1050
120692,1,1050
120717,1,1050
120746,1,1050
120783,1,1050
120800,1,1050
120827,1,1050
120855,1,1050
121006,1,1050
121031,1,1050
121072,1,1050
121133,1,1050
121266,1,1050
121387,1,1050
121400,1,1050
121426,1,1050
121432,1,1050
121453,1,1050
121472,1,1050
121499,1,1050
121541,1,1050
121596,1,1050
121690,1,1050
121800,1,1050
121804,1,1050
121818,1,1050
121835,1,1050
121899,1,1050
121927,1,1050
121982,1,1050
122007,1,1050
122019,1,1050
122024,1,1050
122098,1,1050
122121,1,1050
122123,1,1050
122258,1,1050
122266,1,1050
122291,1,1050
122348,1,1050
122358,1,1050
122395,1,1050
122438,1,1050
122441,1,1050
122570,1,1050
122593,1,1050
122627,1,1050
122660,1,1050
122729,1,1050
122755,1,1050
122763,1,1050
122769,1,1050
122818,1,1050
122888,1,1050
122944,1,1050
123007,1,1050
123078,1,1050
123127,1,1050
123189,1,1050
123199,1,1050
123298,1,1050
123314,1,1050
123327,1,1050
123368,1,1050
123422,1,1050
123436,1,1050
123525,1,1050
123615,1,1050
123656,1,1050
123717,1,1050
123795,1,1050
123831,1,1050
123842,1,1050
123844,1,1050
123882,1,1050
123993,1,1050
123997,1,1050
124033,1,1050
124053,1,1050
124067,1,1050
124149,1,1050
124176,1,1050
124214,1,1050
124244,1,1050
124277,1,1050
124295,1,1050
124302,1,1050
124307,1,1050
124319,1,1050
124330,1,1050
124336,1,1050
124366,1,1050
124397,1,1050
124408,1,1050
124410,1,1050
124419,1,1050
124425,1,1050
124449,1,1050
124456,1,1050
124475,1,1050
124530,1,1050
125049,1,1050
125156,1,1050
125293,1,1050
125349,1,1050
125358,1,1050
125423,1,1050
125494,1,1050
125502,1,1050
125514,1,1050
125515,1,1050
125531,1,1050
125647,1,1050
125667,1,1050
125706,1,1050
125718,1,1050
125889,1,1050
125950,1,1050
125985,1,1050
126016,1,1050
126072,1,1050
126088,1,1050
126179,1,1050
126312,1,1050
126433,1,1050
126446,1,1050
126526,1,1050
126567,1,1050
126584,1,1050
126592,1,1050
126609,1,1050
126676,1,1050
126681,1,1050
126699,1,1050
126813,1,1050
126851,1,1050
126918,1,1050
126939,1,1050
126945,1,1050
127005,1,1050
127041,1,1050
127083,1,1050
127092,1,1050
127103,1,1050
127256,1,1050
127319,1,1050
127416,1,1050
127444,1,1050
127573,1,1050
127655,1,1050
127737,1,1050
127803,1,1050
127805,1,1050
127888,1,1050
127915,1,1050
127928,1,1050
127956,1,1050
127960,1,1050
127962,1,1050
128067,1,1050
128089,1,1050
128113,1,1050
128158,1,1050
128206,1,1050
128225,1,1050
128250,1,1050
128251,1,1050
128265,1,1050
128428,1,1050
128451,1,1050
128655,1,1050
128681,1,1050
128724,1,1050
128808,1,1050
128986,1,1050
129016,1,1050
129023,1,1050
129035,1,1050
129042,1,1050
129057,1,1050
129177,1,1050
129178,1,1050
129215,1,1050
129247,1,1050
129305,1,1050
129314,1,1050
129353,1,1050
129395,1,1050
129407,1,1050
129430,1,1050
129527,1,1050
129573,1,1050
129578,1,1050
129643,1,1050
129735,1,1050
129795,1,1050
129806,1,1050
129868,1,1050
129872,1,1050
129887,1,1050
129947,1,1050
130016,1,1050
130025,1,1050
130056,1,1050
130060,1,1050
130095,1,1050
130096,1,1050
130163,1,1050
130182,1,1050
130199,1,1050
130264,1,1050
130408,1,1050
130481,1,1050
130498,1,1050
130515,1,1050
130661,1,1050
130734,1,1050
130734,1,1050
130734,1,1050
130738,1,1050
130778,1,1050
130866,1,1050
130957,1,1050
130978,1,1050
131055,1,1050
131192,1,1050
131255,1,1050
131381,1,1050
131562,1,1050
131605,1,1050
131772,1,1050
131777,1,1050
131927,1,1050
132042,1,1050
132067,1,1050
132069,1,1050
132079,1,1050
132084,1,1050
132138,1,1050
132192,1,1050
132194,1,1050
132217,1,1050
132229,1,1050
132261,1,1050
132380,1,1050
132399,1,1050
132407,1,1050
132413,1,1050
132494,1,1050
132562,1,1050
132638,1,1050
132652,1,1050
132884,1,1050
132885,1,1050
132939,1,1050
132987,1,1050
133029,1,1050
133174,1,1050
133176,1,1050
133194,1,1050
133286,1,1050
133326,1,1050
133359,1,1050
133455,1,1050
133639,1,1050
133707,1,1050
133782,1,1050
133991,1,1050
134003,1,1050
134068,1,1050
134087,1,1050
134103,1,1050
134158,1,1050
134420,1,1050
134475,1,1050
134557,1,1050
134685,1,1050
134764,1,1050
134779,1,1050
134783,1,1050
134887,1,1050
134900,1,1050
134923,1,1050
135019,1,1050
135383,1,1050
135428,1,1050
135461,1,1050
135501,1,1050
135651,1,1050
135726,1,1050
135727,1,1050
135839,1,1050
136022,1,1050
136079,1,1050
136101,1,1050
136152,1,1050
136165,1,1050
136192,1,1050
136200,1,1050
136224,1,1050
136259,1,1050
136265,1,1050
136328,1,1050
136358,1,1050
136441,1,1050
136497,1,1050
136511,1,1050
136560,1,1050
136592,1,1050
136610,1,1050
136695,1,1050
136715,1,1050
137059,1,1050
137186,1,1050
137212,1,1050
137483,1,1050
137686,1,1050
137717,1,1050
137725,1,1050
137764,1,1050
137786,1,1050
137816,1,1050
138035,1,1050
138120,1,1050
138222,1,1050
138237,1,1050
138281,1,1050
138301,1,1050
138320,1,1050
138325,1,1050
138398,1,1050
138570,1,1050
138741,1,1050
138856,1,1050
138902,1,1050
139002,1,1050
139017,1,1050
139062,1,1050
139090,1,1050
139111,1,1050
139133,1,1050
139255,1,1050
139283,1,1050
139424,1,1050
139613,1,1050
139660,1,1050
139700,1,1050
139897,1,1050
139910,1,1050
139986,1,1050
140043,1,1050
140128,1,1050
140191,1,1050
140196,1,1050
140337,1,1050
140467,1,1050
140479,1,1050
140483,1,1050
140492,1,1050
140495,1,1050
140652,1,1050
140722,1,1050
141053,1,1050
141071,1,1050
141267,1,1050
141290,1,1050
141434,1,1050
141451,1,1050
141482,1,1050
141491,1,1050
141612,1,1050
141712,1,1050
141728,1,1050
141806,1,1050
141897,1,1050
142010,1,1050
142041,1,1050
142080,1,1050
142110,1,1050
142143,1,1050
142207,1,1050
142226,1,1050
142267,1,1050
142324,1,1050
142364,1,1050
142377,1,1050
142561,1,1050
142764,1,1050
142785,1,1050
143317,1,1050
143410,1,1050
143433,1,1050
143507,1,1050
143639,1,1050
143645,1,1050
144029,1,1050
144039,1,1050
144104,1,1050
144118,1,1050
144149,1,1050
144448,1,1050
144532,1,1050
144562,1,1050
144638,1,1050
144730,1,1050
144744,1,1050
144844,1,1050
145033,1,1050
145054,1,1050
145063,1,1050
145068,1,1050
145101,1,1050
145149,1,1050
145153,1,1050
145176,1,1050
145248,1,1050
145254,1,1050
145339,1,1050
145384,1,1050
146031,1,1050
146032,1,1050
146363,1,1050
146401,1,1050
146429,1,1050
146519,1,1050
146548,1,1050
146553,1,1050
146627,1,1050
146726,1,1050
147013,1,1050
147097,1,1050
147104,1,1050
147432,1,1050
147635,1,1050
147674,1,1050
147675,1,1050
147707,1,1050
148004,1,1050
148087,1,1050
148133,1,1050
148160,1,1050
148193,1,1050
148247,1,1050
148265,1,1050
148330,1,1050
148351,1,1050
148431,1,1050
148479,1,1050
148744,1,1050
149355,1,1050
149476,1,1050
149584,1,1050
149598,1,1050
149729,1,1050
149733,1,1050
150011,1,1050
150058,1,1050
150205,1,1050
150251,1,1050
150267,1,1050
150461,1,1050
150490,1,1050
150558,1,1050
151153,1,1050
151292,1,1050
151378,1,1050
151729,1,1050
151926,1,1050
152003,1,1050
152083,1,1050
152142,1,1050
152197,1,1050
152491,1,1050
152635,1,1050
152690,1,1050
152759,1,1050
153013,1,1050
153066,1,1050
153127,1,1050
153147,1,1050
153179,1,1050
153262,1,1050
153300,1,1050
153454,1,1050
153518,1,1050
153526,1,1050
153586,1,1050
153646,1,1050
153719,1,1050
153801,1,1050
154107,1,1050
154128,1,1050
154401,1,1050
154441,1,1050
154467,1,1050
154471,1,1050
154540,1,1050
154589,1,1050
154760,1,1050
154888,1,1050
155071,1,1050
155336,1,1050
155569,1,1050
155635,1,1050
155883,1,1050
156017,1,1050
156077,1,1050
156159,1,1050
156354,1,1050
156811,1,1050
157005,1,1050
157045,1,1050
157134,1,1050
157211,1,1050
157218,1,1050
157220,1,1050
157466,1,1050
157631,1,1050
157736,1,1050
158036,1,1050
158216,1,1050
158364,1,1050
158436,1,1050
158455,1,1050
158521,1,1050
158981,1,1050
159243,1,1050
159336,1,1050
159480,1,1050
159605,1,1050
159661,1,1050
159779,1,1050
160037,1,1050
160042,1,1050
160067,1,1050
160301,1,1050
160325,1,1050
160340,1,1050
160482,1,1050
160798,1,1050
160814,1,1050
160912,1,1050
160913,1,1050
161030,1,1050
161083,1,1050
161676,1,1050
162049,1,1050
162062,1,1050
162069,1,1050
162076,1,1050
162755,1,1050
162817,1,1050
163052,1,1050
163133,1,1050
163157,1,1050
163648,1,1050
164063,1,1050
164825,1,1050
165069,1,1050
165228,1,1050
165235,1,1050
165280,1,1050
165296,1,1050
165301,1,1050
165348,1,1050
165354,1,1050
165355,1,1050
165365,1,1050
165396,1,1050
165423,1,1050
165567,1,1050
165604,1,1050
165634,1,1050
165671,1,1050
165687,1,1050
165694,1,1050
165776,1,1050
166018,1,1050
166057,1,1050
166233,1,1050
166306,1,1050
166615,1,1050
166745,1,1050
167093,1,1050
167132,1,1050
167762,1,1050
167898,1,1050
167947,1,1050
168137,1,1050
168143,1,1050
168343,1,1050
168361,1,1050
168372,1,1050
168467,1,1050
168598,1,1050
168692,1,1050
168747,1,1050
168770,1,1050
168821,1,1050
168991,1,1050
169245,1,1050
169426,1,1050
169952,1,1050
170025,1,1050
170073,1,1050
170091,1,1050
170095,1,1050
170211,1,1050
170231,1,1050
170538,1,1050
170924,1,1050
171192,1,1050
171354,1,1050
171371,1,1050
171410,1,1050
171413,1,1050
171539,1,1050
171606,1,1050
172056,1,1050
172177,1,1050
172240,1,1050
172461,1,1050
172506,1,1050
172533,1,1050
172534,1,1050
172572,1,1050
173013,1,1050
173065,1,1050
174584,1,1050
174599,1,1050
174625,1,1050
175051,1,1050
175382,1,1050
175460,1,1050
175530,1,1050
175587,1,1050
175642,1,1050
176008,1,1050
176052,1,1050
176387,1,1050
176614,1,1050
177039,1,1050
177094,1,1050
177154,1,1050
177327,1,1050
177353,1,1050
177406,1,1050
177417,1,1050
177456,1,1050
177478,1,1050
177538,1,1050
177802,1,1050
177832,1,1050
177884,1,1050
177887,1,1050
177891,1,1050
177929,1,1050
177974,1,1050
178029,1,1050
178050,1,1050
178080,1,1050
178157,1,1050
178188,1,1050
178200,1,1050
178530,1,1050
178537,1,1050
178802,1,1050
178981,1,1050
179004,1,1050
179048,1,1050
179149,1,1050
179348,1,1050
179646,1,1050
179653,1,1050
179880,1,1050
180034,1,1050
180046,1,1050
180080,1,1050
180240,1,1050
180686,1,1050
180733,1,1050
180749,1,1050
181067,1,1050
181088,1,1050
181097,1,1050
181536,1,1050
181632,1,1050
182244,1,1050
182621,1,1050
183072,1,1050
183104,1,1050
183113,1,1050
183153,1,1050
183159,1,1050
183173,1,1050
183405,1,1050
183432,1,1050
183452,1,1050
183581,1,1050
183640,1,1050
184287,1,1050
184340,1,1050
184383,1,1050
184491,1,1050
184585,1,1050
184707,1,1050
184786,1,1050
184887,1,1050
184928,1,1050
184929,1,1050
185251,1,1050
185740,1,1050
185793,1,1050
185829,1,1050
185914,1,1050
185925,1,1050
186329,1,1050
186374,1,1050
186449,1,1050
186457,1,1050
186750,1,1050
187139,1,1050
187160,1,1050
187292,1,1050
187332,1,1050
187768,1,1050
188014,1,1050
188171,1,1050
188236,1,1050
188315,1,1050
188326,1,1050
188372,1,1050
189079,1,1050
189088,1,1050
189216,1,1050
189238,1,1050
189256,1,1050
189297,1,1050
189346,1,1050
189359,1,1050
189511,1,1050
189526,1,1050
189579,1,1050
189591,1,1050
189686,1,1050
189693,1,1050
189823,1,1050
189838,1,1050
189882,1,1050
190285,1,1050
190287,1,1050
190350,1,1050
190517,1,1050
190754,1,1050
190789,1,1050
190965,1,1050
191238,1,1050
191275,1,1050
191604,1,1050
191648,1,1050
191894,1,1050
191972,1,1050
192009,1,1050
192037,1,1050
192076,1,1050
192174,1,1050
192478,1,1050
192563,1,1050
192643,1,1050
192733,1,1050
192752,1,1050
192792,1,1050
193258,1,1050
193298,1,1050
193451,1,1050
193736,1,1050
193776,1,1050
193945,1,1050
194300,1,1050
194592,1,1050
194649,1,1050
194661,1,1050
194680,1,1050
194927,1,1050
195023,1,1050
195070,1,1050
195080,1,1050
195132,1,1050
195132,1,1050
195301,1,1050
195444,1,1050
195537,1,1050
195802,1,1050
196057,1,1050
196089,1,1050
196501,1,1050
196503,1,1050
196558,1,1050
196584,1,1050
196586,1,1050
196653,1,1050
197107,1,1050
197164,1,1050
197473,1,1050
198393,1,1050
198396,1,1050
198564,1,1050
198575,1,1050
198683,1,1050
199091,1,1050
199150,1,1050
199299,1,1050
199420,1,1050
199515,1,1050
199534,1,1050
199578,1,1050
199789,1,1050
199863,1,1050
199907,1,1050
200153,1,1050
200302,1,1050
200491,1,1050
201120,1,1050
201164,1,1050
201166,1,1050
201179,1,1050
201213,1,1050
201285,1,1050
201290,1,1050
201322,1,1050
201347,1,1050
201388,1,1050
201501,1,1050
201653,1,1050
201720,1,1050
201733,1,1050
201804,1,1050
201881,1,1050
201892,1,1050
201960,1,1050
201965,1,1050
201982,1,1050
201995,1,1050
202084,1,1050
202104,1,1050
202125,1,1050
202436,1,1050
202536,1,1050
202622,1,1050
202757,1,1050
202768,1,1050
202854,1,1050
202925,1,1050
202938,1,1050
203038,1,1050
203205,1,1050
203235,1,1050
203507,1,1050
203590,1,1050
203817,1,1050
203824,1,1050
203832,1,1050
203961,1,1050
204245,1,1050
204654,1,1050
204677,1,1050
204686,1,1050
204701,1,1050
204862,1,1050
204962,1,1050
204971,1,1050
205042,1,1050
205068,1,1050
205159,1,1050
205313,1,1050
205389,1,1050
205605,1,1050
205792,1,1050
205946,1,1050
206122,1,1050
206196,1,1050
206223,1,1050
206314,1,1050
206344,1,1050
206415,1,1050
206495,1,1050
206522,1,1050
206734,1,1050
206871,1,1050
207214,1,1050
207252,1,1050
207380,1,1050
207391,1,1050
207404,1,1050
207502,1,1050
207741,1,1050
207945,1,1050
207993,1,1050
208016,1,1050
208024,1,1050
208040,1,1050
208109,1,1050
208133,1,1050
208248,1,1050
208356,1,1050
208413,1,1050
208493,1,1050
208560,1,1050
208616,1,1050
209660,1,1050
209869,1,1050
210067,1,1050
210106,1,1050
210142,1,1050
210249,1,1050
210289,1,1050
210340,1,1050
210353,1,1050
210431,1,1050
211032,1,1050
211177,1,1050
211222,1,1050
211273,1,1050
211326,1,1050
211688,1,1050
212122,1,1050
212201,1,1050
212286,1,1050
212294,1,1050
212342,1,1050
212964,1,1050
213039,1,1050
213051,1,1050
213076,1,1050
213218,1,1050
213232,1,1050
213243,1,1050
213268,1,1050
213319,1,1050
213334,1,1050
213420,1,1050
213441,1,1050
213619,1,1050
213634,1,1050
213727,1,1050
213857,1,1050
213900,1,1050
213912,1,1050
214012,1,1050
214077,1,1050
214111,1,1050
214125,1,1050
214190,1,1050
214193,1,1050
214235,1,1050
214255,1,1050
214275,1,1050
214330,1,1050
214335,1,1050
214422,1,1050
214511,1,1050
214612,1,1050
214768,1,1050
214786,1,1050
214991,1,1050
215014,1,1050
215040,1,1050
215055,1,1050
215142,1,1050
215170,1,1050
215185,1,1050
215191,1,1050
215192,1,1050
215378,1,1050
215435,1,1050
215504,1,1050
215527,1,1050
216163,1,1050
216439,1,1050
216448,1,1050
216653,1,1050
216676,1,1050
216713,1,1050
216750,1,1050
216777,1,1050
216832,1,1050
217063,1,1050
217124,1,1050
217149,1,1050
217240,1,1050
217259,1,1050
217347,1,1050
217946,1,1050
217949,1,1050
217951,1,1050
218001,1,1050
218044,1,1050
218080,1,1050
218128,1,1050
218144,1,1050
218249,1,1050
218294,1,1050
218584,1,1050
218721,1,1050
218828,1,1050
219041,1,1050
219050,1,1050
219077,1,1050
219157,1,1050
219320,1,1050
219394,1,1050
219416,1,1050
219639,1,1050
219700,1,1050
219715,1,1050
220012,1,1050
220025,1,1050
220105,1,1050
220106,1,1050
220299,1,1050
220401,1,1050
220428,1,1050
220436,1,1050
220545,1,1050
220568,1,1050
220595,1,1050
220819,1,1050
221041,1,1050
221042,1,1050
221262,1,1050
221278,1,1050
221745,1,1050
221793,1,1050
221875,1,1050
221900,1,1050
221987,1,1050
222044,1,1050
222190,1,1050
222212,1,1050
222260,1,1050
222275,1,1050
222392,1,1050
222487,1,1050
222501,1,1050
222614,1,1050
223050,1,1050
223051,1,1050
223052,1,1050
223277,1,1050
223444,1,1050
223586,1,1050
223630,1,1050
223713,1,1050
223845,1,1050
224013,1,1050
224020,1,1050
224449,1,1050
224500,1,1050
224719,1,1050
224769,1,1050
224771,1,1050
224924,1,1050
224971,1,1050
225005,1,1050
225020,1,1050
225131,1,1050
225182,1,1050
225185,1,1050
225192,1,1050
225212,1,1050
225216,1,1050
225219,1,1050
225232,1,1050
225263,1,1050
225275,1,1050
225293,1,1050
225294,1,1050
225324,1,1050
225335,1,1050
225343,1,1050
225475,1,1050
225490,1,1050
225644,1,1050
225658,1,1050
225756,1,1050
225759,1,1050
225837,1,1050
225849,1,1050
226040,1,1050
226150,1,1050
226155,1,1050
226173,1,1050
226175,1,1050
226197,1,1050
226199,1,1050
226222,1,1050
226244,1,1050
226248,1,1050
226280,1,1050
226301,1,1050
226409,1,1050
226413,1,1050
226460,1,1050
226491,1,1050
226560,1,1050
226633,1,1050
226657,1,1050
226742,1,1050
227011,1,1050
227068,1,1050
227165,1,1050
227194,1,1050
227257,1,1050
227348,1,1050
227378,1,1050
227406,1,1050
227444,1,1050
227552,1,1050
227558,1,1050
227640,1,1050
227651,1,1050
227657,1,1050
227726,1,1050
227782,1,1050
227894,1,1050
227945,1,1050
227999,1,1050
228002,1,1050
228071,1,1050
228130,1,1050
228164,1,1050
228185,1,1050
228199,1,1050
228218,1,1050
228413,1,1050
228424,1,1050
228656,1,1050
228680,1,1050
228774,1,1050
228806,1,1050
228836,1,1050
228841,1,1050
228869,1,1050
228944,1,1050
228956,1,1050
229001,1,1050
229003,1,1050
229070,1,1050
229073,1,1050
229136,1,1050
229219,1,1050
229284,1,1050
229302,1,1050
229334,1,1050
229371,1,1050
229527,1,1050
229597,1,1050
229630,1,1050
229805,1,1050
229887,1,1050
229916,1,1050
229920,1,1050
229921,1,1050
230134,1,1050
230241,1,1050
230348,1,1050
230402,1,1050
230431,1,1050
230458,1,1050
230477,1,1050
230537,1,1050
230660,1,1050
230706,1,1050
231010,1,1050
231024,1,1050
231098,1,1050
231135,1,1050
231160,1,1050
231219,1,1050
231221,1,1050
231251,1,1050
231279,1,1050
231290,1,1050
231305,1,1050
231310,1,1050
231319,1,1050
231367,1,1050
231370,1,1050
231495,1,1050
231548,1,1050
231633,1,1050
231636,1,1050
231690,1,1050
231829,1,1050
231835,1,1050
231935,1,1050
232042,1,1050
232072,1,1050
232095,1,1050
232136,1,1050
232151,1,1050
232155,1,1050
232164,1,1050
232187,1,1050
232237,1,1050
232274,1,1050
232327,1,1050
232407,1,1050
232425,1,1050
232508,1,1050
232543,1,1050
232550,1,1050
232656,1,1050
232659,1,1050
233218,1,1050
233308,1,1050
233388,1,1050
233463,1,1050
233504,1,1050
233538,1,1050
233582,1,1050
233608,1,1050
233691,1,1050
233921,1,1050
233970,1,1050
233975,1,1050
234022,1,1050
234033,1,1050
234066,1,1050
234295,1,1050
234321,1,1050
234531,1,1050
234605,1,1050
234694,1,1050
234742,1,1050
234834,1,1050
234911,1,1050
234995,1,1050
235039,1,1050
235051,1,1050
235263,1,1050
235353,1,1050
235369,1,1050
235483,1,1050
235488,1,1050
235491,1,1050
235508,1,1050
235577,1,1050
235614,1,1050
235870,1,1050
235970,1,1050
236001,1,1050
236015,1,1050
236040,1,1050
236061,1,1050
236096,1,1050
236121,1,1050
236152,1,1050
236162,1,1050
236210,1,1050
236219,1,1050
236233,1,1050
236234,1,1050
236281,1,1050
236324,1,1050
236357,1,1050
236361,1,1050
236416,1,1050
236518,1,1050
236621,1,1050
236649,1,1050
236660,1,1050
236796,1,1050
236898,1,1050
237038,1,1050
237077,1,1050
237084,1,1050
237107,1,1050
237123,1,1050
237156,1,1050
237177,1,1050
237191,1,1050
237338,1,1050
237404,1,1050
237505,1,1050
237587,1,1050
237602,1,1050
237659,1,1050
237691,1,1050
237707,1,1050
237732,1,1050
237747,1,1050
237770,1,1050
237948,1,1050
237960,1,1050
238000,1,1050
238008,1,1050
238066,1,1050
238087,1,1050
238104,1,1050
238105,1,1050
238115,1,1050
238125,1,1050
238138,1,1050
238151,1,1050
238170,1,1050
238183,1,1050
238189,1,1050
238221,1,1050
238225,1,1050
238260,1,1050
238265,1,1050
238284,1,1050
238297,1,1050
238324,1,1050
238350,1,1050
238367,1,1050
238367,1,1050
238431,1,1050
238433,1,1050
238434,1,1050
238442,1,1050
238456,1,1050
238460,1,1050
238528,1,1050
238549,1,1050
239027,1,1050
239049,1,1050
239147,1,1050
239157,1,1050
239357,1,1050
239384,1,1050
239397,1,1050
239404,1,1050
239433,1,1050
239440,1,1050
239513,1,1050
239522,1,1050
239574,1,1050
239581,1,1050
239645,1,1050
239847,1,1050
239853,1,1050
239984,1,1050
239986,1,1050
240014,1,1050
240025,1,1050
240035,1,1050
240081,1,1050
240089,1,1050
240123,1,1050
240154,1,1050
240214,1,1050
240234,1,1050
240251,1,1050
240322,1,1050
240356,1,1050
240389,1,1050
240435,1,1050
240558,1,1050
240623,1,1050
240669,1,1050
240698,1,1050
240755,1,1050
240838,1,1050
240898,1,1050
241015,1,1050
241022,1,1050
241067,1,1050
241093,1,1050
241105,1,1050
241121,1,1050
241192,1,1050
241194,1,1050
241231,1,1050
241262,1,1050
241445,1,1050
241574,1,1050
241590,1,1050
241647,1,1050
241651,1,1050
241858,1,1050
241909,1,1050
242019,1,1050
242021,1,1050
242043,1,1050
242104,1,1050
242124,1,1050
242186,1,1050
242200,1,1050
242275,1,1050
242307,1,1050
242468,1,1050
242493,1,1050
242506,1,1050
242541,1,1050
242589,1,1050
242590,1,1050
242591,1,1050
242625,1,1050
242630,1,1050
242691,1,1050
242697,1,1050
243006,1,1050
243061,1,1050
243074,1,1050
243164,1,1050
243179,1,1050
243191,1,1050
243204,1,1050
243288,1,1050
243333,1,1050
243394,1,1050
243485,1,1050
243502,1,1050
243544,1,1050
243565,1,1050
243632,1,1050
243762,1,1050
243829,1,1050
243955,1,1050
243970,1,1050
244055,1,1050
244060,1,1050
244068,1,1050
244097,1,1050
244114,1,1050
244152,1,1050
244152,1,1050
244167,1,1050
244174,1,1050
244249,1,1050
244375,1,1050
244378,1,1050
244621,1,1050
244697,1,1050
244755,1,1050
244756,1,1050
244758,1,1050
244784,1,1050
244803,1,1050
244839,1,1050
244935,1,1050
245006,1,1050
245019,1,1050
245031,1,1050
245032,1,1050
245101,1,1050
245153,1,1050
245171,1,1050
245461,1,1050
245468,1,1050
245533,1,1050
245588,1,1050
245627,1,1050
245706,1,1050
245728,1,1050
245806,1,1050
245832,1,1050
245892,1,1050
246012,1,1050
246029,1,1050
246094,1,1050
246123,1,1050
246165,1,1050
246181,1,1050
246348,1,1050
246439,1,1050
246453,1,1050
246476,1,1050
246512,1,1050
246557,1,1050
246593,1,1050
246787,1,1050
246861,1,1050
246883,1,1050
246932,1,1050
247231,1,1050
247249,1,1050
247542,1,1050
247720,1,1050
247823,1,1050
247835,1,1050
247850,1,1050
248010,1,1050
248042,1,1050
248047,1,1050
248149,1,1050
248195,1,1050
248206,1,1050
248239,1,1050
248265,1,1050
248321,1,1050
248334,1,1050
248414,1,1050
248478,1,1050
248632,1,1050
248735,1,1050
248905,1,1050
249039,1,1050
249062,1,1050
249118,1,1050
249127,1,1050
249131,1,1050
249132,1,1050
249147,1,1050
249148,1,1050
249158,1,1050
249197,1,1050
249215,1,1050
249237,1,1050
249267,1,1050
249278,1,1050
249279,1,1050
249284,1,1050
249286,1,1050
249287,1,1050
249296,1,1050
249323,1,1050
249334,1,1050
249359,1,1050
249364,1,1050
249365,1,1050
249394,1,1050
249437,1,1050
249510,1,1050
249615,1,1050
249653,1,1050
249658,1,1050
249666,1,1050
250035,1,1050
250074,1,1050
250096,1,1050
250175,1,1050
250284,1,1050
250332,1,1050
250343,1,1050
250434,1,1050
250488,1,1050
250532,1,1050
250578,1,1050
250591,1,1050
250701,1,1050
250747,1,1050
250795,1,1050
250839,1,1050
251040,1,1050
251137,1,1050
251146,1,1050
251213,1,1050
251228,1,1050
251349,1,1050
251360,1,1050
251383,1,1050
251394,1,1050
251463,1,1050
251465,1,1050
251476,1,1050
251476,1,1050
251604,1,1050
252039,1,1050
252078,1,1050
252150,1,1050
252157,1,1050
252323,1,1050
252406,1,1050
252435,1,1050
252506,1,1050
252514,1,1050
252675,1,1050
252694,1,1050
252714,1,1050
252778,1,1050
252795,1,1050
252801,1,1050
252804,1,1050
252819,1,1050
253251,1,1050
253365,1,1050
253432,1,1050
253453,1,1050
253467,1,1050
253746,1,1050
253749,1,1050
253807,1,1050
253833,1,1050
253875,1,1050
253918,1,1050
254010,1,1050
254018,1,1050
254035,1,1050
254129,1,1050
254132,1,1050
254176,1,1050
254185,1,1050
254186,1,1050
254197,1,1050
254267,1,1050
254306,1,1050
254309,1,1050
254561,1,1050
254583,1,1050
254758,1,1050
254764,1,1050
254926,1,1050
254976,1,1050
255012,1,1050
255204,1,1050
255232,1,1050
255278,1,1050
255352,1,1050
255377,1,1050
255410,1,1050
255410,1,1050
255472,1,1050
255511,1,1050
255520,1,1050
255626,1,1050
255695,1,1050
255733,1,1050
255763,1,1050
256107,1,1050
256125,1,1050
256168,1,1050
256198,1,1050
256239,1,1050
256361,1,1050
256430,1,1050
256553,1,1050
256557,1,1050
256587,1,1050
256601,1,1050
256878,1,1050
256901,1,1050
256953,1,1050
257044,1,1050
257099,1,1050
257124,1,1050
257153,1,1050
257155,1,1050
257229,1,1050
257244,1,1050
257280,1,1050
257351,1,1050
257369,1,1050
257401,1,1050
257478,1,1050
257583,1,1050
257623,1,1050
257624,1,1050
257741,1,1050
257804,1,1050
257980,1,1050
258181,1,1050
258350,1,1050
258364,1,1050
258382,1,1050
258422,1,1050
258526,1,1050
258567,1,1050
258569,1,1050
258783,1,1050
258789,1,1050
258813,1,1050
258834,1,1050
258841,1,1050
258878,1,1050
259109,1,1050
259116,1,1050
259138,1,1050
259160,1,1050
259170,1,1050
259279,1,1050
259353,1,1050
259427,1,1050
259479,1,1050
259586,1,1050
259778,1,1050
259810,1,1050
259963,1,1050
260016,1,1050
260044,1,1050
260140,1,1050
260339,1,1050
260421,1,1050
260442,1,1050
260472,1,1050
260514,1,1050
260534,1,1050
260681,1,1050
260702,1,1050
260724,1,1050
260894,1,1050
260896,1,1050
261030,1,1050
261030,1,1050
261040,1,1050
261052,1,1050
261286,1,1050
261287,1,1050
261411,1,1050
261413,1,1050
261425,1,1050
261474,1,1050
261522,1,1050
261582,1,1050
261584,1,1050
261700,1,1050
261744,1,1050
261887,1,1050
262003,1,1050
262015,1,1050
262052,1,1050
262078,1,1050
262100,1,1050
262104,1,1050
262110,1,1050
262174,1,1050
262207,1,1050
262420,1,1050
262421,1,1050
262560,1,1050
262576,1,1050
263148,1,1050
263203,1,1050
263364,1,1050
263763,1,1050
263859,1,1050
263871,1,1050
263904,1,1050
263974,1,1050
263981,1,1050
263988,1,1050
264025,1,1050
264032,1,1050
264154,1,1050
264181,1,1050
264433,1,1050
264680,1,1050
264700,1,1050
264779,1,1050
264871,1,1050
264909,1,1050
264965,1,1050
265112,1,1050
265135,1,1050
265159,1,1050
265546,1,1050
265781,1,1050
265865,1,1050
266053,1,1050
266121,1,1050
266200,1,1050
266284,1,1050
266339,1,1050
266407,1,1050
266511,1,1050
266532,1,1050
266584,1,1050
266751,1,1050
267001,1,1050
267010,1,1050
267013,1,1050
267341,1,1050
267358,1,1050
267395,1,1050
267575,1,1050
267624,1,1050
267701,1,1050
267800,1,1050
267906,1,1050
268132,1,1050
268188,1,1050
268228,1,1050
268339,1,1050
268970,1,1050
268974,1,1050
269055,1,1050
269314,1,1050
269320,1,1050
269422,1,1050
269708,1,1050
269951,1,1050
270042,1,1050
270277,1,1050
270358,1,1050
270407,1,1050
270570,1,1050
270780,1,1050
270816,1,1050
270990,1,1050
271050,1,1050
271061,1,1050
271229,1,1050
271576,1,1050
271787,1,1050
271808,1,1050
272063,1,1050
272204,1,1050
272223,1,1050
272291,1,1050
272561,1,1050
273133,1,1050
273245,1,1050
273309,1,1050
273506,1,1050
273556,1,1050
274040,1,1050
274583,1,1050
274618,1,1050
274700,1,1050
274715,1,1050
274734,1,1050
275550,1,1050
275836,1,1050
275992,1,1050
276096,1,1050
276145,1,1050
276152,1,1050
276299,1,1050
276368,1,1050
276559,1,1050
276654,1,1050
277430,1,1050
277532,1,1050
277973,1,1050
278242,1,1050
279046,1,1050
279133,1,1050
279788,1,1050
280069,1,1050
280114,1,1050
280691,1,1050
281675,1,1050
281803,1,1050
282049,1,1050
282092,1,1050
282151,1,1050
282686,1,1050
283006,1,1050
283038,1,1050
283106,1,1050
283133,1,1050
283155,1,1050
283199,1,1050
283244,1,1050
283312,1,1050
283367,1,1050
283372,1,1050
283473,1,1050
283685,1,1050
283724,1,1050
283727,1,1050
283819,1,1050
283894,1,1050
284031,1,1050
284094,1,1050
284121,1,1050
284167,1,1050
284245,1,1050
284514,1,1050
284746,1,1050
284907,1,1050
285035,1,1050
285185,1,1050
285254,1,1050
285293,1,1050
285388,1,1050
285431,1,1050
286000,1,1050
286127,1,1050
286260,1,1050
286462,1,1050
286520,1,1050
286523,1,1050
287260,1,1050
287450,1,1050
287538,1,1050
287542,1,1050
287549,1,1050
288012,1,1050
288054,1,1050
288478,1,1050
288516,1,1050
289216,1,1050
289227,1,1050
289474,1,1050
289702,1,1050
290344,1,1050
290454,1,1050
290614,1,1050
290666,1,1050
