142,1,300
284,1,300
426,1,300
568,1,300
710,1,300
852,1,300
994,1,300
1166,1,300
1332,1,300
1498,1,300
1664,1,300
1830,1,300
1996,1,300
2200,1,300
2400,1,300
2600,1,300
2800,1,300
3000,1,300
3166,1,300
3332,1,300
3498,1,300
3664,1,300
3830,1,300
3996,1,300
4142,1,300
4284,1,300
4426,1,300
4568,1,300
4710,1,300
4852,1,300
4994,1,300
5200,1,300
5400,1,300
5600,1,300
5800,1,300
6000,1,300
6200,1,300
6400,1,300
6600,1,300
6800,1,300
7000,1,300
7200,1,300
7400,1,300
7600,1,300
7800,1,300
8000,1,300
8250,1,300
8500,1,300
8750,1,300
9000,1,300
9071,1,300
9142,1,300
9213,1,300
9284,1,300
9355,1,300
9426,1,300
9497,1,300
9568,1,300
9639,1,300
9710,1,300
9781,1,300
9852,1,300
9923,1,300
9994,1,300
10111,1,300
10222,1,300
10333,1,300
10444,1,300
10555,1,300
10666,1,300
10777,1,300
10888,1,300
10999,1,300
11142,1,300
11284,1,300
11426,1,300
11568,1,300
11710,1,300
11852,1,300
11994,1,300
12142,1,300
12284,1,300
12426,1,300
12568,1,300
12710,1,300
12852,1,300
12994,1,300
13166,1,300
13332,1,300
13498,1,300
13664,1,300
13830,1,300
13996,1,300
14090,1,300
14180,1,300
14270,1,300
14360,1,300
14450,1,300
14540,1,300
14630,1,300
14720,1,300
14810,1,300
14900,1,300
14990,1,300
15166,1,300
15332,1,300
15498,1,300
15664,1,300
15830,1,300
15996,1,300
16166,1,300
16332,1,300
16498,1,300
16664,1,300
16830,1,300
16996,1,300
17500,1,300
18000,1,300
18333,1,300
18666,1,300
18999,1,300
19250,1,300
19500,1,300
19750,1,300
20000,1,300
20058,1,300
20116,1,300
20174,1,300
20232,1,300
20290,1,300
20348,1,300
20406,1,300
20464,1,300
20522,1,300
20580,1,300
20638,1,300
20696,1,300
20754,1,300
20812,1,300
20870,1,300
20928,1,300
20986,1,300
21100,1,300
21200,1,300
21300,1,300
21400,1,300
21500,1,300
21600,1,300
21700,1,300
21800,1,300
21900,1,300
22000,1,300
22111,1,300
22222,1,300
22333,1,300
22444,1,300
22555,1,300
22666,1,300
22777,1,300
22888,1,300
22999,1,300
23100,1,300
23200,1,300
23300,1,300
23400,1,300
23500,1,300
23600,1,300
23700,1,300
23800,1,300
23900,1,300
24000,1,300
24200,1,300
24400,1,300
24600,1,300
24800,1,300
25000,1,300
25142,1,300
25284,1,300
25426,1,300
25568,1,300
25710,1,300
25852,1,300
25994,1,300
26125,1,300
26250,1,300
26375,1,300
26500,1,300
26625,1,300
26750,1,300
26875,1,300
27000,1,300
27111,1,300
27222,1,300
27333,1,300
27444,1,300
27555,1,300
27666,1,300
27777,1,300
27888,1,300
27999,1,300
28142,1,300
28284,1,300
28426,1,300
28568,1,300
28710,1,300
28852,1,300
28994,1,300
29200,1,300
29400,1,300
29600,1,300
29800,1,300
30000,1,300
30125,1,300
30250,1,300
30375,1,300
30500,1,300
30625,1,300
30750,1,300
30875,1,300
31000,1,300
31250,1,300
31500,1,300
31750,1,300
32000,1,300
32043,1,300
32086,1,300
32129,1,300
32172,1,300
32215,1,300
32258,1,300
32301,1,300
32344,1,300
32387,1,300
32430,1,300
32473,1,300
32516,1,300
32559,1,300
32602,1,300
32645,1,300
32688,1,300
32731,1,300
32774,1,300
32817,1,300
32860,1,300
32903,1,300
32946,1,300
32989,1,300
33076,1,300
33152,1,300
33228,1,300
33304,1,300
33380,1,300
33456,1,300
33532,1,300
33608,1,300
33684,1,300
33760,1,300
33836,1,300
33912,1,300
33988,1,300
34090,1,300
34180,1,300
34270,1,300
34360,1,300
34450,1,300
34540,1,300
34630,1,300
34720,1,300
34810,1,300
34900,1,300
34990,1,300
35100,1,300
35200,1,300
35300,1,300
35400,1,300
35500,1,300
35600,1,300
35700,1,300
35800,1,300
35900,1,300
36000,1,300
36125,1,300
36250,1,300
36375,1,300
36500,1,300
36625,1,300
36750,1,300
36875,1,300
37000,1,300
37090,1,300
37180,1,300
37270,1,300
37360,1,300
37450,1,300
37540,1,300
37630,1,300
37720,1,300
37810,1,300
37900,1,300
37990,1,300
38090,1,300
38180,1,300
38270,1,300
38360,1,300
38450,1,300
38540,1,300
38630,1,300
38720,1,300
38810,1,300
38900,1,300
38990,1,300
39076,1,300
39152,1,300
39228,1,300
39304,1,300
39380,1,300
39456,1,300
39532,1,300
39608,1,300
39684,1,300
39760,1,300
39836,1,300
39912,1,300
39988,1,300
40100,1,300
40200,1,300
40300,1,300
40400,1,300
40500,1,300
40600,1,300
40700,1,300
40800,1,300
40900,1,300
41000,1,300
41125,1,300
41250,1,300
41375,1,300
41500,1,300
41625,1,300
41750,1,300
41875,1,300
42000,1,300
42100,1,300
42200,1,300
42300,1,300
42400,1,300
42500,1,300
42600,1,300
42700,1,300
42800,1,300
42900,1,300
43000,1,300
43100,1,300
43200,1,300
43300,1,300
43400,1,300
43500,1,300
43600,1,300
43700,1,300
43800,1,300
43900,1,300
44000,1,300
44038,1,300
44076,1,300
44114,1,300
44152,1,300
44190,1,300
44228,1,300
44266,1,300
44304,1,300
44342,1,300
44380,1,300
44418,1,300
44456,1,300
44494,1,300
44532,1,300
44570,1,300
44608,1,300
44646,1,300
44684,1,300
44722,1,300
44760,1,300
44798,1,300
44836,1,300
44874,1,300
44912,1,300
44950,1,300
44988,1,300
45045,1,300
45090,1,300
45135,1,300
45180,1,300
45225,1,300
45270,1,300
45315,1,300
45360,1,300
45405,1,300
45450,1,300
45495,1,300
45540,1,300
45585,1,300
45630,1,300
45675,1,300
45720,1,300
45765,1,300
45810,1,300
45855,1,300
45900,1,300
45945,1,300
45990,1,300
46047,1,300
46094,1,300
46141,1,300
46188,1,300
46235,1,300
46282,1,300
46329,1,300
46376,1,300
46423,1,300
46470,1,300
46517,1,300
46564,1,300
46611,1,300
46658,1,300
46705,1,300
46752,1,300
46799,1,300
46846,1,300
46893,1,300
46940,1,300
46987,1,300
47052,1,300
47104,1,300
47156,1,300
47208,1,300
47260,1,300
47312,1,300
47364,1,300
47416,1,300
47468,1,300
47520,1,300
47572,1,300
47624,1,300
47676,1,300
47728,1,300
47780,1,300
47832,1,300
47884,1,300
47936,1,300
47988,1,300
48052,1,300
48104,1,300
48156,1,300
48208,1,300
48260,1,300
48312,1,300
48364,1,300
48416,1,300
48468,1,300
48520,1,300
48572,1,300
48624,1,300
48676,1,300
48728,1,300
48780,1,300
48832,1,300
48884,1,300
48936,1,300
48988,1,300
49045,1,300
49090,1,300
49135,1,300
49180,1,300
49225,1,300
49270,1,300
49315,1,300
49360,1,300
49405,1,300
49450,1,300
49495,1,300
49540,1,300
49585,1,300
49630,1,300
49675,1,300
49720,1,300
49765,1,300
49810,1,300
49855,1,300
49900,1,300
49945,1,300
49990,1,300
50052,1,300
50104,1,300
50156,1,300
50208,1,300
50260,1,300
50312,1,300
50364,1,300
50416,1,300
50468,1,300
50520,1,300
50572,1,300
50624,1,300
50676,1,300
50728,1,300
50780,1,300
50832,1,300
50884,1,300
50936,1,300
50988,1,300
51047,1,300
51094,1,300
51141,1,300
51188,1,300
51235,1,300
51282,1,300
51329,1,300
51376,1,300
51423,1,300
51470,1,300
51517,1,300
51564,1,300
51611,1,300
51658,1,300
51705,1,300
51752,1,300
51799,1,300
51846,1,300
51893,1,300
51940,1,300
51987,1,300
52058,1,300
52116,1,300
52174,1,300
52232,1,300
52290,1,300
52348,1,300
52406,1,300
52464,1,300
52522,1,300
52580,1,300
52638,1,300
52696,1,300
52754,1,300
52812,1,300
52870,1,300
52928,1,300
52986,1,300
53062,1,300
53124,1,300
53186,1,300
53248,1,300
53310,1,300
53372,1,300
53434,1,300
53496,1,300
53558,1,300
53620,1,300
53682,1,300
53744,1,300
53806,1,300
53868,1,300
53930,1,300
53992,1,300
54047,1,300
54094,1,300
54141,1,300
54188,1,300
54235,1,300
54282,1,300
54329,1,300
54376,1,300
54423,1,300
54470,1,300
54517,1,300
54564,1,300
54611,1,300
54658,1,300
54705,1,300
54752,1,300
54799,1,300
54846,1,300
54893,1,300
54940,1,300
54987,1,300
55058,1,300
55116,1,300
55174,1,300
55232,1,300
55290,1,300
55348,1,300
55406,1,300
55464,1,300
55522,1,300
55580,1,300
55638,1,300
55696,1,300
55754,1,300
55812,1,300
55870,1,300
55928,1,300
55986,1,300
56027,1,300
56054,1,300
56081,1,300
56108,1,300
56135,1,300
56162,1,300
56189,1,300
56216,1,300
56243,1,300
56270,1,300
56297,1,300
56324,1,300
56351,1,300
56378,1,300
56405,1,300
56432,1,300
56459,1,300
56486,1,300
56513,1,300
56540,1,300
56567,1,300
56594,1,300
56621,1,300
56648,1,300
56675,1,300
56702,1,300
56729,1,300
56756,1,300
56783,1,300
56810,1,300
56837,1,300
56864,1,300
56891,1,300
56918,1,300
56945,1,300
56972,1,300
56999,1,300
57037,1,300
57074,1,300
57111,1,300
57148,1,300
57185,1,300
57222,1,300
57259,1,300
57296,1,300
57333,1,300
57370,1,300
57407,1,300
57444,1,300
57481,1,300
57518,1,300
57555,1,300
57592,1,300
57629,1,300
57666,1,300
57703,1,300
57740,1,300
57777,1,300
57814,1,300
57851,1,300
57888,1,300
57925,1,300
57962,1,300
57999,1,300
58035,1,300
58070,1,300
58105,1,300
58140,1,300
58175,1,300
58210,1,300
58245,1,300
58280,1,300
58315,1,300
58350,1,300
58385,1,300
58420,1,300
58455,1,300
58490,1,300
58525,1,300
58560,1,300
58595,1,300
58630,1,300
58665,1,300
58700,1,300
58735,1,300
58770,1,300
58805,1,300
58840,1,300
58875,1,300
58910,1,300
58945,1,300
58980,1,300
59041,1,300
59082,1,300
59123,1,300
59164,1,300
59205,1,300
59246,1,300
59287,1,300
59328,1,300
59369,1,300
59410,1,300
59451,1,300
59492,1,300
59533,1,300
59574,1,300
59615,1,300
59656,1,300
59697,1,300
59738,1,300
59779,1,300
59820,1,300
59861,1,300
59902,1,300
59943,1,300
59984,1,300
60037,1,300
60074,1,300
60111,1,300
60148,1,300
60185,1,300
60222,1,300
60259,1,300
60296,1,300
60333,1,300
60370,1,300
60407,1,300
60444,1,300
60481,1,300
60518,1,300
60555,1,300
60592,1,300
60629,1,300
60666,1,300
60703,1,300
60740,1,300
60777,1,300
60814,1,300
60851,1,300
60888,1,300
60925,1,300
60962,1,300
60999,1,300
61038,1,300
61076,1,300
61114,1,300
61152,1,300
61190,1,300
61228,1,300
61266,1,300
61304,1,300
61342,1,300
61380,1,300
61418,1,300
61456,1,300
61494,1,300
61532,1,300
61570,1,300
61608,1,300
61646,1,300
61684,1,300
61722,1,300
61760,1,300
61798,1,300
61836,1,300
61874,1,300
61912,1,300
61950,1,300
61988,1,300
62038,1,300
62076,1,300
62114,1,300
62152,1,300
62190,1,300
62228,1,300
62266,1,300
62304,1,300
62342,1,300
62380,1,300
62418,1,300
62456,1,300
62494,1,300
62532,1,300
62570,1,300
62608,1,300
62646,1,300
62684,1,300
62722,1,300
62760,1,300
62798,1,300
62836,1,300
62874,1,300
62912,1,300
62950,1,300
62988,1,300
63037,1,300
63074,1,300
63111,1,300
63148,1,300
63185,1,300
63222,1,300
63259,1,300
63296,1,300
63333,1,300
63370,1,300
63407,1,300
63444,1,300
63481,1,300
63518,1,300
63555,1,300
63592,1,300
63629,1,300
63666,1,300
63703,1,300
63740,1,300
63777,1,300
63814,1,300
63851,1,300
63888,1,300
63925,1,300
63962,1,300
63999,1,300
64038,1,300
64076,1,300
64114,1,300
64152,1,300
64190,1,300
64228,1,300
64266,1,300
64304,1,300
64342,1,300
64380,1,300
64418,1,300
64456,1,300
64494,1,300
64532,1,300
64570,1,300
64608,1,300
64646,1,300
64684,1,300
64722,1,300
64760,1,300
64798,1,300
64836,1,300
64874,1,300
64912,1,300
64950,1,300
64988,1,300
65038,1,300
65076,1,300
65114,1,300
65152,1,300
65190,1,300
65228,1,300
65266,1,300
65304,1,300
65342,1,300
65380,1,300
65418,1,300
65456,1,300
65494,1,300
65532,1,300
65570,1,300
65608,1,300
65646,1,300
65684,1,300
65722,1,300
65760,1,300
65798,1,300
65836,1,300
65874,1,300
65912,1,300
65950,1,300
65988,1,300
66040,1,300
66080,1,300
66120,1,300
66160,1,300
66200,1,300
66240,1,300
66280,1,300
66320,1,300
66360,1,300
66400,1,300
66440,1,300
66480,1,300
66520,1,300
66560,1,300
66600,1,300
66640,1,300
66680,1,300
66720,1,300
66760,1,300
66800,1,300
66840,1,300
66880,1,300
66920,1,300
66960,1,300
67000,1,300
67035,1,300
67070,1,300
67105,1,300
67140,1,300
67175,1,300
67210,1,300
67245,1,300
67280,1,300
67315,1,300
67350,1,300
67385,1,300
67420,1,300
67455,1,300
67490,1,300
67525,1,300
67560,1,300
67595,1,300
67630,1,300
67665,1,300
67700,1,300
67735,1,300
67770,1,300
67805,1,300
67840,1,300
67875,1,300
67910,1,300
67945,1,300
67980,1,300
68020,1,300
68040,1,300
68060,1,300
68080,1,300
68100,1,300
68120,1,300
68140,1,300
68160,1,300
68180,1,300
68200,1,300
68220,1,300
68240,1,300
68260,1,300
68280,1,300
68300,1,300
68320,1,300
68340,1,300
68360,1,300
68380,1,300
68400,1,300
68420,1,300
68440,1,300
68460,1,300
68480,1,300
68500,1,300
68520,1,300
68540,1,300
68560,1,300
68580,1,300
68600,1,300
68620,1,300
68640,1,300
68660,1,300
68680,1,300
68700,1,300
68720,1,300
68740,1,300
68760,1,300
68780,1,300
68800,1,300
68820,1,300
68840,1,300
68860,1,300
68880,1,300
68900,1,300
68920,1,300
68940,1,300
68960,1,300
69025,1,300
69050,1,300
69075,1,300
69100,1,300
69125,1,300
69150,1,300
69175,1,300
69200,1,300
69225,1,300
69250,1,300
69275,1,300
69300,1,300
69325,1,300
69350,1,300
69375,1,300
69400,1,300
69425,1,300
69450,1,300
69475,1,300
69500,1,300
69525,1,300
69550,1,300
69575,1,300
69600,1,300
69625,1,300
69650,1,300
69675,1,300
69700,1,300
69725,1,300
69750,1,300
69775,1,300
69800,1,300
69825,1,300
69850,1,300
69875,1,300
69900,1,300
69925,1,300
69950,1,300
69975,1,300
70000,1,300
70026,1,300
70052,1,300
70078,1,300
70104,1,300
70130,1,300
70156,1,300
70182,1,300
70208,1,300
70234,1,300
70260,1,300
70286,1,300
70312,1,300
70338,1,300
70364,1,300
70390,1,300
70416,1,300
70442,1,300
70468,1,300
70494,1,300
70520,1,300
70546,1,300
70572,1,300
70598,1,300
70624,1,300
70650,1,300
70676,1,300
70702,1,300
70728,1,300
70754,1,300
70780,1,300
70806,1,300
70832,1,300
70858,1,300
70884,1,300
70910,1,300
70936,1,300
70962,1,300
70988,1,300
71025,1,300
71050,1,300
71075,1,300
71100,1,300
71125,1,300
71150,1,300
71175,1,300
71200,1,300
71225,1,300
71250,1,300
71275,1,300
71300,1,300
71325,1,300
71350,1,300
71375,1,300
71400,1,300
71425,1,300
71450,1,300
71475,1,300
71500,1,300
71525,1,300
71550,1,300
71575,1,300
71600,1,300
71625,1,300
71650,1,300
71675,1,300
71700,1,300
71725,1,300
71750,1,300
71775,1,300
71800,1,300
71825,1,300
71850,1,300
71875,1,300
71900,1,300
71925,1,300
71950,1,300
71975,1,300
72027,1,300
72054,1,300
72081,1,300
72108,1,300
72135,1,300
72162,1,300
72189,1,300
72216,1,300
72243,1,300
72270,1,300
72297,1,300
72324,1,300
72351,1,300
72378,1,300
72405,1,300
72432,1,300
72459,1,300
72486,1,300
72513,1,300
72540,1,300
72567,1,300
72594,1,300
72621,1,300
72648,1,300
72675,1,300
72702,1,300
72729,1,300
72756,1,300
72783,1,300
72810,1,300
72837,1,300
72864,1,300
72891,1,300
72918,1,300
72945,1,300
72972,1,300
73026,1,300
73052,1,300
73078,1,300
73104,1,300
73130,1,300
73156,1,300
73182,1,300
73208,1,300
73234,1,300
73260,1,300
73286,1,300
73312,1,300
73338,1,300
73364,1,300
73390,1,300
73416,1,300
73442,1,300
73468,1,300
73494,1,300
73520,1,300
73546,1,300
73572,1,300
73598,1,300
73624,1,300
73650,1,300
73676,1,300
73702,1,300
73728,1,300
73754,1,300
73780,1,300
73806,1,300
73832,1,300
73858,1,300
73884,1,300
73910,1,300
73936,1,300
73962,1,300
73988,1,300
74027,1,300
74054,1,300
74081,1,300
74108,1,300
74135,1,300
74162,1,300
74189,1,300
74216,1,300
74243,1,300
74270,1,300
74297,1,300
74324,1,300
74351,1,300
74378,1,300
74405,1,300
74432,1,300
74459,1,300
74486,1,300
74513,1,300
74540,1,300
74567,1,300
74594,1,300
74621,1,300
74648,1,300
74675,1,300
74702,1,300
74729,1,300
74756,1,300
74783,1,300
74810,1,300
74837,1,300
74864,1,300
74891,1,300
74918,1,300
74945,1,300
74972,1,300
74999,1,300
75027,1,300
75054,1,300
75081,1,300
75108,1,300
75135,1,300
75162,1,300
75189,1,300
75216,1,300
75243,1,300
75270,1,300
75297,1,300
75324,1,300
75351,1,300
75378,1,300
75405,1,300
75432,1,300
75459,1,300
75486,1,300
75513,1,300
75540,1,300
75567,1,300
75594,1,300
75621,1,300
75648,1,300
75675,1,300
75702,1,300
75729,1,300
75756,1,300
75783,1,300
75810,1,300
75837,1,300
75864,1,300
75891,1,300
75918,1,300
75945,1,300
75972,1,300
76027,1,300
76054,1,300
76081,1,300
76108,1,300
76135,1,300
76162,1,300
76189,1,300
76216,1,300
76243,1,300
76270,1,300
76297,1,300
76324,1,300
76351,1,300
76378,1,300
76405,1,300
76432,1,300
76459,1,300
76486,1,300
76513,1,300
76540,1,300
76567,1,300
76594,1,300
76621,1,300
76648,1,300
76675,1,300
76702,1,300
76729,1,300
76756,1,300
76783,1,300
76810,1,300
76837,1,300
76864,1,300
76891,1,300
76918,1,300
76945,1,300
76972,1,300
76999,1,300
77027,1,300
77054,1,300
77081,1,300
77108,1,300
77135,1,300
77162,1,300
77189,1,300
77216,1,300
77243,1,300
77270,1,300
77297,1,300
77324,1,300
77351,1,300
77378,1,300
77405,1,300
77432,1,300
77459,1,300
77486,1,300
77513,1,300
77540,1,300
77567,1,300
77594,1,300
77621,1,300
77648,1,300
77675,1,300
77702,1,300
77729,1,300
77756,1,300
77783,1,300
77810,1,300
77837,1,300
77864,1,300
77891,1,300
77918,1,300
77945,1,300
77972,1,300
77999,1,300
78028,1,300
78056,1,300
78084,1,300
78112,1,300
78140,1,300
78168,1,300
78196,1,300
78224,1,300
78252,1,300
78280,1,300
78308,1,300
78336,1,300
78364,1,300
78392,1,300
78420,1,300
78448,1,300
78476,1,300
78504,1,300
78532,1,300
78560,1,300
78588,1,300
78616,1,300
78644,1,300
78672,1,300
78700,1,300
78728,1,300
78756,1,300
78784,1,300
78812,1,300
78840,1,300
78868,1,300
78896,1,300
78924,1,300
78952,1,300
78980,1,300
79027,1,300
79054,1,300
79081,1,300
79108,1,300
79135,1,300
79162,1,300
79189,1,300
79216,1,300
79243,1,300
79270,1,300
79297,1,300
79324,1,300
79351,1,300
79378,1,300
79405,1,300
79432,1,300
79459,1,300
79486,1,300
79513,1,300
79540,1,300
79567,1,300
79594,1,300
79621,1,300
79648,1,300
79675,1,300
79702,1,300
79729,1,300
79756,1,300
79783,1,300
79810,1,300
79837,1,300
79864,1,300
79891,1,300
79918,1,300
79945,1,300
79972,1,300
80019,1,300
80038,1,300
80057,1,300
80076,1,300
80095,1,300
80114,1,300
80133,1,300
80152,1,300
80171,1,300
80190,1,300
80209,1,300
80228,1,300
80247,1,300
80266,1,300
80285,1,300
80304,1,300
80323,1,300
80342,1,300
80361,1,300
80380,1,300
80399,1,300
80418,1,300
80437,1,300
80456,1,300
80475,1,300
80494,1,300
80513,1,300
80532,1,300
80551,1,300
80570,1,300
80589,1,300
80608,1,300
80627,1,300
80646,1,300
80665,1,300
80684,1,300
80703,1,300
80722,1,300
80741,1,300
80760,1,300
80779,1,300
80798,1,300
80817,1,300
80836,1,300
80855,1,300
80874,1,300
80893,1,300
80912,1,300
80931,1,300
80950,1,300
80969,1,300
80988,1,300
81023,1,300
81046,1,300
81069,1,300
81092,1,300
81115,1,300
81138,1,300
81161,1,300
81184,1,300
81207,1,300
81230,1,300
81253,1,300
81276,1,300
81299,1,300
81322,1,300
81345,1,300
81368,1,300
81391,1,300
81414,1,300
81437,1,300
81460,1,300
81483,1,300
81506,1,300
81529,1,300
81552,1,300
81575,1,300
81598,1,300
81621,1,300
81644,1,300
81667,1,300
81690,1,300
81713,1,300
81736,1,300
81759,1,300
81782,1,300
81805,1,300
81828,1,300
81851,1,300
81874,1,300
81897,1,300
81920,1,300
81943,1,300
81966,1,300
81989,1,300
82023,1,300
82046,1,300
82069,1,300
82092,1,300
82115,1,300
82138,1,300
82161,1,300
82184,1,300
82207,1,300
82230,1,300
82253,1,300
82276,1,300
82299,1,300
82322,1,300
82345,1,300
82368,1,300
82391,1,300
82414,1,300
82437,1,300
82460,1,300
82483,1,300
82506,1,300
82529,1,300
82552,1,300
82575,1,300
82598,1,300
82621,1,300
82644,1,300
82667,1,300
82690,1,300
82713,1,300
82736,1,300
82759,1,300
82782,1,300
82805,1,300
82828,1,300
82851,1,300
82874,1,300
82897,1,300
82920,1,300
82943,1,300
82966,1,300
82989,1,300
83023,1,300
83046,1,300
83069,1,300
83092,1,300
83115,1,300
83138,1,300
83161,1,300
83184,1,300
83207,1,300
83230,1,300
83253,1,300
83276,1,300
83299,1,300
83322,1,300
83345,1,300
83368,1,300
83391,1,300
83414,1,300
83437,1,300
83460,1,300
83483,1,300
83506,1,300
83529,1,300
83552,1,300
83575,1,300
83598,1,300
83621,1,300
83644,1,300
83667,1,300
83690,1,300
83713,1,300
83736,1,300
83759,1,300
83782,1,300
83805,1,300
83828,1,300
83851,1,300
83874,1,300
83897,1,300
83920,1,300
83943,1,300
83966,1,300
84025,1,300
84050,1,300
84075,1,300
84100,1,300
84125,1,300
84150,1,300
84175,1,300
84200,1,300
84225,1,300
84250,1,300
84275,1,300
84300,1,300
84325,1,300
84350,1,300
84375,1,300
84400,1,300
84425,1,300
84450,1,300
84475,1,300
84500,1,300
84525,1,300
84550,1,300
84575,1,300
84600,1,300
84625,1,300
84650,1,300
84675,1,300
84700,1,300
84725,1,300
84750,1,300
84775,1,300
84800,1,300
84825,1,300
84850,1,300
84875,1,300
84900,1,300
84925,1,300
84950,1,300
84975,1,300
85023,1,300
85046,1,300
85069,1,300
85092,1,300
85115,1,300
85138,1,300
85161,1,300
85184,1,300
85207,1,300
85230,1,300
85253,1,300
85276,1,300
85299,1,300
85322,1,300
85345,1,300
85368,1,300
85391,1,300
85414,1,300
85437,1,300
85460,1,300
85483,1,300
85506,1,300
85529,1,300
85552,1,300
85575,1,300
85598,1,300
85621,1,300
85644,1,300
85667,1,300
85690,1,300
85713,1,300
85736,1,300
85759,1,300
85782,1,300
85805,1,300
85828,1,300
85851,1,300
85874,1,300
85897,1,300
85920,1,300
85943,1,300
85966,1,300
86024,1,300
86048,1,300
86072,1,300
86096,1,300
86120,1,300
86144,1,300
86168,1,300
86192,1,300
86216,1,300
86240,1,300
86264,1,300
86288,1,300
86312,1,300
86336,1,300
86360,1,300
86384,1,300
86408,1,300
86432,1,300
86456,1,300
86480,1,300
86504,1,300
86528,1,300
86552,1,300
86576,1,300
86600,1,300
86624,1,300
86648,1,300
86672,1,300
86696,1,300
86720,1,300
86744,1,300
86768,1,300
86792,1,300
86816,1,300
86840,1,300
86864,1,300
86888,1,300
86912,1,300
86936,1,300
86960,1,300
86984,1,300
87023,1,300
87046,1,300
87069,1,300
87092,1,300
87115,1,300
87138,1,300
87161,1,300
87184,1,300
87207,1,300
87230,1,300
87253,1,300
87276,1,300
87299,1,300
87322,1,300
87345,1,300
87368,1,300
87391,1,300
87414,1,300
87437,1,300
87460,1,300
87483,1,300
87506,1,300
87529,1,300
87552,1,300
87575,1,300
87598,1,300
87621,1,300
87644,1,300
87667,1,300
87690,1,300
87713,1,300
87736,1,300
87759,1,300
87782,1,300
87805,1,300
87828,1,300
87851,1,300
87874,1,300
87897,1,300
87920,1,300
87943,1,300
87966,1,300
88025,1,300
88050,1,300
88075,1,300
88100,1,300
88125,1,300
88150,1,300
88175,1,300
88200,1,300
88225,1,300
88250,1,300
88275,1,300
88300,1,300
88325,1,300
88350,1,300
88375,1,300
88400,1,300
88425,1,300
88450,1,300
88475,1,300
88500,1,300
88525,1,300
88550,1,300
88575,1,300
88600,1,300
88625,1,300
88650,1,300
88675,1,300
88700,1,300
88725,1,300
88750,1,300
88775,1,300
88800,1,300
88825,1,300
88850,1,300
88875,1,300
88900,1,300
88925,1,300
88950,1,300
88975,1,300
89000,1,300
89026,1,300
89052,1,300
89078,1,300
89104,1,300
89130,1,300
89156,1,300
89182,1,300
89208,1,300
89234,1,300
89260,1,300
89286,1,300
89312,1,300
89338,1,300
89364,1,300
89390,1,300
89416,1,300
89442,1,300
89468,1,300
89494,1,300
89520,1,300
89546,1,300
89572,1,300
89598,1,300
89624,1,300
89650,1,300
89676,1,300
89702,1,300
89728,1,300
89754,1,300
89780,1,300
89806,1,300
89832,1,300
89858,1,300
89884,1,300
89910,1,300
89936,1,300
89962,1,300
89988,1,300
90024,1,300
90048,1,300
90072,1,300
90096,1,300
90120,1,300
90144,1,300
90168,1,300
90192,1,300
90216,1,300
90240,1,300
90264,1,300
90288,1,300
90312,1,300
90336,1,300
90360,1,300
90384,1,300
90408,1,300
90432,1,300
90456,1,300
90480,1,300
90504,1,300
90528,1,300
90552,1,300
90576,1,300
90600,1,300
90624,1,300
90648,1,300
90672,1,300
90696,1,300
90720,1,300
90744,1,300
90768,1,300
90792,1,300
90816,1,300
90840,1,300
90864,1,300
90888,1,300
90912,1,300
90936,1,300
90960,1,300
90984,1,300
91025,1,300
91050,1,300
91075,1,300
91100,1,300
91125,1,300
91150,1,300
91175,1,300
91200,1,300
91225,1,300
91250,1,300
91275,1,300
91300,1,300
91325,1,300
91350,1,300
91375,1,300
91400,1,300
91425,1,300
91450,1,300
91475,1,300
91500,1,300
91525,1,300
91550,1,300
91575,1,300
91600,1,300
91625,1,300
91650,1,300
91675,1,300
91700,1,300
91725,1,300
91750,1,300
91775,1,300
91800,1,300
91825,1,300
91850,1,300
91875,1,300
91900,1,300
91925,1,300
91950,1,300
91975,1,300
92016,1,300
92032,1,300
92048,1,300
92064,1,300
92080,1,300
92096,1,300
92112,1,300
92128,1,300
92144,1,300
92160,1,300
92176,1,300
92192,1,300
92208,1,300
92224,1,300
92240,1,300
92256,1,300
92272,1,300
92288,1,300
92304,1,300
92320,1,300
92336,1,300
92352,1,300
92368,1,300
92384,1,300
92400,1,300
92416,1,300
92432,1,300
92448,1,300
92464,1,300
92480,1,300
92496,1,300
92512,1,300
92528,1,300
92544,1,300
92560,1,300
92576,1,300
92592,1,300
92608,1,300
92624,1,300
92640,1,300
92656,1,300
92672,1,300
92688,1,300
92704,1,300
92720,1,300
92736,1,300
92752,1,300
92768,1,300
92784,1,300
92800,1,300
92816,1,300
92832,1,300
92848,1,300
92864,1,300
92880,1,300
92896,1,300
92912,1,300
92928,1,300
92944,1,300
92960,1,300
92976,1,300
93022,1,300
93044,1,300
93066,1,300
93088,1,300
93110,1,300
93132,1,300
93154,1,300
93176,1,300
93198,1,300
93220,1,300
93242,1,300
93264,1,300
93286,1,300
93308,1,300
93330,1,300
93352,1,300
93374,1,300
93396,1,300
93418,1,300
93440,1,300
93462,1,300
93484,1,300
93506,1,300
93528,1,300
93550,1,300
93572,1,300
93594,1,300
93616,1,300
93638,1,300
93660,1,300
93682,1,300
93704,1,300
93726,1,300
93748,1,300
93770,1,300
93792,1,300
93814,1,300
93836,1,300
93858,1,300
93880,1,300
93902,1,300
93924,1,300
93946,1,300
93968,1,300
93990,1,300
94022,1,300
94044,1,300
94066,1,300
94088,1,300
94110,1,300
94132,1,300
94154,1,300
94176,1,300
94198,1,300
94220,1,300
94242,1,300
94264,1,300
94286,1,300
94308,1,300
94330,1,300
94352,1,300
94374,1,300
94396,1,300
94418,1,300
94440,1,300
94462,1,300
94484,1,300
94506,1,300
94528,1,300
94550,1,300
94572,1,300
94594,1,300
94616,1,300
94638,1,300
94660,1,300
94682,1,300
94704,1,300
94726,1,300
94748,1,300
94770,1,300
94792,1,300
94814,1,300
94836,1,300
94858,1,300
94880,1,300
94902,1,300
94924,1,300
94946,1,300
94968,1,300
95023,1,300
95046,1,300
95069,1,300
95092,1,300
95115,1,300
95138,1,300
95161,1,300
95184,1,300
95207,1,300
95230,1,300
95253,1,300
95276,1,300
95299,1,300
95322,1,300
95345,1,300
95368,1,300
95391,1,300
95414,1,300
95437,1,300
95460,1,300
95483,1,300
95506,1,300
95529,1,300
95552,1,300
95575,1,300
95598,1,300
95621,1,300
95644,1,300
95667,1,300
95690,1,300
95713,1,300
95736,1,300
95759,1,300
95782,1,300
95805,1,300
95828,1,300
95851,1,300
95874,1,300
95897,1,300
95920,1,300
95943,1,300
95966,1,300
95989,1,300
96024,1,300
96048,1,300
96072,1,300
96096,1,300
96120,1,300
96144,1,300
96168,1,300
96192,1,300
96216,1,300
96240,1,300
96264,1,300
96288,1,300
96312,1,300
96336,1,300
96360,1,300
96384,1,300
96408,1,300
96432,1,300
96456,1,300
96480,1,300
96504,1,300
96528,1,300
96552,1,300
96576,1,300
96600,1,300
96624,1,300
96648,1,300
96672,1,300
96696,1,300
96720,1,300
96744,1,300
96768,1,300
96792,1,300
96816,1,300
96840,1,300
96864,1,300
96888,1,300
96912,1,300
96936,1,300
96960,1,300
96984,1,300
97024,1,300
97048,1,300
97072,1,300
97096,1,300
97120,1,300
97144,1,300
97168,1,300
97192,1,300
97216,1,300
97240,1,300
97264,1,300
97288,1,300
97312,1,300
97336,1,300
97360,1,300
97384,1,300
97408,1,300
97432,1,300
97456,1,300
97480,1,300
97504,1,300
97528,1,300
97552,1,300
97576,1,300
97600,1,300
97624,1,300
97648,1,300
97672,1,300
97696,1,300
97720,1,300
97744,1,300
97768,1,300
97792,1,300
97816,1,300
97840,1,300
97864,1,300
97888,1,300
97912,1,300
97936,1,300
97960,1,300
97984,1,300
98024,1,300
98048,1,300
98072,1,300
98096,1,300
98120,1,300
98144,1,300
98168,1,300
98192,1,300
98216,1,300
98240,1,300
98264,1,300
98288,1,300
98312,1,300
98336,1,300
98360,1,300
98384,1,300
98408,1,300
98432,1,300
98456,1,300
98480,1,300
98504,1,300
98528,1,300
98552,1,300
98576,1,300
98600,1,300
98624,1,300
98648,1,300
98672,1,300
98696,1,300
98720,1,300
98744,1,300
98768,1,300
98792,1,300
98816,1,300
98840,1,300
98864,1,300
98888,1,300
98912,1,300
98936,1,300
98960,1,300
98984,1,300
99023,1,300
99046,1,300
99069,1,300
99092,1,300
99115,1,300
99138,1,300
99161,1,300
99184,1,300
99207,1,300
99230,1,300
99253,1,300
99276,1,300
99299,1,300
99322,1,300
99345,1,300
99368,1,300
99391,1,300
99414,1,300
99437,1,300
99460,1,300
99483,1,300
99506,1,300
99529,1,300
99552,1,300
99575,1,300
99598,1,300
99621,1,300
99644,1,300
99667,1,300
99690,1,300
99713,1,300
99736,1,300
99759,1,300
99782,1,300
99805,1,300
99828,1,300
99851,1,300
99874,1,300
99897,1,300
99920,1,300
99943,1,300
99966,1,300
100027,1,300
100054,1,300
100081,1,300
100108,1,300
100135,1,300
100162,1,300
100189,1,300
100216,1,300
100243,1,300
100270,1,300
100297,1,300
100324,1,300
100351,1,300
100378,1,300
100405,1,300
100432,1,300
100459,1,300
100486,1,300
100513,1,300
100540,1,300
100567,1,300
100594,1,300
100621,1,300
100648,1,300
100675,1,300
100702,1,300
100729,1,300
100756,1,300
100783,1,300
100810,1,300
100837,1,300
100864,1,300
100891,1,300
100918,1,300
100945,1,300
100972,1,300
100999,1,300
101025,1,300
101050,1,300
101075,1,300
101100,1,300
101125,1,300
101150,1,300
101175,1,300
101200,1,300
101225,1,300
101250,1,300
101275,1,300
101300,1,300
101325,1,300
101350,1,300
101375,1,300
101400,1,300
101425,1,300
101450,1,300
101475,1,300
101500,1,300
101525,1,300
101550,1,300
101575,1,300
101600,1,300
101625,1,300
101650,1,300
101675,1,300
101700,1,300
101725,1,300
101750,1,300
101775,1,300
101800,1,300
101825,1,300
101850,1,300
101875,1,300
101900,1,300
101925,1,300
101950,1,300
101975,1,300
102027,1,300
102054,1,300
102081,1,300
102108,1,300
102135,1,300
102162,1,300
102189,1,300
102216,1,300
102243,1,300
102270,1,300
102297,1,300
102324,1,300
102351,1,300
102378,1,300
102405,1,300
102432,1,300
102459,1,300
102486,1,300
102513,1,300
102540,1,300
102567,1,300
102594,1,300
102621,1,300
102648,1,300
102675,1,300
102702,1,300
102729,1,300
102756,1,300
102783,1,300
102810,1,300
102837,1,300
102864,1,300
102891,1,300
102918,1,300
102945,1,300
102972,1,300
103027,1,300
103054,1,300
103081,1,300
103108,1,300
103135,1,300
103162,1,300
103189,1,300
103216,1,300
103243,1,300
103270,1,300
103297,1,300
103324,1,300
103351,1,300
103378,1,300
103405,1,300
103432,1,300
103459,1,300
103486,1,300
103513,1,300
103540,1,300
103567,1,300
103594,1,300
103621,1,300
103648,1,300
103675,1,300
103702,1,300
103729,1,300
103756,1,300
103783,1,300
103810,1,300
103837,1,300
103864,1,300
103891,1,300
103918,1,300
103945,1,300
103972,1,300
104022,1,300
104044,1,300
104066,1,300
104088,1,300
104110,1,300
104132,1,300
104154,1,300
104176,1,300
104198,1,300
104220,1,300
104242,1,300
104264,1,300
104286,1,300
104308,1,300
104330,1,300
104352,1,300
104374,1,300
104396,1,300
104418,1,300
104440,1,300
104462,1,300
104484,1,300
104506,1,300
104528,1,300
104550,1,300
104572,1,300
104594,1,300
104616,1,300
104638,1,300
104660,1,300
104682,1,300
104704,1,300
104726,1,300
104748,1,300
104770,1,300
104792,1,300
104814,1,300
104836,1,300
104858,1,300
104880,1,300
104902,1,300
104924,1,300
104946,1,300
104968,1,300
104990,1,300
105029,1,300
105058,1,300
105087,1,300
105116,1,300
105145,1,300
105174,1,300
105203,1,300
105232,1,300
105261,1,300
105290,1,300
105319,1,300
105348,1,300
105377,1,300
105406,1,300
105435,1,300
105464,1,300
105493,1,300
105522,1,300
105551,1,300
105580,1,300
105609,1,300
105638,1,300
105667,1,300
105696,1,300
105725,1,300
105754,1,300
105783,1,300
105812,1,300
105841,1,300
105870,1,300
105899,1,300
105928,1,300
105957,1,300
105986,1,300
106030,1,300
106060,1,300
106090,1,300
106120,1,300
106150,1,300
106180,1,300
106210,1,300
106240,1,300
106270,1,300
106300,1,300
106330,1,300
106360,1,300
106390,1,300
106420,1,300
106450,1,300
106480,1,300
106510,1,300
106540,1,300
106570,1,300
106600,1,300
106630,1,300
106660,1,300
106690,1,300
106720,1,300
106750,1,300
106780,1,300
106810,1,300
106840,1,300
106870,1,300
106900,1,300
106930,1,300
106960,1,300
106990,1,300
107032,1,300
107064,1,300
107096,1,300
107128,1,300
107160,1,300
107192,1,300
107224,1,300
107256,1,300
107288,1,300
107320,1,300
107352,1,300
107384,1,300
107416,1,300
107448,1,300
107480,1,300
107512,1,300
107544,1,300
107576,1,300
107608,1,300
107640,1,300
107672,1,300
107704,1,300
107736,1,300
107768,1,300
107800,1,300
107832,1,300
107864,1,300
107896,1,300
107928,1,300
107960,1,300
107992,1,300
108033,1,300
108066,1,300
108099,1,300
108132,1,300
108165,1,300
108198,1,300
108231,1,300
108264,1,300
108297,1,300
108330,1,300
108363,1,300
108396,1,300
108429,1,300
108462,1,300
108495,1,300
108528,1,300
108561,1,300
108594,1,300
108627,1,300
108660,1,300
108693,1,300
108726,1,300
108759,1,300
108792,1,300
108825,1,300
108858,1,300
108891,1,300
108924,1,300
108957,1,300
108990,1,300
109031,1,300
109062,1,300
109093,1,300
109124,1,300
109155,1,300
109186,1,300
109217,1,300
109248,1,300
109279,1,300
109310,1,300
109341,1,300
109372,1,300
109403,1,300
109434,1,300
109465,1,300
109496,1,300
109527,1,300
109558,1,300
109589,1,300
109620,1,300
109651,1,300
109682,1,300
109713,1,300
109744,1,300
109775,1,300
109806,1,300
109837,1,300
109868,1,300
109899,1,300
109930,1,300
109961,1,300
109992,1,300
110031,1,300
110062,1,300
110093,1,300
110124,1,300
110155,1,300
110186,1,300
110217,1,300
110248,1,300
110279,1,300
110310,1,300
110341,1,300
110372,1,300
110403,1,300
110434,1,300
110465,1,300
110496,1,300
110527,1,300
110558,1,300
110589,1,300
110620,1,300
110651,1,300
110682,1,300
110713,1,300
110744,1,300
110775,1,300
110806,1,300
110837,1,300
110868,1,300
110899,1,300
110930,1,300
110961,1,300
110992,1,300
111030,1,300
111060,1,300
111090,1,300
111120,1,300
111150,1,300
111180,1,300
111210,1,300
111240,1,300
111270,1,300
111300,1,300
111330,1,300
111360,1,300
111390,1,300
111420,1,300
111450,1,300
111480,1,300
111510,1,300
111540,1,300
111570,1,300
111600,1,300
111630,1,300
111660,1,300
111690,1,300
111720,1,300
111750,1,300
111780,1,300
111810,1,300
111840,1,300
111870,1,300
111900,1,300
111930,1,300
111960,1,300
111990,1,300
112034,1,300
112068,1,300
112102,1,300
112136,1,300
112170,1,300
112204,1,300
112238,1,300
112272,1,300
112306,1,300
112340,1,300
112374,1,300
112408,1,300
112442,1,300
112476,1,300
112510,1,300
112544,1,300
112578,1,300
112612,1,300
112646,1,300
112680,1,300
112714,1,300
112748,1,300
112782,1,300
112816,1,300
112850,1,300
112884,1,300
112918,1,300
112952,1,300
112986,1,300
113034,1,300
113068,1,300
113102,1,300
113136,1,300
113170,1,300
113204,1,300
113238,1,300
113272,1,300
113306,1,300
113340,1,300
113374,1,300
113408,1,300
113442,1,300
113476,1,300
113510,1,300
113544,1,300
113578,1,300
113612,1,300
113646,1,300
113680,1,300
113714,1,300
113748,1,300
113782,1,300
113816,1,300
113850,1,300
113884,1,300
113918,1,300
113952,1,300
113986,1,300
114035,1,300
114070,1,300
114105,1,300
114140,1,300
114175,1,300
114210,1,300
114245,1,300
114280,1,300
114315,1,300
114350,1,300
114385,1,300
114420,1,300
114455,1,300
114490,1,300
114525,1,300
114560,1,300
114595,1,300
114630,1,300
114665,1,300
114700,1,300
114735,1,300
114770,1,300
114805,1,300
114840,1,300
114875,1,300
114910,1,300
114945,1,300
114980,1,300
115034,1,300
115068,1,300
115102,1,300
115136,1,300
115170,1,300
115204,1,300
115238,1,300
115272,1,300
115306,1,300
115340,1,300
115374,1,300
115408,1,300
115442,1,300
115476,1,300
115510,1,300
115544,1,300
115578,1,300
115612,1,300
115646,1,300
115680,1,300
115714,1,300
115748,1,300
115782,1,300
115816,1,300
115850,1,300
115884,1,300
115918,1,300
115952,1,300
115986,1,300
116031,1,300
116062,1,300
116093,1,300
116124,1,300
116155,1,300
116186,1,300
116217,1,300
116248,1,300
116279,1,300
116310,1,300
116341,1,300
116372,1,300
116403,1,300
116434,1,300
116465,1,300
116496,1,300
116527,1,300
116558,1,300
116589,1,300
116620,1,300
116651,1,300
116682,1,300
116713,1,300
116744,1,300
116775,1,300
116806,1,300
116837,1,300
116868,1,300
116899,1,300
116930,1,300
116961,1,300
116992,1,300
117043,1,300
117086,1,300
117129,1,300
117172,1,300
117215,1,300
117258,1,300
117301,1,300
117344,1,300
117387,1,300
117430,1,300
117473,1,300
117516,1,300
117559,1,300
117602,1,300
117645,1,300
117688,1,300
117731,1,300
117774,1,300
117817,1,300
117860,1,300
117903,1,300
117946,1,300
117989,1,300
118045,1,300
118090,1,300
118135,1,300
118180,1,300
118225,1,300
118270,1,300
118315,1,300
118360,1,300
118405,1,300
118450,1,300
118495,1,300
118540,1,300
118585,1,300
118630,1,300
118675,1,300
118720,1,300
118765,1,300
118810,1,300
118855,1,300
118900,1,300
118945,1,300
118990,1,300
119047,1,300
119094,1,300
119141,1,300
119188,1,300
119235,1,300
119282,1,300
119329,1,300
119376,1,300
119423,1,300
119470,1,300
119517,1,300
119564,1,300
119611,1,300
119658,1,300
119705,1,300
119752,1,300
119799,1,300
119846,1,300
119893,1,300
119940,1,300
119987,1,300
120045,1,300
120090,1,300
120135,1,300
120180,1,300
120225,1,300
120270,1,300
120315,1,300
120360,1,300
120405,1,300
120450,1,300
120495,1,300
120540,1,300
120585,1,300
120630,1,300
120675,1,300
120720,1,300
120765,1,300
120810,1,300
120855,1,300
120900,1,300
120945,1,300
120990,1,300
121047,1,300
121094,1,300
121141,1,300
121188,1,300
121235,1,300
121282,1,300
121329,1,300
121376,1,300
121423,1,300
121470,1,300
121517,1,300
121564,1,300
121611,1,300
121658,1,300
121705,1,300
121752,1,300
121799,1,300
121846,1,300
121893,1,300
121940,1,300
121987,1,300
122050,1,300
122100,1,300
122150,1,300
122200,1,300
122250,1,300
122300,1,300
122350,1,300
122400,1,300
122450,1,300
122500,1,300
122550,1,300
122600,1,300
122650,1,300
122700,1,300
122750,1,300
122800,1,300
122850,1,300
122900,1,300
122950,1,300
123000,1,300
123045,1,300
123090,1,300
123135,1,300
123180,1,300
123225,1,300
123270,1,300
123315,1,300
123360,1,300
123405,1,300
123450,1,300
123495,1,300
123540,1,300
123585,1,300
123630,1,300
123675,1,300
123720,1,300
123765,1,300
123810,1,300
123855,1,300
123900,1,300
123945,1,300
123990,1,300
124055,1,300
124110,1,300
124165,1,300
124220,1,300
124275,1,300
124330,1,300
124385,1,300
124440,1,300
124495,1,300
124550,1,300
124605,1,300
124660,1,300
124715,1,300
124770,1,300
124825,1,300
124880,1,300
124935,1,300
124990,1,300
125052,1,300
125104,1,300
125156,1,300
125208,1,300
125260,1,300
125312,1,300
125364,1,300
125416,1,300
125468,1,300
125520,1,300
125572,1,300
125624,1,300
125676,1,300
125728,1,300
125780,1,300
125832,1,300
125884,1,300
125936,1,300
125988,1,300
126052,1,300
126104,1,300
126156,1,300
126208,1,300
126260,1,300
126312,1,300
126364,1,300
126416,1,300
126468,1,300
126520,1,300
126572,1,300
126624,1,300
126676,1,300
126728,1,300
126780,1,300
126832,1,300
126884,1,300
126936,1,300
126988,1,300
127058,1,300
127116,1,300
127174,1,300
127232,1,300
127290,1,300
127348,1,300
127406,1,300
127464,1,300
127522,1,300
127580,1,300
127638,1,300
127696,1,300
127754,1,300
127812,1,300
127870,1,300
127928,1,300
127986,1,300
128041,1,300
128082,1,300
128123,1,300
128164,1,300
128205,1,300
128246,1,300
128287,1,300
128328,1,300
128369,1,300
128410,1,300
128451,1,300
128492,1,300
128533,1,300
128574,1,300
128615,1,300
128656,1,300
128697,1,300
128738,1,300
128779,1,300
128820,1,300
128861,1,300
128902,1,300
128943,1,300
128984,1,300
129062,1,300
129124,1,300
129186,1,300
129248,1,300
129310,1,300
129372,1,300
129434,1,300
129496,1,300
129558,1,300
129620,1,300
129682,1,300
129744,1,300
129806,1,300
129868,1,300
129930,1,300
129992,1,300
130062,1,300
130124,1,300
130186,1,300
130248,1,300
130310,1,300
130372,1,300
130434,1,300
130496,1,300
130558,1,300
130620,1,300
130682,1,300
130744,1,300
130806,1,300
130868,1,300
130930,1,300
130992,1,300
131066,1,300
131132,1,300
131198,1,300
131264,1,300
131330,1,300
131396,1,300
131462,1,300
131528,1,300
131594,1,300
131660,1,300
131726,1,300
131792,1,300
131858,1,300
131924,1,300
131990,1,300
132090,1,300
132180,1,300
132270,1,300
132360,1,300
132450,1,300
132540,1,300
132630,1,300
132720,1,300
132810,1,300
132900,1,300
132990,1,300
133076,1,300
133152,1,300
133228,1,300
133304,1,300
133380,1,300
133456,1,300
133532,1,300
133608,1,300
133684,1,300
133760,1,300
133836,1,300
133912,1,300
133988,1,300
134076,1,300
134152,1,300
134228,1,300
134304,1,300
134380,1,300
134456,1,300
134532,1,300
134608,1,300
134684,1,300
134760,1,300
134836,1,300
134912,1,300
134988,1,300
135071,1,300
135142,1,300
135213,1,300
135284,1,300
135355,1,300
135426,1,300
135497,1,300
135568,1,300
135639,1,300
135710,1,300
135781,1,300
135852,1,300
135923,1,300
135994,1,300
136083,1,300
136166,1,300
136249,1,300
136332,1,300
136415,1,300
136498,1,300
136581,1,300
136664,1,300
136747,1,300
136830,1,300
136913,1,300
136996,1,300
137083,1,300
137166,1,300
137249,1,300
137332,1,300
137415,1,300
137498,1,300
137581,1,300
137664,1,300
137747,1,300
137830,1,300
137913,1,300
137996,1,300
138076,1,300
138152,1,300
138228,1,300
138304,1,300
138380,1,300
138456,1,300
138532,1,300
138608,1,300
138684,1,300
138760,1,300
138836,1,300
138912,1,300
138988,1,300
139111,1,300
139222,1,300
139333,1,300
139444,1,300
139555,1,300
139666,1,300
139777,1,300
139888,1,300
139999,1,300
140062,1,300
140124,1,300
140186,1,300
140248,1,300
140310,1,300
140372,1,300
140434,1,300
140496,1,300
140558,1,300
140620,1,300
140682,1,300
140744,1,300
140806,1,300
140868,1,300
140930,1,300
140992,1,300
141125,1,300
141250,1,300
141375,1,300
141500,1,300
141625,1,300
141750,1,300
141875,1,300
142000,1,300
142125,1,300
142250,1,300
142375,1,300
142500,1,300
142625,1,300
142750,1,300
142875,1,300
143000,1,300
143125,1,300
143250,1,300
143375,1,300
143500,1,300
143625,1,300
143750,1,300
143875,1,300
144000,1,300
144090,1,300
144180,1,300
144270,1,300
144360,1,300
144450,1,300
144540,1,300
144630,1,300
144720,1,300
144810,1,300
144900,1,300
144990,1,300
145100,1,300
145200,1,300
145300,1,300
145400,1,300
145500,1,300
145600,1,300
145700,1,300
145800,1,300
145900,1,300
146000,1,300
146125,1,300
146250,1,300
146375,1,300
146500,1,300
146625,1,300
146750,1,300
146875,1,300
147000,1,300
147090,1,300
147180,1,300
147270,1,300
147360,1,300
147450,1,300
147540,1,300
147630,1,300
147720,1,300
147810,1,300
147900,1,300
147990,1,300
148166,1,300
148332,1,300
148498,1,300
148664,1,300
148830,1,300
148996,1,300
149142,1,300
149284,1,300
149426,1,300
149568,1,300
149710,1,300
149852,1,300
149994,1,300
150142,1,300
150284,1,300
150426,1,300
150568,1,300
150710,1,300
150852,1,300
150994,1,300
151250,1,300
151500,1,300
151750,1,300
152000,1,300
152076,1,300
152152,1,300
152228,1,300
152304,1,300
152380,1,300
152456,1,300
152532,1,300
152608,1,300
152684,1,300
152760,1,300
152836,1,300
152912,1,300
152988,1,300
153111,1,300
153222,1,300
153333,1,300
153444,1,300
153555,1,300
153666,1,300
153777,1,300
153888,1,300
153999,1,300
154142,1,300
154284,1,300
154426,1,300
154568,1,300
154710,1,300
154852,1,300
154994,1,300
155166,1,300
155332,1,300
155498,1,300
155664,1,300
155830,1,300
155996,1,300
156250,1,300
156500,1,300
156750,1,300
157000,1,300
157142,1,300
157284,1,300
157426,1,300
157568,1,300
157710,1,300
157852,1,300
157994,1,300
158142,1,300
158284,1,300
158426,1,300
158568,1,300
158710,1,300
158852,1,300
158994,1,300
159100,1,300
159200,1,300
159300,1,300
159400,1,300
159500,1,300
159600,1,300
159700,1,300
159800,1,300
159900,1,300
160000,1,300
160333,1,300
160666,1,300
160999,1,300
161250,1,300
161500,1,300
161750,1,300
162000,1,300
162333,1,300
162666,1,300
162999,1,300
163250,1,300
163500,1,300
163750,1,300
164000,1,300
164066,1,300
164132,1,300
164198,1,300
164264,1,300
164330,1,300
164396,1,300
164462,1,300
164528,1,300
164594,1,300
164660,1,300
164726,1,300
164792,1,300
164858,1,300
164924,1,300
164990,1,300
165142,1,300
165284,1,300
165426,1,300
165568,1,300
165710,1,300
165852,1,300
165994,1,300
166125,1,300
166250,1,300
166375,1,300
166500,1,300
166625,1,300
166750,1,300
166875,1,300
167000,1,300
167166,1,300
167332,1,300
167498,1,300
167664,1,300
167830,1,300
167996,1,300
168250,1,300
168500,1,300
168750,1,300
169000,1,300
169142,1,300
169284,1,300
169426,1,300
169568,1,300
169710,1,300
169852,1,300
169994,1,300
170200,1,300
170400,1,300
170600,1,300
170800,1,300
171000,1,300
171142,1,300
171284,1,300
171426,1,300
171568,1,300
171710,1,300
171852,1,300
171994,1,300
172250,1,300
172500,1,300
172750,1,300
173000,1,300
173250,1,300
173500,1,300
173750,1,300
174000,1,300
174200,1,300
174400,1,300
174600,1,300
174800,1,300
175000,1,300
175333,1,300
175666,1,300
175999,1,300
176058,1,300
176116,1,300
176174,1,300
176232,1,300
176290,1,300
176348,1,300
176406,1,300
176464,1,300
176522,1,300
176580,1,300
176638,1,300
176696,1,300
176754,1,300
176812,1,300
176870,1,300
176928,1,300
176986,1,300
177111,1,300
177222,1,300
177333,1,300
177444,1,300
177555,1,300
177666,1,300
177777,1,300
177888,1,300
177999,1,300
178125,1,300
178250,1,300
178375,1,300
178500,1,300
178625,1,300
178750,1,300
178875,1,300
179000,1,300
179200,1,300
179400,1,300
179600,1,300
179800,1,300
180000,1,300
180333,1,300
180666,1,300
180999,1,300
181166,1,300
181332,1,300
181498,1,300
181664,1,300
181830,1,300
181996,1,300
182166,1,300
182332,1,300
182498,1,300
182664,1,300
182830,1,300
182996,1,300
183111,1,300
183222,1,300
183333,1,300
183444,1,300
183555,1,300
183666,1,300
183777,1,300
183888,1,300
183999,1,300
184166,1,300
184332,1,300
184498,1,300
184664,1,300
184830,1,300
184996,1,300
185200,1,300
185400,1,300
185600,1,300
185800,1,300
186000,1,300
186142,1,300
186284,1,300
186426,1,300
186568,1,300
186710,1,300
186852,1,300
186994,1,300
187250,1,300
187500,1,300
187750,1,300
188000,1,300
188066,1,300
188132,1,300
188198,1,300
188264,1,300
188330,1,300
188396,1,300
188462,1,300
188528,1,300
188594,1,300
188660,1,300
188726,1,300
188792,1,300
188858,1,300
188924,1,300
188990,1,300
189166,1,300
189332,1,300
189498,1,300
189664,1,300
189830,1,300
189996,1,300
190200,1,300
190400,1,300
190600,1,300
190800,1,300
191000,1,300
191111,1,300
191222,1,300
191333,1,300
191444,1,300
191555,1,300
191666,1,300
191777,1,300
191888,1,300
191999,1,300
192200,1,300
192400,1,300
192600,1,300
192800,1,300
193000,1,300
193166,1,300
193332,1,300
193498,1,300
193664,1,300
193830,1,300
193996,1,300
194142,1,300
194284,1,300
194426,1,300
194568,1,300
194710,1,300
194852,1,300
194994,1,300
195125,1,300
195250,1,300
195375,1,300
195500,1,300
195625,1,300
195750,1,300
195875,1,300
196000,1,300
196166,1,300
196332,1,300
196498,1,300
196664,1,300
196830,1,300
196996,1,300
197200,1,300
197400,1,300
197600,1,300
197800,1,300
198000,1,300
198166,1,300
198332,1,300
198498,1,300
198664,1,300
198830,1,300
198996,1,300
199250,1,300
199500,1,300
199750,1,300
200000,1,300
200047,1,300
200094,1,300
200141,1,300
200188,1,300
200235,1,300
200282,1,300
200329,1,300
200376,1,300
200423,1,300
200470,1,300
200517,1,300
200564,1,300
200611,1,300
200658,1,300
200705,1,300
200752,1,300
200799,1,300
200846,1,300
200893,1,300
200940,1,300
200987,1,300
201125,1,300
201250,1,300
201375,1,300
201500,1,300
201625,1,300
201750,1,300
201875,1,300
202000,1,300
202142,1,300
202284,1,300
202426,1,300
202568,1,300
202710,1,300
202852,1,300
202994,1,300
203111,1,300
203222,1,300
203333,1,300
203444,1,300
203555,1,300
203666,1,300
203777,1,300
203888,1,300
203999,1,300
204125,1,300
204250,1,300
204375,1,300
204500,1,300
204625,1,300
204750,1,300
204875,1,300
205000,1,300
205125,1,300
205250,1,300
205375,1,300
205500,1,300
205625,1,300
205750,1,300
205875,1,300
206000,1,300
206111,1,300
206222,1,300
206333,1,300
206444,1,300
206555,1,300
206666,1,300
206777,1,300
206888,1,300
206999,1,300
207111,1,300
207222,1,300
207333,1,300
207444,1,300
207555,1,300
207666,1,300
207777,1,300
207888,1,300
207999,1,300
208250,1,300
208500,1,300
208750,1,300
209000,1,300
209200,1,300
209400,1,300
209600,1,300
209800,1,300
210000,1,300
210166,1,300
210332,1,300
210498,1,300
210664,1,300
210830,1,300
210996,1,300
211125,1,300
211250,1,300
211375,1,300
211500,1,300
211625,1,300
211750,1,300
211875,1,300
212000,1,300
212052,1,300
212104,1,300
212156,1,300
212208,1,300
212260,1,300
212312,1,300
212364,1,300
212416,1,300
212468,1,300
212520,1,300
212572,1,300
212624,1,300
212676,1,300
212728,1,300
212780,1,300
212832,1,300
212884,1,300
212936,1,300
212988,1,300
213083,1,300
213166,1,300
213249,1,300
213332,1,300
213415,1,300
213498,1,300
213581,1,300
213664,1,300
213747,1,300
213830,1,300
213913,1,300
213996,1,300
214111,1,300
214222,1,300
214333,1,300
214444,1,300
214555,1,300
214666,1,300
214777,1,300
214888,1,300
214999,1,300
215111,1,300
215222,1,300
215333,1,300
215444,1,300
215555,1,300
215666,1,300
215777,1,300
215888,1,300
215999,1,300
216111,1,300
216222,1,300
216333,1,300
216444,1,300
216555,1,300
216666,1,300
216777,1,300
216888,1,300
216999,1,300
217125,1,300
217250,1,300
217375,1,300
217500,1,300
217625,1,300
217750,1,300
217875,1,300
218000,1,300
218111,1,300
218222,1,300
218333,1,300
218444,1,300
218555,1,300
218666,1,300
218777,1,300
218888,1,300
218999,1,300
219090,1,300
219180,1,300
219270,1,300
219360,1,300
219450,1,300
219540,1,300
219630,1,300
219720,1,300
219810,1,300
219900,1,300
219990,1,300
220125,1,300
220250,1,300
220375,1,300
220500,1,300
220625,1,300
220750,1,300
220875,1,300
221000,1,300
221125,1,300
221250,1,300
221375,1,300
221500,1,300
221625,1,300
221750,1,300
221875,1,300
222000,1,300
222111,1,300
222222,1,300
222333,1,300
222444,1,300
222555,1,300
222666,1,300
222777,1,300
222888,1,300
222999,1,300
223111,1,300
223222,1,300
223333,1,300
223444,1,300
223555,1,300
223666,1,300
223777,1,300
223888,1,300
223999,1,300
224045,1,300
224090,1,300
224135,1,300
224180,1,300
224225,1,300
224270,1,300
224315,1,300
224360,1,300
224405,1,300
224450,1,300
224495,1,300
224540,1,300
224585,1,300
224630,1,300
224675,1,300
224720,1,300
224765,1,300
224810,1,300
224855,1,300
224900,1,300
224945,1,300
224990,1,300
225055,1,300
225110,1,300
225165,1,300
225220,1,300
225275,1,300
225330,1,300
225385,1,300
225440,1,300
225495,1,300
225550,1,300
225605,1,300
225660,1,300
225715,1,300
225770,1,300
225825,1,300
225880,1,300
225935,1,300
225990,1,300
226055,1,300
226110,1,300
226165,1,300
226220,1,300
226275,1,300
226330,1,300
226385,1,300
226440,1,300
226495,1,300
226550,1,300
226605,1,300
226660,1,300
226715,1,300
226770,1,300
226825,1,300
226880,1,300
226935,1,300
226990,1,300
227055,1,300
227110,1,300
227165,1,300
227220,1,300
227275,1,300
227330,1,300
227385,1,300
227440,1,300
227495,1,300
227550,1,300
227605,1,300
227660,1,300
227715,1,300
227770,1,300
227825,1,300
227880,1,300
227935,1,300
227990,1,300
228066,1,300
228132,1,300
228198,1,300
228264,1,300
228330,1,300
228396,1,300
228462,1,300
228528,1,300
228594,1,300
228660,1,300
228726,1,300
228792,1,300
228858,1,300
228924,1,300
228990,1,300
229066,1,300
229132,1,300
229198,1,300
229264,1,300
229330,1,300
229396,1,300
229462,1,300
229528,1,300
229594,1,300
229660,1,300
229726,1,300
229792,1,300
229858,1,300
229924,1,300
229990,1,300
230055,1,300
230110,1,300
230165,1,300
230220,1,300
230275,1,300
230330,1,300
230385,1,300
230440,1,300
230495,1,300
230550,1,300
230605,1,300
230660,1,300
230715,1,300
230770,1,300
230825,1,300
230880,1,300
230935,1,300
230990,1,300
231066,1,300
231132,1,300
231198,1,300
231264,1,300
231330,1,300
231396,1,300
231462,1,300
231528,1,300
231594,1,300
231660,1,300
231726,1,300
231792,1,300
231858,1,300
231924,1,300
231990,1,300
232076,1,300
232152,1,300
232228,1,300
232304,1,300
232380,1,300
232456,1,300
232532,1,300
232608,1,300
232684,1,300
232760,1,300
232836,1,300
232912,1,300
232988,1,300
233076,1,300
233152,1,300
233228,1,300
233304,1,300
233380,1,300
233456,1,300
233532,1,300
233608,1,300
233684,1,300
233760,1,300
233836,1,300
233912,1,300
233988,1,300
234066,1,300
234132,1,300
234198,1,300
234264,1,300
234330,1,300
234396,1,300
234462,1,300
234528,1,300
234594,1,300
234660,1,300
234726,1,300
234792,1,300
234858,1,300
234924,1,300
234990,1,300
235066,1,300
235132,1,300
235198,1,300
235264,1,300
235330,1,300
235396,1,300
235462,1,300
235528,1,300
235594,1,300
235660,1,300
235726,1,300
235792,1,300
235858,1,300
235924,1,300
235990,1,300
236035,1,300
236070,1,300
236105,1,300
236140,1,300
236175,1,300
236210,1,300
236245,1,300
236280,1,300
236315,1,300
236350,1,300
236385,1,300
236420,1,300
236455,1,300
236490,1,300
236525,1,300
236560,1,300
236595,1,300
236630,1,300
236665,1,300
236700,1,300
236735,1,300
236770,1,300
236805,1,300
236840,1,300
236875,1,300
236910,1,300
236945,1,300
236980,1,300
237058,1,300
237116,1,300
237174,1,300
237232,1,300
237290,1,300
237348,1,300
237406,1,300
237464,1,300
237522,1,300
237580,1,300
237638,1,300
237696,1,300
237754,1,300
237812,1,300
237870,1,300
237928,1,300
237986,1,300
238055,1,300
238110,1,300
238165,1,300
238220,1,300
238275,1,300
238330,1,300
238385,1,300
238440,1,300
238495,1,300
238550,1,300
238605,1,300
238660,1,300
238715,1,300
238770,1,300
238825,1,300
238880,1,300
238935,1,300
238990,1,300
239050,1,300
239100,1,300
239150,1,300
239200,1,300
239250,1,300
239300,1,300
239350,1,300
239400,1,300
239450,1,300
239500,1,300
239550,1,300
239600,1,300
239650,1,300
239700,1,300
239750,1,300
239800,1,300
239850,1,300
239900,1,300
239950,1,300
240000,1,300
240062,1,300
240124,1,300
240186,1,300
240248,1,300
240310,1,300
240372,1,300
240434,1,300
240496,1,300
240558,1,300
240620,1,300
240682,1,300
240744,1,300
240806,1,300
240868,1,300
240930,1,300
240992,1,300
241062,1,300
241124,1,300
241186,1,300
241248,1,300
241310,1,300
241372,1,300
241434,1,300
241496,1,300
241558,1,300
241620,1,300
241682,1,300
241744,1,300
241806,1,300
241868,1,300
241930,1,300
241992,1,300
242055,1,300
242110,1,300
242165,1,300
242220,1,300
242275,1,300
242330,1,300
242385,1,300
242440,1,300
242495,1,300
242550,1,300
242605,1,300
242660,1,300
242715,1,300
242770,1,300
242825,1,300
242880,1,300
242935,1,300
242990,1,300
243052,1,300
243104,1,300
243156,1,300
243208,1,300
243260,1,300
243312,1,300
243364,1,300
243416,1,300
243468,1,300
243520,1,300
243572,1,300
243624,1,300
243676,1,300
243728,1,300
243780,1,300
243832,1,300
243884,1,300
243936,1,300
243988,1,300
244062,1,300
244124,1,300
244186,1,300
244248,1,300
244310,1,300
244372,1,300
244434,1,300
244496,1,300
244558,1,300
244620,1,300
244682,1,300
244744,1,300
244806,1,300
244868,1,300
244930,1,300
244992,1,300
245066,1,300
245132,1,300
245198,1,300
245264,1,300
245330,1,300
245396,1,300
245462,1,300
245528,1,300
245594,1,300
245660,1,300
245726,1,300
245792,1,300
245858,1,300
245924,1,300
245990,1,300
246071,1,300
246142,1,300
246213,1,300
246284,1,300
246355,1,300
246426,1,300
246497,1,300
246568,1,300
246639,1,300
246710,1,300
246781,1,300
246852,1,300
246923,1,300
246994,1,300
247083,1,300
247166,1,300
247249,1,300
247332,1,300
247415,1,300
247498,1,300
247581,1,300
247664,1,300
247747,1,300
247830,1,300
247913,1,300
247996,1,300
248043,1,300
248086,1,300
248129,1,300
248172,1,300
248215,1,300
248258,1,300
248301,1,300
248344,1,300
248387,1,300
248430,1,300
248473,1,300
248516,1,300
248559,1,300
248602,1,300
248645,1,300
248688,1,300
248731,1,300
248774,1,300
248817,1,300
248860,1,300
248903,1,300
248946,1,300
248989,1,300
249071,1,300
249142,1,300
249213,1,300
249284,1,300
249355,1,300
249426,1,300
249497,1,300
249568,1,300
249639,1,300
249710,1,300
249781,1,300
249852,1,300
249923,1,300
249994,1,300
250076,1,300
250152,1,300
250228,1,300
250304,1,300
250380,1,300
250456,1,300
250532,1,300
250608,1,300
250684,1,300
250760,1,300
250836,1,300
250912,1,300
250988,1,300
251066,1,300
251132,1,300
251198,1,300
251264,1,300
251330,1,300
251396,1,300
251462,1,300
251528,1,300
251594,1,300
251660,1,300
251726,1,300
251792,1,300
251858,1,300
251924,1,300
251990,1,300
252071,1,300
252142,1,300
252213,1,300
252284,1,300
252355,1,300
252426,1,300
252497,1,300
252568,1,300
252639,1,300
252710,1,300
252781,1,300
252852,1,300
252923,1,300
252994,1,300
253076,1,300
253152,1,300
253228,1,300
253304,1,300
253380,1,300
253456,1,300
253532,1,300
253608,1,300
253684,1,300
253760,1,300
253836,1,300
253912,1,300
253988,1,300
254071,1,300
254142,1,300
254213,1,300
254284,1,300
254355,1,300
254426,1,300
254497,1,300
254568,1,300
254639,1,300
254710,1,300
254781,1,300
254852,1,300
254923,1,300
254994,1,300
255062,1,300
255124,1,300
255186,1,300
255248,1,300
255310,1,300
255372,1,300
255434,1,300
255496,1,300
255558,1,300
255620,1,300
255682,1,300
255744,1,300
255806,1,300
255868,1,300
255930,1,300
255992,1,300
256076,1,300
256152,1,300
256228,1,300
256304,1,300
256380,1,300
256456,1,300
256532,1,300
256608,1,300
256684,1,300
256760,1,300
256836,1,300
256912,1,300
256988,1,300
257076,1,300
257152,1,300
257228,1,300
257304,1,300
257380,1,300
257456,1,300
257532,1,300
257608,1,300
257684,1,300
257760,1,300
257836,1,300
257912,1,300
257988,1,300
258076,1,300
258152,1,300
258228,1,300
258304,1,300
258380,1,300
258456,1,300
258532,1,300
258608,1,300
258684,1,300
258760,1,300
258836,1,300
258912,1,300
258988,1,300
259083,1,300
259166,1,300
259249,1,300
259332,1,300
259415,1,300
259498,1,300
259581,1,300
259664,1,300
259747,1,300
259830,1,300
259913,1,300
259996,1,300
260058,1,300
260116,1,300
260174,1,300
260232,1,300
260290,1,300
260348,1,300
260406,1,300
260464,1,300
260522,1,300
260580,1,300
260638,1,300
260696,1,300
260754,1,300
260812,1,300
260870,1,300
260928,1,300
260986,1,300
261111,1,300
261222,1,300
261333,1,300
261444,1,300
261555,1,300
261666,1,300
261777,1,300
261888,1,300
261999,1,300
262090,1,300
262180,1,300
262270,1,300
262360,1,300
262450,1,300
262540,1,300
262630,1,300
262720,1,300
262810,1,300
262900,1,300
262990,1,300
263100,1,300
263200,1,300
263300,1,300
263400,1,300
263500,1,300
263600,1,300
263700,1,300
263800,1,300
263900,1,300
264000,1,300
264142,1,300
264284,1,300
264426,1,300
264568,1,300
264710,1,300
264852,1,300
264994,1,300
265111,1,300
265222,1,300
265333,1,300
265444,1,300
265555,1,300
265666,1,300
265777,1,300
265888,1,300
265999,1,300
266125,1,300
266250,1,300
266375,1,300
266500,1,300
266625,1,300
266750,1,300
266875,1,300
267000,1,300
267142,1,300
267284,1,300
267426,1,300
267568,1,300
267710,1,300
267852,1,300
267994,1,300
268200,1,300
268400,1,300
268600,1,300
268800,1,300
269000,1,300
269200,1,300
269400,1,300
269600,1,300
269800,1,300
270000,1,300
270166,1,300
270332,1,300
270498,1,300
270664,1,300
270830,1,300
270996,1,300
271200,1,300
271400,1,300
271600,1,300
271800,1,300
272000,1,300
272200,1,300
272400,1,300
272600,1,300
272800,1,300
273000,1,300
273200,1,300
273400,1,300
273600,1,300
273800,1,300
274000,1,300
274200,1,300
274400,1,300
274600,1,300
274800,1,300
275000,1,300
275200,1,300
275400,1,300
275600,1,300
275800,1,300
276000,1,300
276333,1,300
276666,1,300
276999,1,300
277500,1,300
278000,1,300
278333,1,300
278666,1,300
278999,1,300
279333,1,300
279666,1,300
279999,1,300
280250,1,300
280500,1,300
280750,1,300
281000,1,300
281200,1,300
281400,1,300
281600,1,300
281800,1,300
282000,1,300
282076,1,300
282152,1,300
282228,1,300
282304,1,300
282380,1,300
282456,1,300
282532,1,300
282608,1,300
282684,1,300
282760,1,300
282836,1,300
282912,1,300
282988,1,300
283142,1,300
283284,1,300
283426,1,300
283568,1,300
283710,1,300
283852,1,300
283994,1,300
284250,1,300
284500,1,300
284750,1,300
285000,1,300
285250,1,300
285500,1,300
285750,1,300
286000,1,300
286200,1,300
286400,1,300
286600,1,300
286800,1,300
287000,1,300
287250,1,300
287500,1,300
287750,1,300
288000,1,300
288250,1,300
288500,1,300
288750,1,300
289000,1,300
289250,1,300
289500,1,300
289750,1,300
290000,1,300
