200,1,300
400,1,300
600,1,300
800,1,300
1000,1,300
1200,1,300
1400,1,300
1600,1,300
1800,1,300
2000,1,300
2250,1,300
2500,1,300
2750,1,300
3000,1,300
3200,1,300
3400,1,300
3600,1,300
3800,1,300
4000,1,300
4200,1,300
4400,1,300
4600,1,300
4800,1,300
5000,1,300
5250,1,300
5500,1,300
5750,1,300
6000,1,300
6250,1,300
6500,1,300
6750,1,300
7000,1,300
7250,1,300
7500,1,300
7750,1,300
8000,1,300
8333,1,300
8666,1,300
8999,1,300
9100,1,300
9200,1,300
9300,1,300
9400,1,300
9500,1,300
9600,1,300
9700,1,300
9800,1,300
9900,1,300
10000,1,300
10166,1,300
10332,1,300
10498,1,300
10664,1,300
10830,1,300
10996,1,300
11200,1,300
11400,1,300
11600,1,300
11800,1,300
12000,1,300
12200,1,300
12400,1,300
12600,1,300
12800,1,300
13000,1,300
13250,1,300
13500,1,300
13750,1,300
14000,1,300
14125,1,300
14250,1,300
14375,1,300
14500,1,300
14625,1,300
14750,1,300
14875,1,300
15000,1,300
15250,1,300
15500,1,300
15750,1,300
16000,1,300
16250,1,300
16500,1,300
16750,1,300
17000,1,300
17500,1,300
18000,1,300
18500,1,300
19000,1,300
19333,1,300
19666,1,300
19999,1,300
20083,1,300
20166,1,300
20249,1,300
20332,1,300
20415,1,300
20498,1,300
20581,1,300
20664,1,300
20747,1,300
20830,1,300
20913,1,300
20996,1,300
21125,1,300
21250,1,300
21375,1,300
21500,1,300
21625,1,300
21750,1,300
21875,1,300
22000,1,300
22166,1,300
22332,1,300
22498,1,300
22664,1,300
22830,1,300
22996,1,300
23125,1,300
23250,1,300
23375,1,300
23500,1,300
23625,1,300
23750,1,300
23875,1,300
24000,1,300
24250,1,300
24500,1,300
24750,1,300
25000,1,300
25200,1,300
25400,1,300
25600,1,300
25800,1,300
26000,1,300
26166,1,300
26332,1,300
26498,1,300
26664,1,300
26830,1,300
26996,1,300
27142,1,300
27284,1,300
27426,1,300
27568,1,300
27710,1,300
27852,1,300
27994,1,300
28200,1,300
28400,1,300
28600,1,300
28800,1,300
29000,1,300
29250,1,300
29500,1,300
29750,1,300
30000,1,300
30166,1,300
30332,1,300
30498,1,300
30664,1,300
30830,1,300
30996,1,300
31333,1,300
31666,1,300
31999,1,300
32058,1,300
32116,1,300
32174,1,300
32232,1,300
32290,1,300
32348,1,300
32406,1,300
32464,1,300
32522,1,300
32580,1,300
32638,1,300
32696,1,300
32754,1,300
32812,1,300
32870,1,300
32928,1,300
32986,1,300
33100,1,300
33200,1,300
33300,1,300
33400,1,300
33500,1,300
33600,1,300
33700,1,300
33800,1,300
33900,1,300
34000,1,300
34125,1,300
34250,1,300
34375,1,300
34500,1,300
34625,1,300
34750,1,300
34875,1,300
35000,1,300
35125,1,300
35250,1,300
35375,1,300
35500,1,300
35625,1,300
35750,1,300
35875,1,300
36000,1,300
36166,1,300
36332,1,300
36498,1,300
36664,1,300
36830,1,300
36996,1,300
37125,1,300
37250,1,300
37375,1,300
37500,1,300
37625,1,300
37750,1,300
37875,1,300
38000,1,300
38125,1,300
38250,1,300
38375,1,300
38500,1,300
38625,1,300
38750,1,300
38875,1,300
39000,1,300
39111,1,300
39222,1,300
39333,1,300
39444,1,300
39555,1,300
39666,1,300
39777,1,300
39888,1,300
39999,1,300
40142,1,300
40284,1,300
40426,1,300
40568,1,300
40710,1,300
40852,1,300
40994,1,300
41166,1,300
41332,1,300
41498,1,300
41664,1,300
41830,1,300
41996,1,300
42142,1,300
42284,1,300
42426,1,300
42568,1,300
42710,1,300
42852,1,300
42994,1,300
43142,1,300
43284,1,300
43426,1,300
43568,1,300
43710,1,300
43852,1,300
43994,1,300
44052,1,300
44104,1,300
44156,1,300
44208,1,300
44260,1,300
44312,1,300
44364,1,300
44416,1,300
44468,1,300
44520,1,300
44572,1,300
44624,1,300
44676,1,300
44728,1,300
44780,1,300
44832,1,300
44884,1,300
44936,1,300
44988,1,300
45062,1,300
45124,1,300
45186,1,300
45248,1,300
45310,1,300
45372,1,300
45434,1,300
45496,1,300
45558,1,300
45620,1,300
45682,1,300
45744,1,300
45806,1,300
45868,1,300
45930,1,300
45992,1,300
46062,1,300
46124,1,300
46186,1,300
46248,1,300
46310,1,300
46372,1,300
46434,1,300
46496,1,300
46558,1,300
46620,1,300
46682,1,300
46744,1,300
46806,1,300
46868,1,300
46930,1,300
46992,1,300
47071,1,300
47142,1,300
47213,1,300
47284,1,300
47355,1,300
47426,1,300
47497,1,300
47568,1,300
47639,1,300
47710,1,300
47781,1,300
47852,1,300
47923,1,300
47994,1,300
48071,1,300
48142,1,300
48213,1,300
48284,1,300
48355,1,300
48426,1,300
48497,1,300
48568,1,300
48639,1,300
48710,1,300
48781,1,300
48852,1,300
48923,1,300
48994,1,300
49062,1,300
49124,1,300
49186,1,300
49248,1,300
49310,1,300
49372,1,300
49434,1,300
49496,1,300
49558,1,300
49620,1,300
49682,1,300
49744,1,300
49806,1,300
49868,1,300
49930,1,300
49992,1,300
50071,1,300
50142,1,300
50213,1,300
50284,1,300
50355,1,300
50426,1,300
50497,1,300
50568,1,300
50639,1,300
50710,1,300
50781,1,300
50852,1,300
50923,1,300
50994,1,300
51066,1,300
51132,1,300
51198,1,300
51264,1,300
51330,1,300
51396,1,300
51462,1,300
51528,1,300
51594,1,300
51660,1,300
51726,1,300
51792,1,300
51858,1,300
51924,1,300
51990,1,300
52076,1,300
52152,1,300
52228,1,300
52304,1,300
52380,1,300
52456,1,300
52532,1,300
52608,1,300
52684,1,300
52760,1,300
52836,1,300
52912,1,300
52988,1,300
53090,1,300
53180,1,300
53270,1,300
53360,1,300
53450,1,300
53540,1,300
53630,1,300
53720,1,300
53810,1,300
53900,1,300
53990,1,300
54066,1,300
54132,1,300
54198,1,300
54264,1,300
54330,1,300
54396,1,300
54462,1,300
54528,1,300
54594,1,300
54660,1,300
54726,1,300
54792,1,300
54858,1,300
54924,1,300
54990,1,300
55076,1,300
55152,1,300
55228,1,300
55304,1,300
55380,1,300
55456,1,300
55532,1,300
55608,1,300
55684,1,300
55760,1,300
55836,1,300
55912,1,300
55988,1,300
56037,1,300
56074,1,300
56111,1,300
56148,1,300
56185,1,300
56222,1,300
56259,1,300
56296,1,300
56333,1,300
56370,1,300
56407,1,300
56444,1,300
56481,1,300
56518,1,300
56555,1,300
56592,1,300
56629,1,300
56666,1,300
56703,1,300
56740,1,300
56777,1,300
56814,1,300
56851,1,300
56888,1,300
56925,1,300
56962,1,300
56999,1,300
57050,1,300
57100,1,300
57150,1,300
57200,1,300
57250,1,300
57300,1,300
57350,1,300
57400,1,300
57450,1,300
57500,1,300
57550,1,300
57600,1,300
57650,1,300
57700,1,300
57750,1,300
57800,1,300
57850,1,300
57900,1,300
57950,1,300
58000,1,300
58050,1,300
58100,1,300
58150,1,300
58200,1,300
58250,1,300
58300,1,300
58350,1,300
58400,1,300
58450,1,300
58500,1,300
58550,1,300
58600,1,300
58650,1,300
58700,1,300
58750,1,300
58800,1,300
58850,1,300
58900,1,300
58950,1,300
59000,1,300
59055,1,300
59110,1,300
59165,1,300
59220,1,300
59275,1,300
59330,1,300
59385,1,300
59440,1,300
59495,1,300
59550,1,300
59605,1,300
59660,1,300
59715,1,300
59770,1,300
59825,1,300
59880,1,300
59935,1,300
59990,1,300
60050,1,300
60100,1,300
60150,1,300
60200,1,300
60250,1,300
60300,1,300
60350,1,300
60400,1,300
60450,1,300
60500,1,300
60550,1,300
60600,1,300
60650,1,300
60700,1,300
60750,1,300
60800,1,300
60850,1,300
60900,1,300
60950,1,300
61000,1,300
61052,1,300
61104,1,300
61156,1,300
61208,1,300
61260,1,300
61312,1,300
61364,1,300
61416,1,300
61468,1,300
61520,1,300
61572,1,300
61624,1,300
61676,1,300
61728,1,300
61780,1,300
61832,1,300
61884,1,300
61936,1,300
61988,1,300
62052,1,300
62104,1,300
62156,1,300
62208,1,300
62260,1,300
62312,1,300
62364,1,300
62416,1,300
62468,1,300
62520,1,300
62572,1,300
62624,1,300
62676,1,300
62728,1,300
62780,1,300
62832,1,300
62884,1,300
62936,1,300
62988,1,300
63050,1,300
63100,1,300
63150,1,300
63200,1,300
63250,1,300
63300,1,300
63350,1,300
63400,1,300
63450,1,300
63500,1,300
63550,1,300
63600,1,300
63650,1,300
63700,1,300
63750,1,300
63800,1,300
63850,1,300
63900,1,300
63950,1,300
64000,1,300
64052,1,300
64104,1,300
64156,1,300
64208,1,300
64260,1,300
64312,1,300
64364,1,300
64416,1,300
64468,1,300
64520,1,300
64572,1,300
64624,1,300
64676,1,300
64728,1,300
64780,1,300
64832,1,300
64884,1,300
64936,1,300
64988,1,300
65052,1,300
65104,1,300
65156,1,300
65208,1,300
65260,1,300
65312,1,300
65364,1,300
65416,1,300
65468,1,300
65520,1,300
65572,1,300
65624,1,300
65676,1,300
65728,1,300
65780,1,300
65832,1,300
65884,1,300
65936,1,300
65988,1,300
66052,1,300
66104,1,300
66156,1,300
66208,1,300
66260,1,300
66312,1,300
66364,1,300
66416,1,300
66468,1,300
66520,1,300
66572,1,300
66624,1,300
66676,1,300
66728,1,300
66780,1,300
66832,1,300
66884,1,300
66936,1,300
66988,1,300
67047,1,300
67094,1,300
67141,1,300
67188,1,300
67235,1,300
67282,1,300
67329,1,300
67376,1,300
67423,1,300
67470,1,300
67517,1,300
67564,1,300
67611,1,300
67658,1,300
67705,1,300
67752,1,300
67799,1,300
67846,1,300
67893,1,300
67940,1,300
67987,1,300
68027,1,300
68054,1,300
68081,1,300
68108,1,300
68135,1,300
68162,1,300
68189,1,300
68216,1,300
68243,1,300
68270,1,300
68297,1,300
68324,1,300
68351,1,300
68378,1,300
68405,1,300
68432,1,300
68459,1,300
68486,1,300
68513,1,300
68540,1,300
68567,1,300
68594,1,300
68621,1,300
68648,1,300
68675,1,300
68702,1,300
68729,1,300
68756,1,300
68783,1,300
68810,1,300
68837,1,300
68864,1,300
68891,1,300
68918,1,300
68945,1,300
68972,1,300
69034,1,300
69068,1,300
69102,1,300
69136,1,300
69170,1,300
69204,1,300
69238,1,300
69272,1,300
69306,1,300
69340,1,300
69374,1,300
69408,1,300
69442,1,300
69476,1,300
69510,1,300
69544,1,300
69578,1,300
69612,1,300
69646,1,300
69680,1,300
69714,1,300
69748,1,300
69782,1,300
69816,1,300
69850,1,300
69884,1,300
69918,1,300
69952,1,300
69986,1,300
70035,1,300
70070,1,300
70105,1,300
70140,1,300
70175,1,300
70210,1,300
70245,1,300
70280,1,300
70315,1,300
70350,1,300
70385,1,300
70420,1,300
70455,1,300
70490,1,300
70525,1,300
70560,1,300
70595,1,300
70630,1,300
70665,1,300
70700,1,300
70735,1,300
70770,1,300
70805,1,300
70840,1,300
70875,1,300
70910,1,300
70945,1,300
70980,1,300
71034,1,300
71068,1,300
71102,1,300
71136,1,300
71170,1,300
71204,1,300
71238,1,300
71272,1,300
71306,1,300
71340,1,300
71374,1,300
71408,1,300
71442,1,300
71476,1,300
71510,1,300
71544,1,300
71578,1,300
71612,1,300
71646,1,300
71680,1,300
71714,1,300
71748,1,300
71782,1,300
71816,1,300
71850,1,300
71884,1,300
71918,1,300
71952,1,300
71986,1,300
72038,1,300
72076,1,300
72114,1,300
72152,1,300
72190,1,300
72228,1,300
72266,1,300
72304,1,300
72342,1,300
72380,1,300
72418,1,300
72456,1,300
72494,1,300
72532,1,300
72570,1,300
72608,1,300
72646,1,300
72684,1,300
72722,1,300
72760,1,300
72798,1,300
72836,1,300
72874,1,300
72912,1,300
72950,1,300
72988,1,300
73035,1,300
73070,1,300
73105,1,300
73140,1,300
73175,1,300
73210,1,300
73245,1,300
73280,1,300
73315,1,300
73350,1,300
73385,1,300
73420,1,300
73455,1,300
73490,1,300
73525,1,300
73560,1,300
73595,1,300
73630,1,300
73665,1,300
73700,1,300
73735,1,300
73770,1,300
73805,1,300
73840,1,300
73875,1,300
73910,1,300
73945,1,300
73980,1,300
74037,1,300
74074,1,300
74111,1,300
74148,1,300
74185,1,300
74222,1,300
74259,1,300
74296,1,300
74333,1,300
74370,1,300
74407,1,300
74444,1,300
74481,1,300
74518,1,300
74555,1,300
74592,1,300
74629,1,300
74666,1,300
74703,1,300
74740,1,300
74777,1,300
74814,1,300
74851,1,300
74888,1,300
74925,1,300
74962,1,300
74999,1,300
75037,1,300
75074,1,300
75111,1,300
75148,1,300
75185,1,300
75222,1,300
75259,1,300
75296,1,300
75333,1,300
75370,1,300
75407,1,300
75444,1,300
75481,1,300
75518,1,300
75555,1,300
75592,1,300
75629,1,300
75666,1,300
75703,1,300
75740,1,300
75777,1,300
75814,1,300
75851,1,300
75888,1,300
75925,1,300
75962,1,300
75999,1,300
76037,1,300
76074,1,300
76111,1,300
76148,1,300
76185,1,300
76222,1,300
76259,1,300
76296,1,300
76333,1,300
76370,1,300
76407,1,300
76444,1,300
76481,1,300
76518,1,300
76555,1,300
76592,1,300
76629,1,300
76666,1,300
76703,1,300
76740,1,300
76777,1,300
76814,1,300
76851,1,300
76888,1,300
76925,1,300
76962,1,300
76999,1,300
77037,1,300
77074,1,300
77111,1,300
77148,1,300
77185,1,300
77222,1,300
77259,1,300
77296,1,300
77333,1,300
77370,1,300
77407,1,300
77444,1,300
77481,1,300
77518,1,300
77555,1,300
77592,1,300
77629,1,300
77666,1,300
77703,1,300
77740,1,300
77777,1,300
77814,1,300
77851,1,300
77888,1,300
77925,1,300
77962,1,300
77999,1,300
78038,1,300
78076,1,300
78114,1,300
78152,1,300
78190,1,300
78228,1,300
78266,1,300
78304,1,300
78342,1,300
78380,1,300
78418,1,300
78456,1,300
78494,1,300
78532,1,300
78570,1,300
78608,1,300
78646,1,300
78684,1,300
78722,1,300
78760,1,300
78798,1,300
78836,1,300
78874,1,300
78912,1,300
78950,1,300
78988,1,300
79037,1,300
79074,1,300
79111,1,300
79148,1,300
79185,1,300
79222,1,300
79259,1,300
79296,1,300
79333,1,300
79370,1,300
79407,1,300
79444,1,300
79481,1,300
79518,1,300
79555,1,300
79592,1,300
79629,1,300
79666,1,300
79703,1,300
79740,1,300
79777,1,300
79814,1,300
79851,1,300
79888,1,300
79925,1,300
79962,1,300
79999,1,300
80026,1,300
80052,1,300
80078,1,300
80104,1,300
80130,1,300
80156,1,300
80182,1,300
80208,1,300
80234,1,300
80260,1,300
80286,1,300
80312,1,300
80338,1,300
80364,1,300
80390,1,300
80416,1,300
80442,1,300
80468,1,300
80494,1,300
80520,1,300
80546,1,300
80572,1,300
80598,1,300
80624,1,300
80650,1,300
80676,1,300
80702,1,300
80728,1,300
80754,1,300
80780,1,300
80806,1,300
80832,1,300
80858,1,300
80884,1,300
80910,1,300
80936,1,300
80962,1,300
80988,1,300
81031,1,300
81062,1,300
81093,1,300
81124,1,300
81155,1,300
81186,1,300
81217,1,300
81248,1,300
81279,1,300
81310,1,300
81341,1,300
81372,1,300
81403,1,300
81434,1,300
81465,1,300
81496,1,300
81527,1,300
81558,1,300
81589,1,300
81620,1,300
81651,1,300
81682,1,300
81713,1,300
81744,1,300
81775,1,300
81806,1,300
81837,1,300
81868,1,300
81899,1,300
81930,1,300
81961,1,300
81992,1,300
82032,1,300
82064,1,300
82096,1,300
82128,1,300
82160,1,300
82192,1,300
82224,1,300
82256,1,300
82288,1,300
82320,1,300
82352,1,300
82384,1,300
82416,1,300
82448,1,300
82480,1,300
82512,1,300
82544,1,300
82576,1,300
82608,1,300
82640,1,300
82672,1,300
82704,1,300
82736,1,300
82768,1,300
82800,1,300
82832,1,300
82864,1,300
82896,1,300
82928,1,300
82960,1,300
82992,1,300
83032,1,300
83064,1,300
83096,1,300
83128,1,300
83160,1,300
83192,1,300
83224,1,300
83256,1,300
83288,1,300
83320,1,300
83352,1,300
83384,1,300
83416,1,300
83448,1,300
83480,1,300
83512,1,300
83544,1,300
83576,1,300
83608,1,300
83640,1,300
83672,1,300
83704,1,300
83736,1,300
83768,1,300
83800,1,300
83832,1,300
83864,1,300
83896,1,300
83928,1,300
83960,1,300
83992,1,300
84034,1,300
84068,1,300
84102,1,300
84136,1,300
84170,1,300
84204,1,300
84238,1,300
84272,1,300
84306,1,300
84340,1,300
84374,1,300
84408,1,300
84442,1,300
84476,1,300
84510,1,300
84544,1,300
84578,1,300
84612,1,300
84646,1,300
84680,1,300
84714,1,300
84748,1,300
84782,1,300
84816,1,300
84850,1,300
84884,1,300
84918,1,300
84952,1,300
84986,1,300
85032,1,300
85064,1,300
85096,1,300
85128,1,300
85160,1,300
85192,1,300
85224,1,300
85256,1,300
85288,1,300
85320,1,300
85352,1,300
85384,1,300
85416,1,300
85448,1,300
85480,1,300
85512,1,300
85544,1,300
85576,1,300
85608,1,300
85640,1,300
85672,1,300
85704,1,300
85736,1,300
85768,1,300
85800,1,300
85832,1,300
85864,1,300
85896,1,300
85928,1,300
85960,1,300
85992,1,300
86033,1,300
86066,1,300
86099,1,300
86132,1,300
86165,1,300
86198,1,300
86231,1,300
86264,1,300
86297,1,300
86330,1,300
86363,1,300
86396,1,300
86429,1,300
86462,1,300
86495,1,300
86528,1,300
86561,1,300
86594,1,300
86627,1,300
86660,1,300
86693,1,300
86726,1,300
86759,1,300
86792,1,300
86825,1,300
86858,1,300
86891,1,300
86924,1,300
86957,1,300
86990,1,300
87032,1,300
87064,1,300
87096,1,300
87128,1,300
87160,1,300
87192,1,300
87224,1,300
87256,1,300
87288,1,300
87320,1,300
87352,1,300
87384,1,300
87416,1,300
87448,1,300
87480,1,300
87512,1,300
87544,1,300
87576,1,300
87608,1,300
87640,1,300
87672,1,300
87704,1,300
87736,1,300
87768,1,300
87800,1,300
87832,1,300
87864,1,300
87896,1,300
87928,1,300
87960,1,300
87992,1,300
88033,1,300
88066,1,300
88099,1,300
88132,1,300
88165,1,300
88198,1,300
88231,1,300
88264,1,300
88297,1,300
88330,1,300
88363,1,300
88396,1,300
88429,1,300
88462,1,300
88495,1,300
88528,1,300
88561,1,300
88594,1,300
88627,1,300
88660,1,300
88693,1,300
88726,1,300
88759,1,300
88792,1,300
88825,1,300
88858,1,300
88891,1,300
88924,1,300
88957,1,300
88990,1,300
89035,1,300
89070,1,300
89105,1,300
89140,1,300
89175,1,300
89210,1,300
89245,1,300
89280,1,300
89315,1,300
89350,1,300
89385,1,300
89420,1,300
89455,1,300
89490,1,300
89525,1,300
89560,1,300
89595,1,300
89630,1,300
89665,1,300
89700,1,300
89735,1,300
89770,1,300
89805,1,300
89840,1,300
89875,1,300
89910,1,300
89945,1,300
89980,1,300
90033,1,300
90066,1,300
90099,1,300
90132,1,300
90165,1,300
90198,1,300
90231,1,300
90264,1,300
90297,1,300
90330,1,300
90363,1,300
90396,1,300
90429,1,300
90462,1,300
90495,1,300
90528,1,300
90561,1,300
90594,1,300
90627,1,300
90660,1,300
90693,1,300
90726,1,300
90759,1,300
90792,1,300
90825,1,300
90858,1,300
90891,1,300
90924,1,300
90957,1,300
90990,1,300
91034,1,300
91068,1,300
91102,1,300
91136,1,300
91170,1,300
91204,1,300
91238,1,300
91272,1,300
91306,1,300
91340,1,300
91374,1,300
91408,1,300
91442,1,300
91476,1,300
91510,1,300
91544,1,300
91578,1,300
91612,1,300
91646,1,300
91680,1,300
91714,1,300
91748,1,300
91782,1,300
91816,1,300
91850,1,300
91884,1,300
91918,1,300
91952,1,300
91986,1,300
92022,1,300
92044,1,300
92066,1,300
92088,1,300
92110,1,300
92132,1,300
92154,1,300
92176,1,300
92198,1,300
92220,1,300
92242,1,300
92264,1,300
92286,1,300
92308,1,300
92330,1,300
92352,1,300
92374,1,300
92396,1,300
92418,1,300
92440,1,300
92462,1,300
92484,1,300
92506,1,300
92528,1,300
92550,1,300
92572,1,300
92594,1,300
92616,1,300
92638,1,300
92660,1,300
92682,1,300
92704,1,300
92726,1,300
92748,1,300
92770,1,300
92792,1,300
92814,1,300
92836,1,300
92858,1,300
92880,1,300
92902,1,300
92924,1,300
92946,1,300
92968,1,300
92990,1,300
93030,1,300
93060,1,300
93090,1,300
93120,1,300
93150,1,300
93180,1,300
93210,1,300
93240,1,300
93270,1,300
93300,1,300
93330,1,300
93360,1,300
93390,1,300
93420,1,300
93450,1,300
93480,1,300
93510,1,300
93540,1,300
93570,1,300
93600,1,300
93630,1,300
93660,1,300
93690,1,300
93720,1,300
93750,1,300
93780,1,300
93810,1,300
93840,1,300
93870,1,300
93900,1,300
93930,1,300
93960,1,300
93990,1,300
94030,1,300
94060,1,300
94090,1,300
94120,1,300
94150,1,300
94180,1,300
94210,1,300
94240,1,300
94270,1,300
94300,1,300
94330,1,300
94360,1,300
94390,1,300
94420,1,300
94450,1,300
94480,1,300
94510,1,300
94540,1,300
94570,1,300
94600,1,300
94630,1,300
94660,1,300
94690,1,300
94720,1,300
94750,1,300
94780,1,300
94810,1,300
94840,1,300
94870,1,300
94900,1,300
94930,1,300
94960,1,300
94990,1,300
95031,1,300
95062,1,300
95093,1,300
95124,1,300
95155,1,300
95186,1,300
95217,1,300
95248,1,300
95279,1,300
95310,1,300
95341,1,300
95372,1,300
95403,1,300
95434,1,300
95465,1,300
95496,1,300
95527,1,300
95558,1,300
95589,1,300
95620,1,300
95651,1,300
95682,1,300
95713,1,300
95744,1,300
95775,1,300
95806,1,300
95837,1,300
95868,1,300
95899,1,300
95930,1,300
95961,1,300
95992,1,300
96033,1,300
96066,1,300
96099,1,300
96132,1,300
96165,1,300
96198,1,300
96231,1,300
96264,1,300
96297,1,300
96330,1,300
96363,1,300
96396,1,300
96429,1,300
96462,1,300
96495,1,300
96528,1,300
96561,1,300
96594,1,300
96627,1,300
96660,1,300
96693,1,300
96726,1,300
96759,1,300
96792,1,300
96825,1,300
96858,1,300
96891,1,300
96924,1,300
96957,1,300
96990,1,300
97033,1,300
97066,1,300
97099,1,300
97132,1,300
97165,1,300
97198,1,300
97231,1,300
97264,1,300
97297,1,300
97330,1,300
97363,1,300
97396,1,300
97429,1,300
97462,1,300
97495,1,300
97528,1,300
97561,1,300
97594,1,300
97627,1,300
97660,1,300
97693,1,300
97726,1,300
97759,1,300
97792,1,300
97825,1,300
97858,1,300
97891,1,300
97924,1,300
97957,1,300
97990,1,300
98033,1,300
98066,1,300
98099,1,300
98132,1,300
98165,1,300
98198,1,300
98231,1,300
98264,1,300
98297,1,300
98330,1,300
98363,1,300
98396,1,300
98429,1,300
98462,1,300
98495,1,300
98528,1,300
98561,1,300
98594,1,300
98627,1,300
98660,1,300
98693,1,300
98726,1,300
98759,1,300
98792,1,300
98825,1,300
98858,1,300
98891,1,300
98924,1,300
98957,1,300
98990,1,300
99032,1,300
99064,1,300
99096,1,300
99128,1,300
99160,1,300
99192,1,300
99224,1,300
99256,1,300
99288,1,300
99320,1,300
99352,1,300
99384,1,300
99416,1,300
99448,1,300
99480,1,300
99512,1,300
99544,1,300
99576,1,300
99608,1,300
99640,1,300
99672,1,300
99704,1,300
99736,1,300
99768,1,300
99800,1,300
99832,1,300
99864,1,300
99896,1,300
99928,1,300
99960,1,300
99992,1,300
100037,1,300
100074,1,300
100111,1,300
100148,1,300
100185,1,300
100222,1,300
100259,1,300
100296,1,300
100333,1,300
100370,1,300
100407,1,300
100444,1,300
100481,1,300
100518,1,300
100555,1,300
100592,1,300
100629,1,300
100666,1,300
100703,1,300
100740,1,300
100777,1,300
100814,1,300
100851,1,300
100888,1,300
100925,1,300
100962,1,300
100999,1,300
101034,1,300
101068,1,300
101102,1,300
101136,1,300
101170,1,300
101204,1,300
101238,1,300
101272,1,300
101306,1,300
101340,1,300
101374,1,300
101408,1,300
101442,1,300
101476,1,300
101510,1,300
101544,1,300
101578,1,300
101612,1,300
101646,1,300
101680,1,300
101714,1,300
101748,1,300
101782,1,300
101816,1,300
101850,1,300
101884,1,300
101918,1,300
101952,1,300
101986,1,300
102037,1,300
102074,1,300
102111,1,300
102148,1,300
102185,1,300
102222,1,300
102259,1,300
102296,1,300
102333,1,300
102370,1,300
102407,1,300
102444,1,300
102481,1,300
102518,1,300
102555,1,300
102592,1,300
102629,1,300
102666,1,300
102703,1,300
102740,1,300
102777,1,300
102814,1,300
102851,1,300
102888,1,300
102925,1,300
102962,1,300
102999,1,300
103037,1,300
103074,1,300
103111,1,300
103148,1,300
103185,1,300
103222,1,300
103259,1,300
103296,1,300
103333,1,300
103370,1,300
103407,1,300
103444,1,300
103481,1,300
103518,1,300
103555,1,300
103592,1,300
103629,1,300
103666,1,300
103703,1,300
103740,1,300
103777,1,300
103814,1,300
103851,1,300
103888,1,300
103925,1,300
103962,1,300
103999,1,300
104030,1,300
104060,1,300
104090,1,300
104120,1,300
104150,1,300
104180,1,300
104210,1,300
104240,1,300
104270,1,300
104300,1,300
104330,1,300
104360,1,300
104390,1,300
104420,1,300
104450,1,300
104480,1,300
104510,1,300
104540,1,300
104570,1,300
104600,1,300
104630,1,300
104660,1,300
104690,1,300
104720,1,300
104750,1,300
104780,1,300
104810,1,300
104840,1,300
104870,1,300
104900,1,300
104930,1,300
104960,1,300
104990,1,300
105040,1,300
105080,1,300
105120,1,300
105160,1,300
105200,1,300
105240,1,300
105280,1,300
105320,1,300
105360,1,300
105400,1,300
105440,1,300
105480,1,300
105520,1,300
105560,1,300
105600,1,300
105640,1,300
105680,1,300
105720,1,300
105760,1,300
105800,1,300
105840,1,300
105880,1,300
105920,1,300
105960,1,300
106000,1,300
106041,1,300
106082,1,300
106123,1,300
106164,1,300
106205,1,300
106246,1,300
106287,1,300
106328,1,300
106369,1,300
106410,1,300
106451,1,300
106492,1,300
106533,1,300
106574,1,300
106615,1,300
106656,1,300
106697,1,300
106738,1,300
106779,1,300
106820,1,300
106861,1,300
106902,1,300
106943,1,300
106984,1,300
107043,1,300
107086,1,300
107129,1,300
107172,1,300
107215,1,300
107258,1,300
107301,1,300
107344,1,300
107387,1,300
107430,1,300
107473,1,300
107516,1,300
107559,1,300
107602,1,300
107645,1,300
107688,1,300
107731,1,300
107774,1,300
107817,1,300
107860,1,300
107903,1,300
107946,1,300
107989,1,300
108045,1,300
108090,1,300
108135,1,300
108180,1,300
108225,1,300
108270,1,300
108315,1,300
108360,1,300
108405,1,300
108450,1,300
108495,1,300
108540,1,300
108585,1,300
108630,1,300
108675,1,300
108720,1,300
108765,1,300
108810,1,300
108855,1,300
108900,1,300
108945,1,300
108990,1,300
109041,1,300
109082,1,300
109123,1,300
109164,1,300
109205,1,300
109246,1,300
109287,1,300
109328,1,300
109369,1,300
109410,1,300
109451,1,300
109492,1,300
109533,1,300
109574,1,300
109615,1,300
109656,1,300
109697,1,300
109738,1,300
109779,1,300
109820,1,300
109861,1,300
109902,1,300
109943,1,300
109984,1,300
110041,1,300
110082,1,300
110123,1,300
110164,1,300
110205,1,300
110246,1,300
110287,1,300
110328,1,300
110369,1,300
110410,1,300
110451,1,300
110492,1,300
110533,1,300
110574,1,300
110615,1,300
110656,1,300
110697,1,300
110738,1,300
110779,1,300
110820,1,300
110861,1,300
110902,1,300
110943,1,300
110984,1,300
111041,1,300
111082,1,300
111123,1,300
111164,1,300
111205,1,300
111246,1,300
111287,1,300
111328,1,300
111369,1,300
111410,1,300
111451,1,300
111492,1,300
111533,1,300
111574,1,300
111615,1,300
111656,1,300
111697,1,300
111738,1,300
111779,1,300
111820,1,300
111861,1,300
111902,1,300
111943,1,300
111984,1,300
112047,1,300
112094,1,300
112141,1,300
112188,1,300
112235,1,300
112282,1,300
112329,1,300
112376,1,300
112423,1,300
112470,1,300
112517,1,300
112564,1,300
112611,1,300
112658,1,300
112705,1,300
112752,1,300
112799,1,300
112846,1,300
112893,1,300
112940,1,300
112987,1,300
113047,1,300
113094,1,300
113141,1,300
113188,1,300
113235,1,300
113282,1,300
113329,1,300
113376,1,300
113423,1,300
113470,1,300
113517,1,300
113564,1,300
113611,1,300
113658,1,300
113705,1,300
113752,1,300
113799,1,300
113846,1,300
113893,1,300
113940,1,300
113987,1,300
114047,1,300
114094,1,300
114141,1,300
114188,1,300
114235,1,300
114282,1,300
114329,1,300
114376,1,300
114423,1,300
114470,1,300
114517,1,300
114564,1,300
114611,1,300
114658,1,300
114705,1,300
114752,1,300
114799,1,300
114846,1,300
114893,1,300
114940,1,300
114987,1,300
115045,1,300
115090,1,300
115135,1,300
115180,1,300
115225,1,300
115270,1,300
115315,1,300
115360,1,300
115405,1,300
115450,1,300
115495,1,300
115540,1,300
115585,1,300
115630,1,300
115675,1,300
115720,1,300
115765,1,300
115810,1,300
115855,1,300
115900,1,300
115945,1,300
115990,1,300
116043,1,300
116086,1,300
116129,1,300
116172,1,300
116215,1,300
116258,1,300
116301,1,300
116344,1,300
116387,1,300
116430,1,300
116473,1,300
116516,1,300
116559,1,300
116602,1,300
116645,1,300
116688,1,300
116731,1,300
116774,1,300
116817,1,300
116860,1,300
116903,1,300
116946,1,300
116989,1,300
117058,1,300
117116,1,300
117174,1,300
117232,1,300
117290,1,300
117348,1,300
117406,1,300
117464,1,300
117522,1,300
117580,1,300
117638,1,300
117696,1,300
117754,1,300
117812,1,300
117870,1,300
117928,1,300
117986,1,300
118058,1,300
118116,1,300
118174,1,300
118232,1,300
118290,1,300
118348,1,300
118406,1,300
118464,1,300
118522,1,300
118580,1,300
118638,1,300
118696,1,300
118754,1,300
118812,1,300
118870,1,300
118928,1,300
118986,1,300
119062,1,300
119124,1,300
119186,1,300
119248,1,300
119310,1,300
119372,1,300
119434,1,300
119496,1,300
119558,1,300
119620,1,300
119682,1,300
119744,1,300
119806,1,300
119868,1,300
119930,1,300
119992,1,300
120062,1,300
120124,1,300
120186,1,300
120248,1,300
120310,1,300
120372,1,300
120434,1,300
120496,1,300
120558,1,300
120620,1,300
120682,1,300
120744,1,300
120806,1,300
120868,1,300
120930,1,300
120992,1,300
121062,1,300
121124,1,300
121186,1,300
121248,1,300
121310,1,300
121372,1,300
121434,1,300
121496,1,300
121558,1,300
121620,1,300
121682,1,300
121744,1,300
121806,1,300
121868,1,300
121930,1,300
121992,1,300
122066,1,300
122132,1,300
122198,1,300
122264,1,300
122330,1,300
122396,1,300
122462,1,300
122528,1,300
122594,1,300
122660,1,300
122726,1,300
122792,1,300
122858,1,300
122924,1,300
122990,1,300
123062,1,300
123124,1,300
123186,1,300
123248,1,300
123310,1,300
123372,1,300
123434,1,300
123496,1,300
123558,1,300
123620,1,300
123682,1,300
123744,1,300
123806,1,300
123868,1,300
123930,1,300
123992,1,300
124076,1,300
124152,1,300
124228,1,300
124304,1,300
124380,1,300
124456,1,300
124532,1,300
124608,1,300
124684,1,300
124760,1,300
124836,1,300
124912,1,300
124988,1,300
125071,1,300
125142,1,300
125213,1,300
125284,1,300
125355,1,300
125426,1,300
125497,1,300
125568,1,300
125639,1,300
125710,1,300
125781,1,300
125852,1,300
125923,1,300
125994,1,300
126071,1,300
126142,1,300
126213,1,300
126284,1,300
126355,1,300
126426,1,300
126497,1,300
126568,1,300
126639,1,300
126710,1,300
126781,1,300
126852,1,300
126923,1,300
126994,1,300
127076,1,300
127152,1,300
127228,1,300
127304,1,300
127380,1,300
127456,1,300
127532,1,300
127608,1,300
127684,1,300
127760,1,300
127836,1,300
127912,1,300
127988,1,300
128058,1,300
128116,1,300
128174,1,300
128232,1,300
128290,1,300
128348,1,300
128406,1,300
128464,1,300
128522,1,300
128580,1,300
128638,1,300
128696,1,300
128754,1,300
128812,1,300
128870,1,300
128928,1,300
128986,1,300
129083,1,300
129166,1,300
129249,1,300
129332,1,300
129415,1,300
129498,1,300
129581,1,300
129664,1,300
129747,1,300
129830,1,300
129913,1,300
129996,1,300
130083,1,300
130166,1,300
130249,1,300
130332,1,300
130415,1,300
130498,1,300
130581,1,300
130664,1,300
130747,1,300
130830,1,300
130913,1,300
130996,1,300
131090,1,300
131180,1,300
131270,1,300
131360,1,300
131450,1,300
131540,1,300
131630,1,300
131720,1,300
131810,1,300
131900,1,300
131990,1,300
132125,1,300
132250,1,300
132375,1,300
132500,1,300
132625,1,300
132750,1,300
132875,1,300
133000,1,300
133100,1,300
133200,1,300
133300,1,300
133400,1,300
133500,1,300
133600,1,300
133700,1,300
133800,1,300
133900,1,300
134000,1,300
134111,1,300
134222,1,300
134333,1,300
134444,1,300
134555,1,300
134666,1,300
134777,1,300
134888,1,300
134999,1,300
135100,1,300
135200,1,300
135300,1,300
135400,1,300
135500,1,300
135600,1,300
135700,1,300
135800,1,300
135900,1,300
136000,1,300
136111,1,300
136222,1,300
136333,1,300
136444,1,300
136555,1,300
136666,1,300
136777,1,300
136888,1,300
136999,1,300
137111,1,300
137222,1,300
137333,1,300
137444,1,300
137555,1,300
137666,1,300
137777,1,300
137888,1,300
137999,1,300
138100,1,300
138200,1,300
138300,1,300
138400,1,300
138500,1,300
138600,1,300
138700,1,300
138800,1,300
138900,1,300
139000,1,300
139142,1,300
139284,1,300
139426,1,300
139568,1,300
139710,1,300
139852,1,300
139994,1,300
140083,1,300
140166,1,300
140249,1,300
140332,1,300
140415,1,300
140498,1,300
140581,1,300
140664,1,300
140747,1,300
140830,1,300
140913,1,300
140996,1,300
141166,1,300
141332,1,300
141498,1,300
141664,1,300
141830,1,300
141996,1,300
142166,1,300
142332,1,300
142498,1,300
142664,1,300
142830,1,300
142996,1,300
143166,1,300
143332,1,300
143498,1,300
143664,1,300
143830,1,300
143996,1,300
144125,1,300
144250,1,300
144375,1,300
144500,1,300
144625,1,300
144750,1,300
144875,1,300
145000,1,300
145142,1,300
145284,1,300
145426,1,300
145568,1,300
145710,1,300
145852,1,300
145994,1,300
146166,1,300
146332,1,300
146498,1,300
146664,1,300
146830,1,300
146996,1,300
147125,1,300
147250,1,300
147375,1,300
147500,1,300
147625,1,300
147750,1,300
147875,1,300
148000,1,300
148200,1,300
148400,1,300
148600,1,300
148800,1,300
149000,1,300
149200,1,300
149400,1,300
149600,1,300
149800,1,300
150000,1,300
150200,1,300
150400,1,300
150600,1,300
150800,1,300
151000,1,300
151333,1,300
151666,1,300
151999,1,300
152100,1,300
152200,1,300
152300,1,300
152400,1,300
152500,1,300
152600,1,300
152700,1,300
152800,1,300
152900,1,300
153000,1,300
153142,1,300
153284,1,300
153426,1,300
153568,1,300
153710,1,300
153852,1,300
153994,1,300
154200,1,300
154400,1,300
154600,1,300
154800,1,300
155000,1,300
155200,1,300
155400,1,300
155600,1,300
155800,1,300
156000,1,300
156333,1,300
156666,1,300
156999,1,300
157200,1,300
157400,1,300
157600,1,300
157800,1,300
158000,1,300
158166,1,300
158332,1,300
158498,1,300
158664,1,300
158830,1,300
158996,1,300
159125,1,300
159250,1,300
159375,1,300
159500,1,300
159625,1,300
159750,1,300
159875,1,300
160000,1,300
160500,1,300
161000,1,300
161333,1,300
161666,1,300
161999,1,300
162500,1,300
163000,1,300
163333,1,300
163666,1,300
163999,1,300
164090,1,300
164180,1,300
164270,1,300
164360,1,300
164450,1,300
164540,1,300
164630,1,300
164720,1,300
164810,1,300
164900,1,300
164990,1,300
165166,1,300
165332,1,300
165498,1,300
165664,1,300
165830,1,300
165996,1,300
166166,1,300
166332,1,300
166498,1,300
166664,1,300
166830,1,300
166996,1,300
167200,1,300
167400,1,300
167600,1,300
167800,1,300
168000,1,300
168333,1,300
168666,1,300
168999,1,300
169200,1,300
169400,1,300
169600,1,300
169800,1,300
170000,1,300
170250,1,300
170500,1,300
170750,1,300
171000,1,300
171200,1,300
171400,1,300
171600,1,300
171800,1,300
172000,1,300
172333,1,300
172666,1,300
172999,1,300
173333,1,300
173666,1,300
173999,1,300
174250,1,300
174500,1,300
174750,1,300
175000,1,300
175500,1,300
176000,1,300
176083,1,300
176166,1,300
176249,1,300
176332,1,300
176415,1,300
176498,1,300
176581,1,300
176664,1,300
176747,1,300
176830,1,300
176913,1,300
176996,1,300
177166,1,300
177332,1,300
177498,1,300
177664,1,300
177830,1,300
177996,1,300
178166,1,300
178332,1,300
178498,1,300
178664,1,300
178830,1,300
178996,1,300
179250,1,300
179500,1,300
179750,1,300
180000,1,300
180333,1,300
180666,1,300
180999,1,300
181250,1,300
181500,1,300
181750,1,300
182000,1,300
182200,1,300
182400,1,300
182600,1,300
182800,1,300
183000,1,300
183142,1,300
183284,1,300
183426,1,300
183568,1,300
183710,1,300
183852,1,300
183994,1,300
184250,1,300
184500,1,300
184750,1,300
185000,1,300
185333,1,300
185666,1,300
185999,1,300
186200,1,300
186400,1,300
186600,1,300
186800,1,300
187000,1,300
187333,1,300
187666,1,300
187999,1,300
188090,1,300
188180,1,300
188270,1,300
188360,1,300
188450,1,300
188540,1,300
188630,1,300
188720,1,300
188810,1,300
188900,1,300
188990,1,300
189200,1,300
189400,1,300
189600,1,300
189800,1,300
190000,1,300
190250,1,300
190500,1,300
190750,1,300
191000,1,300
191142,1,300
191284,1,300
191426,1,300
191568,1,300
191710,1,300
191852,1,300
191994,1,300
192250,1,300
192500,1,300
192750,1,300
193000,1,300
193200,1,300
193400,1,300
193600,1,300
193800,1,300
194000,1,300
194200,1,300
194400,1,300
194600,1,300
194800,1,300
195000,1,300
195166,1,300
195332,1,300
195498,1,300
195664,1,300
195830,1,300
195996,1,300
196250,1,300
196500,1,300
196750,1,300
197000,1,300
197250,1,300
197500,1,300
197750,1,300
198000,1,300
198250,1,300
198500,1,300
198750,1,300
199000,1,300
199333,1,300
199666,1,300
199999,1,300
200066,1,300
200132,1,300
200198,1,300
200264,1,300
200330,1,300
200396,1,300
200462,1,300
200528,1,300
200594,1,300
200660,1,300
200726,1,300
200792,1,300
200858,1,300
200924,1,300
200990,1,300
201166,1,300
201332,1,300
201498,1,300
201664,1,300
201830,1,300
201996,1,300
202166,1,300
202332,1,300
202498,1,300
202664,1,300
202830,1,300
202996,1,300
203166,1,300
203332,1,300
203498,1,300
203664,1,300
203830,1,300
203996,1,300
204166,1,300
204332,1,300
204498,1,300
204664,1,300
204830,1,300
204996,1,300
205166,1,300
205332,1,300
205498,1,300
205664,1,300
205830,1,300
205996,1,300
206142,1,300
206284,1,300
206426,1,300
206568,1,300
206710,1,300
206852,1,300
206994,1,300
207142,1,300
207284,1,300
207426,1,300
207568,1,300
207710,1,300
207852,1,300
207994,1,300
208333,1,300
208666,1,300
208999,1,300
209250,1,300
209500,1,300
209750,1,300
210000,1,300
210200,1,300
210400,1,300
210600,1,300
210800,1,300
211000,1,300
211166,1,300
211332,1,300
211498,1,300
211664,1,300
211830,1,300
211996,1,300
212071,1,300
212142,1,300
212213,1,300
212284,1,300
212355,1,300
212426,1,300
212497,1,300
212568,1,300
212639,1,300
212710,1,300
212781,1,300
212852,1,300
212923,1,300
212994,1,300
213111,1,300
213222,1,300
213333,1,300
213444,1,300
213555,1,300
213666,1,300
213777,1,300
213888,1,300
213999,1,300
214142,1,300
214284,1,300
214426,1,300
214568,1,300
214710,1,300
214852,1,300
214994,1,300
215166,1,300
215332,1,300
215498,1,300
215664,1,300
215830,1,300
215996,1,300
216142,1,300
216284,1,300
216426,1,300
216568,1,300
216710,1,300
216852,1,300
216994,1,300
217166,1,300
217332,1,300
217498,1,300
217664,1,300
217830,1,300
217996,1,300
218142,1,300
218284,1,300
218426,1,300
218568,1,300
218710,1,300
218852,1,300
218994,1,300
219125,1,300
219250,1,300
219375,1,300
219500,1,300
219625,1,300
219750,1,300
219875,1,300
220000,1,300
220166,1,300
220332,1,300
220498,1,300
220664,1,300
220830,1,300
220996,1,300
221166,1,300
221332,1,300
221498,1,300
221664,1,300
221830,1,300
221996,1,300
222142,1,300
222284,1,300
222426,1,300
222568,1,300
222710,1,300
222852,1,300
222994,1,300
223142,1,300
223284,1,300
223426,1,300
223568,1,300
223710,1,300
223852,1,300
223994,1,300
224058,1,300
224116,1,300
224174,1,300
224232,1,300
224290,1,300
224348,1,300
224406,1,300
224464,1,300
224522,1,300
224580,1,300
224638,1,300
224696,1,300
224754,1,300
224812,1,300
224870,1,300
224928,1,300
224986,1,300
225076,1,300
225152,1,300
225228,1,300
225304,1,300
225380,1,300
225456,1,300
225532,1,300
225608,1,300
225684,1,300
225760,1,300
225836,1,300
225912,1,300
225988,1,300
226076,1,300
226152,1,300
226228,1,300
226304,1,300
226380,1,300
226456,1,300
226532,1,300
226608,1,300
226684,1,300
226760,1,300
226836,1,300
226912,1,300
226988,1,300
227076,1,300
227152,1,300
227228,1,300
227304,1,300
227380,1,300
227456,1,300
227532,1,300
227608,1,300
227684,1,300
227760,1,300
227836,1,300
227912,1,300
227988,1,300
228090,1,300
228180,1,300
228270,1,300
228360,1,300
228450,1,300
228540,1,300
228630,1,300
228720,1,300
228810,1,300
228900,1,300
228990,1,300
229090,1,300
229180,1,300
229270,1,300
229360,1,300
229450,1,300
229540,1,300
229630,1,300
229720,1,300
229810,1,300
229900,1,300
229990,1,300
230076,1,300
230152,1,300
230228,1,300
230304,1,300
230380,1,300
230456,1,300
230532,1,300
230608,1,300
230684,1,300
230760,1,300
230836,1,300
230912,1,300
230988,1,300
231090,1,300
231180,1,300
231270,1,300
231360,1,300
231450,1,300
231540,1,300
231630,1,300
231720,1,300
231810,1,300
231900,1,300
231990,1,300
232100,1,300
232200,1,300
232300,1,300
232400,1,300
232500,1,300
232600,1,300
232700,1,300
232800,1,300
232900,1,300
233000,1,300
233100,1,300
233200,1,300
233300,1,300
233400,1,300
233500,1,300
233600,1,300
233700,1,300
233800,1,300
233900,1,300
234000,1,300
234090,1,300
234180,1,300
234270,1,300
234360,1,300
234450,1,300
234540,1,300
234630,1,300
234720,1,300
234810,1,300
234900,1,300
234990,1,300
235090,1,300
235180,1,300
235270,1,300
235360,1,300
235450,1,300
235540,1,300
235630,1,300
235720,1,300
235810,1,300
235900,1,300
235990,1,300
236047,1,300
236094,1,300
236141,1,300
236188,1,300
236235,1,300
236282,1,300
236329,1,300
236376,1,300
236423,1,300
236470,1,300
236517,1,300
236564,1,300
236611,1,300
236658,1,300
236705,1,300
236752,1,300
236799,1,300
236846,1,300
236893,1,300
236940,1,300
236987,1,300
237076,1,300
237152,1,300
237228,1,300
237304,1,300
237380,1,300
237456,1,300
237532,1,300
237608,1,300
237684,1,300
237760,1,300
237836,1,300
237912,1,300
237988,1,300
238076,1,300
238152,1,300
238228,1,300
238304,1,300
238380,1,300
238456,1,300
238532,1,300
238608,1,300
238684,1,300
238760,1,300
238836,1,300
238912,1,300
238988,1,300
239071,1,300
239142,1,300
239213,1,300
239284,1,300
239355,1,300
239426,1,300
239497,1,300
239568,1,300
239639,1,300
239710,1,300
239781,1,300
239852,1,300
239923,1,300
239994,1,300
240083,1,300
240166,1,300
240249,1,300
240332,1,300
240415,1,300
240498,1,300
240581,1,300
240664,1,300
240747,1,300
240830,1,300
240913,1,300
240996,1,300
241083,1,300
241166,1,300
241249,1,300
241332,1,300
241415,1,300
241498,1,300
241581,1,300
241664,1,300
241747,1,300
241830,1,300
241913,1,300
241996,1,300
242071,1,300
242142,1,300
242213,1,300
242284,1,300
242355,1,300
242426,1,300
242497,1,300
242568,1,300
242639,1,300
242710,1,300
242781,1,300
242852,1,300
242923,1,300
242994,1,300
243071,1,300
243142,1,300
243213,1,300
243284,1,300
243355,1,300
243426,1,300
243497,1,300
243568,1,300
243639,1,300
243710,1,300
243781,1,300
243852,1,300
243923,1,300
243994,1,300
244083,1,300
244166,1,300
244249,1,300
244332,1,300
244415,1,300
244498,1,300
244581,1,300
244664,1,300
244747,1,300
244830,1,300
244913,1,300
244996,1,300
245090,1,300
245180,1,300
245270,1,300
245360,1,300
245450,1,300
245540,1,300
245630,1,300
245720,1,300
245810,1,300
245900,1,300
245990,1,300
246100,1,300
246200,1,300
246300,1,300
246400,1,300
246500,1,300
246600,1,300
246700,1,300
246800,1,300
246900,1,300
247000,1,300
247111,1,300
247222,1,300
247333,1,300
247444,1,300
247555,1,300
247666,1,300
247777,1,300
247888,1,300
247999,1,300
248058,1,300
248116,1,300
248174,1,300
248232,1,300
248290,1,300
248348,1,300
248406,1,300
248464,1,300
248522,1,300
248580,1,300
248638,1,300
248696,1,300
248754,1,300
248812,1,300
248870,1,300
248928,1,300
248986,1,300
249090,1,300
249180,1,300
249270,1,300
249360,1,300
249450,1,300
249540,1,300
249630,1,300
249720,1,300
249810,1,300
249900,1,300
249990,1,300
250100,1,300
250200,1,300
250300,1,300
250400,1,300
250500,1,300
250600,1,300
250700,1,300
250800,1,300
250900,1,300
251000,1,300
251090,1,300
251180,1,300
251270,1,300
251360,1,300
251450,1,300
251540,1,300
251630,1,300
251720,1,300
251810,1,300
251900,1,300
251990,1,300
252100,1,300
252200,1,300
252300,1,300
252400,1,300
252500,1,300
252600,1,300
252700,1,300
252800,1,300
252900,1,300
253000,1,300
253100,1,300
253200,1,300
253300,1,300
253400,1,300
253500,1,300
253600,1,300
253700,1,300
253800,1,300
253900,1,300
254000,1,300
254100,1,300
254200,1,300
254300,1,300
254400,1,300
254500,1,300
254600,1,300
254700,1,300
254800,1,300
254900,1,300
255000,1,300
255083,1,300
255166,1,300
255249,1,300
255332,1,300
255415,1,300
255498,1,300
255581,1,300
255664,1,300
255747,1,300
255830,1,300
255913,1,300
255996,1,300
256111,1,300
256222,1,300
256333,1,300
256444,1,300
256555,1,300
256666,1,300
256777,1,300
256888,1,300
256999,1,300
257100,1,300
257200,1,300
257300,1,300
257400,1,300
257500,1,300
257600,1,300
257700,1,300
257800,1,300
257900,1,300
258000,1,300
258111,1,300
258222,1,300
258333,1,300
258444,1,300
258555,1,300
258666,1,300
258777,1,300
258888,1,300
258999,1,300
259111,1,300
259222,1,300
259333,1,300
259444,1,300
259555,1,300
259666,1,300
259777,1,300
259888,1,300
259999,1,300
260076,1,300
260152,1,300
260228,1,300
260304,1,300
260380,1,300
260456,1,300
260532,1,300
260608,1,300
260684,1,300
260760,1,300
260836,1,300
260912,1,300
260988,1,300
261142,1,300
261284,1,300
261426,1,300
261568,1,300
261710,1,300
261852,1,300
261994,1,300
262125,1,300
262250,1,300
262375,1,300
262500,1,300
262625,1,300
262750,1,300
262875,1,300
263000,1,300
263125,1,300
263250,1,300
263375,1,300
263500,1,300
263625,1,300
263750,1,300
263875,1,300
264000,1,300
264200,1,300
264400,1,300
264600,1,300
264800,1,300
265000,1,300
265166,1,300
265332,1,300
265498,1,300
265664,1,300
265830,1,300
265996,1,300
266166,1,300
266332,1,300
266498,1,300
266664,1,300
266830,1,300
266996,1,300
267200,1,300
267400,1,300
267600,1,300
267800,1,300
268000,1,300
268250,1,300
268500,1,300
268750,1,300
269000,1,300
269250,1,300
269500,1,300
269750,1,300
270000,1,300
270250,1,300
270500,1,300
270750,1,300
271000,1,300
271333,1,300
271666,1,300
271999,1,300
272333,1,300
272666,1,300
272999,1,300
273250,1,300
273500,1,300
273750,1,300
274000,1,300
274250,1,300
274500,1,300
274750,1,300
275000,1,300
275333,1,300
275666,1,300
275999,1,300
276333,1,300
276666,1,300
276999,1,300
278500,1,300
279000,1,300
279500,1,300
280000,1,300
280333,1,300
280666,1,300
280999,1,300
281250,1,300
281500,1,300
281750,1,300
282000,1,300
282100,1,300
282200,1,300
282300,1,300
282400,1,300
282500,1,300
282600,1,300
282700,1,300
282800,1,300
282900,1,300
283000,1,300
283200,1,300
283400,1,300
283600,1,300
283800,1,300
284000,1,300
284333,1,300
284666,1,300
284999,1,300
285333,1,300
285666,1,300
285999,1,300
286333,1,300
286666,1,300
286999,1,300
287333,1,300
287666,1,300
287999,1,300
288333,1,300
288666,1,300
288999,1,300
289333,1,300
289666,1,300
289999,1,300
