0,1,300
0,1,300
0,1,300
0,1,300
0,1,300
16,1,300
16,1,300
16,1,300
16,1,300
16,1,300
1001,1,300
1001,1,300
1001,1,300
1001,1,300
1002,1,300
1002,1,300
1003,1,300
1024,1,300
1062,1,300
2039,1,300
2049,1,300
2051,1,300
2054,1,300
2086,1,300
2086,1,300
2086,1,300
2241,1,300
3055,1,300
3055,1,300
3067,1,300
3071,1,300
3071,1,300
3084,1,300
3087,1,300
3090,1,300
3090,1,300
4000,1,300
4098,1,300
4098,1,300
4098,1,300
4098,1,300
4098,1,300
4098,1,300
4098,1,300
4098,1,300
4098,1,300
5000,1,300
5000,1,300
5000,1,300
5001,1,300
5026,1,300
5027,1,300
5030,1,300
6092,1,300
6092,1,300
6098,1,300
6098,1,300
6098,1,300
6098,1,300
6098,1,300
7000,1,300
7000,1,300
7000,1,300
7005,1,300
7024,1,300
7024,1,300
7024,1,300
8005,1,300
8006,1,300
8006,1,300
8006,1,300
8006,1,300
8006,1,300
9000,1,300
9000,1,300
9000,1,300
9011,1,300
9012,1,300
9012,1,300
9018,1,300
9019,1,300
9019,1,300
9019,1,300
9019,1,300
9019,1,300
9035,1,300
9035,1,300
9035,1,300
9037,1,300
9037,1,300
9037,1,300
9037,1,300
9037,1,300
10000,1,300
10011,1,300
10011,1,300
10011,1,300
10035,1,300
10050,1,300
10051,1,300
10051,1,300
10052,1,300
10052,1,300
10052,1,300
10052,1,300
11000,1,300
11008,1,300
11090,1,300
11090,1,300
11090,1,300
11090,1,300
11091,1,300
11091,1,300
11091,1,300
11091,1,300
12000,1,300
12000,1,300
12000,1,300
12005,1,300
12045,1,300
12045,1,300
12045,1,300
12060,1,300
12060,1,300
12066,1,300
13000,1,300
13001,1,300
13001,1,300
13001,1,300
13001,1,300
13005,1,300
13005,1,300
13005,1,300
14000,1,300
14000,1,300
14001,1,300
14001,1,300
14001,1,300
14001,1,300
14044,1,300
14186,1,300
14217,1,300
14217,1,300
14217,1,300
14217,1,300
14219,1,300
14219,1,300
14219,1,300
14219,1,300
15000,1,300
15000,1,300
15033,1,300
15033,1,300
15033,1,300
15035,1,300
15035,1,300
15035,1,300
16000,1,300
16000,1,300
16000,1,300
16000,1,300
16000,1,300
16000,1,300
16000,1,300
16000,1,300
17022,1,300
17022,1,300
17084,1,300
18066,1,300
18066,1,300
18087,1,300
18089,1,300
18130,1,300
19000,1,300
19000,1,300
19017,1,300
19026,1,300
19027,1,300
20001,1,300
20001,1,300
20001,1,300
20018,1,300
20018,1,300
20018,1,300
20020,1,300
20024,1,300
20113,1,300
20113,1,300
20113,1,300
20115,1,300
20115,1,300
20115,1,300
20121,1,300
20124,1,300
20126,1,300
20126,1,300
20129,1,300
20129,1,300
20129,1,300
20129,1,300
20129,1,300
21006,1,300
21006,1,300
21006,1,300
21006,1,300
21022,1,300
21022,1,300
21025,1,300
21027,1,300
21029,1,300
21029,1,300
21048,1,300
21050,1,300
21050,1,300
21052,1,300
22143,1,300
22143,1,300
22143,1,300
22143,1,300
22143,1,300
22143,1,300
22144,1,300
22144,1,300
22144,1,300
22144,1,300
22144,1,300
22144,1,300
23000,1,300
23000,1,300
23000,1,300
23023,1,300
23041,1,300
23041,1,300
23041,1,300
23041,1,300
23070,1,300
23070,1,300
23070,1,300
23100,1,300
23100,1,300
23100,1,300
23100,1,300
24000,1,300
24002,1,300
24002,1,300
24002,1,300
24002,1,300
24002,1,300
24002,1,300
25000,1,300
25075,1,300
25075,1,300
25075,1,300
25075,1,300
25075,1,300
25075,1,300
25077,1,300
25082,1,300
25082,1,300
26000,1,300
26000,1,300
26000,1,300
26000,1,300
26000,1,300
26000,1,300
26000,1,300
26000,1,300
26000,1,300
26000,1,300
26000,1,300
26000,1,300
27000,1,300
27001,1,300
27001,1,300
27001,1,300
27001,1,300
27002,1,300
27002,1,300
27002,1,300
27002,1,300
27004,1,300
27004,1,300
27004,1,300
27004,1,300
28000,1,300
28000,1,300
28000,1,300
28012,1,300
28012,1,300
28021,1,300
28021,1,300
28021,1,300
28021,1,300
28044,1,300
29000,1,300
29000,1,300
29000,1,300
29013,1,300
29013,1,300
29013,1,300
29014,1,300
30008,1,300
30008,1,300
30008,1,300
30008,1,300
30016,1,300
30016,1,300
30016,1,300
30236,1,300
30271,1,300
30274,1,300
30274,1,300
31000,1,300
31045,1,300
31045,1,300
31045,1,300
31110,1,300
31110,1,300
32041,1,300
32041,1,300
32041,1,300
32041,1,300
32041,1,300
32041,1,300
32042,1,300
32042,1,300
32044,1,300
32044,1,300
32045,1,300
32047,1,300
32047,1,300
32047,1,300
32049,1,300
32049,1,300
32049,1,300
32049,1,300
32049,1,300
32049,1,300
32049,1,300
32050,1,300
32050,1,300
32052,1,300
32053,1,300
32056,1,300
32065,1,300
32065,1,300
32065,1,300
32066,1,300
32066,1,300
32066,1,300
33042,1,300
33042,1,300
33042,1,300
33064,1,300
33064,1,300
33065,1,300
33065,1,300
33065,1,300
33065,1,300
33065,1,300
33066,1,300
33066,1,300
33068,1,300
33077,1,300
33096,1,300
33165,1,300
33165,1,300
33165,1,300
34075,1,300
34080,1,300
34094,1,300
34103,1,300
34103,1,300
34110,1,300
34114,1,300
34114,1,300
34116,1,300
34117,1,300
34118,1,300
34119,1,300
34119,1,300
34130,1,300
34132,1,300
35000,1,300
35000,1,300
35000,1,300
35100,1,300
35100,1,300
35100,1,300
35100,1,300
35100,1,300
35100,1,300
35100,1,300
35100,1,300
35100,1,300
35100,1,300
35100,1,300
35100,1,300
36000,1,300
36000,1,300
36002,1,300
36002,1,300
36017,1,300
36017,1,300
36083,1,300
36083,1,300
36083,1,300
36084,1,300
36084,1,300
37000,1,300
37000,1,300
37011,1,300
37011,1,300
37018,1,300
37033,1,300
37033,1,300
37033,1,300
37074,1,300
37107,1,300
37111,1,300
37111,1,300
37111,1,300
37111,1,300
37112,1,300
38000,1,300
38001,1,300
38001,1,300
38003,1,300
38003,1,300
38003,1,300
38003,1,300
38014,1,300
38014,1,300
38017,1,300
38017,1,300
38017,1,300
38017,1,300
38032,1,300
38032,1,300
38032,1,300
39016,1,300
39022,1,300
39117,1,300
39117,1,300
39118,1,300
39118,1,300
39119,1,300
39119,1,300
39119,1,300
39119,1,300
39119,1,300
39119,1,300
39121,1,300
39121,1,300
39147,1,300
39147,1,300
39149,1,300
39151,1,300
40000,1,300
40004,1,300
40004,1,300
40007,1,300
40007,1,300
40007,1,300
40007,1,300
40007,1,300
40007,1,300
40007,1,300
40008,1,300
40016,1,300
40019,1,300
40019,1,300
41013,1,300
41013,1,300
41013,1,300
41013,1,300
41013,1,300
41013,1,300
41013,1,300
41013,1,300
41019,1,300
41019,1,300
41019,1,300
41019,1,300
42000,1,300
42000,1,300
42027,1,300
42027,1,300
42027,1,300
42027,1,300
42027,1,300
42029,1,300
42029,1,300
42032,1,300
42039,1,300
42039,1,300
42045,1,300
42045,1,300
43000,1,300
43000,1,300
43001,1,300
43001,1,300
43001,1,300
43005,1,300
43005,1,300
43006,1,300
43138,1,300
43138,1,300
43138,1,300
43142,1,300
43142,1,300
43142,1,300
44000,1,300
44004,1,300
44012,1,300
44012,1,300
44012,1,300
44012,1,300
44012,1,300
44013,1,300
44013,1,300
44016,1,300
44016,1,300
44018,1,300
44019,1,300
44023,1,300
44023,1,300
44045,1,300
44146,1,300
44146,1,300
44147,1,300
44162,1,300
44162,1,300
44162,1,300
44162,1,300
44162,1,300
44177,1,300
44177,1,300
44177,1,300
44177,1,300
44177,1,300
44187,1,300
44187,1,300
44187,1,300
44187,1,300
44187,1,300
44194,1,300
44194,1,300
44194,1,300
45000,1,300
45000,1,300
45000,1,300
45000,1,300
45000,1,300
45022,1,300
45029,1,300
45029,1,300
45045,1,300
45045,1,300
45047,1,300
45047,1,300
45047,1,300
45060,1,300
45060,1,300
45060,1,300
45060,1,300
45080,1,300
45117,1,300
45140,1,300
45140,1,300
45140,1,300
45141,1,300
45149,1,300
45149,1,300
45149,1,300
45149,1,300
45150,1,300
45150,1,300
45150,1,300
45167,1,300
46000,1,300
46000,1,300
46000,1,300
46003,1,300
46003,1,300
46003,1,300
46010,1,300
46016,1,300
46016,1,300
46016,1,300
46016,1,300
46016,1,300
46016,1,300
46021,1,300
46021,1,300
46021,1,300
46021,1,300
46021,1,300
46021,1,300
46021,1,300
46030,1,300
46030,1,300
46030,1,300
46030,1,300
46030,1,300
46030,1,300
46030,1,300
46030,1,300
46030,1,300
46033,1,300
47000,1,300
47000,1,300
47008,1,300
47008,1,300
47013,1,300
47042,1,300
47044,1,300
47044,1,300
47044,1,300
47044,1,300
47044,1,300
47044,1,300
47046,1,300
47046,1,300
47046,1,300
47047,1,300
47047,1,300
47047,1,300
47068,1,300
47068,1,300
47068,1,300
47068,1,300
47072,1,300
47073,1,300
47073,1,300
47073,1,300
47073,1,300
48019,1,300
48019,1,300
48020,1,300
48020,1,300
48020,1,300
48030,1,300
48030,1,300
48030,1,300
48054,1,300
48057,1,300
48057,1,300
48057,1,300
48057,1,300
48057,1,300
48057,1,300
48059,1,300
48059,1,300
48059,1,300
48059,1,300
48059,1,300
48109,1,300
48113,1,300
48113,1,300
48113,1,300
48120,1,300
48122,1,300
48122,1,300
49000,1,300
49001,1,300
49001,1,300
49001,1,300
49001,1,300
49001,1,300
49049,1,300
49060,1,300
49061,1,300
49061,1,300
49061,1,300
49072,1,300
49072,1,300
49072,1,300
49098,1,300
49102,1,300
49114,1,300
49114,1,300
49114,1,300
49114,1,300
49119,1,300
49119,1,300
49119,1,300
49119,1,300
49119,1,300
49120,1,300
49122,1,300
49123,1,300
49123,1,300
49127,1,300
49127,1,300
50001,1,300
50001,1,300
50001,1,300
50001,1,300
50003,1,300
50027,1,300
50027,1,300
50032,1,300
50036,1,300
50036,1,300
50036,1,300
50037,1,300
50040,1,300
50041,1,300
50043,1,300
50073,1,300
50073,1,300
50195,1,300
50195,1,300
50195,1,300
50195,1,300
50197,1,300
50198,1,300
50206,1,300
50211,1,300
50211,1,300
50211,1,300
51000,1,300
51000,1,300
51008,1,300
51010,1,300
51010,1,300
51010,1,300
51012,1,300
51012,1,300
51013,1,300
51013,1,300
51013,1,300
51013,1,300
51014,1,300
51014,1,300
51014,1,300
51014,1,300
51014,1,300
51014,1,300
51014,1,300
51014,1,300
51014,1,300
51014,1,300
51014,1,300
51017,1,300
51023,1,300
51023,1,300
51121,1,300
51121,1,300
51121,1,300
52000,1,300
52000,1,300
52063,1,300
52071,1,300
52075,1,300
52075,1,300
52075,1,300
52075,1,300
52075,1,300
52087,1,300
52087,1,300
52087,1,300
52087,1,300
52154,1,300
52154,1,300
52154,1,300
52156,1,300
52157,1,300
52158,1,300
52204,1,300
52222,1,300
52249,1,300
52249,1,300
52249,1,300
53000,1,300
53000,1,300
53000,1,300
53000,1,300
53000,1,300
53002,1,300
53070,1,300
53078,1,300
53102,1,300
53102,1,300
53102,1,300
53102,1,300
53106,1,300
53108,1,300
53108,1,300
53108,1,300
53109,1,300
53109,1,300
53109,1,300
53148,1,300
53148,1,300
53148,1,300
54000,1,300
54000,1,300
54000,1,300
54000,1,300
54000,1,300
54012,1,300
54012,1,300
54012,1,300
54012,1,300
54012,1,300
54012,1,300
54012,1,300
54022,1,300
54022,1,300
54022,1,300
54022,1,300
54022,1,300
54022,1,300
54022,1,300
54024,1,300
54024,1,300
54026,1,300
54026,1,300
54026,1,300
54026,1,300
54026,1,300
54026,1,300
54026,1,300
54029,1,300
55010,1,300
55010,1,300
55013,1,300
55013,1,300
55015,1,300
55015,1,300
55017,1,300
55031,1,300
55031,1,300
55031,1,300
55033,1,300
55039,1,300
55039,1,300
55039,1,300
55039,1,300
55039,1,300
55039,1,300
55039,1,300
55040,1,300
55040,1,300
55040,1,300
55040,1,300
55040,1,300
55040,1,300
56000,1,300
56000,1,300
56000,1,300
56002,1,300
56002,1,300
56003,1,300
56008,1,300
56008,1,300
56008,1,300
56008,1,300
56009,1,300
56014,1,300
56014,1,300
56017,1,300
56017,1,300
56017,1,300
56017,1,300
56017,1,300
56018,1,300
56018,1,300
56018,1,300
56018,1,300
56018,1,300
56018,1,300
56018,1,300
56018,1,300
56018,1,300
56018,1,300
56018,1,300
56018,1,300
56018,1,300
56018,1,300
56027,1,300
56028,1,300
56028,1,300
56028,1,300
56029,1,300
56029,1,300
56037,1,300
56037,1,300
56037,1,300
56037,1,300
56037,1,300
56037,1,300
56037,1,300
56037,1,300
56039,1,300
56039,1,300
56040,1,300
56040,1,300
56040,1,300
56041,1,300
57000,1,300
57002,1,300
57004,1,300
57004,1,300
57004,1,300
57004,1,300
57004,1,300
57007,1,300
57009,1,300
57009,1,300
57009,1,300
57011,1,300
57012,1,300
57016,1,300
57016,1,300
57023,1,300
57023,1,300
57023,1,300
57023,1,300
57023,1,300
57023,1,300
57023,1,300
57023,1,300
57023,1,300
57025,1,300
57025,1,300
57025,1,300
57025,1,300
57027,1,300
57027,1,300
57027,1,300
57027,1,300
57027,1,300
57029,1,300
57029,1,300
57029,1,300
57029,1,300
57029,1,300
57029,1,300
58014,1,300
58015,1,300
58015,1,300
58074,1,300
58074,1,300
58089,1,300
58089,1,300
58089,1,300
58089,1,300
58089,1,300
58103,1,300
58104,1,300
58122,1,300
58122,1,300
58122,1,300
58122,1,300
58122,1,300
58122,1,300
58122,1,300
58123,1,300
58123,1,300
58133,1,300
58142,1,300
58142,1,300
58142,1,300
58142,1,300
58144,1,300
58144,1,300
58144,1,300
58144,1,300
58144,1,300
58144,1,300
58144,1,300
58146,1,300
58146,1,300
58146,1,300
58146,1,300
58146,1,300
58146,1,300
59001,1,300
59001,1,300
59001,1,300
59001,1,300
59001,1,300
59001,1,300
59001,1,300
59003,1,300
59003,1,300
59021,1,300
59021,1,300
59021,1,300
59021,1,300
59021,1,300
59022,1,300
59022,1,300
59022,1,300
59023,1,300
59024,1,300
59024,1,300
59024,1,300
59024,1,300
59024,1,300
59024,1,300
59024,1,300
59024,1,300
59065,1,300
59066,1,300
59066,1,300
59066,1,300
59069,1,300
59069,1,300
59069,1,300
59069,1,300
60000,1,300
60000,1,300
60006,1,300
60006,1,300
60006,1,300
60018,1,300
60018,1,300
60018,1,300
60018,1,300
60018,1,300
60018,1,300
60026,1,300
60026,1,300
60026,1,300
60026,1,300
60101,1,300
60101,1,300
60127,1,300
60127,1,300
60127,1,300
60132,1,300
60132,1,300
60132,1,300
60132,1,300
60132,1,300
60138,1,300
60138,1,300
60138,1,300
60140,1,300
60141,1,300
60142,1,300
60179,1,300
60182,1,300
60182,1,300
60189,1,300
60189,1,300
60189,1,300
60189,1,300
61000,1,300
61000,1,300
61001,1,300
61003,1,300
61003,1,300
61003,1,300
61003,1,300
61003,1,300
61003,1,300
61003,1,300
61008,1,300
61009,1,300
61009,1,300
61009,1,300
61009,1,300
61009,1,300
61009,1,300
61009,1,300
61009,1,300
61009,1,300
61009,1,300
61009,1,300
61009,1,300
61009,1,300
61009,1,300
61010,1,300
61010,1,300
61010,1,300
61010,1,300
61010,1,300
61042,1,300
61042,1,300
61042,1,300
61042,1,300
61042,1,300
61042,1,300
61043,1,300
62034,1,300
62042,1,300
62046,1,300
62046,1,300
62046,1,300
62046,1,300
62046,1,300
62047,1,300
62055,1,300
62059,1,300
62059,1,300
62083,1,300
62083,1,300
62083,1,300
62083,1,300
62083,1,300
62084,1,300
62084,1,300
62085,1,300
62085,1,300
62099,1,300
62099,1,300
62099,1,300
62099,1,300
62099,1,300
62109,1,300
62111,1,300
62111,1,300
62111,1,300
62111,1,300
62111,1,300
62111,1,300
62111,1,300
62111,1,300
62111,1,300
62111,1,300
62114,1,300
63000,1,300
63000,1,300
63000,1,300
63000,1,300
63000,1,300
63000,1,300
63000,1,300
63000,1,300
63000,1,300
63000,1,300
63000,1,300
63000,1,300
63000,1,300
63003,1,300
63007,1,300
63011,1,300
63011,1,300
63030,1,300
63030,1,300
63030,1,300
63030,1,300
63030,1,300
63030,1,300
63030,1,300
63030,1,300
63030,1,300
63030,1,300
63030,1,300
63030,1,300
63031,1,300
63031,1,300
63068,1,300
63068,1,300
63068,1,300
63068,1,300
63074,1,300
63074,1,300
63074,1,300
64015,1,300
64015,1,300
64015,1,300
64015,1,300
64015,1,300
64015,1,300
64023,1,300
64023,1,300
64023,1,300
64023,1,300
64024,1,300
64032,1,300
64032,1,300
64060,1,300
64060,1,300
64065,1,300
64066,1,300
64066,1,300
64066,1,300
64066,1,300
64066,1,300
64066,1,300
64066,1,300
64066,1,300
64066,1,300
64068,1,300
64069,1,300
64072,1,300
64096,1,300
64097,1,300
64097,1,300
64098,1,300
64098,1,300
64098,1,300
64098,1,300
64098,1,300
64098,1,300
65005,1,300
65008,1,300
65008,1,300
65016,1,300
65016,1,300
65018,1,300
65018,1,300
65019,1,300
65027,1,300
65027,1,300
65028,1,300
65028,1,300
65031,1,300
65031,1,300
65031,1,300
65031,1,300
65031,1,300
65031,1,300
65031,1,300
65031,1,300
65031,1,300
65031,1,300
65031,1,300
65031,1,300
65034,1,300
65034,1,300
65034,1,300
65034,1,300
65034,1,300
65040,1,300
65040,1,300
65044,1,300
65044,1,300
65044,1,300
65044,1,300
65055,1,300
66000,1,300
66000,1,300
66037,1,300
66042,1,300
66042,1,300
66043,1,300
66043,1,300
66050,1,300
66050,1,300
66052,1,300
66052,1,300
66052,1,300
66052,1,300
66058,1,300
66058,1,300
66058,1,300
66059,1,300
66059,1,300
66059,1,300
66059,1,300
66059,1,300
66059,1,300
66059,1,300
66059,1,300
66059,1,300
66059,1,300
66059,1,300
66059,1,300
66070,1,300
66070,1,300
66070,1,300
66108,1,300
66177,1,300
66245,1,300
66245,1,300
66245,1,300
67001,1,300
67001,1,300
67026,1,300
67026,1,300
67026,1,300
67027,1,300
67027,1,300
67027,1,300
67032,1,300
67032,1,300
67033,1,300
67033,1,300
67035,1,300
67049,1,300
67049,1,300
67049,1,300
67049,1,300
67049,1,300
67049,1,300
67049,1,300
67049,1,300
67065,1,300
67065,1,300
67072,1,300
67072,1,300
67080,1,300
67080,1,300
67080,1,300
67094,1,300
67094,1,300
67100,1,300
67100,1,300
67100,1,300
67101,1,300
67101,1,300
67101,1,300
67101,1,300
67101,1,300
67101,1,300
67101,1,300
68000,1,300
68000,1,300
68007,1,300
68007,1,300
68007,1,300
68008,1,300
68008,1,300
68008,1,300
68008,1,300
68023,1,300
68023,1,300
68023,1,300
68023,1,300
68031,1,300
68031,1,300
68031,1,300
68031,1,300
68031,1,300
68031,1,300
68040,1,300
68040,1,300
68040,1,300
68043,1,300
68043,1,300
68043,1,300
68043,1,300
68043,1,300
68043,1,300
68043,1,300
68043,1,300
68043,1,300
68043,1,300
68055,1,300
68055,1,300
68056,1,300
68056,1,300
68058,1,300
68058,1,300
68058,1,300
68058,1,300
68065,1,300
68065,1,300
68065,1,300
68065,1,300
68072,1,300
68072,1,300
68072,1,300
68078,1,300
68078,1,300
68079,1,300
68082,1,300
68082,1,300
68082,1,300
68082,1,300
68083,1,300
68083,1,300
68083,1,300
68096,1,300
68097,1,300
68097,1,300
68097,1,300
68098,1,300
68099,1,300
68099,1,300
68099,1,300
68105,1,300
68136,1,300
68136,1,300
69000,1,300
69000,1,300
69000,1,300
69000,1,300
69000,1,300
69000,1,300
69000,1,300
69000,1,300
69001,1,300
69001,1,300
69001,1,300
69001,1,300
69001,1,300
69002,1,300
69002,1,300
69002,1,300
69002,1,300
69002,1,300
69003,1,300
69003,1,300
69003,1,300
69003,1,300
69003,1,300
69003,1,300
69004,1,300
69004,1,300
69004,1,300
69016,1,300
69016,1,300
69016,1,300
69027,1,300
69027,1,300
69027,1,300
69027,1,300
69027,1,300
69028,1,300
69028,1,300
69035,1,300
69035,1,300
69045,1,300
69045,1,300
69057,1,300
69057,1,300
69057,1,300
69057,1,300
69057,1,300
69057,1,300
69057,1,300
69057,1,300
69057,1,300
69058,1,300
69058,1,300
69058,1,300
69058,1,300
69058,1,300
69058,1,300
70000,1,300
70000,1,300
70012,1,300
70012,1,300
70012,1,300
70012,1,300
70015,1,300
70015,1,300
70017,1,300
70017,1,300
70018,1,300
70018,1,300
70023,1,300
70023,1,300
70023,1,300
70023,1,300
70023,1,300
70023,1,300
70023,1,300
70023,1,300
70023,1,300
70025,1,300
70025,1,300
70031,1,300
70031,1,300
70032,1,300
70032,1,300
70032,1,300
70032,1,300
70032,1,300
70032,1,300
70032,1,300
70040,1,300
70044,1,300
70044,1,300
70044,1,300
70044,1,300
70055,1,300
70055,1,300
70055,1,300
70055,1,300
70055,1,300
70055,1,300
70055,1,300
70055,1,300
70055,1,300
70055,1,300
70057,1,300
70057,1,300
70057,1,300
70057,1,300
70057,1,300
70057,1,300
70058,1,300
71000,1,300
71000,1,300
71000,1,300
71000,1,300
71000,1,300
71000,1,300
71004,1,300
71004,1,300
71004,1,300
71004,1,300
71004,1,300
71004,1,300
71051,1,300
71051,1,300
71051,1,300
71051,1,300
71051,1,300
71051,1,300
71051,1,300
71051,1,300
71051,1,300
71051,1,300
71051,1,300
71053,1,300
71053,1,300
71053,1,300
71053,1,300
71053,1,300
71054,1,300
71054,1,300
71055,1,300
71064,1,300
71065,1,300
71065,1,300
71065,1,300
71065,1,300
71065,1,300
71103,1,300
71103,1,300
71104,1,300
71105,1,300
71105,1,300
71105,1,300
71105,1,300
71111,1,300
71111,1,300
71111,1,300
71111,1,300
71132,1,300
71133,1,300
71135,1,300
71135,1,300
71135,1,300
71135,1,300
71135,1,300
71135,1,300
72000,1,300
72000,1,300
72000,1,300
72001,1,300
72001,1,300
72004,1,300
72004,1,300
72004,1,300
72020,1,300
72020,1,300
72038,1,300
72048,1,300
72048,1,300
72048,1,300
72048,1,300
72048,1,300
72048,1,300
72048,1,300
72048,1,300
72048,1,300
72048,1,300
72048,1,300
72048,1,300
72048,1,300
72048,1,300
72048,1,300
72049,1,300
72049,1,300
72049,1,300
72058,1,300
72058,1,300
72058,1,300
72058,1,300
72058,1,300
72058,1,300
72060,1,300
72071,1,300
72071,1,300
72071,1,300
72074,1,300
72074,1,300
72086,1,300
72086,1,300
72086,1,300
72096,1,300
72096,1,300
72096,1,300
72098,1,300
72098,1,300
72098,1,300
72098,1,300
73000,1,300
73000,1,300
73001,1,300
73001,1,300
73001,1,300
73001,1,300
73001,1,300
73001,1,300
73001,1,300
73003,1,300
73006,1,300
73007,1,300
73008,1,300
73008,1,300
73008,1,300
73010,1,300
73010,1,300
73010,1,300
73010,1,300
73010,1,300
73010,1,300
73010,1,300
73011,1,300
73012,1,300
73012,1,300
73012,1,300
73012,1,300
73014,1,300
73014,1,300
73014,1,300
73014,1,300
73014,1,300
73014,1,300
73014,1,300
73014,1,300
73018,1,300
73020,1,300
73026,1,300
73026,1,300
73026,1,300
73038,1,300
73059,1,300
73059,1,300
73059,1,300
73059,1,300
73059,1,300
73059,1,300
73059,1,300
73059,1,300
73059,1,300
73062,1,300
73062,1,300
73068,1,300
73068,1,300
74000,1,300
74003,1,300
74004,1,300
74019,1,300
74019,1,300
74019,1,300
74019,1,300
74019,1,300
74031,1,300
74031,1,300
74031,1,300
74031,1,300
74031,1,300
74031,1,300
74032,1,300
74032,1,300
74032,1,300
74032,1,300
74032,1,300
74032,1,300
74032,1,300
74043,1,300
74044,1,300
74045,1,300
74047,1,300
74048,1,300
74050,1,300
74079,1,300
74079,1,300
74079,1,300
74079,1,300
74079,1,300
74079,1,300
74094,1,300
74095,1,300
74095,1,300
74159,1,300
74159,1,300
74159,1,300
74159,1,300
74159,1,300
74159,1,300
74159,1,300
74159,1,300
74159,1,300
74159,1,300
74159,1,300
74159,1,300
74159,1,300
74160,1,300
74160,1,300
74160,1,300
74160,1,300
75012,1,300
75021,1,300
75021,1,300
75021,1,300
75041,1,300
75044,1,300
75044,1,300
75044,1,300
75044,1,300
75044,1,300
75044,1,300
75044,1,300
75044,1,300
75044,1,300
75045,1,300
75045,1,300
75045,1,300
75045,1,300
75045,1,300
75045,1,300
75045,1,300
75045,1,300
75045,1,300
75045,1,300
75047,1,300
75047,1,300
75048,1,300
75048,1,300
75048,1,300
75048,1,300
75049,1,300
75049,1,300
75049,1,300
75050,1,300
75050,1,300
75050,1,300
75051,1,300
75058,1,300
75067,1,300
75067,1,300
75070,1,300
75085,1,300
75086,1,300
75088,1,300
75092,1,300
75092,1,300
75102,1,300
75113,1,300
75113,1,300
75113,1,300
75113,1,300
75113,1,300
76000,1,300
76000,1,300
76000,1,300
76000,1,300
76000,1,300
76000,1,300
76000,1,300
76000,1,300
76000,1,300
76000,1,300
76000,1,300
76001,1,300
76007,1,300
76007,1,300
76007,1,300
76009,1,300
76009,1,300
76009,1,300
76009,1,300
76009,1,300
76009,1,300
76022,1,300
76022,1,300
76022,1,300
76053,1,300
76053,1,300
76053,1,300
76053,1,300
76053,1,300
76053,1,300
76053,1,300
76053,1,300
76055,1,300
76056,1,300
76056,1,300
76056,1,300
76064,1,300
76084,1,300
76088,1,300
76091,1,300
76091,1,300
76091,1,300
76091,1,300
76093,1,300
76151,1,300
76157,1,300
76157,1,300
76157,1,300
76157,1,300
76157,1,300
76157,1,300
76157,1,300
77000,1,300
77000,1,300
77000,1,300
77000,1,300
77000,1,300
77042,1,300
77042,1,300
77042,1,300
77042,1,300
77042,1,300
77042,1,300
77042,1,300
77042,1,300
77046,1,300
77046,1,300
77048,1,300
77048,1,300
77048,1,300
77048,1,300
77050,1,300
77050,1,300
77050,1,300
77050,1,300
77060,1,300
77060,1,300
77061,1,300
77063,1,300
77064,1,300
77065,1,300
77065,1,300
77065,1,300
77065,1,300
77065,1,300
77065,1,300
77065,1,300
77065,1,300
77065,1,300
77065,1,300
77065,1,300
77065,1,300
77065,1,300
77067,1,300
77067,1,300
77088,1,300
77088,1,300
77088,1,300
77098,1,300
77098,1,300
77098,1,300
77098,1,300
77098,1,300
77114,1,300
78007,1,300
78007,1,300
78007,1,300
78007,1,300
78007,1,300
78007,1,300
78009,1,300
78009,1,300
78009,1,300
78009,1,300
78009,1,300
78013,1,300
78021,1,300
78021,1,300
78021,1,300
78021,1,300
78021,1,300
78026,1,300
78026,1,300
78026,1,300
78029,1,300
78030,1,300
78030,1,300
78030,1,300
78033,1,300
78035,1,300
78035,1,300
78041,1,300
78042,1,300
78042,1,300
78042,1,300
78042,1,300
78042,1,300
78042,1,300
78042,1,300
78042,1,300
78042,1,300
78042,1,300
78042,1,300
78042,1,300
78042,1,300
78044,1,300
78044,1,300
78044,1,300
78044,1,300
78044,1,300
78044,1,300
78044,1,300
78044,1,300
79000,1,300
79000,1,300
79000,1,300
79001,1,300
79001,1,300
79001,1,300
79006,1,300
79008,1,300
79008,1,300
79008,1,300
79008,1,300
79008,1,300
79016,1,300
79020,1,300
79020,1,300
79031,1,300
79031,1,300
79031,1,300
79033,1,300
79034,1,300
79034,1,300
79034,1,300
79034,1,300
79034,1,300
79034,1,300
79034,1,300
79064,1,300
79087,1,300
79106,1,300
79106,1,300
79106,1,300
79111,1,300
79111,1,300
79113,1,300
79113,1,300
79113,1,300
79113,1,300
79130,1,300
79162,1,300
79164,1,300
79174,1,300
79174,1,300
79174,1,300
79174,1,300
79174,1,300
79174,1,300
79174,1,300
79178,1,300
79187,1,300
79187,1,300
79187,1,300
80012,1,300
80012,1,300
80012,1,300
80012,1,300
80012,1,300
80012,1,300
80012,1,300
80012,1,300
80012,1,300
80012,1,300
80012,1,300
80012,1,300
80012,1,300
80012,1,300
80012,1,300
80012,1,300
80012,1,300
80012,1,300
80012,1,300
80012,1,300
80012,1,300
80012,1,300
80013,1,300
80013,1,300
80013,1,300
80013,1,300
80013,1,300
80017,1,300
80017,1,300
80018,1,300
80020,1,300
80020,1,300
80020,1,300
80020,1,300
80021,1,300
80021,1,300
80028,1,300
80028,1,300
80028,1,300
80028,1,300
80028,1,300
80030,1,300
80030,1,300
80030,1,300
80030,1,300
80030,1,300
80030,1,300
80030,1,300
80035,1,300
80035,1,300
80035,1,300
80035,1,300
80037,1,300
80038,1,300
80039,1,300
80040,1,300
80066,1,300
80066,1,300
80066,1,300
80073,1,300
80073,1,300
80073,1,300
80073,1,300
80073,1,300
80073,1,300
80073,1,300
80073,1,300
80073,1,300
80073,1,300
80105,1,300
80105,1,300
80107,1,300
80119,1,300
81000,1,300
81000,1,300
81002,1,300
81002,1,300
81002,1,300
81002,1,300
81002,1,300
81002,1,300
81006,1,300
81006,1,300
81006,1,300
81014,1,300
81015,1,300
81015,1,300
81015,1,300
81015,1,300
81015,1,300
81021,1,300
81021,1,300
81038,1,300
81038,1,300
81038,1,300
81040,1,300
81041,1,300
81044,1,300
81044,1,300
81044,1,300
81048,1,300
81050,1,300
81052,1,300
81052,1,300
81054,1,300
81054,1,300
81054,1,300
81060,1,300
81060,1,300
81060,1,300
81060,1,300
81060,1,300
81061,1,300
81061,1,300
81061,1,300
81073,1,300
81073,1,300
81073,1,300
81073,1,300
81077,1,300
81077,1,300
81077,1,300
81077,1,300
81095,1,300
81095,1,300
81095,1,300
81095,1,300
81095,1,300
81095,1,300
81095,1,300
81095,1,300
81095,1,300
81095,1,300
81095,1,300
82002,1,300
82002,1,300
82002,1,300
82002,1,300
82002,1,300
82005,1,300
82005,1,300
82005,1,300
82005,1,300
82005,1,300
82008,1,300
82009,1,300
82009,1,300
82009,1,300
82009,1,300
82009,1,300
82009,1,300
82009,1,300
82009,1,300
82009,1,300
82009,1,300
82011,1,300
82011,1,300
82011,1,300
82011,1,300
82011,1,300
82011,1,300
82011,1,300
82011,1,300
82034,1,300
82034,1,300
82034,1,300
82034,1,300
82036,1,300
82036,1,300
82036,1,300
82036,1,300
82036,1,300
82056,1,300
82065,1,300
82065,1,300
82065,1,300
82065,1,300
82065,1,300
82065,1,300
82066,1,300
82066,1,300
82066,1,300
82067,1,300
82067,1,300
82067,1,300
82068,1,300
82070,1,300
82071,1,300
82071,1,300
82071,1,300
82071,1,300
82071,1,300
82077,1,300
82077,1,300
83002,1,300
83002,1,300
83002,1,300
83006,1,300
83006,1,300
83007,1,300
83007,1,300
83011,1,300
83011,1,300
83011,1,300
83011,1,300
83011,1,300
83011,1,300
83011,1,300
83013,1,300
83015,1,300
83018,1,300
83019,1,300
83032,1,300
83032,1,300
83032,1,300
83032,1,300
83032,1,300
83032,1,300
83032,1,300
83032,1,300
83032,1,300
83032,1,300
83032,1,300
83032,1,300
83032,1,300
83032,1,300
83033,1,300
83035,1,300
83036,1,300
83036,1,300
83036,1,300
83037,1,300
83040,1,300
83043,1,300
83043,1,300
83045,1,300
83067,1,300
83067,1,300
83067,1,300
83067,1,300
83067,1,300
83067,1,300
83069,1,300
83069,1,300
83069,1,300
83069,1,300
83069,1,300
83069,1,300
83069,1,300
83074,1,300
83074,1,300
83074,1,300
83074,1,300
83074,1,300
84000,1,300
84000,1,300
84008,1,300
84008,1,300
84008,1,300
84008,1,300
84008,1,300
84016,1,300
84016,1,300
84018,1,300
84018,1,300
84018,1,300
84019,1,300
84020,1,300
84020,1,300
84020,1,300
84021,1,300
84021,1,300
84023,1,300
84023,1,300
84023,1,300
84024,1,300
84027,1,300
84027,1,300
84027,1,300
84035,1,300
84038,1,300
84038,1,300
84058,1,300
84059,1,300
84059,1,300
84059,1,300
84067,1,300
84067,1,300
84069,1,300
84069,1,300
84070,1,300
84070,1,300
84070,1,300
84070,1,300
84070,1,300
84070,1,300
84070,1,300
84070,1,300
84081,1,300
84081,1,300
84081,1,300
84081,1,300
84081,1,300
84081,1,300
84081,1,300
84095,1,300
84095,1,300
84095,1,300
84095,1,300
85001,1,300
85001,1,300
85002,1,300
85018,1,300
85033,1,300
85041,1,300
85041,1,300
85041,1,300
85041,1,300
85042,1,300
85042,1,300
85042,1,300
85042,1,300
85042,1,300
85042,1,300
85042,1,300
85045,1,300
85045,1,300
85045,1,300
85045,1,300
85045,1,300
85045,1,300
85045,1,300
85045,1,300
85045,1,300
85055,1,300
85055,1,300
85055,1,300
85055,1,300
85055,1,300
85056,1,300
85056,1,300
85056,1,300
85056,1,300
85056,1,300
85056,1,300
85056,1,300
85059,1,300
85059,1,300
85059,1,300
85059,1,300
85059,1,300
85059,1,300
85061,1,300
85083,1,300
85084,1,300
85084,1,300
85092,1,300
85092,1,300
85094,1,300
85094,1,300
85094,1,300
85094,1,300
85094,1,300
85094,1,300
85094,1,300
85100,1,300
85101,1,300
85101,1,300
86000,1,300
86000,1,300
86000,1,300
86004,1,300
86004,1,300
86004,1,300
86004,1,300
86004,1,300
86004,1,300
86004,1,300
86004,1,300
86004,1,300
86004,1,300
86004,1,300
86004,1,300
86005,1,300
86031,1,300
86031,1,300
86031,1,300
86031,1,300
86031,1,300
86031,1,300
86031,1,300
86032,1,300
86033,1,300
86041,1,300
86041,1,300
86041,1,300
86044,1,300
86044,1,300
86044,1,300
86044,1,300
86044,1,300
86044,1,300
86065,1,300
86065,1,300
86068,1,300
86068,1,300
86068,1,300
86081,1,300
86083,1,300
86083,1,300
86083,1,300
86090,1,300
86092,1,300
86093,1,300
86099,1,300
86100,1,300
86101,1,300
86101,1,300
86101,1,300
86101,1,300
86102,1,300
86102,1,300
86102,1,300
86102,1,300
86102,1,300
86103,1,300
87000,1,300
87000,1,300
87001,1,300
87002,1,300
87002,1,300
87002,1,300
87002,1,300
87002,1,300
87002,1,300
87002,1,300
87002,1,300
87002,1,300
87002,1,300
87002,1,300
87003,1,300
87003,1,300
87003,1,300
87003,1,300
87003,1,300
87003,1,300
87005,1,300
87005,1,300
87005,1,300
87005,1,300
87007,1,300
87007,1,300
87020,1,300
87021,1,300
87022,1,300
87022,1,300
87022,1,300
87022,1,300
87023,1,300
87033,1,300
87040,1,300
87040,1,300
87040,1,300
87040,1,300
87040,1,300
87073,1,300
87073,1,300
87073,1,300
87073,1,300
87073,1,300
87073,1,300
87073,1,300
87073,1,300
87073,1,300
87073,1,300
87073,1,300
87073,1,300
87077,1,300
87077,1,300
87077,1,300
87087,1,300
87090,1,300
87092,1,300
87092,1,300
87092,1,300
87092,1,300
88000,1,300
88000,1,300
88000,1,300
88000,1,300
88000,1,300
88001,1,300
88001,1,300
88001,1,300
88001,1,300
88001,1,300
88001,1,300
88001,1,300
88001,1,300
88004,1,300
88004,1,300
88015,1,300
88015,1,300
88015,1,300
88015,1,300
88015,1,300
88015,1,300
88015,1,300
88015,1,300
88015,1,300
88015,1,300
88015,1,300
88015,1,300
88015,1,300
88015,1,300
88032,1,300
88032,1,300
88032,1,300
88037,1,300
88037,1,300
88037,1,300
88037,1,300
88037,1,300
88037,1,300
88037,1,300
88037,1,300
88037,1,300
88037,1,300
88037,1,300
88041,1,300
88041,1,300
88041,1,300
88041,1,300
88041,1,300
88041,1,300
88041,1,300
88041,1,300
88041,1,300
88042,1,300
88074,1,300
88074,1,300
88074,1,300
88074,1,300
89000,1,300
89000,1,300
89000,1,300
89010,1,300
89010,1,300
89013,1,300
89013,1,300
89016,1,300
89016,1,300
89016,1,300
89016,1,300
89016,1,300
89016,1,300
89016,1,300
89016,1,300
89016,1,300
89016,1,300
89018,1,300
89018,1,300
89020,1,300
89020,1,300
89021,1,300
89021,1,300
89021,1,300
89021,1,300
89021,1,300
89021,1,300
89027,1,300
89027,1,300
89027,1,300
89027,1,300
89027,1,300
89027,1,300
89028,1,300
89034,1,300
89034,1,300
89034,1,300
89034,1,300
89034,1,300
89034,1,300
89034,1,300
89034,1,300
89034,1,300
89036,1,300
89036,1,300
89036,1,300
89036,1,300
89036,1,300
89052,1,300
89052,1,300
89055,1,300
89060,1,300
89060,1,300
89060,1,300
90000,1,300
90000,1,300
90001,1,300
90001,1,300
90001,1,300
90001,1,300
90004,1,300
90004,1,300
90004,1,300
90004,1,300
90006,1,300
90033,1,300
90033,1,300
90035,1,300
90037,1,300
90042,1,300
90042,1,300
90043,1,300
90043,1,300
90043,1,300
90043,1,300
90044,1,300
90044,1,300
90046,1,300
90046,1,300
90046,1,300
90046,1,300
90046,1,300
90051,1,300
90051,1,300
90052,1,300
90052,1,300
90071,1,300
90071,1,300
90071,1,300
90071,1,300
90071,1,300
90071,1,300
90075,1,300
90075,1,300
90075,1,300
90075,1,300
90075,1,300
90075,1,300
90075,1,300
90076,1,300
90076,1,300
90076,1,300
90076,1,300
90090,1,300
90090,1,300
90109,1,300
90109,1,300
90109,1,300
90124,1,300
90124,1,300
90125,1,300
91003,1,300
91003,1,300
91003,1,300
91003,1,300
91003,1,300
91003,1,300
91003,1,300
91003,1,300
91003,1,300
91003,1,300
91003,1,300
91003,1,300
91004,1,300
91005,1,300
91006,1,300
91007,1,300
91018,1,300
91018,1,300
91018,1,300
91018,1,300
91020,1,300
91020,1,300
91020,1,300
91020,1,300
91020,1,300
91023,1,300
91023,1,300
91023,1,300
91027,1,300
91027,1,300
91027,1,300
91045,1,300
91045,1,300
91045,1,300
91087,1,300
91088,1,300
91095,1,300
91095,1,300
91095,1,300
91095,1,300
91096,1,300
91104,1,300
91104,1,300
91104,1,300
91104,1,300
91104,1,300
91104,1,300
91104,1,300
91104,1,300
91104,1,300
91104,1,300
91104,1,300
91104,1,300
91104,1,300
91106,1,300
92001,1,300
92001,1,300
92040,1,300
92040,1,300
92040,1,300
92040,1,300
92045,1,300
92045,1,300
92045,1,300
92046,1,300
92046,1,300
92047,1,300
92047,1,300
92047,1,300
92049,1,300
92049,1,300
92049,1,300
92049,1,300
92049,1,300
92049,1,300
92052,1,300
92053,1,300
92054,1,300
92054,1,300
92054,1,300
92067,1,300
92067,1,300
92067,1,300
92067,1,300
92067,1,300
92067,1,300
92067,1,300
92067,1,300
92067,1,300
92067,1,300
92067,1,300
92067,1,300
92067,1,300
92067,1,300
92067,1,300
92067,1,300
92067,1,300
92067,1,300
92068,1,300
92068,1,300
92068,1,300
92068,1,300
92070,1,300
92072,1,300
92072,1,300
92074,1,300
92074,1,300
92074,1,300
92074,1,300
92074,1,300
92074,1,300
92074,1,300
92074,1,300
92077,1,300
92077,1,300
92077,1,300
92078,1,300
92078,1,300
92078,1,300
92078,1,300
92078,1,300
92078,1,300
92079,1,300
92079,1,300
92079,1,300
92079,1,300
92079,1,300
92083,1,300
92083,1,300
92090,1,300
92104,1,300
92104,1,300
92107,1,300
92107,1,300
92109,1,300
92109,1,300
92109,1,300
92109,1,300
92109,1,300
92129,1,300
92129,1,300
92129,1,300
93000,1,300
93000,1,300
93000,1,300
93000,1,300
93000,1,300
93000,1,300
93007,1,300
93007,1,300
93007,1,300
93007,1,300
93007,1,300
93007,1,300
93008,1,300
93008,1,300
93008,1,300
93008,1,300
93009,1,300
93019,1,300
93019,1,300
93019,1,300
93019,1,300
93020,1,300
93035,1,300
93035,1,300
93035,1,300
93035,1,300
93035,1,300
93038,1,300
93043,1,300
93044,1,300
93044,1,300
93044,1,300
93044,1,300
93044,1,300
93044,1,300
93044,1,300
93044,1,300
93044,1,300
93044,1,300
93044,1,300
93044,1,300
93044,1,300
93045,1,300
93045,1,300
93045,1,300
93049,1,300
93049,1,300
93063,1,300
93063,1,300
93063,1,300
93063,1,300
93063,1,300
93066,1,300
93068,1,300
93068,1,300
93068,1,300
93068,1,300
93076,1,300
93076,1,300
93076,1,300
93076,1,300
93076,1,300
93078,1,300
93078,1,300
94000,1,300
94000,1,300
94000,1,300
94000,1,300
94000,1,300
94000,1,300
94002,1,300
94002,1,300
94006,1,300
94006,1,300
94007,1,300
94007,1,300
94007,1,300
94007,1,300
94007,1,300
94009,1,300
94009,1,300
94009,1,300
94009,1,300
94009,1,300
94009,1,300
94009,1,300
94011,1,300
94011,1,300
94011,1,300
94011,1,300
94012,1,300
94012,1,300
94016,1,300
94016,1,300
94027,1,300
94027,1,300
94027,1,300
94027,1,300
94027,1,300
94027,1,300
94027,1,300
94027,1,300
94028,1,300
94029,1,300
94029,1,300
94029,1,300
94029,1,300
94029,1,300
94029,1,300
94029,1,300
94029,1,300
94029,1,300
94030,1,300
94030,1,300
94030,1,300
94030,1,300
94030,1,300
94030,1,300
94030,1,300
94043,1,300
94047,1,300
94047,1,300
94047,1,300
94047,1,300
94047,1,300
94047,1,300
94047,1,300
95001,1,300
95001,1,300
95001,1,300
95001,1,300
95026,1,300
95032,1,300
95032,1,300
95032,1,300
95032,1,300
95032,1,300
95032,1,300
95032,1,300
95032,1,300
95032,1,300
95032,1,300
95032,1,300
95032,1,300
95032,1,300
95032,1,300
95032,1,300
95032,1,300
95032,1,300
95032,1,300
95032,1,300
95033,1,300
95033,1,300
95033,1,300
95033,1,300
95033,1,300
95033,1,300
95033,1,300
95033,1,300
95033,1,300
95033,1,300
95033,1,300
95033,1,300
95033,1,300
95033,1,300
95045,1,300
95045,1,300
95063,1,300
95064,1,300
95064,1,300
95064,1,300
95064,1,300
95064,1,300
95064,1,300
95064,1,300
95064,1,300
95064,1,300
95064,1,300
95064,1,300
95064,1,300
95082,1,300
95082,1,300
95084,1,300
95084,1,300
95084,1,300
95105,1,300
95111,1,300
95122,1,300
96000,1,300
96000,1,300
96000,1,300
96000,1,300
96002,1,300
96004,1,300
96010,1,300
96010,1,300
96010,1,300
96010,1,300
96010,1,300
96010,1,300
96011,1,300
96011,1,300
96011,1,300
96011,1,300
96011,1,300
96011,1,300
96011,1,300
96013,1,300
96013,1,300
96013,1,300
96021,1,300
96021,1,300
96022,1,300
96022,1,300
96029,1,300
96029,1,300
96032,1,300
96032,1,300
96035,1,300
96035,1,300
96035,1,300
96036,1,300
96037,1,300
96037,1,300
96037,1,300
96060,1,300
96060,1,300
96060,1,300
96061,1,300
96061,1,300
96061,1,300
96061,1,300
96061,1,300
96061,1,300
96061,1,300
96067,1,300
96067,1,300
96069,1,300
96069,1,300
96069,1,300
96069,1,300
96069,1,300
96069,1,300
96069,1,300
96069,1,300
96074,1,300
97000,1,300
97001,1,300
97001,1,300
97002,1,300
97002,1,300
97002,1,300
97002,1,300
97002,1,300
97004,1,300
97004,1,300
97004,1,300
97004,1,300
97004,1,300
97004,1,300
97004,1,300
97006,1,300
97006,1,300
97014,1,300
97014,1,300
97014,1,300
97014,1,300
97014,1,300
97014,1,300
97014,1,300
97014,1,300
97014,1,300
97014,1,300
97014,1,300
97014,1,300
97014,1,300
97015,1,300
97015,1,300
97017,1,300
97017,1,300
97017,1,300
97017,1,300
97017,1,300
97017,1,300
97021,1,300
97031,1,300
97031,1,300
97031,1,300
97031,1,300
97031,1,300
97031,1,300
97031,1,300
97032,1,300
97033,1,300
97033,1,300
97033,1,300
97033,1,300
97033,1,300
97033,1,300
97033,1,300
97033,1,300
97034,1,300
97034,1,300
97034,1,300
98000,1,300
98005,1,300
98005,1,300
98005,1,300
98007,1,300
98007,1,300
98007,1,300
98008,1,300
98008,1,300
98008,1,300
98008,1,300
98008,1,300
98008,1,300
98009,1,300
98009,1,300
98010,1,300
98014,1,300
98014,1,300
98014,1,300
98016,1,300
98016,1,300
98016,1,300
98016,1,300
98016,1,300
98016,1,300
98016,1,300
98016,1,300
98016,1,300
98016,1,300
98016,1,300
98019,1,300
98019,1,300
98019,1,300
98020,1,300
98020,1,300
98020,1,300
98021,1,300
98025,1,300
98025,1,300
98025,1,300
98026,1,300
98026,1,300
98026,1,300
98032,1,300
98032,1,300
98032,1,300
98032,1,300
98034,1,300
98034,1,300
98034,1,300
98034,1,300
98034,1,300
98034,1,300
98034,1,300
98036,1,300
98036,1,300
98037,1,300
98037,1,300
99002,1,300
99006,1,300
99009,1,300
99010,1,300
99011,1,300
99017,1,300
99018,1,300
99024,1,300
99024,1,300
99028,1,300
99030,1,300
99030,1,300
99030,1,300
99030,1,300
99030,1,300
99034,1,300
99034,1,300
99034,1,300
99036,1,300
99037,1,300
99037,1,300
99039,1,300
99039,1,300
99094,1,300
99094,1,300
99094,1,300
99094,1,300
99094,1,300
99095,1,300
99095,1,300
99095,1,300
99095,1,300
99095,1,300
99096,1,300
99110,1,300
99110,1,300
99110,1,300
99110,1,300
99110,1,300
99110,1,300
99110,1,300
99110,1,300
99110,1,300
99110,1,300
99111,1,300
99112,1,300
99113,1,300
99113,1,300
99113,1,300
99113,1,300
99113,1,300
99114,1,300
99114,1,300
99114,1,300
99114,1,300
99114,1,300
99119,1,300
99119,1,300
99120,1,300
100000,1,300
100000,1,300
100000,1,300
100001,1,300
100001,1,300
100001,1,300
100001,1,300
100001,1,300
100001,1,300
100001,1,300
100011,1,300
100020,1,300
100028,1,300
100028,1,300
100028,1,300
100028,1,300
100029,1,300
100047,1,300
100060,1,300
100073,1,300
100073,1,300
100073,1,300
100073,1,300
100073,1,300
100073,1,300
100075,1,300
100077,1,300
100077,1,300
100077,1,300
100079,1,300
100084,1,300
100084,1,300
100085,1,300
100085,1,300
100087,1,300
100107,1,300
100107,1,300
100107,1,300
100107,1,300
100107,1,300
100114,1,300
100114,1,300
100114,1,300
100117,1,300
100118,1,300
100119,1,300
100119,1,300
100120,1,300
100146,1,300
100146,1,300
100146,1,300
100146,1,300
101000,1,300
101000,1,300
101011,1,300
101011,1,300
101011,1,300
101016,1,300
101019,1,300
101019,1,300
101019,1,300
101019,1,300
101035,1,300
101035,1,300
101035,1,300
101035,1,300
101035,1,300
101035,1,300
101035,1,300
101035,1,300
101048,1,300
101048,1,300
101048,1,300
101057,1,300
101057,1,300
101066,1,300
101066,1,300
101066,1,300
101066,1,300
101067,1,300
101067,1,300
101067,1,300
101067,1,300
101084,1,300
101084,1,300
101084,1,300
101084,1,300
101084,1,300
101084,1,300
101090,1,300
101090,1,300
101090,1,300
101092,1,300
101092,1,300
101092,1,300
101099,1,300
101099,1,300
101099,1,300
101099,1,300
101099,1,300
101108,1,300
101108,1,300
101117,1,300
101126,1,300
101126,1,300
101126,1,300
101126,1,300
102000,1,300
102000,1,300
102000,1,300
102003,1,300
102011,1,300
102012,1,300
102014,1,300
102027,1,300
102027,1,300
102027,1,300
102027,1,300
102027,1,300
102027,1,300
102027,1,300
102027,1,300
102027,1,300
102028,1,300
102043,1,300
102043,1,300
102051,1,300
102051,1,300
102051,1,300
102051,1,300
102051,1,300
102051,1,300
102052,1,300
102052,1,300
102052,1,300
102061,1,300
102061,1,300
102061,1,300
102063,1,300
102063,1,300
102064,1,300
102064,1,300
102064,1,300
102070,1,300
102070,1,300
102070,1,300
102071,1,300
102071,1,300
102087,1,300
102087,1,300
102087,1,300
102087,1,300
102090,1,300
102090,1,300
102090,1,300
102090,1,300
102090,1,300
102090,1,300
103000,1,300
103000,1,300
103000,1,300
103000,1,300
103000,1,300
103036,1,300
103039,1,300
103039,1,300
103039,1,300
103041,1,300
103041,1,300
103042,1,300
103042,1,300
103042,1,300
103042,1,300
103042,1,300
103042,1,300
103042,1,300
103042,1,300
103042,1,300
103045,1,300
103045,1,300
103045,1,300
103045,1,300
103045,1,300
103045,1,300
103045,1,300
103045,1,300
103048,1,300
103051,1,300
103052,1,300
103053,1,300
103055,1,300
103057,1,300
103057,1,300
103057,1,300
103096,1,300
103096,1,300
103097,1,300
103097,1,300
103097,1,300
103099,1,300
103099,1,300
103099,1,300
103099,1,300
103125,1,300
103126,1,300
103126,1,300
103131,1,300
103131,1,300
103131,1,300
104000,1,300
104000,1,300
104000,1,300
104000,1,300
104000,1,300
104003,1,300
104003,1,300
104003,1,300
104003,1,300
104003,1,300
104005,1,300
104005,1,300
104011,1,300
104011,1,300
104011,1,300
104011,1,300
104011,1,300
104013,1,300
104038,1,300
104038,1,300
104040,1,300
104040,1,300
104040,1,300
104040,1,300
104040,1,300
104040,1,300
104040,1,300
104040,1,300
104045,1,300
104045,1,300
104045,1,300
104045,1,300
104045,1,300
104045,1,300
104045,1,300
104045,1,300
104045,1,300
104045,1,300
104046,1,300
104046,1,300
104046,1,300
104046,1,300
104046,1,300
104046,1,300
104046,1,300
104046,1,300
104046,1,300
104046,1,300
104046,1,300
104047,1,300
104050,1,300
104050,1,300
104050,1,300
104050,1,300
104050,1,300
104050,1,300
104052,1,300
104052,1,300
104052,1,300
104052,1,300
104057,1,300
104057,1,300
104057,1,300
105000,1,300
105000,1,300
105000,1,300
105000,1,300
105015,1,300
105015,1,300
105020,1,300
105020,1,300
105021,1,300
105021,1,300
105035,1,300
105035,1,300
105035,1,300
105035,1,300
105035,1,300
105036,1,300
105036,1,300
105036,1,300
105036,1,300
105036,1,300
105052,1,300
105052,1,300
105052,1,300
105052,1,300
105052,1,300
105053,1,300
105053,1,300
105053,1,300
105053,1,300
105054,1,300
105054,1,300
105054,1,300
105054,1,300
105054,1,300
105055,1,300
105055,1,300
105062,1,300
105062,1,300
105063,1,300
105066,1,300
105066,1,300
105066,1,300
105071,1,300
105071,1,300
105071,1,300
105071,1,300
105072,1,300
105072,1,300
106000,1,300
106000,1,300
106005,1,300
106005,1,300
106009,1,300
106014,1,300
106014,1,300
106014,1,300
106014,1,300
106019,1,300
106019,1,300
106019,1,300
106019,1,300
106019,1,300
106019,1,300
106019,1,300
106019,1,300
106021,1,300
106022,1,300
106022,1,300
106022,1,300
106023,1,300
106023,1,300
106023,1,300
106023,1,300
106025,1,300
106025,1,300
106042,1,300
106042,1,300
106042,1,300
106042,1,300
106042,1,300
106042,1,300
106043,1,300
106043,1,300
106043,1,300
106045,1,300
106049,1,300
106049,1,300
106049,1,300
106052,1,300
106115,1,300
106115,1,300
106115,1,300
106124,1,300
106124,1,300
107000,1,300
107005,1,300
107005,1,300
107005,1,300
107005,1,300
107005,1,300
107005,1,300
107005,1,300
107006,1,300
107006,1,300
107006,1,300
107006,1,300
107006,1,300
107006,1,300
107006,1,300
107010,1,300
107010,1,300
107010,1,300
107010,1,300
107010,1,300
107010,1,300
107010,1,300
107013,1,300
107014,1,300
107014,1,300
107014,1,300
107014,1,300
107014,1,300
107014,1,300
107027,1,300
107037,1,300
107037,1,300
107037,1,300
107037,1,300
107037,1,300
107038,1,300
107038,1,300
107038,1,300
107040,1,300
107043,1,300
107044,1,300
107045,1,300
107045,1,300
107045,1,300
108006,1,300
108008,1,300
108029,1,300
108029,1,300
108029,1,300
108029,1,300
108029,1,300
108029,1,300
108029,1,300
108029,1,300
108029,1,300
108041,1,300
108041,1,300
108041,1,300
108041,1,300
108041,1,300
108042,1,300
108042,1,300
108042,1,300
108042,1,300
108053,1,300
108053,1,300
108053,1,300
108053,1,300
108074,1,300
108074,1,300
108074,1,300
108074,1,300
108075,1,300
108075,1,300
108075,1,300
108078,1,300
108078,1,300
108078,1,300
108078,1,300
108078,1,300
108078,1,300
108078,1,300
108078,1,300
108082,1,300
108083,1,300
108087,1,300
109007,1,300
109007,1,300
109007,1,300
109014,1,300
109014,1,300
109027,1,300
109038,1,300
109038,1,300
109038,1,300
109038,1,300
109038,1,300
109038,1,300
109038,1,300
109038,1,300
109038,1,300
109038,1,300
109038,1,300
109038,1,300
109042,1,300
109042,1,300
109074,1,300
109074,1,300
109074,1,300
109076,1,300
109104,1,300
109104,1,300
109104,1,300
109104,1,300
109104,1,300
109114,1,300
109114,1,300
109114,1,300
109114,1,300
109114,1,300
109114,1,300
109114,1,300
109115,1,300
109115,1,300
109121,1,300
109121,1,300
109135,1,300
109135,1,300
109135,1,300
109135,1,300
109135,1,300
110000,1,300
110008,1,300
110008,1,300
110009,1,300
110009,1,300
110010,1,300
110010,1,300
110010,1,300
110010,1,300
110045,1,300
110046,1,300
110049,1,300
110049,1,300
110049,1,300
110049,1,300
110049,1,300
110049,1,300
110049,1,300
110051,1,300
110051,1,300
110053,1,300
110056,1,300
110095,1,300
110095,1,300
110095,1,300
110095,1,300
110095,1,300
110096,1,300
110096,1,300
110096,1,300
110096,1,300
110096,1,300
110096,1,300
110096,1,300
110097,1,300
110098,1,300
110098,1,300
110098,1,300
110098,1,300
110098,1,300
110099,1,300
110099,1,300
110099,1,300
110099,1,300
110110,1,300
110111,1,300
111000,1,300
111000,1,300
111006,1,300
111006,1,300
111006,1,300
111055,1,300
111101,1,300
111101,1,300
111102,1,300
111102,1,300
111102,1,300
111102,1,300
111102,1,300
111102,1,300
111104,1,300
111117,1,300
111117,1,300
111119,1,300
111119,1,300
111121,1,300
111121,1,300
111121,1,300
111121,1,300
111122,1,300
111122,1,300
111150,1,300
111150,1,300
111150,1,300
111152,1,300
111152,1,300
111152,1,300
111152,1,300
111152,1,300
111153,1,300
111153,1,300
111153,1,300
111153,1,300
111154,1,300
111154,1,300
111154,1,300
111154,1,300
111154,1,300
111155,1,300
111155,1,300
111158,1,300
111158,1,300
112000,1,300
112000,1,300
112000,1,300
112000,1,300
112000,1,300
112001,1,300
112001,1,300
112001,1,300
112001,1,300
112001,1,300
112001,1,300
112001,1,300
112001,1,300
112001,1,300
112057,1,300
112057,1,300
112057,1,300
112057,1,300
112057,1,300
112057,1,300
112057,1,300
112057,1,300
112058,1,300
112072,1,300
112072,1,300
112072,1,300
112072,1,300
112072,1,300
112072,1,300
112078,1,300
112078,1,300
112078,1,300
112088,1,300
112088,1,300
112089,1,300
112089,1,300
112089,1,300
112089,1,300
112090,1,300
112090,1,300
112090,1,300
113000,1,300
113000,1,300
113005,1,300
113005,1,300
113005,1,300
113005,1,300
113005,1,300
113005,1,300
113005,1,300
113005,1,300
113005,1,300
113005,1,300
113005,1,300
113005,1,300
113005,1,300
113005,1,300
113005,1,300
113043,1,300
113044,1,300
113056,1,300
113056,1,300
113056,1,300
113064,1,300
113064,1,300
113067,1,300
113067,1,300
113067,1,300
113067,1,300
113077,1,300
113084,1,300
113084,1,300
113084,1,300
113085,1,300
113085,1,300
113086,1,300
113086,1,300
113086,1,300
113087,1,300
113108,1,300
113133,1,300
113133,1,300
114034,1,300
114034,1,300
114035,1,300
114035,1,300
114035,1,300
114035,1,300
114038,1,300
114038,1,300
114038,1,300
114038,1,300
114038,1,300
114038,1,300
114044,1,300
114056,1,300
114056,1,300
114056,1,300
114057,1,300
114057,1,300
114057,1,300
114059,1,300
114059,1,300
114060,1,300
114060,1,300
114060,1,300
114060,1,300
114062,1,300
114062,1,300
114062,1,300
114062,1,300
114077,1,300
114078,1,300
114083,1,300
114083,1,300
114083,1,300
114083,1,300
114083,1,300
114084,1,300
114084,1,300
114084,1,300
114084,1,300
115000,1,300
115000,1,300
115000,1,300
115000,1,300
115000,1,300
115000,1,300
115000,1,300
115000,1,300
115000,1,300
115007,1,300
115007,1,300
115007,1,300
115009,1,300
115009,1,300
115009,1,300
115009,1,300
115010,1,300
115010,1,300
115010,1,300
115010,1,300
115010,1,300
115010,1,300
115010,1,300
115011,1,300
115038,1,300
115038,1,300
115052,1,300
115078,1,300
115078,1,300
115078,1,300
115078,1,300
115078,1,300
115079,1,300
115079,1,300
115079,1,300
115079,1,300
115082,1,300
115084,1,300
115086,1,300
115086,1,300
115086,1,300
115086,1,300
116000,1,300
116006,1,300
116006,1,300
116006,1,300
116006,1,300
116006,1,300
116006,1,300
116006,1,300
116006,1,300
116006,1,300
116006,1,300
116006,1,300
116006,1,300
116006,1,300
116006,1,300
116006,1,300
116008,1,300
116008,1,300
116008,1,300
116011,1,300
116011,1,300
116012,1,300
116012,1,300
116044,1,300
116044,1,300
116044,1,300
116045,1,300
116045,1,300
116045,1,300
116045,1,300
116045,1,300
116045,1,300
116052,1,300
116052,1,300
116052,1,300
116077,1,300
116077,1,300
116077,1,300
116077,1,300
116077,1,300
116077,1,300
116077,1,300
116077,1,300
116077,1,300
116078,1,300
117002,1,300
117010,1,300
117011,1,300
117011,1,300
117011,1,300
117011,1,300
117011,1,300
117011,1,300
117011,1,300
117011,1,300
117016,1,300
117016,1,300
117016,1,300
117016,1,300
117041,1,300
117042,1,300
117042,1,300
117042,1,300
117042,1,300
117042,1,300
117042,1,300
117042,1,300
117042,1,300
117042,1,300
117042,1,300
117044,1,300
117047,1,300
117085,1,300
117085,1,300
117085,1,300
117085,1,300
117085,1,300
117085,1,300
118002,1,300
118025,1,300
118030,1,300
118030,1,300
118030,1,300
118031,1,300
118031,1,300
118031,1,300
118036,1,300
118040,1,300
118040,1,300
118040,1,300
118040,1,300
118040,1,300
118040,1,300
118040,1,300
118040,1,300
118040,1,300
118040,1,300
118040,1,300
118040,1,300
118040,1,300
118049,1,300
118049,1,300
118049,1,300
118049,1,300
118057,1,300
118057,1,300
118057,1,300
118057,1,300
118057,1,300
118059,1,300
119057,1,300
119057,1,300
119102,1,300
119102,1,300
119102,1,300
119108,1,300
119108,1,300
119108,1,300
119108,1,300
119108,1,300
119108,1,300
119108,1,300
119112,1,300
119112,1,300
119112,1,300
119120,1,300
119120,1,300
119120,1,300
119120,1,300
119150,1,300
119150,1,300
119150,1,300
119150,1,300
119150,1,300
119216,1,300
119216,1,300
119217,1,300
119217,1,300
119217,1,300
119217,1,300
120000,1,300
120000,1,300
120000,1,300
120000,1,300
120000,1,300
120010,1,300
120010,1,300
120010,1,300
120028,1,300
120039,1,300
120042,1,300
120042,1,300
120042,1,300
120042,1,300
120042,1,300
120042,1,300
120042,1,300
120042,1,300
120042,1,300
120042,1,300
120042,1,300
120042,1,300
120073,1,300
120080,1,300
120080,1,300
120080,1,300
120081,1,300
120081,1,300
120081,1,300
120081,1,300
120088,1,300
121000,1,300
121001,1,300
121002,1,300
121002,1,300
121002,1,300
121002,1,300
121002,1,300
121002,1,300
121002,1,300
121003,1,300
121003,1,300
121003,1,300
121009,1,300
121009,1,300
121029,1,300
121029,1,300
121029,1,300
121029,1,300
121029,1,300
121029,1,300
121029,1,300
121029,1,300
121029,1,300
121029,1,300
121029,1,300
121030,1,300
121030,1,300
121032,1,300
121043,1,300
121043,1,300
122000,1,300
122000,1,300
122000,1,300
122000,1,300
122000,1,300
122002,1,300
122005,1,300
122005,1,300
122005,1,300
122005,1,300
122005,1,300
122005,1,300
122005,1,300
122025,1,300
122025,1,300
122025,1,300
122025,1,300
122042,1,300
122042,1,300
122042,1,300
122042,1,300
122052,1,300
122055,1,300
122055,1,300
122055,1,300
122055,1,300
122055,1,300
122055,1,300
123000,1,300
123000,1,300
123000,1,300
123001,1,300
123001,1,300
123001,1,300
123001,1,300
123002,1,300
123002,1,300
123002,1,300
123002,1,300
123006,1,300
123006,1,300
123006,1,300
123006,1,300
123006,1,300
123006,1,300
123006,1,300
123035,1,300
123037,1,300
123037,1,300
123037,1,300
123037,1,300
123043,1,300
123043,1,300
123043,1,300
123043,1,300
123043,1,300
123045,1,300
123045,1,300
123046,1,300
124000,1,300
124000,1,300
124000,1,300
124002,1,300
124002,1,300
124005,1,300
124006,1,300
124006,1,300
124006,1,300
124006,1,300
124006,1,300
124006,1,300
124006,1,300
124006,1,300
124010,1,300
124030,1,300
124030,1,300
124045,1,300
124045,1,300
124045,1,300
124045,1,300
124061,1,300
124061,1,300
124061,1,300
124061,1,300
125003,1,300
125011,1,300
125011,1,300
125011,1,300
125011,1,300
125020,1,300
125020,1,300
125020,1,300
125020,1,300
125020,1,300
125020,1,300
125020,1,300
125020,1,300
125020,1,300
125020,1,300
125020,1,300
125020,1,300
125020,1,300
125020,1,300
125026,1,300
125027,1,300
125029,1,300
125029,1,300
125029,1,300
125029,1,300
125029,1,300
125029,1,300
126000,1,300
126002,1,300
126006,1,300
126006,1,300
126007,1,300
126007,1,300
126106,1,300
126106,1,300
126108,1,300
126108,1,300
126109,1,300
126114,1,300
126115,1,300
126119,1,300
126119,1,300
126119,1,300
126119,1,300
126119,1,300
126119,1,300
126134,1,300
126134,1,300
126134,1,300
126134,1,300
126135,1,300
126136,1,300
126136,1,300
126136,1,300
126136,1,300
127000,1,300
127003,1,300
127005,1,300
127005,1,300
127005,1,300
127005,1,300
127005,1,300
127030,1,300
127030,1,300
127035,1,300
127035,1,300
127035,1,300
127035,1,300
127035,1,300
127035,1,300
127035,1,300
127038,1,300
127040,1,300
127040,1,300
127040,1,300
127060,1,300
127060,1,300
127060,1,300
127060,1,300
127061,1,300
128000,1,300
128000,1,300
128000,1,300
128000,1,300
128001,1,300
128001,1,300
128001,1,300
128004,1,300
128004,1,300
128004,1,300
128005,1,300
128005,1,300
128005,1,300
128005,1,300
128005,1,300
128021,1,300
128022,1,300
128022,1,300
128025,1,300
128025,1,300
128025,1,300
128025,1,300
128025,1,300
128025,1,300
128025,1,300
128025,1,300
128025,1,300
128025,1,300
128025,1,300
128025,1,300
128051,1,300
128051,1,300
128065,1,300
129000,1,300
129011,1,300
129011,1,300
129011,1,300
129013,1,300
129013,1,300
129013,1,300
129013,1,300
129013,1,300
129013,1,300
129013,1,300
129036,1,300
129036,1,300
129039,1,300
129039,1,300
129039,1,300
129039,1,300
129039,1,300
129042,1,300
129042,1,300
129042,1,300
129042,1,300
130003,1,300
130003,1,300
130003,1,300
130003,1,300
130003,1,300
130076,1,300
130076,1,300
130077,1,300
130077,1,300
130077,1,300
130077,1,300
130078,1,300
130078,1,300
130082,1,300
130082,1,300
130083,1,300
130086,1,300
130086,1,300
130086,1,300
130086,1,300
130086,1,300
130087,1,300
131000,1,300
131000,1,300
131000,1,300
131010,1,300
131010,1,300
131010,1,300
131010,1,300
131010,1,300
131012,1,300
131012,1,300
131012,1,300
131012,1,300
131013,1,300
131013,1,300
131030,1,300
131030,1,300
131214,1,300
131215,1,300
131216,1,300
131216,1,300
131216,1,300
132000,1,300
132000,1,300
132000,1,300
132000,1,300
132000,1,300
132008,1,300
132009,1,300
132009,1,300
132009,1,300
132018,1,300
132018,1,300
132018,1,300
132022,1,300
132052,1,300
132052,1,300
132052,1,300
133000,1,300
133000,1,300
133000,1,300
133000,1,300
133000,1,300
133000,1,300
133000,1,300
133000,1,300
133001,1,300
133001,1,300
133001,1,300
133001,1,300
133028,1,300
133028,1,300
133028,1,300
133030,1,300
133030,1,300
133030,1,300
133030,1,300
134000,1,300
134000,1,300
134000,1,300
134000,1,300
134000,1,300
134000,1,300
134011,1,300
134045,1,300
134046,1,300
134046,1,300
134046,1,300
134046,1,300
134046,1,300
134046,1,300
134076,1,300
134076,1,300
134077,1,300
134077,1,300
135000,1,300
135003,1,300
135003,1,300
135003,1,300
135003,1,300
135003,1,300
135003,1,300
135016,1,300
135016,1,300
135034,1,300
135034,1,300
135034,1,300
135038,1,300
135060,1,300
135060,1,300
135083,1,300
135083,1,300
135098,1,300
135098,1,300
135099,1,300
136008,1,300
136008,1,300
136008,1,300
136008,1,300
136008,1,300
136008,1,300
136008,1,300
136008,1,300
136008,1,300
136009,1,300
136009,1,300
136009,1,300
136009,1,300
136009,1,300
136009,1,300
136029,1,300
136030,1,300
137000,1,300
137000,1,300
137000,1,300
137000,1,300
137000,1,300
137003,1,300
137005,1,300
137005,1,300
137005,1,300
137005,1,300
137005,1,300
137009,1,300
137009,1,300
137009,1,300
137009,1,300
137019,1,300
137019,1,300
138150,1,300
138150,1,300
138150,1,300
138150,1,300
138150,1,300
138150,1,300
138150,1,300
138151,1,300
138151,1,300
138152,1,300
138152,1,300
138154,1,300
138155,1,300
138155,1,300
138155,1,300
138155,1,300
138155,1,300
138155,1,300
138155,1,300
139000,1,300
139000,1,300
139000,1,300
139000,1,300
139047,1,300
139047,1,300
139133,1,300
139139,1,300
139140,1,300
139163,1,300
139163,1,300
139171,1,300
139171,1,300
140000,1,300
140000,1,300
140000,1,300
140000,1,300
140000,1,300
140000,1,300
140000,1,300
140000,1,300
140000,1,300
140000,1,300
140002,1,300
140002,1,300
140014,1,300
140014,1,300
140014,1,300
140031,1,300
140033,1,300
140033,1,300
140045,1,300
140045,1,300
140045,1,300
140045,1,300
140047,1,300
141000,1,300
141000,1,300
141000,1,300
141000,1,300
141005,1,300
141005,1,300
141013,1,300
141013,1,300
141013,1,300
141013,1,300
141013,1,300
142000,1,300
142002,1,300
142004,1,300
142004,1,300
142004,1,300
142004,1,300
142004,1,300
142004,1,300
142004,1,300
142004,1,300
142004,1,300
142004,1,300
143002,1,300
143002,1,300
143002,1,300
143002,1,300
143006,1,300
143006,1,300
143006,1,300
143007,1,300
143007,1,300
143007,1,300
143007,1,300
143123,1,300
144000,1,300
144073,1,300
144073,1,300
144073,1,300
144073,1,300
144073,1,300
144073,1,300
144073,1,300
144077,1,300
144077,1,300
144080,1,300
144082,1,300
144082,1,300
144082,1,300
144082,1,300
145000,1,300
145000,1,300
145000,1,300
145001,1,300
145001,1,300
145001,1,300
145014,1,300
145014,1,300
145014,1,300
145018,1,300
145018,1,300
145018,1,300
145018,1,300
145018,1,300
146000,1,300
146000,1,300
146000,1,300
146000,1,300
146000,1,300
146000,1,300
146000,1,300
146000,1,300
146005,1,300
146007,1,300
146008,1,300
147000,1,300
147000,1,300
147000,1,300
147000,1,300
147000,1,300
147000,1,300
147000,1,300
147025,1,300
147025,1,300
147028,1,300
147030,1,300
147030,1,300
147031,1,300
147031,1,300
147031,1,300
148000,1,300
148024,1,300
148044,1,300
148044,1,300
148044,1,300
148044,1,300
148045,1,300
148045,1,300
148051,1,300
149000,1,300
149017,1,300
149017,1,300
149023,1,300
149023,1,300
149025,1,300
149026,1,300
149026,1,300
149026,1,300
150000,1,300
150097,1,300
150097,1,300
150097,1,300
150097,1,300
150139,1,300
150139,1,300
150139,1,300
150145,1,300
150155,1,300
151000,1,300
151000,1,300
151000,1,300
151000,1,300
151000,1,300
151003,1,300
152041,1,300
152041,1,300
152042,1,300
152042,1,300
152047,1,300
152047,1,300
152081,1,300
152081,1,300
152081,1,300
152081,1,300
152081,1,300
152081,1,300
152081,1,300
152081,1,300
152083,1,300
152083,1,300
152083,1,300
152083,1,300
152083,1,300
153000,1,300
153000,1,300
153001,1,300
153001,1,300
153001,1,300
153038,1,300
153038,1,300
153039,1,300
153060,1,300
153075,1,300
153075,1,300
153075,1,300
153075,1,300
154000,1,300
154024,1,300
154024,1,300
154024,1,300
154024,1,300
154024,1,300
154024,1,300
154024,1,300
154024,1,300
154024,1,300
155001,1,300
155003,1,300
155003,1,300
155003,1,300
155009,1,300
155010,1,300
155221,1,300
155221,1,300
155221,1,300
156000,1,300
156000,1,300
156025,1,300
156077,1,300
156077,1,300
156078,1,300
157004,1,300
157004,1,300
157004,1,300
157004,1,300
157004,1,300
157019,1,300
157019,1,300
157019,1,300
157025,1,300
158002,1,300
158002,1,300
158005,1,300
158005,1,300
158005,1,300
158005,1,300
158005,1,300
158036,1,300
158036,1,300
158078,1,300
158082,1,300
159034,1,300
159034,1,300
159036,1,300
159040,1,300
159040,1,300
159040,1,300
159040,1,300
159040,1,300
159065,1,300
159067,1,300
159078,1,300
159078,1,300
159078,1,300
159118,1,300
159118,1,300
160000,1,300
160027,1,300
160027,1,300
160027,1,300
161000,1,300
161176,1,300
161176,1,300
161322,1,300
161322,1,300
161323,1,300
162000,1,300
162048,1,300
162048,1,300
162079,1,300
162084,1,300
163000,1,300
163000,1,300
163000,1,300
163084,1,300
163084,1,300
163085,1,300
164000,1,300
164000,1,300
164000,1,300
164000,1,300
164006,1,300
164010,1,300
164010,1,300
164036,1,300
164043,1,300
164043,1,300
164043,1,300
164044,1,300
164044,1,300
164044,1,300
164044,1,300
164044,1,300
164045,1,300
164065,1,300
164065,1,300
164065,1,300
164068,1,300
165029,1,300
165029,1,300
165031,1,300
165031,1,300
165046,1,300
165046,1,300
165049,1,300
165049,1,300
165049,1,300
165057,1,300
165057,1,300
166000,1,300
166000,1,300
166000,1,300
166020,1,300
166020,1,300
166020,1,300
166020,1,300
166201,1,300
166201,1,300
166203,1,300
166211,1,300
167000,1,300
167010,1,300
167010,1,300
167010,1,300
167010,1,300
167010,1,300
167010,1,300
167027,1,300
167027,1,300
168000,1,300
168033,1,300
168193,1,300
168221,1,300
168221,1,300
169000,1,300
169000,1,300
169000,1,300
169023,1,300
169023,1,300
169026,1,300
169026,1,300
169036,1,300
169130,1,300
169152,1,300
170004,1,300
170004,1,300
170004,1,300
170004,1,300
170004,1,300
170004,1,300
170004,1,300
171018,1,300
171023,1,300
171023,1,300
171029,1,300
171035,1,300
171035,1,300
171035,1,300
171035,1,300
171066,1,300
171066,1,300
172002,1,300
172002,1,300
172013,1,300
172013,1,300
172043,1,300
172049,1,300
173000,1,300
173002,1,300
173002,1,300
173002,1,300
173005,1,300
174033,1,300
174033,1,300
174033,1,300
174033,1,300
174033,1,300
174033,1,300
174035,1,300
175000,1,300
175000,1,300
175044,1,300
175044,1,300
176001,1,300
176054,1,300
176054,1,300
176054,1,300
176056,1,300
176056,1,300
176056,1,300
176080,1,300
176080,1,300
176080,1,300
176080,1,300
176086,1,300
176153,1,300
176153,1,300
176156,1,300
176161,1,300
176161,1,300
176163,1,300
176163,1,300
176163,1,300
176163,1,300
176163,1,300
176163,1,300
176163,1,300
177001,1,300
177001,1,300
177001,1,300
177001,1,300
177001,1,300
177001,1,300
177001,1,300
177005,1,300
177005,1,300
177005,1,300
177011,1,300
177011,1,300
178001,1,300
178011,1,300
178012,1,300
178012,1,300
178012,1,300
178012,1,300
178012,1,300
178029,1,300
178029,1,300
178029,1,300
178029,1,300
179023,1,300
179023,1,300
179023,1,300
179023,1,300
179023,1,300
179025,1,300
179025,1,300
179025,1,300
180000,1,300
180001,1,300
180001,1,300
180001,1,300
180001,1,300
181026,1,300
181053,1,300
181053,1,300
181053,1,300
181053,1,300
181088,1,300
181088,1,300
181118,1,300
182003,1,300
182003,1,300
182003,1,300
182068,1,300
182068,1,300
182072,1,300
182075,1,300
182077,1,300
182077,1,300
183020,1,300
183020,1,300
183020,1,300
183031,1,300
183031,1,300
183031,1,300
183037,1,300
183037,1,300
183037,1,300
183037,1,300
183037,1,300
183037,1,300
183037,1,300
184000,1,300
184006,1,300
184007,1,300
184485,1,300
184486,1,300
184486,1,300
184486,1,300
184486,1,300
185000,1,300
185000,1,300
185001,1,300
185001,1,300
185001,1,300
185018,1,300
185018,1,300
186001,1,300
186001,1,300
186018,1,300
186018,1,300
186018,1,300
186018,1,300
186018,1,300
186019,1,300
186020,1,300
187001,1,300
187001,1,300
187008,1,300
187008,1,300
187012,1,300
188052,1,300
188052,1,300
188052,1,300
188052,1,300
188059,1,300
188059,1,300
188059,1,300
188059,1,300
188061,1,300
188061,1,300
188061,1,300
188061,1,300
188061,1,300
188062,1,300
188063,1,300
188066,1,300
188066,1,300
188066,1,300
188102,1,300
188102,1,300
188102,1,300
188104,1,300
189000,1,300
189000,1,300
189010,1,300
189010,1,300
189011,1,300
189011,1,300
189011,1,300
189011,1,300
189011,1,300
190002,1,300
190002,1,300
190050,1,300
190050,1,300
190052,1,300
190052,1,300
190054,1,300
190057,1,300
191000,1,300
191000,1,300
191000,1,300
191000,1,300
191000,1,300
191031,1,300
191031,1,300
191031,1,300
191035,1,300
191119,1,300
191120,1,300
191120,1,300
191220,1,300
192000,1,300
192036,1,300
192036,1,300
192036,1,300
192036,1,300
192036,1,300
192036,1,300
192059,1,300
193000,1,300
193000,1,300
193015,1,300
193015,1,300
193020,1,300
193022,1,300
193029,1,300
193029,1,300
193157,1,300
194000,1,300
194008,1,300
194010,1,300
194036,1,300
194036,1,300
194061,1,300
194068,1,300
194068,1,300
194068,1,300
194068,1,300
195000,1,300
195003,1,300
195003,1,300
195003,1,300
195005,1,300
195106,1,300
195106,1,300
195138,1,300
195138,1,300
195138,1,300
195144,1,300
196000,1,300
196019,1,300
196019,1,300
196019,1,300
196021,1,300
196045,1,300
196045,1,300
196046,1,300
197005,1,300
197006,1,300
197010,1,300
197010,1,300
197010,1,300
197032,1,300
197033,1,300
198003,1,300
198003,1,300
198016,1,300
198085,1,300
198085,1,300
198136,1,300
198136,1,300
198148,1,300
198148,1,300
199000,1,300
199040,1,300
199040,1,300
199040,1,300
199040,1,300
200000,1,300
200000,1,300
200000,1,300
200004,1,300
200050,1,300
200050,1,300
200050,1,300
200050,1,300
200058,1,300
200058,1,300
200058,1,300
200058,1,300
200058,1,300
200058,1,300
200058,1,300
200058,1,300
200058,1,300
200132,1,300
200132,1,300
200135,1,300
200137,1,300
200137,1,300
200137,1,300
200137,1,300
200138,1,300
200138,1,300
200138,1,300
200138,1,300
200138,1,300
200138,1,300
201054,1,300
201079,1,300
201079,1,300
201079,1,300
201079,1,300
201080,1,300
201080,1,300
201086,1,300
201091,1,300
201091,1,300
201119,1,300
201119,1,300
202000,1,300
202000,1,300
202013,1,300
202014,1,300
202014,1,300
202014,1,300
202016,1,300
202016,1,300
202024,1,300
202024,1,300
202024,1,300
203000,1,300
203001,1,300
203001,1,300
203001,1,300
203009,1,300
203013,1,300
203060,1,300
203060,1,300
203060,1,300
203060,1,300
203060,1,300
203060,1,300
204000,1,300
204000,1,300
204158,1,300
204158,1,300
204158,1,300
204158,1,300
204158,1,300
204161,1,300
204163,1,300
204163,1,300
204163,1,300
205000,1,300
205000,1,300
205000,1,300
205021,1,300
205040,1,300
205040,1,300
205062,1,300
205072,1,300
205072,1,300
205072,1,300
205072,1,300
206000,1,300
206004,1,300
206004,1,300
206004,1,300
206041,1,300
206041,1,300
206159,1,300
206159,1,300
206159,1,300
206160,1,300
206160,1,300
206165,1,300
206165,1,300
207000,1,300
207008,1,300
207008,1,300
207008,1,300
207008,1,300
207008,1,300
207008,1,300
207009,1,300
207010,1,300
207011,1,300
207011,1,300
207011,1,300
207018,1,300
208072,1,300
208118,1,300
208118,1,300
208118,1,300
208118,1,300
208138,1,300
209000,1,300
209000,1,300
209023,1,300
209030,1,300
209072,1,300
209087,1,300
209087,1,300
209097,1,300
210004,1,300
210005,1,300
210009,1,300
210009,1,300
210009,1,300
210180,1,300
210198,1,300
210198,1,300
210198,1,300
211018,1,300
211018,1,300
211062,1,300
211062,1,300
211062,1,300
211062,1,300
211062,1,300
211124,1,300
211124,1,300
211124,1,300
211130,1,300
212021,1,300
212022,1,300
212022,1,300
212022,1,300
212023,1,300
212023,1,300
212023,1,300
212023,1,300
212023,1,300
212023,1,300
212023,1,300
212023,1,300
212023,1,300
212023,1,300
212023,1,300
212054,1,300
212055,1,300
212055,1,300
212055,1,300
212055,1,300
212055,1,300
212056,1,300
212056,1,300
212059,1,300
212060,1,300
212091,1,300
213000,1,300
213000,1,300
213000,1,300
213000,1,300
213000,1,300
213000,1,300
213000,1,300
213002,1,300
213002,1,300
213017,1,300
213017,1,300
213017,1,300
213017,1,300
213017,1,300
213017,1,300
213040,1,300
213044,1,300
214000,1,300
214000,1,300
214000,1,300
214000,1,300
214000,1,300
214147,1,300
214147,1,300
214188,1,300
214188,1,300
214188,1,300
214188,1,300
214225,1,300
214257,1,300
215000,1,300
215000,1,300
215000,1,300
215000,1,300
215002,1,300
215002,1,300
215002,1,300
215002,1,300
215002,1,300
215081,1,300
215100,1,300
215162,1,300
216000,1,300
216003,1,300
216003,1,300
216003,1,300
216004,1,300
216005,1,300
216005,1,300
216005,1,300
216005,1,300
216017,1,300
216017,1,300
216017,1,300
216018,1,300
217000,1,300
217000,1,300
217000,1,300
217020,1,300
217024,1,300
217024,1,300
217024,1,300
217024,1,300
217025,1,300
217293,1,300
217298,1,300
218006,1,300
218006,1,300
218006,1,300
218006,1,300
218006,1,300
218240,1,300
218257,1,300
218262,1,300
218267,1,300
218269,1,300
218282,1,300
218282,1,300
218282,1,300
219011,1,300
219011,1,300
219011,1,300
219024,1,300
219033,1,300
219033,1,300
219033,1,300
219033,1,300
219033,1,300
219033,1,300
219033,1,300
219036,1,300
219036,1,300
219036,1,300
219036,1,300
220016,1,300
220026,1,300
220026,1,300
220026,1,300
220026,1,300
220026,1,300
220026,1,300
220032,1,300
220032,1,300
220122,1,300
220128,1,300
220134,1,300
221000,1,300
221000,1,300
221000,1,300
221057,1,300
221057,1,300
221057,1,300
221057,1,300
221235,1,300
221238,1,300
221238,1,300
221266,1,300
221273,1,300
222000,1,300
222000,1,300
222075,1,300
222075,1,300
222075,1,300
222089,1,300
222089,1,300
222089,1,300
222089,1,300
222089,1,300
222089,1,300
222093,1,300
223004,1,300
223035,1,300
223036,1,300
223036,1,300
223036,1,300
223036,1,300
223036,1,300
223036,1,300
223036,1,300
223036,1,300
223037,1,300
223205,1,300
223205,1,300
224028,1,300
224029,1,300
224029,1,300
224036,1,300
224036,1,300
224056,1,300
224056,1,300
224061,1,300
224061,1,300
224061,1,300
224061,1,300
224061,1,300
224061,1,300
224061,1,300
224062,1,300
224062,1,300
224062,1,300
224062,1,300
224062,1,300
224122,1,300
224127,1,300
224127,1,300
224127,1,300
224127,1,300
224127,1,300
224127,1,300
224127,1,300
224127,1,300
224128,1,300
224128,1,300
224128,1,300
224128,1,300
225004,1,300
225009,1,300
225009,1,300
225009,1,300
225040,1,300
225040,1,300
225040,1,300
225040,1,300
225040,1,300
225041,1,300
225065,1,300
225065,1,300
225065,1,300
225065,1,300
225065,1,300
225065,1,300
225065,1,300
225067,1,300
225067,1,300
225077,1,300
225077,1,300
225077,1,300
225082,1,300
225085,1,300
225085,1,300
226001,1,300
226011,1,300
226011,1,300
226011,1,300
226012,1,300
226012,1,300
226016,1,300
226016,1,300
226016,1,300
226016,1,300
226016,1,300
226020,1,300
226020,1,300
226020,1,300
226034,1,300
226034,1,300
226049,1,300
226049,1,300
226049,1,300
226049,1,300
226049,1,300
226050,1,300
226060,1,300
226061,1,300
226068,1,300
227000,1,300
227000,1,300
227000,1,300
227000,1,300
227002,1,300
227006,1,300
227006,1,300
227006,1,300
227006,1,300
227007,1,300
227007,1,300
227013,1,300
227015,1,300
227035,1,300
227035,1,300
227035,1,300
227050,1,300
227050,1,300
227050,1,300
227050,1,300
227050,1,300
227050,1,300
227051,1,300
227051,1,300
227051,1,300
227059,1,300
228012,1,300
228012,1,300
228012,1,300
228013,1,300
228013,1,300
228013,1,300
228024,1,300
228025,1,300
228025,1,300
228026,1,300
228030,1,300
228031,1,300
228031,1,300
228031,1,300
228031,1,300
228033,1,300
228033,1,300
228055,1,300
228055,1,300
228055,1,300
228075,1,300
229007,1,300
229024,1,300
229042,1,300
229042,1,300
229042,1,300
229042,1,300
229045,1,300
229079,1,300
229079,1,300
229105,1,300
229105,1,300
229106,1,300
229106,1,300
229106,1,300
229129,1,300
229139,1,300
229139,1,300
229139,1,300
229139,1,300
229139,1,300
229139,1,300
230001,1,300
230001,1,300
230001,1,300
230001,1,300
230001,1,300
230001,1,300
230001,1,300
230001,1,300
230002,1,300
230002,1,300
230002,1,300
230002,1,300
230002,1,300
230002,1,300
230002,1,300
230005,1,300
230008,1,300
230047,1,300
230047,1,300
230047,1,300
230053,1,300
230056,1,300
230057,1,300
230057,1,300
230068,1,300
231011,1,300
231016,1,300
231016,1,300
231016,1,300
231016,1,300
231016,1,300
231081,1,300
231081,1,300
231081,1,300
231081,1,300
231081,1,300
231082,1,300
231082,1,300
231082,1,300
231083,1,300
231083,1,300
231083,1,300
231083,1,300
231083,1,300
231104,1,300
231105,1,300
232000,1,300
232000,1,300
232000,1,300
232001,1,300
232002,1,300
232002,1,300
232002,1,300
232002,1,300
232085,1,300
232085,1,300
232085,1,300
232085,1,300
232103,1,300
232135,1,300
232135,1,300
232135,1,300
232135,1,300
232149,1,300
232149,1,300
233000,1,300
233070,1,300
233071,1,300
233071,1,300
233071,1,300
233071,1,300
233074,1,300
233164,1,300
233165,1,300
233165,1,300
233186,1,300
233190,1,300
233190,1,300
233196,1,300
233196,1,300
233237,1,300
233237,1,300
233237,1,300
233237,1,300
234058,1,300
234058,1,300
234063,1,300
234063,1,300
234064,1,300
234064,1,300
234064,1,300
234104,1,300
234104,1,300
234111,1,300
234111,1,300
234111,1,300
234112,1,300
234112,1,300
234112,1,300
234112,1,300
234114,1,300
234114,1,300
234114,1,300
234115,1,300
234115,1,300
234118,1,300
235000,1,300
235000,1,300
235000,1,300
235000,1,300
235049,1,300
235049,1,300
235051,1,300
235051,1,300
235051,1,300
235091,1,300
235092,1,300
235097,1,300
235098,1,300
235110,1,300
235110,1,300
235110,1,300
235121,1,300
235121,1,300
235121,1,300
235124,1,300
235124,1,300
236000,1,300
236012,1,300
236012,1,300
236014,1,300
236014,1,300
236033,1,300
236047,1,300
236047,1,300
236048,1,300
236060,1,300
236060,1,300
236065,1,300
236065,1,300
236066,1,300
236066,1,300
236066,1,300
236068,1,300
236075,1,300
236075,1,300
236080,1,300
236080,1,300
236093,1,300
236093,1,300
236093,1,300
236093,1,300
236093,1,300
236096,1,300
236096,1,300
236096,1,300
236097,1,300
236097,1,300
236102,1,300
236102,1,300
236102,1,300
236102,1,300
236102,1,300
236102,1,300
236102,1,300
236102,1,300
236102,1,300
237066,1,300
237066,1,300
237067,1,300
237067,1,300
237067,1,300
237067,1,300
237067,1,300
237067,1,300
237067,1,300
237067,1,300
237067,1,300
237067,1,300
237067,1,300
237067,1,300
237068,1,300
237068,1,300
237068,1,300
237068,1,300
237068,1,300
237069,1,300
237069,1,300
237069,1,300
237069,1,300
237069,1,300
238001,1,300
238001,1,300
238001,1,300
238013,1,300
238013,1,300
238017,1,300
238017,1,300
238040,1,300
238058,1,300
238058,1,300
238058,1,300
238073,1,300
238073,1,300
238076,1,300
238076,1,300
238076,1,300
238077,1,300
238077,1,300
238077,1,300
238077,1,300
238078,1,300
238078,1,300
238108,1,300
238108,1,300
238121,1,300
238121,1,300
239011,1,300
239018,1,300
239044,1,300
239051,1,300
239051,1,300
239051,1,300
239051,1,300
239051,1,300
239051,1,300
239051,1,300
239052,1,300
239090,1,300
239090,1,300
239090,1,300
239091,1,300
239100,1,300
239100,1,300
239100,1,300
239100,1,300
239100,1,300
239100,1,300
239109,1,300
239110,1,300
239110,1,300
239110,1,300
239110,1,300
239110,1,300
239110,1,300
240004,1,300
240004,1,300
240004,1,300
240004,1,300
240004,1,300
240004,1,300
240004,1,300
240004,1,300
240004,1,300
240004,1,300
240004,1,300
240004,1,300
240009,1,300
240009,1,300
240009,1,300
240019,1,300
240019,1,300
240019,1,300
240019,1,300
240019,1,300
240019,1,300
240019,1,300
240043,1,300
241000,1,300
241001,1,300
241002,1,300
241002,1,300
241002,1,300
241002,1,300
241002,1,300
241002,1,300
241002,1,300
241002,1,300
241002,1,300
241002,1,300
241002,1,300
241003,1,300
241003,1,300
241003,1,300
241025,1,300
241026,1,300
241034,1,300
241041,1,300
241041,1,300
241041,1,300
241041,1,300
242000,1,300
242000,1,300
242001,1,300
242001,1,300
242001,1,300
242001,1,300
242003,1,300
242005,1,300
242005,1,300
242005,1,300
242007,1,300
242007,1,300
242007,1,300
242007,1,300
242008,1,300
242008,1,300
242008,1,300
242010,1,300
242010,1,300
242010,1,300
242010,1,300
242010,1,300
242010,1,300
242010,1,300
242010,1,300
242019,1,300
243000,1,300
243018,1,300
243018,1,300
243018,1,300
243018,1,300
243023,1,300
243025,1,300
243025,1,300
243025,1,300
243026,1,300
243027,1,300
243027,1,300
243027,1,300
243027,1,300
243058,1,300
243062,1,300
243062,1,300
243062,1,300
243062,1,300
243062,1,300
243062,1,300
243062,1,300
243064,1,300
243064,1,300
243064,1,300
243064,1,300
244000,1,300
244000,1,300
244000,1,300
244000,1,300
244000,1,300
244000,1,300
244000,1,300
244001,1,300
244001,1,300
244001,1,300
244001,1,300
244020,1,300
244025,1,300
244025,1,300
244025,1,300
244025,1,300
244025,1,300
244040,1,300
244041,1,300
244041,1,300
244041,1,300
244042,1,300
245003,1,300
245003,1,300
245003,1,300
245006,1,300
245007,1,300
245012,1,300
245021,1,300
245021,1,300
245039,1,300
245041,1,300
245042,1,300
245049,1,300
245049,1,300
245049,1,300
245049,1,300
245051,1,300
245051,1,300
245051,1,300
245051,1,300
245087,1,300
245099,1,300
245109,1,300
246003,1,300
246034,1,300
246073,1,300
246073,1,300
246074,1,300
246074,1,300
246080,1,300
246080,1,300
246081,1,300
246081,1,300
246081,1,300
246081,1,300
246081,1,300
246081,1,300
246081,1,300
246081,1,300
246082,1,300
246082,1,300
246082,1,300
246084,1,300
247002,1,300
247002,1,300
247002,1,300
247003,1,300
247003,1,300
247003,1,300
247005,1,300
247005,1,300
247005,1,300
247005,1,300
247005,1,300
247005,1,300
247005,1,300
247009,1,300
247009,1,300
247009,1,300
247009,1,300
248000,1,300
248000,1,300
248000,1,300
248001,1,300
248001,1,300
248001,1,300
248001,1,300
248001,1,300
248009,1,300
248009,1,300
248021,1,300
248025,1,300
248025,1,300
248025,1,300
248025,1,300
248025,1,300
248025,1,300
248025,1,300
248025,1,300
248032,1,300
248032,1,300
248032,1,300
248032,1,300
248032,1,300
248032,1,300
248096,1,300
248096,1,300
248096,1,300
248104,1,300
248106,1,300
248106,1,300
248117,1,300
249000,1,300
249046,1,300
249046,1,300
249046,1,300
249052,1,300
249096,1,300
249096,1,300
249107,1,300
249114,1,300
249114,1,300
249114,1,300
249114,1,300
249114,1,300
249117,1,300
249117,1,300
249117,1,300
249117,1,300
249117,1,300
249117,1,300
249151,1,300
250000,1,300
250140,1,300
250140,1,300
250140,1,300
250146,1,300
250146,1,300
250146,1,300
250146,1,300
250146,1,300
250146,1,300
250146,1,300
250146,1,300
250146,1,300
250146,1,300
250147,1,300
250356,1,300
250377,1,300
250377,1,300
250377,1,300
251041,1,300
251081,1,300
251081,1,300
251107,1,300
251112,1,300
251114,1,300
251114,1,300
251114,1,300
251114,1,300
251114,1,300
251114,1,300
251114,1,300
251114,1,300
251128,1,300
251128,1,300
251128,1,300
251128,1,300
251128,1,300
251128,1,300
251128,1,300
251190,1,300
251190,1,300
252000,1,300
252000,1,300
252000,1,300
252001,1,300
252001,1,300
252001,1,300
252003,1,300
252003,1,300
252003,1,300
252003,1,300
252007,1,300
252007,1,300
252013,1,300
252013,1,300
252013,1,300
252013,1,300
252080,1,300
252080,1,300
252080,1,300
252080,1,300
253000,1,300
253000,1,300
253001,1,300
253001,1,300
253011,1,300
253011,1,300
253012,1,300
253012,1,300
253012,1,300
253012,1,300
253012,1,300
253012,1,300
253012,1,300
253029,1,300
253029,1,300
253030,1,300
253030,1,300
253030,1,300
253030,1,300
254000,1,300
254000,1,300
254000,1,300
254000,1,300
254018,1,300
254029,1,300
254036,1,300
254036,1,300
254036,1,300
254036,1,300
254036,1,300
254039,1,300
254129,1,300
254129,1,300
254129,1,300
254129,1,300
254129,1,300
254129,1,300
254136,1,300
255001,1,300
255001,1,300
255042,1,300
255042,1,300
255042,1,300
255042,1,300
255042,1,300
255042,1,300
255042,1,300
255042,1,300
255060,1,300
255060,1,300
255060,1,300
255060,1,300
255060,1,300
255060,1,300
255060,1,300
255060,1,300
255060,1,300
255060,1,300
255060,1,300
255064,1,300
255065,1,300
256010,1,300
256010,1,300
256010,1,300
256010,1,300
256010,1,300
256010,1,300
256010,1,300
256010,1,300
256010,1,300
256010,1,300
256010,1,300
256010,1,300
256011,1,300
256011,1,300
256011,1,300
256011,1,300
256045,1,300
256045,1,300
257000,1,300
257053,1,300
257118,1,300
257121,1,300
257127,1,300
257127,1,300
257127,1,300
257128,1,300
257198,1,300
257198,1,300
257198,1,300
257213,1,300
257214,1,300
257214,1,300
257214,1,300
257214,1,300
257214,1,300
257214,1,300
257214,1,300
258000,1,300
258001,1,300
258021,1,300
258021,1,300
258022,1,300
258022,1,300
258022,1,300
258022,1,300
258022,1,300
258022,1,300
258024,1,300
258043,1,300
258043,1,300
258046,1,300
258046,1,300
258046,1,300
258046,1,300
258046,1,300
259000,1,300
259000,1,300
259014,1,300
259028,1,300
259029,1,300
259029,1,300
259029,1,300
259032,1,300
259032,1,300
259039,1,300
259039,1,300
259039,1,300
259039,1,300
259055,1,300
259055,1,300
259055,1,300
259055,1,300
260000,1,300
260000,1,300
260000,1,300
260000,1,300
260000,1,300
260000,1,300
260000,1,300
260000,1,300
260000,1,300
260000,1,300
260000,1,300
260000,1,300
260000,1,300
260000,1,300
260001,1,300
260001,1,300
260001,1,300
260143,1,300
260143,1,300
260143,1,300
260143,1,300
260143,1,300
260148,1,300
260150,1,300
261000,1,300
261000,1,300
261000,1,300
261000,1,300
261000,1,300
261000,1,300
261002,1,300
261100,1,300
261124,1,300
261124,1,300
261160,1,300
261160,1,300
261166,1,300
262000,1,300
262000,1,300
262000,1,300
262083,1,300
262088,1,300
262088,1,300
262095,1,300
262151,1,300
262154,1,300
262154,1,300
262154,1,300
262154,1,300
262154,1,300
262154,1,300
262165,1,300
263011,1,300
263011,1,300
263015,1,300
263016,1,300
263016,1,300
263016,1,300
263097,1,300
263097,1,300
263099,1,300
263099,1,300
263099,1,300
263123,1,300
263123,1,300
263127,1,300
264000,1,300
264013,1,300
264013,1,300
264013,1,300
264019,1,300
264019,1,300
264019,1,300
264022,1,300
264022,1,300
264022,1,300
265002,1,300
265103,1,300
265103,1,300
265106,1,300
265106,1,300
265106,1,300
265106,1,300
265106,1,300
265109,1,300
265109,1,300
265109,1,300
265109,1,300
266044,1,300
266044,1,300
266044,1,300
266044,1,300
266057,1,300
266057,1,300
266074,1,300
266074,1,300
266074,1,300
266074,1,300
266168,1,300
267000,1,300
267027,1,300
267027,1,300
267027,1,300
267067,1,300
267068,1,300
267100,1,300
267101,1,300
267101,1,300
267138,1,300
268000,1,300
268000,1,300
268001,1,300
268003,1,300
268003,1,300
268003,1,300
268003,1,300
268003,1,300
269000,1,300
269001,1,300
269001,1,300
269001,1,300
269036,1,300
269036,1,300
269036,1,300
270000,1,300
270013,1,300
270033,1,300
270033,1,300
270040,1,300
270040,1,300
270289,1,300
270289,1,300
271187,1,300
271187,1,300
271189,1,300
271189,1,300
271189,1,300
271213,1,300
272080,1,300
272080,1,300
272168,1,300
272168,1,300
272168,1,300
272168,1,300
273007,1,300
273007,1,300
273008,1,300
273008,1,300
273008,1,300
273009,1,300
273014,1,300
274000,1,300
274008,1,300
274008,1,300
274140,1,300
274140,1,300
274195,1,300
274195,1,300
275008,1,300
275011,1,300
275011,1,300
275011,1,300
275011,1,300
275047,1,300
275050,1,300
276000,1,300
276000,1,300
276015,1,300
276015,1,300
276144,1,300
277000,1,300
277002,1,300
277002,1,300
278000,1,300
278088,1,300
278090,1,300
278090,1,300
279001,1,300
279003,1,300
279065,1,300
279065,1,300
280016,1,300
280016,1,300
280016,1,300
280016,1,300
280016,1,300
280016,1,300
281000,1,300
281003,1,300
281003,1,300
281044,1,300
281049,1,300
281049,1,300
281049,1,300
282000,1,300
282000,1,300
282001,1,300
282014,1,300
282014,1,300
282014,1,300
282014,1,300
282014,1,300
282014,1,300
282014,1,300
282014,1,300
282014,1,300
282028,1,300
282035,1,300
282035,1,300
282038,1,300
282038,1,300
282040,1,300
283000,1,300
283000,1,300
283001,1,300
283001,1,300
283011,1,300
283011,1,300
283011,1,300
283011,1,300
283043,1,300
283050,1,300
284001,1,300
284034,1,300
284034,1,300
284034,1,300
284034,1,300
284037,1,300
285000,1,300
285000,1,300
285000,1,300
285022,1,300
285032,1,300
285032,1,300
286002,1,300
286002,1,300
286021,1,300
286021,1,300
286042,1,300
286102,1,300
286102,1,300
287000,1,300
287000,1,300
287041,1,300
287047,1,300
287047,1,300
287047,1,300
288001,1,300
288001,1,300
288269,1,300
288269,1,300
288276,1,300
289000,1,300
289034,1,300
289038,1,300
289120,1,300
289120,1,300
289120,1,300
