0,1,300
3,1,300
152,1,300
152,1,300
152,1,300
152,1,300
152,1,300
1000,1,300
1000,1,300
1004,1,300
1004,1,300
1030,1,300
1030,1,300
2153,1,300
2154,1,300
2154,1,300
2154,1,300
2154,1,300
3000,1,300
3000,1,300
3001,1,300
3001,1,300
3001,1,300
3002,1,300
4001,1,300
4001,1,300
4001,1,300
4094,1,300
4114,1,300
4114,1,300
4114,1,300
5000,1,300
5000,1,300
5000,1,300
5000,1,300
5000,1,300
6017,1,300
6018,1,300
6068,1,300
6068,1,300
6068,1,300
7000,1,300
7004,1,300
7008,1,300
7008,1,300
7008,1,300
8000,1,300
8023,1,300
8023,1,300
8028,1,300
9000,1,300
9005,1,300
9006,1,300
9006,1,300
9006,1,300
9006,1,300
9006,1,300
9010,1,300
9018,1,300
9018,1,300
9018,1,300
9019,1,300
9022,1,300
9022,1,300
10000,1,300
10000,1,300
10047,1,300
10052,1,300
10053,1,300
10071,1,300
10071,1,300
10071,1,300
11076,1,300
11076,1,300
11086,1,300
11104,1,300
11104,1,300
11115,1,300
11115,1,300
12010,1,300
12010,1,300
12010,1,300
12011,1,300
12012,1,300
12013,1,300
12014,1,300
13000,1,300
13000,1,300
13005,1,300
13005,1,300
13005,1,300
13149,1,300
14000,1,300
14000,1,300
14000,1,300
14000,1,300
14000,1,300
14006,1,300
14006,1,300
14006,1,300
14008,1,300
14021,1,300
14022,1,300
15000,1,300
15001,1,300
15001,1,300
15015,1,300
15015,1,300
15015,1,300
16045,1,300
16045,1,300
16046,1,300
16046,1,300
16046,1,300
16046,1,300
17000,1,300
17005,1,300
18000,1,300
18000,1,300
18000,1,300
18001,1,300
19000,1,300
19000,1,300
19002,1,300
19011,1,300
20000,1,300
20021,1,300
20024,1,300
20024,1,300
20024,1,300
20024,1,300
20024,1,300
20049,1,300
20049,1,300
20049,1,300
20049,1,300
20049,1,300
20049,1,300
20049,1,300
20049,1,300
20049,1,300
21000,1,300
21000,1,300
21000,1,300
21000,1,300
21000,1,300
21000,1,300
21000,1,300
21001,1,300
21004,1,300
21036,1,300
22000,1,300
22000,1,300
22000,1,300
22000,1,300
22012,1,300
22012,1,300
22012,1,300
22092,1,300
23080,1,300
23080,1,300
23248,1,300
23248,1,300
23248,1,300
23248,1,300
23374,1,300
23376,1,300
23448,1,300
23449,1,300
24000,1,300
24155,1,300
24214,1,300
24214,1,300
24225,1,300
25000,1,300
25121,1,300
25121,1,300
25307,1,300
25307,1,300
25307,1,300
25308,1,300
26003,1,300
26055,1,300
26069,1,300
26069,1,300
26069,1,300
26125,1,300
26125,1,300
26125,1,300
27011,1,300
27011,1,300
27013,1,300
27013,1,300
27013,1,300
27013,1,300
27045,1,300
27045,1,300
27045,1,300
28000,1,300
28000,1,300
28000,1,300
28000,1,300
28025,1,300
28025,1,300
28144,1,300
29000,1,300
29010,1,300
29010,1,300
29146,1,300
29205,1,300
30029,1,300
30029,1,300
30029,1,300
30030,1,300
30030,1,300
30047,1,300
30047,1,300
31002,1,300
31002,1,300
31003,1,300
31003,1,300
32000,1,300
32000,1,300
32000,1,300
32074,1,300
32074,1,300
32074,1,300
32076,1,300
32108,1,300
32108,1,300
32108,1,300
32108,1,300
32131,1,300
32131,1,300
32131,1,300
32133,1,300
32134,1,300
32134,1,300
32134,1,300
32134,1,300
32136,1,300
32136,1,300
32136,1,300
33000,1,300
33000,1,300
33022,1,300
33022,1,300
33022,1,300
33022,1,300
33022,1,300
33074,1,300
33074,1,300
33074,1,300
33074,1,300
33253,1,300
33342,1,300
34004,1,300
34004,1,300
34004,1,300
34017,1,300
34017,1,300
34017,1,300
34024,1,300
34024,1,300
34025,1,300
34025,1,300
35000,1,300
35000,1,300
35000,1,300
35051,1,300
35051,1,300
35080,1,300
35080,1,300
35080,1,300
35080,1,300
35085,1,300
36000,1,300
36003,1,300
36003,1,300
36019,1,300
36020,1,300
36107,1,300
36107,1,300
37002,1,300
37028,1,300
37028,1,300
37028,1,300
37028,1,300
37035,1,300
37035,1,300
37035,1,300
37036,1,300
37081,1,300
38220,1,300
38220,1,300
38281,1,300
38281,1,300
38283,1,300
38289,1,300
38289,1,300
38289,1,300
38289,1,300
38289,1,300
38387,1,300
39000,1,300
39000,1,300
39000,1,300
39000,1,300
39000,1,300
39000,1,300
39000,1,300
39001,1,300
39016,1,300
39017,1,300
39042,1,300
39042,1,300
40000,1,300
40000,1,300
40002,1,300
40002,1,300
40002,1,300
40009,1,300
40010,1,300
40010,1,300
40010,1,300
41068,1,300
41075,1,300
41083,1,300
41083,1,300
41086,1,300
41086,1,300
41086,1,300
41107,1,300
42000,1,300
42060,1,300
42060,1,300
42066,1,300
42066,1,300
42184,1,300
42184,1,300
42184,1,300
42191,1,300
43000,1,300
43000,1,300
43000,1,300
43003,1,300
43023,1,300
43023,1,300
43023,1,300
43023,1,300
43025,1,300
44001,1,300
44002,1,300
44002,1,300
44002,1,300
44002,1,300
44010,1,300
44010,1,300
44041,1,300
44042,1,300
44042,1,300
44042,1,300
44042,1,300
44042,1,300
44065,1,300
44066,1,300
44066,1,300
44066,1,300
44066,1,300
44068,1,300
44101,1,300
44103,1,300
44103,1,300
44103,1,300
44103,1,300
44103,1,300
45000,1,300
45001,1,300
45001,1,300
45001,1,300
45001,1,300
45001,1,300
45001,1,300
45063,1,300
45067,1,300
45067,1,300
45067,1,300
45067,1,300
45067,1,300
45069,1,300
45071,1,300
45090,1,300
45090,1,300
45090,1,300
45090,1,300
45104,1,300
45104,1,300
46001,1,300
46001,1,300
46001,1,300
46001,1,300
46001,1,300
46001,1,300
46001,1,300
46007,1,300
46007,1,300
46007,1,300
46007,1,300
46007,1,300
46011,1,300
46011,1,300
46028,1,300
46028,1,300
46028,1,300
46029,1,300
46029,1,300
46029,1,300
47001,1,300
47001,1,300
47001,1,300
47028,1,300
47031,1,300
47045,1,300
47045,1,300
47129,1,300
47129,1,300
47129,1,300
47129,1,300
47130,1,300
47130,1,300
47130,1,300
47130,1,300
47130,1,300
47130,1,300
47130,1,300
47130,1,300
48000,1,300
48000,1,300
48000,1,300
48007,1,300
48040,1,300
48040,1,300
48040,1,300
48040,1,300
48044,1,300
48053,1,300
48053,1,300
48053,1,300
48053,1,300
48053,1,300
48053,1,300
48053,1,300
48053,1,300
48053,1,300
48054,1,300
49000,1,300
49011,1,300
49020,1,300
49020,1,300
49020,1,300
49049,1,300
49049,1,300
49049,1,300
49050,1,300
49050,1,300
49050,1,300
49050,1,300
49098,1,300
49100,1,300
49148,1,300
49150,1,300
49150,1,300
49156,1,300
49156,1,300
49156,1,300
49156,1,300
50000,1,300
50000,1,300
50004,1,300
50015,1,300
50015,1,300
50015,1,300
50015,1,300
50015,1,300
50031,1,300
50031,1,300
50031,1,300
50031,1,300
50031,1,300
50033,1,300
50046,1,300
50046,1,300
50075,1,300
50075,1,300
51000,1,300
51007,1,300
51007,1,300
51028,1,300
51028,1,300
51028,1,300
51029,1,300
51029,1,300
51029,1,300
51099,1,300
51107,1,300
51107,1,300
51107,1,300
51107,1,300
51138,1,300
51138,1,300
51146,1,300
51146,1,300
51152,1,300
51152,1,300
52076,1,300
52076,1,300
52101,1,300
52102,1,300
52103,1,300
52103,1,300
52103,1,300
52107,1,300
52107,1,300
52107,1,300
52108,1,300
52109,1,300
52109,1,300
52109,1,300
52122,1,300
52128,1,300
52128,1,300
53000,1,300
53072,1,300
53072,1,300
53072,1,300
53088,1,300
53088,1,300
53088,1,300
53088,1,300
53092,1,300
53092,1,300
53092,1,300
53094,1,300
53094,1,300
53095,1,300
53103,1,300
54000,1,300
54000,1,300
54091,1,300
54099,1,300
54099,1,300
54112,1,300
54132,1,300
54137,1,300
54161,1,300
54161,1,300
54161,1,300
54161,1,300
54161,1,300
54161,1,300
54161,1,300
54174,1,300
54174,1,300
54174,1,300
54175,1,300
54195,1,300
55000,1,300
55002,1,300
55011,1,300
55013,1,300
55018,1,300
55061,1,300
55062,1,300
55066,1,300
55066,1,300
55069,1,300
55069,1,300
55069,1,300
55069,1,300
55107,1,300
55107,1,300
55107,1,300
55107,1,300
56000,1,300
56000,1,300
56001,1,300
56001,1,300
56001,1,300
56002,1,300
56002,1,300
56002,1,300
56002,1,300
56002,1,300
56002,1,300
56002,1,300
56002,1,300
56002,1,300
56002,1,300
56002,1,300
56002,1,300
56003,1,300
56003,1,300
56012,1,300
56012,1,300
56012,1,300
56012,1,300
56012,1,300
56012,1,300
56012,1,300
56012,1,300
56012,1,300
56012,1,300
56012,1,300
56016,1,300
56016,1,300
56016,1,300
56017,1,300
56027,1,300
57000,1,300
57000,1,300
57000,1,300
57000,1,300
57000,1,300
57001,1,300
57045,1,300
57045,1,300
57046,1,300
57046,1,300
57046,1,300
57046,1,300
57048,1,300
57048,1,300
57048,1,300
57049,1,300
57050,1,300
57054,1,300
57054,1,300
57054,1,300
57054,1,300
57054,1,300
57054,1,300
57054,1,300
57081,1,300
57081,1,300
58000,1,300
58000,1,300
58000,1,300
58000,1,300
58000,1,300
58000,1,300
58000,1,300
58000,1,300
58000,1,300
58000,1,300
58000,1,300
58000,1,300
58000,1,300
58008,1,300
58008,1,300
58026,1,300
58026,1,300
58043,1,300
58043,1,300
58043,1,300
58043,1,300
58043,1,300
58043,1,300
58046,1,300
58046,1,300
58054,1,300
58066,1,300
59000,1,300
59046,1,300
59046,1,300
59046,1,300
59046,1,300
59046,1,300
59046,1,300
59054,1,300
59054,1,300
59055,1,300
59071,1,300
59073,1,300
59202,1,300
59203,1,300
59203,1,300
59203,1,300
59203,1,300
59208,1,300
59208,1,300
59208,1,300
59208,1,300
59293,1,300
59293,1,300
60000,1,300
60000,1,300
60000,1,300
60000,1,300
60000,1,300
60000,1,300
60000,1,300
60000,1,300
60000,1,300
60000,1,300
60003,1,300
60003,1,300
60004,1,300
60004,1,300
60004,1,300
60021,1,300
60021,1,300
60026,1,300
60026,1,300
60026,1,300
60026,1,300
60034,1,300
60035,1,300
60035,1,300
60038,1,300
60038,1,300
61001,1,300
61009,1,300
61009,1,300
61009,1,300
61011,1,300
61011,1,300
61012,1,300
61019,1,300
61019,1,300
61020,1,300
61020,1,300
61030,1,300
61035,1,300
61035,1,300
61035,1,300
61036,1,300
61044,1,300
61049,1,300
61049,1,300
61049,1,300
61049,1,300
61052,1,300
61053,1,300
61055,1,300
61055,1,300
62001,1,300
62002,1,300
62003,1,300
62003,1,300
62004,1,300
62004,1,300
62004,1,300
62004,1,300
62004,1,300
62004,1,300
62004,1,300
62004,1,300
62004,1,300
62004,1,300
62007,1,300
62008,1,300
62012,1,300
62012,1,300
62015,1,300
62015,1,300
62015,1,300
62015,1,300
62015,1,300
62016,1,300
62016,1,300
63009,1,300
63009,1,300
63009,1,300
63009,1,300
63009,1,300
63009,1,300
63011,1,300
63016,1,300
63019,1,300
63019,1,300
63021,1,300
63021,1,300
63021,1,300
63021,1,300
63021,1,300
63035,1,300
63035,1,300
63074,1,300
63075,1,300
63075,1,300
63075,1,300
63075,1,300
63075,1,300
63082,1,300
63082,1,300
63082,1,300
64001,1,300
64001,1,300
64001,1,300
64001,1,300
64001,1,300
64032,1,300
64032,1,300
64032,1,300
64036,1,300
64042,1,300
64049,1,300
64051,1,300
64051,1,300
64054,1,300
64054,1,300
64054,1,300
64054,1,300
64054,1,300
64054,1,300
64054,1,300
64054,1,300
64054,1,300
64054,1,300
64054,1,300
64054,1,300
65000,1,300
65000,1,300
65007,1,300
65007,1,300
65007,1,300
65007,1,300
65017,1,300
65017,1,300
65029,1,300
65033,1,300
65033,1,300
65033,1,300
65033,1,300
65033,1,300
65033,1,300
65033,1,300
65033,1,300
65041,1,300
65043,1,300
65043,1,300
65043,1,300
65043,1,300
65044,1,300
65044,1,300
65044,1,300
66000,1,300
66000,1,300
66004,1,300
66018,1,300
66019,1,300
66019,1,300
66019,1,300
66019,1,300
66019,1,300
66019,1,300
66019,1,300
66022,1,300
66037,1,300
66037,1,300
66037,1,300
66037,1,300
66038,1,300
66038,1,300
66038,1,300
66038,1,300
66038,1,300
66042,1,300
66043,1,300
66067,1,300
66067,1,300
67000,1,300
67000,1,300
67000,1,300
67001,1,300
67002,1,300
67002,1,300
67004,1,300
67007,1,300
67012,1,300
67013,1,300
67013,1,300
67013,1,300
67016,1,300
67016,1,300
67016,1,300
67016,1,300
67020,1,300
67020,1,300
67021,1,300
67021,1,300
67021,1,300
67021,1,300
67021,1,300
67021,1,300
67021,1,300
67021,1,300
67021,1,300
68000,1,300
68009,1,300
68010,1,300
68010,1,300
68010,1,300
68012,1,300
68012,1,300
68012,1,300
68012,1,300
68012,1,300
68012,1,300
68012,1,300
68012,1,300
68041,1,300
68041,1,300
68052,1,300
68060,1,300
68060,1,300
68060,1,300
68060,1,300
68060,1,300
68060,1,300
68061,1,300
68061,1,300
68061,1,300
68061,1,300
68061,1,300
68061,1,300
68061,1,300
68061,1,300
68061,1,300
68069,1,300
68076,1,300
68076,1,300
68076,1,300
68077,1,300
68077,1,300
68077,1,300
68077,1,300
68077,1,300
68077,1,300
68078,1,300
68081,1,300
68099,1,300
68099,1,300
68103,1,300
69000,1,300
69000,1,300
69000,1,300
69000,1,300
69000,1,300
69000,1,300
69000,1,300
69014,1,300
69026,1,300
69026,1,300
69026,1,300
69026,1,300
69026,1,300
69026,1,300
69027,1,300
69027,1,300
69027,1,300
69028,1,300
69028,1,300
69029,1,300
69029,1,300
69029,1,300
69029,1,300
69029,1,300
69029,1,300
69048,1,300
69048,1,300
69048,1,300
69053,1,300
69053,1,300
69060,1,300
69060,1,300
69060,1,300
69060,1,300
69060,1,300
69069,1,300
69069,1,300
69069,1,300
70001,1,300
70006,1,300
70006,1,300
70021,1,300
70021,1,300
70021,1,300
70022,1,300
70022,1,300
70023,1,300
70023,1,300
70026,1,300
70034,1,300
70034,1,300
70034,1,300
70034,1,300
70037,1,300
70037,1,300
70039,1,300
70057,1,300
70063,1,300
70063,1,300
70066,1,300
70068,1,300
70068,1,300
70068,1,300
70068,1,300
70068,1,300
70068,1,300
70070,1,300
70070,1,300
70070,1,300
70070,1,300
70070,1,300
70071,1,300
70071,1,300
70071,1,300
70071,1,300
71000,1,300
71000,1,300
71000,1,300
71000,1,300
71000,1,300
71000,1,300
71000,1,300
71000,1,300
71000,1,300
71000,1,300
71000,1,300
71000,1,300
71000,1,300
71000,1,300
71000,1,300
71037,1,300
71040,1,300
71047,1,300
71047,1,300
71050,1,300
71050,1,300
71074,1,300
71074,1,300
71074,1,300
71074,1,300
71074,1,300
71074,1,300
71074,1,300
71074,1,300
71074,1,300
71074,1,300
71074,1,300
71074,1,300
71074,1,300
71074,1,300
71074,1,300
71074,1,300
71074,1,300
72033,1,300
72033,1,300
72046,1,300
72046,1,300
72046,1,300
72046,1,300
72046,1,300
72046,1,300
72046,1,300
72081,1,300
72096,1,300
72096,1,300
72099,1,300
72099,1,300
72099,1,300
72099,1,300
72100,1,300
72101,1,300
72101,1,300
72101,1,300
72101,1,300
72102,1,300
72102,1,300
72115,1,300
72115,1,300
72117,1,300
72117,1,300
72130,1,300
72130,1,300
72183,1,300
72183,1,300
72183,1,300
72183,1,300
72198,1,300
73000,1,300
73000,1,300
73000,1,300
73000,1,300
73000,1,300
73000,1,300
73000,1,300
73000,1,300
73009,1,300
73009,1,300
73009,1,300
73028,1,300
73028,1,300
73029,1,300
73029,1,300
73030,1,300
73030,1,300
73030,1,300
73033,1,300
73033,1,300
73033,1,300
73033,1,300
73033,1,300
73034,1,300
73034,1,300
73035,1,300
73053,1,300
73053,1,300
73053,1,300
73053,1,300
73053,1,300
73053,1,300
73053,1,300
73055,1,300
73127,1,300
73127,1,300
73127,1,300
74021,1,300
74047,1,300
74047,1,300
74047,1,300
74047,1,300
74072,1,300
74073,1,300
74074,1,300
74074,1,300
74085,1,300
74095,1,300
74095,1,300
74095,1,300
74095,1,300
74095,1,300
74095,1,300
74095,1,300
74095,1,300
74095,1,300
74095,1,300
74095,1,300
74095,1,300
74095,1,300
74095,1,300
74095,1,300
74095,1,300
74095,1,300
74095,1,300
74097,1,300
74097,1,300
74097,1,300
74097,1,300
74098,1,300
74098,1,300
74098,1,300
74098,1,300
75001,1,300
75001,1,300
75005,1,300
75005,1,300
75005,1,300
75005,1,300
75005,1,300
75006,1,300
75006,1,300
75006,1,300
75006,1,300
75012,1,300
75019,1,300
75020,1,300
75021,1,300
75063,1,300
75063,1,300
75064,1,300
75064,1,300
75064,1,300
75069,1,300
75070,1,300
75070,1,300
75070,1,300
75070,1,300
75070,1,300
75070,1,300
75070,1,300
75070,1,300
75071,1,300
75072,1,300
75072,1,300
75072,1,300
75078,1,300
75079,1,300
76000,1,300
76000,1,300
76000,1,300
76022,1,300
76022,1,300
76022,1,300
76022,1,300
76022,1,300
76046,1,300
76049,1,300
76049,1,300
76049,1,300
76052,1,300
76052,1,300
76052,1,300
76052,1,300
76052,1,300
76055,1,300
76055,1,300
76055,1,300
76055,1,300
76055,1,300
76061,1,300
76061,1,300
76065,1,300
76065,1,300
76065,1,300
76065,1,300
76067,1,300
76067,1,300
76068,1,300
76068,1,300
76068,1,300
76068,1,300
76068,1,300
77000,1,300
77000,1,300
77000,1,300
77000,1,300
77000,1,300
77003,1,300
77003,1,300
77003,1,300
77018,1,300
77018,1,300
77018,1,300
77018,1,300
77018,1,300
77018,1,300
77019,1,300
77019,1,300
77068,1,300
77068,1,300
77083,1,300
77083,1,300
77086,1,300
77086,1,300
77086,1,300
77086,1,300
77086,1,300
77106,1,300
77106,1,300
77106,1,300
77110,1,300
77110,1,300
77110,1,300
77110,1,300
77110,1,300
77111,1,300
77111,1,300
77111,1,300
78000,1,300
78002,1,300
78002,1,300
78002,1,300
78002,1,300
78002,1,300
78002,1,300
78002,1,300
78002,1,300
78002,1,300
78002,1,300
78006,1,300
78010,1,300
78010,1,300
78010,1,300
78010,1,300
78010,1,300
78010,1,300
78010,1,300
78029,1,300
78030,1,300
78030,1,300
78032,1,300
78032,1,300
78032,1,300
78032,1,300
78069,1,300
78069,1,300
78070,1,300
78070,1,300
78071,1,300
78071,1,300
78071,1,300
79001,1,300
79029,1,300
79029,1,300
79029,1,300
79029,1,300
79035,1,300
79035,1,300
79043,1,300
79043,1,300
79043,1,300
79051,1,300
79051,1,300
79080,1,300
79080,1,300
79080,1,300
79081,1,300
79081,1,300
79081,1,300
79081,1,300
79081,1,300
79081,1,300
79081,1,300
79085,1,300
79085,1,300
79085,1,300
79085,1,300
79086,1,300
79086,1,300
79086,1,300
79086,1,300
79086,1,300
79086,1,300
79086,1,300
79086,1,300
79091,1,300
80000,1,300
80000,1,300
80000,1,300
80000,1,300
80000,1,300
80000,1,300
80000,1,300
80005,1,300
80008,1,300
80009,1,300
80012,1,300
80022,1,300
80022,1,300
80022,1,300
80022,1,300
80022,1,300
80032,1,300
80032,1,300
80032,1,300
80032,1,300
80032,1,300
80032,1,300
80032,1,300
80032,1,300
80033,1,300
80033,1,300
80033,1,300
80037,1,300
80037,1,300
80040,1,300
80040,1,300
80040,1,300
80040,1,300
80040,1,300
80043,1,300
80049,1,300
80049,1,300
80049,1,300
80050,1,300
80050,1,300
80050,1,300
80050,1,300
80052,1,300
80052,1,300
80052,1,300
80052,1,300
80052,1,300
80053,1,300
80053,1,300
80054,1,300
81000,1,300
81030,1,300
81030,1,300
81030,1,300
81030,1,300
81031,1,300
81047,1,300
81047,1,300
81047,1,300
81047,1,300
81047,1,300
81047,1,300
81047,1,300
81047,1,300
81048,1,300
81048,1,300
81048,1,300
81048,1,300
81054,1,300
81054,1,300
81054,1,300
81056,1,300
81072,1,300
81072,1,300
81072,1,300
81072,1,300
81072,1,300
81072,1,300
81082,1,300
81082,1,300
81085,1,300
81085,1,300
81107,1,300
81107,1,300
81107,1,300
81107,1,300
81107,1,300
81110,1,300
81110,1,300
81110,1,300
81110,1,300
82000,1,300
82000,1,300
82003,1,300
82003,1,300
82005,1,300
82005,1,300
82006,1,300
82006,1,300
82006,1,300
82007,1,300
82007,1,300
82007,1,300
82011,1,300
82011,1,300
82014,1,300
82014,1,300
82017,1,300
82019,1,300
82019,1,300
82019,1,300
82019,1,300
82019,1,300
82019,1,300
82019,1,300
82020,1,300
82020,1,300
82020,1,300
82020,1,300
82020,1,300
82020,1,300
82020,1,300
82020,1,300
82023,1,300
82023,1,300
82023,1,300
82023,1,300
82023,1,300
82023,1,300
82023,1,300
82023,1,300
82023,1,300
83000,1,300
83001,1,300
83001,1,300
83001,1,300
83001,1,300
83001,1,300
83001,1,300
83001,1,300
83003,1,300
83003,1,300
83003,1,300
83005,1,300
83005,1,300
83006,1,300
83006,1,300
83006,1,300
83006,1,300
83006,1,300
83006,1,300
83006,1,300
83006,1,300
83006,1,300
83006,1,300
83015,1,300
83015,1,300
83016,1,300
83021,1,300
83021,1,300
83021,1,300
83021,1,300
83021,1,300
83024,1,300
83024,1,300
83028,1,300
83028,1,300
83029,1,300
83029,1,300
83029,1,300
83029,1,300
83029,1,300
83050,1,300
84000,1,300
84000,1,300
84002,1,300
84002,1,300
84003,1,300
84003,1,300
84003,1,300
84003,1,300
84003,1,300
84003,1,300
84003,1,300
84003,1,300
84003,1,300
84003,1,300
84003,1,300
84003,1,300
84006,1,300
84007,1,300
84007,1,300
84007,1,300
84007,1,300
84009,1,300
84009,1,300
84010,1,300
84010,1,300
84014,1,300
84055,1,300
84055,1,300
84056,1,300
84056,1,300
84056,1,300
84056,1,300
84079,1,300
84081,1,300
84081,1,300
84081,1,300
84081,1,300
84081,1,300
85000,1,300
85000,1,300
85001,1,300
85001,1,300
85033,1,300
85033,1,300
85033,1,300
85033,1,300
85033,1,300
85033,1,300
85033,1,300
85033,1,300
85033,1,300
85033,1,300
85033,1,300
85033,1,300
85033,1,300
85034,1,300
85034,1,300
85034,1,300
85035,1,300
85035,1,300
85051,1,300
85053,1,300
85054,1,300
85054,1,300
85054,1,300
85054,1,300
85055,1,300
85055,1,300
85063,1,300
85063,1,300
85063,1,300
85063,1,300
85063,1,300
85069,1,300
85069,1,300
85070,1,300
85070,1,300
85070,1,300
86001,1,300
86001,1,300
86001,1,300
86001,1,300
86001,1,300
86001,1,300
86001,1,300
86001,1,300
86003,1,300
86012,1,300
86012,1,300
86012,1,300
86014,1,300
86014,1,300
86014,1,300
86014,1,300
86014,1,300
86032,1,300
86032,1,300
86038,1,300
86038,1,300
86038,1,300
86038,1,300
86038,1,300
86038,1,300
86053,1,300
86057,1,300
86057,1,300
86057,1,300
86057,1,300
86057,1,300
86057,1,300
86065,1,300
86065,1,300
86065,1,300
86065,1,300
86065,1,300
86065,1,300
86072,1,300
87000,1,300
87000,1,300
87000,1,300
87000,1,300
87000,1,300
87000,1,300
87000,1,300
87000,1,300
87000,1,300
87001,1,300
87001,1,300
87001,1,300
87001,1,300
87001,1,300
87003,1,300
87003,1,300
87003,1,300
87003,1,300
87003,1,300
87003,1,300
87003,1,300
87008,1,300
87049,1,300
87049,1,300
87049,1,300
87049,1,300
87049,1,300
87049,1,300
87049,1,300
87049,1,300
87051,1,300
87051,1,300
87051,1,300
87051,1,300
87055,1,300
87057,1,300
87057,1,300
87057,1,300
87061,1,300
87077,1,300
87077,1,300
88001,1,300
88001,1,300
88038,1,300
88038,1,300
88038,1,300
88040,1,300
88040,1,300
88058,1,300
88058,1,300
88058,1,300
88058,1,300
88058,1,300
88077,1,300
88077,1,300
88077,1,300
88077,1,300
88077,1,300
88077,1,300
88077,1,300
88077,1,300
88077,1,300
88077,1,300
88077,1,300
88077,1,300
88077,1,300
88077,1,300
88077,1,300
88077,1,300
88077,1,300
88077,1,300
88077,1,300
88078,1,300
88079,1,300
88080,1,300
88081,1,300
88081,1,300
88081,1,300
88081,1,300
88081,1,300
89005,1,300
89007,1,300
89007,1,300
89007,1,300
89007,1,300
89007,1,300
89008,1,300
89008,1,300
89008,1,300
89012,1,300
89012,1,300
89013,1,300
89027,1,300
89034,1,300
89034,1,300
89034,1,300
89035,1,300
89040,1,300
89040,1,300
89040,1,300
89044,1,300
89044,1,300
89046,1,300
89046,1,300
89046,1,300
89046,1,300
89046,1,300
89046,1,300
89046,1,300
89046,1,300
89046,1,300
89072,1,300
89072,1,300
89074,1,300
89074,1,300
89074,1,300
89074,1,300
90000,1,300
90005,1,300
90011,1,300
90011,1,300
90011,1,300
90011,1,300
90014,1,300
90016,1,300
90017,1,300
90019,1,300
90023,1,300
90023,1,300
90023,1,300
90023,1,300
90023,1,300
90024,1,300
90024,1,300
90024,1,300
90025,1,300
90025,1,300
90025,1,300
90025,1,300
90025,1,300
90025,1,300
90025,1,300
90025,1,300
90026,1,300
90026,1,300
90026,1,300
90026,1,300
90028,1,300
90036,1,300
90039,1,300
90039,1,300
90039,1,300
90040,1,300
90041,1,300
90042,1,300
90042,1,300
91016,1,300
91016,1,300
91016,1,300
91016,1,300
91016,1,300
91016,1,300
91016,1,300
91016,1,300
91016,1,300
91016,1,300
91016,1,300
91017,1,300
91017,1,300
91017,1,300
91017,1,300
91017,1,300
91017,1,300
91017,1,300
91026,1,300
91032,1,300
91032,1,300
91032,1,300
91033,1,300
91034,1,300
91051,1,300
91074,1,300
91087,1,300
91088,1,300
91088,1,300
91088,1,300
91088,1,300
91114,1,300
91114,1,300
91114,1,300
91114,1,300
91114,1,300
91114,1,300
92000,1,300
92000,1,300
92000,1,300
92000,1,300
92000,1,300
92000,1,300
92013,1,300
92014,1,300
92014,1,300
92014,1,300
92014,1,300
92014,1,300
92014,1,300
92014,1,300
92014,1,300
92014,1,300
92014,1,300
92014,1,300
92015,1,300
92018,1,300
92018,1,300
92018,1,300
92018,1,300
92018,1,300
92018,1,300
92018,1,300
92018,1,300
92023,1,300
92023,1,300
92023,1,300
92032,1,300
92032,1,300
92032,1,300
92032,1,300
92032,1,300
92032,1,300
92032,1,300
92032,1,300
92032,1,300
92035,1,300
92035,1,300
92035,1,300
92037,1,300
92037,1,300
92037,1,300
92037,1,300
92037,1,300
92037,1,300
92037,1,300
92037,1,300
92037,1,300
92037,1,300
92037,1,300
92037,1,300
92037,1,300
92037,1,300
92037,1,300
92037,1,300
92037,1,300
93000,1,300
93000,1,300
93000,1,300
93000,1,300
93000,1,300
93000,1,300
93000,1,300
93000,1,300
93003,1,300
93003,1,300
93003,1,300
93003,1,300
93023,1,300
93029,1,300
93033,1,300
93033,1,300
93033,1,300
93033,1,300
93033,1,300
93033,1,300
93033,1,300
93033,1,300
93039,1,300
93039,1,300
93056,1,300
93073,1,300
93073,1,300
93074,1,300
93077,1,300
93077,1,300
93082,1,300
93082,1,300
93082,1,300
93082,1,300
93082,1,300
93103,1,300
93103,1,300
93103,1,300
93103,1,300
93103,1,300
93103,1,300
93103,1,300
93103,1,300
93103,1,300
94001,1,300
94001,1,300
94004,1,300
94004,1,300
94013,1,300
94013,1,300
94013,1,300
94020,1,300
94024,1,300
94024,1,300
94060,1,300
94061,1,300
94062,1,300
94062,1,300
94076,1,300
94076,1,300
94076,1,300
94076,1,300
94076,1,300
94076,1,300
94076,1,300
94076,1,300
94076,1,300
94076,1,300
94076,1,300
94084,1,300
94086,1,300
94087,1,300
94087,1,300
94087,1,300
94118,1,300
94118,1,300
94118,1,300
94118,1,300
94118,1,300
94118,1,300
94118,1,300
94118,1,300
94125,1,300
94125,1,300
94125,1,300
94128,1,300
94131,1,300
95000,1,300
95000,1,300
95019,1,300
95019,1,300
95019,1,300
95019,1,300
95019,1,300
95033,1,300
95033,1,300
95033,1,300
95033,1,300
95033,1,300
95034,1,300
95034,1,300
95034,1,300
95034,1,300
95034,1,300
95034,1,300
95037,1,300
95037,1,300
95039,1,300
95061,1,300
95061,1,300
95061,1,300
95061,1,300
95061,1,300
95061,1,300
95061,1,300
95061,1,300
95061,1,300
95063,1,300
95065,1,300
95065,1,300
95071,1,300
95071,1,300
95071,1,300
95071,1,300
95071,1,300
95071,1,300
95073,1,300
95073,1,300
96000,1,300
96000,1,300
96000,1,300
96008,1,300
96008,1,300
96008,1,300
96008,1,300
96017,1,300
96017,1,300
96017,1,300
96017,1,300
96032,1,300
96033,1,300
96033,1,300
96033,1,300
96033,1,300
96035,1,300
96035,1,300
96035,1,300
96035,1,300
96035,1,300
96035,1,300
96035,1,300
96035,1,300
96036,1,300
96036,1,300
96037,1,300
96037,1,300
96052,1,300
96052,1,300
96052,1,300
96052,1,300
96052,1,300
96053,1,300
96053,1,300
96053,1,300
96053,1,300
96053,1,300
96053,1,300
96053,1,300
97000,1,300
97000,1,300
97000,1,300
97001,1,300
97001,1,300
97001,1,300
97001,1,300
97001,1,300
97006,1,300
97006,1,300
97006,1,300
97006,1,300
97006,1,300
97006,1,300
97006,1,300
97006,1,300
97015,1,300
97016,1,300
97034,1,300
97034,1,300
97034,1,300
97034,1,300
97034,1,300
97034,1,300
97034,1,300
97034,1,300
97034,1,300
97037,1,300
97037,1,300
97037,1,300
97037,1,300
97037,1,300
97037,1,300
97037,1,300
97037,1,300
97037,1,300
97037,1,300
97037,1,300
97037,1,300
97037,1,300
98000,1,300
98000,1,300
98000,1,300
98001,1,300
98001,1,300
98001,1,300
98001,1,300
98042,1,300
98043,1,300
98043,1,300
98043,1,300
98043,1,300
98043,1,300
98043,1,300
98046,1,300
98046,1,300
98046,1,300
98051,1,300
98051,1,300
98051,1,300
98051,1,300
98052,1,300
98052,1,300
98052,1,300
98065,1,300
98070,1,300
98070,1,300
98070,1,300
98071,1,300
98072,1,300
98072,1,300
98072,1,300
98072,1,300
98089,1,300
98089,1,300
98106,1,300
98106,1,300
98106,1,300
98106,1,300
99000,1,300
99000,1,300
99000,1,300
99000,1,300
99000,1,300
99000,1,300
99000,1,300
99000,1,300
99000,1,300
99000,1,300
99023,1,300
99063,1,300
99063,1,300
99065,1,300
99065,1,300
99065,1,300
99068,1,300
99068,1,300
99068,1,300
99077,1,300
99077,1,300
99077,1,300
99077,1,300
99077,1,300
99077,1,300
99081,1,300
99081,1,300
99083,1,300
99085,1,300
99085,1,300
99085,1,300
99085,1,300
99085,1,300
99085,1,300
99086,1,300
99113,1,300
99114,1,300
99117,1,300
99117,1,300
99137,1,300
100003,1,300
100006,1,300
100006,1,300
100006,1,300
100009,1,300
100009,1,300
100009,1,300
100009,1,300
100009,1,300
100017,1,300
100017,1,300
100045,1,300
100045,1,300
100045,1,300
100045,1,300
100045,1,300
100045,1,300
100045,1,300
100045,1,300
100045,1,300
100045,1,300
100057,1,300
100067,1,300
100067,1,300
100069,1,300
100069,1,300
100069,1,300
100076,1,300
100076,1,300
100094,1,300
100094,1,300
100094,1,300
100094,1,300
100094,1,300
100094,1,300
100094,1,300
101000,1,300
101000,1,300
101000,1,300
101001,1,300
101003,1,300
101003,1,300
101003,1,300
101008,1,300
101008,1,300
101008,1,300
101012,1,300
101050,1,300
101050,1,300
101050,1,300
101053,1,300
101054,1,300
101090,1,300
101103,1,300
101103,1,300
101103,1,300
101103,1,300
101103,1,300
101106,1,300
101106,1,300
101106,1,300
101106,1,300
101106,1,300
101107,1,300
101107,1,300
101107,1,300
101107,1,300
101108,1,300
101108,1,300
101108,1,300
101109,1,300
101109,1,300
101109,1,300
101109,1,300
102000,1,300
102003,1,300
102003,1,300
102005,1,300
102005,1,300
102007,1,300
102007,1,300
102007,1,300
102007,1,300
102007,1,300
102007,1,300
102007,1,300
102010,1,300
102010,1,300
102010,1,300
102010,1,300
102010,1,300
102010,1,300
102011,1,300
102081,1,300
102081,1,300
102081,1,300
102086,1,300
102086,1,300
102086,1,300
102086,1,300
102086,1,300
102090,1,300
102092,1,300
102102,1,300
102102,1,300
102102,1,300
102102,1,300
102102,1,300
102102,1,300
103004,1,300
103006,1,300
103006,1,300
103006,1,300
103006,1,300
103009,1,300
103038,1,300
103038,1,300
103038,1,300
103038,1,300
103038,1,300
103038,1,300
103038,1,300
103038,1,300
103038,1,300
103039,1,300
103039,1,300
103039,1,300
103039,1,300
103039,1,300
103039,1,300
103040,1,300
103040,1,300
103040,1,300
103040,1,300
103040,1,300
103040,1,300
103041,1,300
103041,1,300
103041,1,300
103042,1,300
103042,1,300
103046,1,300
103046,1,300
103046,1,300
104000,1,300
104000,1,300
104000,1,300
104000,1,300
104029,1,300
104029,1,300
104044,1,300
104049,1,300
104049,1,300
104049,1,300
104056,1,300
104056,1,300
104057,1,300
104060,1,300
104062,1,300
104062,1,300
104062,1,300
104062,1,300
104063,1,300
104067,1,300
104067,1,300
104070,1,300
104070,1,300
104070,1,300
104070,1,300
104070,1,300
104070,1,300
104070,1,300
104070,1,300
104070,1,300
104070,1,300
104073,1,300
104073,1,300
104076,1,300
104076,1,300
104076,1,300
104076,1,300
104076,1,300
104076,1,300
104076,1,300
104076,1,300
104076,1,300
104076,1,300
105000,1,300
105007,1,300
105021,1,300
105031,1,300
105031,1,300
105031,1,300
105033,1,300
105033,1,300
105035,1,300
105035,1,300
105035,1,300
105037,1,300
105050,1,300
105050,1,300
105050,1,300
105050,1,300
105050,1,300
105050,1,300
105050,1,300
105050,1,300
105071,1,300
105071,1,300
105074,1,300
105074,1,300
105074,1,300
105078,1,300
105083,1,300
105084,1,300
105084,1,300
105123,1,300
105123,1,300
105140,1,300
105140,1,300
106000,1,300
106000,1,300
106009,1,300
106009,1,300
106009,1,300
106009,1,300
106009,1,300
106009,1,300
106009,1,300
106009,1,300
106009,1,300
106009,1,300
106009,1,300
106009,1,300
106009,1,300
106009,1,300
106009,1,300
106009,1,300
106009,1,300
106009,1,300
106052,1,300
106059,1,300
106059,1,300
106061,1,300
106061,1,300
106061,1,300
106061,1,300
106061,1,300
106061,1,300
106061,1,300
106061,1,300
107000,1,300
107000,1,300
107000,1,300
107000,1,300
107000,1,300
107000,1,300
107000,1,300
107000,1,300
107001,1,300
107010,1,300
107010,1,300
107017,1,300
107017,1,300
107017,1,300
107017,1,300
107019,1,300
107019,1,300
107019,1,300
107019,1,300
107036,1,300
107036,1,300
107036,1,300
107036,1,300
107036,1,300
107036,1,300
107036,1,300
107036,1,300
107036,1,300
107039,1,300
107069,1,300
108000,1,300
108000,1,300
108000,1,300
108000,1,300
108000,1,300
108000,1,300
108000,1,300
108000,1,300
108000,1,300
108000,1,300
108000,1,300
108000,1,300
108000,1,300
108000,1,300
108036,1,300
108036,1,300
108036,1,300
108037,1,300
108038,1,300
108038,1,300
108038,1,300
108038,1,300
108038,1,300
108038,1,300
108038,1,300
108092,1,300
108092,1,300
108092,1,300
108092,1,300
109000,1,300
109001,1,300
109001,1,300
109001,1,300
109001,1,300
109002,1,300
109002,1,300
109002,1,300
109002,1,300
109006,1,300
109006,1,300
109006,1,300
109006,1,300
109006,1,300
109006,1,300
109007,1,300
109007,1,300
109007,1,300
109007,1,300
109007,1,300
109007,1,300
109007,1,300
109007,1,300
109007,1,300
109007,1,300
109007,1,300
109007,1,300
109007,1,300
109007,1,300
109007,1,300
109007,1,300
110008,1,300
110008,1,300
110008,1,300
110048,1,300
110048,1,300
110063,1,300
110076,1,300
110076,1,300
110076,1,300
110078,1,300
110098,1,300
110127,1,300
110132,1,300
110169,1,300
110231,1,300
110231,1,300
110231,1,300
110231,1,300
110231,1,300
110235,1,300
110248,1,300
110249,1,300
110249,1,300
110249,1,300
110249,1,300
110304,1,300
110310,1,300
110310,1,300
110310,1,300
110311,1,300
110311,1,300
111000,1,300
111000,1,300
111000,1,300
111001,1,300
111001,1,300
111001,1,300
111001,1,300
111001,1,300
111001,1,300
111001,1,300
111001,1,300
111001,1,300
111001,1,300
111001,1,300
111001,1,300
111001,1,300
111001,1,300
111001,1,300
111001,1,300
111001,1,300
111001,1,300
111013,1,300
111013,1,300
111013,1,300
111013,1,300
111013,1,300
111013,1,300
111014,1,300
111014,1,300
111014,1,300
111014,1,300
111014,1,300
112000,1,300
112000,1,300
112000,1,300
112000,1,300
112000,1,300
112000,1,300
112000,1,300
112000,1,300
112000,1,300
112000,1,300
112000,1,300
112000,1,300
112057,1,300
112057,1,300
112057,1,300
112057,1,300
112057,1,300
112107,1,300
112107,1,300
112113,1,300
112113,1,300
112113,1,300
112113,1,300
112113,1,300
112127,1,300
112127,1,300
112129,1,300
112129,1,300
113000,1,300
113000,1,300
113007,1,300
113007,1,300
113011,1,300
113011,1,300
113011,1,300
113011,1,300
113011,1,300
113011,1,300
113013,1,300
113018,1,300
113018,1,300
113052,1,300
113052,1,300
113052,1,300
113053,1,300
113053,1,300
113053,1,300
113072,1,300
113073,1,300
113073,1,300
113073,1,300
113073,1,300
113073,1,300
113073,1,300
113075,1,300
113075,1,300
114000,1,300
114000,1,300
114000,1,300
114003,1,300
114004,1,300
114004,1,300
114004,1,300
114005,1,300
114005,1,300
114005,1,300
114005,1,300
114023,1,300
114024,1,300
114024,1,300
114024,1,300
114025,1,300
114025,1,300
114077,1,300
114084,1,300
114084,1,300
114084,1,300
114084,1,300
114084,1,300
114084,1,300
114084,1,300
114084,1,300
114112,1,300
115003,1,300
115003,1,300
115003,1,300
115003,1,300
115028,1,300
115029,1,300
115036,1,300
115036,1,300
115036,1,300
115036,1,300
115036,1,300
115036,1,300
115039,1,300
115039,1,300
115039,1,300
115039,1,300
115068,1,300
115082,1,300
115085,1,300
115113,1,300
115113,1,300
115129,1,300
115129,1,300
115130,1,300
115131,1,300
115131,1,300
115133,1,300
115133,1,300
116000,1,300
116000,1,300
116000,1,300
116000,1,300
116001,1,300
116001,1,300
116010,1,300
116010,1,300
116010,1,300
116010,1,300
116010,1,300
116011,1,300
116011,1,300
116012,1,300
116012,1,300
116016,1,300
116029,1,300
116029,1,300
116033,1,300
116034,1,300
116034,1,300
116034,1,300
116034,1,300
116039,1,300
116047,1,300
116047,1,300
116047,1,300
116047,1,300
116047,1,300
116047,1,300
116047,1,300
117001,1,300
117001,1,300
117001,1,300
117001,1,300
117001,1,300
117008,1,300
117009,1,300
117010,1,300
117010,1,300
117011,1,300
117011,1,300
117011,1,300
117017,1,300
117022,1,300
117022,1,300
117022,1,300
117022,1,300
117022,1,300
117026,1,300
117026,1,300
117026,1,300
117026,1,300
117060,1,300
118001,1,300
118001,1,300
118021,1,300
118021,1,300
118021,1,300
118021,1,300
118034,1,300
118034,1,300
118036,1,300
118036,1,300
118037,1,300
118037,1,300
118070,1,300
118070,1,300
118070,1,300
118070,1,300
118072,1,300
118072,1,300
118072,1,300
118072,1,300
118076,1,300
118081,1,300
119000,1,300
119012,1,300
119012,1,300
119012,1,300
119035,1,300
119035,1,300
119035,1,300
119038,1,300
119044,1,300
119085,1,300
119115,1,300
119115,1,300
119116,1,300
119116,1,300
119122,1,300
119131,1,300
119132,1,300
119132,1,300
119132,1,300
119142,1,300
120000,1,300
120034,1,300
120034,1,300
120034,1,300
120034,1,300
120034,1,300
120034,1,300
120060,1,300
120060,1,300
120060,1,300
120060,1,300
120062,1,300
120092,1,300
120092,1,300
120092,1,300
120092,1,300
120238,1,300
120238,1,300
120238,1,300
120238,1,300
120254,1,300
121000,1,300
121001,1,300
121001,1,300
121001,1,300
121001,1,300
121001,1,300
121001,1,300
121001,1,300
121001,1,300
121011,1,300
121021,1,300
121021,1,300
121022,1,300
121022,1,300
121066,1,300
121091,1,300
121091,1,300
121119,1,300
121119,1,300
121119,1,300
122000,1,300
122000,1,300
122000,1,300
122000,1,300
122000,1,300
122000,1,300
122000,1,300
122000,1,300
122000,1,300
122000,1,300
122101,1,300
122101,1,300
122101,1,300
122101,1,300
122101,1,300
122103,1,300
122104,1,300
122104,1,300
122104,1,300
123018,1,300
123018,1,300
123018,1,300
123024,1,300
123024,1,300
123024,1,300
123024,1,300
123024,1,300
123029,1,300
123029,1,300
123029,1,300
123036,1,300
123037,1,300
123037,1,300
123037,1,300
123037,1,300
123037,1,300
123037,1,300
123041,1,300
123041,1,300
123041,1,300
124000,1,300
124000,1,300
124011,1,300
124011,1,300
124011,1,300
124011,1,300
124011,1,300
124019,1,300
124019,1,300
124019,1,300
124019,1,300
124019,1,300
124019,1,300
124019,1,300
124019,1,300
124019,1,300
124020,1,300
125000,1,300
125000,1,300
125000,1,300
125000,1,300
125000,1,300
125000,1,300
125022,1,300
125022,1,300
125022,1,300
125022,1,300
125024,1,300
125024,1,300
125024,1,300
125037,1,300
125037,1,300
125040,1,300
125040,1,300
125040,1,300
125065,1,300
126001,1,300
126001,1,300
126001,1,300
126001,1,300
126033,1,300
126035,1,300
126035,1,300
126048,1,300
126049,1,300
126050,1,300
126053,1,300
126053,1,300
126053,1,300
126053,1,300
126053,1,300
126053,1,300
126053,1,300
126053,1,300
126053,1,300
127000,1,300
127000,1,300
127006,1,300
127006,1,300
127006,1,300
127006,1,300
127015,1,300
127015,1,300
127016,1,300
127017,1,300
127018,1,300
127018,1,300
127072,1,300
127073,1,300
127088,1,300
127088,1,300
127088,1,300
128000,1,300
128000,1,300
128008,1,300
128008,1,300
128022,1,300
128022,1,300
128022,1,300
128022,1,300
128027,1,300
128027,1,300
128027,1,300
128028,1,300
128183,1,300
128183,1,300
128184,1,300
128184,1,300
128184,1,300
128198,1,300
128198,1,300
128198,1,300
128198,1,300
128199,1,300
128199,1,300
129052,1,300
129056,1,300
129057,1,300
129106,1,300
129114,1,300
129150,1,300
129151,1,300
129151,1,300
129151,1,300
129151,1,300
129151,1,300
129151,1,300
129151,1,300
129151,1,300
129177,1,300
130000,1,300
130000,1,300
130012,1,300
130027,1,300
130027,1,300
130056,1,300
130056,1,300
130056,1,300
130056,1,300
130056,1,300
130067,1,300
130068,1,300
130078,1,300
130086,1,300
130086,1,300
131000,1,300
131000,1,300
131001,1,300
131002,1,300
131002,1,300
131007,1,300
131113,1,300
131113,1,300
131113,1,300
131120,1,300
131120,1,300
131121,1,300
131123,1,300
131125,1,300
131125,1,300
132000,1,300
132000,1,300
132010,1,300
132019,1,300
132019,1,300
132287,1,300
132288,1,300
132288,1,300
132288,1,300
132292,1,300
132292,1,300
133000,1,300
133000,1,300
133090,1,300
133090,1,300
133147,1,300
133148,1,300
133148,1,300
133149,1,300
133149,1,300
133149,1,300
133150,1,300
133151,1,300
133158,1,300
134000,1,300
134000,1,300
134049,1,300
134049,1,300
134049,1,300
134049,1,300
134058,1,300
134058,1,300
134060,1,300
134108,1,300
134110,1,300
134110,1,300
135000,1,300
135000,1,300
135000,1,300
135000,1,300
135001,1,300
135001,1,300
135013,1,300
135060,1,300
135060,1,300
135069,1,300
135074,1,300
135074,1,300
135074,1,300
135074,1,300
136000,1,300
136000,1,300
136000,1,300
136026,1,300
136029,1,300
136029,1,300
136029,1,300
136131,1,300
136134,1,300
136134,1,300
136134,1,300
136134,1,300
137008,1,300
137008,1,300
137008,1,300
137008,1,300
137027,1,300
137027,1,300
137027,1,300
137060,1,300
137060,1,300
137066,1,300
137066,1,300
137066,1,300
138000,1,300
138000,1,300
138001,1,300
138001,1,300
138007,1,300
138007,1,300
138007,1,300
138007,1,300
138007,1,300
138007,1,300
138007,1,300
138007,1,300
138009,1,300
139004,1,300
139005,1,300
139005,1,300
139005,1,300
139005,1,300
139079,1,300
139089,1,300
139234,1,300
139234,1,300
140024,1,300
140024,1,300
140024,1,300
140024,1,300
140024,1,300
140044,1,300
140044,1,300
140044,1,300
140044,1,300
140044,1,300
140044,1,300
140049,1,300
140049,1,300
140049,1,300
140089,1,300
140089,1,300
141000,1,300
141000,1,300
141006,1,300
141007,1,300
141007,1,300
141083,1,300
141083,1,300
141083,1,300
142000,1,300
142025,1,300
142025,1,300
142092,1,300
142092,1,300
142097,1,300
142097,1,300
142144,1,300
143000,1,300
143000,1,300
143015,1,300
143015,1,300
143063,1,300
143063,1,300
143063,1,300
143063,1,300
144000,1,300
144000,1,300
144008,1,300
144008,1,300
144015,1,300
144015,1,300
144015,1,300
144022,1,300
144022,1,300
144022,1,300
145000,1,300
145000,1,300
145000,1,300
145000,1,300
145038,1,300
145038,1,300
145118,1,300
145138,1,300
145138,1,300
146025,1,300
146025,1,300
146025,1,300
146031,1,300
146031,1,300
146047,1,300
146132,1,300
147000,1,300
147000,1,300
147001,1,300
147001,1,300
147021,1,300
147021,1,300
147021,1,300
147022,1,300
147022,1,300
147022,1,300
148001,1,300
148013,1,300
148013,1,300
148013,1,300
148033,1,300
148033,1,300
149000,1,300
149000,1,300
149000,1,300
149000,1,300
149068,1,300
149068,1,300
150003,1,300
150003,1,300
150023,1,300
150027,1,300
150027,1,300
150027,1,300
150027,1,300
151019,1,300
151024,1,300
151024,1,300
151026,1,300
152119,1,300
152119,1,300
152119,1,300
152119,1,300
152119,1,300
152120,1,300
152120,1,300
152120,1,300
152121,1,300
152124,1,300
152125,1,300
152133,1,300
152133,1,300
153000,1,300
153000,1,300
153173,1,300
153217,1,300
153217,1,300
153220,1,300
153220,1,300
153220,1,300
153220,1,300
154005,1,300
154005,1,300
154005,1,300
154005,1,300
154005,1,300
154005,1,300
154013,1,300
155000,1,300
155000,1,300
155000,1,300
155000,1,300
155002,1,300
155082,1,300
156000,1,300
156017,1,300
156062,1,300
156062,1,300
157000,1,300
157001,1,300
157002,1,300
157002,1,300
157003,1,300
157005,1,300
158000,1,300
158035,1,300
158035,1,300
158039,1,300
158039,1,300
158039,1,300
158039,1,300
159000,1,300
159013,1,300
159013,1,300
159013,1,300
159013,1,300
159013,1,300
159013,1,300
159019,1,300
159054,1,300
159082,1,300
160000,1,300
160000,1,300
160005,1,300
161000,1,300
161007,1,300
161020,1,300
161037,1,300
162007,1,300
162067,1,300
162067,1,300
163047,1,300
163106,1,300
163117,1,300
163117,1,300
164000,1,300
164000,1,300
164025,1,300
164025,1,300
164028,1,300
164028,1,300
164042,1,300
164042,1,300
164056,1,300
164056,1,300
164062,1,300
164062,1,300
164064,1,300
164150,1,300
165037,1,300
165037,1,300
165050,1,300
165050,1,300
165050,1,300
165050,1,300
165050,1,300
166000,1,300
166001,1,300
166014,1,300
166021,1,300
166021,1,300
166053,1,300
166053,1,300
166084,1,300
167000,1,300
167005,1,300
167005,1,300
167005,1,300
167005,1,300
167005,1,300
168000,1,300
168021,1,300
168022,1,300
169005,1,300
169005,1,300
169079,1,300
169110,1,300
169110,1,300
169114,1,300
169114,1,300
170000,1,300
170000,1,300
170199,1,300
170212,1,300
170473,1,300
171000,1,300
171009,1,300
171013,1,300
171013,1,300
171027,1,300
171033,1,300
171034,1,300
172254,1,300
172256,1,300
172256,1,300
172256,1,300
173003,1,300
173025,1,300
173025,1,300
173025,1,300
174003,1,300
174083,1,300
174110,1,300
174112,1,300
174112,1,300
175000,1,300
175008,1,300
175058,1,300
176000,1,300
176000,1,300
176000,1,300
176002,1,300
176002,1,300
176002,1,300
176002,1,300
176002,1,300
176002,1,300
176002,1,300
176009,1,300
176009,1,300
176010,1,300
176011,1,300
176011,1,300
176018,1,300
177000,1,300
177000,1,300
177000,1,300
177000,1,300
177006,1,300
177030,1,300
177030,1,300
177030,1,300
178000,1,300
178000,1,300
178012,1,300
178056,1,300
178056,1,300
178056,1,300
178056,1,300
179000,1,300
179000,1,300
179002,1,300
179066,1,300
179066,1,300
180202,1,300
180670,1,300
180671,1,300
181000,1,300
181000,1,300
181000,1,300
181002,1,300
181058,1,300
181058,1,300
182000,1,300
182062,1,300
182062,1,300
182062,1,300
182062,1,300
182062,1,300
183000,1,300
183000,1,300
183000,1,300
183000,1,300
183297,1,300
183587,1,300
183591,1,300
183623,1,300
183636,1,300
184001,1,300
184001,1,300
184140,1,300
184151,1,300
184155,1,300
184303,1,300
185000,1,300
185000,1,300
185000,1,300
185000,1,300
186000,1,300
186151,1,300
186151,1,300
186151,1,300
186151,1,300
186235,1,300
187002,1,300
187002,1,300
187039,1,300
188000,1,300
188000,1,300
188002,1,300
188002,1,300
188002,1,300
188002,1,300
188002,1,300
188002,1,300
188002,1,300
188002,1,300
188002,1,300
188002,1,300
188031,1,300
188031,1,300
188056,1,300
189000,1,300
189044,1,300
189057,1,300
189060,1,300
189281,1,300
189286,1,300
190000,1,300
190000,1,300
190000,1,300
190044,1,300
190045,1,300
191014,1,300
191014,1,300
191014,1,300
191016,1,300
191039,1,300
191039,1,300
191039,1,300
191092,1,300
191092,1,300
192000,1,300
192103,1,300
192104,1,300
192124,1,300
192125,1,300
193000,1,300
193000,1,300
193009,1,300
193009,1,300
193039,1,300
193039,1,300
194000,1,300
194000,1,300
194000,1,300
194000,1,300
194128,1,300
194128,1,300
194131,1,300
195002,1,300
195003,1,300
195090,1,300
195091,1,300
195208,1,300
195208,1,300
195208,1,300
196000,1,300
196073,1,300
196073,1,300
196079,1,300
196079,1,300
197000,1,300
197006,1,300
197006,1,300
197006,1,300
197013,1,300
198000,1,300
198000,1,300
198043,1,300
198043,1,300
198043,1,300
198043,1,300
199098,1,300
199098,1,300
199098,1,300
199135,1,300
200000,1,300
200019,1,300
200019,1,300
200019,1,300
200019,1,300
200019,1,300
200019,1,300
200023,1,300
200027,1,300
200027,1,300
200027,1,300
200027,1,300
200028,1,300
200028,1,300
200032,1,300
200034,1,300
200034,1,300
200034,1,300
200034,1,300
200034,1,300
201000,1,300
201000,1,300
201000,1,300
201026,1,300
201231,1,300
201233,1,300
201233,1,300
201233,1,300
202059,1,300
202065,1,300
202065,1,300
202072,1,300
202072,1,300
202073,1,300
202084,1,300
203000,1,300
203001,1,300
203013,1,300
203013,1,300
203022,1,300
203034,1,300
203043,1,300
203043,1,300
204000,1,300
204000,1,300
204000,1,300
204000,1,300
204002,1,300
204002,1,300
204002,1,300
205003,1,300
205003,1,300
205003,1,300
205042,1,300
205045,1,300
205068,1,300
205073,1,300
206000,1,300
206000,1,300
206048,1,300
206048,1,300
206062,1,300
206062,1,300
206062,1,300
206062,1,300
206065,1,300
207262,1,300
207283,1,300
207283,1,300
207286,1,300
207424,1,300
207424,1,300
207428,1,300
207428,1,300
207429,1,300
208021,1,300
208021,1,300
208021,1,300
208046,1,300
209008,1,300
209008,1,300
209008,1,300
209021,1,300
209021,1,300
210000,1,300
210000,1,300
210000,1,300
210000,1,300
210000,1,300
210000,1,300
211005,1,300
211060,1,300
211061,1,300
211061,1,300
211061,1,300
211061,1,300
211061,1,300
212000,1,300
212022,1,300
212022,1,300
212051,1,300
212051,1,300
212051,1,300
212051,1,300
212053,1,300
212057,1,300
212057,1,300
212057,1,300
212057,1,300
212058,1,300
212058,1,300
212060,1,300
212060,1,300
212081,1,300
212081,1,300
213002,1,300
213002,1,300
213003,1,300
213003,1,300
213003,1,300
213003,1,300
213003,1,300
213028,1,300
213029,1,300
213037,1,300
213048,1,300
214000,1,300
214000,1,300
214000,1,300
214000,1,300
214001,1,300
214001,1,300
214022,1,300
214022,1,300
214027,1,300
215000,1,300
215000,1,300
215000,1,300
215000,1,300
215000,1,300
215004,1,300
215005,1,300
215010,1,300
216000,1,300
216000,1,300
216128,1,300
216128,1,300
216131,1,300
216153,1,300
216153,1,300
216153,1,300
216153,1,300
217000,1,300
217000,1,300
217002,1,300
217054,1,300
217054,1,300
217054,1,300
217054,1,300
217054,1,300
218000,1,300
218004,1,300
218004,1,300
218005,1,300
218005,1,300
218005,1,300
218005,1,300
218005,1,300
218005,1,300
219000,1,300
219056,1,300
219147,1,300
219147,1,300
219147,1,300
219149,1,300
219149,1,300
219189,1,300
219192,1,300
219205,1,300
220006,1,300
220034,1,300
220034,1,300
220034,1,300
220036,1,300
220036,1,300
220036,1,300
220036,1,300
221001,1,300
221001,1,300
221001,1,300
221001,1,300
221009,1,300
221009,1,300
221021,1,300
221021,1,300
222000,1,300
222000,1,300
222001,1,300
222001,1,300
222001,1,300
222002,1,300
222010,1,300
222010,1,300
222021,1,300
223000,1,300
223000,1,300
223007,1,300
223007,1,300
223007,1,300
223007,1,300
223007,1,300
223007,1,300
223008,1,300
224001,1,300
224001,1,300
224001,1,300
224001,1,300
224003,1,300
224003,1,300
224005,1,300
224005,1,300
224005,1,300
224005,1,300
224008,1,300
224008,1,300
224008,1,300
224008,1,300
224008,1,300
224027,1,300
224055,1,300
224055,1,300
224056,1,300
224056,1,300
224056,1,300
224062,1,300
225000,1,300
225000,1,300
225007,1,300
225007,1,300
225007,1,300
225010,1,300
225010,1,300
225010,1,300
225010,1,300
225010,1,300
225010,1,300
225010,1,300
225014,1,300
225014,1,300
225045,1,300
225046,1,300
225046,1,300
226000,1,300
226004,1,300
226004,1,300
226006,1,300
226006,1,300
226006,1,300
226015,1,300
226016,1,300
226016,1,300
226023,1,300
226023,1,300
226024,1,300
226024,1,300
226024,1,300
226024,1,300
226024,1,300
226042,1,300
227027,1,300
227052,1,300
227052,1,300
227070,1,300
227070,1,300
227070,1,300
227091,1,300
227091,1,300
227091,1,300
227091,1,300
227098,1,300
227101,1,300
227101,1,300
227101,1,300
227101,1,300
227101,1,300
227101,1,300
227108,1,300
228000,1,300
228002,1,300
228002,1,300
228008,1,300
228009,1,300
228043,1,300
228044,1,300
228066,1,300
228066,1,300
228067,1,300
228067,1,300
228067,1,300
228085,1,300
228085,1,300
229000,1,300
229000,1,300
229000,1,300
229000,1,300
229000,1,300
229000,1,300
229000,1,300
229002,1,300
229036,1,300
229036,1,300
229036,1,300
229036,1,300
229036,1,300
229100,1,300
230020,1,300
230020,1,300
230020,1,300
230020,1,300
230020,1,300
230023,1,300
230023,1,300
230030,1,300
230033,1,300
230033,1,300
230033,1,300
230033,1,300
230035,1,300
230036,1,300
230036,1,300
230036,1,300
230036,1,300
231083,1,300
231083,1,300
231084,1,300
231084,1,300
231101,1,300
231101,1,300
231113,1,300
231114,1,300
231114,1,300
231114,1,300
231124,1,300
231124,1,300
231125,1,300
231125,1,300
232000,1,300
232006,1,300
232006,1,300
232006,1,300
232008,1,300
232008,1,300
232008,1,300
232008,1,300
232008,1,300
232018,1,300
232018,1,300
232018,1,300
232018,1,300
233000,1,300
233011,1,300
233011,1,300
233011,1,300
233011,1,300
233011,1,300
233011,1,300
233031,1,300
233031,1,300
233031,1,300
233031,1,300
233031,1,300
233113,1,300
234000,1,300
234028,1,300
234028,1,300
234045,1,300
234045,1,300
234045,1,300
234045,1,300
234045,1,300
234047,1,300
234047,1,300
234047,1,300
234047,1,300
234049,1,300
234056,1,300
234056,1,300
235240,1,300
235260,1,300
235261,1,300
235261,1,300
235264,1,300
235267,1,300
235271,1,300
235271,1,300
235272,1,300
235272,1,300
235283,1,300
235283,1,300
235283,1,300
235283,1,300
236124,1,300
236154,1,300
236156,1,300
236156,1,300
236157,1,300
236157,1,300
236157,1,300
236261,1,300
236261,1,300
236261,1,300
236273,1,300
236273,1,300
236273,1,300
236274,1,300
236274,1,300
236276,1,300
236276,1,300
236276,1,300
236276,1,300
236280,1,300
236280,1,300
236280,1,300
236280,1,300
236282,1,300
236282,1,300
236282,1,300
236291,1,300
237000,1,300
237000,1,300
237000,1,300
237042,1,300
237042,1,300
237042,1,300
237042,1,300
237047,1,300
237047,1,300
237104,1,300
237104,1,300
237178,1,300
237178,1,300
237178,1,300
237192,1,300
237192,1,300
238000,1,300
238000,1,300
238005,1,300
238008,1,300
238008,1,300
238008,1,300
238008,1,300
238008,1,300
238008,1,300
238008,1,300
238008,1,300
238008,1,300
238008,1,300
238011,1,300
238011,1,300
238012,1,300
238012,1,300
239000,1,300
239003,1,300
239003,1,300
239003,1,300
239003,1,300
239003,1,300
239003,1,300
239003,1,300
239003,1,300
239003,1,300
239003,1,300
239003,1,300
239003,1,300
239003,1,300
239019,1,300
239019,1,300
239019,1,300
239019,1,300
239019,1,300
240000,1,300
240012,1,300
240014,1,300
240014,1,300
240014,1,300
240014,1,300
240015,1,300
240040,1,300
240046,1,300
240046,1,300
240046,1,300
240049,1,300
240049,1,300
240049,1,300
240049,1,300
240298,1,300
241004,1,300
241004,1,300
241004,1,300
241004,1,300
241004,1,300
241004,1,300
241004,1,300
241005,1,300
241006,1,300
241006,1,300
241006,1,300
241006,1,300
241006,1,300
241006,1,300
241006,1,300
241006,1,300
242000,1,300
242004,1,300
242004,1,300
242004,1,300
242004,1,300
242005,1,300
242005,1,300
242005,1,300
242008,1,300
242013,1,300
242013,1,300
242013,1,300
242049,1,300
242052,1,300
242054,1,300
242056,1,300
242056,1,300
242056,1,300
243000,1,300
243000,1,300
243000,1,300
243000,1,300
243001,1,300
243001,1,300
243001,1,300
243001,1,300
243003,1,300
243004,1,300
243008,1,300
243009,1,300
243009,1,300
243009,1,300
243009,1,300
243009,1,300
243058,1,300
243061,1,300
244002,1,300
244002,1,300
244002,1,300
244002,1,300
244002,1,300
244002,1,300
244002,1,300
244002,1,300
244002,1,300
244003,1,300
244008,1,300
244011,1,300
244015,1,300
244015,1,300
244015,1,300
245007,1,300
245007,1,300
245007,1,300
245007,1,300
245014,1,300
245014,1,300
245017,1,300
245017,1,300
245082,1,300
245085,1,300
245085,1,300
245085,1,300
245085,1,300
245087,1,300
245087,1,300
246000,1,300
246001,1,300
246001,1,300
246002,1,300
246007,1,300
246007,1,300
246007,1,300
246008,1,300
246008,1,300
246008,1,300
246009,1,300
246009,1,300
246009,1,300
246016,1,300
247000,1,300
247000,1,300
247000,1,300
247000,1,300
247002,1,300
247002,1,300
247002,1,300
247002,1,300
247002,1,300
247003,1,300
247003,1,300
248000,1,300
248001,1,300
248001,1,300
248001,1,300
248001,1,300
248001,1,300
248001,1,300
248001,1,300
248003,1,300
248003,1,300
248004,1,300
248012,1,300
248012,1,300
248012,1,300
248012,1,300
248012,1,300
248012,1,300
248012,1,300
248061,1,300
248063,1,300
248063,1,300
248080,1,300
249000,1,300
249000,1,300
249000,1,300
249035,1,300
249036,1,300
249036,1,300
249072,1,300
249075,1,300
249079,1,300
249079,1,300
249103,1,300
249103,1,300
249103,1,300
249108,1,300
250000,1,300
250000,1,300
250002,1,300
250002,1,300
250008,1,300
250008,1,300
250008,1,300
250008,1,300
250008,1,300
250008,1,300
250015,1,300
250015,1,300
250038,1,300
251000,1,300
251003,1,300
251003,1,300
251004,1,300
251004,1,300
251010,1,300
251010,1,300
251010,1,300
251010,1,300
251010,1,300
251017,1,300
251025,1,300
251025,1,300
251027,1,300
251027,1,300
252000,1,300
252012,1,300
252013,1,300
252063,1,300
252082,1,300
252082,1,300
252083,1,300
252084,1,300
252084,1,300
252084,1,300
252087,1,300
252087,1,300
252087,1,300
253002,1,300
253002,1,300
253002,1,300
253044,1,300
253044,1,300
253044,1,300
253044,1,300
253044,1,300
253044,1,300
253044,1,300
253046,1,300
253046,1,300
253048,1,300
254000,1,300
254011,1,300
254011,1,300
254011,1,300
254011,1,300
254118,1,300
254121,1,300
254144,1,300
254170,1,300
254170,1,300
254170,1,300
254170,1,300
254177,1,300
255000,1,300
255000,1,300
255052,1,300
255052,1,300
255052,1,300
255052,1,300
255052,1,300
255052,1,300
255053,1,300
255053,1,300
255053,1,300
255053,1,300
255053,1,300
255053,1,300
255053,1,300
255075,1,300
256000,1,300
256000,1,300
256000,1,300
256015,1,300
256015,1,300
256015,1,300
256015,1,300
256015,1,300
256015,1,300
256018,1,300
256018,1,300
256018,1,300
257012,1,300
257012,1,300
257015,1,300
257015,1,300
257015,1,300
257016,1,300
257016,1,300
257027,1,300
257027,1,300
257027,1,300
257027,1,300
257033,1,300
257033,1,300
258000,1,300
258001,1,300
258001,1,300
258003,1,300
258003,1,300
258006,1,300
258006,1,300
258015,1,300
258021,1,300
258023,1,300
258028,1,300
258029,1,300
259086,1,300
259086,1,300
259183,1,300
259191,1,300
259192,1,300
259229,1,300
259229,1,300
259229,1,300
259241,1,300
259245,1,300
259245,1,300
260000,1,300
260000,1,300
260001,1,300
260002,1,300
260012,1,300
260012,1,300
260020,1,300
260021,1,300
260021,1,300
260021,1,300
260021,1,300
260024,1,300
260024,1,300
260024,1,300
260024,1,300
260024,1,300
260044,1,300
261070,1,300
261075,1,300
261075,1,300
261124,1,300
261124,1,300
261124,1,300
261124,1,300
261124,1,300
261172,1,300
262000,1,300
262000,1,300
262032,1,300
262032,1,300
262032,1,300
262038,1,300
262038,1,300
262038,1,300
262050,1,300
262050,1,300
262050,1,300
263000,1,300
263000,1,300
263000,1,300
263000,1,300
263000,1,300
263000,1,300
263000,1,300
263000,1,300
263000,1,300
263013,1,300
264000,1,300
264000,1,300
264000,1,300
264020,1,300
264020,1,300
264025,1,300
264025,1,300
265215,1,300
265217,1,300
265217,1,300
265218,1,300
265228,1,300
265228,1,300
265246,1,300
265272,1,300
266000,1,300
266000,1,300
266005,1,300
266044,1,300
266044,1,300
266045,1,300
266045,1,300
267000,1,300
267001,1,300
267001,1,300
267001,1,300
267004,1,300
267021,1,300
267021,1,300
268000,1,300
268506,1,300
268506,1,300
268506,1,300
268515,1,300
269385,1,300
269385,1,300
269489,1,300
269516,1,300
269524,1,300
270000,1,300
270000,1,300
270000,1,300
270075,1,300
270075,1,300
271218,1,300
271254,1,300
271256,1,300
271256,1,300
272023,1,300
272023,1,300
272161,1,300
272161,1,300
273000,1,300
273000,1,300
273003,1,300
273015,1,300
273021,1,300
274003,1,300
274003,1,300
274063,1,300
274091,1,300
274091,1,300
275013,1,300
275013,1,300
275013,1,300
275013,1,300
276000,1,300
276000,1,300
276000,1,300
277017,1,300
277017,1,300
278001,1,300
278001,1,300
278054,1,300
279000,1,300
279000,1,300
280000,1,300
280077,1,300
280124,1,300
280327,1,300
281000,1,300
281000,1,300
281016,1,300
281016,1,300
281016,1,300
282003,1,300
282003,1,300
282003,1,300
282006,1,300
282011,1,300
282013,1,300
282021,1,300
282046,1,300
282046,1,300
282095,1,300
282095,1,300
282095,1,300
283000,1,300
283052,1,300
283052,1,300
283102,1,300
283104,1,300
283259,1,300
283259,1,300
284000,1,300
284005,1,300
284074,1,300
284074,1,300
285000,1,300
285000,1,300
285000,1,300
285000,1,300
286208,1,300
286208,1,300
286275,1,300
286275,1,300
286276,1,300
287000,1,300
287000,1,300
287000,1,300
287000,1,300
288000,1,300
288019,1,300
288019,1,300
288019,1,300
289000,1,300
289004,1,300
289004,1,300
289037,1,300
