0,1,300
28,1,300
29,1,300
34,1,300
34,1,300
1000,1,300
1000,1,300
1004,1,300
1005,1,300
1005,1,300
2001,1,300
2001,1,300
2001,1,300
2001,1,300
3000,1,300
3000,1,300
3034,1,300
3373,1,300
3373,1,300
4000,1,300
4000,1,300
4000,1,300
4000,1,300
4026,1,300
5138,1,300
5213,1,300
5347,1,300
5347,1,300
6001,1,300
6025,1,300
6025,1,300
6025,1,300
7000,1,300
7004,1,300
7004,1,300
7125,1,300
8076,1,300
8079,1,300
8079,1,300
9027,1,300
9027,1,300
9027,1,300
9030,1,300
9033,1,300
9033,1,300
9033,1,300
9054,1,300
9054,1,300
9054,1,300
10005,1,300
10005,1,300
10044,1,300
10044,1,300
10060,1,300
10060,1,300
11000,1,300
11000,1,300
11012,1,300
11012,1,300
11013,1,300
12019,1,300
12067,1,300
12067,1,300
12067,1,300
12069,1,300
13081,1,300
13081,1,300
13081,1,300
13148,1,300
14000,1,300
14000,1,300
14002,1,300
14002,1,300
14002,1,300
14002,1,300
14002,1,300
14010,1,300
15016,1,300
15016,1,300
15016,1,300
15016,1,300
16033,1,300
16042,1,300
16057,1,300
16059,1,300
17000,1,300
17000,1,300
18019,1,300
18025,1,300
19001,1,300
19001,1,300
19003,1,300
20000,1,300
20000,1,300
20146,1,300
20146,1,300
20146,1,300
20146,1,300
20146,1,300
20146,1,300
20157,1,300
20180,1,300
20182,1,300
20182,1,300
21000,1,300
21000,1,300
21000,1,300
21099,1,300
21105,1,300
21105,1,300
21105,1,300
21105,1,300
22000,1,300
22000,1,300
22000,1,300
22001,1,300
22001,1,300
22001,1,300
23038,1,300
23047,1,300
23047,1,300
23047,1,300
23047,1,300
23047,1,300
23047,1,300
23047,1,300
24000,1,300
24003,1,300
24005,1,300
24032,1,300
25000,1,300
25000,1,300
25000,1,300
25000,1,300
25034,1,300
26000,1,300
26030,1,300
26030,1,300
26407,1,300
26425,1,300
26425,1,300
27000,1,300
27000,1,300
27000,1,300
27184,1,300
27184,1,300
27184,1,300
27184,1,300
28000,1,300
28038,1,300
28080,1,300
28100,1,300
28100,1,300
29073,1,300
29073,1,300
29073,1,300
29073,1,300
30000,1,300
30000,1,300
30000,1,300
30085,1,300
30085,1,300
30110,1,300
31000,1,300
31015,1,300
31015,1,300
32000,1,300
32000,1,300
32007,1,300
32008,1,300
32009,1,300
32009,1,300
32011,1,300
32011,1,300
32011,1,300
32017,1,300
32019,1,300
32019,1,300
32019,1,300
32020,1,300
32020,1,300
32020,1,300
32020,1,300
33000,1,300
33034,1,300
33034,1,300
33034,1,300
33070,1,300
33070,1,300
33070,1,300
33070,1,300
33070,1,300
33070,1,300
34000,1,300
34002,1,300
34002,1,300
34002,1,300
34046,1,300
34046,1,300
34046,1,300
34046,1,300
35001,1,300
35001,1,300
35001,1,300
35001,1,300
35001,1,300
35007,1,300
35008,1,300
35008,1,300
36021,1,300
36035,1,300
36035,1,300
36035,1,300
36035,1,300
36036,1,300
37000,1,300
37000,1,300
37000,1,300
37000,1,300
37000,1,300
37000,1,300
37000,1,300
37000,1,300
38054,1,300
38054,1,300
38054,1,300
38054,1,300
38054,1,300
38054,1,300
38055,1,300
38055,1,300
39000,1,300
39000,1,300
39001,1,300
39001,1,300
39029,1,300
39029,1,300
39029,1,300
39029,1,300
39029,1,300
40001,1,300
40009,1,300
40009,1,300
40015,1,300
40015,1,300
40017,1,300
40017,1,300
41000,1,300
41076,1,300
41076,1,300
41090,1,300
41090,1,300
41106,1,300
42021,1,300
42021,1,300
42021,1,300
42021,1,300
42021,1,300
42022,1,300
42022,1,300
43000,1,300
43000,1,300
43108,1,300
43115,1,300
43115,1,300
43115,1,300
43129,1,300
44019,1,300
44022,1,300
44022,1,300
44022,1,300
44022,1,300
44023,1,300
44023,1,300
44023,1,300
44025,1,300
44029,1,300
44029,1,300
44035,1,300
44035,1,300
44035,1,300
44037,1,300
44037,1,300
44058,1,300
44058,1,300
44081,1,300
45001,1,300
45001,1,300
45001,1,300
45001,1,300
45004,1,300
45004,1,300
45004,1,300
45005,1,300
45006,1,300
45007,1,300
45007,1,300
45044,1,300
45044,1,300
45044,1,300
45044,1,300
45044,1,300
46000,1,300
46000,1,300
46064,1,300
46064,1,300
46066,1,300
46072,1,300
46072,1,300
46072,1,300
46072,1,300
46072,1,300
46072,1,300
46072,1,300
46072,1,300
46113,1,300
46135,1,300
46168,1,300
47000,1,300
47000,1,300
47000,1,300
47000,1,300
47001,1,300
47018,1,300
47018,1,300
47018,1,300
47018,1,300
47018,1,300
47037,1,300
47037,1,300
47037,1,300
47037,1,300
48003,1,300
48003,1,300
48003,1,300
48003,1,300
48003,1,300
48045,1,300
48045,1,300
48045,1,300
48045,1,300
48045,1,300
48045,1,300
48045,1,300
48045,1,300
48045,1,300
49015,1,300
49015,1,300
49016,1,300
49018,1,300
49018,1,300
49018,1,300
49074,1,300
49119,1,300
49119,1,300
49134,1,300
49135,1,300
49154,1,300
49155,1,300
49156,1,300
49157,1,300
49164,1,300
50000,1,300
50003,1,300
50003,1,300
50016,1,300
50016,1,300
50016,1,300
50016,1,300
50016,1,300
50025,1,300
50025,1,300
50025,1,300
50025,1,300
50025,1,300
50077,1,300
51000,1,300
51000,1,300
51000,1,300
51000,1,300
51000,1,300
51000,1,300
51001,1,300
51001,1,300
51001,1,300
51001,1,300
51066,1,300
51067,1,300
51067,1,300
51067,1,300
51067,1,300
52011,1,300
52054,1,300
52054,1,300
52068,1,300
52069,1,300
52133,1,300
52133,1,300
52133,1,300
52133,1,300
52134,1,300
52140,1,300
52140,1,300
52140,1,300
53000,1,300
53052,1,300
53054,1,300
53057,1,300
53057,1,300
53057,1,300
53057,1,300
53057,1,300
53057,1,300
53077,1,300
53077,1,300
53081,1,300
54005,1,300
54005,1,300
54005,1,300
54005,1,300
54005,1,300
54005,1,300
54005,1,300
54005,1,300
54006,1,300
54006,1,300
54038,1,300
54045,1,300
54045,1,300
54086,1,300
54086,1,300
55000,1,300
55000,1,300
55000,1,300
55000,1,300
55000,1,300
55008,1,300
55017,1,300
55017,1,300
55017,1,300
55036,1,300
55036,1,300
55036,1,300
55036,1,300
56000,1,300
56000,1,300
56000,1,300
56000,1,300
56000,1,300
56000,1,300
56000,1,300
56000,1,300
56016,1,300
56020,1,300
56020,1,300
56020,1,300
56031,1,300
56043,1,300
56043,1,300
56043,1,300
56043,1,300
56043,1,300
56043,1,300
56061,1,300
56061,1,300
56069,1,300
56069,1,300
56072,1,300
56073,1,300
56073,1,300
56073,1,300
57000,1,300
57000,1,300
57000,1,300
57000,1,300
57001,1,300
57001,1,300
57002,1,300
57003,1,300
57003,1,300
57003,1,300
57003,1,300
57003,1,300
57004,1,300
57004,1,300
57004,1,300
57004,1,300
57004,1,300
57110,1,300
57112,1,300
57113,1,300
58007,1,300
58008,1,300
58008,1,300
58009,1,300
58009,1,300
58009,1,300
58009,1,300
58009,1,300
58009,1,300
58009,1,300
58017,1,300
58017,1,300
58017,1,300
58017,1,300
58020,1,300
58022,1,300
58052,1,300
58060,1,300
58060,1,300
58060,1,300
59000,1,300
59000,1,300
59000,1,300
59000,1,300
59000,1,300
59000,1,300
59000,1,300
59000,1,300
59000,1,300
59002,1,300
59004,1,300
59004,1,300
59004,1,300
59007,1,300
59007,1,300
59007,1,300
59007,1,300
59007,1,300
60001,1,300
60059,1,300
60077,1,300
60077,1,300
60078,1,300
60078,1,300
60084,1,300
60084,1,300
60084,1,300
60084,1,300
60097,1,300
60097,1,300
60097,1,300
60108,1,300
60108,1,300
60108,1,300
60108,1,300
60108,1,300
60108,1,300
60109,1,300
61001,1,300
61001,1,300
61001,1,300
61001,1,300
61001,1,300
61019,1,300
61019,1,300
61067,1,300
61069,1,300
61069,1,300
61069,1,300
61069,1,300
61077,1,300
61077,1,300
61077,1,300
61077,1,300
61077,1,300
61077,1,300
61077,1,300
62000,1,300
62000,1,300
62026,1,300
62026,1,300
62038,1,300
62060,1,300
62061,1,300
62061,1,300
62064,1,300
62064,1,300
62066,1,300
62066,1,300
62073,1,300
62073,1,300
62088,1,300
62088,1,300
62093,1,300
62113,1,300
62113,1,300
63000,1,300
63000,1,300
63078,1,300
63078,1,300
63079,1,300
63084,1,300
63086,1,300
63091,1,300
63092,1,300
63093,1,300
63093,1,300
63123,1,300
63132,1,300
63132,1,300
63132,1,300
63132,1,300
63132,1,300
63134,1,300
63134,1,300
63140,1,300
64002,1,300
64016,1,300
64016,1,300
64016,1,300
64016,1,300
64016,1,300
64024,1,300
64025,1,300
64025,1,300
64025,1,300
64027,1,300
64027,1,300
64028,1,300
64028,1,300
64069,1,300
64072,1,300
64077,1,300
64077,1,300
64077,1,300
65006,1,300
65018,1,300
65018,1,300
65018,1,300
65018,1,300
65018,1,300
65018,1,300
65018,1,300
65018,1,300
65018,1,300
65018,1,300
65018,1,300
65018,1,300
65018,1,300
65031,1,300
65036,1,300
65069,1,300
65073,1,300
65073,1,300
66054,1,300
66054,1,300
66054,1,300
66078,1,300
66079,1,300
66079,1,300
66079,1,300
66079,1,300
66109,1,300
66110,1,300
66113,1,300
66113,1,300
66113,1,300
66113,1,300
66113,1,300
66116,1,300
66116,1,300
66121,1,300
66121,1,300
67000,1,300
67000,1,300
67000,1,300
67000,1,300
67053,1,300
67053,1,300
67053,1,300
67055,1,300
67055,1,300
67055,1,300
67055,1,300
67055,1,300
67076,1,300
67076,1,300
67076,1,300
67079,1,300
67080,1,300
67080,1,300
67080,1,300
67083,1,300
67083,1,300
68001,1,300
68014,1,300
68014,1,300
68014,1,300
68014,1,300
68016,1,300
68016,1,300
68016,1,300
68016,1,300
68019,1,300
68019,1,300
68019,1,300
68039,1,300
68039,1,300
68049,1,300
68049,1,300
68068,1,300
68068,1,300
68068,1,300
68068,1,300
68068,1,300
68071,1,300
68071,1,300
68072,1,300
68073,1,300
68074,1,300
68075,1,300
68075,1,300
68075,1,300
68075,1,300
68075,1,300
68075,1,300
68078,1,300
68078,1,300
68078,1,300
68078,1,300
69000,1,300
69000,1,300
69000,1,300
69000,1,300
69033,1,300
69033,1,300
69037,1,300
69037,1,300
69037,1,300
69065,1,300
69065,1,300
69065,1,300
69065,1,300
69067,1,300
69067,1,300
69067,1,300
69067,1,300
69067,1,300
69068,1,300
69073,1,300
69073,1,300
69073,1,300
69104,1,300
69104,1,300
69104,1,300
69107,1,300
69107,1,300
69107,1,300
69114,1,300
70002,1,300
70002,1,300
70002,1,300
70005,1,300
70007,1,300
70008,1,300
70015,1,300
70015,1,300
70015,1,300
70015,1,300
70016,1,300
70016,1,300
70016,1,300
70016,1,300
70016,1,300
70016,1,300
70016,1,300
70016,1,300
70016,1,300
70016,1,300
70031,1,300
70031,1,300
70031,1,300
70031,1,300
70031,1,300
70031,1,300
70031,1,300
70031,1,300
71000,1,300
71010,1,300
71014,1,300
71014,1,300
71014,1,300
71016,1,300
71016,1,300
71016,1,300
71016,1,300
71016,1,300
71016,1,300
71016,1,300
71016,1,300
71016,1,300
71016,1,300
71016,1,300
71016,1,300
71016,1,300
71016,1,300
71016,1,300
71016,1,300
71016,1,300
71019,1,300
71026,1,300
71027,1,300
71027,1,300
71027,1,300
71030,1,300
71089,1,300
72000,1,300
72000,1,300
72000,1,300
72001,1,300
72001,1,300
72001,1,300
72001,1,300
72001,1,300
72006,1,300
72009,1,300
72009,1,300
72011,1,300
72011,1,300
72011,1,300
72011,1,300
72011,1,300
72011,1,300
72015,1,300
72015,1,300
72015,1,300
72031,1,300
72031,1,300
72031,1,300
72031,1,300
72031,1,300
72031,1,300
73000,1,300
73000,1,300
73051,1,300
73051,1,300
73051,1,300
73051,1,300
73051,1,300
73051,1,300
73051,1,300
73053,1,300
73069,1,300
73070,1,300
73078,1,300
73078,1,300
73078,1,300
73078,1,300
73092,1,300
73092,1,300
73092,1,300
73092,1,300
73123,1,300
73169,1,300
73170,1,300
73171,1,300
73171,1,300
73171,1,300
73171,1,300
73171,1,300
74000,1,300
74000,1,300
74012,1,300
74065,1,300
74070,1,300
74070,1,300
74077,1,300
74077,1,300
74077,1,300
74078,1,300
74078,1,300
74126,1,300
74126,1,300
74126,1,300
74126,1,300
74126,1,300
74126,1,300
74126,1,300
74126,1,300
74128,1,300
74128,1,300
74136,1,300
74136,1,300
74136,1,300
74136,1,300
74136,1,300
74140,1,300
75000,1,300
75000,1,300
75000,1,300
75000,1,300
75000,1,300
75000,1,300
75002,1,300
75002,1,300
75062,1,300
75062,1,300
75062,1,300
75062,1,300
75063,1,300
75063,1,300
75067,1,300
75074,1,300
75074,1,300
75074,1,300
75076,1,300
75076,1,300
75076,1,300
75076,1,300
75076,1,300
75088,1,300
75088,1,300
75088,1,300
75088,1,300
76000,1,300
76000,1,300
76023,1,300
76024,1,300
76026,1,300
76026,1,300
76026,1,300
76026,1,300
76026,1,300
76029,1,300
76033,1,300
76039,1,300
76039,1,300
76039,1,300
76039,1,300
76039,1,300
76039,1,300
76039,1,300
76039,1,300
76039,1,300
76049,1,300
76070,1,300
76145,1,300
76145,1,300
76145,1,300
76145,1,300
76145,1,300
77000,1,300
77000,1,300
77000,1,300
77000,1,300
77000,1,300
77000,1,300
77000,1,300
77000,1,300
77000,1,300
77000,1,300
77005,1,300
77030,1,300
77030,1,300
77030,1,300
77030,1,300
77030,1,300
77034,1,300
77039,1,300
77039,1,300
77042,1,300
77042,1,300
77042,1,300
77042,1,300
77042,1,300
77045,1,300
77045,1,300
77045,1,300
78000,1,300
78000,1,300
78000,1,300
78000,1,300
78000,1,300
78009,1,300
78009,1,300
78009,1,300
78009,1,300
78065,1,300
78065,1,300
78065,1,300
78065,1,300
78065,1,300
78066,1,300
78097,1,300
78097,1,300
78097,1,300
78108,1,300
78108,1,300
78108,1,300
78108,1,300
78111,1,300
78111,1,300
78111,1,300
78111,1,300
79000,1,300
79000,1,300
79000,1,300
79000,1,300
79000,1,300
79032,1,300
79032,1,300
79041,1,300
79041,1,300
79041,1,300
79041,1,300
79043,1,300
79053,1,300
79053,1,300
79053,1,300
79055,1,300
79055,1,300
79055,1,300
79055,1,300
79055,1,300
79055,1,300
79055,1,300
79055,1,300
79062,1,300
79062,1,300
79062,1,300
79062,1,300
80010,1,300
80010,1,300
80010,1,300
80010,1,300
80022,1,300
80022,1,300
80022,1,300
80022,1,300
80023,1,300
80024,1,300
80024,1,300
80024,1,300
80024,1,300
80024,1,300
80069,1,300
80069,1,300
80069,1,300
80070,1,300
80070,1,300
80070,1,300
80070,1,300
80072,1,300
80072,1,300
80076,1,300
80076,1,300
80080,1,300
80080,1,300
80085,1,300
80085,1,300
80085,1,300
80112,1,300
80131,1,300
80132,1,300
80132,1,300
80132,1,300
80132,1,300
80132,1,300
80132,1,300
81000,1,300
81000,1,300
81000,1,300
81000,1,300
81000,1,300
81006,1,300
81006,1,300
81006,1,300
81006,1,300
81006,1,300
81006,1,300
81007,1,300
81007,1,300
81007,1,300
81017,1,300
81017,1,300
81017,1,300
81017,1,300
81017,1,300
81029,1,300
81032,1,300
81032,1,300
81032,1,300
81032,1,300
81032,1,300
81036,1,300
81042,1,300
81042,1,300
81042,1,300
81042,1,300
81042,1,300
81042,1,300
82141,1,300
82141,1,300
82141,1,300
82141,1,300
82145,1,300
82145,1,300
82150,1,300
82158,1,300
82158,1,300
82158,1,300
82158,1,300
82159,1,300
82159,1,300
82161,1,300
82161,1,300
82161,1,300
82161,1,300
82161,1,300
82161,1,300
82165,1,300
82165,1,300
82165,1,300
82165,1,300
82166,1,300
82168,1,300
82168,1,300
82168,1,300
82168,1,300
82168,1,300
82184,1,300
82184,1,300
83000,1,300
83003,1,300
83003,1,300
83006,1,300
83006,1,300
83015,1,300
83043,1,300
83043,1,300
83043,1,300
83043,1,300
83043,1,300
83060,1,300
83062,1,300
83065,1,300
83065,1,300
83065,1,300
83078,1,300
83078,1,300
83084,1,300
83087,1,300
83093,1,300
83104,1,300
83104,1,300
83104,1,300
83104,1,300
83104,1,300
83104,1,300
83104,1,300
83104,1,300
83104,1,300
83104,1,300
84000,1,300
84000,1,300
84033,1,300
84040,1,300
84040,1,300
84040,1,300
84043,1,300
84046,1,300
84052,1,300
84053,1,300
84057,1,300
84067,1,300
84067,1,300
84067,1,300
84067,1,300
84072,1,300
84076,1,300
84111,1,300
84111,1,300
84111,1,300
84111,1,300
84111,1,300
84116,1,300
84121,1,300
84121,1,300
84122,1,300
84123,1,300
84123,1,300
84127,1,300
85000,1,300
85000,1,300
85000,1,300
85000,1,300
85000,1,300
85000,1,300
85000,1,300
85000,1,300
85000,1,300
85001,1,300
85002,1,300
85002,1,300
85003,1,300
85003,1,300
85003,1,300
85003,1,300
85003,1,300
85020,1,300
85020,1,300
85020,1,300
85020,1,300
85020,1,300
85025,1,300
85025,1,300
85025,1,300
85025,1,300
85025,1,300
85025,1,300
85025,1,300
85026,1,300
85026,1,300
86000,1,300
86000,1,300
86010,1,300
86010,1,300
86010,1,300
86120,1,300
86120,1,300
86133,1,300
86133,1,300
86203,1,300
86203,1,300
86203,1,300
86203,1,300
86203,1,300
86203,1,300
86204,1,300
86204,1,300
86204,1,300
86204,1,300
86204,1,300
86208,1,300
86209,1,300
86209,1,300
86209,1,300
86209,1,300
86265,1,300
86265,1,300
86268,1,300
86271,1,300
86271,1,300
87000,1,300
87000,1,300
87000,1,300
87000,1,300
87002,1,300
87002,1,300
87009,1,300
87009,1,300
87009,1,300
87009,1,300
87009,1,300
87009,1,300
87025,1,300
87025,1,300
87025,1,300
87025,1,300
87034,1,300
87034,1,300
87035,1,300
87035,1,300
87035,1,300
87035,1,300
87035,1,300
87035,1,300
87035,1,300
87053,1,300
87053,1,300
87053,1,300
87053,1,300
87056,1,300
87070,1,300
88001,1,300
88001,1,300
88001,1,300
88002,1,300
88002,1,300
88002,1,300
88002,1,300
88052,1,300
88056,1,300
88056,1,300
88060,1,300
88060,1,300
88060,1,300
88062,1,300
88062,1,300
88062,1,300
88062,1,300
88062,1,300
88062,1,300
88062,1,300
88062,1,300
88062,1,300
88062,1,300
88062,1,300
88062,1,300
88062,1,300
88062,1,300
88062,1,300
88062,1,300
88062,1,300
89000,1,300
89000,1,300
89000,1,300
89000,1,300
89000,1,300
89000,1,300
89000,1,300
89000,1,300
89005,1,300
89005,1,300
89005,1,300
89005,1,300
89016,1,300
89016,1,300
89016,1,300
89016,1,300
89023,1,300
89023,1,300
89023,1,300
89023,1,300
89023,1,300
89023,1,300
89023,1,300
89023,1,300
89023,1,300
89023,1,300
89023,1,300
89032,1,300
90000,1,300
90000,1,300
90000,1,300
90000,1,300
90000,1,300
90001,1,300
90001,1,300
90001,1,300
90001,1,300
90001,1,300
90001,1,300
90001,1,300
90001,1,300
90001,1,300
90001,1,300
90012,1,300
90012,1,300
90012,1,300
90012,1,300
90013,1,300
90013,1,300
90013,1,300
90015,1,300
90015,1,300
90018,1,300
90018,1,300
90019,1,300
90019,1,300
90019,1,300
90019,1,300
91002,1,300
91003,1,300
91012,1,300
91012,1,300
91012,1,300
91012,1,300
91012,1,300
91012,1,300
91012,1,300
91012,1,300
91021,1,300
91022,1,300
91022,1,300
91022,1,300
91022,1,300
91022,1,300
91022,1,300
91028,1,300
91030,1,300
91030,1,300
91030,1,300
91030,1,300
91030,1,300
91030,1,300
91088,1,300
91088,1,300
91088,1,300
91090,1,300
91091,1,300
92021,1,300
92022,1,300
92022,1,300
92022,1,300
92022,1,300
92022,1,300
92024,1,300
92035,1,300
92035,1,300
92035,1,300
92035,1,300
92035,1,300
92035,1,300
92035,1,300
92035,1,300
92036,1,300
92039,1,300
92039,1,300
92040,1,300
92040,1,300
92042,1,300
92042,1,300
92042,1,300
92044,1,300
92044,1,300
92044,1,300
92045,1,300
92045,1,300
92056,1,300
92056,1,300
92056,1,300
92056,1,300
92056,1,300
92056,1,300
92057,1,300
92061,1,300
92061,1,300
92062,1,300
92062,1,300
92066,1,300
92066,1,300
92066,1,300
92073,1,300
92073,1,300
92082,1,300
93000,1,300
93007,1,300
93007,1,300
93007,1,300
93008,1,300
93008,1,300
93008,1,300
93009,1,300
93010,1,300
93016,1,300
93016,1,300
93017,1,300
93017,1,300
93017,1,300
93017,1,300
93017,1,300
93017,1,300
93017,1,300
93017,1,300
93018,1,300
93020,1,300
93020,1,300
93020,1,300
93020,1,300
93021,1,300
93021,1,300
93021,1,300
93021,1,300
93021,1,300
93022,1,300
93022,1,300
93022,1,300
93022,1,300
94000,1,300
94000,1,300
94000,1,300
94007,1,300
94007,1,300
94007,1,300
94007,1,300
94007,1,300
94007,1,300
94007,1,300
94007,1,300
94007,1,300
94007,1,300
94007,1,300
94007,1,300
94007,1,300
94026,1,300
94045,1,300
94045,1,300
94045,1,300
94045,1,300
94045,1,300
94045,1,300
94063,1,300
94063,1,300
94063,1,300
94064,1,300
94064,1,300
94068,1,300
94068,1,300
94068,1,300
94068,1,300
94068,1,300
95000,1,300
95000,1,300
95000,1,300
95000,1,300
95001,1,300
95001,1,300
95001,1,300
95001,1,300
95001,1,300
95001,1,300
95001,1,300
95002,1,300
95015,1,300
95019,1,300
95019,1,300
95089,1,300
95089,1,300
95089,1,300
95090,1,300
95094,1,300
95095,1,300
95099,1,300
95099,1,300
95099,1,300
95099,1,300
95099,1,300
95101,1,300
95101,1,300
95110,1,300
95110,1,300
95111,1,300
95113,1,300
96002,1,300
96042,1,300
96042,1,300
96042,1,300
96048,1,300
96048,1,300
96048,1,300
96050,1,300
96050,1,300
96050,1,300
96050,1,300
96085,1,300
96085,1,300
96086,1,300
96086,1,300
96086,1,300
96088,1,300
96091,1,300
96091,1,300
96097,1,300
96102,1,300
96102,1,300
96102,1,300
96114,1,300
96114,1,300
96114,1,300
96116,1,300
96119,1,300
96125,1,300
96125,1,300
97000,1,300
97000,1,300
97000,1,300
97001,1,300
97003,1,300
97003,1,300
97005,1,300
97026,1,300
97026,1,300
97047,1,300
97047,1,300
97047,1,300
97047,1,300
97047,1,300
97063,1,300
97063,1,300
97070,1,300
97074,1,300
97074,1,300
97074,1,300
97074,1,300
97074,1,300
97074,1,300
97088,1,300
97088,1,300
97088,1,300
97104,1,300
97111,1,300
97111,1,300
97111,1,300
97111,1,300
98000,1,300
98000,1,300
98000,1,300
98020,1,300
98020,1,300
98020,1,300
98020,1,300
98021,1,300
98028,1,300
98028,1,300
98028,1,300
98028,1,300
98029,1,300
98030,1,300
98030,1,300
98030,1,300
98030,1,300
98030,1,300
98070,1,300
98070,1,300
98070,1,300
98070,1,300
98070,1,300
98070,1,300
98070,1,300
98072,1,300
98072,1,300
98072,1,300
98078,1,300
98079,1,300
99000,1,300
99001,1,300
99062,1,300
99083,1,300
99087,1,300
99096,1,300
99096,1,300
99096,1,300
99104,1,300
99104,1,300
99104,1,300
99107,1,300
99107,1,300
99122,1,300
99122,1,300
99125,1,300
99125,1,300
99125,1,300
99125,1,300
99125,1,300
99125,1,300
99125,1,300
99125,1,300
99125,1,300
99125,1,300
99125,1,300
99125,1,300
99140,1,300
99155,1,300
99155,1,300
99161,1,300
100052,1,300
100056,1,300
100056,1,300
100056,1,300
100056,1,300
100056,1,300
100056,1,300
100056,1,300
100056,1,300
100056,1,300
100056,1,300
100056,1,300
100057,1,300
100058,1,300
100058,1,300
100058,1,300
100058,1,300
100058,1,300
100059,1,300
100059,1,300
100059,1,300
100059,1,300
100129,1,300
100129,1,300
100129,1,300
100129,1,300
100131,1,300
101000,1,300
101000,1,300
101000,1,300
101000,1,300
101008,1,300
101008,1,300
101008,1,300
101008,1,300
101026,1,300
101026,1,300
101026,1,300
101026,1,300
101026,1,300
101026,1,300
101026,1,300
101026,1,300
101026,1,300
101050,1,300
101050,1,300
101064,1,300
101064,1,300
101064,1,300
101067,1,300
101067,1,300
101067,1,300
101067,1,300
101072,1,300
101082,1,300
101082,1,300
102001,1,300
102004,1,300
102004,1,300
102004,1,300
102004,1,300
102004,1,300
102004,1,300
102004,1,300
102004,1,300
102004,1,300
102005,1,300
102005,1,300
102005,1,300
102010,1,300
102010,1,300
102010,1,300
102011,1,300
102011,1,300
102015,1,300
102015,1,300
102015,1,300
102015,1,300
102015,1,300
102023,1,300
102023,1,300
102023,1,300
102023,1,300
103000,1,300
103001,1,300
103039,1,300
103039,1,300
103039,1,300
103039,1,300
103039,1,300
103039,1,300
103043,1,300
103052,1,300
103055,1,300
103064,1,300
103064,1,300
103064,1,300
103064,1,300
103065,1,300
103065,1,300
103065,1,300
103138,1,300
103138,1,300
103138,1,300
103138,1,300
103138,1,300
103139,1,300
103213,1,300
103213,1,300
103214,1,300
104000,1,300
104000,1,300
104000,1,300
104000,1,300
104000,1,300
104000,1,300
104001,1,300
104001,1,300
104011,1,300
104014,1,300
104014,1,300
104033,1,300
104033,1,300
104033,1,300
104033,1,300
104033,1,300
104033,1,300
104033,1,300
104035,1,300
104035,1,300
104035,1,300
104035,1,300
104035,1,300
104035,1,300
104041,1,300
104044,1,300
104044,1,300
104044,1,300
104044,1,300
104044,1,300
104044,1,300
104044,1,300
104044,1,300
105004,1,300
105011,1,300
105011,1,300
105017,1,300
105017,1,300
105017,1,300
105017,1,300
105017,1,300
105017,1,300
105018,1,300
105023,1,300
105023,1,300
105023,1,300
105023,1,300
105023,1,300
105023,1,300
105023,1,300
105023,1,300
105023,1,300
105023,1,300
105023,1,300
105030,1,300
105116,1,300
105118,1,300
105149,1,300
106000,1,300
106006,1,300
106006,1,300
106006,1,300
106006,1,300
106006,1,300
106006,1,300
106028,1,300
106028,1,300
106028,1,300
106028,1,300
106028,1,300
106028,1,300
106028,1,300
106029,1,300
106030,1,300
106030,1,300
106030,1,300
106038,1,300
106039,1,300
106039,1,300
106039,1,300
106040,1,300
106040,1,300
107000,1,300
107056,1,300
107056,1,300
107056,1,300
107080,1,300
107080,1,300
107100,1,300
107135,1,300
107135,1,300
107145,1,300
107145,1,300
107145,1,300
107145,1,300
107301,1,300
107301,1,300
107301,1,300
107301,1,300
107301,1,300
107301,1,300
107301,1,300
107301,1,300
107314,1,300
107314,1,300
108000,1,300
108000,1,300
108000,1,300
108001,1,300
108001,1,300
108005,1,300
108005,1,300
108005,1,300
108009,1,300
108009,1,300
108010,1,300
108052,1,300
108052,1,300
108052,1,300
108052,1,300
108052,1,300
108052,1,300
108064,1,300
108064,1,300
108099,1,300
108099,1,300
108100,1,300
109000,1,300
109001,1,300
109001,1,300
109001,1,300
109001,1,300
109001,1,300
109001,1,300
109001,1,300
109010,1,300
109010,1,300
109010,1,300
109010,1,300
109011,1,300
109022,1,300
109023,1,300
109023,1,300
109023,1,300
109023,1,300
109031,1,300
109031,1,300
109031,1,300
109037,1,300
109037,1,300
109053,1,300
110004,1,300
110004,1,300
110004,1,300
110004,1,300
110010,1,300
110010,1,300
110030,1,300
110030,1,300
110036,1,300
110036,1,300
110036,1,300
110036,1,300
110036,1,300
110036,1,300
110036,1,300
110041,1,300
110041,1,300
110042,1,300
110042,1,300
110042,1,300
110045,1,300
110045,1,300
110045,1,300
110045,1,300
111000,1,300
111001,1,300
111001,1,300
111001,1,300
111001,1,300
111001,1,300
111001,1,300
111001,1,300
111001,1,300
111006,1,300
111007,1,300
111011,1,300
111014,1,300
111014,1,300
111015,1,300
111015,1,300
111015,1,300
111015,1,300
111015,1,300
111015,1,300
111015,1,300
111021,1,300
111023,1,300
111023,1,300
112000,1,300
112000,1,300
112000,1,300
112000,1,300
112000,1,300
112018,1,300
112018,1,300
112021,1,300
112030,1,300
112030,1,300
112030,1,300
112030,1,300
112030,1,300
112030,1,300
112030,1,300
112032,1,300
112032,1,300
112032,1,300
112032,1,300
112040,1,300
112040,1,300
113000,1,300
113000,1,300
113002,1,300
113002,1,300
113002,1,300
113002,1,300
113002,1,300
113003,1,300
113003,1,300
113004,1,300
113004,1,300
113004,1,300
113008,1,300
113008,1,300
113078,1,300
113078,1,300
113080,1,300
113088,1,300
113088,1,300
113100,1,300
113100,1,300
114000,1,300
114023,1,300
114023,1,300
114023,1,300
114023,1,300
114023,1,300
114028,1,300
114028,1,300
114031,1,300
114087,1,300
114087,1,300
114087,1,300
114087,1,300
114087,1,300
114087,1,300
114087,1,300
114087,1,300
114087,1,300
114087,1,300
114087,1,300
114087,1,300
115000,1,300
115000,1,300
115002,1,300
115002,1,300
115002,1,300
115002,1,300
115002,1,300
115002,1,300
115002,1,300
115002,1,300
115002,1,300
115002,1,300
115011,1,300
115015,1,300
115016,1,300
115032,1,300
115045,1,300
115045,1,300
115045,1,300
115045,1,300
115045,1,300
115047,1,300
116015,1,300
116015,1,300
116015,1,300
116015,1,300
116024,1,300
116025,1,300
116025,1,300
116025,1,300
116025,1,300
116025,1,300
116031,1,300
116033,1,300
116033,1,300
116033,1,300
116034,1,300
116052,1,300
116052,1,300
116059,1,300
116059,1,300
116060,1,300
116060,1,300
116060,1,300
116060,1,300
117000,1,300
117016,1,300
117016,1,300
117016,1,300
117016,1,300
117016,1,300
117016,1,300
117016,1,300
117016,1,300
117017,1,300
117017,1,300
117017,1,300
117017,1,300
117017,1,300
117017,1,300
117019,1,300
117019,1,300
118000,1,300
118001,1,300
118016,1,300
118018,1,300
118018,1,300
118018,1,300
118018,1,300
118018,1,300
118018,1,300
118018,1,300
118018,1,300
118027,1,300
118040,1,300
118040,1,300
118072,1,300
118072,1,300
118072,1,300
119000,1,300
119000,1,300
119001,1,300
119033,1,300
119034,1,300
119034,1,300
119034,1,300
119035,1,300
119035,1,300
119035,1,300
119035,1,300
119050,1,300
119058,1,300
119058,1,300
119058,1,300
119058,1,300
120000,1,300
120003,1,300
120030,1,300
120030,1,300
120047,1,300
120050,1,300
120050,1,300
120050,1,300
120050,1,300
120050,1,300
120050,1,300
120116,1,300
120116,1,300
120132,1,300
120132,1,300
120133,1,300
121000,1,300
121000,1,300
121040,1,300
121040,1,300
121040,1,300
121045,1,300
121048,1,300
121048,1,300
121055,1,300
121108,1,300
121109,1,300
121109,1,300
121109,1,300
121109,1,300
121109,1,300
121126,1,300
122000,1,300
122000,1,300
122000,1,300
122000,1,300
122013,1,300
122022,1,300
122022,1,300
122037,1,300
122174,1,300
122174,1,300
122174,1,300
122174,1,300
122177,1,300
122209,1,300
122209,1,300
123000,1,300
123000,1,300
123003,1,300
123004,1,300
123010,1,300
123010,1,300
123010,1,300
123044,1,300
123044,1,300
123044,1,300
123044,1,300
123162,1,300
123162,1,300
123253,1,300
123253,1,300
123253,1,300
124000,1,300
124008,1,300
124008,1,300
124008,1,300
124009,1,300
124009,1,300
124009,1,300
124024,1,300
124024,1,300
124024,1,300
124024,1,300
124024,1,300
124033,1,300
125000,1,300
125191,1,300
125191,1,300
125191,1,300
125191,1,300
125191,1,300
125191,1,300
125191,1,300
125196,1,300
125196,1,300
125196,1,300
125196,1,300
125196,1,300
125196,1,300
126000,1,300
126000,1,300
126000,1,300
126134,1,300
126134,1,300
126134,1,300
126135,1,300
126135,1,300
126136,1,300
126138,1,300
126138,1,300
126138,1,300
126140,1,300
126141,1,300
127000,1,300
127000,1,300
127002,1,300
127007,1,300
127023,1,300
127023,1,300
127023,1,300
127023,1,300
127024,1,300
127024,1,300
127024,1,300
127024,1,300
127024,1,300
128000,1,300
128000,1,300
128000,1,300
128000,1,300
128000,1,300
128000,1,300
128000,1,300
128000,1,300
128005,1,300
128005,1,300
128005,1,300
128005,1,300
128017,1,300
128019,1,300
128019,1,300
128019,1,300
128019,1,300
129000,1,300
129000,1,300
129000,1,300
129001,1,300
129007,1,300
129027,1,300
129050,1,300
129191,1,300
129191,1,300
129206,1,300
129206,1,300
129206,1,300
130000,1,300
130021,1,300
130021,1,300
130031,1,300
130031,1,300
130031,1,300
130032,1,300
130044,1,300
130044,1,300
130044,1,300
130044,1,300
130055,1,300
131007,1,300
131007,1,300
131050,1,300
131050,1,300
131050,1,300
131050,1,300
131050,1,300
131052,1,300
131053,1,300
131060,1,300
131227,1,300
132008,1,300
132039,1,300
132057,1,300
132057,1,300
132057,1,300
132057,1,300
132057,1,300
132057,1,300
133000,1,300
133000,1,300
133000,1,300
133000,1,300
133000,1,300
133000,1,300
133006,1,300
133007,1,300
133007,1,300
133011,1,300
134000,1,300
134006,1,300
134008,1,300
134030,1,300
134031,1,300
134031,1,300
134031,1,300
134031,1,300
134031,1,300
135001,1,300
135001,1,300
135001,1,300
135005,1,300
135005,1,300
135005,1,300
135005,1,300
135007,1,300
135007,1,300
135007,1,300
135007,1,300
136000,1,300
136003,1,300
136003,1,300
136003,1,300
136003,1,300
136003,1,300
136011,1,300
136011,1,300
136011,1,300
137000,1,300
137000,1,300
137076,1,300
137262,1,300
137262,1,300
137267,1,300
137267,1,300
137267,1,300
137267,1,300
138000,1,300
138011,1,300
138011,1,300
138011,1,300
138015,1,300
138015,1,300
138081,1,300
138081,1,300
138092,1,300
138096,1,300
139000,1,300
139001,1,300
139001,1,300
139004,1,300
139004,1,300
139004,1,300
139006,1,300
140002,1,300
140002,1,300
140002,1,300
140002,1,300
140003,1,300
140010,1,300
140010,1,300
140010,1,300
140010,1,300
140010,1,300
140018,1,300
140018,1,300
141002,1,300
141002,1,300
141012,1,300
141037,1,300
141077,1,300
141091,1,300
142000,1,300
142134,1,300
142135,1,300
142136,1,300
142136,1,300
142136,1,300
143002,1,300
143006,1,300
143009,1,300
143025,1,300
143168,1,300
143196,1,300
144024,1,300
144025,1,300
144025,1,300
144025,1,300
144025,1,300
144025,1,300
144031,1,300
144032,1,300
145000,1,300
145000,1,300
145000,1,300
145000,1,300
145001,1,300
145001,1,300
145001,1,300
146000,1,300
146000,1,300
146000,1,300
146025,1,300
146031,1,300
146031,1,300
147002,1,300
147004,1,300
147004,1,300
147010,1,300
147021,1,300
147052,1,300
147052,1,300
147052,1,300
148000,1,300
148000,1,300
148000,1,300
148000,1,300
148000,1,300
149000,1,300
149000,1,300
149170,1,300
149170,1,300
149332,1,300
150000,1,300
150000,1,300
150006,1,300
150111,1,300
150132,1,300
151003,1,300
151003,1,300
151018,1,300
152003,1,300
152004,1,300
152004,1,300
152005,1,300
152005,1,300
152015,1,300
152017,1,300
152017,1,300
152023,1,300
152026,1,300
153000,1,300
153000,1,300
153001,1,300
153003,1,300
153003,1,300
153003,1,300
153003,1,300
154001,1,300
154001,1,300
154001,1,300
154001,1,300
154001,1,300
155014,1,300
155027,1,300
155027,1,300
155027,1,300
155034,1,300
156000,1,300
156118,1,300
156951,1,300
157000,1,300
157000,1,300
157014,1,300
157014,1,300
157017,1,300
158072,1,300
158072,1,300
158229,1,300
158229,1,300
158229,1,300
158236,1,300
159000,1,300
159000,1,300
159000,1,300
159000,1,300
159000,1,300
159000,1,300
159000,1,300
159000,1,300
160777,1,300
160915,1,300
161057,1,300
161059,1,300
161059,1,300
162000,1,300
162000,1,300
163004,1,300
163007,1,300
163007,1,300
164000,1,300
164002,1,300
164011,1,300
164011,1,300
164011,1,300
164041,1,300
164041,1,300
164041,1,300
164058,1,300
164058,1,300
164058,1,300
165000,1,300
165000,1,300
165000,1,300
165000,1,300
165038,1,300
165038,1,300
166000,1,300
166004,1,300
166004,1,300
166005,1,300
166005,1,300
166006,1,300
167000,1,300
167000,1,300
167002,1,300
167002,1,300
167002,1,300
168000,1,300
168000,1,300
168000,1,300
169007,1,300
169009,1,300
169009,1,300
169009,1,300
169010,1,300
170000,1,300
170000,1,300
170004,1,300
170004,1,300
171006,1,300
171008,1,300
171028,1,300
171029,1,300
171088,1,300
172000,1,300
172000,1,300
172001,1,300
173000,1,300
173003,1,300
173003,1,300
174000,1,300
174048,1,300
174137,1,300
174138,1,300
175000,1,300
175000,1,300
176002,1,300
176019,1,300
176019,1,300
176087,1,300
176087,1,300
176087,1,300
176087,1,300
176088,1,300
176088,1,300
176088,1,300
176088,1,300
176088,1,300
177000,1,300
177000,1,300
177000,1,300
177000,1,300
177042,1,300
177042,1,300
178000,1,300
178002,1,300
178002,1,300
178002,1,300
178002,1,300
178005,1,300
179326,1,300
179326,1,300
179328,1,300
179367,1,300
180000,1,300
180000,1,300
180048,1,300
181000,1,300
181000,1,300
181001,1,300
181001,1,300
182000,1,300
182000,1,300
182006,1,300
182008,1,300
182008,1,300
183006,1,300
183066,1,300
183066,1,300
183211,1,300
183211,1,300
183211,1,300
183211,1,300
184000,1,300
184003,1,300
184003,1,300
184022,1,300
185000,1,300
185000,1,300
185667,1,300
186000,1,300
186000,1,300
186000,1,300
186000,1,300
186001,1,300
187000,1,300
187000,1,300
187073,1,300
188008,1,300
188008,1,300
188008,1,300
188008,1,300
188011,1,300
188011,1,300
188011,1,300
188011,1,300
188011,1,300
188011,1,300
188011,1,300
189000,1,300
189031,1,300
189031,1,300
189311,1,300
189316,1,300
190041,1,300
190049,1,300
190052,1,300
190053,1,300
191000,1,300
191000,1,300
191068,1,300
191083,1,300
191086,1,300
191086,1,300
191087,1,300
192006,1,300
192022,1,300
192025,1,300
192039,1,300
193000,1,300
193000,1,300
193005,1,300
193005,1,300
193008,1,300
194000,1,300
194129,1,300
194130,1,300
194130,1,300
194130,1,300
195001,1,300
195002,1,300
195002,1,300
195006,1,300
195039,1,300
195042,1,300
196000,1,300
196000,1,300
196000,1,300
196000,1,300
197000,1,300
197019,1,300
197019,1,300
197023,1,300
198000,1,300
198002,1,300
198549,1,300
198549,1,300
199000,1,300
199000,1,300
199000,1,300
200000,1,300
200000,1,300
200006,1,300
200045,1,300
200045,1,300
200045,1,300
200070,1,300
200070,1,300
200070,1,300
200072,1,300
200072,1,300
200072,1,300
200072,1,300
200072,1,300
200074,1,300
201065,1,300
201065,1,300
201065,1,300
201065,1,300
201066,1,300
201066,1,300
202000,1,300
202000,1,300
202000,1,300
202011,1,300
202020,1,300
202044,1,300
203000,1,300
203000,1,300
203056,1,300
203057,1,300
203057,1,300
203057,1,300
204000,1,300
204000,1,300
204055,1,300
204056,1,300
204056,1,300
204079,1,300
205000,1,300
205000,1,300
205095,1,300
205095,1,300
205095,1,300
205624,1,300
206046,1,300
206046,1,300
206058,1,300
206059,1,300
206059,1,300
206059,1,300
206059,1,300
207000,1,300
207017,1,300
207018,1,300
207018,1,300
207018,1,300
207138,1,300
207138,1,300
208000,1,300
208006,1,300
208006,1,300
209000,1,300
209006,1,300
209006,1,300
209006,1,300
210120,1,300
210120,1,300
210147,1,300
210149,1,300
210170,1,300
211000,1,300
211000,1,300
211002,1,300
211002,1,300
211004,1,300
211009,1,300
212000,1,300
212000,1,300
212001,1,300
212001,1,300
212006,1,300
212006,1,300
212006,1,300
212017,1,300
212017,1,300
212023,1,300
212053,1,300
212063,1,300
212063,1,300
212063,1,300
213000,1,300
213001,1,300
213001,1,300
213007,1,300
213047,1,300
213047,1,300
213047,1,300
213047,1,300
213047,1,300
214000,1,300
214001,1,300
214012,1,300
214012,1,300
214117,1,300
214117,1,300
214118,1,300
215000,1,300
215000,1,300
215083,1,300
215083,1,300
215083,1,300
215083,1,300
216000,1,300
216000,1,300
216001,1,300
216006,1,300
216006,1,300
216006,1,300
216006,1,300
217050,1,300
217051,1,300
217051,1,300
217056,1,300
217057,1,300
217075,1,300
218008,1,300
218010,1,300
218010,1,300
218010,1,300
218010,1,300
218010,1,300
218010,1,300
219000,1,300
219000,1,300
219000,1,300
219000,1,300
219000,1,300
219000,1,300
219017,1,300
219020,1,300
220000,1,300
220000,1,300
220002,1,300
220011,1,300
220011,1,300
220091,1,300
221000,1,300
221000,1,300
221052,1,300
221056,1,300
221056,1,300
221068,1,300
222000,1,300
222000,1,300
222000,1,300
222000,1,300
222000,1,300
222000,1,300
222000,1,300
223000,1,300
223000,1,300
223000,1,300
223000,1,300
223000,1,300
223000,1,300
223013,1,300
224000,1,300
224000,1,300
224004,1,300
224005,1,300
224005,1,300
224005,1,300
224005,1,300
224005,1,300
224005,1,300
224005,1,300
224005,1,300
224005,1,300
224005,1,300
224005,1,300
224005,1,300
224019,1,300
224033,1,300
225000,1,300
225000,1,300
225000,1,300
225003,1,300
225004,1,300
225004,1,300
225008,1,300
225008,1,300
225008,1,300
225008,1,300
225010,1,300
225013,1,300
225013,1,300
226000,1,300
226000,1,300
226007,1,300
226009,1,300
226009,1,300
226009,1,300
226009,1,300
226009,1,300
226017,1,300
226018,1,300
226021,1,300
226021,1,300
226021,1,300
227000,1,300
227006,1,300
227028,1,300
227028,1,300
227031,1,300
227037,1,300
227038,1,300
227039,1,300
227042,1,300
227130,1,300
227130,1,300
227130,1,300
227130,1,300
228000,1,300
228009,1,300
228009,1,300
228012,1,300
228012,1,300
228013,1,300
228013,1,300
228013,1,300
228014,1,300
228014,1,300
228014,1,300
229000,1,300
229019,1,300
229019,1,300
229019,1,300
229035,1,300
229035,1,300
229035,1,300
229089,1,300
229113,1,300
229113,1,300
229113,1,300
230001,1,300
230001,1,300
230001,1,300
230001,1,300
230002,1,300
230002,1,300
230002,1,300
230002,1,300
230002,1,300
230004,1,300
230004,1,300
230004,1,300
230004,1,300
231000,1,300
231000,1,300
231013,1,300
231020,1,300
231020,1,300
231020,1,300
231020,1,300
231020,1,300
231021,1,300
231021,1,300
231021,1,300
232000,1,300
232000,1,300
232001,1,300
232001,1,300
232001,1,300
232001,1,300
232001,1,300
232046,1,300
232064,1,300
232065,1,300
233001,1,300
233052,1,300
233052,1,300
233112,1,300
233151,1,300
233152,1,300
233152,1,300
233154,1,300
233154,1,300
233186,1,300
234000,1,300
234000,1,300
234000,1,300
234000,1,300
234000,1,300
234000,1,300
234000,1,300
234000,1,300
234008,1,300
234066,1,300
234066,1,300
235000,1,300
235003,1,300
235003,1,300
235003,1,300
235010,1,300
235010,1,300
235082,1,300
235082,1,300
235082,1,300
235082,1,300
235087,1,300
236000,1,300
236000,1,300
236000,1,300
236000,1,300
236072,1,300
236072,1,300
236072,1,300
236072,1,300
236072,1,300
236072,1,300
236072,1,300
236072,1,300
236072,1,300
236072,1,300
236072,1,300
236072,1,300
236073,1,300
236073,1,300
236079,1,300
236079,1,300
236079,1,300
237000,1,300
237018,1,300
237022,1,300
237022,1,300
237022,1,300
237023,1,300
237032,1,300
237153,1,300
237154,1,300
237154,1,300
237156,1,300
237169,1,300
237179,1,300
238088,1,300
238088,1,300
238089,1,300
238095,1,300
238095,1,300
238095,1,300
238095,1,300
238103,1,300
238103,1,300
238103,1,300
238103,1,300
238109,1,300
238118,1,300
239000,1,300
239001,1,300
239001,1,300
239001,1,300
239006,1,300
239006,1,300
239006,1,300
239016,1,300
239016,1,300
239022,1,300
239022,1,300
239065,1,300
239079,1,300
239159,1,300
240000,1,300
240000,1,300
240000,1,300
240000,1,300
240013,1,300
240059,1,300
240059,1,300
240059,1,300
240059,1,300
240059,1,300
240059,1,300
240064,1,300
241000,1,300
241000,1,300
241000,1,300
241002,1,300
241002,1,300
241002,1,300
241002,1,300
241003,1,300
241004,1,300
241004,1,300
241004,1,300
241004,1,300
242042,1,300
242042,1,300
242042,1,300
242043,1,300
242043,1,300
242043,1,300
242043,1,300
242043,1,300
242044,1,300
242044,1,300
242044,1,300
242044,1,300
242044,1,300
242047,1,300
243000,1,300
243010,1,300
243010,1,300
243010,1,300
243010,1,300
243016,1,300
243016,1,300
243016,1,300
243016,1,300
243018,1,300
243180,1,300
243180,1,300
243181,1,300
243181,1,300
244000,1,300
244000,1,300
244000,1,300
244000,1,300
244001,1,300
244033,1,300
244033,1,300
244091,1,300
244199,1,300
244278,1,300
244278,1,300
244278,1,300
245002,1,300
245067,1,300
245067,1,300
245067,1,300
245081,1,300
245081,1,300
245081,1,300
245081,1,300
245081,1,300
245332,1,300
245332,1,300
246009,1,300
246009,1,300
246009,1,300
246009,1,300
246009,1,300
246009,1,300
246009,1,300
246014,1,300
246014,1,300
246206,1,300
247000,1,300
247001,1,300
247001,1,300
247059,1,300
247059,1,300
247059,1,300
247059,1,300
247059,1,300
247069,1,300
248000,1,300
248000,1,300
248000,1,300
248000,1,300
248000,1,300
248045,1,300
248045,1,300
248045,1,300
248045,1,300
248045,1,300
248047,1,300
248047,1,300
248057,1,300
248058,1,300
248058,1,300
248060,1,300
248061,1,300
249000,1,300
249000,1,300
249000,1,300
249002,1,300
249002,1,300
249002,1,300
249002,1,300
249002,1,300
249002,1,300
249070,1,300
249070,1,300
250000,1,300
250000,1,300
250002,1,300
250002,1,300
250002,1,300
250102,1,300
250102,1,300
250102,1,300
250102,1,300
250109,1,300
251111,1,300
251157,1,300
251169,1,300
251169,1,300
251169,1,300
251169,1,300
251169,1,300
251272,1,300
251272,1,300
251273,1,300
251292,1,300
252037,1,300
252047,1,300
252207,1,300
252207,1,300
252207,1,300
252255,1,300
252255,1,300
252271,1,300
252271,1,300
252271,1,300
253000,1,300
253000,1,300
253002,1,300
253002,1,300
253003,1,300
253011,1,300
253014,1,300
253014,1,300
253014,1,300
253017,1,300
254000,1,300
254000,1,300
254105,1,300
254105,1,300
254105,1,300
254105,1,300
254105,1,300
254139,1,300
254139,1,300
254139,1,300
255001,1,300
255001,1,300
255010,1,300
255010,1,300
255010,1,300
255010,1,300
255011,1,300
255011,1,300
255011,1,300
255011,1,300
255012,1,300
255028,1,300
256000,1,300
256000,1,300
256004,1,300
256004,1,300
256004,1,300
256040,1,300
256040,1,300
256040,1,300
256040,1,300
257000,1,300
257000,1,300
257000,1,300
257000,1,300
257000,1,300
257003,1,300
257003,1,300
257263,1,300
257263,1,300
257263,1,300
258058,1,300
258058,1,300
258058,1,300
258058,1,300
258066,1,300
258066,1,300
258104,1,300
258104,1,300
258104,1,300
259001,1,300
259002,1,300
259002,1,300
259002,1,300
259047,1,300
259047,1,300
259049,1,300
259049,1,300
259049,1,300
260000,1,300
260000,1,300
260011,1,300
260011,1,300
260011,1,300
260011,1,300
260043,1,300
260043,1,300
260164,1,300
260169,1,300
260169,1,300
260169,1,300
260169,1,300
261090,1,300
261090,1,300
261090,1,300
261157,1,300
261157,1,300
261157,1,300
261164,1,300
262000,1,300
262000,1,300
262000,1,300
262000,1,300
262000,1,300
262000,1,300
262106,1,300
262106,1,300
263000,1,300
263000,1,300
263056,1,300
263056,1,300
263056,1,300
263056,1,300
263057,1,300
263057,1,300
264001,1,300
264001,1,300
264001,1,300
264041,1,300
264069,1,300
265019,1,300
265085,1,300
265085,1,300
265085,1,300
265086,1,300
265086,1,300
266000,1,300
266000,1,300
266000,1,300
266001,1,300
266001,1,300
266006,1,300
267008,1,300
267008,1,300
267008,1,300
267008,1,300
267008,1,300
268010,1,300
268010,1,300
268010,1,300
268087,1,300
269005,1,300
269005,1,300
269005,1,300
269005,1,300
270000,1,300
270001,1,300
270002,1,300
270002,1,300
271000,1,300
271008,1,300
271317,1,300
272000,1,300
272008,1,300
272008,1,300
273000,1,300
273000,1,300
273012,1,300
273015,1,300
274000,1,300
274001,1,300
274001,1,300
274001,1,300
275531,1,300
275531,1,300
275616,1,300
276000,1,300
276002,1,300
276282,1,300
277501,1,300
278073,1,300
278607,1,300
279000,1,300
279175,1,300
280000,1,300
280000,1,300
280007,1,300
281328,1,300
281328,1,300
281962,1,300
282001,1,300
282001,1,300
282001,1,300
282001,1,300
282002,1,300
282018,1,300
282018,1,300
282018,1,300
282018,1,300
282018,1,300
282253,1,300
283000,1,300
283000,1,300
283194,1,300
283195,1,300
283205,1,300
284020,1,300
284024,1,300
284024,1,300
285000,1,300
285004,1,300
285004,1,300
286000,1,300
286000,1,300
286000,1,300
287006,1,300
287137,1,300
287146,1,300
288105,1,300
288106,1,300
288106,1,300
289037,1,300
289037,1,300
289037,1,300
