19,1,300
29,1,300
63,1,300
70,1,300
637,1,300
637,1,300
681,1,300
681,1,300
1000,1,300
1003,1,300
1004,1,300
1005,1,300
1006,1,300
1006,1,300
1006,1,300
2000,1,300
2000,1,300
2000,1,300
2000,1,300
2000,1,300
2000,1,300
3000,1,300
3000,1,300
3000,1,300
3000,1,300
3000,1,300
3000,1,300
3008,1,300
4001,1,300
4001,1,300
4001,1,300
4001,1,300
4001,1,300
4002,1,300
4002,1,300
4082,1,300
5000,1,300
5002,1,300
5002,1,300
5002,1,300
5021,1,300
5032,1,300
6000,1,300
6000,1,300
6000,1,300
6078,1,300
6078,1,300
6078,1,300
7001,1,300
7144,1,300
7144,1,300
7182,1,300
7182,1,300
7182,1,300
8000,1,300
8050,1,300
8224,1,300
8252,1,300
8254,1,300
9002,1,300
9049,1,300
9077,1,300
9079,1,300
9079,1,300
9079,1,300
9079,1,300
9079,1,300
9079,1,300
9079,1,300
9082,1,300
9082,1,300
9082,1,300
9082,1,300
9082,1,300
9082,1,300
10003,1,300
10003,1,300
10003,1,300
10003,1,300
10003,1,300
10003,1,300
10005,1,300
10005,1,300
10048,1,300
10095,1,300
11000,1,300
11038,1,300
11038,1,300
11038,1,300
11073,1,300
11073,1,300
11073,1,300
11074,1,300
12015,1,300
12018,1,300
12018,1,300
12023,1,300
12023,1,300
12023,1,300
12024,1,300
12024,1,300
12026,1,300
13000,1,300
13062,1,300
13062,1,300
13062,1,300
13068,1,300
13132,1,300
13134,1,300
14000,1,300
14000,1,300
14000,1,300
14002,1,300
14002,1,300
14002,1,300
14003,1,300
14005,1,300
14005,1,300
14005,1,300
14039,1,300
14039,1,300
14040,1,300
15000,1,300
15000,1,300
15000,1,300
15000,1,300
15000,1,300
15004,1,300
15107,1,300
16001,1,300
16004,1,300
16009,1,300
16009,1,300
16010,1,300
16010,1,300
16087,1,300
17001,1,300
17041,1,300
17041,1,300
18000,1,300
18004,1,300
18004,1,300
18375,1,300
18375,1,300
19824,1,300
19824,1,300
19824,1,300
19824,1,300
20000,1,300
20000,1,300
20001,1,300
20001,1,300
20001,1,300
20006,1,300
20006,1,300
20008,1,300
20008,1,300
20012,1,300
20012,1,300
20012,1,300
20012,1,300
20012,1,300
20012,1,300
20012,1,300
20012,1,300
20018,1,300
20019,1,300
21000,1,300
21000,1,300
21021,1,300
21021,1,300
21022,1,300
21022,1,300
21025,1,300
21025,1,300
21070,1,300
21070,1,300
21084,1,300
21084,1,300
22000,1,300
22000,1,300
22000,1,300
22011,1,300
22011,1,300
22011,1,300
22011,1,300
22011,1,300
22011,1,300
22012,1,300
23039,1,300
23039,1,300
23049,1,300
23049,1,300
23056,1,300
23056,1,300
23056,1,300
23056,1,300
23056,1,300
23056,1,300
23056,1,300
23056,1,300
24000,1,300
24000,1,300
24000,1,300
24021,1,300
24025,1,300
24025,1,300
25000,1,300
25000,1,300
25026,1,300
25026,1,300
25026,1,300
25026,1,300
25026,1,300
25026,1,300
26000,1,300
26000,1,300
26055,1,300
26055,1,300
26055,1,300
26060,1,300
26084,1,300
26084,1,300
26172,1,300
26172,1,300
27001,1,300
27001,1,300
27005,1,300
27005,1,300
27005,1,300
27005,1,300
27056,1,300
27067,1,300
27067,1,300
27067,1,300
27072,1,300
28000,1,300
28001,1,300
28012,1,300
28012,1,300
28012,1,300
28093,1,300
28132,1,300
28132,1,300
28132,1,300
29002,1,300
29004,1,300
29004,1,300
29004,1,300
29004,1,300
29004,1,300
30000,1,300
30000,1,300
30068,1,300
30068,1,300
30116,1,300
30116,1,300
30116,1,300
30263,1,300
30263,1,300
31000,1,300
31000,1,300
31004,1,300
31005,1,300
31005,1,300
32000,1,300
32000,1,300
32000,1,300
32001,1,300
32009,1,300
32009,1,300
32009,1,300
32010,1,300
32010,1,300
32010,1,300
32010,1,300
32010,1,300
32019,1,300
32019,1,300
32019,1,300
32028,1,300
32028,1,300
32028,1,300
32028,1,300
32028,1,300
32028,1,300
32028,1,300
32028,1,300
32028,1,300
32028,1,300
32029,1,300
33007,1,300
33008,1,300
33029,1,300
33029,1,300
33029,1,300
33047,1,300
33078,1,300
33081,1,300
33081,1,300
33081,1,300
33081,1,300
33084,1,300
33084,1,300
33084,1,300
33084,1,300
34001,1,300
34001,1,300
34001,1,300
34001,1,300
34001,1,300
34001,1,300
34036,1,300
34121,1,300
34126,1,300
34126,1,300
34144,1,300
34144,1,300
35000,1,300
35000,1,300
35000,1,300
35001,1,300
35001,1,300
35001,1,300
35016,1,300
35016,1,300
35016,1,300
35016,1,300
35018,1,300
35021,1,300
36000,1,300
36000,1,300
36000,1,300
36000,1,300
36005,1,300
36006,1,300
36006,1,300
36007,1,300
36013,1,300
37001,1,300
37001,1,300
37003,1,300
37003,1,300
37003,1,300
37015,1,300
37015,1,300
37015,1,300
37015,1,300
37015,1,300
37015,1,300
37015,1,300
38000,1,300
38011,1,300
38011,1,300
38011,1,300
38013,1,300
38013,1,300
38013,1,300
38013,1,300
38013,1,300
38013,1,300
38014,1,300
38022,1,300
38022,1,300
39000,1,300
39023,1,300
39023,1,300
39023,1,300
39023,1,300
39023,1,300
39023,1,300
39023,1,300
39023,1,300
39023,1,300
39023,1,300
39027,1,300
39027,1,300
39027,1,300
39027,1,300
40000,1,300
40000,1,300
40000,1,300
40000,1,300
40000,1,300
40013,1,300
40069,1,300
40069,1,300
40070,1,300
40070,1,300
40070,1,300
41014,1,300
41025,1,300
41025,1,300
41039,1,300
41039,1,300
41039,1,300
41041,1,300
41042,1,300
41042,1,300
41043,1,300
42045,1,300
42045,1,300
42045,1,300
42045,1,300
42045,1,300
42046,1,300
42046,1,300
42046,1,300
42046,1,300
42046,1,300
42046,1,300
43005,1,300
43025,1,300
43025,1,300
43025,1,300
43025,1,300
43035,1,300
43036,1,300
43037,1,300
43037,1,300
43037,1,300
43037,1,300
44000,1,300
44000,1,300
44000,1,300
44000,1,300
44000,1,300
44011,1,300
44012,1,300
44012,1,300
44013,1,300
44013,1,300
44013,1,300
44013,1,300
44013,1,300
44013,1,300
44013,1,300
44013,1,300
44032,1,300
44032,1,300
44032,1,300
44032,1,300
44032,1,300
44032,1,300
44032,1,300
44034,1,300
44036,1,300
44036,1,300
44047,1,300
44047,1,300
44047,1,300
44047,1,300
45000,1,300
45000,1,300
45004,1,300
45004,1,300
45004,1,300
45004,1,300
45004,1,300
45004,1,300
45004,1,300
45004,1,300
45004,1,300
45007,1,300
45036,1,300
45036,1,300
45036,1,300
45038,1,300
45076,1,300
45076,1,300
45076,1,300
45079,1,300
45079,1,300
45079,1,300
45079,1,300
45087,1,300
45087,1,300
46000,1,300
46000,1,300
46000,1,300
46001,1,300
46041,1,300
46041,1,300
46041,1,300
46042,1,300
46042,1,300
46042,1,300
46042,1,300
46042,1,300
46042,1,300
46042,1,300
46042,1,300
46055,1,300
46055,1,300
46055,1,300
46055,1,300
46055,1,300
46055,1,300
46058,1,300
46058,1,300
46058,1,300
46058,1,300
47000,1,300
47000,1,300
47000,1,300
47001,1,300
47001,1,300
47001,1,300
47001,1,300
47002,1,300
47002,1,300
47033,1,300
47083,1,300
47083,1,300
47083,1,300
47083,1,300
47083,1,300
47083,1,300
47083,1,300
47083,1,300
47084,1,300
47085,1,300
47085,1,300
47085,1,300
48001,1,300
48001,1,300
48008,1,300
48014,1,300
48014,1,300
48018,1,300
48038,1,300
48038,1,300
48056,1,300
48056,1,300
48056,1,300
48056,1,300
48221,1,300
48231,1,300
48231,1,300
48231,1,300
48240,1,300
48240,1,300
48240,1,300
48250,1,300
48251,1,300
48251,1,300
49001,1,300
49001,1,300
49001,1,300
49004,1,300
49005,1,300
49025,1,300
49025,1,300
49025,1,300
49025,1,300
49025,1,300
49040,1,300
49040,1,300
49040,1,300
49040,1,300
49040,1,300
49040,1,300
49040,1,300
49040,1,300
49040,1,300
49046,1,300
49076,1,300
49083,1,300
49083,1,300
49083,1,300
49120,1,300
49120,1,300
50000,1,300
50002,1,300
50017,1,300
50017,1,300
50017,1,300
50018,1,300
50018,1,300
50018,1,300
50018,1,300
50018,1,300
50027,1,300
50027,1,300
50027,1,300
50027,1,300
50031,1,300
50031,1,300
50031,1,300
50031,1,300
50037,1,300
50037,1,300
50046,1,300
50048,1,300
51000,1,300
51061,1,300
51061,1,300
51061,1,300
51061,1,300
51061,1,300
51061,1,300
51061,1,300
51066,1,300
51084,1,300
51085,1,300
51086,1,300
51088,1,300
51088,1,300
51088,1,300
51097,1,300
51098,1,300
51098,1,300
51098,1,300
51098,1,300
51102,1,300
51102,1,300
51102,1,300
51102,1,300
52000,1,300
52001,1,300
52001,1,300
52001,1,300
52026,1,300
52026,1,300
52026,1,300
52026,1,300
52027,1,300
52027,1,300
52027,1,300
52027,1,300
52032,1,300
52032,1,300
52032,1,300
52032,1,300
52048,1,300
52048,1,300
52048,1,300
52082,1,300
53000,1,300
53000,1,300
53005,1,300
53061,1,300
53062,1,300
53164,1,300
53164,1,300
53165,1,300
53165,1,300
53165,1,300
53165,1,300
53172,1,300
53172,1,300
53175,1,300
53178,1,300
53178,1,300
53178,1,300
53178,1,300
54001,1,300
54004,1,300
54004,1,300
54020,1,300
54023,1,300
54023,1,300
54037,1,300
54037,1,300
54039,1,300
54039,1,300
54039,1,300
54042,1,300
54042,1,300
54042,1,300
54042,1,300
54042,1,300
54042,1,300
54042,1,300
54042,1,300
54042,1,300
54042,1,300
54042,1,300
54042,1,300
54042,1,300
55000,1,300
55000,1,300
55000,1,300
55000,1,300
55005,1,300
55005,1,300
55032,1,300
55032,1,300
55032,1,300
55036,1,300
55036,1,300
55036,1,300
55059,1,300
55059,1,300
55122,1,300
55122,1,300
55122,1,300
55136,1,300
55137,1,300
55137,1,300
56001,1,300
56001,1,300
56001,1,300
56001,1,300
56001,1,300
56001,1,300
56001,1,300
56001,1,300
56001,1,300
56001,1,300
56001,1,300
56001,1,300
56001,1,300
56001,1,300
56009,1,300
56018,1,300
56018,1,300
56024,1,300
56024,1,300
56024,1,300
56024,1,300
56024,1,300
56036,1,300
56036,1,300
56036,1,300
56036,1,300
56036,1,300
56036,1,300
56036,1,300
56036,1,300
56036,1,300
56051,1,300
56054,1,300
56060,1,300
56060,1,300
56060,1,300
56060,1,300
56060,1,300
56063,1,300
56063,1,300
56063,1,300
56063,1,300
56084,1,300
57000,1,300
57001,1,300
57001,1,300
57002,1,300
57006,1,300
57006,1,300
57127,1,300
57129,1,300
57129,1,300
57130,1,300
57133,1,300
57133,1,300
57133,1,300
57133,1,300
57140,1,300
57140,1,300
57140,1,300
57148,1,300
57167,1,300
57167,1,300
57167,1,300
57167,1,300
57168,1,300
57168,1,300
57175,1,300
57175,1,300
57177,1,300
57177,1,300
57179,1,300
57179,1,300
57180,1,300
57180,1,300
58002,1,300
58002,1,300
58014,1,300
58029,1,300
58065,1,300
58065,1,300
58077,1,300
58077,1,300
58077,1,300
58077,1,300
58077,1,300
58081,1,300
58081,1,300
58081,1,300
58081,1,300
58092,1,300
58092,1,300
58092,1,300
58092,1,300
58092,1,300
58092,1,300
58092,1,300
58092,1,300
58093,1,300
58105,1,300
58105,1,300
58108,1,300
58108,1,300
58115,1,300
58115,1,300
58115,1,300
58150,1,300
59002,1,300
59007,1,300
59007,1,300
59007,1,300
59007,1,300
59007,1,300
59007,1,300
59009,1,300
59009,1,300
59009,1,300
59009,1,300
59009,1,300
59009,1,300
59018,1,300
59019,1,300
59019,1,300
59019,1,300
59019,1,300
59019,1,300
59025,1,300
59025,1,300
59025,1,300
59025,1,300
59025,1,300
59025,1,300
59028,1,300
59028,1,300
59028,1,300
60028,1,300
60028,1,300
60028,1,300
60028,1,300
60028,1,300
60028,1,300
60028,1,300
60028,1,300
60029,1,300
60033,1,300
60038,1,300
60038,1,300
60038,1,300
60082,1,300
60082,1,300
60083,1,300
60085,1,300
60092,1,300
60104,1,300
60114,1,300
60114,1,300
60114,1,300
60114,1,300
60114,1,300
60145,1,300
60145,1,300
60145,1,300
60145,1,300
60145,1,300
60145,1,300
60145,1,300
61000,1,300
61000,1,300
61000,1,300
61009,1,300
61012,1,300
61012,1,300
61012,1,300
61012,1,300
61012,1,300
61012,1,300
61012,1,300
61012,1,300
61012,1,300
61012,1,300
61012,1,300
61012,1,300
61023,1,300
61023,1,300
61023,1,300
61023,1,300
61023,1,300
61023,1,300
61025,1,300
61025,1,300
61027,1,300
61027,1,300
61028,1,300
61028,1,300
61028,1,300
61028,1,300
61028,1,300
62000,1,300
62000,1,300
62000,1,300
62015,1,300
62015,1,300
62023,1,300
62023,1,300
62023,1,300
62036,1,300
62036,1,300
62041,1,300
62042,1,300
62042,1,300
62042,1,300
62042,1,300
62043,1,300
62043,1,300
62047,1,300
62047,1,300
62049,1,300
62049,1,300
62058,1,300
62075,1,300
62075,1,300
62075,1,300
62075,1,300
62075,1,300
62075,1,300
62075,1,300
62085,1,300
63000,1,300
63001,1,300
63001,1,300
63001,1,300
63002,1,300
63003,1,300
63003,1,300
63003,1,300
63003,1,300
63005,1,300
63005,1,300
63005,1,300
63005,1,300
63005,1,300
63007,1,300
63027,1,300
63027,1,300
63027,1,300
63034,1,300
63055,1,300
63055,1,300
63055,1,300
63058,1,300
63060,1,300
63060,1,300
63061,1,300
63061,1,300
63061,1,300
63061,1,300
63061,1,300
63064,1,300
64007,1,300
64007,1,300
64010,1,300
64010,1,300
64011,1,300
64015,1,300
64015,1,300
64015,1,300
64018,1,300
64018,1,300
64018,1,300
64018,1,300
64018,1,300
64018,1,300
64018,1,300
64018,1,300
64018,1,300
64018,1,300
64019,1,300
64019,1,300
64019,1,300
64031,1,300
64032,1,300
64032,1,300
64052,1,300
64052,1,300
64053,1,300
64053,1,300
64053,1,300
64053,1,300
65000,1,300
65000,1,300
65000,1,300
65027,1,300
65027,1,300
65027,1,300
65031,1,300
65031,1,300
65070,1,300
65070,1,300
65070,1,300
65070,1,300
65071,1,300
65073,1,300
65104,1,300
65104,1,300
65109,1,300
65109,1,300
65109,1,300
65112,1,300
65149,1,300
65149,1,300
65149,1,300
65149,1,300
65150,1,300
65150,1,300
65150,1,300
65150,1,300
65157,1,300
65161,1,300
66000,1,300
66000,1,300
66000,1,300
66010,1,300
66017,1,300
66026,1,300
66026,1,300
66060,1,300
66064,1,300
66064,1,300
66107,1,300
66108,1,300
66108,1,300
66108,1,300
66108,1,300
66108,1,300
66108,1,300
66108,1,300
66108,1,300
66108,1,300
66108,1,300
66108,1,300
66108,1,300
66108,1,300
66108,1,300
66108,1,300
66108,1,300
66108,1,300
66108,1,300
66108,1,300
67000,1,300
67000,1,300
67000,1,300
67005,1,300
67005,1,300
67032,1,300
67036,1,300
67036,1,300
67037,1,300
67042,1,300
67042,1,300
67042,1,300
67069,1,300
67069,1,300
67069,1,300
67118,1,300
67118,1,300
67118,1,300
67119,1,300
67119,1,300
67120,1,300
67120,1,300
67120,1,300
67120,1,300
67120,1,300
67120,1,300
67120,1,300
67120,1,300
67120,1,300
67121,1,300
67121,1,300
67121,1,300
67121,1,300
68000,1,300
68000,1,300
68000,1,300
68000,1,300
68000,1,300
68000,1,300
68000,1,300
68000,1,300
68011,1,300
68011,1,300
68012,1,300
68013,1,300
68013,1,300
68013,1,300
68013,1,300
68013,1,300
68013,1,300
68013,1,300
68013,1,300
68033,1,300
68033,1,300
68035,1,300
68035,1,300
68035,1,300
68035,1,300
68036,1,300
68036,1,300
68036,1,300
68037,1,300
68037,1,300
68037,1,300
68037,1,300
68037,1,300
68037,1,300
68037,1,300
68037,1,300
68037,1,300
68038,1,300
68038,1,300
68038,1,300
68038,1,300
68049,1,300
68049,1,300
68049,1,300
68050,1,300
68054,1,300
68062,1,300
68063,1,300
68063,1,300
68068,1,300
68068,1,300
68068,1,300
68068,1,300
68070,1,300
68070,1,300
68073,1,300
69000,1,300
69000,1,300
69000,1,300
69014,1,300
69014,1,300
69017,1,300
69017,1,300
69017,1,300
69017,1,300
69017,1,300
69017,1,300
69017,1,300
69017,1,300
69017,1,300
69017,1,300
69017,1,300
69017,1,300
69019,1,300
69019,1,300
69019,1,300
69019,1,300
69019,1,300
69022,1,300
69022,1,300
69033,1,300
69033,1,300
69033,1,300
69034,1,300
69034,1,300
69034,1,300
69034,1,300
69034,1,300
69034,1,300
69034,1,300
69034,1,300
69034,1,300
69034,1,300
69034,1,300
69034,1,300
69034,1,300
69050,1,300
69050,1,300
69051,1,300
69052,1,300
69052,1,300
69053,1,300
70012,1,300
70014,1,300
70014,1,300
70032,1,300
70032,1,300
70032,1,300
70033,1,300
70033,1,300
70033,1,300
70033,1,300
70034,1,300
70034,1,300
70035,1,300
70035,1,300
70035,1,300
70035,1,300
70035,1,300
70043,1,300
70043,1,300
70043,1,300
70043,1,300
70052,1,300
70055,1,300
70055,1,300
70055,1,300
70055,1,300
70059,1,300
70059,1,300
70059,1,300
70059,1,300
70082,1,300
70082,1,300
70082,1,300
70083,1,300
70083,1,300
70083,1,300
70083,1,300
70083,1,300
70083,1,300
70083,1,300
70085,1,300
70085,1,300
70089,1,300
70089,1,300
71003,1,300
71004,1,300
71004,1,300
71004,1,300
71004,1,300
71005,1,300
71022,1,300
71025,1,300
71025,1,300
71025,1,300
71025,1,300
71027,1,300
71027,1,300
71027,1,300
71035,1,300
71035,1,300
71035,1,300
71035,1,300
71063,1,300
71063,1,300
71063,1,300
71063,1,300
71063,1,300
71063,1,300
71063,1,300
71070,1,300
71070,1,300
71070,1,300
71072,1,300
71078,1,300
71078,1,300
71095,1,300
71095,1,300
71095,1,300
71095,1,300
71095,1,300
71095,1,300
71095,1,300
71095,1,300
71095,1,300
71100,1,300
71104,1,300
71104,1,300
71104,1,300
71104,1,300
71104,1,300
72000,1,300
72000,1,300
72000,1,300
72000,1,300
72005,1,300
72007,1,300
72007,1,300
72007,1,300
72007,1,300
72008,1,300
72008,1,300
72008,1,300
72010,1,300
72010,1,300
72010,1,300
72015,1,300
72051,1,300
72055,1,300
72055,1,300
72055,1,300
72059,1,300
72059,1,300
72059,1,300
72059,1,300
72059,1,300
72075,1,300
72075,1,300
72080,1,300
72080,1,300
72080,1,300
72082,1,300
72082,1,300
72082,1,300
72082,1,300
72082,1,300
72082,1,300
72082,1,300
72082,1,300
72082,1,300
72082,1,300
72082,1,300
72082,1,300
73012,1,300
73012,1,300
73034,1,300
73034,1,300
73034,1,300
73034,1,300
73034,1,300
73034,1,300
73034,1,300
73034,1,300
73036,1,300
73036,1,300
73036,1,300
73036,1,300
73066,1,300
73067,1,300
73067,1,300
73067,1,300
73067,1,300
73067,1,300
73067,1,300
73067,1,300
73067,1,300
73068,1,300
73068,1,300
73068,1,300
73068,1,300
73068,1,300
73068,1,300
73068,1,300
73068,1,300
73068,1,300
73101,1,300
73103,1,300
73103,1,300
73103,1,300
73103,1,300
73103,1,300
73103,1,300
73103,1,300
73103,1,300
73103,1,300
73103,1,300
73104,1,300
73107,1,300
74006,1,300
74006,1,300
74006,1,300
74006,1,300
74006,1,300
74011,1,300
74011,1,300
74011,1,300
74011,1,300
74015,1,300
74015,1,300
74015,1,300
74015,1,300
74015,1,300
74015,1,300
74082,1,300
74082,1,300
74082,1,300
74087,1,300
74089,1,300
74089,1,300
74089,1,300
74090,1,300
74090,1,300
74100,1,300
74100,1,300
74100,1,300
74100,1,300
74100,1,300
74113,1,300
74113,1,300
74113,1,300
74113,1,300
74113,1,300
74116,1,300
74116,1,300
74116,1,300
74144,1,300
74144,1,300
74144,1,300
74144,1,300
74144,1,300
74144,1,300
75000,1,300
75000,1,300
75000,1,300
75000,1,300
75000,1,300
75000,1,300
75000,1,300
75000,1,300
75000,1,300
75004,1,300
75004,1,300
75004,1,300
75006,1,300
75006,1,300
75006,1,300
75006,1,300
75006,1,300
75006,1,300
75006,1,300
75007,1,300
75007,1,300
75007,1,300
75007,1,300
75007,1,300
75012,1,300
75012,1,300
75012,1,300
75018,1,300
75018,1,300
75018,1,300
75019,1,300
75019,1,300
75019,1,300
75019,1,300
75019,1,300
75020,1,300
75020,1,300
75020,1,300
75020,1,300
75021,1,300
75021,1,300
75021,1,300
76000,1,300
76000,1,300
76000,1,300
76002,1,300
76002,1,300
76019,1,300
76019,1,300
76019,1,300
76065,1,300
76065,1,300
76065,1,300
76065,1,300
76067,1,300
76097,1,300
76098,1,300
76098,1,300
76098,1,300
76098,1,300
76101,1,300
76101,1,300
76107,1,300
76107,1,300
76107,1,300
76110,1,300
76110,1,300
76118,1,300
76118,1,300
76118,1,300
76118,1,300
76120,1,300
76120,1,300
76120,1,300
76120,1,300
76120,1,300
76120,1,300
76122,1,300
76126,1,300
76126,1,300
76126,1,300
76126,1,300
76154,1,300
76155,1,300
76161,1,300
77000,1,300
77000,1,300
77000,1,300
77002,1,300
77002,1,300
77002,1,300
77016,1,300
77019,1,300
77020,1,300
77022,1,300
77022,1,300
77022,1,300
77026,1,300
77026,1,300
77029,1,300
77031,1,300
77031,1,300
77031,1,300
77033,1,300
77033,1,300
77044,1,300
77045,1,300
77045,1,300
77045,1,300
77045,1,300
77045,1,300
77045,1,300
77045,1,300
77045,1,300
77058,1,300
77058,1,300
77058,1,300
77058,1,300
77058,1,300
77058,1,300
77058,1,300
77058,1,300
77062,1,300
77062,1,300
77062,1,300
77062,1,300
77062,1,300
77062,1,300
78000,1,300
78000,1,300
78004,1,300
78004,1,300
78014,1,300
78014,1,300
78024,1,300
78024,1,300
78029,1,300
78029,1,300
78029,1,300
78029,1,300
78029,1,300
78029,1,300
78030,1,300
78030,1,300
78030,1,300
78031,1,300
78031,1,300
78031,1,300
78031,1,300
78035,1,300
78035,1,300
78035,1,300
78035,1,300
78035,1,300
78045,1,300
78045,1,300
78104,1,300
78127,1,300
78132,1,300
78132,1,300
78132,1,300
78132,1,300
78132,1,300
78132,1,300
78132,1,300
78136,1,300
78136,1,300
78136,1,300
79000,1,300
79057,1,300
79059,1,300
79059,1,300
79059,1,300
79059,1,300
79059,1,300
79059,1,300
79069,1,300
79069,1,300
79069,1,300
79069,1,300
79069,1,300
79069,1,300
79069,1,300
79069,1,300
79069,1,300
79091,1,300
79091,1,300
79091,1,300
79091,1,300
79091,1,300
79091,1,300
79091,1,300
79091,1,300
79091,1,300
79091,1,300
79091,1,300
79091,1,300
79091,1,300
79091,1,300
79091,1,300
79091,1,300
79091,1,300
79093,1,300
79101,1,300
79129,1,300
79129,1,300
79129,1,300
79129,1,300
79133,1,300
79133,1,300
80001,1,300
80001,1,300
80005,1,300
80005,1,300
80005,1,300
80008,1,300
80008,1,300
80010,1,300
80010,1,300
80010,1,300
80010,1,300
80018,1,300
80038,1,300
80038,1,300
80038,1,300
80038,1,300
80038,1,300
80038,1,300
80038,1,300
80038,1,300
80038,1,300
80044,1,300
80063,1,300
80063,1,300
80064,1,300
80064,1,300
80064,1,300
80064,1,300
80064,1,300
80064,1,300
80066,1,300
80066,1,300
80066,1,300
80066,1,300
80066,1,300
80067,1,300
80067,1,300
80067,1,300
80067,1,300
80067,1,300
80067,1,300
80071,1,300
80071,1,300
80074,1,300
80074,1,300
80076,1,300
80079,1,300
80079,1,300
80079,1,300
80079,1,300
80079,1,300
80079,1,300
80097,1,300
80097,1,300
80097,1,300
80097,1,300
80097,1,300
80097,1,300
80097,1,300
80097,1,300
81009,1,300
81009,1,300
81009,1,300
81009,1,300
81009,1,300
81009,1,300
81009,1,300
81009,1,300
81009,1,300
81009,1,300
81009,1,300
81009,1,300
81009,1,300
81009,1,300
81009,1,300
81009,1,300
81040,1,300
81040,1,300
81040,1,300
81040,1,300
81043,1,300
81043,1,300
81043,1,300
81043,1,300
81043,1,300
81043,1,300
81043,1,300
81043,1,300
81043,1,300
81048,1,300
81048,1,300
81050,1,300
81050,1,300
81050,1,300
81050,1,300
81050,1,300
81050,1,300
81050,1,300
81050,1,300
81050,1,300
81050,1,300
81050,1,300
81058,1,300
81058,1,300
81058,1,300
81058,1,300
81067,1,300
81067,1,300
81068,1,300
81068,1,300
82000,1,300
82003,1,300
82003,1,300
82003,1,300
82003,1,300
82003,1,300
82003,1,300
82003,1,300
82004,1,300
82008,1,300
82008,1,300
82008,1,300
82009,1,300
82009,1,300
82009,1,300
82009,1,300
82009,1,300
82034,1,300
82034,1,300
82036,1,300
82037,1,300
82039,1,300
82039,1,300
82039,1,300
82039,1,300
82060,1,300
82060,1,300
82060,1,300
82060,1,300
82060,1,300
82069,1,300
82070,1,300
82070,1,300
82070,1,300
82070,1,300
82070,1,300
82071,1,300
82071,1,300
82071,1,300
82071,1,300
82071,1,300
82071,1,300
82071,1,300
82078,1,300
82078,1,300
82078,1,300
82078,1,300
82089,1,300
82090,1,300
82093,1,300
83000,1,300
83000,1,300
83002,1,300
83002,1,300
83002,1,300
83002,1,300
83002,1,300
83012,1,300
83012,1,300
83012,1,300
83012,1,300
83015,1,300
83015,1,300
83015,1,300
83015,1,300
83015,1,300
83015,1,300
83021,1,300
83063,1,300
83063,1,300
83064,1,300
83066,1,300
83068,1,300
83068,1,300
83070,1,300
83070,1,300
83070,1,300
83071,1,300
83091,1,300
83108,1,300
83125,1,300
83129,1,300
83129,1,300
83129,1,300
83129,1,300
83129,1,300
83129,1,300
83130,1,300
83130,1,300
83130,1,300
83130,1,300
83135,1,300
83135,1,300
83135,1,300
83135,1,300
83135,1,300
83135,1,300
83135,1,300
83135,1,300
84003,1,300
84003,1,300
84003,1,300
84003,1,300
84003,1,300
84003,1,300
84017,1,300
84017,1,300
84017,1,300
84017,1,300
84017,1,300
84017,1,300
84017,1,300
84017,1,300
84020,1,300
84058,1,300
84058,1,300
84059,1,300
84059,1,300
84059,1,300
84059,1,300
84082,1,300
84082,1,300
84082,1,300
84082,1,300
84082,1,300
84082,1,300
84082,1,300
84082,1,300
84082,1,300
84083,1,300
84086,1,300
84086,1,300
84086,1,300
84086,1,300
84087,1,300
84087,1,300
84090,1,300
84090,1,300
84090,1,300
84090,1,300
84090,1,300
84090,1,300
84092,1,300
84092,1,300
84092,1,300
85000,1,300
85000,1,300
85000,1,300
85000,1,300
85000,1,300
85000,1,300
85002,1,300
85016,1,300
85016,1,300
85016,1,300
85016,1,300
85016,1,300
85016,1,300
85016,1,300
85016,1,300
85016,1,300
85016,1,300
85016,1,300
85017,1,300
85024,1,300
85031,1,300
85031,1,300
85031,1,300
85031,1,300
85031,1,300
85031,1,300
85031,1,300
85032,1,300
85032,1,300
85032,1,300
85032,1,300
85032,1,300
85033,1,300
85033,1,300
85033,1,300
85074,1,300
85074,1,300
85074,1,300
85074,1,300
85076,1,300
85076,1,300
85078,1,300
85080,1,300
85093,1,300
85093,1,300
85093,1,300
85093,1,300
85093,1,300
85093,1,300
86002,1,300
86002,1,300
86003,1,300
86003,1,300
86003,1,300
86003,1,300
86003,1,300
86003,1,300
86003,1,300
86003,1,300
86003,1,300
86003,1,300
86003,1,300
86004,1,300
86004,1,300
86004,1,300
86010,1,300
86010,1,300
86010,1,300
86010,1,300
86010,1,300
86010,1,300
86011,1,300
86011,1,300
86011,1,300
86011,1,300
86011,1,300
86012,1,300
86012,1,300
86012,1,300
86012,1,300
86012,1,300
86012,1,300
86012,1,300
86012,1,300
86013,1,300
86013,1,300
86021,1,300
86021,1,300
86022,1,300
86022,1,300
86022,1,300
86047,1,300
86047,1,300
86047,1,300
86047,1,300
86050,1,300
86050,1,300
87000,1,300
87000,1,300
87009,1,300
87009,1,300
87009,1,300
87009,1,300
87009,1,300
87009,1,300
87009,1,300
87009,1,300
87009,1,300
87009,1,300
87009,1,300
87010,1,300
87010,1,300
87010,1,300
87010,1,300
87038,1,300
87038,1,300
87038,1,300
87038,1,300
87038,1,300
87039,1,300
87039,1,300
87039,1,300
87076,1,300
87077,1,300
87081,1,300
87081,1,300
87081,1,300
87095,1,300
87095,1,300
87095,1,300
87108,1,300
87108,1,300
87117,1,300
87117,1,300
87117,1,300
87120,1,300
87153,1,300
87192,1,300
87192,1,300
87192,1,300
87192,1,300
87192,1,300
87192,1,300
87192,1,300
87194,1,300
87194,1,300
88010,1,300
88012,1,300
88013,1,300
88057,1,300
88057,1,300
88057,1,300
88057,1,300
88057,1,300
88057,1,300
88057,1,300
88057,1,300
88057,1,300
88057,1,300
88057,1,300
88095,1,300
88095,1,300
88095,1,300
88095,1,300
88095,1,300
88096,1,300
88096,1,300
88096,1,300
88096,1,300
88096,1,300
88109,1,300
88109,1,300
88110,1,300
88110,1,300
88112,1,300
88112,1,300
88122,1,300
88122,1,300
88122,1,300
88122,1,300
88122,1,300
88122,1,300
88180,1,300
88180,1,300
88180,1,300
88180,1,300
88180,1,300
88180,1,300
88180,1,300
88180,1,300
88180,1,300
88181,1,300
88181,1,300
89000,1,300
89003,1,300
89003,1,300
89004,1,300
89004,1,300
89004,1,300
89019,1,300
89019,1,300
89019,1,300
89032,1,300
89032,1,300
89033,1,300
89033,1,300
89033,1,300
89033,1,300
89038,1,300
89041,1,300
89041,1,300
89041,1,300
89041,1,300
89041,1,300
89041,1,300
89041,1,300
89041,1,300
89042,1,300
89042,1,300
89042,1,300
89042,1,300
89042,1,300
89042,1,300
89042,1,300
89042,1,300
89044,1,300
89048,1,300
89048,1,300
89048,1,300
89048,1,300
89048,1,300
89048,1,300
89049,1,300
89051,1,300
89058,1,300
89059,1,300
89059,1,300
90000,1,300
90000,1,300
90001,1,300
90001,1,300
90025,1,300
90032,1,300
90032,1,300
90035,1,300
90035,1,300
90035,1,300
90036,1,300
90036,1,300
90043,1,300
90043,1,300
90043,1,300
90043,1,300
90043,1,300
90043,1,300
90043,1,300
90043,1,300
90043,1,300
90043,1,300
90043,1,300
90043,1,300
90044,1,300
90044,1,300
90052,1,300
90052,1,300
90052,1,300
90052,1,300
90057,1,300
90057,1,300
90057,1,300
90057,1,300
90057,1,300
90057,1,300
90057,1,300
90057,1,300
90057,1,300
90064,1,300
90064,1,300
90064,1,300
90064,1,300
90064,1,300
90064,1,300
90064,1,300
90067,1,300
91000,1,300
91007,1,300
91007,1,300
91007,1,300
91007,1,300
91007,1,300
91028,1,300
91028,1,300
91028,1,300
91028,1,300
91028,1,300
91028,1,300
91028,1,300
91028,1,300
91028,1,300
91031,1,300
91031,1,300
91052,1,300
91052,1,300
91052,1,300
91052,1,300
91052,1,300
91054,1,300
91054,1,300
91054,1,300
91056,1,300
91056,1,300
91056,1,300
91056,1,300
91056,1,300
91056,1,300
91056,1,300
91056,1,300
91067,1,300
91075,1,300
91076,1,300
91076,1,300
91079,1,300
91079,1,300
91079,1,300
91079,1,300
91079,1,300
91079,1,300
91079,1,300
91079,1,300
92000,1,300
92000,1,300
92000,1,300
92000,1,300
92000,1,300
92000,1,300
92000,1,300
92008,1,300
92012,1,300
92012,1,300
92012,1,300
92012,1,300
92012,1,300
92014,1,300
92014,1,300
92014,1,300
92014,1,300
92029,1,300
92029,1,300
92034,1,300
92034,1,300
92034,1,300
92034,1,300
92034,1,300
92034,1,300
92034,1,300
92034,1,300
92034,1,300
92036,1,300
92036,1,300
92036,1,300
92036,1,300
92036,1,300
92036,1,300
92036,1,300
92036,1,300
92036,1,300
92038,1,300
92040,1,300
92040,1,300
92040,1,300
92040,1,300
92040,1,300
92040,1,300
92046,1,300
92046,1,300
92046,1,300
92048,1,300
92048,1,300
92048,1,300
92048,1,300
92048,1,300
92048,1,300
92049,1,300
92049,1,300
92049,1,300
92049,1,300
92049,1,300
92049,1,300
92050,1,300
92051,1,300
92053,1,300
92066,1,300
92067,1,300
92067,1,300
92067,1,300
92067,1,300
92067,1,300
92068,1,300
92068,1,300
92068,1,300
93025,1,300
93025,1,300
93025,1,300
93025,1,300
93030,1,300
93032,1,300
93032,1,300
93032,1,300
93032,1,300
93059,1,300
93060,1,300
93060,1,300
93060,1,300
93060,1,300
93060,1,300
93060,1,300
93060,1,300
93064,1,300
93064,1,300
93064,1,300
93073,1,300
93073,1,300
93073,1,300
93084,1,300
93087,1,300
93087,1,300
93087,1,300
93087,1,300
93087,1,300
93090,1,300
93090,1,300
93090,1,300
93090,1,300
93090,1,300
93090,1,300
93090,1,300
93090,1,300
93090,1,300
93090,1,300
93090,1,300
93090,1,300
93090,1,300
93096,1,300
93096,1,300
93096,1,300
93096,1,300
93096,1,300
93096,1,300
93096,1,300
93098,1,300
93125,1,300
93128,1,300
93128,1,300
94000,1,300
94000,1,300
94000,1,300
94000,1,300
94000,1,300
94000,1,300
94035,1,300
94035,1,300
94038,1,300
94038,1,300
94043,1,300
94045,1,300
94047,1,300
94047,1,300
94047,1,300
94047,1,300
94065,1,300
94065,1,300
94065,1,300
94065,1,300
94065,1,300
94065,1,300
94065,1,300
94065,1,300
94079,1,300
94083,1,300
94088,1,300
94097,1,300
94097,1,300
94097,1,300
94097,1,300
94097,1,300
94097,1,300
94097,1,300
94097,1,300
94097,1,300
94097,1,300
94109,1,300
94109,1,300
94109,1,300
94109,1,300
94109,1,300
94110,1,300
94110,1,300
94121,1,300
94121,1,300
94125,1,300
94125,1,300
94144,1,300
94144,1,300
94144,1,300
95000,1,300
95017,1,300
95017,1,300
95018,1,300
95027,1,300
95027,1,300
95030,1,300
95070,1,300
95070,1,300
95070,1,300
95072,1,300
95072,1,300
95072,1,300
95072,1,300
95077,1,300
95077,1,300
95077,1,300
95077,1,300
95077,1,300
95077,1,300
95081,1,300
95083,1,300
95083,1,300
95083,1,300
95083,1,300
95085,1,300
95085,1,300
95085,1,300
95092,1,300
95092,1,300
95092,1,300
95092,1,300
95092,1,300
95092,1,300
95092,1,300
95092,1,300
95092,1,300
95092,1,300
95092,1,300
95092,1,300
95092,1,300
95093,1,300
95096,1,300
95096,1,300
95097,1,300
95097,1,300
95112,1,300
95112,1,300
95113,1,300
95113,1,300
96000,1,300
96000,1,300
96011,1,300
96024,1,300
96024,1,300
96024,1,300
96024,1,300
96024,1,300
96024,1,300
96025,1,300
96025,1,300
96026,1,300
96028,1,300
96028,1,300
96028,1,300
96038,1,300
96038,1,300
96039,1,300
96039,1,300
96053,1,300
96053,1,300
96053,1,300
96053,1,300
96053,1,300
96053,1,300
96053,1,300
96054,1,300
96054,1,300
96054,1,300
96054,1,300
96054,1,300
96054,1,300
96054,1,300
96054,1,300
96054,1,300
96054,1,300
96054,1,300
96054,1,300
96054,1,300
96054,1,300
96054,1,300
96054,1,300
96054,1,300
96054,1,300
96058,1,300
96058,1,300
96058,1,300
96058,1,300
97000,1,300
97000,1,300
97000,1,300
97015,1,300
97015,1,300
97025,1,300
97025,1,300
97028,1,300
97028,1,300
97033,1,300
97033,1,300
97033,1,300
97033,1,300
97033,1,300
97033,1,300
97033,1,300
97033,1,300
97037,1,300
97037,1,300
97037,1,300
97037,1,300
97101,1,300
97106,1,300
97116,1,300
97118,1,300
97118,1,300
97118,1,300
97119,1,300
97119,1,300
97119,1,300
97119,1,300
97119,1,300
97119,1,300
97121,1,300
97122,1,300
97122,1,300
97122,1,300
97122,1,300
97122,1,300
97122,1,300
97122,1,300
97131,1,300
97139,1,300
97139,1,300
97139,1,300
97142,1,300
97142,1,300
97142,1,300
98000,1,300
98019,1,300
98019,1,300
98087,1,300
98087,1,300
98088,1,300
98092,1,300
98092,1,300
98092,1,300
98092,1,300
98092,1,300
98111,1,300
98111,1,300
98118,1,300
98118,1,300
98118,1,300
98118,1,300
98118,1,300
98119,1,300
98135,1,300
98137,1,300
98137,1,300
98138,1,300
98138,1,300
98138,1,300
98139,1,300
98139,1,300
98139,1,300
98139,1,300
98139,1,300
98139,1,300
98142,1,300
98142,1,300
98142,1,300
98142,1,300
98142,1,300
98142,1,300
98142,1,300
98142,1,300
98142,1,300
98142,1,300
98142,1,300
98142,1,300
98142,1,300
98142,1,300
98162,1,300
98163,1,300
98163,1,300
99001,1,300
99001,1,300
99001,1,300
99001,1,300
99002,1,300
99003,1,300
99003,1,300
99003,1,300
99003,1,300
99003,1,300
99004,1,300
99004,1,300
99004,1,300
99004,1,300
99005,1,300
99005,1,300
99020,1,300
99027,1,300
99027,1,300
99027,1,300
99029,1,300
99029,1,300
99029,1,300
99030,1,300
99031,1,300
99031,1,300
99032,1,300
99032,1,300
99032,1,300
99032,1,300
99032,1,300
99032,1,300
99038,1,300
99038,1,300
99039,1,300
99040,1,300
99055,1,300
99057,1,300
99057,1,300
99057,1,300
99072,1,300
99072,1,300
99072,1,300
99073,1,300
99073,1,300
99073,1,300
99089,1,300
99089,1,300
99089,1,300
100000,1,300
100000,1,300
100038,1,300
100046,1,300
100046,1,300
100046,1,300
100046,1,300
100046,1,300
100046,1,300
100046,1,300
100059,1,300
100059,1,300
100059,1,300
100059,1,300
100059,1,300
100062,1,300
100062,1,300
100062,1,300
100062,1,300
100062,1,300
100062,1,300
100065,1,300
100065,1,300
100065,1,300
100065,1,300
100072,1,300
100072,1,300
100072,1,300
100072,1,300
100072,1,300
100072,1,300
100073,1,300
100075,1,300
100075,1,300
100075,1,300
100075,1,300
100077,1,300
100077,1,300
100081,1,300
100081,1,300
100081,1,300
100085,1,300
100118,1,300
101000,1,300
101002,1,300
101002,1,300
101002,1,300
101003,1,300
101003,1,300
101003,1,300
101003,1,300
101003,1,300
101004,1,300
101004,1,300
101004,1,300
101004,1,300
101004,1,300
101006,1,300
101009,1,300
101009,1,300
101009,1,300
101010,1,300
101012,1,300
101012,1,300
101027,1,300
101027,1,300
101027,1,300
101027,1,300
101027,1,300
101027,1,300
101027,1,300
101027,1,300
101027,1,300
101027,1,300
101027,1,300
101032,1,300
101032,1,300
101032,1,300
101032,1,300
101032,1,300
101036,1,300
101036,1,300
101036,1,300
101058,1,300
101058,1,300
101058,1,300
101084,1,300
101084,1,300
102000,1,300
102000,1,300
102000,1,300
102000,1,300
102000,1,300
102000,1,300
102000,1,300
102000,1,300
102000,1,300
102000,1,300
102001,1,300
102001,1,300
102001,1,300
102001,1,300
102001,1,300
102001,1,300
102002,1,300
102002,1,300
102002,1,300
102002,1,300
102051,1,300
102051,1,300
102051,1,300
102051,1,300
102052,1,300
102052,1,300
102052,1,300
102052,1,300
102052,1,300
102052,1,300
102055,1,300
102055,1,300
102055,1,300
102080,1,300
102082,1,300
102083,1,300
102083,1,300
102083,1,300
102083,1,300
102083,1,300
102084,1,300
102086,1,300
103000,1,300
103000,1,300
103000,1,300
103004,1,300
103005,1,300
103005,1,300
103005,1,300
103005,1,300
103008,1,300
103008,1,300
103008,1,300
103008,1,300
103008,1,300
103011,1,300
103033,1,300
103042,1,300
103046,1,300
103046,1,300
103046,1,300
103046,1,300
103046,1,300
103046,1,300
103046,1,300
103046,1,300
103046,1,300
103046,1,300
103046,1,300
103046,1,300
103057,1,300
103057,1,300
103057,1,300
103057,1,300
103057,1,300
103057,1,300
103057,1,300
103057,1,300
103058,1,300
103189,1,300
103190,1,300
103190,1,300
103190,1,300
103190,1,300
104000,1,300
104000,1,300
104000,1,300
104000,1,300
104001,1,300
104011,1,300
104011,1,300
104011,1,300
104011,1,300
104013,1,300
104013,1,300
104013,1,300
104013,1,300
104013,1,300
104013,1,300
104013,1,300
104013,1,300
104042,1,300
104044,1,300
104044,1,300
104044,1,300
104044,1,300
104048,1,300
104048,1,300
104053,1,300
104053,1,300
104053,1,300
104053,1,300
104055,1,300
104056,1,300
104056,1,300
104056,1,300
104056,1,300
104056,1,300
104056,1,300
104056,1,300
104056,1,300
104056,1,300
104056,1,300
104056,1,300
104056,1,300
104063,1,300
104079,1,300
104079,1,300
104081,1,300
104082,1,300
104082,1,300
104082,1,300
104082,1,300
104082,1,300
104082,1,300
104082,1,300
105000,1,300
105000,1,300
105002,1,300
105002,1,300
105003,1,300
105003,1,300
105006,1,300
105006,1,300
105006,1,300
105006,1,300
105006,1,300
105007,1,300
105010,1,300
105010,1,300
105030,1,300
105031,1,300
105031,1,300
105031,1,300
105031,1,300
105038,1,300
105038,1,300
105038,1,300
105038,1,300
105038,1,300
105038,1,300
105038,1,300
105038,1,300
105038,1,300
105038,1,300
105038,1,300
105038,1,300
105043,1,300
105043,1,300
105043,1,300
105043,1,300
105043,1,300
105043,1,300
105043,1,300
105043,1,300
105043,1,300
106000,1,300
106004,1,300
106005,1,300
106005,1,300
106006,1,300
106006,1,300
106006,1,300
106006,1,300
106009,1,300
106009,1,300
106042,1,300
106042,1,300
106042,1,300
106042,1,300
106042,1,300
106042,1,300
106042,1,300
106042,1,300
106042,1,300
106042,1,300
106043,1,300
106043,1,300
106043,1,300
106046,1,300
106048,1,300
106048,1,300
106053,1,300
106053,1,300
106053,1,300
106053,1,300
106053,1,300
106053,1,300
106059,1,300
106069,1,300
106082,1,300
106082,1,300
106084,1,300
106084,1,300
107007,1,300
107007,1,300
107007,1,300
107007,1,300
107008,1,300
107014,1,300
107014,1,300
107016,1,300
107016,1,300
107016,1,300
107016,1,300
107022,1,300
107022,1,300
107022,1,300
107022,1,300
107022,1,300
107023,1,300
107025,1,300
107025,1,300
107025,1,300
107026,1,300
107027,1,300
107027,1,300
107038,1,300
107039,1,300
107039,1,300
107044,1,300
107044,1,300
107044,1,300
107044,1,300
107044,1,300
107044,1,300
107044,1,300
107044,1,300
107044,1,300
107044,1,300
108000,1,300
108000,1,300
108000,1,300
108000,1,300
108002,1,300
108002,1,300
108002,1,300
108002,1,300
108002,1,300
108021,1,300
108021,1,300
108022,1,300
108022,1,300
108023,1,300
108039,1,300
108039,1,300
108039,1,300
108039,1,300
108039,1,300
108039,1,300
108039,1,300
108039,1,300
108039,1,300
108039,1,300
108039,1,300
108039,1,300
108040,1,300
108040,1,300
108040,1,300
108040,1,300
108042,1,300
108042,1,300
108042,1,300
108042,1,300
109003,1,300
109003,1,300
109003,1,300
109004,1,300
109004,1,300
109004,1,300
109004,1,300
109004,1,300
109004,1,300
109052,1,300
109052,1,300
109052,1,300
109054,1,300
109054,1,300
109058,1,300
109058,1,300
109058,1,300
109058,1,300
109058,1,300
109058,1,300
109058,1,300
109060,1,300
109060,1,300
109060,1,300
109060,1,300
109065,1,300
109065,1,300
109065,1,300
109109,1,300
109112,1,300
109112,1,300
109112,1,300
109112,1,300
109119,1,300
109119,1,300
109119,1,300
109119,1,300
110000,1,300
110000,1,300
110003,1,300
110003,1,300
110003,1,300
110003,1,300
110003,1,300
110003,1,300
110003,1,300
110005,1,300
110011,1,300
110011,1,300
110011,1,300
110012,1,300
110012,1,300
110013,1,300
110013,1,300
110013,1,300
110015,1,300
110015,1,300
110015,1,300
110016,1,300
110016,1,300
110016,1,300
110016,1,300
110016,1,300
110016,1,300
110016,1,300
110016,1,300
110017,1,300
110017,1,300
110018,1,300
110018,1,300
110018,1,300
110018,1,300
110018,1,300
110028,1,300
111008,1,300
111010,1,300
111010,1,300
111012,1,300
111015,1,300
111015,1,300
111015,1,300
111015,1,300
111016,1,300
111016,1,300
111016,1,300
111016,1,300
111016,1,300
111017,1,300
111017,1,300
111017,1,300
111017,1,300
111017,1,300
111017,1,300
111017,1,300
111017,1,300
111021,1,300
111021,1,300
111021,1,300
111033,1,300
111033,1,300
111036,1,300
111036,1,300
111036,1,300
111036,1,300
111041,1,300
111041,1,300
111061,1,300
111061,1,300
111061,1,300
111061,1,300
111061,1,300
111061,1,300
112000,1,300
112000,1,300
112000,1,300
112000,1,300
112001,1,300
112001,1,300
112001,1,300
112001,1,300
112001,1,300
112001,1,300
112002,1,300
112052,1,300
112052,1,300
112076,1,300
112079,1,300
112079,1,300
112079,1,300
112079,1,300
112079,1,300
112079,1,300
112079,1,300
112079,1,300
112079,1,300
112098,1,300
112098,1,300
112098,1,300
112111,1,300
112111,1,300
112113,1,300
112115,1,300
112115,1,300
112116,1,300
112116,1,300
113029,1,300
113046,1,300
113046,1,300
113046,1,300
113048,1,300
113048,1,300
113060,1,300
113063,1,300
113063,1,300
113063,1,300
113063,1,300
113063,1,300
113063,1,300
113063,1,300
113063,1,300
113063,1,300
113063,1,300
113063,1,300
113064,1,300
113064,1,300
113064,1,300
113064,1,300
113064,1,300
113070,1,300
113072,1,300
113072,1,300
113076,1,300
113076,1,300
113076,1,300
113076,1,300
113076,1,300
113076,1,300
113085,1,300
113085,1,300
114000,1,300
114000,1,300
114000,1,300
114000,1,300
114000,1,300
114004,1,300
114004,1,300
114004,1,300
114008,1,300
114035,1,300
114035,1,300
114045,1,300
114045,1,300
114045,1,300
114045,1,300
114045,1,300
114046,1,300
114046,1,300
114046,1,300
114059,1,300
114069,1,300
114069,1,300
114069,1,300
114069,1,300
114069,1,300
114069,1,300
114070,1,300
114070,1,300
114098,1,300
114098,1,300
114098,1,300
114110,1,300
114110,1,300
115000,1,300
115000,1,300
115000,1,300
115001,1,300
115002,1,300
115002,1,300
115010,1,300
115010,1,300
115010,1,300
115017,1,300
115017,1,300
115030,1,300
115030,1,300
115030,1,300
115030,1,300
115030,1,300
115030,1,300
115035,1,300
115036,1,300
115036,1,300
115036,1,300
115036,1,300
115036,1,300
115036,1,300
115036,1,300
115036,1,300
115036,1,300
115036,1,300
115037,1,300
115038,1,300
115038,1,300
115038,1,300
115038,1,300
115038,1,300
116000,1,300
116000,1,300
116000,1,300
116014,1,300
116018,1,300
116021,1,300
116021,1,300
116021,1,300
116021,1,300
116021,1,300
116021,1,300
116030,1,300
116030,1,300
116031,1,300
116031,1,300
116031,1,300
116031,1,300
116031,1,300
116031,1,300
116037,1,300
116037,1,300
116037,1,300
116037,1,300
116037,1,300
116037,1,300
116039,1,300
116039,1,300
116039,1,300
116039,1,300
116039,1,300
116062,1,300
116062,1,300
116062,1,300
116062,1,300
116062,1,300
116062,1,300
116073,1,300
117041,1,300
117046,1,300
117046,1,300
117046,1,300
117046,1,300
117052,1,300
117053,1,300
117053,1,300
117053,1,300
117053,1,300
117053,1,300
117053,1,300
117053,1,300
117053,1,300
117097,1,300
117098,1,300
117099,1,300
117100,1,300
117100,1,300
117101,1,300
117102,1,300
117111,1,300
117113,1,300
117113,1,300
117114,1,300
117114,1,300
117114,1,300
118027,1,300
118028,1,300
118044,1,300
118044,1,300
118044,1,300
118044,1,300
118044,1,300
118044,1,300
118044,1,300
118052,1,300
118055,1,300
118067,1,300
118074,1,300
118074,1,300
118075,1,300
118148,1,300
118148,1,300
118149,1,300
118149,1,300
118149,1,300
118149,1,300
118149,1,300
118155,1,300
118157,1,300
118157,1,300
118157,1,300
119000,1,300
119000,1,300
119001,1,300
119001,1,300
119001,1,300
119011,1,300
119011,1,300
119011,1,300
119011,1,300
119012,1,300
119012,1,300
119012,1,300
119022,1,300
119023,1,300
119024,1,300
119024,1,300
119024,1,300
119025,1,300
119025,1,300
119025,1,300
119025,1,300
119025,1,300
119025,1,300
119025,1,300
119025,1,300
120000,1,300
120000,1,300
120000,1,300
120000,1,300
120000,1,300
120005,1,300
120005,1,300
120005,1,300
120005,1,300
120005,1,300
120043,1,300
120043,1,300
120043,1,300
120043,1,300
120043,1,300
120043,1,300
120047,1,300
120047,1,300
120048,1,300
120148,1,300
120148,1,300
120152,1,300
120152,1,300
120152,1,300
120152,1,300
121000,1,300
121000,1,300
121001,1,300
121001,1,300
121004,1,300
121004,1,300
121004,1,300
121004,1,300
121004,1,300
121010,1,300
121010,1,300
121014,1,300
121014,1,300
121014,1,300
121020,1,300
121020,1,300
121020,1,300
121024,1,300
121028,1,300
121028,1,300
121028,1,300
121028,1,300
121028,1,300
121028,1,300
121028,1,300
122000,1,300
122019,1,300
122019,1,300
122019,1,300
122022,1,300
122022,1,300
122022,1,300
122022,1,300
122022,1,300
122022,1,300
122022,1,300
122023,1,300
122023,1,300
122023,1,300
122024,1,300
122024,1,300
122025,1,300
122053,1,300
122053,1,300
122053,1,300
122053,1,300
122053,1,300
122059,1,300
123000,1,300
123005,1,300
123011,1,300
123012,1,300
123012,1,300
123012,1,300
123013,1,300
123013,1,300
123013,1,300
123013,1,300
123015,1,300
123015,1,300
123015,1,300
123015,1,300
123015,1,300
123016,1,300
123016,1,300
123036,1,300
123037,1,300
123061,1,300
123061,1,300
123062,1,300
123062,1,300
123062,1,300
123071,1,300
124044,1,300
124044,1,300
124046,1,300
124046,1,300
124046,1,300
124048,1,300
124048,1,300
124048,1,300
124048,1,300
124048,1,300
124049,1,300
124049,1,300
124049,1,300
124049,1,300
124049,1,300
124049,1,300
124049,1,300
124049,1,300
124049,1,300
124049,1,300
124049,1,300
125003,1,300
125003,1,300
125003,1,300
125003,1,300
125003,1,300
125003,1,300
125003,1,300
125003,1,300
125003,1,300
125003,1,300
125003,1,300
125017,1,300
125018,1,300
125018,1,300
125018,1,300
125023,1,300
125023,1,300
125026,1,300
125026,1,300
125029,1,300
125029,1,300
125029,1,300
125029,1,300
126000,1,300
126000,1,300
126000,1,300
126000,1,300
126000,1,300
126000,1,300
126000,1,300
126050,1,300
126050,1,300
126050,1,300
126054,1,300
126059,1,300
126059,1,300
126059,1,300
126059,1,300
126059,1,300
126059,1,300
126059,1,300
126059,1,300
126059,1,300
126059,1,300
126059,1,300
126066,1,300
127000,1,300
127000,1,300
127032,1,300
127032,1,300
127033,1,300
127033,1,300
127033,1,300
127033,1,300
127051,1,300
127051,1,300
127054,1,300
127054,1,300
127061,1,300
127061,1,300
127062,1,300
127062,1,300
127062,1,300
127062,1,300
127062,1,300
127062,1,300
128000,1,300
128000,1,300
128003,1,300
128003,1,300
128066,1,300
128066,1,300
128066,1,300
128067,1,300
128067,1,300
128067,1,300
128067,1,300
128067,1,300
128067,1,300
128070,1,300
128070,1,300
128070,1,300
128070,1,300
128081,1,300
128081,1,300
128081,1,300
128081,1,300
128081,1,300
128081,1,300
128090,1,300
128090,1,300
128090,1,300
128090,1,300
129054,1,300
129054,1,300
129054,1,300
129054,1,300
129054,1,300
129056,1,300
129056,1,300
129101,1,300
129104,1,300
129104,1,300
129104,1,300
129104,1,300
129107,1,300
129127,1,300
129209,1,300
129209,1,300
129209,1,300
129209,1,300
130000,1,300
130000,1,300
130120,1,300
130120,1,300
130120,1,300
130120,1,300
130120,1,300
130147,1,300
130148,1,300
130149,1,300
130149,1,300
130170,1,300
130174,1,300
130174,1,300
130174,1,300
130174,1,300
130174,1,300
130174,1,300
131000,1,300
131013,1,300
131013,1,300
131014,1,300
131014,1,300
131014,1,300
131019,1,300
131019,1,300
131019,1,300
131019,1,300
131019,1,300
131019,1,300
131019,1,300
131032,1,300
131056,1,300
131056,1,300
131056,1,300
131074,1,300
132000,1,300
132005,1,300
132005,1,300
132005,1,300
132008,1,300
132023,1,300
132023,1,300
132028,1,300
132029,1,300
132029,1,300
132029,1,300
132029,1,300
132029,1,300
133000,1,300
133000,1,300
133000,1,300
133000,1,300
133002,1,300
133002,1,300
133010,1,300
133012,1,300
133012,1,300
133012,1,300
133012,1,300
133012,1,300
133012,1,300
133061,1,300
133061,1,300
134000,1,300
134000,1,300
134000,1,300
134000,1,300
134000,1,300
134000,1,300
134014,1,300
134019,1,300
134019,1,300
134020,1,300
134020,1,300
134028,1,300
134028,1,300
134028,1,300
134048,1,300
135000,1,300
135007,1,300
135012,1,300
135012,1,300
135014,1,300
135014,1,300
135017,1,300
135017,1,300
135017,1,300
135017,1,300
135020,1,300
135020,1,300
135020,1,300
135020,1,300
135020,1,300
135020,1,300
135020,1,300
136018,1,300
136020,1,300
136091,1,300
136091,1,300
136091,1,300
136092,1,300
136092,1,300
136092,1,300
136092,1,300
136092,1,300
136092,1,300
136092,1,300
136092,1,300
136092,1,300
137000,1,300
137023,1,300
137023,1,300
137023,1,300
137023,1,300
137023,1,300
137023,1,300
137034,1,300
137034,1,300
137122,1,300
137128,1,300
137128,1,300
137128,1,300
137132,1,300
138000,1,300
138000,1,300
138001,1,300
138001,1,300
138001,1,300
138001,1,300
138001,1,300
138013,1,300
138013,1,300
138013,1,300
138013,1,300
138013,1,300
138072,1,300
138072,1,300
138072,1,300
139000,1,300
139000,1,300
139000,1,300
139002,1,300
139002,1,300
139003,1,300
139003,1,300
139003,1,300
139007,1,300
139007,1,300
139012,1,300
140000,1,300
140000,1,300
140001,1,300
140001,1,300
140002,1,300
140002,1,300
140002,1,300
140003,1,300
140005,1,300
140088,1,300
140088,1,300
140088,1,300
140088,1,300
140089,1,300
140089,1,300
140097,1,300
140241,1,300
140241,1,300
140241,1,300
141004,1,300
141004,1,300
141004,1,300
141035,1,300
141059,1,300
141059,1,300
141061,1,300
141061,1,300
141081,1,300
142000,1,300
142000,1,300
142002,1,300
142002,1,300
142002,1,300
142148,1,300
142148,1,300
142148,1,300
142148,1,300
142195,1,300
143000,1,300
143006,1,300
143006,1,300
143006,1,300
143006,1,300
143014,1,300
143016,1,300
143016,1,300
143016,1,300
144016,1,300
144019,1,300
144082,1,300
144082,1,300
144082,1,300
144083,1,300
144083,1,300
144083,1,300
144083,1,300
144083,1,300
144083,1,300
144083,1,300
145006,1,300
145006,1,300
145006,1,300
145006,1,300
145006,1,300
145006,1,300
145006,1,300
145006,1,300
145082,1,300
145082,1,300
145082,1,300
146031,1,300
146033,1,300
146033,1,300
146063,1,300
146066,1,300
146066,1,300
146067,1,300
146067,1,300
146067,1,300
147000,1,300
147011,1,300
147012,1,300
147015,1,300
147054,1,300
147063,1,300
147063,1,300
147063,1,300
147063,1,300
147076,1,300
147092,1,300
147092,1,300
148000,1,300
148000,1,300
148039,1,300
148039,1,300
148118,1,300
148118,1,300
148118,1,300
149001,1,300
149001,1,300
149001,1,300
149001,1,300
149001,1,300
149023,1,300
149023,1,300
149023,1,300
150060,1,300
150060,1,300
150060,1,300
150060,1,300
150066,1,300
150066,1,300
150066,1,300
150066,1,300
151000,1,300
151000,1,300
151026,1,300
151269,1,300
151334,1,300
152000,1,300
152000,1,300
152001,1,300
152001,1,300
152004,1,300
152004,1,300
152004,1,300
152032,1,300
152032,1,300
152032,1,300
152150,1,300
152150,1,300
152202,1,300
152202,1,300
152202,1,300
153001,1,300
153001,1,300
153001,1,300
153001,1,300
153001,1,300
153001,1,300
153001,1,300
153004,1,300
153004,1,300
153011,1,300
153011,1,300
154000,1,300
154008,1,300
154037,1,300
154038,1,300
154038,1,300
154038,1,300
154038,1,300
154039,1,300
155078,1,300
155127,1,300
155127,1,300
155128,1,300
155128,1,300
155128,1,300
155129,1,300
156035,1,300
156035,1,300
156035,1,300
156038,1,300
156038,1,300
157000,1,300
157000,1,300
157000,1,300
157000,1,300
157000,1,300
157008,1,300
157008,1,300
157008,1,300
158149,1,300
158149,1,300
158149,1,300
158149,1,300
158182,1,300
158202,1,300
158202,1,300
158202,1,300
158216,1,300
159001,1,300
159016,1,300
159016,1,300
159016,1,300
159016,1,300
159022,1,300
159022,1,300
159028,1,300
159028,1,300
159098,1,300
159114,1,300
159114,1,300
160208,1,300
160546,1,300
160670,1,300
161052,1,300
161052,1,300
161052,1,300
161052,1,300
161103,1,300
162000,1,300
162000,1,300
162086,1,300
162086,1,300
163000,1,300
163000,1,300
163000,1,300
163000,1,300
163000,1,300
164000,1,300
164000,1,300
164025,1,300
164025,1,300
164025,1,300
164033,1,300
164034,1,300
164034,1,300
164034,1,300
164034,1,300
164034,1,300
164034,1,300
164034,1,300
164034,1,300
164034,1,300
164034,1,300
164034,1,300
165006,1,300
165006,1,300
165006,1,300
165032,1,300
165032,1,300
165036,1,300
165036,1,300
165036,1,300
165036,1,300
166000,1,300
166000,1,300
166009,1,300
166009,1,300
166009,1,300
166013,1,300
166013,1,300
166014,1,300
166014,1,300
167000,1,300
167110,1,300
167110,1,300
167110,1,300
167110,1,300
167110,1,300
167110,1,300
168000,1,300
168003,1,300
168003,1,300
168047,1,300
169000,1,300
169009,1,300
169009,1,300
169021,1,300
169021,1,300
169021,1,300
169021,1,300
169021,1,300
170000,1,300
170001,1,300
170057,1,300
170071,1,300
170072,1,300
170108,1,300
171000,1,300
171000,1,300
171000,1,300
171026,1,300
171026,1,300
171026,1,300
171037,1,300
171053,1,300
171053,1,300
172001,1,300
172001,1,300
172001,1,300
172036,1,300
172092,1,300
173006,1,300
173020,1,300
173020,1,300
173020,1,300
174000,1,300
174000,1,300
174000,1,300
174223,1,300
174223,1,300
174231,1,300
175000,1,300
175000,1,300
175001,1,300
176008,1,300
176008,1,300
176008,1,300
176014,1,300
176014,1,300
176038,1,300
176045,1,300
176045,1,300
176064,1,300
176136,1,300
176136,1,300
176136,1,300
176136,1,300
176139,1,300
176139,1,300
176139,1,300
176139,1,300
176139,1,300
176139,1,300
177000,1,300
177000,1,300
177007,1,300
177061,1,300
177061,1,300
177061,1,300
177061,1,300
177062,1,300
177062,1,300
177062,1,300
178052,1,300
178113,1,300
178113,1,300
178146,1,300
178190,1,300
178299,1,300
178303,1,300
178303,1,300
178303,1,300
179000,1,300
179000,1,300
179001,1,300
179001,1,300
179001,1,300
179011,1,300
180022,1,300
180022,1,300
180022,1,300
180022,1,300
181000,1,300
181000,1,300
181000,1,300
181000,1,300
181081,1,300
181126,1,300
181126,1,300
182000,1,300
182058,1,300
182058,1,300
182059,1,300
182059,1,300
182105,1,300
182105,1,300
183000,1,300
183000,1,300
183002,1,300
183002,1,300
183002,1,300
183002,1,300
183002,1,300
183002,1,300
183002,1,300
183002,1,300
183002,1,300
184000,1,300
184006,1,300
184015,1,300
184027,1,300
184031,1,300
184031,1,300
184031,1,300
185002,1,300
185002,1,300
185002,1,300
185002,1,300
185002,1,300
186169,1,300
186169,1,300
186169,1,300
186183,1,300
186185,1,300
186186,1,300
186187,1,300
186199,1,300
187000,1,300
187020,1,300
187065,1,300
187069,1,300
188000,1,300
188000,1,300
188000,1,300
188005,1,300
188014,1,300
188014,1,300
188027,1,300
188027,1,300
188027,1,300
188027,1,300
188046,1,300
188046,1,300
188096,1,300
188097,1,300
188097,1,300
188098,1,300
188098,1,300
188099,1,300
189000,1,300
189000,1,300
189007,1,300
189007,1,300
189007,1,300
189007,1,300
189007,1,300
190000,1,300
190021,1,300
190031,1,300
190031,1,300
190031,1,300
190031,1,300
191000,1,300
191000,1,300
191000,1,300
191000,1,300
191000,1,300
191000,1,300
191001,1,300
191001,1,300
191001,1,300
191001,1,300
191009,1,300
192000,1,300
192001,1,300
192001,1,300
192001,1,300
192001,1,300
192001,1,300
193000,1,300
193013,1,300
193030,1,300
193034,1,300
193035,1,300
193035,1,300
193161,1,300
194000,1,300
194022,1,300
194024,1,300
194024,1,300
194026,1,300
194026,1,300
194041,1,300
194041,1,300
195000,1,300
195000,1,300
195000,1,300
195002,1,300
195002,1,300
195002,1,300
195002,1,300
195002,1,300
195002,1,300
196160,1,300
196165,1,300
196165,1,300
196165,1,300
196165,1,300
196165,1,300
197000,1,300
197000,1,300
197000,1,300
197000,1,300
197000,1,300
197001,1,300
198015,1,300
198015,1,300
198052,1,300
198052,1,300
198130,1,300
198130,1,300
198130,1,300
199000,1,300
199000,1,300
199000,1,300
199000,1,300
200000,1,300
200000,1,300
200001,1,300
200001,1,300
200001,1,300
200001,1,300
200001,1,300
200025,1,300
200030,1,300
200051,1,300
200055,1,300
200055,1,300
200055,1,300
200055,1,300
200077,1,300
200077,1,300
200077,1,300
200077,1,300
200079,1,300
200079,1,300
200079,1,300
200079,1,300
200080,1,300
200080,1,300
201108,1,300
201116,1,300
201116,1,300
201116,1,300
201116,1,300
201116,1,300
201116,1,300
201142,1,300
201142,1,300
201142,1,300
202016,1,300
202051,1,300
202051,1,300
202051,1,300
202051,1,300
202065,1,300
202065,1,300
202065,1,300
202066,1,300
203000,1,300
203022,1,300
203022,1,300
203055,1,300
203055,1,300
203055,1,300
203055,1,300
203055,1,300
203055,1,300
203055,1,300
204009,1,300
204013,1,300
204013,1,300
204014,1,300
204016,1,300
204047,1,300
204048,1,300
204048,1,300
204048,1,300
205002,1,300
205002,1,300
205191,1,300
205191,1,300
205191,1,300
205191,1,300
205208,1,300
205208,1,300
205208,1,300
206000,1,300
206000,1,300
206000,1,300
206000,1,300
206000,1,300
206000,1,300
206007,1,300
206007,1,300
206090,1,300
206090,1,300
206090,1,300
207034,1,300
207035,1,300
207036,1,300
207038,1,300
207039,1,300
207166,1,300
207166,1,300
207166,1,300
207166,1,300
207166,1,300
208000,1,300
208000,1,300
208001,1,300
208001,1,300
208008,1,300
209000,1,300
209250,1,300
209250,1,300
209305,1,300
209305,1,300
209349,1,300
210000,1,300
210012,1,300
210061,1,300
210064,1,300
210064,1,300
210064,1,300
210064,1,300
211007,1,300
211008,1,300
211008,1,300
211008,1,300
211008,1,300
211008,1,300
211014,1,300
211015,1,300
211216,1,300
212003,1,300
212003,1,300
212003,1,300
212004,1,300
212004,1,300
212004,1,300
212004,1,300
212004,1,300
212004,1,300
212004,1,300
212004,1,300
212004,1,300
212008,1,300
212008,1,300
212008,1,300
212008,1,300
212014,1,300
212025,1,300
212025,1,300
212026,1,300
212061,1,300
212067,1,300
213009,1,300
213011,1,300
213011,1,300
213013,1,300
213013,1,300
213013,1,300
213022,1,300
213022,1,300
213022,1,300
213034,1,300
213034,1,300
213034,1,300
213034,1,300
213034,1,300
214000,1,300
214015,1,300
214015,1,300
214015,1,300
214057,1,300
214057,1,300
214057,1,300
214057,1,300
214058,1,300
214058,1,300
214058,1,300
215000,1,300
215038,1,300
215038,1,300
215040,1,300
215040,1,300
215041,1,300
215041,1,300
215041,1,300
215041,1,300
215041,1,300
216044,1,300
216044,1,300
216048,1,300
216052,1,300
216140,1,300
216140,1,300
216142,1,300
216142,1,300
216142,1,300
216142,1,300
217015,1,300
217015,1,300
217015,1,300
217015,1,300
217017,1,300
217017,1,300
217020,1,300
217020,1,300
217020,1,300
218000,1,300
218016,1,300
218018,1,300
218018,1,300
218029,1,300
218029,1,300
218031,1,300
218163,1,300
218163,1,300
218163,1,300
218163,1,300
219001,1,300
219001,1,300
219001,1,300
219001,1,300
219001,1,300
219001,1,300
219041,1,300
219041,1,300
219041,1,300
219041,1,300
219043,1,300
219125,1,300
219125,1,300
220000,1,300
220000,1,300
220000,1,300
220004,1,300
220006,1,300
220006,1,300
220010,1,300
220011,1,300
220011,1,300
220011,1,300
221000,1,300
221020,1,300
221020,1,300
221020,1,300
221021,1,300
221025,1,300
221025,1,300
221025,1,300
221026,1,300
221028,1,300
222000,1,300
222001,1,300
222004,1,300
222004,1,300
222004,1,300
222004,1,300
222183,1,300
222186,1,300
222289,1,300
222342,1,300
223000,1,300
223121,1,300
223121,1,300
223132,1,300
223132,1,300
223132,1,300
223132,1,300
223132,1,300
223178,1,300
223179,1,300
223179,1,300
224000,1,300
224004,1,300
224004,1,300
224006,1,300
224006,1,300
224010,1,300
224010,1,300
224115,1,300
224115,1,300
224115,1,300
224115,1,300
224115,1,300
224115,1,300
224115,1,300
224117,1,300
224117,1,300
224117,1,300
224117,1,300
224127,1,300
224127,1,300
224127,1,300
224151,1,300
224151,1,300
224151,1,300
224169,1,300
224169,1,300
225000,1,300
225000,1,300
225000,1,300
225006,1,300
225006,1,300
225006,1,300
225006,1,300
225006,1,300
225006,1,300
225006,1,300
225007,1,300
225007,1,300
225007,1,300
225007,1,300
225011,1,300
225108,1,300
225108,1,300
225108,1,300
225108,1,300
225113,1,300
225113,1,300
226000,1,300
226013,1,300
226013,1,300
226013,1,300
226013,1,300
226024,1,300
226024,1,300
226024,1,300
226028,1,300
226028,1,300
226028,1,300
226028,1,300
226030,1,300
226035,1,300
226035,1,300
226038,1,300
226038,1,300
226038,1,300
226038,1,300
226038,1,300
227000,1,300
227009,1,300
227009,1,300
227009,1,300
227009,1,300
227038,1,300
227038,1,300
227038,1,300
227038,1,300
227038,1,300
227038,1,300
227038,1,300
227040,1,300
227042,1,300
227042,1,300
227047,1,300
227047,1,300
227047,1,300
227047,1,300
227050,1,300
227050,1,300
228009,1,300
228009,1,300
228009,1,300
228010,1,300
228010,1,300
228010,1,300
228010,1,300
228010,1,300
228010,1,300
228010,1,300
228010,1,300
228010,1,300
228010,1,300
228022,1,300
228022,1,300
228022,1,300
228022,1,300
229000,1,300
229000,1,300
229000,1,300
229000,1,300
229091,1,300
229092,1,300
229134,1,300
229134,1,300
229134,1,300
229134,1,300
229134,1,300
229137,1,300
229137,1,300
229137,1,300
229138,1,300
229138,1,300
229170,1,300
230000,1,300
230000,1,300
230008,1,300
230010,1,300
230010,1,300
230010,1,300
230010,1,300
230010,1,300
230036,1,300
230083,1,300
230213,1,300
230213,1,300
230218,1,300
230218,1,300
230221,1,300
230221,1,300
230280,1,300
230280,1,300
230280,1,300
230280,1,300
230280,1,300
231000,1,300
231000,1,300
231079,1,300
231081,1,300
231081,1,300
231083,1,300
231084,1,300
231087,1,300
231089,1,300
231094,1,300
231094,1,300
231099,1,300
231104,1,300
231104,1,300
231109,1,300
231110,1,300
231110,1,300
232011,1,300
232012,1,300
232013,1,300
232036,1,300
232036,1,300
232036,1,300
232036,1,300
232168,1,300
232176,1,300
232176,1,300
232176,1,300
232176,1,300
232176,1,300
232239,1,300
232239,1,300
232245,1,300
233006,1,300
233006,1,300
233006,1,300
233007,1,300
233007,1,300
233040,1,300
233049,1,300
233049,1,300
233061,1,300
233061,1,300
233071,1,300
233071,1,300
233108,1,300
233167,1,300
233171,1,300
234000,1,300
234017,1,300
234017,1,300
234020,1,300
234020,1,300
234020,1,300
234022,1,300
234049,1,300
234049,1,300
234065,1,300
234065,1,300
234102,1,300
234102,1,300
234102,1,300
234102,1,300
234102,1,300
234103,1,300
234107,1,300
235000,1,300
235000,1,300
235004,1,300
235004,1,300
235004,1,300
235004,1,300
235004,1,300
235004,1,300
235004,1,300
235007,1,300
235007,1,300
235007,1,300
235007,1,300
235009,1,300
235009,1,300
235026,1,300
235026,1,300
236000,1,300
236000,1,300
236000,1,300
236024,1,300
236028,1,300
236028,1,300
236029,1,300
236029,1,300
236029,1,300
236032,1,300
236032,1,300
236039,1,300
236039,1,300
236039,1,300
236043,1,300
236043,1,300
236043,1,300
236043,1,300
236044,1,300
236044,1,300
236044,1,300
236044,1,300
236044,1,300
236044,1,300
236047,1,300
236047,1,300
236052,1,300
236052,1,300
236052,1,300
236054,1,300
236054,1,300
236054,1,300
236054,1,300
237003,1,300
237003,1,300
237008,1,300
237008,1,300
237008,1,300
237021,1,300
237021,1,300
237021,1,300
237057,1,300
237057,1,300
237057,1,300
237059,1,300
237059,1,300
237059,1,300
237062,1,300
237062,1,300
237108,1,300
237108,1,300
237108,1,300
237108,1,300
238034,1,300
238034,1,300
238039,1,300
238045,1,300
238045,1,300
238045,1,300
238054,1,300
238054,1,300
238061,1,300
238062,1,300
238062,1,300
238062,1,300
238065,1,300
238068,1,300
238068,1,300
238068,1,300
238068,1,300
238110,1,300
238110,1,300
238183,1,300
238183,1,300
239001,1,300
239001,1,300
239011,1,300
239015,1,300
239015,1,300
239015,1,300
239096,1,300
239096,1,300
239096,1,300
239098,1,300
239103,1,300
239117,1,300
239117,1,300
239117,1,300
239117,1,300
239117,1,300
239158,1,300
239160,1,300
239160,1,300
239160,1,300
239172,1,300
239184,1,300
239219,1,300
240000,1,300
240000,1,300
240000,1,300
240000,1,300
240000,1,300
240000,1,300
240000,1,300
240024,1,300
240024,1,300
240030,1,300
240030,1,300
240030,1,300
240030,1,300
240046,1,300
240046,1,300
240048,1,300
240052,1,300
240052,1,300
240052,1,300
241000,1,300
241027,1,300
241028,1,300
241028,1,300
241028,1,300
241028,1,300
241028,1,300
241029,1,300
241029,1,300
241029,1,300
241029,1,300
241029,1,300
241029,1,300
241034,1,300
241106,1,300
241106,1,300
241106,1,300
241106,1,300
241107,1,300
242000,1,300
242000,1,300
242000,1,300
242000,1,300
242000,1,300
242020,1,300
242020,1,300
242020,1,300
242020,1,300
242068,1,300
242075,1,300
242075,1,300
242075,1,300
242075,1,300
242075,1,300
242075,1,300
242076,1,300
242076,1,300
242103,1,300
242103,1,300
242103,1,300
243000,1,300
243000,1,300
243000,1,300
243000,1,300
243000,1,300
243012,1,300
243012,1,300
243012,1,300
243012,1,300
243012,1,300
243013,1,300
243013,1,300
243013,1,300
243013,1,300
243013,1,300
243013,1,300
243036,1,300
243036,1,300
243057,1,300
243057,1,300
243057,1,300
243058,1,300
244000,1,300
244000,1,300
244001,1,300
244001,1,300
244002,1,300
244002,1,300
244002,1,300
244002,1,300
244004,1,300
244004,1,300
244004,1,300
244004,1,300
244004,1,300
244005,1,300
244005,1,300
244005,1,300
244014,1,300
244014,1,300
245002,1,300
245004,1,300
245005,1,300
245005,1,300
245005,1,300
245005,1,300
245008,1,300
245008,1,300
245008,1,300
245017,1,300
245017,1,300
245023,1,300
245023,1,300
245027,1,300
245035,1,300
245035,1,300
245035,1,300
245035,1,300
246016,1,300
246077,1,300
246078,1,300
246087,1,300
246087,1,300
246087,1,300
246087,1,300
246087,1,300
246096,1,300
246096,1,300
246096,1,300
246097,1,300
246097,1,300
246097,1,300
246097,1,300
246105,1,300
247000,1,300
247000,1,300
247030,1,300
247030,1,300
247031,1,300
247032,1,300
247032,1,300
247032,1,300
247032,1,300
247032,1,300
247032,1,300
247032,1,300
247032,1,300
247032,1,300
248000,1,300
248014,1,300
248015,1,300
248017,1,300
248017,1,300
248020,1,300
248020,1,300
248020,1,300
248020,1,300
248026,1,300
248026,1,300
248026,1,300
248026,1,300
248050,1,300
248050,1,300
248050,1,300
248193,1,300
248193,1,300
248194,1,300
248194,1,300
248194,1,300
248202,1,300
248202,1,300
248202,1,300
248202,1,300
248203,1,300
248203,1,300
249000,1,300
249000,1,300
249000,1,300
249000,1,300
249000,1,300
249000,1,300
249000,1,300
249044,1,300
249044,1,300
249044,1,300
249044,1,300
249044,1,300
249044,1,300
249047,1,300
249047,1,300
249047,1,300
249055,1,300
250001,1,300
250001,1,300
250001,1,300
250007,1,300
250007,1,300
250007,1,300
250007,1,300
250007,1,300
250007,1,300
250007,1,300
250008,1,300
250008,1,300
250036,1,300
250044,1,300
250044,1,300
251000,1,300
251000,1,300
251000,1,300
251083,1,300
251083,1,300
251087,1,300
251087,1,300
251088,1,300
251088,1,300
251090,1,300
251090,1,300
251090,1,300
251157,1,300
251157,1,300
251157,1,300
251157,1,300
251157,1,300
251157,1,300
252000,1,300
252000,1,300
252000,1,300
252000,1,300
252000,1,300
252000,1,300
252047,1,300
252047,1,300
252047,1,300
252077,1,300
252077,1,300
252094,1,300
252094,1,300
252094,1,300
252094,1,300
252094,1,300
253003,1,300
253004,1,300
253004,1,300
253004,1,300
253009,1,300
253024,1,300
253026,1,300
253026,1,300
253026,1,300
253026,1,300
253039,1,300
253039,1,300
253042,1,300
253042,1,300
253042,1,300
254000,1,300
254015,1,300
254015,1,300
254015,1,300
254037,1,300
254038,1,300
254038,1,300
254041,1,300
254044,1,300
254044,1,300
254044,1,300
254044,1,300
254044,1,300
254044,1,300
254045,1,300
254045,1,300
255000,1,300
255027,1,300
255028,1,300
255028,1,300
255028,1,300
255028,1,300
255028,1,300
255028,1,300
255028,1,300
255029,1,300
255029,1,300
255029,1,300
255029,1,300
255029,1,300
255029,1,300
255040,1,300
255040,1,300
255041,1,300
255041,1,300
256005,1,300
256005,1,300
256014,1,300
256018,1,300
256018,1,300
256018,1,300
256018,1,300
256019,1,300
256019,1,300
256019,1,300
256033,1,300
256035,1,300
256035,1,300
256041,1,300
256041,1,300
257000,1,300
257001,1,300
257001,1,300
257003,1,300
257003,1,300
257003,1,300
257003,1,300
257003,1,300
257005,1,300
257005,1,300
257007,1,300
257011,1,300
257065,1,300
257066,1,300
257070,1,300
258000,1,300
258000,1,300
258000,1,300
258002,1,300
258002,1,300
258002,1,300
258014,1,300
258022,1,300
258022,1,300
258022,1,300
258022,1,300
258023,1,300
258023,1,300
258023,1,300
258023,1,300
259000,1,300
259000,1,300
259035,1,300
259165,1,300
259168,1,300
259189,1,300
259189,1,300
259189,1,300
259191,1,300
259191,1,300
259192,1,300
259192,1,300
259230,1,300
259254,1,300
260007,1,300
260007,1,300
260007,1,300
260007,1,300
260046,1,300
260052,1,300
260078,1,300
260078,1,300
260078,1,300
260099,1,300
260099,1,300
260099,1,300
260099,1,300
260099,1,300
260101,1,300
260101,1,300
260117,1,300
260117,1,300
260117,1,300
260121,1,300
261033,1,300
261033,1,300
261033,1,300
261033,1,300
261036,1,300
261117,1,300
261117,1,300
261117,1,300
261117,1,300
261117,1,300
261117,1,300
262021,1,300
262021,1,300
262021,1,300
262022,1,300
262022,1,300
262022,1,300
262022,1,300
262022,1,300
262024,1,300
262024,1,300
262024,1,300
262024,1,300
262032,1,300
263000,1,300
263061,1,300
263061,1,300
263076,1,300
263076,1,300
263076,1,300
263076,1,300
263079,1,300
263085,1,300
263087,1,300
263087,1,300
263087,1,300
264000,1,300
264002,1,300
264031,1,300
264031,1,300
264063,1,300
264063,1,300
264063,1,300
264063,1,300
265006,1,300
265006,1,300
265006,1,300
265006,1,300
265010,1,300
265010,1,300
265033,1,300
265033,1,300
265034,1,300
265034,1,300
266000,1,300
266000,1,300
266000,1,300
266001,1,300
266001,1,300
266001,1,300
266002,1,300
266002,1,300
266002,1,300
267104,1,300
267125,1,300
267125,1,300
267147,1,300
267195,1,300
267195,1,300
267195,1,300
267195,1,300
267196,1,300
268000,1,300
268000,1,300
268002,1,300
268008,1,300
268008,1,300
268018,1,300
269000,1,300
269017,1,300
269017,1,300
269090,1,300
269090,1,300
269120,1,300
270000,1,300
270000,1,300
270000,1,300
270079,1,300
270080,1,300
270082,1,300
270084,1,300
271000,1,300
271000,1,300
271262,1,300
271264,1,300
271269,1,300
272000,1,300
272000,1,300
272000,1,300
272000,1,300
272121,1,300
273000,1,300
273000,1,300
273000,1,300
273000,1,300
273004,1,300
273009,1,300
274001,1,300
274009,1,300
274009,1,300
274009,1,300
274009,1,300
274009,1,300
275000,1,300
275004,1,300
275004,1,300
275006,1,300
275006,1,300
276001,1,300
276005,1,300
276008,1,300
276008,1,300
277000,1,300
277000,1,300
278000,1,300
278000,1,300
278000,1,300
279000,1,300
279000,1,300
279000,1,300
280000,1,300
280374,1,300
280492,1,300
280492,1,300
280492,1,300
281000,1,300
281000,1,300
281000,1,300
281004,1,300
281004,1,300
281004,1,300
282000,1,300
282000,1,300
282000,1,300
282043,1,300
282043,1,300
282043,1,300
282099,1,300
282099,1,300
282099,1,300
282099,1,300
282099,1,300
282099,1,300
282105,1,300
282107,1,300
282107,1,300
283000,1,300
283000,1,300
283000,1,300
283010,1,300
283043,1,300
283043,1,300
283043,1,300
283043,1,300
284000,1,300
284000,1,300
284000,1,300
284000,1,300
284004,1,300
285001,1,300
285001,1,300
285054,1,300
285323,1,300
285340,1,300
286002,1,300
286002,1,300
286003,1,300
286003,1,300
286003,1,300
287008,1,300
287008,1,300
287008,1,300
287008,1,300
287008,1,300
288000,1,300
288000,1,300
288007,1,300
288007,1,300
289000,1,300
289000,1,300
289062,1,300
289062,1,300
289062,1,300
