139,1,300
167,1,300
179,1,300
298,1,300
314,1,300
751,1,300
786,1,300
802,1,300
819,1,300
1089,1,300
1370,1,300
1692,1,300
1953,1,300
2016,1,300
2021,1,300
2066,1,300
2337,1,300
2490,1,300
2548,1,300
2754,1,300
2856,1,300
3023,1,300
3238,1,300
3277,1,300
3420,1,300
3420,1,300
3525,1,300
3916,1,300
4073,1,300
4108,1,300
4176,1,300
4194,1,300
4267,1,300
4314,1,300
4358,1,300
4506,1,300
4582,1,300
4930,1,300
5009,1,300
5094,1,300
5406,1,300
5436,1,300
5466,1,300
5549,1,300
5553,1,300
6404,1,300
6430,1,300
6883,1,300
7070,1,300
7195,1,300
7237,1,300
7364,1,300
7369,1,300
7704,1,300
7792,1,300
7913,1,300
8162,1,300
8251,1,300
8282,1,300
8339,1,300
8676,1,300
9056,1,300
9101,1,300
9105,1,300
9173,1,300
9187,1,300
9267,1,300
9280,1,300
9304,1,300
9308,1,300
9484,1,300
9524,1,300
9544,1,300
9579,1,300
9590,1,300
9599,1,300
9647,1,300
9694,1,300
9825,1,300
10003,1,300
10068,1,300
10143,1,300
10304,1,300
10616,1,300
10704,1,300
10709,1,300
10766,1,300
10869,1,300
10991,1,300
11086,1,300
11092,1,300
11364,1,300
11367,1,300
11410,1,300
11495,1,300
11632,1,300
11684,1,300
11868,1,300
12276,1,300
12398,1,300
12407,1,300
12432,1,300
12526,1,300
12659,1,300
13013,1,300
13016,1,300
13094,1,300
13143,1,300
13743,1,300
13863,1,300
14013,1,300
14187,1,300
14318,1,300
14356,1,300
14431,1,300
14469,1,300
14512,1,300
14514,1,300
14581,1,300
14620,1,300
14679,1,300
14748,1,300
14852,1,300
14895,1,300
14959,1,300
15095,1,300
15284,1,300
15288,1,300
15342,1,300
15570,1,300
15770,1,300
16060,1,300
16166,1,300
16253,1,300
16280,1,300
16346,1,300
16453,1,300
16633,1,300
16830,1,300
16837,1,300
16983,1,300
17275,1,300
17934,1,300
18216,1,300
19176,1,300
19226,1,300
19452,1,300
19556,1,300
20236,1,300
20243,1,300
20361,1,300
20470,1,300
21045,1,300
21079,1,300
21096,1,300
21126,1,300
21185,1,300
21251,1,300
21255,1,300
21429,1,300
21478,1,300
21543,1,300
21683,1,300
21684,1,300
21869,1,300
21891,1,300
21927,1,300
21941,1,300
22001,1,300
22065,1,300
22157,1,300
22199,1,300
22209,1,300
22210,1,300
22279,1,300
22324,1,300
22351,1,300
22394,1,300
22428,1,300
22440,1,300
22442,1,300
22589,1,300
22708,1,300
22744,1,300
23057,1,300
23116,1,300
23396,1,300
23620,1,300
23733,1,300
23899,1,300
24009,1,300
24134,1,300
24159,1,300
24169,1,300
24258,1,300
24259,1,300
24412,1,300
24493,1,300
24509,1,300
24553,1,300
24581,1,300
25051,1,300
25186,1,300
25304,1,300
25318,1,300
25335,1,300
25347,1,300
25396,1,300
25425,1,300
25649,1,300
25739,1,300
25773,1,300
26244,1,300
26539,1,300
26618,1,300
27013,1,300
27041,1,300
27063,1,300
27072,1,300
27076,1,300
27144,1,300
27174,1,300
27251,1,300
27326,1,300
27459,1,300
27724,1,300
27860,1,300
27917,1,300
28032,1,300
28050,1,300
28235,1,300
28297,1,300
28365,1,300
28396,1,300
28771,1,300
29065,1,300
29078,1,300
29139,1,300
29215,1,300
29289,1,300
29301,1,300
29307,1,300
29368,1,300
29379,1,300
29500,1,300
29511,1,300
29749,1,300
29955,1,300
29967,1,300
30004,1,300
30063,1,300
30150,1,300
30178,1,300
30259,1,300
30368,1,300
31255,1,300
31255,1,300
31485,1,300
31503,1,300
31948,1,300
32122,1,300
32310,1,300
32337,1,300
32345,1,300
32397,1,300
32942,1,300
33052,1,300
33085,1,300
33134,1,300
33249,1,300
33278,1,300
33393,1,300
33433,1,300
33450,1,300
33496,1,300
33505,1,300
33562,1,300
33564,1,300
33569,1,300
33575,1,300
33585,1,300
33588,1,300
33629,1,300
33682,1,300
33691,1,300
33723,1,300
33920,1,300
33958,1,300
33998,1,300
34005,1,300
34007,1,300
34042,1,300
34051,1,300
34110,1,300
34195,1,300
34229,1,300
34234,1,300
34238,1,300
34245,1,300
34268,1,300
34361,1,300
34406,1,300
34447,1,300
34473,1,300
34501,1,300
34509,1,300
34625,1,300
34823,1,300
34853,1,300
34886,1,300
35025,1,300
35055,1,300
35097,1,300
35280,1,300
35408,1,300
35574,1,300
35763,1,300
35930,1,300
35932,1,300
36017,1,300
36113,1,300
36138,1,300
36193,1,300
36193,1,300
36194,1,300
36222,1,300
36284,1,300
36467,1,300
36490,1,300
36563,1,300
36673,1,300
36675,1,300
36776,1,300
36783,1,300
36873,1,300
36916,1,300
36933,1,300
36952,1,300
37152,1,300
37198,1,300
37204,1,300
37300,1,300
37359,1,300
37397,1,300
37418,1,300
37534,1,300
37658,1,300
38010,1,300
38012,1,300
38040,1,300
38080,1,300
38135,1,300
38217,1,300
38225,1,300
38269,1,300
38446,1,300
38558,1,300
38626,1,300
38648,1,300
38737,1,300
39148,1,300
39160,1,300
39247,1,300
39248,1,300
39317,1,300
39708,1,300
39809,1,300
39856,1,300
39897,1,300
40012,1,300
40024,1,300
40048,1,300
40058,1,300
40109,1,300
40134,1,300
40168,1,300
40174,1,300
40180,1,300
40346,1,300
40398,1,300
40520,1,300
40529,1,300
40557,1,300
40692,1,300
40694,1,300
40861,1,300
40909,1,300
40918,1,300
41089,1,300
41290,1,300
41372,1,300
41503,1,300
41531,1,300
41535,1,300
41703,1,300
41708,1,300
41712,1,300
41784,1,300
41790,1,300
41843,1,300
42063,1,300
42250,1,300
42463,1,300
42549,1,300
42550,1,300
42706,1,300
42755,1,300
42820,1,300
42950,1,300
43020,1,300
43030,1,300
43040,1,300
43045,1,300
43193,1,300
43345,1,300
43738,1,300
43759,1,300
43783,1,300
43982,1,300
43992,1,300
44029,1,300
44091,1,300
44210,1,300
44411,1,300
44420,1,300
44491,1,300
44519,1,300
44632,1,300
45025,1,300
45048,1,300
45049,1,300
45059,1,300
45104,1,300
45109,1,300
45109,1,300
45118,1,300
45173,1,300
45191,1,300
45195,1,300
45215,1,300
45238,1,300
45277,1,300
45280,1,300
45282,1,300
45360,1,300
45361,1,300
45374,1,300
45395,1,300
45404,1,300
45478,1,300
45533,1,300
45545,1,300
45562,1,300
45578,1,300
45587,1,300
45616,1,300
45617,1,300
45661,1,300
45704,1,300
45800,1,300
45818,1,300
45851,1,300
45874,1,300
45911,1,300
45938,1,300
46031,1,300
46035,1,300
46080,1,300
46105,1,300
46202,1,300
46269,1,300
46301,1,300
46345,1,300
46373,1,300
46440,1,300
46471,1,300
46489,1,300
46510,1,300
46530,1,300
46656,1,300
46680,1,300
46686,1,300
46716,1,300
46776,1,300
46823,1,300
46831,1,300
46866,1,300
46876,1,300
46934,1,300
46985,1,300
46997,1,300
47037,1,300
47044,1,300
47065,1,300
47086,1,300
47188,1,300
47200,1,300
47308,1,300
47321,1,300
47350,1,300
47381,1,300
47398,1,300
47400,1,300
47501,1,300
47555,1,300
47618,1,300
47647,1,300
47673,1,300
47718,1,300
47738,1,300
47785,1,300
47791,1,300
47791,1,300
47862,1,300
47891,1,300
47901,1,300
48002,1,300
48040,1,300
48059,1,300
48157,1,300
48176,1,300
48220,1,300
48229,1,300
48302,1,300
48331,1,300
48368,1,300
48514,1,300
48590,1,300
48626,1,300
48635,1,300
48662,1,300
48829,1,300
48831,1,300
48831,1,300
48859,1,300
48880,1,300
48918,1,300
48990,1,300
49007,1,300
49032,1,300
49037,1,300
49052,1,300
49074,1,300
49081,1,300
49193,1,300
49295,1,300
49298,1,300
49315,1,300
49498,1,300
49589,1,300
49708,1,300
49780,1,300
49791,1,300
49809,1,300
49898,1,300
49901,1,300
49903,1,300
49918,1,300
49936,1,300
49940,1,300
49962,1,300
49968,1,300
50004,1,300
50122,1,300
50136,1,300
50143,1,300
50195,1,300
50226,1,300
50228,1,300
50241,1,300
50324,1,300
50427,1,300
50473,1,300
50500,1,300
50588,1,300
50631,1,300
50634,1,300
50652,1,300
50660,1,300
50670,1,300
50697,1,300
50720,1,300
50760,1,300
50855,1,300
50870,1,300
50913,1,300
51028,1,300
51028,1,300
51039,1,300
51044,1,300
51126,1,300
51183,1,300
51211,1,300
51282,1,300
51340,1,300
51485,1,300
51505,1,300
51580,1,300
51604,1,300
51810,1,300
51881,1,300
51964,1,300
51975,1,300
52037,1,300
52051,1,300
52062,1,300
52087,1,300
52100,1,300
52116,1,300
52139,1,300
52169,1,300
52192,1,300
52195,1,300
52213,1,300
52217,1,300
52219,1,300
52274,1,300
52293,1,300
52339,1,300
52380,1,300
52411,1,300
52474,1,300
52510,1,300
52533,1,300
52560,1,300
52683,1,300
52795,1,300
52862,1,300
52974,1,300
53061,1,300
53078,1,300
53117,1,300
53123,1,300
53160,1,300
53164,1,300
53208,1,300
53237,1,300
53241,1,300
53242,1,300
53304,1,300
53311,1,300
53315,1,300
53315,1,300
53321,1,300
53338,1,300
53342,1,300
53345,1,300
53371,1,300
53440,1,300
53508,1,300
53528,1,300
53555,1,300
53617,1,300
53680,1,300
53693,1,300
53741,1,300
53861,1,300
54010,1,300
54065,1,300
54084,1,300
54092,1,300
54111,1,300
54120,1,300
54383,1,300
54401,1,300
54411,1,300
54473,1,300
54575,1,300
54631,1,300
54690,1,300
54711,1,300
54716,1,300
54738,1,300
54760,1,300
54766,1,300
54779,1,300
55055,1,300
55071,1,300
55149,1,300
55290,1,300
55328,1,300
55335,1,300
55358,1,300
55368,1,300
55459,1,300
55511,1,300
55522,1,300
55545,1,300
55549,1,300
55625,1,300
55636,1,300
55651,1,300
55666,1,300
55691,1,300
55705,1,300
55791,1,300
55823,1,300
55907,1,300
55946,1,300
55995,1,300
56000,1,300
56011,1,300
56035,1,300
56095,1,300
56125,1,300
56144,1,300
56187,1,300
56199,1,300
56249,1,300
56304,1,300
56305,1,300
56317,1,300
56344,1,300
56445,1,300
56451,1,300
56457,1,300
56480,1,300
56540,1,300
56608,1,300
56729,1,300
56829,1,300
56844,1,300
57007,1,300
57033,1,300
57038,1,300
57113,1,300
57159,1,300
57193,1,300
57194,1,300
57196,1,300
57303,1,300
57308,1,300
57324,1,300
57326,1,300
57343,1,300
57352,1,300
57358,1,300
57383,1,300
57385,1,300
57427,1,300
57429,1,300
57438,1,300
57445,1,300
57453,1,300
57530,1,300
57533,1,300
57566,1,300
57602,1,300
57606,1,300
57661,1,300
57668,1,300
57673,1,300
57682,1,300
57709,1,300
57739,1,300
57752,1,300
57784,1,300
57882,1,300
57919,1,300
57939,1,300
57947,1,300
58001,1,300
58006,1,300
58042,1,300
58052,1,300
58059,1,300
58075,1,300
58080,1,300
58090,1,300
58176,1,300
58187,1,300
58214,1,300
58250,1,300
58269,1,300
58297,1,300
58301,1,300
58359,1,300
58408,1,300
58409,1,300
58535,1,300
58540,1,300
58577,1,300
58584,1,300
58590,1,300
58599,1,300
58613,1,300
58641,1,300
58683,1,300
58685,1,300
58740,1,300
58760,1,300
58769,1,300
58823,1,300
58829,1,300
58844,1,300
58850,1,300
58901,1,300
58915,1,300
58927,1,300
59018,1,300
59084,1,300
59095,1,300
59200,1,300
59239,1,300
59251,1,300
59260,1,300
59286,1,300
59321,1,300
59356,1,300
59373,1,300
59424,1,300
59434,1,300
59462,1,300
59492,1,300
59493,1,300
59514,1,300
59522,1,300
59526,1,300
59546,1,300
59569,1,300
59579,1,300
59640,1,300
59684,1,300
59712,1,300
59737,1,300
59838,1,300
59880,1,300
59928,1,300
59976,1,300
60040,1,300
60047,1,300
60096,1,300
60134,1,300
60149,1,300
60174,1,300
60187,1,300
60236,1,300
60238,1,300
60249,1,300
60282,1,300
60293,1,300
60302,1,300
60320,1,300
60332,1,300
60367,1,300
60414,1,300
60437,1,300
60456,1,300
60461,1,300
60490,1,300
60548,1,300
60565,1,300
60583,1,300
60618,1,300
60626,1,300
60636,1,300
60647,1,300
60675,1,300
60692,1,300
60744,1,300
60753,1,300
61029,1,300
61041,1,300
61140,1,300
61268,1,300
61270,1,300
61274,1,300
61282,1,300
61297,1,300
61326,1,300
61328,1,300
61337,1,300
61351,1,300
61366,1,300
61369,1,300
61404,1,300
61409,1,300
61417,1,300
61427,1,300
61477,1,300
61487,1,300
61514,1,300
61539,1,300
61542,1,300
61587,1,300
61620,1,300
61652,1,300
61718,1,300
61725,1,300
61739,1,300
61745,1,300
61824,1,300
61829,1,300
62094,1,300
62114,1,300
62138,1,300
62157,1,300
62171,1,300
62182,1,300
62233,1,300
62322,1,300
62361,1,300
62370,1,300
62371,1,300
62381,1,300
62399,1,300
62418,1,300
62460,1,300
62466,1,300
62481,1,300
62485,1,300
62506,1,300
62513,1,300
62522,1,300
62525,1,300
62564,1,300
62571,1,300
62648,1,300
62701,1,300
62717,1,300
62722,1,300
62757,1,300
62807,1,300
62822,1,300
62899,1,300
63025,1,300
63033,1,300
63039,1,300
63045,1,300
63096,1,300
63107,1,300
63178,1,300
63211,1,300
63220,1,300
63338,1,300
63410,1,300
63411,1,300
63447,1,300
63490,1,300
63501,1,300
63507,1,300
63514,1,300
63540,1,300
63577,1,300
63581,1,300
63641,1,300
63710,1,300
63795,1,300
63933,1,300
63945,1,300
63947,1,300
63950,1,300
63982,1,300
64009,1,300
64014,1,300
64025,1,300
64026,1,300
64056,1,300
64070,1,300
64091,1,300
64091,1,300
64110,1,300
64112,1,300
64124,1,300
64139,1,300
64172,1,300
64180,1,300
64271,1,300
64294,1,300
64419,1,300
64424,1,300
64453,1,300
64507,1,300
64570,1,300
64653,1,300
64687,1,300
64728,1,300
64756,1,300
64758,1,300
64899,1,300
64958,1,300
64967,1,300
64967,1,300
65010,1,300
65052,1,300
65076,1,300
65090,1,300
65116,1,300
65127,1,300
65152,1,300
65162,1,300
65164,1,300
65175,1,300
65318,1,300
65320,1,300
65350,1,300
65377,1,300
65391,1,300
65399,1,300
65461,1,300
65461,1,300
65494,1,300
65504,1,300
65564,1,300
65568,1,300
65621,1,300
65672,1,300
65685,1,300
65688,1,300
65698,1,300
65714,1,300
65722,1,300
65747,1,300
65755,1,300
65797,1,300
65812,1,300
65813,1,300
65826,1,300
65935,1,300
66002,1,300
66018,1,300
66025,1,300
66043,1,300
66092,1,300
66137,1,300
66211,1,300
66215,1,300
66218,1,300
66229,1,300
66244,1,300
66263,1,300
66293,1,300
66306,1,300
66320,1,300
66358,1,300
66363,1,300
66368,1,300
66382,1,300
66396,1,300
66485,1,300
66496,1,300
66503,1,300
66613,1,300
66616,1,300
66663,1,300
66694,1,300
66694,1,300
66744,1,300
66818,1,300
66832,1,300
67004,1,300
67014,1,300
67069,1,300
67077,1,300
67096,1,300
67135,1,300
67167,1,300
67206,1,300
67219,1,300
67234,1,300
67241,1,300
67277,1,300
67284,1,300
67299,1,300
67321,1,300
67348,1,300
67412,1,300
67423,1,300
67428,1,300
67467,1,300
67552,1,300
67643,1,300
67672,1,300
67688,1,300
67698,1,300
67773,1,300
67791,1,300
67813,1,300
67817,1,300
67972,1,300
68070,1,300
68121,1,300
68172,1,300
68177,1,300
68238,1,300
68275,1,300
68291,1,300
68298,1,300
68331,1,300
68335,1,300
68370,1,300
68412,1,300
68440,1,300
68460,1,300
68480,1,300
68497,1,300
68548,1,300
68606,1,300
68612,1,300
68645,1,300
68651,1,300
68654,1,300
68729,1,300
68737,1,300
68779,1,300
68794,1,300
68825,1,300
68825,1,300
68889,1,300
68929,1,300
68981,1,300
69000,1,300
69000,1,300
69027,1,300
69031,1,300
69079,1,300
69096,1,300
69099,1,300
69112,1,300
69118,1,300
69125,1,300
69128,1,300
69154,1,300
69173,1,300
69181,1,300
69193,1,300
69194,1,300
69222,1,300
69241,1,300
69247,1,300
69263,1,300
69268,1,300
69322,1,300
69361,1,300
69419,1,300
69447,1,300
69449,1,300
69453,1,300
69461,1,300
69463,1,300
69477,1,300
69480,1,300
69487,1,300
69506,1,300
69516,1,300
69541,1,300
69550,1,300
69560,1,300
69604,1,300
69635,1,300
69670,1,300
69671,1,300
69675,1,300
69686,1,300
69687,1,300
69727,1,300
69739,1,300
69749,1,300
69760,1,300
69764,1,300
69767,1,300
69774,1,300
69781,1,300
69799,1,300
69822,1,300
69859,1,300
69885,1,300
69901,1,300
69913,1,300
69915,1,300
69931,1,300
69933,1,300
69945,1,300
70002,1,300
70004,1,300
70004,1,300
70029,1,300
70030,1,300
70040,1,300
70042,1,300
70088,1,300
70130,1,300
70139,1,300
70145,1,300
70149,1,300
70166,1,300
70174,1,300
70185,1,300
70207,1,300
70228,1,300
70230,1,300
70245,1,300
70286,1,300
70306,1,300
70344,1,300
70375,1,300
70378,1,300
70477,1,300
70511,1,300
70512,1,300
70515,1,300
70523,1,300
70529,1,300
70539,1,300
70631,1,300
70641,1,300
70671,1,300
70706,1,300
70724,1,300
70731,1,300
70761,1,300
70781,1,300
70838,1,300
70848,1,300
70875,1,300
70881,1,300
70905,1,300
70908,1,300
70919,1,300
70931,1,300
70938,1,300
71039,1,300
71056,1,300
71061,1,300
71083,1,300
71100,1,300
71132,1,300
71161,1,300
71173,1,300
71223,1,300
71227,1,300
71227,1,300
71248,1,300
71260,1,300
71316,1,300
71316,1,300
71321,1,300
71336,1,300
71368,1,300
71383,1,300
71389,1,300
71468,1,300
71482,1,300
71504,1,300
71513,1,300
71547,1,300
71560,1,300
71639,1,300
71667,1,300
71718,1,300
71750,1,300
71763,1,300
71816,1,300
71821,1,300
71865,1,300
71874,1,300
71957,1,300
72003,1,300
72016,1,300
72030,1,300
72036,1,300
72061,1,300
72071,1,300
72130,1,300
72138,1,300
72147,1,300
72151,1,300
72154,1,300
72199,1,300
72208,1,300
72231,1,300
72263,1,300
72266,1,300
72269,1,300
72292,1,300
72323,1,300
72326,1,300
72328,1,300
72329,1,300
72361,1,300
72374,1,300
72410,1,300
72418,1,300
72457,1,300
72470,1,300
72614,1,300
72635,1,300
72638,1,300
72643,1,300
72644,1,300
72650,1,300
72677,1,300
72681,1,300
72685,1,300
72694,1,300
72751,1,300
72776,1,300
72779,1,300
72797,1,300
72800,1,300
72820,1,300
72877,1,300
72912,1,300
72922,1,300
72923,1,300
72949,1,300
72968,1,300
72969,1,300
72989,1,300
72998,1,300
73000,1,300
73000,1,300
73003,1,300
73009,1,300
73010,1,300
73012,1,300
73016,1,300
73020,1,300
73037,1,300
73071,1,300
73087,1,300
73163,1,300
73195,1,300
73252,1,300
73260,1,300
73263,1,300
73279,1,300
73326,1,300
73330,1,300
73357,1,300
73361,1,300
73392,1,300
73394,1,300
73418,1,300
73477,1,300
73499,1,300
73541,1,300
73543,1,300
73547,1,300
73565,1,300
73631,1,300
73696,1,300
73706,1,300
73744,1,300
73746,1,300
73878,1,300
73890,1,300
73898,1,300
73947,1,300
73950,1,300
73974,1,300
73989,1,300
74016,1,300
74029,1,300
74043,1,300
74061,1,300
74061,1,300
74065,1,300
74065,1,300
74067,1,300
74080,1,300
74086,1,300
74090,1,300
74124,1,300
74126,1,300
74134,1,300
74160,1,300
74182,1,300
74231,1,300
74246,1,300
74250,1,300
74256,1,300
74274,1,300
74280,1,300
74283,1,300
74347,1,300
74370,1,300
74373,1,300
74375,1,300
74386,1,300
74443,1,300
74451,1,300
74465,1,300
74473,1,300
74482,1,300
74484,1,300
74495,1,300
74557,1,300
74578,1,300
74633,1,300
74663,1,300
74686,1,300
74687,1,300
74729,1,300
74732,1,300
74744,1,300
74747,1,300
74752,1,300
74759,1,300
74792,1,300
74802,1,300
74803,1,300
74832,1,300
75030,1,300
75039,1,300
75069,1,300
75071,1,300
75077,1,300
75133,1,300
75136,1,300
75145,1,300
75158,1,300
75164,1,300
75170,1,300
75175,1,300
75180,1,300
75204,1,300
75219,1,300
75223,1,300
75226,1,300
75232,1,300
75276,1,300
75324,1,300
75350,1,300
75354,1,300
75380,1,300
75410,1,300
75428,1,300
75445,1,300
75467,1,300
75479,1,300
75536,1,300
75547,1,300
75550,1,300
75569,1,300
75574,1,300
75617,1,300
75620,1,300
75632,1,300
75658,1,300
75659,1,300
75670,1,300
75683,1,300
75697,1,300
75716,1,300
75752,1,300
75759,1,300
75787,1,300
76004,1,300
76019,1,300
76039,1,300
76040,1,300
76040,1,300
76070,1,300
76097,1,300
76101,1,300
76126,1,300
76150,1,300
76185,1,300
76187,1,300
76189,1,300
76195,1,300
76201,1,300
76210,1,300
76211,1,300
76218,1,300
76223,1,300
76225,1,300
76240,1,300
76245,1,300
76281,1,300
76295,1,300
76348,1,300
76382,1,300
76400,1,300
76412,1,300
76413,1,300
76473,1,300
76488,1,300
76491,1,300
76510,1,300
76538,1,300
76568,1,300
76627,1,300
76687,1,300
76772,1,300
76778,1,300
76795,1,300
76800,1,300
76812,1,300
76831,1,300
76876,1,300
77061,1,300
77072,1,300
77090,1,300
77114,1,300
77170,1,300
77170,1,300
77173,1,300
77191,1,300
77240,1,300
77255,1,300
77256,1,300
77299,1,300
77341,1,300
77353,1,300
77369,1,300
77396,1,300
77399,1,300
77400,1,300
77402,1,300
77444,1,300
77459,1,300
77506,1,300
77525,1,300
77554,1,300
77591,1,300
77593,1,300
77640,1,300
77664,1,300
77686,1,300
77746,1,300
77766,1,300
77804,1,300
77807,1,300
77814,1,300
77818,1,300
77881,1,300
77884,1,300
77932,1,300
77946,1,300
77978,1,300
77984,1,300
77999,1,300
78046,1,300
78055,1,300
78060,1,300
78062,1,300
78092,1,300
78099,1,300
78115,1,300
78120,1,300
78138,1,300
78147,1,300
78153,1,300
78186,1,300
78186,1,300
78187,1,300
78233,1,300
78238,1,300
78248,1,300
78271,1,300
78340,1,300
78376,1,300
78402,1,300
78452,1,300
78468,1,300
78498,1,300
78511,1,300
78522,1,300
78524,1,300
78548,1,300
78549,1,300
78582,1,300
78623,1,300
78673,1,300
78674,1,300
78708,1,300
78740,1,300
78747,1,300
78757,1,300
78791,1,300
78815,1,300
78833,1,300
78846,1,300
78851,1,300
78858,1,300
78906,1,300
78913,1,300
78918,1,300
79007,1,300
79064,1,300
79114,1,300
79121,1,300
79187,1,300
79190,1,300
79255,1,300
79277,1,300
79293,1,300
79293,1,300
79349,1,300
79367,1,300
79390,1,300
79473,1,300
79487,1,300
79512,1,300
79582,1,300
79616,1,300
79628,1,300
79631,1,300
79632,1,300
79670,1,300
79727,1,300
79739,1,300
79786,1,300
79839,1,300
79850,1,300
79881,1,300
79959,1,300
79964,1,300
79964,1,300
79990,1,300
79993,1,300
80001,1,300
80003,1,300
80019,1,300
80023,1,300
80055,1,300
80059,1,300
80065,1,300
80070,1,300
80073,1,300
80073,1,300
80077,1,300
80093,1,300
80098,1,300
80105,1,300
80107,1,300
80137,1,300
80146,1,300
80148,1,300
80149,1,300
80214,1,300
80255,1,300
80335,1,300
80375,1,300
80384,1,300
80396,1,300
80409,1,300
80460,1,300
80474,1,300
80475,1,300
80476,1,300
80481,1,300
80482,1,300
80506,1,300
80627,1,300
80665,1,300
80678,1,300
80681,1,300
80698,1,300
80702,1,300
80709,1,300
80728,1,300
80729,1,300
80781,1,300
80791,1,300
80828,1,300
80830,1,300
80835,1,300
80843,1,300
80864,1,300
80867,1,300
80873,1,300
80901,1,300
81035,1,300
81037,1,300
81073,1,300
81078,1,300
81088,1,300
81117,1,300
81123,1,300
81129,1,300
81140,1,300
81142,1,300
81155,1,300
81162,1,300
81167,1,300
81219,1,300
81223,1,300
81232,1,300
81256,1,300
81295,1,300
81312,1,300
81313,1,300
81330,1,300
81334,1,300
81357,1,300
81360,1,300
81363,1,300
81404,1,300
81415,1,300
81417,1,300
81461,1,300
81473,1,300
81529,1,300
81535,1,300
81557,1,300
81566,1,300
81581,1,300
81611,1,300
81614,1,300
81649,1,300
81658,1,300
81667,1,300
81679,1,300
81705,1,300
81720,1,300
81730,1,300
81738,1,300
81740,1,300
81757,1,300
81768,1,300
81769,1,300
81780,1,300
81783,1,300
81784,1,300
81799,1,300
81822,1,300
81840,1,300
81854,1,300
81864,1,300
81876,1,300
81887,1,300
81889,1,300
81914,1,300
81934,1,300
82016,1,300
82019,1,300
82108,1,300
82112,1,300
82142,1,300
82177,1,300
82183,1,300
82209,1,300
82211,1,300
82253,1,300
82282,1,300
82289,1,300
82296,1,300
82338,1,300
82355,1,300
82371,1,300
82371,1,300
82398,1,300
82440,1,300
82479,1,300
82489,1,300
82511,1,300
82541,1,300
82559,1,300
82564,1,300
82596,1,300
82607,1,300
82659,1,300
82676,1,300
82701,1,300
82724,1,300
82742,1,300
82752,1,300
82752,1,300
82784,1,300
82785,1,300
82806,1,300
82818,1,300
82835,1,300
82854,1,300
82875,1,300
82910,1,300
82912,1,300
82953,1,300
82960,1,300
82964,1,300
82983,1,300
83016,1,300
83034,1,300
83036,1,300
83049,1,300
83051,1,300
83053,1,300
83074,1,300
83079,1,300
83107,1,300
83165,1,300
83198,1,300
83251,1,300
83267,1,300
83291,1,300
83332,1,300
83335,1,300
83347,1,300
83414,1,300
83437,1,300
83457,1,300
83471,1,300
83485,1,300
83491,1,300
83494,1,300
83496,1,300
83521,1,300
83541,1,300
83572,1,300
83576,1,300
83585,1,300
83608,1,300
83608,1,300
83626,1,300
83659,1,300
83675,1,300
83707,1,300
83711,1,300
83714,1,300
83770,1,300
83811,1,300
83819,1,300
83823,1,300
83830,1,300
83850,1,300
83855,1,300
83870,1,300
83876,1,300
83890,1,300
83895,1,300
83908,1,300
83925,1,300
83962,1,300
83966,1,300
83983,1,300
84013,1,300
84014,1,300
84035,1,300
84117,1,300
84151,1,300
84197,1,300
84199,1,300
84227,1,300
84256,1,300
84291,1,300
84292,1,300
84304,1,300
84367,1,300
84407,1,300
84433,1,300
84449,1,300
84468,1,300
84501,1,300
84514,1,300
84586,1,300
84618,1,300
84626,1,300
84630,1,300
84631,1,300
84636,1,300
84657,1,300
84672,1,300
84685,1,300
84718,1,300
84727,1,300
84741,1,300
84750,1,300
84769,1,300
84791,1,300
84866,1,300
84896,1,300
84897,1,300
84898,1,300
84906,1,300
84911,1,300
84914,1,300
84930,1,300
84996,1,300
85001,1,300
85004,1,300
85020,1,300
85022,1,300
85024,1,300
85032,1,300
85037,1,300
85042,1,300
85064,1,300
85075,1,300
85080,1,300
85082,1,300
85084,1,300
85086,1,300
85093,1,300
85099,1,300
85099,1,300
85101,1,300
85103,1,300
85104,1,300
85107,1,300
85132,1,300
85134,1,300
85146,1,300
85148,1,300
85149,1,300
85149,1,300
85166,1,300
85190,1,300
85203,1,300
85204,1,300
85218,1,300
85234,1,300
85241,1,300
85250,1,300
85262,1,300
85265,1,300
85293,1,300
85302,1,300
85322,1,300
85345,1,300
85363,1,300
85400,1,300
85429,1,300
85445,1,300
85458,1,300
85479,1,300
85483,1,300
85510,1,300
85536,1,300
85548,1,300
85596,1,300
85630,1,300
85649,1,300
85680,1,300
85690,1,300
86004,1,300
86019,1,300
86036,1,300
86065,1,300
86078,1,300
86101,1,300
86123,1,300
86125,1,300
86178,1,300
86192,1,300
86202,1,300
86217,1,300
86226,1,300
86248,1,300
86279,1,300
86292,1,300
86307,1,300
86324,1,300
86324,1,300
86352,1,300
86368,1,300
86375,1,300
86397,1,300
86416,1,300
86439,1,300
86456,1,300
86457,1,300
86491,1,300
86510,1,300
86553,1,300
86561,1,300
86625,1,300
86630,1,300
86630,1,300
86648,1,300
86664,1,300
86668,1,300
86687,1,300
86701,1,300
86717,1,300
86772,1,300
86782,1,300
86806,1,300
86824,1,300
86837,1,300
86845,1,300
86943,1,300
86965,1,300
86975,1,300
87022,1,300
87029,1,300
87072,1,300
87096,1,300
87138,1,300
87144,1,300
87166,1,300
87171,1,300
87177,1,300
87212,1,300
87216,1,300
87245,1,300
87254,1,300
87265,1,300
87281,1,300
87304,1,300
87336,1,300
87351,1,300
87358,1,300
87365,1,300
87383,1,300
87389,1,300
87423,1,300
87427,1,300
87430,1,300
87448,1,300
87471,1,300
87480,1,300
87492,1,300
87523,1,300
87533,1,300
87533,1,300
87540,1,300
87553,1,300
87556,1,300
87593,1,300
87648,1,300
87691,1,300
87717,1,300
87752,1,300
87770,1,300
87795,1,300
87846,1,300
87889,1,300
87945,1,300
87998,1,300
87999,1,300
88015,1,300
88056,1,300
88081,1,300
88090,1,300
88091,1,300
88098,1,300
88099,1,300
88104,1,300
88106,1,300
88116,1,300
88132,1,300
88137,1,300
88149,1,300
88236,1,300
88238,1,300
88247,1,300
88255,1,300
88257,1,300
88265,1,300
88270,1,300
88283,1,300
88287,1,300
88310,1,300
88316,1,300
88342,1,300
88344,1,300
88372,1,300
88375,1,300
88387,1,300
88398,1,300
88421,1,300
88453,1,300
88495,1,300
88511,1,300
88526,1,300
88544,1,300
88571,1,300
88595,1,300
88609,1,300
88641,1,300
88661,1,300
88667,1,300
88697,1,300
88768,1,300
88799,1,300
88810,1,300
88814,1,300
88827,1,300
88840,1,300
88843,1,300
88856,1,300
88856,1,300
88927,1,300
88934,1,300
89030,1,300
89042,1,300
89053,1,300
89070,1,300
89080,1,300
89094,1,300
89094,1,300
89108,1,300
89108,1,300
89112,1,300
89120,1,300
89141,1,300
89141,1,300
89163,1,300
89199,1,300
89200,1,300
89201,1,300
89242,1,300
89245,1,300
89303,1,300
89324,1,300
89335,1,300
89360,1,300
89380,1,300
89395,1,300
89423,1,300
89446,1,300
89451,1,300
89468,1,300
89483,1,300
89511,1,300
89591,1,300
89596,1,300
89625,1,300
89642,1,300
89656,1,300
89659,1,300
89669,1,300
89682,1,300
89687,1,300
89706,1,300
89721,1,300
89727,1,300
89729,1,300
89755,1,300
89773,1,300
89786,1,300
89798,1,300
89822,1,300
90007,1,300
90008,1,300
90016,1,300
90017,1,300
90056,1,300
90100,1,300
90102,1,300
90117,1,300
90181,1,300
90190,1,300
90210,1,300
90249,1,300
90254,1,300
90283,1,300
90312,1,300
90323,1,300
90346,1,300
90357,1,300
90361,1,300
90376,1,300
90384,1,300
90385,1,300
90409,1,300
90414,1,300
90416,1,300
90442,1,300
90452,1,300
90511,1,300
90521,1,300
90533,1,300
90537,1,300
90566,1,300
90586,1,300
90621,1,300
90639,1,300
90647,1,300
90665,1,300
90676,1,300
90749,1,300
90777,1,300
90787,1,300
90791,1,300
90793,1,300
90855,1,300
90871,1,300
90886,1,300
91006,1,300
91020,1,300
91048,1,300
91098,1,300
91099,1,300
91109,1,300
91154,1,300
91155,1,300
91164,1,300
91164,1,300
91171,1,300
91202,1,300
91238,1,300
91244,1,300
91256,1,300
91292,1,300
91300,1,300
91314,1,300
91339,1,300
91345,1,300
91373,1,300
91389,1,300
91392,1,300
91397,1,300
91400,1,300
91419,1,300
91426,1,300
91443,1,300
91447,1,300
91481,1,300
91521,1,300
91549,1,300
91555,1,300
91563,1,300
91615,1,300
91622,1,300
91689,1,300
91722,1,300
91729,1,300
91740,1,300
91773,1,300
91788,1,300
91832,1,300
91853,1,300
91873,1,300
91877,1,300
91879,1,300
91901,1,300
91914,1,300
92051,1,300
92105,1,300
92121,1,300
92149,1,300
92191,1,300
92264,1,300
92266,1,300
92280,1,300
92281,1,300
92291,1,300
92298,1,300
92347,1,300
92367,1,300
92383,1,300
92390,1,300
92395,1,300
92406,1,300
92461,1,300
92487,1,300
92487,1,300
92495,1,300
92513,1,300
92514,1,300
92526,1,300
92560,1,300
92590,1,300
92594,1,300
92623,1,300
92679,1,300
92685,1,300
92696,1,300
92729,1,300
92752,1,300
92754,1,300
92754,1,300
92760,1,300
92809,1,300
92823,1,300
92834,1,300
92840,1,300
92855,1,300
92903,1,300
92904,1,300
92915,1,300
92919,1,300
92921,1,300
92934,1,300
93030,1,300
93062,1,300
93065,1,300
93087,1,300
93090,1,300
93129,1,300
93131,1,300
93136,1,300
93162,1,300
93185,1,300
93187,1,300
93191,1,300
93193,1,300
93202,1,300
93212,1,300
93243,1,300
93252,1,300
93264,1,300
93278,1,300
93334,1,300
93338,1,300
93338,1,300
93352,1,300
93353,1,300
93356,1,300
93356,1,300
93358,1,300
93368,1,300
93396,1,300
93399,1,300
93406,1,300
93407,1,300
93422,1,300
93429,1,300
93436,1,300
93438,1,300
93440,1,300
93443,1,300
93482,1,300
93485,1,300
93516,1,300
93533,1,300
93553,1,300
93570,1,300
93574,1,300
93586,1,300
93597,1,300
93617,1,300
93633,1,300
93659,1,300
93670,1,300
93689,1,300
93692,1,300
93698,1,300
93707,1,300
93715,1,300
93718,1,300
93728,1,300
93731,1,300
93754,1,300
93828,1,300
93846,1,300
93849,1,300
93889,1,300
93889,1,300
93904,1,300
93916,1,300
93931,1,300
93932,1,300
93933,1,300
93935,1,300
93937,1,300
93941,1,300
93952,1,300
94000,1,300
94017,1,300
94022,1,300
94026,1,300
94039,1,300
94061,1,300
94063,1,300
94069,1,300
94104,1,300
94113,1,300
94115,1,300
94127,1,300
94163,1,300
94179,1,300
94211,1,300
94227,1,300
94228,1,300
94265,1,300
94282,1,300
94298,1,300
94319,1,300
94338,1,300
94353,1,300
94354,1,300
94367,1,300
94388,1,300
94422,1,300
94456,1,300
94475,1,300
94537,1,300
94616,1,300
94635,1,300
94651,1,300
94693,1,300
94705,1,300
94706,1,300
94714,1,300
94724,1,300
94755,1,300
94778,1,300
94800,1,300
94801,1,300
94807,1,300
94811,1,300
94830,1,300
94830,1,300
94831,1,300
94835,1,300
94842,1,300
94850,1,300
94856,1,300
94857,1,300
94871,1,300
94876,1,300
95025,1,300
95060,1,300
95062,1,300
95070,1,300
95072,1,300
95072,1,300
95096,1,300
95144,1,300
95162,1,300
95167,1,300
95175,1,300
95266,1,300
95268,1,300
95273,1,300
95278,1,300
95334,1,300
95409,1,300
95415,1,300
95442,1,300
95456,1,300
95466,1,300
95473,1,300
95476,1,300
95477,1,300
95547,1,300
95558,1,300
95694,1,300
95707,1,300
95728,1,300
95741,1,300
95779,1,300
95780,1,300
95790,1,300
95798,1,300
95807,1,300
95811,1,300
95828,1,300
95829,1,300
95843,1,300
95854,1,300
95896,1,300
95911,1,300
95916,1,300
95926,1,300
95970,1,300
95976,1,300
95991,1,300
95996,1,300
96019,1,300
96027,1,300
96051,1,300
96052,1,300
96060,1,300
96070,1,300
96096,1,300
96112,1,300
96128,1,300
96188,1,300
96206,1,300
96227,1,300
96234,1,300
96239,1,300
96267,1,300
96272,1,300
96284,1,300
96289,1,300
96309,1,300
96355,1,300
96356,1,300
96426,1,300
96449,1,300
96455,1,300
96458,1,300
96502,1,300
96520,1,300
96523,1,300
96547,1,300
96552,1,300
96597,1,300
96600,1,300
96603,1,300
96648,1,300
96665,1,300
96701,1,300
96722,1,300
96731,1,300
96744,1,300
96790,1,300
96798,1,300
96804,1,300
96811,1,300
96811,1,300
96906,1,300
96928,1,300
96976,1,300
97020,1,300
97024,1,300
97028,1,300
97028,1,300
97053,1,300
97059,1,300
97074,1,300
97081,1,300
97097,1,300
97107,1,300
97113,1,300
97119,1,300
97136,1,300
97162,1,300
97166,1,300
97169,1,300
97186,1,300
97196,1,300
97198,1,300
97205,1,300
97209,1,300
97214,1,300
97228,1,300
97231,1,300
97310,1,300
97316,1,300
97352,1,300
97352,1,300
97355,1,300
97376,1,300
97382,1,300
97399,1,300
97415,1,300
97461,1,300
97462,1,300
97546,1,300
97574,1,300
97578,1,300
97607,1,300
97638,1,300
97700,1,300
97706,1,300
97737,1,300
97759,1,300
97775,1,300
97786,1,300
97798,1,300
97802,1,300
97803,1,300
97819,1,300
97820,1,300
97827,1,300
97878,1,300
97892,1,300
97928,1,300
97952,1,300
97963,1,300
97971,1,300
97994,1,300
98015,1,300
98017,1,300
98075,1,300
98090,1,300
98092,1,300
98183,1,300
98188,1,300
98193,1,300
98221,1,300
98229,1,300
98231,1,300
98262,1,300
98296,1,300
98340,1,300
98344,1,300
98357,1,300
98365,1,300
98387,1,300
98388,1,300
98473,1,300
98482,1,300
98483,1,300
98488,1,300
98545,1,300
98637,1,300
98642,1,300
98657,1,300
98718,1,300
98719,1,300
98737,1,300
98742,1,300
98744,1,300
98755,1,300
98778,1,300
98787,1,300
98819,1,300
98824,1,300
98839,1,300
98841,1,300
98846,1,300
98866,1,300
98875,1,300
98894,1,300
98943,1,300
98947,1,300
98959,1,300
99006,1,300
99007,1,300
99027,1,300
99031,1,300
99047,1,300
99051,1,300
99067,1,300
99092,1,300
99107,1,300
99138,1,300
99139,1,300
99161,1,300
99179,1,300
99191,1,300
99233,1,300
99259,1,300
99264,1,300
99283,1,300
99286,1,300
99286,1,300
99297,1,300
99327,1,300
99336,1,300
99343,1,300
99345,1,300
99392,1,300
99405,1,300
99432,1,300
99486,1,300
99503,1,300
99515,1,300
99533,1,300
99556,1,300
99558,1,300
99563,1,300
99563,1,300
99599,1,300
99635,1,300
99651,1,300
99664,1,300
99671,1,300
99695,1,300
99703,1,300
99706,1,300
99708,1,300
99759,1,300
99921,1,300
99930,1,300
99933,1,300
99969,1,300
99971,1,300
100005,1,300
100030,1,300
100037,1,300
100038,1,300
100044,1,300
100047,1,300
100063,1,300
100081,1,300
100083,1,300
100151,1,300
100170,1,300
100184,1,300
100199,1,300
100213,1,300
100213,1,300
100250,1,300
100261,1,300
100278,1,300
100298,1,300
100315,1,300
100327,1,300
100341,1,300
100342,1,300
100356,1,300
100365,1,300
100369,1,300
100384,1,300
100440,1,300
100504,1,300
100526,1,300
100531,1,300
100544,1,300
100549,1,300
100593,1,300
100615,1,300
100621,1,300
100659,1,300
100668,1,300
100678,1,300
100685,1,300
100690,1,300
100698,1,300
100699,1,300
100716,1,300
100727,1,300
100769,1,300
100802,1,300
100806,1,300
100813,1,300
100844,1,300
100861,1,300
100863,1,300
101002,1,300
101009,1,300
101021,1,300
101054,1,300
101056,1,300
101083,1,300
101133,1,300
101161,1,300
101171,1,300
101223,1,300
101226,1,300
101228,1,300
101237,1,300
101305,1,300
101380,1,300
101400,1,300
101435,1,300
101513,1,300
101520,1,300
101525,1,300
101563,1,300
101564,1,300
101583,1,300
101628,1,300
101647,1,300
101723,1,300
101807,1,300
101814,1,300
101815,1,300
101859,1,300
101868,1,300
101884,1,300
101896,1,300
101933,1,300
101944,1,300
101951,1,300
102009,1,300
102010,1,300
102013,1,300
102014,1,300
102016,1,300
102034,1,300
102035,1,300
102074,1,300
102076,1,300
102083,1,300
102085,1,300
102103,1,300
102104,1,300
102114,1,300
102128,1,300
102241,1,300
102246,1,300
102248,1,300
102279,1,300
102290,1,300
102305,1,300
102307,1,300
102326,1,300
102327,1,300
102331,1,300
102367,1,300
102388,1,300
102421,1,300
102433,1,300
102445,1,300
102488,1,300
102509,1,300
102537,1,300
102539,1,300
102567,1,300
102574,1,300
102577,1,300
102643,1,300
102661,1,300
102668,1,300
102673,1,300
102692,1,300
102694,1,300
102728,1,300
102764,1,300
102765,1,300
102776,1,300
102783,1,300
102900,1,300
102924,1,300
102930,1,300
102963,1,300
102972,1,300
103004,1,300
103005,1,300
103016,1,300
103035,1,300
103042,1,300
103057,1,300
103078,1,300
103126,1,300
103136,1,300
103165,1,300
103184,1,300
103201,1,300
103219,1,300
103242,1,300
103242,1,300
103243,1,300
103271,1,300
103283,1,300
103287,1,300
103368,1,300
103409,1,300
103478,1,300
103508,1,300
103550,1,300
103562,1,300
103581,1,300
103595,1,300
103617,1,300
103635,1,300
103640,1,300
103642,1,300
103658,1,300
103732,1,300
103739,1,300
103751,1,300
103753,1,300
103799,1,300
103831,1,300
103928,1,300
103929,1,300
103938,1,300
103964,1,300
103981,1,300
103984,1,300
103988,1,300
103995,1,300
104028,1,300
104029,1,300
104089,1,300
104099,1,300
104130,1,300
104189,1,300
104215,1,300
104221,1,300
104239,1,300
104306,1,300
104307,1,300
104336,1,300
104338,1,300
104351,1,300
104360,1,300
104369,1,300
104372,1,300
104374,1,300
104376,1,300
104407,1,300
104446,1,300
104472,1,300
104483,1,300
104490,1,300
104492,1,300
104520,1,300
104581,1,300
104602,1,300
104615,1,300
104654,1,300
104665,1,300
104740,1,300
104788,1,300
104803,1,300
104838,1,300
104840,1,300
104853,1,300
104883,1,300
104888,1,300
104896,1,300
104917,1,300
104918,1,300
104922,1,300
105009,1,300
105011,1,300
105033,1,300
105074,1,300
105096,1,300
105096,1,300
105112,1,300
105138,1,300
105145,1,300
105175,1,300
105216,1,300
105223,1,300
105231,1,300
105259,1,300
105261,1,300
105262,1,300
105268,1,300
105271,1,300
105282,1,300
105283,1,300
105298,1,300
105298,1,300
105318,1,300
105325,1,300
105340,1,300
105344,1,300
105345,1,300
105366,1,300
105368,1,300
105385,1,300
105401,1,300
105407,1,300
105412,1,300
105437,1,300
105462,1,300
105502,1,300
105504,1,300
105522,1,300
105530,1,300
105552,1,300
105559,1,300
105572,1,300
105579,1,300
105587,1,300
105725,1,300
105738,1,300
105741,1,300
105774,1,300
105802,1,300
105810,1,300
105873,1,300
105898,1,300
105898,1,300
105907,1,300
106022,1,300
106026,1,300
106043,1,300
106059,1,300
106130,1,300
106139,1,300
106184,1,300
106188,1,300
106244,1,300
106248,1,300
106254,1,300
106264,1,300
106311,1,300
106322,1,300
106322,1,300
106326,1,300
106339,1,300
106391,1,300
106403,1,300
106424,1,300
106428,1,300
106448,1,300
106515,1,300
106522,1,300
106526,1,300
106575,1,300
106587,1,300
106670,1,300
106730,1,300
106875,1,300
106878,1,300
106908,1,300
106920,1,300
106933,1,300
106935,1,300
106942,1,300
106953,1,300
106968,1,300
106970,1,300
106975,1,300
106991,1,300
107008,1,300
107019,1,300
107042,1,300
107087,1,300
107104,1,300
107117,1,300
107165,1,300
107177,1,300
107177,1,300
107224,1,300
107262,1,300
107310,1,300
107331,1,300
107470,1,300
107499,1,300
107522,1,300
107524,1,300
107533,1,300
107597,1,300
107610,1,300
107682,1,300
107729,1,300
107741,1,300
107757,1,300
107770,1,300
107788,1,300
107846,1,300
107884,1,300
107906,1,300
107907,1,300
107970,1,300
108007,1,300
108012,1,300
108023,1,300
108061,1,300
108064,1,300
108069,1,300
108072,1,300
108106,1,300
108115,1,300
108127,1,300
108170,1,300
108184,1,300
108207,1,300
108214,1,300
108219,1,300
108254,1,300
108265,1,300
108281,1,300
108297,1,300
108356,1,300
108582,1,300
108614,1,300
108620,1,300
108621,1,300
108686,1,300
108765,1,300
108847,1,300
108850,1,300
108895,1,300
108901,1,300
108927,1,300
108941,1,300
108950,1,300
108973,1,300
109002,1,300
109005,1,300
109016,1,300
109017,1,300
109039,1,300
109057,1,300
109067,1,300
109070,1,300
109075,1,300
109087,1,300
109092,1,300
109096,1,300
109102,1,300
109107,1,300
109120,1,300
109123,1,300
109125,1,300
109129,1,300
109143,1,300
109150,1,300
109151,1,300
109158,1,300
109203,1,300
109223,1,300
109252,1,300
109282,1,300
109336,1,300
109340,1,300
109345,1,300
109367,1,300
109369,1,300
109433,1,300
109466,1,300
109466,1,300
109514,1,300
109542,1,300
109549,1,300
109623,1,300
109632,1,300
109636,1,300
109659,1,300
109669,1,300
109715,1,300
109725,1,300
109747,1,300
109764,1,300
109798,1,300
110028,1,300
110046,1,300
110101,1,300
110108,1,300
110162,1,300
110164,1,300
110183,1,300
110189,1,300
110198,1,300
110224,1,300
110225,1,300
110250,1,300
110254,1,300
110264,1,300
110312,1,300
110313,1,300
110333,1,300
110359,1,300
110370,1,300
110391,1,300
110407,1,300
110438,1,300
110466,1,300
110479,1,300
110492,1,300
110534,1,300
110640,1,300
110689,1,300
110723,1,300
110750,1,300
110769,1,300
110784,1,300
110816,1,300
110819,1,300
110820,1,300
110827,1,300
110857,1,300
110873,1,300
110882,1,300
111006,1,300
111046,1,300
111063,1,300
111093,1,300
111100,1,300
111125,1,300
111158,1,300
111193,1,300
111252,1,300
111262,1,300
111270,1,300
111283,1,300
111311,1,300
111318,1,300
111324,1,300
111336,1,300
111352,1,300
111399,1,300
111405,1,300
111420,1,300
111421,1,300
111447,1,300
111473,1,300
111508,1,300
111510,1,300
111528,1,300
111528,1,300
111571,1,300
111578,1,300
111580,1,300
111580,1,300
111637,1,300
111653,1,300
111695,1,300
111762,1,300
111763,1,300
111779,1,300
111803,1,300
111819,1,300
112056,1,300
112068,1,300
112076,1,300
112105,1,300
112124,1,300
112151,1,300
112161,1,300
112162,1,300
112188,1,300
112253,1,300
112254,1,300
112261,1,300
112346,1,300
112371,1,300
112383,1,300
112390,1,300
112432,1,300
112460,1,300
112461,1,300
112478,1,300
112512,1,300
112512,1,300
112534,1,300
112675,1,300
112677,1,300
112724,1,300
112744,1,300
112754,1,300
112783,1,300
112845,1,300
112903,1,300
112904,1,300
112931,1,300
112933,1,300
112939,1,300
112995,1,300
113011,1,300
113046,1,300
113052,1,300
113061,1,300
113081,1,300
113110,1,300
113177,1,300
113181,1,300
113196,1,300
113198,1,300
113229,1,300
113339,1,300
113398,1,300
113416,1,300
113440,1,300
113502,1,300
113544,1,300
113547,1,300
113558,1,300
113591,1,300
113603,1,300
113640,1,300
113669,1,300
113683,1,300
113683,1,300
113688,1,300
113703,1,300
113737,1,300
113755,1,300
113837,1,300
113926,1,300
113926,1,300
114010,1,300
114011,1,300
114030,1,300
114037,1,300
114055,1,300
114060,1,300
114079,1,300
114101,1,300
114102,1,300
114102,1,300
114149,1,300
114158,1,300
114173,1,300
114185,1,300
114204,1,300
114216,1,300
114237,1,300
114239,1,300
114285,1,300
114341,1,300
114363,1,300
114383,1,300
114437,1,300
114447,1,300
114468,1,300
114469,1,300
114475,1,300
114523,1,300
114527,1,300
114538,1,300
114548,1,300
114654,1,300
114812,1,300
114841,1,300
114907,1,300
114950,1,300
115008,1,300
115016,1,300
115019,1,300
115053,1,300
115060,1,300
115061,1,300
115109,1,300
115131,1,300
115168,1,300
115170,1,300
115195,1,300
115201,1,300
115213,1,300
115225,1,300
115242,1,300
115242,1,300
115267,1,300
115313,1,300
115603,1,300
115612,1,300
115619,1,300
115627,1,300
115694,1,300
115697,1,300
115707,1,300
115796,1,300
115797,1,300
115820,1,300
115848,1,300
115915,1,300
116015,1,300
116018,1,300
116023,1,300
116038,1,300
116071,1,300
116080,1,300
116096,1,300
116101,1,300
116101,1,300
116113,1,300
116121,1,300
116134,1,300
116159,1,300
116178,1,300
116195,1,300
116212,1,300
116248,1,300
116266,1,300
116274,1,300
116306,1,300
116323,1,300
116337,1,300
116341,1,300
116352,1,300
116355,1,300
116361,1,300
116385,1,300
116389,1,300
116410,1,300
116464,1,300
116501,1,300
116505,1,300
116511,1,300
116513,1,300
116524,1,300
116536,1,300
116542,1,300
116566,1,300
116598,1,300
116603,1,300
116604,1,300
116690,1,300
116696,1,300
116704,1,300
117005,1,300
117014,1,300
117029,1,300
117053,1,300
117061,1,300
117126,1,300
117180,1,300
117190,1,300
117203,1,300
117272,1,300
117276,1,300
117337,1,300
117340,1,300
117345,1,300
117361,1,300
117372,1,300
117444,1,300
117522,1,300
117542,1,300
117547,1,300
117557,1,300
117582,1,300
117602,1,300
117623,1,300
117652,1,300
117692,1,300
117708,1,300
117733,1,300
117739,1,300
117758,1,300
117758,1,300
117780,1,300
117803,1,300
117869,1,300
117882,1,300
117918,1,300
117982,1,300
117995,1,300
118008,1,300
118084,1,300
118118,1,300
118124,1,300
118153,1,300
118170,1,300
118215,1,300
118223,1,300
118229,1,300
118266,1,300
118282,1,300
118340,1,300
118387,1,300
118495,1,300
118511,1,300
118520,1,300
118535,1,300
118552,1,300
118584,1,300
118750,1,300
118786,1,300
118838,1,300
118910,1,300
118937,1,300
118969,1,300
118979,1,300
119011,1,300
119035,1,300
119058,1,300
119074,1,300
119122,1,300
119152,1,300
119153,1,300
119194,1,300
119200,1,300
119218,1,300
119363,1,300
119439,1,300
119446,1,300
119591,1,300
119633,1,300
119643,1,300
119647,1,300
119801,1,300
119803,1,300
119830,1,300
119870,1,300
119881,1,300
119938,1,300
119983,1,300
120005,1,300
120008,1,300
120020,1,300
120041,1,300
120075,1,300
120087,1,300
120092,1,300
120093,1,300
120103,1,300
120109,1,300
120119,1,300
120127,1,300
120150,1,300
120167,1,300
120180,1,300
120198,1,300
120201,1,300
120208,1,300
120233,1,300
120294,1,300
120407,1,300
120409,1,300
120410,1,300
120413,1,300
120416,1,300
120520,1,300
120521,1,300
120609,1,300
120825,1,300
120932,1,300
120959,1,300
121009,1,300
121037,1,300
121048,1,300
121225,1,300
121264,1,300
121308,1,300
121342,1,300
121363,1,300
121385,1,300
121435,1,300
121485,1,300
121492,1,300
121497,1,300
121525,1,300
121571,1,300
121577,1,300
121602,1,300
121660,1,300
121677,1,300
121700,1,300
121742,1,300
121750,1,300
121771,1,300
121787,1,300
121841,1,300
121892,1,300
122007,1,300
122088,1,300
122119,1,300
122123,1,300
122124,1,300
122184,1,300
122185,1,300
122210,1,300
122234,1,300
122235,1,300
122258,1,300
122275,1,300
122278,1,300
122376,1,300
122407,1,300
122418,1,300
122424,1,300
122428,1,300
122526,1,300
122565,1,300
122610,1,300
122663,1,300
122757,1,300
122797,1,300
122835,1,300
122838,1,300
123171,1,300
123189,1,300
123272,1,300
123299,1,300
123351,1,300
123378,1,300
123388,1,300
123398,1,300
123428,1,300
123461,1,300
123487,1,300
123583,1,300
123593,1,300
123728,1,300
123758,1,300
123816,1,300
123909,1,300
123914,1,300
123917,1,300
123950,1,300
123966,1,300
123973,1,300
123986,1,300
124051,1,300
124069,1,300
124100,1,300
124134,1,300
124148,1,300
124171,1,300
124224,1,300
124228,1,300
124384,1,300
124401,1,300
124425,1,300
124449,1,300
124459,1,300
124628,1,300
124640,1,300
124642,1,300
124688,1,300
124692,1,300
124692,1,300
124808,1,300
124928,1,300
124931,1,300
124977,1,300
124979,1,300
125012,1,300
125059,1,300
125078,1,300
125078,1,300
125097,1,300
125117,1,300
125160,1,300
125238,1,300
125253,1,300
125290,1,300
125330,1,300
125345,1,300
125397,1,300
125429,1,300
125503,1,300
125526,1,300
125535,1,300
125614,1,300
125642,1,300
125664,1,300
125706,1,300
125826,1,300
125837,1,300
125865,1,300
125878,1,300
126081,1,300
126171,1,300
126346,1,300
126425,1,300
126466,1,300
126638,1,300
126641,1,300
126703,1,300
126704,1,300
126711,1,300
126719,1,300
126809,1,300
126841,1,300
126848,1,300
126884,1,300
126959,1,300
126966,1,300
126999,1,300
127048,1,300
127051,1,300
127051,1,300
127059,1,300
127098,1,300
127104,1,300
127170,1,300
127172,1,300
127212,1,300
127224,1,300
127259,1,300
127270,1,300
127270,1,300
127282,1,300
127368,1,300
127377,1,300
127390,1,300
127404,1,300
127520,1,300
127613,1,300
127752,1,300
127840,1,300
127987,1,300
128021,1,300
128122,1,300
128140,1,300
128169,1,300
128207,1,300
128213,1,300
128246,1,300
128260,1,300
128301,1,300
128313,1,300
128347,1,300
128432,1,300
128537,1,300
128678,1,300
128760,1,300
128799,1,300
128819,1,300
128871,1,300
129030,1,300
129088,1,300
129162,1,300
129180,1,300
129183,1,300
129184,1,300
129224,1,300
129232,1,300
129237,1,300
129249,1,300
129292,1,300
129297,1,300
129321,1,300
129349,1,300
129360,1,300
129374,1,300
129451,1,300
129497,1,300
129523,1,300
129582,1,300
129638,1,300
129690,1,300
129744,1,300
129788,1,300
129869,1,300
129894,1,300
129896,1,300
129904,1,300
129905,1,300
129964,1,300
130001,1,300
130022,1,300
130026,1,300
130044,1,300
130056,1,300
130072,1,300
130081,1,300
130093,1,300
130204,1,300
130209,1,300
130367,1,300
130439,1,300
130457,1,300
130580,1,300
130658,1,300
130782,1,300
130795,1,300
130835,1,300
130869,1,300
130878,1,300
130898,1,300
130898,1,300
130899,1,300
130910,1,300
130931,1,300
131027,1,300
131049,1,300
131200,1,300
131222,1,300
131245,1,300
131255,1,300
131291,1,300
131297,1,300
131319,1,300
131400,1,300
131404,1,300
131414,1,300
131552,1,300
131557,1,300
131569,1,300
131622,1,300
131626,1,300
131648,1,300
131671,1,300
132010,1,300
132054,1,300
132058,1,300
132073,1,300
132113,1,300
132143,1,300
132144,1,300
132149,1,300
132189,1,300
132295,1,300
132417,1,300
132498,1,300
132567,1,300
132595,1,300
132596,1,300
132619,1,300
132628,1,300
132772,1,300
133032,1,300
133123,1,300
133138,1,300
133242,1,300
133253,1,300
133275,1,300
133324,1,300
133368,1,300
133530,1,300
133573,1,300
133576,1,300
133603,1,300
133706,1,300
133857,1,300
134074,1,300
134216,1,300
134364,1,300
134382,1,300
134400,1,300
134411,1,300
134536,1,300
134613,1,300
134907,1,300
134911,1,300
134952,1,300
135007,1,300
135019,1,300
135086,1,300
135105,1,300
135105,1,300
135133,1,300
135133,1,300
135146,1,300
135191,1,300
135215,1,300
135254,1,300
135268,1,300
135282,1,300
135293,1,300
135300,1,300
135303,1,300
135317,1,300
135371,1,300
135404,1,300
135448,1,300
136001,1,300
136032,1,300
136075,1,300
136115,1,300
136180,1,300
136215,1,300
136338,1,300
136342,1,300
136446,1,300
136457,1,300
136461,1,300
136474,1,300
136525,1,300
136587,1,300
136635,1,300
136712,1,300
136713,1,300
137022,1,300
137071,1,300
137159,1,300
137248,1,300
137264,1,300
137324,1,300
137348,1,300
137375,1,300
137395,1,300
137414,1,300
137434,1,300
137508,1,300
137562,1,300
137653,1,300
137835,1,300
138021,1,300
138147,1,300
138298,1,300
138523,1,300
138596,1,300
138626,1,300
138696,1,300
138722,1,300
138760,1,300
138775,1,300
138776,1,300
138785,1,300
138793,1,300
138894,1,300
138903,1,300
139015,1,300
139020,1,300
139186,1,300
139249,1,300
139334,1,300
139472,1,300
139568,1,300
139576,1,300
139659,1,300
139698,1,300
139727,1,300
139731,1,300
139835,1,300
139885,1,300
139906,1,300
139913,1,300
140132,1,300
140133,1,300
140233,1,300
140279,1,300
140312,1,300
140338,1,300
140482,1,300
140883,1,300
140900,1,300
141033,1,300
141096,1,300
141101,1,300
141138,1,300
141156,1,300
141168,1,300
141238,1,300
141268,1,300
141419,1,300
141435,1,300
141536,1,300
141539,1,300
141544,1,300
141709,1,300
141742,1,300
141747,1,300
141870,1,300
141931,1,300
142045,1,300
142091,1,300
142123,1,300
142129,1,300
142138,1,300
142544,1,300
142591,1,300
142701,1,300
142785,1,300
142839,1,300
142938,1,300
142982,1,300
143017,1,300
143147,1,300
143198,1,300
143252,1,300
143355,1,300
143442,1,300
143481,1,300
143706,1,300
143793,1,300
143816,1,300
143852,1,300
143898,1,300
144154,1,300
144211,1,300
144312,1,300
144454,1,300
144528,1,300
144629,1,300
144650,1,300
144898,1,300
145036,1,300
145073,1,300
145150,1,300
145213,1,300
145255,1,300
145340,1,300
145443,1,300
145495,1,300
145717,1,300
145830,1,300
145882,1,300
145969,1,300
146110,1,300
146141,1,300
146158,1,300
146228,1,300
146253,1,300
146273,1,300
146288,1,300
146295,1,300
146338,1,300
146391,1,300
146727,1,300
146812,1,300
146893,1,300
147008,1,300
147020,1,300
147051,1,300
147066,1,300
147114,1,300
147275,1,300
147299,1,300
147427,1,300
147659,1,300
147779,1,300
147871,1,300
148028,1,300
148052,1,300
148170,1,300
148220,1,300
148310,1,300
148373,1,300
148387,1,300
148468,1,300
148682,1,300
148789,1,300
148869,1,300
148932,1,300
148960,1,300
149015,1,300
149016,1,300
149091,1,300
149139,1,300
149208,1,300
149230,1,300
149278,1,300
149771,1,300
150007,1,300
150070,1,300
150118,1,300
150211,1,300
150230,1,300
150302,1,300
150409,1,300
150506,1,300
151039,1,300
151211,1,300
151418,1,300
151710,1,300
151763,1,300
151870,1,300
151874,1,300
151883,1,300
151932,1,300
152480,1,300
152627,1,300
152881,1,300
153100,1,300
153109,1,300
153226,1,300
153231,1,300
153257,1,300
153308,1,300
153472,1,300
153482,1,300
153483,1,300
153542,1,300
153568,1,300
153582,1,300
153647,1,300
153694,1,300
153712,1,300
153734,1,300
153773,1,300
154001,1,300
154080,1,300
154161,1,300
154245,1,300
154263,1,300
154266,1,300
154363,1,300
154435,1,300
154518,1,300
154591,1,300
154629,1,300
154699,1,300
155129,1,300
155282,1,300
155371,1,300
155441,1,300
155501,1,300
155736,1,300
155906,1,300
156032,1,300
156083,1,300
156121,1,300
156657,1,300
156683,1,300
156711,1,300
156730,1,300
156757,1,300
156816,1,300
157201,1,300
157382,1,300
157409,1,300
157442,1,300
157463,1,300
158203,1,300
158223,1,300
158396,1,300
158436,1,300
158571,1,300
158683,1,300
158729,1,300
158738,1,300
159016,1,300
159046,1,300
159076,1,300
159092,1,300
159209,1,300
159280,1,300
159294,1,300
159315,1,300
159477,1,300
160043,1,300
160179,1,300
160274,1,300
160393,1,300
160411,1,300
160427,1,300
160753,1,300
160822,1,300
160828,1,300
160865,1,300
160886,1,300
161071,1,300
161085,1,300
161105,1,300
161178,1,300
161192,1,300
162718,1,300
162915,1,300
163121,1,300
163127,1,300
163746,1,300
163759,1,300
163825,1,300
163975,1,300
164110,1,300
164171,1,300
164187,1,300
164433,1,300
164545,1,300
164704,1,300
165024,1,300
165100,1,300
165120,1,300
165134,1,300
165154,1,300
165368,1,300
165375,1,300
165434,1,300
165444,1,300
165497,1,300
165519,1,300
165626,1,300
165727,1,300
165742,1,300
165743,1,300
165981,1,300
166016,1,300
166043,1,300
166053,1,300
166053,1,300
166154,1,300
166156,1,300
166532,1,300
166855,1,300
167053,1,300
167123,1,300
167179,1,300
167215,1,300
167260,1,300
167263,1,300
167274,1,300
167276,1,300
167292,1,300
167323,1,300
167545,1,300
167767,1,300
168080,1,300
168204,1,300
168232,1,300
168242,1,300
168524,1,300
168535,1,300
168552,1,300
168690,1,300
169057,1,300
169256,1,300
169587,1,300
169687,1,300
170133,1,300
170423,1,300
170538,1,300
170589,1,300
170626,1,300
170827,1,300
171003,1,300
171019,1,300
171375,1,300
171686,1,300
171951,1,300
172097,1,300
172119,1,300
172231,1,300
172575,1,300
172630,1,300
172674,1,300
172788,1,300
172820,1,300
172878,1,300
172929,1,300
172984,1,300
172999,1,300
173236,1,300
173413,1,300
173574,1,300
173590,1,300
173623,1,300
174022,1,300
174198,1,300
174746,1,300
174910,1,300
175022,1,300
175448,1,300
175955,1,300
176002,1,300
176277,1,300
176394,1,300
176596,1,300
176682,1,300
176744,1,300
177007,1,300
177026,1,300
177258,1,300
177269,1,300
177351,1,300
177425,1,300
177456,1,300
177498,1,300
177516,1,300
177580,1,300
177584,1,300
177666,1,300
177735,1,300
177830,1,300
177924,1,300
177952,1,300
177966,1,300
177973,1,300
178011,1,300
178121,1,300
178154,1,300
178242,1,300
178244,1,300
178366,1,300
178603,1,300
178705,1,300
178709,1,300
178851,1,300
178905,1,300
178924,1,300
179066,1,300
179232,1,300
179273,1,300
179290,1,300
179300,1,300
179355,1,300
179786,1,300
180107,1,300
180186,1,300
180203,1,300
180255,1,300
180256,1,300
180284,1,300
180652,1,300
181149,1,300
181313,1,300
181396,1,300
181623,1,300
182021,1,300
182117,1,300
182168,1,300
182260,1,300
182432,1,300
182445,1,300
182846,1,300
182925,1,300
183051,1,300
183119,1,300
183133,1,300
183179,1,300
183341,1,300
183429,1,300
183620,1,300
184145,1,300
184282,1,300
184505,1,300
184598,1,300
184677,1,300
184707,1,300
184825,1,300
184830,1,300
185002,1,300
185008,1,300
185037,1,300
185082,1,300
185131,1,300
185197,1,300
185368,1,300
185554,1,300
185579,1,300
185635,1,300
186126,1,300
186264,1,300
186307,1,300
186350,1,300
186363,1,300
186636,1,300
187200,1,300
187636,1,300
187659,1,300
187679,1,300
187696,1,300
187934,1,300
188064,1,300
188208,1,300
188351,1,300
188357,1,300
188544,1,300
189025,1,300
189034,1,300
189181,1,300
189275,1,300
189277,1,300
189321,1,300
189329,1,300
189442,1,300
189623,1,300
189625,1,300
189628,1,300
189635,1,300
189640,1,300
189693,1,300
189711,1,300
189767,1,300
189837,1,300
189837,1,300
189850,1,300
190051,1,300
190304,1,300
190382,1,300
190755,1,300
190763,1,300
190802,1,300
191120,1,300
191153,1,300
191165,1,300
191394,1,300
191404,1,300
191438,1,300
191500,1,300
191516,1,300
192270,1,300
192356,1,300
192379,1,300
192443,1,300
192506,1,300
192513,1,300
192541,1,300
192564,1,300
192580,1,300
192667,1,300
192725,1,300
193164,1,300
193327,1,300
193372,1,300
193464,1,300
193723,1,300
193761,1,300
194101,1,300
194472,1,300
194532,1,300
194699,1,300
194719,1,300
194929,1,300
194940,1,300
195022,1,300
195101,1,300
195172,1,300
195232,1,300
195368,1,300
195471,1,300
195655,1,300
195713,1,300
196095,1,300
196169,1,300
196192,1,300
196233,1,300
196366,1,300
196448,1,300
196581,1,300
196636,1,300
196752,1,300
197168,1,300
197175,1,300
197385,1,300
197397,1,300
197431,1,300
197632,1,300
197943,1,300
198180,1,300
198961,1,300
199005,1,300
199088,1,300
199145,1,300
199212,1,300
199218,1,300
199435,1,300
199461,1,300
199541,1,300
199746,1,300
199802,1,300
199921,1,300
200030,1,300
200074,1,300
200203,1,300
200588,1,300
201020,1,300
201044,1,300
201183,1,300
201203,1,300
201226,1,300
201238,1,300
201250,1,300
201275,1,300
201296,1,300
201328,1,300
201333,1,300
201360,1,300
201441,1,300
201555,1,300
201569,1,300
201574,1,300
201652,1,300
201676,1,300
201693,1,300
201772,1,300
201814,1,300
201844,1,300
201873,1,300
201965,1,300
201975,1,300
202023,1,300
202258,1,300
202267,1,300
202269,1,300
202299,1,300
202308,1,300
202419,1,300
202473,1,300
202582,1,300
202688,1,300
203059,1,300
203583,1,300
203653,1,300
203666,1,300
203952,1,300
204037,1,300
204095,1,300
204219,1,300
204313,1,300
204350,1,300
204427,1,300
204430,1,300
204451,1,300
204478,1,300
204593,1,300
204648,1,300
204759,1,300
204788,1,300
205006,1,300
205020,1,300
205032,1,300
205085,1,300
205111,1,300
205289,1,300
205429,1,300
205481,1,300
205524,1,300
205588,1,300
205828,1,300
206112,1,300
206118,1,300
206459,1,300
206556,1,300
206811,1,300
206819,1,300
206862,1,300
206927,1,300
206955,1,300
207027,1,300
207133,1,300
207144,1,300
207365,1,300
207491,1,300
207522,1,300
207549,1,300
207552,1,300
207615,1,300
207619,1,300
207644,1,300
208079,1,300
208160,1,300
208214,1,300
208257,1,300
208330,1,300
208595,1,300
208799,1,300
208982,1,300
208989,1,300
209074,1,300
209084,1,300
209167,1,300
209196,1,300
209505,1,300
209929,1,300
210160,1,300
210223,1,300
210546,1,300
210821,1,300
210843,1,300
210929,1,300
211016,1,300
211042,1,300
211081,1,300
211150,1,300
211251,1,300
211284,1,300
211599,1,300
211784,1,300
211913,1,300
212103,1,300
212205,1,300
212620,1,300
212858,1,300
212897,1,300
213039,1,300
213072,1,300
213089,1,300
213089,1,300
213090,1,300
213185,1,300
213218,1,300
213317,1,300
213353,1,300
213392,1,300
213449,1,300
213500,1,300
213511,1,300
213589,1,300
213678,1,300
213732,1,300
213789,1,300
213795,1,300
213833,1,300
213895,1,300
213931,1,300
214040,1,300
214052,1,300
214054,1,300
214080,1,300
214082,1,300
214083,1,300
214124,1,300
214163,1,300
214364,1,300
214456,1,300
214618,1,300
214932,1,300
214985,1,300
215001,1,300
215029,1,300
215041,1,300
215070,1,300
215077,1,300
215137,1,300
215148,1,300
215163,1,300
215177,1,300
215184,1,300
215252,1,300
215288,1,300
215444,1,300
215538,1,300
215837,1,300
215981,1,300
215993,1,300
216005,1,300
216053,1,300
216088,1,300
216106,1,300
216188,1,300
216334,1,300
216415,1,300
216564,1,300
216657,1,300
216672,1,300
217002,1,300
217051,1,300
217083,1,300
217179,1,300
217253,1,300
217386,1,300
217727,1,300
217746,1,300
218207,1,300
218220,1,300
218305,1,300
218334,1,300
218346,1,300
218426,1,300
218468,1,300
218645,1,300
218665,1,300
218730,1,300
218846,1,300
218871,1,300
219040,1,300
219042,1,300
219049,1,300
219070,1,300
219157,1,300
219159,1,300
219338,1,300
219421,1,300
219725,1,300
219793,1,300
220046,1,300
220061,1,300
220070,1,300
220146,1,300
220464,1,300
220531,1,300
220586,1,300
220732,1,300
220792,1,300
220828,1,300
220897,1,300
220966,1,300
221002,1,300
221013,1,300
221019,1,300
221032,1,300
221099,1,300
221200,1,300
221200,1,300
221240,1,300
221290,1,300
221372,1,300
221381,1,300
221499,1,300
221559,1,300
222263,1,300
222720,1,300
222938,1,300
223062,1,300
223097,1,300
223124,1,300
223172,1,300
223296,1,300
223320,1,300
223349,1,300
223389,1,300
223396,1,300
223500,1,300
223542,1,300
223557,1,300
223578,1,300
223648,1,300
223753,1,300
223927,1,300
223958,1,300
224123,1,300
224136,1,300
224222,1,300
224286,1,300
224406,1,300
224514,1,300
224524,1,300
224581,1,300
224790,1,300
224904,1,300
225026,1,300
225028,1,300
225029,1,300
225057,1,300
225135,1,300
225273,1,300
225299,1,300
225303,1,300
225348,1,300
225348,1,300
225362,1,300
225408,1,300
225448,1,300
225500,1,300
225586,1,300
225635,1,300
225684,1,300
225699,1,300
225705,1,300
225740,1,300
225763,1,300
225958,1,300
225972,1,300
226007,1,300
226012,1,300
226017,1,300
226055,1,300
226065,1,300
226070,1,300
226071,1,300
226075,1,300
226076,1,300
226102,1,300
226168,1,300
226177,1,300
226180,1,300
226199,1,300
226210,1,300
226224,1,300
226229,1,300
226241,1,300
226292,1,300
226304,1,300
226358,1,300
226486,1,300
226494,1,300
226501,1,300
226510,1,300
226552,1,300
226660,1,300
226678,1,300
227079,1,300
227217,1,300
227234,1,300
227358,1,300
227529,1,300
227553,1,300
227573,1,300
227625,1,300
227632,1,300
227754,1,300
228006,1,300
228019,1,300
228085,1,300
228105,1,300
228119,1,300
228138,1,300
228184,1,300
228207,1,300
228219,1,300
228252,1,300
228261,1,300
228299,1,300
228357,1,300
228361,1,300
228386,1,300
228434,1,300
228526,1,300
228540,1,300
228564,1,300
228578,1,300
228631,1,300
228648,1,300
228675,1,300
228686,1,300
228698,1,300
228752,1,300
228814,1,300
228817,1,300
228828,1,300
228830,1,300
228927,1,300
228984,1,300
228989,1,300
229044,1,300
229070,1,300
229073,1,300
229124,1,300
229161,1,300
229318,1,300
229328,1,300
229382,1,300
229452,1,300
229453,1,300
229529,1,300
229534,1,300
229537,1,300
229545,1,300
229652,1,300
229697,1,300
229850,1,300
230002,1,300
230023,1,300
230053,1,300
230140,1,300
230183,1,300
230204,1,300
230230,1,300
230276,1,300
230293,1,300
230412,1,300
230541,1,300
230563,1,300
230599,1,300
230620,1,300
230655,1,300
230884,1,300
230927,1,300
231016,1,300
231051,1,300
231085,1,300
231087,1,300
231150,1,300
231303,1,300
231438,1,300
231481,1,300
231494,1,300
231534,1,300
231563,1,300
231599,1,300
231604,1,300
231626,1,300
231679,1,300
231806,1,300
231865,1,300
231915,1,300
231920,1,300
231963,1,300
232033,1,300
232047,1,300
232058,1,300
232070,1,300
232081,1,300
232088,1,300
232092,1,300
232136,1,300
232198,1,300
232209,1,300
232287,1,300
232330,1,300
232371,1,300
232405,1,300
232460,1,300
232539,1,300
232540,1,300
232581,1,300
232585,1,300
232774,1,300
232783,1,300
232786,1,300
233058,1,300
233122,1,300
233243,1,300
233250,1,300
233258,1,300
233319,1,300
233432,1,300
233483,1,300
233556,1,300
233557,1,300
233615,1,300
233690,1,300
233851,1,300
233855,1,300
233958,1,300
234006,1,300
234025,1,300
234072,1,300
234095,1,300
234181,1,300
234203,1,300
234215,1,300
234292,1,300
234328,1,300
234416,1,300
234434,1,300
234494,1,300
234675,1,300
234766,1,300
234877,1,300
234913,1,300
234915,1,300
235038,1,300
235131,1,300
235175,1,300
235350,1,300
235380,1,300
235397,1,300
235420,1,300
235494,1,300
235591,1,300
235679,1,300
235780,1,300
235828,1,300
235893,1,300
236007,1,300
236014,1,300
236015,1,300
236064,1,300
236109,1,300
236126,1,300
236155,1,300
236196,1,300
236304,1,300
236328,1,300
236412,1,300
236444,1,300
236471,1,300
236499,1,300
236547,1,300
236734,1,300
236947,1,300
237005,1,300
237010,1,300
237016,1,300
237021,1,300
237025,1,300
237031,1,300
237047,1,300
237055,1,300
237058,1,300
237085,1,300
237095,1,300
237097,1,300
237148,1,300
237153,1,300
237158,1,300
237177,1,300
237197,1,300
237212,1,300
237244,1,300
237257,1,300
237280,1,300
237292,1,300
237331,1,300
237378,1,300
237389,1,300
237433,1,300
237550,1,300
237577,1,300
237587,1,300
237597,1,300
237609,1,300
237634,1,300
237644,1,300
237661,1,300
237697,1,300
237712,1,300
237812,1,300
237813,1,300
237847,1,300
237852,1,300
238026,1,300
238091,1,300
238099,1,300
238183,1,300
238183,1,300
238208,1,300
238230,1,300
238280,1,300
238287,1,300
238294,1,300
238311,1,300
238347,1,300
238373,1,300
238375,1,300
238378,1,300
238405,1,300
238494,1,300
238571,1,300
238576,1,300
238656,1,300
238735,1,300
239204,1,300
239208,1,300
239233,1,300
239268,1,300
239291,1,300
239336,1,300
239469,1,300
239473,1,300
239670,1,300
239779,1,300
239794,1,300
239882,1,300
239914,1,300
239969,1,300
240003,1,300
240025,1,300
240029,1,300
240055,1,300
240085,1,300
240096,1,300
240102,1,300
240102,1,300
240147,1,300
240157,1,300
240205,1,300
240218,1,300
240247,1,300
240267,1,300
240281,1,300
240298,1,300
240380,1,300
240544,1,300
240545,1,300
240611,1,300
240669,1,300
240688,1,300
240693,1,300
240726,1,300
240779,1,300
240801,1,300
240906,1,300
240952,1,300
241033,1,300
241061,1,300
241063,1,300
241079,1,300
241158,1,300
241191,1,300
241192,1,300
241197,1,300
241221,1,300
241226,1,300
241248,1,300
241259,1,300
241342,1,300
241386,1,300
241405,1,300
241472,1,300
241563,1,300
241567,1,300
241580,1,300
241712,1,300
241772,1,300
241776,1,300
241901,1,300
241911,1,300
242051,1,300
242062,1,300
242104,1,300
242115,1,300
242132,1,300
242156,1,300
242273,1,300
242328,1,300
242338,1,300
242392,1,300
242417,1,300
242422,1,300
242475,1,300
242481,1,300
242560,1,300
242567,1,300
242579,1,300
242588,1,300
242597,1,300
242646,1,300
243086,1,300
243144,1,300
243145,1,300
243161,1,300
243173,1,300
243191,1,300
243274,1,300
243312,1,300
243326,1,300
243514,1,300
243519,1,300
243568,1,300
243661,1,300
243718,1,300
243725,1,300
243760,1,300
243761,1,300
243840,1,300
243847,1,300
243866,1,300
243869,1,300
243918,1,300
244010,1,300
244011,1,300
244202,1,300
244221,1,300
244277,1,300
244341,1,300
244361,1,300
244463,1,300
244503,1,300
244530,1,300
244543,1,300
244567,1,300
244583,1,300
244605,1,300
244805,1,300
244806,1,300
244809,1,300
244838,1,300
244913,1,300
244966,1,300
244984,1,300
244995,1,300
245011,1,300
245031,1,300
245066,1,300
245068,1,300
245071,1,300
245119,1,300
245222,1,300
245226,1,300
245268,1,300
245320,1,300
245323,1,300
245342,1,300
245366,1,300
245492,1,300
245650,1,300
245673,1,300
245680,1,300
245748,1,300
245822,1,300
246139,1,300
246170,1,300
246199,1,300
246230,1,300
246319,1,300
246323,1,300
246323,1,300
246362,1,300
246429,1,300
246450,1,300
246481,1,300
246553,1,300
246593,1,300
246609,1,300
246613,1,300
246627,1,300
246636,1,300
246722,1,300
246743,1,300
247033,1,300
247134,1,300
247147,1,300
247177,1,300
247484,1,300
247499,1,300
247501,1,300
247521,1,300
247535,1,300
247554,1,300
247654,1,300
247663,1,300
248009,1,300
248009,1,300
248022,1,300
248027,1,300
248055,1,300
248073,1,300
248128,1,300
248138,1,300
248152,1,300
248167,1,300
248322,1,300
248380,1,300
248411,1,300
248608,1,300
248687,1,300
248711,1,300
248853,1,300
248872,1,300
248893,1,300
249020,1,300
249065,1,300
249074,1,300
249097,1,300
249114,1,300
249128,1,300
249147,1,300
249181,1,300
249192,1,300
249207,1,300
249353,1,300
249353,1,300
249377,1,300
249397,1,300
249452,1,300
249454,1,300
249466,1,300
249468,1,300
249485,1,300
249516,1,300
249553,1,300
249559,1,300
249598,1,300
249683,1,300
249691,1,300
249784,1,300
249790,1,300
249792,1,300
250195,1,300
250201,1,300
250211,1,300
250245,1,300
250262,1,300
250267,1,300
250287,1,300
250291,1,300
250555,1,300
250705,1,300
250808,1,300
250910,1,300
250964,1,300
251056,1,300
251114,1,300
251115,1,300
251140,1,300
251184,1,300
251263,1,300
251268,1,300
251293,1,300
251316,1,300
251434,1,300
251534,1,300
251538,1,300
251583,1,300
251677,1,300
251679,1,300
251737,1,300
251786,1,300
251904,1,300
251957,1,300
252032,1,300
252436,1,300
252438,1,300
252460,1,300
252546,1,300
252729,1,300
252734,1,300
252744,1,300
252749,1,300
252764,1,300
252851,1,300
252882,1,300
252997,1,300
253002,1,300
253024,1,300
253060,1,300
253079,1,300
253080,1,300
253091,1,300
253107,1,300
253119,1,300
253132,1,300
253158,1,300
253161,1,300
253189,1,300
253267,1,300
253451,1,300
253465,1,300
253487,1,300
253493,1,300
253558,1,300
253595,1,300
253605,1,300
253858,1,300
253895,1,300
253955,1,300
254043,1,300
254079,1,300
254084,1,300
254092,1,300
254210,1,300
254237,1,300
254237,1,300
254285,1,300
254378,1,300
254399,1,300
254419,1,300
254469,1,300
254516,1,300
254557,1,300
254751,1,300
254867,1,300
255171,1,300
255296,1,300
255330,1,300
255377,1,300
255460,1,300
255488,1,300
255494,1,300
255503,1,300
255552,1,300
255639,1,300
255676,1,300
255683,1,300
255717,1,300
255750,1,300
255790,1,300
255864,1,300
256074,1,300
256135,1,300
256163,1,300
256203,1,300
256348,1,300
256422,1,300
256433,1,300
256471,1,300
256485,1,300
256500,1,300
256587,1,300
256674,1,300
256789,1,300
256880,1,300
256928,1,300
257007,1,300
257072,1,300
257087,1,300
257159,1,300
257186,1,300
257234,1,300
257238,1,300
257249,1,300
257291,1,300
257338,1,300
257398,1,300
257428,1,300
257449,1,300
257457,1,300
257505,1,300
257552,1,300
257659,1,300
257676,1,300
257731,1,300
257770,1,300
258020,1,300
258059,1,300
258108,1,300
258251,1,300
258373,1,300
258427,1,300
258566,1,300
258567,1,300
258582,1,300
258582,1,300
258661,1,300
258665,1,300
258697,1,300
258727,1,300
258753,1,300
258815,1,300
259030,1,300
259054,1,300
259080,1,300
259096,1,300
259111,1,300
259344,1,300
259363,1,300
259376,1,300
259479,1,300
259733,1,300
259904,1,300
259983,1,300
260086,1,300
260114,1,300
260185,1,300
260242,1,300
260244,1,300
260290,1,300
260397,1,300
260413,1,300
260486,1,300
260494,1,300
260707,1,300
260730,1,300
260738,1,300
260794,1,300
260807,1,300
260825,1,300
260825,1,300
261067,1,300
261074,1,300
261076,1,300
261077,1,300
261141,1,300
261149,1,300
261149,1,300
261152,1,300
261163,1,300
261211,1,300
261316,1,300
261406,1,300
261426,1,300
261503,1,300
261544,1,300
261578,1,300
261620,1,300
261686,1,300
261804,1,300
261818,1,300
261851,1,300
262029,1,300
262066,1,300
262085,1,300
262102,1,300
262203,1,300
262273,1,300
262403,1,300
262529,1,300
262681,1,300
262725,1,300
262838,1,300
263075,1,300
263109,1,300
263123,1,300
263222,1,300
263234,1,300
263335,1,300
263461,1,300
263557,1,300
263663,1,300
263734,1,300
263824,1,300
263830,1,300
263853,1,300
264079,1,300
264166,1,300
264174,1,300
264200,1,300
264375,1,300
264376,1,300
264435,1,300
264636,1,300
264673,1,300
264684,1,300
265016,1,300
265066,1,300
265175,1,300
265204,1,300
265232,1,300
265266,1,300
265399,1,300
265818,1,300
266024,1,300
266031,1,300
266073,1,300
266161,1,300
266358,1,300
266467,1,300
266587,1,300
266601,1,300
266620,1,300
266701,1,300
266762,1,300
266911,1,300
267030,1,300
267273,1,300
267348,1,300
267388,1,300
267404,1,300
267433,1,300
267486,1,300
267495,1,300
267612,1,300
268128,1,300
268318,1,300
268385,1,300
268612,1,300
268628,1,300
268651,1,300
268731,1,300
268740,1,300
268882,1,300
269184,1,300
269373,1,300
269373,1,300
269620,1,300
269777,1,300
269884,1,300
270066,1,300
270069,1,300
270092,1,300
270149,1,300
270678,1,300
270857,1,300
271007,1,300
271044,1,300
271087,1,300
271178,1,300
271201,1,300
271400,1,300
271764,1,300
272077,1,300
272085,1,300
272408,1,300
272616,1,300
273106,1,300
273491,1,300
273883,1,300
273895,1,300
273972,1,300
273977,1,300
274010,1,300
274094,1,300
274416,1,300
274504,1,300
274687,1,300
275039,1,300
275193,1,300
275207,1,300
275409,1,300
275701,1,300
275928,1,300
276132,1,300
276170,1,300
276179,1,300
276197,1,300
276301,1,300
276324,1,300
276416,1,300
277373,1,300
277408,1,300
277663,1,300
277787,1,300
278905,1,300
279332,1,300
279386,1,300
279593,1,300
279761,1,300
280747,1,300
280822,1,300
280894,1,300
281032,1,300
281042,1,300
281074,1,300
281112,1,300
281442,1,300
282078,1,300
282247,1,300
282408,1,300
282467,1,300
282901,1,300
283099,1,300
283104,1,300
283146,1,300
283275,1,300
283376,1,300
283518,1,300
283530,1,300
283562,1,300
283762,1,300
283771,1,300
283906,1,300
283962,1,300
284014,1,300
284022,1,300
284038,1,300
284124,1,300
284130,1,300
284188,1,300
284226,1,300
284593,1,300
284896,1,300
284962,1,300
285034,1,300
285133,1,300
285173,1,300
285192,1,300
285286,1,300
285289,1,300
285646,1,300
285741,1,300
286834,1,300
286968,1,300
287193,1,300
287296,1,300
287368,1,300
287554,1,300
287691,1,300
287701,1,300
287890,1,300
288228,1,300
288251,1,300
288296,1,300
288349,1,300
288585,1,300
288888,1,300
288979,1,300
289053,1,300
289073,1,300
289350,1,300
289551,1,300
289607,1,300
290102,1,300
290303,1,300
291282,1,300
291572,1,300
291720,1,300
