139,1,150
167,1,150
179,1,150
298,1,150
314,1,150
751,1,150
786,1,150
802,1,150
819,1,150
1089,1,150
1370,1,150
1692,1,150
1953,1,150
2016,1,150
2021,1,150
2066,1,150
2337,1,150
2490,1,150
2548,1,150
2754,1,150
2856,1,150
3023,1,150
3238,1,150
3277,1,150
3420,1,150
3420,1,150
3525,1,150
3916,1,150
4073,1,150
4108,1,150
4176,1,150
4194,1,150
4267,1,150
4314,1,150
4358,1,150
4506,1,150
4582,1,150
4930,1,150
5009,1,150
5094,1,150
5406,1,150
5436,1,150
5466,1,150
5549,1,150
5553,1,150
6404,1,150
6430,1,150
6883,1,150
7070,1,150
7195,1,150
7237,1,150
7364,1,150
7369,1,150
7704,1,150
7792,1,150
7913,1,150
8162,1,150
8251,1,150
8282,1,150
8339,1,150
8676,1,150
9056,1,150
9101,1,150
9105,1,150
9173,1,150
9187,1,150
9267,1,150
9280,1,150
9304,1,150
9308,1,150
9484,1,150
9524,1,150
9544,1,150
9579,1,150
9590,1,150
9599,1,150
9647,1,150
9694,1,150
9825,1,150
10003,1,150
10068,1,150
10143,1,150
10304,1,150
10616,1,150
10704,1,150
10709,1,150
10766,1,150
10869,1,150
10991,1,150
11086,1,150
11092,1,150
11364,1,150
11367,1,150
11410,1,150
11495,1,150
11632,1,150
11684,1,150
11868,1,150
12276,1,150
12398,1,150
12407,1,150
12432,1,150
12526,1,150
12659,1,150
13013,1,150
13016,1,150
13094,1,150
13143,1,150
13743,1,150
13863,1,150
14013,1,150
14187,1,150
14318,1,150
14356,1,150
14431,1,150
14469,1,150
14512,1,150
14514,1,150
14581,1,150
14620,1,150
14679,1,150
14748,1,150
14852,1,150
14895,1,150
14959,1,150
15095,1,150
15284,1,150
15288,1,150
15342,1,150
15570,1,150
15770,1,150
16060,1,150
16166,1,150
16253,1,150
16280,1,150
16346,1,150
16453,1,150
16633,1,150
16830,1,150
16837,1,150
16983,1,150
17275,1,150
17934,1,150
18216,1,150
19176,1,150
19226,1,150
19452,1,150
19556,1,150
20236,1,150
20243,1,150
20361,1,150
20470,1,150
21045,1,150
21079,1,150
21096,1,150
21126,1,150
21185,1,150
21251,1,150
21255,1,150
21429,1,150
21478,1,150
21543,1,150
21683,1,150
21684,1,150
21869,1,150
21891,1,150
21927,1,150
21941,1,150
22001,1,150
22065,1,150
22157,1,150
22199,1,150
22209,1,150
22210,1,150
22279,1,150
22324,1,150
22351,1,150
22394,1,150
22428,1,150
22440,1,150
22442,1,150
22589,1,150
22708,1,150
22744,1,150
23057,1,150
23116,1,150
23396,1,150
23620,1,150
23733,1,150
23899,1,150
24009,1,150
24134,1,150
24159,1,150
24169,1,150
24258,1,150
24259,1,150
24412,1,150
24493,1,150
24509,1,150
24553,1,150
24581,1,150
25051,1,150
25186,1,150
25304,1,150
25318,1,150
25335,1,150
25347,1,150
25396,1,150
25425,1,150
25649,1,150
25739,1,150
25773,1,150
26244,1,150
26539,1,150
26618,1,150
27013,1,150
27041,1,150
27063,1,150
27072,1,150
27076,1,150
27144,1,150
27174,1,150
27251,1,150
27326,1,150
27459,1,150
27724,1,150
27860,1,150
27917,1,150
28032,1,150
28050,1,150
28235,1,150
28297,1,150
28365,1,150
28396,1,150
28771,1,150
29065,1,150
29078,1,150
29139,1,150
29215,1,150
29289,1,150
29301,1,150
29307,1,150
29368,1,150
29379,1,150
29500,1,150
29511,1,150
29749,1,150
29955,1,150
29967,1,150
30004,1,150
30063,1,150
30150,1,150
30178,1,150
30259,1,150
30368,1,150
31255,1,150
31255,1,150
31485,1,150
31503,1,150
31948,1,150
32122,1,150
32310,1,150
32337,1,150
32345,1,150
32397,1,150
32942,1,150
33052,1,150
33085,1,150
33134,1,150
33249,1,150
33278,1,150
33393,1,150
33433,1,150
33450,1,150
33496,1,150
33505,1,150
33562,1,150
33564,1,150
33569,1,150
33575,1,150
33585,1,150
33588,1,150
33629,1,150
33682,1,150
33691,1,150
33723,1,150
33920,1,150
33958,1,150
33998,1,150
34005,1,150
34007,1,150
34042,1,150
34051,1,150
34110,1,150
34195,1,150
34229,1,150
34234,1,150
34238,1,150
34245,1,150
34268,1,150
34361,1,150
34406,1,150
34447,1,150
34473,1,150
34501,1,150
34509,1,150
34625,1,150
34823,1,150
34853,1,150
34886,1,150
35025,1,150
35055,1,150
35097,1,150
35280,1,150
35408,1,150
35574,1,150
35763,1,150
35930,1,150
35932,1,150
36017,1,150
36113,1,150
36138,1,150
36193,1,150
36193,1,150
36194,1,150
36222,1,150
36284,1,150
36467,1,150
36490,1,150
36563,1,150
36673,1,150
36675,1,150
36776,1,150
36783,1,150
36873,1,150
36916,1,150
36933,1,150
36952,1,150
37152,1,150
37198,1,150
37204,1,150
37300,1,150
37359,1,150
37397,1,150
37418,1,150
37534,1,150
37658,1,150
38010,1,150
38012,1,150
38040,1,150
38080,1,150
38135,1,150
38217,1,150
38225,1,150
38269,1,150
38446,1,150
38558,1,150
38626,1,150
38648,1,150
38737,1,150
39148,1,150
39160,1,150
39247,1,150
39248,1,150
39317,1,150
39708,1,150
39809,1,150
39856,1,150
39897,1,150
40012,1,150
40024,1,150
40048,1,150
40058,1,150
40109,1,150
40134,1,150
40168,1,150
40174,1,150
40180,1,150
40346,1,150
40398,1,150
40520,1,150
40529,1,150
40557,1,150
40692,1,150
40694,1,150
40861,1,150
40909,1,150
40918,1,150
41089,1,150
41290,1,150
41372,1,150
41503,1,150
41531,1,150
41535,1,150
41703,1,150
41708,1,150
41712,1,150
41784,1,150
41790,1,150
41843,1,150
42063,1,150
42250,1,150
42463,1,150
42549,1,150
42550,1,150
42706,1,150
42755,1,150
42820,1,150
42950,1,150
43020,1,150
43030,1,150
43040,1,150
43045,1,150
43193,1,150
43345,1,150
43738,1,150
43759,1,150
43783,1,150
43982,1,150
43992,1,150
44029,1,150
44091,1,150
44210,1,150
44411,1,150
44420,1,150
44491,1,150
44519,1,150
44632,1,150
45025,1,150
45048,1,150
45049,1,150
45059,1,150
45104,1,150
45109,1,150
45109,1,150
45118,1,150
45173,1,150
45191,1,150
45195,1,150
45215,1,150
45238,1,150
45277,1,150
45280,1,150
45282,1,150
45360,1,150
45361,1,150
45374,1,150
45395,1,150
45404,1,150
45478,1,150
45533,1,150
45545,1,150
45562,1,150
45578,1,150
45587,1,150
45616,1,150
45617,1,150
45661,1,150
45704,1,150
45800,1,150
45818,1,150
45851,1,150
45874,1,150
45911,1,150
45938,1,150
46031,1,150
46035,1,150
46080,1,150
46105,1,150
46202,1,150
46269,1,150
46301,1,150
46345,1,150
46373,1,150
46440,1,150
46471,1,150
46489,1,150
46510,1,150
46530,1,150
46656,1,150
46680,1,150
46686,1,150
46716,1,150
46776,1,150
46823,1,150
46831,1,150
46866,1,150
46876,1,150
46934,1,150
46985,1,150
46997,1,150
47037,1,150
47044,1,150
47065,1,150
47086,1,150
47188,1,150
47200,1,150
47308,1,150
47321,1,150
47350,1,150
47381,1,150
47398,1,150
47400,1,150
47501,1,150
47555,1,150
47618,1,150
47647,1,150
47673,1,150
47718,1,150
47738,1,150
47785,1,150
47791,1,150
47791,1,150
47862,1,150
47891,1,150
47901,1,150
48002,1,150
48040,1,150
48059,1,150
48157,1,150
48176,1,150
48220,1,150
48229,1,150
48302,1,150
48331,1,150
48368,1,150
48514,1,150
48590,1,150
48626,1,150
48635,1,150
48662,1,150
48829,1,150
48831,1,150
48831,1,150
48859,1,150
48880,1,150
48918,1,150
48990,1,150
49007,1,150
49032,1,150
49037,1,150
49052,1,150
49074,1,150
49081,1,150
49193,1,150
49295,1,150
49298,1,150
49315,1,150
49498,1,150
49589,1,150
49708,1,150
49780,1,150
49791,1,150
49809,1,150
49898,1,150
49901,1,150
49903,1,150
49918,1,150
49936,1,150
49940,1,150
49962,1,150
49968,1,150
50004,1,150
50122,1,150
50136,1,150
50143,1,150
50195,1,150
50226,1,150
50228,1,150
50241,1,150
50324,1,150
50427,1,150
50473,1,150
50500,1,150
50588,1,150
50631,1,150
50634,1,150
50652,1,150
50660,1,150
50670,1,150
50697,1,150
50720,1,150
50760,1,150
50855,1,150
50870,1,150
50913,1,150
51028,1,150
51028,1,150
51039,1,150
51044,1,150
51126,1,150
51183,1,150
51211,1,150
51282,1,150
51340,1,150
51485,1,150
51505,1,150
51580,1,150
51604,1,150
51810,1,150
51881,1,150
51964,1,150
51975,1,150
52037,1,150
52051,1,150
52062,1,150
52087,1,150
52100,1,150
52116,1,150
52139,1,150
52169,1,150
52192,1,150
52195,1,150
52213,1,150
52217,1,150
52219,1,150
52274,1,150
52293,1,150
52339,1,150
52380,1,150
52411,1,150
52474,1,150
52510,1,150
52533,1,150
52560,1,150
52683,1,150
52795,1,150
52862,1,150
52974,1,150
53061,1,150
53078,1,150
53117,1,150
53123,1,150
53160,1,150
53164,1,150
53208,1,150
53237,1,150
53241,1,150
53242,1,150
53304,1,150
53311,1,150
53315,1,150
53315,1,150
53321,1,150
53338,1,150
53342,1,150
53345,1,150
53371,1,150
53440,1,150
53508,1,150
53528,1,150
53555,1,150
53617,1,150
53680,1,150
53693,1,150
53741,1,150
53861,1,150
54010,1,150
54065,1,150
54084,1,150
54092,1,150
54111,1,150
54120,1,150
54383,1,150
54401,1,150
54411,1,150
54473,1,150
54575,1,150
54631,1,150
54690,1,150
54711,1,150
54716,1,150
54738,1,150
54760,1,150
54766,1,150
54779,1,150
55055,1,150
55071,1,150
55149,1,150
55290,1,150
55328,1,150
55335,1,150
55358,1,150
55368,1,150
55459,1,150
55511,1,150
55522,1,150
55545,1,150
55549,1,150
55625,1,150
55636,1,150
55651,1,150
55666,1,150
55691,1,150
55705,1,150
55791,1,150
55823,1,150
55907,1,150
55946,1,150
55995,1,150
56000,1,150
56011,1,150
56035,1,150
56095,1,150
56125,1,150
56144,1,150
56187,1,150
56199,1,150
56249,1,150
56304,1,150
56305,1,150
56317,1,150
56344,1,150
56445,1,150
56451,1,150
56457,1,150
56480,1,150
56540,1,150
56608,1,150
56729,1,150
56829,1,150
56844,1,150
57007,1,150
57033,1,150
57038,1,150
57113,1,150
57159,1,150
57193,1,150
57194,1,150
57196,1,150
57303,1,150
57308,1,150
57324,1,150
57326,1,150
57343,1,150
57352,1,150
57358,1,150
57383,1,150
57385,1,150
57427,1,150
57429,1,150
57438,1,150
57445,1,150
57453,1,150
57530,1,150
57533,1,150
57566,1,150
57602,1,150
57606,1,150
57661,1,150
57668,1,150
57673,1,150
57682,1,150
57709,1,150
57739,1,150
57752,1,150
57784,1,150
57882,1,150
57919,1,150
57939,1,150
57947,1,150
58001,1,150
58006,1,150
58042,1,150
58052,1,150
58059,1,150
58075,1,150
58080,1,150
58090,1,150
58176,1,150
58187,1,150
58214,1,150
58250,1,150
58269,1,150
58297,1,150
58301,1,150
58359,1,150
58408,1,150
58409,1,150
58535,1,150
58540,1,150
58577,1,150
58584,1,150
58590,1,150
58599,1,150
58613,1,150
58641,1,150
58683,1,150
58685,1,150
58740,1,150
58760,1,150
58769,1,150
58823,1,150
58829,1,150
58844,1,150
58850,1,150
58901,1,150
58915,1,150
58927,1,150
59018,1,150
59084,1,150
59095,1,150
59200,1,150
59239,1,150
59251,1,150
59260,1,150
59286,1,150
59321,1,150
59356,1,150
59373,1,150
59424,1,150
59434,1,150
59462,1,150
59492,1,150
59493,1,150
59514,1,150
59522,1,150
59526,1,150
59546,1,150
59569,1,150
59579,1,150
59640,1,150
59684,1,150
59712,1,150
59737,1,150
59838,1,150
59880,1,150
59928,1,150
59976,1,150
60040,1,150
60047,1,150
60096,1,150
60134,1,150
60149,1,150
60174,1,150
60187,1,150
60236,1,150
60238,1,150
60249,1,150
60282,1,150
60293,1,150
60302,1,150
60320,1,150
60332,1,150
60367,1,150
60414,1,150
60437,1,150
60456,1,150
60461,1,150
60490,1,150
60548,1,150
60565,1,150
60583,1,150
60618,1,150
60626,1,150
60636,1,150
60647,1,150
60675,1,150
60692,1,150
60744,1,150
60753,1,150
61029,1,150
61041,1,150
61140,1,150
61268,1,150
61270,1,150
61274,1,150
61282,1,150
61297,1,150
61326,1,150
61328,1,150
61337,1,150
61351,1,150
61366,1,150
61369,1,150
61404,1,150
61409,1,150
61417,1,150
61427,1,150
61477,1,150
61487,1,150
61514,1,150
61539,1,150
61542,1,150
61587,1,150
61620,1,150
61652,1,150
61718,1,150
61725,1,150
61739,1,150
61745,1,150
61824,1,150
61829,1,150
62094,1,150
62114,1,150
62138,1,150
62157,1,150
62171,1,150
62182,1,150
62233,1,150
62322,1,150
62361,1,150
62370,1,150
62371,1,150
62381,1,150
62399,1,150
62418,1,150
62460,1,150
62466,1,150
62481,1,150
62485,1,150
62506,1,150
62513,1,150
62522,1,150
62525,1,150
62564,1,150
62571,1,150
62648,1,150
62701,1,150
62717,1,150
62722,1,150
62757,1,150
62807,1,150
62822,1,150
62899,1,150
63025,1,150
63033,1,150
63039,1,150
63045,1,150
63096,1,150
63107,1,150
63178,1,150
63211,1,150
63220,1,150
63338,1,150
63410,1,150
63411,1,150
63447,1,150
63490,1,150
63501,1,150
63507,1,150
63514,1,150
63540,1,150
63577,1,150
63581,1,150
63641,1,150
63710,1,150
63795,1,150
63933,1,150
63945,1,150
63947,1,150
63950,1,150
63982,1,150
64009,1,150
64014,1,150
64025,1,150
64026,1,150
64056,1,150
64070,1,150
64091,1,150
64091,1,150
64110,1,150
64112,1,150
64124,1,150
64139,1,150
64172,1,150
64180,1,150
64271,1,150
64294,1,150
64419,1,150
64424,1,150
64453,1,150
64507,1,150
64570,1,150
64653,1,150
64687,1,150
64728,1,150
64756,1,150
64758,1,150
64899,1,150
64958,1,150
64967,1,150
64967,1,150
65010,1,150
65052,1,150
65076,1,150
65090,1,150
65116,1,150
65127,1,150
65152,1,150
65162,1,150
65164,1,150
65175,1,150
65318,1,150
65320,1,150
65350,1,150
65377,1,150
65391,1,150
65399,1,150
65461,1,150
65461,1,150
65494,1,150
65504,1,150
65564,1,150
65568,1,150
65621,1,150
65672,1,150
65685,1,150
65688,1,150
65698,1,150
65714,1,150
65722,1,150
65747,1,150
65755,1,150
65797,1,150
65812,1,150
65813,1,150
65826,1,150
65935,1,150
66002,1,150
66018,1,150
66025,1,150
66043,1,150
66092,1,150
66137,1,150
66211,1,150
66215,1,150
66218,1,150
66229,1,150
66244,1,150
66263,1,150
66293,1,150
66306,1,150
66320,1,150
66358,1,150
66363,1,150
66368,1,150
66382,1,150
66396,1,150
66485,1,150
66496,1,150
66503,1,150
66613,1,150
66616,1,150
66663,1,150
66694,1,150
66694,1,150
66744,1,150
66818,1,150
66832,1,150
67004,1,150
67014,1,150
67069,1,150
67077,1,150
67096,1,150
67135,1,150
67167,1,150
67206,1,150
67219,1,150
67234,1,150
67241,1,150
67277,1,150
67284,1,150
67299,1,150
67321,1,150
67348,1,150
67412,1,150
67423,1,150
67428,1,150
67467,1,150
67552,1,150
67643,1,150
67672,1,150
67688,1,150
67698,1,150
67773,1,150
67791,1,150
67813,1,150
67817,1,150
67972,1,150
68070,1,150
68121,1,150
68172,1,150
68177,1,150
68238,1,150
68275,1,150
68291,1,150
68298,1,150
68331,1,150
68335,1,150
68370,1,150
68412,1,150
68440,1,150
68460,1,150
68480,1,150
68497,1,150
68548,1,150
68606,1,150
68612,1,150
68645,1,150
68651,1,150
68654,1,150
68729,1,150
68737,1,150
68779,1,150
68794,1,150
68825,1,150
68825,1,150
68889,1,150
68929,1,150
68981,1,150
69000,1,150
69000,1,150
69027,1,150
69031,1,150
69079,1,150
69096,1,150
69099,1,150
69112,1,150
69118,1,150
69125,1,150
69128,1,150
69154,1,150
69173,1,150
69181,1,150
69193,1,150
69194,1,150
69222,1,150
69241,1,150
69247,1,150
69263,1,150
69268,1,150
69322,1,150
69361,1,150
69419,1,150
69447,1,150
69449,1,150
69453,1,150
69461,1,150
69463,1,150
69477,1,150
69480,1,150
69487,1,150
69506,1,150
69516,1,150
69541,1,150
69550,1,150
69560,1,150
69604,1,150
69635,1,150
69670,1,150
69671,1,150
69675,1,150
69686,1,150
69687,1,150
69727,1,150
69739,1,150
69749,1,150
69760,1,150
69764,1,150
69767,1,150
69774,1,150
69781,1,150
69799,1,150
69822,1,150
69859,1,150
69885,1,150
69901,1,150
69913,1,150
69915,1,150
69931,1,150
69933,1,150
69945,1,150
70002,1,150
70004,1,150
70004,1,150
70029,1,150
70030,1,150
70040,1,150
70042,1,150
70088,1,150
70130,1,150
70139,1,150
70145,1,150
70149,1,150
70166,1,150
70174,1,150
70185,1,150
70207,1,150
70228,1,150
70230,1,150
70245,1,150
70286,1,150
70306,1,150
70344,1,150
70375,1,150
70378,1,150
70477,1,150
70511,1,150
70512,1,150
70515,1,150
70523,1,150
70529,1,150
70539,1,150
70631,1,150
70641,1,150
70671,1,150
70706,1,150
70724,1,150
70731,1,150
70761,1,150
70781,1,150
70838,1,150
70848,1,150
70875,1,150
70881,1,150
70905,1,150
70908,1,150
70919,1,150
70931,1,150
70938,1,150
71039,1,150
71056,1,150
71061,1,150
71083,1,150
71100,1,150
71132,1,150
71161,1,150
71173,1,150
71223,1,150
71227,1,150
71227,1,150
71248,1,150
71260,1,150
71316,1,150
71316,1,150
71321,1,150
71336,1,150
71368,1,150
71383,1,150
71389,1,150
71468,1,150
71482,1,150
71504,1,150
71513,1,150
71547,1,150
71560,1,150
71639,1,150
71667,1,150
71718,1,150
71750,1,150
71763,1,150
71816,1,150
71821,1,150
71865,1,150
71874,1,150
71957,1,150
72003,1,150
72016,1,150
72030,1,150
72036,1,150
72061,1,150
72071,1,150
72130,1,150
72138,1,150
72147,1,150
72151,1,150
72154,1,150
72199,1,150
72208,1,150
72231,1,150
72263,1,150
72266,1,150
72269,1,150
72292,1,150
72323,1,150
72326,1,150
72328,1,150
72329,1,150
72361,1,150
72374,1,150
72410,1,150
72418,1,150
72457,1,150
72470,1,150
72614,1,150
72635,1,150
72638,1,150
72643,1,150
72644,1,150
72650,1,150
72677,1,150
72681,1,150
72685,1,150
72694,1,150
72751,1,150
72776,1,150
72779,1,150
72797,1,150
72800,1,150
72820,1,150
72877,1,150
72912,1,150
72922,1,150
72923,1,150
72949,1,150
72968,1,150
72969,1,150
72989,1,150
72998,1,150
73000,1,150
73000,1,150
73003,1,150
73009,1,150
73010,1,150
73012,1,150
73016,1,150
73020,1,150
73037,1,150
73071,1,150
73087,1,150
73163,1,150
73195,1,150
73252,1,150
73260,1,150
73263,1,150
73279,1,150
73326,1,150
73330,1,150
73357,1,150
73361,1,150
73392,1,150
73394,1,150
73418,1,150
73477,1,150
73499,1,150
73541,1,150
73543,1,150
73547,1,150
73565,1,150
73631,1,150
73696,1,150
73706,1,150
73744,1,150
73746,1,150
73878,1,150
73890,1,150
73898,1,150
73947,1,150
73950,1,150
73974,1,150
73989,1,150
74016,1,150
74029,1,150
74043,1,150
74061,1,150
74061,1,150
74065,1,150
74065,1,150
74067,1,150
74080,1,150
74086,1,150
74090,1,150
74124,1,150
74126,1,150
74134,1,150
74160,1,150
74182,1,150
74231,1,150
74246,1,150
74250,1,150
74256,1,150
74274,1,150
74280,1,150
74283,1,150
74347,1,150
74370,1,150
74373,1,150
74375,1,150
74386,1,150
74443,1,150
74451,1,150
74465,1,150
74473,1,150
74482,1,150
74484,1,150
74495,1,150
74557,1,150
74578,1,150
74633,1,150
74663,1,150
74686,1,150
74687,1,150
74729,1,150
74732,1,150
74744,1,150
74747,1,150
74752,1,150
74759,1,150
74792,1,150
74802,1,150
74803,1,150
74832,1,150
75030,1,150
75039,1,150
75069,1,150
75071,1,150
75077,1,150
75133,1,150
75136,1,150
75145,1,150
75158,1,150
75164,1,150
75170,1,150
75175,1,150
75180,1,150
75204,1,150
75219,1,150
75223,1,150
75226,1,150
75232,1,150
75276,1,150
75324,1,150
75350,1,150
75354,1,150
75380,1,150
75410,1,150
75428,1,150
75445,1,150
75467,1,150
75479,1,150
75536,1,150
75547,1,150
75550,1,150
75569,1,150
75574,1,150
75617,1,150
75620,1,150
75632,1,150
75658,1,150
75659,1,150
75670,1,150
75683,1,150
75697,1,150
75716,1,150
75752,1,150
75759,1,150
75787,1,150
76004,1,150
76019,1,150
76039,1,150
76040,1,150
76040,1,150
76070,1,150
76097,1,150
76101,1,150
76126,1,150
76150,1,150
76185,1,150
76187,1,150
76189,1,150
76195,1,150
76201,1,150
76210,1,150
76211,1,150
76218,1,150
76223,1,150
76225,1,150
76240,1,150
76245,1,150
76281,1,150
76295,1,150
76348,1,150
76382,1,150
76400,1,150
76412,1,150
76413,1,150
76473,1,150
76488,1,150
76491,1,150
76510,1,150
76538,1,150
76568,1,150
76627,1,150
76687,1,150
76772,1,150
76778,1,150
76795,1,150
76800,1,150
76812,1,150
76831,1,150
76876,1,150
77061,1,150
77072,1,150
77090,1,150
77114,1,150
77170,1,150
77170,1,150
77173,1,150
77191,1,150
77240,1,150
77255,1,150
77256,1,150
77299,1,150
77341,1,150
77353,1,150
77369,1,150
77396,1,150
77399,1,150
77400,1,150
77402,1,150
77444,1,150
77459,1,150
77506,1,150
77525,1,150
77554,1,150
77591,1,150
77593,1,150
77640,1,150
77664,1,150
77686,1,150
77746,1,150
77766,1,150
77804,1,150
77807,1,150
77814,1,150
77818,1,150
77881,1,150
77884,1,150
77932,1,150
77946,1,150
77978,1,150
77984,1,150
77999,1,150
78046,1,150
78055,1,150
78060,1,150
78062,1,150
78092,1,150
78099,1,150
78115,1,150
78120,1,150
78138,1,150
78147,1,150
78153,1,150
78186,1,150
78186,1,150
78187,1,150
78233,1,150
78238,1,150
78248,1,150
78271,1,150
78340,1,150
78376,1,150
78402,1,150
78452,1,150
78468,1,150
78498,1,150
78511,1,150
78522,1,150
78524,1,150
78548,1,150
78549,1,150
78582,1,150
78623,1,150
78673,1,150
78674,1,150
78708,1,150
78740,1,150
78747,1,150
78757,1,150
78791,1,150
78815,1,150
78833,1,150
78846,1,150
78851,1,150
78858,1,150
78906,1,150
78913,1,150
78918,1,150
79007,1,150
79064,1,150
79114,1,150
79121,1,150
79187,1,150
79190,1,150
79255,1,150
79277,1,150
79293,1,150
79293,1,150
79349,1,150
79367,1,150
79390,1,150
79473,1,150
79487,1,150
79512,1,150
79582,1,150
79616,1,150
79628,1,150
79631,1,150
79632,1,150
79670,1,150
79727,1,150
79739,1,150
79786,1,150
79839,1,150
79850,1,150
79881,1,150
79959,1,150
79964,1,150
79964,1,150
79990,1,150
79993,1,150
80001,1,150
80003,1,150
80019,1,150
80023,1,150
80055,1,150
80059,1,150
80065,1,150
80070,1,150
80073,1,150
80073,1,150
80077,1,150
80093,1,150
80098,1,150
80105,1,150
80107,1,150
80137,1,150
80146,1,150
80148,1,150
80149,1,150
80214,1,150
80255,1,150
80335,1,150
80375,1,150
80384,1,150
80396,1,150
80409,1,150
80460,1,150
80474,1,150
80475,1,150
80476,1,150
80481,1,150
80482,1,150
80506,1,150
80627,1,150
80665,1,150
80678,1,150
80681,1,150
80698,1,150
80702,1,150
80709,1,150
80728,1,150
80729,1,150
80781,1,150
80791,1,150
80828,1,150
80830,1,150
80835,1,150
80843,1,150
80864,1,150
80867,1,150
80873,1,150
80901,1,150
81035,1,150
81037,1,150
81073,1,150
81078,1,150
81088,1,150
81117,1,150
81123,1,150
81129,1,150
81140,1,150
81142,1,150
81155,1,150
81162,1,150
81167,1,150
81219,1,150
81223,1,150
81232,1,150
81256,1,150
81295,1,150
81312,1,150
81313,1,150
81330,1,150
81334,1,150
81357,1,150
81360,1,150
81363,1,150
81404,1,150
81415,1,150
81417,1,150
81461,1,150
81473,1,150
81529,1,150
81535,1,150
81557,1,150
81566,1,150
81581,1,150
81611,1,150
81614,1,150
81649,1,150
81658,1,150
81667,1,150
81679,1,150
81705,1,150
81720,1,150
81730,1,150
81738,1,150
81740,1,150
81757,1,150
81768,1,150
81769,1,150
81780,1,150
81783,1,150
81784,1,150
81799,1,150
81822,1,150
81840,1,150
81854,1,150
81864,1,150
81876,1,150
81887,1,150
81889,1,150
81914,1,150
81934,1,150
82016,1,150
82019,1,150
82108,1,150
82112,1,150
82142,1,150
82177,1,150
82183,1,150
82209,1,150
82211,1,150
82253,1,150
82282,1,150
82289,1,150
82296,1,150
82338,1,150
82355,1,150
82371,1,150
82371,1,150
82398,1,150
82440,1,150
82479,1,150
82489,1,150
82511,1,150
82541,1,150
82559,1,150
82564,1,150
82596,1,150
82607,1,150
82659,1,150
82676,1,150
82701,1,150
82724,1,150
82742,1,150
82752,1,150
82752,1,150
82784,1,150
82785,1,150
82806,1,150
82818,1,150
82835,1,150
82854,1,150
82875,1,150
82910,1,150
82912,1,150
82953,1,150
82960,1,150
82964,1,150
82983,1,150
83016,1,150
83034,1,150
83036,1,150
83049,1,150
83051,1,150
83053,1,150
83074,1,150
83079,1,150
83107,1,150
83165,1,150
83198,1,150
83251,1,150
83267,1,150
83291,1,150
83332,1,150
83335,1,150
83347,1,150
83414,1,150
83437,1,150
83457,1,150
83471,1,150
83485,1,150
83491,1,150
83494,1,150
83496,1,150
83521,1,150
83541,1,150
83572,1,150
83576,1,150
83585,1,150
83608,1,150
83608,1,150
83626,1,150
83659,1,150
83675,1,150
83707,1,150
83711,1,150
83714,1,150
83770,1,150
83811,1,150
83819,1,150
83823,1,150
83830,1,150
83850,1,150
83855,1,150
83870,1,150
83876,1,150
83890,1,150
83895,1,150
83908,1,150
83925,1,150
83962,1,150
83966,1,150
83983,1,150
84013,1,150
84014,1,150
84035,1,150
84117,1,150
84151,1,150
84197,1,150
84199,1,150
84227,1,150
84256,1,150
84291,1,150
84292,1,150
84304,1,150
84367,1,150
84407,1,150
84433,1,150
84449,1,150
84468,1,150
84501,1,150
84514,1,150
84586,1,150
84618,1,150
84626,1,150
84630,1,150
84631,1,150
84636,1,150
84657,1,150
84672,1,150
84685,1,150
84718,1,150
84727,1,150
84741,1,150
84750,1,150
84769,1,150
84791,1,150
84866,1,150
84896,1,150
84897,1,150
84898,1,150
84906,1,150
84911,1,150
84914,1,150
84930,1,150
84996,1,150
85001,1,150
85004,1,150
85020,1,150
85022,1,150
85024,1,150
85032,1,150
85037,1,150
85042,1,150
85064,1,150
85075,1,150
85080,1,150
85082,1,150
85084,1,150
85086,1,150
85093,1,150
85099,1,150
85099,1,150
85101,1,150
85103,1,150
85104,1,150
85107,1,150
85132,1,150
85134,1,150
85146,1,150
85148,1,150
85149,1,150
85149,1,150
85166,1,150
85190,1,150
85203,1,150
85204,1,150
85218,1,150
85234,1,150
85241,1,150
85250,1,150
85262,1,150
85265,1,150
85293,1,150
85302,1,150
85322,1,150
85345,1,150
85363,1,150
85400,1,150
85429,1,150
85445,1,150
85458,1,150
85479,1,150
85483,1,150
85510,1,150
85536,1,150
85548,1,150
85596,1,150
85630,1,150
85649,1,150
85680,1,150
85690,1,150
86004,1,150
86019,1,150
86036,1,150
86065,1,150
86078,1,150
86101,1,150
86123,1,150
86125,1,150
86178,1,150
86192,1,150
86202,1,150
86217,1,150
86226,1,150
86248,1,150
86279,1,150
86292,1,150
86307,1,150
86324,1,150
86324,1,150
86352,1,150
86368,1,150
86375,1,150
86397,1,150
86416,1,150
86439,1,150
86456,1,150
86457,1,150
86491,1,150
86510,1,150
86553,1,150
86561,1,150
86625,1,150
86630,1,150
86630,1,150
86648,1,150
86664,1,150
86668,1,150
86687,1,150
86701,1,150
86717,1,150
86772,1,150
86782,1,150
86806,1,150
86824,1,150
86837,1,150
86845,1,150
86943,1,150
86965,1,150
86975,1,150
87022,1,150
87029,1,150
87072,1,150
87096,1,150
87138,1,150
87144,1,150
87166,1,150
87171,1,150
87177,1,150
87212,1,150
87216,1,150
87245,1,150
87254,1,150
87265,1,150
87281,1,150
87304,1,150
87336,1,150
87351,1,150
87358,1,150
87365,1,150
87383,1,150
87389,1,150
87423,1,150
87427,1,150
87430,1,150
87448,1,150
87471,1,150
87480,1,150
87492,1,150
87523,1,150
87533,1,150
87533,1,150
87540,1,150
87553,1,150
87556,1,150
87593,1,150
87648,1,150
87691,1,150
87717,1,150
87752,1,150
87770,1,150
87795,1,150
87846,1,150
87889,1,150
87945,1,150
87998,1,150
87999,1,150
88015,1,150
88056,1,150
88081,1,150
88090,1,150
88091,1,150
88098,1,150
88099,1,150
88104,1,150
88106,1,150
88116,1,150
88132,1,150
88137,1,150
88149,1,150
88236,1,150
88238,1,150
88247,1,150
88255,1,150
88257,1,150
88265,1,150
88270,1,150
88283,1,150
88287,1,150
88310,1,150
88316,1,150
88342,1,150
88344,1,150
88372,1,150
88375,1,150
88387,1,150
88398,1,150
88421,1,150
88453,1,150
88495,1,150
88511,1,150
88526,1,150
88544,1,150
88571,1,150
88595,1,150
88609,1,150
88641,1,150
88661,1,150
88667,1,150
88697,1,150
88768,1,150
88799,1,150
88810,1,150
88814,1,150
88827,1,150
88840,1,150
88843,1,150
88856,1,150
88856,1,150
88927,1,150
88934,1,150
89030,1,150
89042,1,150
89053,1,150
89070,1,150
89080,1,150
89094,1,150
89094,1,150
89108,1,150
89108,1,150
89112,1,150
89120,1,150
89141,1,150
89141,1,150
89163,1,150
89199,1,150
89200,1,150
89201,1,150
89242,1,150
89245,1,150
89303,1,150
89324,1,150
89335,1,150
89360,1,150
89380,1,150
89395,1,150
89423,1,150
89446,1,150
89451,1,150
89468,1,150
89483,1,150
89511,1,150
89591,1,150
89596,1,150
89625,1,150
89642,1,150
89656,1,150
89659,1,150
89669,1,150
89682,1,150
89687,1,150
89706,1,150
89721,1,150
89727,1,150
89729,1,150
89755,1,150
89773,1,150
89786,1,150
89798,1,150
89822,1,150
90007,1,150
90008,1,150
90016,1,150
90017,1,150
90056,1,150
90100,1,150
90102,1,150
90117,1,150
90181,1,150
90190,1,150
90210,1,150
90249,1,150
90254,1,150
90283,1,150
90312,1,150
90323,1,150
90346,1,150
90357,1,150
90361,1,150
90376,1,150
90384,1,150
90385,1,150
90409,1,150
90414,1,150
90416,1,150
90442,1,150
90452,1,150
90511,1,150
90521,1,150
90533,1,150
90537,1,150
90566,1,150
90586,1,150
90621,1,150
90639,1,150
90647,1,150
90665,1,150
90676,1,150
90749,1,150
90777,1,150
90787,1,150
90791,1,150
90793,1,150
90855,1,150
90871,1,150
90886,1,150
91006,1,150
91020,1,150
91048,1,150
91098,1,150
91099,1,150
91109,1,150
91154,1,150
91155,1,150
91164,1,150
91164,1,150
91171,1,150
91202,1,150
91238,1,150
91244,1,150
91256,1,150
91292,1,150
91300,1,150
91314,1,150
91339,1,150
91345,1,150
91373,1,150
91389,1,150
91392,1,150
91397,1,150
91400,1,150
91419,1,150
91426,1,150
91443,1,150
91447,1,150
91481,1,150
91521,1,150
91549,1,150
91555,1,150
91563,1,150
91615,1,150
91622,1,150
91689,1,150
91722,1,150
91729,1,150
91740,1,150
91773,1,150
91788,1,150
91832,1,150
91853,1,150
91873,1,150
91877,1,150
91879,1,150
91901,1,150
91914,1,150
92051,1,150
92105,1,150
92121,1,150
92149,1,150
92191,1,150
92264,1,150
92266,1,150
92280,1,150
92281,1,150
92291,1,150
92298,1,150
92347,1,150
92367,1,150
92383,1,150
92390,1,150
92395,1,150
92406,1,150
92461,1,150
92487,1,150
92487,1,150
92495,1,150
92513,1,150
92514,1,150
92526,1,150
92560,1,150
92590,1,150
92594,1,150
92623,1,150
92679,1,150
92685,1,150
92696,1,150
92729,1,150
92752,1,150
92754,1,150
92754,1,150
92760,1,150
92809,1,150
92823,1,150
92834,1,150
92840,1,150
92855,1,150
92903,1,150
92904,1,150
92915,1,150
92919,1,150
92921,1,150
92934,1,150
93030,1,150
93062,1,150
93065,1,150
93087,1,150
93090,1,150
93129,1,150
93131,1,150
93136,1,150
93162,1,150
93185,1,150
93187,1,150
93191,1,150
93193,1,150
93202,1,150
93212,1,150
93243,1,150
93252,1,150
93264,1,150
93278,1,150
93334,1,150
93338,1,150
93338,1,150
93352,1,150
93353,1,150
93356,1,150
93356,1,150
93358,1,150
93368,1,150
93396,1,150
93399,1,150
93406,1,150
93407,1,150
93422,1,150
93429,1,150
93436,1,150
93438,1,150
93440,1,150
93443,1,150
93482,1,150
93485,1,150
93516,1,150
93533,1,150
93553,1,150
93570,1,150
93574,1,150
93586,1,150
93597,1,150
93617,1,150
93633,1,150
93659,1,150
93670,1,150
93689,1,150
93692,1,150
93698,1,150
93707,1,150
93715,1,150
93718,1,150
93728,1,150
93731,1,150
93754,1,150
93828,1,150
93846,1,150
93849,1,150
93889,1,150
93889,1,150
93904,1,150
93916,1,150
93931,1,150
93932,1,150
93933,1,150
93935,1,150
93937,1,150
93941,1,150
93952,1,150
94000,1,150
94017,1,150
94022,1,150
94026,1,150
94039,1,150
94061,1,150
94063,1,150
94069,1,150
94104,1,150
94113,1,150
94115,1,150
94127,1,150
94163,1,150
94179,1,150
94211,1,150
94227,1,150
94228,1,150
94265,1,150
94282,1,150
94298,1,150
94319,1,150
94338,1,150
94353,1,150
94354,1,150
94367,1,150
94388,1,150
94422,1,150
94456,1,150
94475,1,150
94537,1,150
94616,1,150
94635,1,150
94651,1,150
94693,1,150
94705,1,150
94706,1,150
94714,1,150
94724,1,150
94755,1,150
94778,1,150
94800,1,150
94801,1,150
94807,1,150
94811,1,150
94830,1,150
94830,1,150
94831,1,150
94835,1,150
94842,1,150
94850,1,150
94856,1,150
94857,1,150
94871,1,150
94876,1,150
95025,1,150
95060,1,150
95062,1,150
95070,1,150
95072,1,150
95072,1,150
95096,1,150
95144,1,150
95162,1,150
95167,1,150
95175,1,150
95266,1,150
95268,1,150
95273,1,150
95278,1,150
95334,1,150
95409,1,150
95415,1,150
95442,1,150
95456,1,150
95466,1,150
95473,1,150
95476,1,150
95477,1,150
95547,1,150
95558,1,150
95694,1,150
95707,1,150
95728,1,150
95741,1,150
95779,1,150
95780,1,150
95790,1,150
95798,1,150
95807,1,150
95811,1,150
95828,1,150
95829,1,150
95843,1,150
95854,1,150
95896,1,150
95911,1,150
95916,1,150
95926,1,150
95970,1,150
95976,1,150
95991,1,150
95996,1,150
96019,1,150
96027,1,150
96051,1,150
96052,1,150
96060,1,150
96070,1,150
96096,1,150
96112,1,150
96128,1,150
96188,1,150
96206,1,150
96227,1,150
96234,1,150
96239,1,150
96267,1,150
96272,1,150
96284,1,150
96289,1,150
96309,1,150
96355,1,150
96356,1,150
96426,1,150
96449,1,150
96455,1,150
96458,1,150
96502,1,150
96520,1,150
96523,1,150
96547,1,150
96552,1,150
96597,1,150
96600,1,150
96603,1,150
96648,1,150
96665,1,150
96701,1,150
96722,1,150
96731,1,150
96744,1,150
96790,1,150
96798,1,150
96804,1,150
96811,1,150
96811,1,150
96906,1,150
96928,1,150
96976,1,150
97020,1,150
97024,1,150
97028,1,150
97028,1,150
97053,1,150
97059,1,150
97074,1,150
97081,1,150
97097,1,150
97107,1,150
97113,1,150
97119,1,150
97136,1,150
97162,1,150
97166,1,150
97169,1,150
97186,1,150
97196,1,150
97198,1,150
97205,1,150
97209,1,150
97214,1,150
97228,1,150
97231,1,150
97310,1,150
97316,1,150
97352,1,150
97352,1,150
97355,1,150
97376,1,150
97382,1,150
97399,1,150
97415,1,150
97461,1,150
97462,1,150
97546,1,150
97574,1,150
97578,1,150
97607,1,150
97638,1,150
97700,1,150
97706,1,150
97737,1,150
97759,1,150
97775,1,150
97786,1,150
97798,1,150
97802,1,150
97803,1,150
97819,1,150
97820,1,150
97827,1,150
97878,1,150
97892,1,150
97928,1,150
97952,1,150
97963,1,150
97971,1,150
97994,1,150
98015,1,150
98017,1,150
98075,1,150
98090,1,150
98092,1,150
98183,1,150
98188,1,150
98193,1,150
98221,1,150
98229,1,150
98231,1,150
98262,1,150
98296,1,150
98340,1,150
98344,1,150
98357,1,150
98365,1,150
98387,1,150
98388,1,150
98473,1,150
98482,1,150
98483,1,150
98488,1,150
98545,1,150
98637,1,150
98642,1,150
98657,1,150
98718,1,150
98719,1,150
98737,1,150
98742,1,150
98744,1,150
98755,1,150
98778,1,150
98787,1,150
98819,1,150
98824,1,150
98839,1,150
98841,1,150
98846,1,150
98866,1,150
98875,1,150
98894,1,150
98943,1,150
98947,1,150
98959,1,150
99006,1,150
99007,1,150
99027,1,150
99031,1,150
99047,1,150
99051,1,150
99067,1,150
99092,1,150
99107,1,150
99138,1,150
99139,1,150
99161,1,150
99179,1,150
99191,1,150
99233,1,150
99259,1,150
99264,1,150
99283,1,150
99286,1,150
99286,1,150
99297,1,150
99327,1,150
99336,1,150
99343,1,150
99345,1,150
99392,1,150
99405,1,150
99432,1,150
99486,1,150
99503,1,150
99515,1,150
99533,1,150
99556,1,150
99558,1,150
99563,1,150
99563,1,150
99599,1,150
99635,1,150
99651,1,150
99664,1,150
99671,1,150
99695,1,150
99703,1,150
99706,1,150
99708,1,150
99759,1,150
99921,1,150
99930,1,150
99933,1,150
99969,1,150
99971,1,150
100005,1,150
100030,1,150
100037,1,150
100038,1,150
100044,1,150
100047,1,150
100063,1,150
100081,1,150
100083,1,150
100151,1,150
100170,1,150
100184,1,150
100199,1,150
100213,1,150
100213,1,150
100250,1,150
100261,1,150
100278,1,150
100298,1,150
100315,1,150
100327,1,150
100341,1,150
100342,1,150
100356,1,150
100365,1,150
100369,1,150
100384,1,150
100440,1,150
100504,1,150
100526,1,150
100531,1,150
100544,1,150
100549,1,150
100593,1,150
100615,1,150
100621,1,150
100659,1,150
100668,1,150
100678,1,150
100685,1,150
100690,1,150
100698,1,150
100699,1,150
100716,1,150
100727,1,150
100769,1,150
100802,1,150
100806,1,150
100813,1,150
100844,1,150
100861,1,150
100863,1,150
101002,1,150
101009,1,150
101021,1,150
101054,1,150
101056,1,150
101083,1,150
101133,1,150
101161,1,150
101171,1,150
101223,1,150
101226,1,150
101228,1,150
101237,1,150
101305,1,150
101380,1,150
101400,1,150
101435,1,150
101513,1,150
101520,1,150
101525,1,150
101563,1,150
101564,1,150
101583,1,150
101628,1,150
101647,1,150
101723,1,150
101807,1,150
101814,1,150
101815,1,150
101859,1,150
101868,1,150
101884,1,150
101896,1,150
101933,1,150
101944,1,150
101951,1,150
102009,1,150
102010,1,150
102013,1,150
102014,1,150
102016,1,150
102034,1,150
102035,1,150
102074,1,150
102076,1,150
102083,1,150
102085,1,150
102103,1,150
102104,1,150
102114,1,150
102128,1,150
102241,1,150
102246,1,150
102248,1,150
102279,1,150
102290,1,150
102305,1,150
102307,1,150
102326,1,150
102327,1,150
102331,1,150
102367,1,150
102388,1,150
102421,1,150
102433,1,150
102445,1,150
102488,1,150
102509,1,150
102537,1,150
102539,1,150
102567,1,150
102574,1,150
102577,1,150
102643,1,150
102661,1,150
102668,1,150
102673,1,150
102692,1,150
102694,1,150
102728,1,150
102764,1,150
102765,1,150
102776,1,150
102783,1,150
102900,1,150
102924,1,150
102930,1,150
102963,1,150
102972,1,150
103004,1,150
103005,1,150
103016,1,150
103035,1,150
103042,1,150
103057,1,150
103078,1,150
103126,1,150
103136,1,150
103165,1,150
103184,1,150
103201,1,150
103219,1,150
103242,1,150
103242,1,150
103243,1,150
103271,1,150
103283,1,150
103287,1,150
103368,1,150
103409,1,150
103478,1,150
103508,1,150
103550,1,150
103562,1,150
103581,1,150
103595,1,150
103617,1,150
103635,1,150
103640,1,150
103642,1,150
103658,1,150
103732,1,150
103739,1,150
103751,1,150
103753,1,150
103799,1,150
103831,1,150
103928,1,150
103929,1,150
103938,1,150
103964,1,150
103981,1,150
103984,1,150
103988,1,150
103995,1,150
104028,1,150
104029,1,150
104089,1,150
104099,1,150
104130,1,150
104189,1,150
104215,1,150
104221,1,150
104239,1,150
104306,1,150
104307,1,150
104336,1,150
104338,1,150
104351,1,150
104360,1,150
104369,1,150
104372,1,150
104374,1,150
104376,1,150
104407,1,150
104446,1,150
104472,1,150
104483,1,150
104490,1,150
104492,1,150
104520,1,150
104581,1,150
104602,1,150
104615,1,150
104654,1,150
104665,1,150
104740,1,150
104788,1,150
104803,1,150
104838,1,150
104840,1,150
104853,1,150
104883,1,150
104888,1,150
104896,1,150
104917,1,150
104918,1,150
104922,1,150
105009,1,150
105011,1,150
105033,1,150
105074,1,150
105096,1,150
105096,1,150
105112,1,150
105138,1,150
105145,1,150
105175,1,150
105216,1,150
105223,1,150
105231,1,150
105259,1,150
105261,1,150
105262,1,150
105268,1,150
105271,1,150
105282,1,150
105283,1,150
105298,1,150
105298,1,150
105318,1,150
105325,1,150
105340,1,150
105344,1,150
105345,1,150
105366,1,150
105368,1,150
105385,1,150
105401,1,150
105407,1,150
105412,1,150
105437,1,150
105462,1,150
105502,1,150
105504,1,150
105522,1,150
105530,1,150
105552,1,150
105559,1,150
105572,1,150
105579,1,150
105587,1,150
105725,1,150
105738,1,150
105741,1,150
105774,1,150
105802,1,150
105810,1,150
105873,1,150
105898,1,150
105898,1,150
105907,1,150
106022,1,150
106026,1,150
106043,1,150
106059,1,150
106130,1,150
106139,1,150
106184,1,150
106188,1,150
106244,1,150
106248,1,150
106254,1,150
106264,1,150
106311,1,150
106322,1,150
106322,1,150
106326,1,150
106339,1,150
106391,1,150
106403,1,150
106424,1,150
106428,1,150
106448,1,150
106515,1,150
106522,1,150
106526,1,150
106575,1,150
106587,1,150
106670,1,150
106730,1,150
106875,1,150
106878,1,150
106908,1,150
106920,1,150
106933,1,150
106935,1,150
106942,1,150
106953,1,150
106968,1,150
106970,1,150
106975,1,150
106991,1,150
107008,1,150
107019,1,150
107042,1,150
107087,1,150
107104,1,150
107117,1,150
107165,1,150
107177,1,150
107177,1,150
107224,1,150
107262,1,150
107310,1,150
107331,1,150
107470,1,150
107499,1,150
107522,1,150
107524,1,150
107533,1,150
107597,1,150
107610,1,150
107682,1,150
107729,1,150
107741,1,150
107757,1,150
107770,1,150
107788,1,150
107846,1,150
107884,1,150
107906,1,150
107907,1,150
107970,1,150
108007,1,150
108012,1,150
108023,1,150
108061,1,150
108064,1,150
108069,1,150
108072,1,150
108106,1,150
108115,1,150
108127,1,150
108170,1,150
108184,1,150
108207,1,150
108214,1,150
108219,1,150
108254,1,150
108265,1,150
108281,1,150
108297,1,150
108356,1,150
108582,1,150
108614,1,150
108620,1,150
108621,1,150
108686,1,150
108765,1,150
108847,1,150
108850,1,150
108895,1,150
108901,1,150
108927,1,150
108941,1,150
108950,1,150
108973,1,150
109002,1,150
109005,1,150
109016,1,150
109017,1,150
109039,1,150
109057,1,150
109067,1,150
109070,1,150
109075,1,150
109087,1,150
109092,1,150
109096,1,150
109102,1,150
109107,1,150
109120,1,150
109123,1,150
109125,1,150
109129,1,150
109143,1,150
109150,1,150
109151,1,150
109158,1,150
109203,1,150
109223,1,150
109252,1,150
109282,1,150
109336,1,150
109340,1,150
109345,1,150
109367,1,150
109369,1,150
109433,1,150
109466,1,150
109466,1,150
109514,1,150
109542,1,150
109549,1,150
109623,1,150
109632,1,150
109636,1,150
109659,1,150
109669,1,150
109715,1,150
109725,1,150
109747,1,150
109764,1,150
109798,1,150
110028,1,150
110046,1,150
110101,1,150
110108,1,150
110162,1,150
110164,1,150
110183,1,150
110189,1,150
110198,1,150
110224,1,150
110225,1,150
110250,1,150
110254,1,150
110264,1,150
110312,1,150
110313,1,150
110333,1,150
110359,1,150
110370,1,150
110391,1,150
110407,1,150
110438,1,150
110466,1,150
110479,1,150
110492,1,150
110534,1,150
110640,1,150
110689,1,150
110723,1,150
110750,1,150
110769,1,150
110784,1,150
110816,1,150
110819,1,150
110820,1,150
110827,1,150
110857,1,150
110873,1,150
110882,1,150
111006,1,150
111046,1,150
111063,1,150
111093,1,150
111100,1,150
111125,1,150
111158,1,150
111193,1,150
111252,1,150
111262,1,150
111270,1,150
111283,1,150
111311,1,150
111318,1,150
111324,1,150
111336,1,150
111352,1,150
111399,1,150
111405,1,150
111420,1,150
111421,1,150
111447,1,150
111473,1,150
111508,1,150
111510,1,150
111528,1,150
111528,1,150
111571,1,150
111578,1,150
111580,1,150
111580,1,150
111637,1,150
111653,1,150
111695,1,150
111762,1,150
111763,1,150
111779,1,150
111803,1,150
111819,1,150
112056,1,150
112068,1,150
112076,1,150
112105,1,150
112124,1,150
112151,1,150
112161,1,150
112162,1,150
112188,1,150
112253,1,150
112254,1,150
112261,1,150
112346,1,150
112371,1,150
112383,1,150
112390,1,150
112432,1,150
112460,1,150
112461,1,150
112478,1,150
112512,1,150
112512,1,150
112534,1,150
112675,1,150
112677,1,150
112724,1,150
112744,1,150
112754,1,150
112783,1,150
112845,1,150
112903,1,150
112904,1,150
112931,1,150
112933,1,150
112939,1,150
112995,1,150
113011,1,150
113046,1,150
113052,1,150
113061,1,150
113081,1,150
113110,1,150
113177,1,150
113181,1,150
113196,1,150
113198,1,150
113229,1,150
113339,1,150
113398,1,150
113416,1,150
113440,1,150
113502,1,150
113544,1,150
113547,1,150
113558,1,150
113591,1,150
113603,1,150
113640,1,150
113669,1,150
113683,1,150
113683,1,150
113688,1,150
113703,1,150
113737,1,150
113755,1,150
113837,1,150
113926,1,150
113926,1,150
114010,1,150
114011,1,150
114030,1,150
114037,1,150
114055,1,150
114060,1,150
114079,1,150
114101,1,150
114102,1,150
114102,1,150
114149,1,150
114158,1,150
114173,1,150
114185,1,150
114204,1,150
114216,1,150
114237,1,150
114239,1,150
114285,1,150
114341,1,150
114363,1,150
114383,1,150
114437,1,150
114447,1,150
114468,1,150
114469,1,150
114475,1,150
114523,1,150
114527,1,150
114538,1,150
114548,1,150
114654,1,150
114812,1,150
114841,1,150
114907,1,150
114950,1,150
115008,1,150
115016,1,150
115019,1,150
115053,1,150
115060,1,150
115061,1,150
115109,1,150
115131,1,150
115168,1,150
115170,1,150
115195,1,150
115201,1,150
115213,1,150
115225,1,150
115242,1,150
115242,1,150
115267,1,150
115313,1,150
115603,1,150
115612,1,150
115619,1,150
115627,1,150
115694,1,150
115697,1,150
115707,1,150
115796,1,150
115797,1,150
115820,1,150
115848,1,150
115915,1,150
116015,1,150
116018,1,150
116023,1,150
116038,1,150
116071,1,150
116080,1,150
116096,1,150
116101,1,150
116101,1,150
116113,1,150
116121,1,150
116134,1,150
116159,1,150
116178,1,150
116195,1,150
116212,1,150
116248,1,150
116266,1,150
116274,1,150
116306,1,150
116323,1,150
116337,1,150
116341,1,150
116352,1,150
116355,1,150
116361,1,150
116385,1,150
116389,1,150
116410,1,150
116464,1,150
116501,1,150
116505,1,150
116511,1,150
116513,1,150
116524,1,150
116536,1,150
116542,1,150
116566,1,150
116598,1,150
116603,1,150
116604,1,150
116690,1,150
116696,1,150
116704,1,150
117005,1,150
117014,1,150
117029,1,150
117053,1,150
117061,1,150
117126,1,150
117180,1,150
117190,1,150
117203,1,150
117272,1,150
117276,1,150
117337,1,150
117340,1,150
117345,1,150
117361,1,150
117372,1,150
117444,1,150
117522,1,150
117542,1,150
117547,1,150
117557,1,150
117582,1,150
117602,1,150
117623,1,150
117652,1,150
117692,1,150
117708,1,150
117733,1,150
117739,1,150
117758,1,150
117758,1,150
117780,1,150
117803,1,150
117869,1,150
117882,1,150
117918,1,150
117982,1,150
117995,1,150
118008,1,150
118084,1,150
118118,1,150
118124,1,150
118153,1,150
118170,1,150
118215,1,150
118223,1,150
118229,1,150
118266,1,150
118282,1,150
118340,1,150
118387,1,150
118495,1,150
118511,1,150
118520,1,150
118535,1,150
118552,1,150
118584,1,150
118750,1,150
118786,1,150
118838,1,150
118910,1,150
118937,1,150
118969,1,150
118979,1,150
119011,1,150
119035,1,150
119058,1,150
119074,1,150
119122,1,150
119152,1,150
119153,1,150
119194,1,150
119200,1,150
119218,1,150
119363,1,150
119439,1,150
119446,1,150
119591,1,150
119633,1,150
119643,1,150
119647,1,150
119801,1,150
119803,1,150
119830,1,150
119870,1,150
119881,1,150
119938,1,150
119983,1,150
120005,1,150
120008,1,150
120020,1,150
120041,1,150
120075,1,150
120087,1,150
120092,1,150
120093,1,150
120103,1,150
120109,1,150
120119,1,150
120127,1,150
120150,1,150
120167,1,150
120180,1,150
120198,1,150
120201,1,150
120208,1,150
120233,1,150
120294,1,150
120407,1,150
120409,1,150
120410,1,150
120413,1,150
120416,1,150
120520,1,150
120521,1,150
120609,1,150
120825,1,150
120932,1,150
120959,1,150
121009,1,150
121037,1,150
121048,1,150
121225,1,150
121264,1,150
121308,1,150
121342,1,150
121363,1,150
121385,1,150
121435,1,150
121485,1,150
121492,1,150
121497,1,150
121525,1,150
121571,1,150
121577,1,150
121602,1,150
121660,1,150
121677,1,150
121700,1,150
121742,1,150
121750,1,150
121771,1,150
121787,1,150
121841,1,150
121892,1,150
122007,1,150
122088,1,150
122119,1,150
122123,1,150
122124,1,150
122184,1,150
122185,1,150
122210,1,150
122234,1,150
122235,1,150
122258,1,150
122275,1,150
122278,1,150
122376,1,150
122407,1,150
122418,1,150
122424,1,150
122428,1,150
122526,1,150
122565,1,150
122610,1,150
122663,1,150
122757,1,150
122797,1,150
122835,1,150
122838,1,150
123171,1,150
123189,1,150
123272,1,150
123299,1,150
123351,1,150
123378,1,150
123388,1,150
123398,1,150
123428,1,150
123461,1,150
123487,1,150
123583,1,150
123593,1,150
123728,1,150
123758,1,150
123816,1,150
123909,1,150
123914,1,150
123917,1,150
123950,1,150
123966,1,150
123973,1,150
123986,1,150
124051,1,150
124069,1,150
124100,1,150
124134,1,150
124148,1,150
124171,1,150
124224,1,150
124228,1,150
124384,1,150
124401,1,150
124425,1,150
124449,1,150
124459,1,150
124628,1,150
124640,1,150
124642,1,150
124688,1,150
124692,1,150
124692,1,150
124808,1,150
124928,1,150
124931,1,150
124977,1,150
124979,1,150
125012,1,150
125059,1,150
125078,1,150
125078,1,150
125097,1,150
125117,1,150
125160,1,150
125238,1,150
125253,1,150
125290,1,150
125330,1,150
125345,1,150
125397,1,150
125429,1,150
125503,1,150
125526,1,150
125535,1,150
125614,1,150
125642,1,150
125664,1,150
125706,1,150
125826,1,150
125837,1,150
125865,1,150
125878,1,150
126081,1,150
126171,1,150
126346,1,150
126425,1,150
126466,1,150
126638,1,150
126641,1,150
126703,1,150
126704,1,150
126711,1,150
126719,1,150
126809,1,150
126841,1,150
126848,1,150
126884,1,150
126959,1,150
126966,1,150
126999,1,150
127048,1,150
127051,1,150
127051,1,150
127059,1,150
127098,1,150
127104,1,150
127170,1,150
127172,1,150
127212,1,150
127224,1,150
127259,1,150
127270,1,150
127270,1,150
127282,1,150
127368,1,150
127377,1,150
127390,1,150
127404,1,150
127520,1,150
127613,1,150
127752,1,150
127840,1,150
127987,1,150
128021,1,150
128122,1,150
128140,1,150
128169,1,150
128207,1,150
128213,1,150
128246,1,150
128260,1,150
128301,1,150
128313,1,150
128347,1,150
128432,1,150
128537,1,150
128678,1,150
128760,1,150
128799,1,150
128819,1,150
128871,1,150
129030,1,150
129088,1,150
129162,1,150
129180,1,150
129183,1,150
129184,1,150
129224,1,150
129232,1,150
129237,1,150
129249,1,150
129292,1,150
129297,1,150
129321,1,150
129349,1,150
129360,1,150
129374,1,150
129451,1,150
129497,1,150
129523,1,150
129582,1,150
129638,1,150
129690,1,150
129744,1,150
129788,1,150
129869,1,150
129894,1,150
129896,1,150
129904,1,150
129905,1,150
129964,1,150
130001,1,150
130022,1,150
130026,1,150
130044,1,150
130056,1,150
130072,1,150
130081,1,150
130093,1,150
130204,1,150
130209,1,150
130367,1,150
130439,1,150
130457,1,150
130580,1,150
130658,1,150
130782,1,150
130795,1,150
130835,1,150
130869,1,150
130878,1,150
130898,1,150
130898,1,150
130899,1,150
130910,1,150
130931,1,150
131027,1,150
131049,1,150
131200,1,150
131222,1,150
131245,1,150
131255,1,150
131291,1,150
131297,1,150
131319,1,150
131400,1,150
131404,1,150
131414,1,150
131552,1,150
131557,1,150
131569,1,150
131622,1,150
131626,1,150
131648,1,150
131671,1,150
132010,1,150
132054,1,150
132058,1,150
132073,1,150
132113,1,150
132143,1,150
132144,1,150
132149,1,150
132189,1,150
132295,1,150
132417,1,150
132498,1,150
132567,1,150
132595,1,150
132596,1,150
132619,1,150
132628,1,150
132772,1,150
133032,1,150
133123,1,150
133138,1,150
133242,1,150
133253,1,150
133275,1,150
133324,1,150
133368,1,150
133530,1,150
133573,1,150
133576,1,150
133603,1,150
133706,1,150
133857,1,150
134074,1,150
134216,1,150
134364,1,150
134382,1,150
134400,1,150
134411,1,150
134536,1,150
134613,1,150
134907,1,150
134911,1,150
134952,1,150
135007,1,150
135019,1,150
135086,1,150
135105,1,150
135105,1,150
135133,1,150
135133,1,150
135146,1,150
135191,1,150
135215,1,150
135254,1,150
135268,1,150
135282,1,150
135293,1,150
135300,1,150
135303,1,150
135317,1,150
135371,1,150
135404,1,150
135448,1,150
136001,1,150
136032,1,150
136075,1,150
136115,1,150
136180,1,150
136215,1,150
136338,1,150
136342,1,150
136446,1,150
136457,1,150
136461,1,150
136474,1,150
136525,1,150
136587,1,150
136635,1,150
136712,1,150
136713,1,150
137022,1,150
137071,1,150
137159,1,150
137248,1,150
137264,1,150
137324,1,150
137348,1,150
137375,1,150
137395,1,150
137414,1,150
137434,1,150
137508,1,150
137562,1,150
137653,1,150
137835,1,150
138021,1,150
138147,1,150
138298,1,150
138523,1,150
138596,1,150
138626,1,150
138696,1,150
138722,1,150
138760,1,150
138775,1,150
138776,1,150
138785,1,150
138793,1,150
138894,1,150
138903,1,150
139015,1,150
139020,1,150
139186,1,150
139249,1,150
139334,1,150
139472,1,150
139568,1,150
139576,1,150
139659,1,150
139698,1,150
139727,1,150
139731,1,150
139835,1,150
139885,1,150
139906,1,150
139913,1,150
140132,1,150
140133,1,150
140233,1,150
140279,1,150
140312,1,150
140338,1,150
140482,1,150
140883,1,150
140900,1,150
141033,1,150
141096,1,150
141101,1,150
141138,1,150
141156,1,150
141168,1,150
141238,1,150
141268,1,150
141419,1,150
141435,1,150
141536,1,150
141539,1,150
141544,1,150
141709,1,150
141742,1,150
141747,1,150
141870,1,150
141931,1,150
142045,1,150
142091,1,150
142123,1,150
142129,1,150
142138,1,150
142544,1,150
142591,1,150
142701,1,150
142785,1,150
142839,1,150
142938,1,150
142982,1,150
143017,1,150
143147,1,150
143198,1,150
143252,1,150
143355,1,150
143442,1,150
143481,1,150
143706,1,150
143793,1,150
143816,1,150
143852,1,150
143898,1,150
144154,1,150
144211,1,150
144312,1,150
144454,1,150
144528,1,150
144629,1,150
144650,1,150
144898,1,150
145036,1,150
145073,1,150
145150,1,150
145213,1,150
145255,1,150
145340,1,150
145443,1,150
145495,1,150
145717,1,150
145830,1,150
145882,1,150
145969,1,150
146110,1,150
146141,1,150
146158,1,150
146228,1,150
146253,1,150
146273,1,150
146288,1,150
146295,1,150
146338,1,150
146391,1,150
146727,1,150
146812,1,150
146893,1,150
147008,1,150
147020,1,150
147051,1,150
147066,1,150
147114,1,150
147275,1,150
147299,1,150
147427,1,150
147659,1,150
147779,1,150
147871,1,150
148028,1,150
148052,1,150
148170,1,150
148220,1,150
148310,1,150
148373,1,150
148387,1,150
148468,1,150
148682,1,150
148789,1,150
148869,1,150
148932,1,150
148960,1,150
149015,1,150
149016,1,150
149091,1,150
149139,1,150
149208,1,150
149230,1,150
149278,1,150
149771,1,150
150007,1,150
150070,1,150
150118,1,150
150211,1,150
150230,1,150
150302,1,150
150409,1,150
150506,1,150
151039,1,150
151211,1,150
151418,1,150
151710,1,150
151763,1,150
151870,1,150
151874,1,150
151883,1,150
151932,1,150
152480,1,150
152627,1,150
152881,1,150
153100,1,150
153109,1,150
153226,1,150
153231,1,150
153257,1,150
153308,1,150
153472,1,150
153482,1,150
153483,1,150
153542,1,150
153568,1,150
153582,1,150
153647,1,150
153694,1,150
153712,1,150
153734,1,150
153773,1,150
154001,1,150
154080,1,150
154161,1,150
154245,1,150
154263,1,150
154266,1,150
154363,1,150
154435,1,150
154518,1,150
154591,1,150
154629,1,150
154699,1,150
155129,1,150
155282,1,150
155371,1,150
155441,1,150
155501,1,150
155736,1,150
155906,1,150
156032,1,150
156083,1,150
156121,1,150
156657,1,150
156683,1,150
156711,1,150
156730,1,150
156757,1,150
156816,1,150
157201,1,150
157382,1,150
157409,1,150
157442,1,150
157463,1,150
158203,1,150
158223,1,150
158396,1,150
158436,1,150
158571,1,150
158683,1,150
158729,1,150
158738,1,150
159016,1,150
159046,1,150
159076,1,150
159092,1,150
159209,1,150
159280,1,150
159294,1,150
159315,1,150
159477,1,150
160043,1,150
160179,1,150
160274,1,150
160393,1,150
160411,1,150
160427,1,150
160753,1,150
160822,1,150
160828,1,150
160865,1,150
160886,1,150
161071,1,150
161085,1,150
161105,1,150
161178,1,150
161192,1,150
162718,1,150
162915,1,150
163121,1,150
163127,1,150
163746,1,150
163759,1,150
163825,1,150
163975,1,150
164110,1,150
164171,1,150
164187,1,150
164433,1,150
164545,1,150
164704,1,150
165024,1,150
165100,1,150
165120,1,150
165134,1,150
165154,1,150
165368,1,150
165375,1,150
165434,1,150
165444,1,150
165497,1,150
165519,1,150
165626,1,150
165727,1,150
165742,1,150
165743,1,150
165981,1,150
166016,1,150
166043,1,150
166053,1,150
166053,1,150
166154,1,150
166156,1,150
166532,1,150
166855,1,150
167053,1,150
167123,1,150
167179,1,150
167215,1,150
167260,1,150
167263,1,150
167274,1,150
167276,1,150
167292,1,150
167323,1,150
167545,1,150
167767,1,150
168080,1,150
168204,1,150
168232,1,150
168242,1,150
168524,1,150
168535,1,150
168552,1,150
168690,1,150
169057,1,150
169256,1,150
169587,1,150
169687,1,150
170133,1,150
170423,1,150
170538,1,150
170589,1,150
170626,1,150
170827,1,150
171003,1,150
171019,1,150
171375,1,150
171686,1,150
171951,1,150
172097,1,150
172119,1,150
172231,1,150
172575,1,150
172630,1,150
172674,1,150
172788,1,150
172820,1,150
172878,1,150
172929,1,150
172984,1,150
172999,1,150
173236,1,150
173413,1,150
173574,1,150
173590,1,150
173623,1,150
174022,1,150
174198,1,150
174746,1,150
174910,1,150
175022,1,150
175448,1,150
175955,1,150
176002,1,150
176277,1,150
176394,1,150
176596,1,150
176682,1,150
176744,1,150
177007,1,150
177026,1,150
177258,1,150
177269,1,150
177351,1,150
177425,1,150
177456,1,150
177498,1,150
177516,1,150
177580,1,150
177584,1,150
177666,1,150
177735,1,150
177830,1,150
177924,1,150
177952,1,150
177966,1,150
177973,1,150
178011,1,150
178121,1,150
178154,1,150
178242,1,150
178244,1,150
178366,1,150
178603,1,150
178705,1,150
178709,1,150
178851,1,150
178905,1,150
178924,1,150
179066,1,150
179232,1,150
179273,1,150
179290,1,150
179300,1,150
179355,1,150
179786,1,150
180107,1,150
180186,1,150
180203,1,150
180255,1,150
180256,1,150
180284,1,150
180652,1,150
181149,1,150
181313,1,150
181396,1,150
181623,1,150
182021,1,150
182117,1,150
182168,1,150
182260,1,150
182432,1,150
182445,1,150
182846,1,150
182925,1,150
183051,1,150
183119,1,150
183133,1,150
183179,1,150
183341,1,150
183429,1,150
183620,1,150
184145,1,150
184282,1,150
184505,1,150
184598,1,150
184677,1,150
184707,1,150
184825,1,150
184830,1,150
185002,1,150
185008,1,150
185037,1,150
185082,1,150
185131,1,150
185197,1,150
185368,1,150
185554,1,150
185579,1,150
185635,1,150
186126,1,150
186264,1,150
186307,1,150
186350,1,150
186363,1,150
186636,1,150
187200,1,150
187636,1,150
187659,1,150
187679,1,150
187696,1,150
187934,1,150
188064,1,150
188208,1,150
188351,1,150
188357,1,150
188544,1,150
189025,1,150
189034,1,150
189181,1,150
189275,1,150
189277,1,150
189321,1,150
189329,1,150
189442,1,150
189623,1,150
189625,1,150
189628,1,150
189635,1,150
189640,1,150
189693,1,150
189711,1,150
189767,1,150
189837,1,150
189837,1,150
189850,1,150
190051,1,150
190304,1,150
190382,1,150
190755,1,150
190763,1,150
190802,1,150
191120,1,150
191153,1,150
191165,1,150
191394,1,150
191404,1,150
191438,1,150
191500,1,150
191516,1,150
192270,1,150
192356,1,150
192379,1,150
192443,1,150
192506,1,150
192513,1,150
192541,1,150
192564,1,150
192580,1,150
192667,1,150
192725,1,150
193164,1,150
193327,1,150
193372,1,150
193464,1,150
193723,1,150
193761,1,150
194101,1,150
194472,1,150
194532,1,150
194699,1,150
194719,1,150
194929,1,150
194940,1,150
195022,1,150
195101,1,150
195172,1,150
195232,1,150
195368,1,150
195471,1,150
195655,1,150
195713,1,150
196095,1,150
196169,1,150
196192,1,150
196233,1,150
196366,1,150
196448,1,150
196581,1,150
196636,1,150
196752,1,150
197168,1,150
197175,1,150
197385,1,150
197397,1,150
197431,1,150
197632,1,150
197943,1,150
198180,1,150
198961,1,150
199005,1,150
199088,1,150
199145,1,150
199212,1,150
199218,1,150
199435,1,150
199461,1,150
199541,1,150
199746,1,150
199802,1,150
199921,1,150
200030,1,150
200074,1,150
200203,1,150
200588,1,150
201020,1,150
201044,1,150
201183,1,150
201203,1,150
201226,1,150
201238,1,150
201250,1,150
201275,1,150
201296,1,150
201328,1,150
201333,1,150
201360,1,150
201441,1,150
201555,1,150
201569,1,150
201574,1,150
201652,1,150
201676,1,150
201693,1,150
201772,1,150
201814,1,150
201844,1,150
201873,1,150
201965,1,150
201975,1,150
202023,1,150
202258,1,150
202267,1,150
202269,1,150
202299,1,150
202308,1,150
202419,1,150
202473,1,150
202582,1,150
202688,1,150
203059,1,150
203583,1,150
203653,1,150
203666,1,150
203952,1,150
204037,1,150
204095,1,150
204219,1,150
204313,1,150
204350,1,150
204427,1,150
204430,1,150
204451,1,150
204478,1,150
204593,1,150
204648,1,150
204759,1,150
204788,1,150
205006,1,150
205020,1,150
205032,1,150
205085,1,150
205111,1,150
205289,1,150
205429,1,150
205481,1,150
205524,1,150
205588,1,150
205828,1,150
206112,1,150
206118,1,150
206459,1,150
206556,1,150
206811,1,150
206819,1,150
206862,1,150
206927,1,150
206955,1,150
207027,1,150
207133,1,150
207144,1,150
207365,1,150
207491,1,150
207522,1,150
207549,1,150
207552,1,150
207615,1,150
207619,1,150
207644,1,150
208079,1,150
208160,1,150
208214,1,150
208257,1,150
208330,1,150
208595,1,150
208799,1,150
208982,1,150
208989,1,150
209074,1,150
209084,1,150
209167,1,150
209196,1,150
209505,1,150
209929,1,150
210160,1,150
210223,1,150
210546,1,150
210821,1,150
210843,1,150
210929,1,150
211016,1,150
211042,1,150
211081,1,150
211150,1,150
211251,1,150
211284,1,150
211599,1,150
211784,1,150
211913,1,150
212103,1,150
212205,1,150
212620,1,150
212858,1,150
212897,1,150
213039,1,150
213072,1,150
213089,1,150
213089,1,150
213090,1,150
213185,1,150
213218,1,150
213317,1,150
213353,1,150
213392,1,150
213449,1,150
213500,1,150
213511,1,150
213589,1,150
213678,1,150
213732,1,150
213789,1,150
213795,1,150
213833,1,150
213895,1,150
213931,1,150
214040,1,150
214052,1,150
214054,1,150
214080,1,150
214082,1,150
214083,1,150
214124,1,150
214163,1,150
214364,1,150
214456,1,150
214618,1,150
214932,1,150
214985,1,150
215001,1,150
215029,1,150
215041,1,150
215070,1,150
215077,1,150
215137,1,150
215148,1,150
215163,1,150
215177,1,150
215184,1,150
215252,1,150
215288,1,150
215444,1,150
215538,1,150
215837,1,150
215981,1,150
215993,1,150
216005,1,150
216053,1,150
216088,1,150
216106,1,150
216188,1,150
216334,1,150
216415,1,150
216564,1,150
216657,1,150
216672,1,150
217002,1,150
217051,1,150
217083,1,150
217179,1,150
217253,1,150
217386,1,150
217727,1,150
217746,1,150
218207,1,150
218220,1,150
218305,1,150
218334,1,150
218346,1,150
218426,1,150
218468,1,150
218645,1,150
218665,1,150
218730,1,150
218846,1,150
218871,1,150
219040,1,150
219042,1,150
219049,1,150
219070,1,150
219157,1,150
219159,1,150
219338,1,150
219421,1,150
219725,1,150
219793,1,150
220046,1,150
220061,1,150
220070,1,150
220146,1,150
220464,1,150
220531,1,150
220586,1,150
220732,1,150
220792,1,150
220828,1,150
220897,1,150
220966,1,150
221002,1,150
221013,1,150
221019,1,150
221032,1,150
221099,1,150
221200,1,150
221200,1,150
221240,1,150
221290,1,150
221372,1,150
221381,1,150
221499,1,150
221559,1,150
222263,1,150
222720,1,150
222938,1,150
223062,1,150
223097,1,150
223124,1,150
223172,1,150
223296,1,150
223320,1,150
223349,1,150
223389,1,150
223396,1,150
223500,1,150
223542,1,150
223557,1,150
223578,1,150
223648,1,150
223753,1,150
223927,1,150
223958,1,150
224123,1,150
224136,1,150
224222,1,150
224286,1,150
224406,1,150
224514,1,150
224524,1,150
224581,1,150
224790,1,150
224904,1,150
225026,1,150
225028,1,150
225029,1,150
225057,1,150
225135,1,150
225273,1,150
225299,1,150
225303,1,150
225348,1,150
225348,1,150
225362,1,150
225408,1,150
225448,1,150
225500,1,150
225586,1,150
225635,1,150
225684,1,150
225699,1,150
225705,1,150
225740,1,150
225763,1,150
225958,1,150
225972,1,150
226007,1,150
226012,1,150
226017,1,150
226055,1,150
226065,1,150
226070,1,150
226071,1,150
226075,1,150
226076,1,150
226102,1,150
226168,1,150
226177,1,150
226180,1,150
226199,1,150
226210,1,150
226224,1,150
226229,1,150
226241,1,150
226292,1,150
226304,1,150
226358,1,150
226486,1,150
226494,1,150
226501,1,150
226510,1,150
226552,1,150
226660,1,150
226678,1,150
227079,1,150
227217,1,150
227234,1,150
227358,1,150
227529,1,150
227553,1,150
227573,1,150
227625,1,150
227632,1,150
227754,1,150
228006,1,150
228019,1,150
228085,1,150
228105,1,150
228119,1,150
228138,1,150
228184,1,150
228207,1,150
228219,1,150
228252,1,150
228261,1,150
228299,1,150
228357,1,150
228361,1,150
228386,1,150
228434,1,150
228526,1,150
228540,1,150
228564,1,150
228578,1,150
228631,1,150
228648,1,150
228675,1,150
228686,1,150
228698,1,150
228752,1,150
228814,1,150
228817,1,150
228828,1,150
228830,1,150
228927,1,150
228984,1,150
228989,1,150
229044,1,150
229070,1,150
229073,1,150
229124,1,150
229161,1,150
229318,1,150
229328,1,150
229382,1,150
229452,1,150
229453,1,150
229529,1,150
229534,1,150
229537,1,150
229545,1,150
229652,1,150
229697,1,150
229850,1,150
230002,1,150
230023,1,150
230053,1,150
230140,1,150
230183,1,150
230204,1,150
230230,1,150
230276,1,150
230293,1,150
230412,1,150
230541,1,150
230563,1,150
230599,1,150
230620,1,150
230655,1,150
230884,1,150
230927,1,150
231016,1,150
231051,1,150
231085,1,150
231087,1,150
231150,1,150
231303,1,150
231438,1,150
231481,1,150
231494,1,150
231534,1,150
231563,1,150
231599,1,150
231604,1,150
231626,1,150
231679,1,150
231806,1,150
231865,1,150
231915,1,150
231920,1,150
231963,1,150
232033,1,150
232047,1,150
232058,1,150
232070,1,150
232081,1,150
232088,1,150
232092,1,150
232136,1,150
232198,1,150
232209,1,150
232287,1,150
232330,1,150
232371,1,150
232405,1,150
232460,1,150
232539,1,150
232540,1,150
232581,1,150
232585,1,150
232774,1,150
232783,1,150
232786,1,150
233058,1,150
233122,1,150
233243,1,150
233250,1,150
233258,1,150
233319,1,150
233432,1,150
233483,1,150
233556,1,150
233557,1,150
233615,1,150
233690,1,150
233851,1,150
233855,1,150
233958,1,150
234006,1,150
234025,1,150
234072,1,150
234095,1,150
234181,1,150
234203,1,150
234215,1,150
234292,1,150
234328,1,150
234416,1,150
234434,1,150
234494,1,150
234675,1,150
234766,1,150
234877,1,150
234913,1,150
234915,1,150
235038,1,150
235131,1,150
235175,1,150
235350,1,150
235380,1,150
235397,1,150
235420,1,150
235494,1,150
235591,1,150
235679,1,150
235780,1,150
235828,1,150
235893,1,150
236007,1,150
236014,1,150
236015,1,150
236064,1,150
236109,1,150
236126,1,150
236155,1,150
236196,1,150
236304,1,150
236328,1,150
236412,1,150
236444,1,150
236471,1,150
236499,1,150
236547,1,150
236734,1,150
236947,1,150
237005,1,150
237010,1,150
237016,1,150
237021,1,150
237025,1,150
237031,1,150
237047,1,150
237055,1,150
237058,1,150
237085,1,150
237095,1,150
237097,1,150
237148,1,150
237153,1,150
237158,1,150
237177,1,150
237197,1,150
237212,1,150
237244,1,150
237257,1,150
237280,1,150
237292,1,150
237331,1,150
237378,1,150
237389,1,150
237433,1,150
237550,1,150
237577,1,150
237587,1,150
237597,1,150
237609,1,150
237634,1,150
237644,1,150
237661,1,150
237697,1,150
237712,1,150
237812,1,150
237813,1,150
237847,1,150
237852,1,150
238026,1,150
238091,1,150
238099,1,150
238183,1,150
238183,1,150
238208,1,150
238230,1,150
238280,1,150
238287,1,150
238294,1,150
238311,1,150
238347,1,150
238373,1,150
238375,1,150
238378,1,150
238405,1,150
238494,1,150
238571,1,150
238576,1,150
238656,1,150
238735,1,150
239204,1,150
239208,1,150
239233,1,150
239268,1,150
239291,1,150
239336,1,150
239469,1,150
239473,1,150
239670,1,150
239779,1,150
239794,1,150
239882,1,150
239914,1,150
239969,1,150
240003,1,150
240025,1,150
240029,1,150
240055,1,150
240085,1,150
240096,1,150
240102,1,150
240102,1,150
240147,1,150
240157,1,150
240205,1,150
240218,1,150
240247,1,150
240267,1,150
240281,1,150
240298,1,150
240380,1,150
240544,1,150
240545,1,150
240611,1,150
240669,1,150
240688,1,150
240693,1,150
240726,1,150
240779,1,150
240801,1,150
240906,1,150
240952,1,150
241033,1,150
241061,1,150
241063,1,150
241079,1,150
241158,1,150
241191,1,150
241192,1,150
241197,1,150
241221,1,150
241226,1,150
241248,1,150
241259,1,150
241342,1,150
241386,1,150
241405,1,150
241472,1,150
241563,1,150
241567,1,150
241580,1,150
241712,1,150
241772,1,150
241776,1,150
241901,1,150
241911,1,150
242051,1,150
242062,1,150
242104,1,150
242115,1,150
242132,1,150
242156,1,150
242273,1,150
242328,1,150
242338,1,150
242392,1,150
242417,1,150
242422,1,150
242475,1,150
242481,1,150
242560,1,150
242567,1,150
242579,1,150
242588,1,150
242597,1,150
242646,1,150
243086,1,150
243144,1,150
243145,1,150
243161,1,150
243173,1,150
243191,1,150
243274,1,150
243312,1,150
243326,1,150
243514,1,150
243519,1,150
243568,1,150
243661,1,150
243718,1,150
243725,1,150
243760,1,150
243761,1,150
243840,1,150
243847,1,150
243866,1,150
243869,1,150
243918,1,150
244010,1,150
244011,1,150
244202,1,150
244221,1,150
244277,1,150
244341,1,150
244361,1,150
244463,1,150
244503,1,150
244530,1,150
244543,1,150
244567,1,150
244583,1,150
244605,1,150
244805,1,150
244806,1,150
244809,1,150
244838,1,150
244913,1,150
244966,1,150
244984,1,150
244995,1,150
245011,1,150
245031,1,150
245066,1,150
245068,1,150
245071,1,150
245119,1,150
245222,1,150
245226,1,150
245268,1,150
245320,1,150
245323,1,150
245342,1,150
245366,1,150
245492,1,150
245650,1,150
245673,1,150
245680,1,150
245748,1,150
245822,1,150
246139,1,150
246170,1,150
246199,1,150
246230,1,150
246319,1,150
246323,1,150
246323,1,150
246362,1,150
246429,1,150
246450,1,150
246481,1,150
246553,1,150
246593,1,150
246609,1,150
246613,1,150
246627,1,150
246636,1,150
246722,1,150
246743,1,150
247033,1,150
247134,1,150
247147,1,150
247177,1,150
247484,1,150
247499,1,150
247501,1,150
247521,1,150
247535,1,150
247554,1,150
247654,1,150
247663,1,150
248009,1,150
248009,1,150
248022,1,150
248027,1,150
248055,1,150
248073,1,150
248128,1,150
248138,1,150
248152,1,150
248167,1,150
248322,1,150
248380,1,150
248411,1,150
248608,1,150
248687,1,150
248711,1,150
248853,1,150
248872,1,150
248893,1,150
249020,1,150
249065,1,150
249074,1,150
249097,1,150
249114,1,150
249128,1,150
249147,1,150
249181,1,150
249192,1,150
249207,1,150
249353,1,150
249353,1,150
249377,1,150
249397,1,150
249452,1,150
249454,1,150
249466,1,150
249468,1,150
249485,1,150
249516,1,150
249553,1,150
249559,1,150
249598,1,150
249683,1,150
249691,1,150
249784,1,150
249790,1,150
249792,1,150
250195,1,150
250201,1,150
250211,1,150
250245,1,150
250262,1,150
250267,1,150
250287,1,150
250291,1,150
250555,1,150
250705,1,150
250808,1,150
250910,1,150
250964,1,150
251056,1,150
251114,1,150
251115,1,150
251140,1,150
251184,1,150
251263,1,150
251268,1,150
251293,1,150
251316,1,150
251434,1,150
251534,1,150
251538,1,150
251583,1,150
251677,1,150
251679,1,150
251737,1,150
251786,1,150
251904,1,150
251957,1,150
252032,1,150
252436,1,150
252438,1,150
252460,1,150
252546,1,150
252729,1,150
252734,1,150
252744,1,150
252749,1,150
252764,1,150
252851,1,150
252882,1,150
252997,1,150
253002,1,150
253024,1,150
253060,1,150
253079,1,150
253080,1,150
253091,1,150
253107,1,150
253119,1,150
253132,1,150
253158,1,150
253161,1,150
253189,1,150
253267,1,150
253451,1,150
253465,1,150
253487,1,150
253493,1,150
253558,1,150
253595,1,150
253605,1,150
253858,1,150
253895,1,150
253955,1,150
254043,1,150
254079,1,150
254084,1,150
254092,1,150
254210,1,150
254237,1,150
254237,1,150
254285,1,150
254378,1,150
254399,1,150
254419,1,150
254469,1,150
254516,1,150
254557,1,150
254751,1,150
254867,1,150
255171,1,150
255296,1,150
255330,1,150
255377,1,150
255460,1,150
255488,1,150
255494,1,150
255503,1,150
255552,1,150
255639,1,150
255676,1,150
255683,1,150
255717,1,150
255750,1,150
255790,1,150
255864,1,150
256074,1,150
256135,1,150
256163,1,150
256203,1,150
256348,1,150
256422,1,150
256433,1,150
256471,1,150
256485,1,150
256500,1,150
256587,1,150
256674,1,150
256789,1,150
256880,1,150
256928,1,150
257007,1,150
257072,1,150
257087,1,150
257159,1,150
257186,1,150
257234,1,150
257238,1,150
257249,1,150
257291,1,150
257338,1,150
257398,1,150
257428,1,150
257449,1,150
257457,1,150
257505,1,150
257552,1,150
257659,1,150
257676,1,150
257731,1,150
257770,1,150
258020,1,150
258059,1,150
258108,1,150
258251,1,150
258373,1,150
258427,1,150
258566,1,150
258567,1,150
258582,1,150
258582,1,150
258661,1,150
258665,1,150
258697,1,150
258727,1,150
258753,1,150
258815,1,150
259030,1,150
259054,1,150
259080,1,150
259096,1,150
259111,1,150
259344,1,150
259363,1,150
259376,1,150
259479,1,150
259733,1,150
259904,1,150
259983,1,150
260086,1,150
260114,1,150
260185,1,150
260242,1,150
260244,1,150
260290,1,150
260397,1,150
260413,1,150
260486,1,150
260494,1,150
260707,1,150
260730,1,150
260738,1,150
260794,1,150
260807,1,150
260825,1,150
260825,1,150
261067,1,150
261074,1,150
261076,1,150
261077,1,150
261141,1,150
261149,1,150
261149,1,150
261152,1,150
261163,1,150
261211,1,150
261316,1,150
261406,1,150
261426,1,150
261503,1,150
261544,1,150
261578,1,150
261620,1,150
261686,1,150
261804,1,150
261818,1,150
261851,1,150
262029,1,150
262066,1,150
262085,1,150
262102,1,150
262203,1,150
262273,1,150
262403,1,150
262529,1,150
262681,1,150
262725,1,150
262838,1,150
263075,1,150
263109,1,150
263123,1,150
263222,1,150
263234,1,150
263335,1,150
263461,1,150
263557,1,150
263663,1,150
263734,1,150
263824,1,150
263830,1,150
263853,1,150
264079,1,150
264166,1,150
264174,1,150
264200,1,150
264375,1,150
264376,1,150
264435,1,150
264636,1,150
264673,1,150
264684,1,150
265016,1,150
265066,1,150
265175,1,150
265204,1,150
265232,1,150
265266,1,150
265399,1,150
265818,1,150
266024,1,150
266031,1,150
266073,1,150
266161,1,150
266358,1,150
266467,1,150
266587,1,150
266601,1,150
266620,1,150
266701,1,150
266762,1,150
266911,1,150
267030,1,150
267273,1,150
267348,1,150
267388,1,150
267404,1,150
267433,1,150
267486,1,150
267495,1,150
267612,1,150
268128,1,150
268318,1,150
268385,1,150
268612,1,150
268628,1,150
268651,1,150
268731,1,150
268740,1,150
268882,1,150
269184,1,150
269373,1,150
269373,1,150
269620,1,150
269777,1,150
269884,1,150
270066,1,150
270069,1,150
270092,1,150
270149,1,150
270678,1,150
270857,1,150
271007,1,150
271044,1,150
271087,1,150
271178,1,150
271201,1,150
271400,1,150
271764,1,150
272077,1,150
272085,1,150
272408,1,150
272616,1,150
273106,1,150
273491,1,150
273883,1,150
273895,1,150
273972,1,150
273977,1,150
274010,1,150
274094,1,150
274416,1,150
274504,1,150
274687,1,150
275039,1,150
275193,1,150
275207,1,150
275409,1,150
275701,1,150
275928,1,150
276132,1,150
276170,1,150
276179,1,150
276197,1,150
276301,1,150
276324,1,150
276416,1,150
277373,1,150
277408,1,150
277663,1,150
277787,1,150
278905,1,150
279332,1,150
279386,1,150
279593,1,150
279761,1,150
280747,1,150
280822,1,150
280894,1,150
281032,1,150
281042,1,150
281074,1,150
281112,1,150
281442,1,150
282078,1,150
282247,1,150
282408,1,150
282467,1,150
282901,1,150
283099,1,150
283104,1,150
283146,1,150
283275,1,150
283376,1,150
283518,1,150
283530,1,150
283562,1,150
283762,1,150
283771,1,150
283906,1,150
283962,1,150
284014,1,150
284022,1,150
284038,1,150
284124,1,150
284130,1,150
284188,1,150
284226,1,150
284593,1,150
284896,1,150
284962,1,150
285034,1,150
285133,1,150
285173,1,150
285192,1,150
285286,1,150
285289,1,150
285646,1,150
285741,1,150
286834,1,150
286968,1,150
287193,1,150
287296,1,150
287368,1,150
287554,1,150
287691,1,150
287701,1,150
287890,1,150
288228,1,150
288251,1,150
288296,1,150
288349,1,150
288585,1,150
288888,1,150
288979,1,150
289053,1,150
289073,1,150
289350,1,150
289551,1,150
289607,1,150
290102,1,150
290303,1,150
291282,1,150
291572,1,150
291720,1,150
