10,1,300
14,1,300
57,1,300
154,1,300
401,1,300
503,1,300
941,1,300
1014,1,300
1072,1,300
1208,1,300
1309,1,300
1516,1,300
1898,1,300
2002,1,300
2053,1,300
2255,1,300
2359,1,300
2541,1,300
2763,1,300
3043,1,300
3058,1,300
3283,1,300
3332,1,300
3364,1,300
3392,1,300
3495,1,300
3528,1,300
3553,1,300
4416,1,300
4511,1,300
4593,1,300
4704,1,300
4713,1,300
4776,1,300
4791,1,300
4795,1,300
5100,1,300
5247,1,300
5325,1,300
5477,1,300
5553,1,300
6054,1,300
6114,1,300
6316,1,300
6508,1,300
6907,1,300
7028,1,300
7140,1,300
7352,1,300
7354,1,300
7384,1,300
7477,1,300
7945,1,300
8023,1,300
8150,1,300
8304,1,300
8350,1,300
9086,1,300
9116,1,300
9147,1,300
9179,1,300
9199,1,300
9279,1,300
9329,1,300
9401,1,300
9434,1,300
9440,1,300
9465,1,300
9526,1,300
9571,1,300
9754,1,300
9781,1,300
10004,1,300
10074,1,300
10116,1,300
10279,1,300
10673,1,300
10805,1,300
10909,1,300
11006,1,300
11131,1,300
11137,1,300
11205,1,300
11208,1,300
11304,1,300
11326,1,300
11627,1,300
11838,1,300
11929,1,300
12024,1,300
12064,1,300
12324,1,300
12496,1,300
12764,1,300
12784,1,300
12787,1,300
12843,1,300
12890,1,300
13130,1,300
13444,1,300
13702,1,300
13770,1,300
13809,1,300
13952,1,300
14052,1,300
14056,1,300
14112,1,300
14114,1,300
14159,1,300
14176,1,300
14197,1,300
14225,1,300
14302,1,300
14378,1,300
14474,1,300
14545,1,300
14874,1,300
15020,1,300
15136,1,300
15145,1,300
15842,1,300
15979,1,300
16027,1,300
16140,1,300
16234,1,300
16753,1,300
16777,1,300
17191,1,300
17355,1,300
17440,1,300
17477,1,300
17707,1,300
18461,1,300
19553,1,300
19779,1,300
19867,1,300
20467,1,300
20479,1,300
20498,1,300
20666,1,300
20833,1,300
21090,1,300
21106,1,300
21439,1,300
21490,1,300
21530,1,300
21537,1,300
21574,1,300
21580,1,300
21584,1,300
21596,1,300
21629,1,300
21633,1,300
21692,1,300
21798,1,300
21801,1,300
21807,1,300
21810,1,300
21812,1,300
22027,1,300
22061,1,300
22260,1,300
22313,1,300
22347,1,300
22389,1,300
22395,1,300
22466,1,300
22477,1,300
22482,1,300
22502,1,300
23089,1,300
23267,1,300
23541,1,300
23644,1,300
23657,1,300
23886,1,300
23927,1,300
24072,1,300
24126,1,300
24157,1,300
24232,1,300
24234,1,300
24253,1,300
24291,1,300
24319,1,300
24592,1,300
24611,1,300
24622,1,300
24674,1,300
24702,1,300
25078,1,300
25233,1,300
25512,1,300
25555,1,300
25671,1,300
26000,1,300
26102,1,300
26149,1,300
26198,1,300
26215,1,300
26570,1,300
26586,1,300
27085,1,300
27281,1,300
27296,1,300
27338,1,300
27671,1,300
27736,1,300
27870,1,300
27910,1,300
27932,1,300
28090,1,300
28370,1,300
28381,1,300
28440,1,300
28468,1,300
28642,1,300
28856,1,300
28905,1,300
29104,1,300
29159,1,300
29228,1,300
29255,1,300
29448,1,300
29491,1,300
29540,1,300
29559,1,300
29957,1,300
30101,1,300
30219,1,300
30331,1,300
30359,1,300
30787,1,300
30930,1,300
31062,1,300
31081,1,300
31104,1,300
31130,1,300
31450,1,300
31563,1,300
32248,1,300
32397,1,300
32414,1,300
32658,1,300
33062,1,300
33063,1,300
33063,1,300
33106,1,300
33116,1,300
33206,1,300
33295,1,300
33340,1,300
33405,1,300
33423,1,300
33427,1,300
33429,1,300
33436,1,300
33438,1,300
33457,1,300
33489,1,300
33513,1,300
33552,1,300
33572,1,300
33584,1,300
33615,1,300
33624,1,300
33648,1,300
33762,1,300
33781,1,300
33799,1,300
34003,1,300
34050,1,300
34074,1,300
34149,1,300
34185,1,300
34188,1,300
34258,1,300
34276,1,300
34303,1,300
34382,1,300
34400,1,300
34444,1,300
34456,1,300
34522,1,300
34576,1,300
35060,1,300
35168,1,300
35177,1,300
35254,1,300
35271,1,300
35450,1,300
35548,1,300
35609,1,300
35719,1,300
35752,1,300
35771,1,300
35786,1,300
36069,1,300
36074,1,300
36192,1,300
36281,1,300
36529,1,300
36564,1,300
36709,1,300
36716,1,300
37069,1,300
37119,1,300
37156,1,300
37159,1,300
37322,1,300
37420,1,300
37549,1,300
37690,1,300
37837,1,300
37879,1,300
37937,1,300
38008,1,300
38208,1,300
38222,1,300
38274,1,300
38294,1,300
38518,1,300
38596,1,300
38683,1,300
38753,1,300
38888,1,300
39041,1,300
39075,1,300
39283,1,300
39290,1,300
39430,1,300
39495,1,300
39583,1,300
39599,1,300
39688,1,300
39724,1,300
39727,1,300
39936,1,300
39959,1,300
40112,1,300
40128,1,300
40303,1,300
40360,1,300
40369,1,300
40390,1,300
40419,1,300
40443,1,300
40496,1,300
40628,1,300
40634,1,300
40677,1,300
40719,1,300
40729,1,300
40748,1,300
41002,1,300
41021,1,300
41052,1,300
41116,1,300
41176,1,300
41196,1,300
41274,1,300
41546,1,300
41562,1,300
41646,1,300
41818,1,300
42197,1,300
42382,1,300
42393,1,300
42399,1,300
42401,1,300
42577,1,300
42617,1,300
42653,1,300
42692,1,300
43066,1,300
43491,1,300
43760,1,300
43965,1,300
43969,1,300
44176,1,300
44209,1,300
44224,1,300
44249,1,300
44323,1,300
44333,1,300
44340,1,300
44376,1,300
44397,1,300
44473,1,300
44506,1,300
44572,1,300
44609,1,300
44796,1,300
45006,1,300
45060,1,300
45064,1,300
45088,1,300
45094,1,300
45098,1,300
45132,1,300
45180,1,300
45183,1,300
45184,1,300
45199,1,300
45214,1,300
45264,1,300
45282,1,300
45288,1,300
45359,1,300
45361,1,300
45404,1,300
45430,1,300
45459,1,300
45461,1,300
45494,1,300
45541,1,300
45544,1,300
45572,1,300
45582,1,300
45613,1,300
45629,1,300
45658,1,300
45720,1,300
46064,1,300
46119,1,300
46138,1,300
46146,1,300
46158,1,300
46171,1,300
46174,1,300
46187,1,300
46204,1,300
46230,1,300
46242,1,300
46275,1,300
46434,1,300
46565,1,300
46590,1,300
46611,1,300
46633,1,300
46657,1,300
46673,1,300
46782,1,300
46801,1,300
46980,1,300
47032,1,300
47090,1,300
47126,1,300
47140,1,300
47182,1,300
47258,1,300
47261,1,300
47270,1,300
47321,1,300
47358,1,300
47362,1,300
47418,1,300
47581,1,300
47630,1,300
47637,1,300
47689,1,300
47758,1,300
47788,1,300
47863,1,300
47872,1,300
47883,1,300
47927,1,300
47955,1,300
47967,1,300
48016,1,300
48023,1,300
48073,1,300
48138,1,300
48159,1,300
48363,1,300
48436,1,300
48455,1,300
48463,1,300
48582,1,300
48616,1,300
48635,1,300
48660,1,300
48725,1,300
48745,1,300
48752,1,300
48868,1,300
48898,1,300
48958,1,300
48984,1,300
48999,1,300
49043,1,300
49074,1,300
49095,1,300
49207,1,300
49211,1,300
49213,1,300
49456,1,300
49477,1,300
49535,1,300
49542,1,300
49544,1,300
49547,1,300
49563,1,300
49661,1,300
49879,1,300
50021,1,300
50082,1,300
50084,1,300
50119,1,300
50129,1,300
50140,1,300
50149,1,300
50190,1,300
50205,1,300
50258,1,300
50272,1,300
50390,1,300
50409,1,300
50556,1,300
50573,1,300
50730,1,300
50814,1,300
50910,1,300
50926,1,300
50946,1,300
50952,1,300
50975,1,300
51015,1,300
51074,1,300
51105,1,300
51164,1,300
51189,1,300
51210,1,300
51226,1,300
51265,1,300
51290,1,300
51292,1,300
51296,1,300
51298,1,300
51352,1,300
51365,1,300
51371,1,300
51401,1,300
51431,1,300
51519,1,300
51560,1,300
51571,1,300
51583,1,300
51631,1,300
51691,1,300
51705,1,300
51800,1,300
51834,1,300
51948,1,300
51953,1,300
51971,1,300
52032,1,300
52065,1,300
52098,1,300
52134,1,300
52270,1,300
52361,1,300
52437,1,300
52438,1,300
52451,1,300
52510,1,300
52553,1,300
52555,1,300
52566,1,300
52587,1,300
52606,1,300
52616,1,300
52686,1,300
52805,1,300
52807,1,300
52873,1,300
52975,1,300
53063,1,300
53110,1,300
53116,1,300
53347,1,300
53385,1,300
53404,1,300
53427,1,300
53474,1,300
53514,1,300
53523,1,300
53535,1,300
53536,1,300
53559,1,300
53577,1,300
53792,1,300
53873,1,300
53927,1,300
53989,1,300
54008,1,300
54048,1,300
54068,1,300
54155,1,300
54193,1,300
54198,1,300
54263,1,300
54292,1,300
54436,1,300
54483,1,300
54530,1,300
54567,1,300
54675,1,300
54682,1,300
54858,1,300
54870,1,300
54883,1,300
54947,1,300
54950,1,300
55027,1,300
55136,1,300
55144,1,300
55172,1,300
55214,1,300
55218,1,300
55282,1,300
55414,1,300
55432,1,300
55451,1,300
55480,1,300
55508,1,300
55539,1,300
55565,1,300
55565,1,300
55588,1,300
55675,1,300
55811,1,300
55900,1,300
55961,1,300
55998,1,300
56021,1,300
56049,1,300
56051,1,300
56060,1,300
56084,1,300
56097,1,300
56107,1,300
56199,1,300
56212,1,300
56223,1,300
56250,1,300
56257,1,300
56311,1,300
56422,1,300
56471,1,300
56500,1,300
56524,1,300
56543,1,300
56617,1,300
56624,1,300
56630,1,300
57028,1,300
57118,1,300
57135,1,300
57179,1,300
57205,1,300
57215,1,300
57264,1,300
57339,1,300
57441,1,300
57449,1,300
57450,1,300
57472,1,300
57475,1,300
57533,1,300
57558,1,300
57575,1,300
57671,1,300
57680,1,300
57714,1,300
57736,1,300
57795,1,300
57858,1,300
57886,1,300
57954,1,300
57966,1,300
57992,1,300
58008,1,300
58015,1,300
58095,1,300
58107,1,300
58114,1,300
58135,1,300
58147,1,300
58171,1,300
58172,1,300
58239,1,300
58245,1,300
58306,1,300
58307,1,300
58354,1,300
58354,1,300
58354,1,300
58359,1,300
58373,1,300
58397,1,300
58397,1,300
58402,1,300
58418,1,300
58424,1,300
58428,1,300
58433,1,300
58434,1,300
58451,1,300
58513,1,300
58538,1,300
58595,1,300
58660,1,300
58703,1,300
58719,1,300
58720,1,300
58747,1,300
58758,1,300
58764,1,300
58767,1,300
58865,1,300
58875,1,300
58954,1,300
58999,1,300
59000,1,300
59005,1,300
59014,1,300
59048,1,300
59049,1,300
59130,1,300
59139,1,300
59162,1,300
59247,1,300
59289,1,300
59309,1,300
59335,1,300
59352,1,300
59361,1,300
59436,1,300
59462,1,300
59473,1,300
59526,1,300
59560,1,300
59563,1,300
59578,1,300
59668,1,300
59690,1,300
59694,1,300
59715,1,300
59755,1,300
59814,1,300
59817,1,300
59831,1,300
59834,1,300
59917,1,300
59918,1,300
60026,1,300
60075,1,300
60302,1,300
60321,1,300
60399,1,300
60424,1,300
60441,1,300
60447,1,300
60457,1,300
60547,1,300
60554,1,300
60670,1,300
60688,1,300
60689,1,300
60704,1,300
60743,1,300
60771,1,300
60774,1,300
60790,1,300
60863,1,300
60881,1,300
60902,1,300
60904,1,300
60951,1,300
60986,1,300
60987,1,300
61018,1,300
61032,1,300
61060,1,300
61086,1,300
61122,1,300
61211,1,300
61224,1,300
61246,1,300
61263,1,300
61270,1,300
61276,1,300
61278,1,300
61322,1,300
61373,1,300
61424,1,300
61430,1,300
61446,1,300
61500,1,300
61512,1,300
61520,1,300
61555,1,300
61606,1,300
61626,1,300
61632,1,300
61667,1,300
61697,1,300
61717,1,300
61758,1,300
61799,1,300
62044,1,300
62103,1,300
62188,1,300
62197,1,300
62215,1,300
62270,1,300
62277,1,300
62331,1,300
62373,1,300
62385,1,300
62403,1,300
62412,1,300
62447,1,300
62460,1,300
62488,1,300
62596,1,300
62597,1,300
62636,1,300
62717,1,300
62769,1,300
62844,1,300
62862,1,300
62926,1,300
62938,1,300
62973,1,300
62990,1,300
63009,1,300
63016,1,300
63072,1,300
63072,1,300
63074,1,300
63083,1,300
63106,1,300
63124,1,300
63131,1,300
63136,1,300
63142,1,300
63156,1,300
63175,1,300
63196,1,300
63200,1,300
63267,1,300
63319,1,300
63330,1,300
63363,1,300
63377,1,300
63409,1,300
63433,1,300
63474,1,300
63490,1,300
63571,1,300
63632,1,300
63687,1,300
63782,1,300
63805,1,300
63809,1,300
63847,1,300
64033,1,300
64089,1,300
64100,1,300
64128,1,300
64160,1,300
64204,1,300
64262,1,300
64302,1,300
64317,1,300
64319,1,300
64342,1,300
64451,1,300
64451,1,300
64468,1,300
64527,1,300
64690,1,300
64703,1,300
64706,1,300
64709,1,300
64725,1,300
64726,1,300
64741,1,300
64777,1,300
64810,1,300
64842,1,300
64966,1,300
64966,1,300
64967,1,300
64986,1,300
65001,1,300
65027,1,300
65050,1,300
65086,1,300
65118,1,300
65229,1,300
65230,1,300
65241,1,300
65253,1,300
65274,1,300
65323,1,300
65332,1,300
65335,1,300
65361,1,300
65371,1,300
65378,1,300
65441,1,300
65512,1,300
65529,1,300
65533,1,300
65553,1,300
65582,1,300
65583,1,300
65604,1,300
65636,1,300
65649,1,300
65672,1,300
65712,1,300
66224,1,300
66233,1,300
66307,1,300
66318,1,300
66346,1,300
66354,1,300
66367,1,300
66378,1,300
66413,1,300
66448,1,300
66464,1,300
66499,1,300
66506,1,300
66514,1,300
66583,1,300
66609,1,300
66700,1,300
66722,1,300
66725,1,300
66744,1,300
66824,1,300
66850,1,300
66899,1,300
66915,1,300
66959,1,300
66977,1,300
67028,1,300
67041,1,300
67091,1,300
67138,1,300
67191,1,300
67262,1,300
67319,1,300
67522,1,300
67532,1,300
67560,1,300
67573,1,300
67590,1,300
67660,1,300
67710,1,300
67718,1,300
67760,1,300
67764,1,300
67848,1,300
67857,1,300
68001,1,300
68010,1,300
68019,1,300
68022,1,300
68034,1,300
68047,1,300
68050,1,300
68055,1,300
68056,1,300
68083,1,300
68090,1,300
68108,1,300
68115,1,300
68146,1,300
68150,1,300
68158,1,300
68262,1,300
68412,1,300
68422,1,300
68500,1,300
68543,1,300
68660,1,300
68692,1,300
68697,1,300
68729,1,300
68758,1,300
68838,1,300
68857,1,300
68869,1,300
68897,1,300
68898,1,300
68929,1,300
68939,1,300
69009,1,300
69022,1,300
69030,1,300
69033,1,300
69039,1,300
69061,1,300
69068,1,300
69071,1,300
69075,1,300
69076,1,300
69103,1,300
69108,1,300
69109,1,300
69167,1,300
69175,1,300
69208,1,300
69208,1,300
69243,1,300
69275,1,300
69326,1,300
69337,1,300
69347,1,300
69353,1,300
69360,1,300
69384,1,300
69390,1,300
69435,1,300
69475,1,300
69495,1,300
69501,1,300
69525,1,300
69584,1,300
69587,1,300
69605,1,300
69638,1,300
69644,1,300
69649,1,300
69659,1,300
69664,1,300
69666,1,300
69715,1,300
69772,1,300
69800,1,300
69806,1,300
69822,1,300
69854,1,300
69889,1,300
69892,1,300
69903,1,300
69908,1,300
69937,1,300
69942,1,300
69982,1,300
70001,1,300
70007,1,300
70008,1,300
70009,1,300
70033,1,300
70039,1,300
70048,1,300
70049,1,300
70062,1,300
70089,1,300
70104,1,300
70130,1,300
70130,1,300
70139,1,300
70147,1,300
70159,1,300
70163,1,300
70192,1,300
70223,1,300
70250,1,300
70272,1,300
70287,1,300
70287,1,300
70379,1,300
70382,1,300
70397,1,300
70432,1,300
70459,1,300
70459,1,300
70499,1,300
70545,1,300
70582,1,300
70585,1,300
70643,1,300
70648,1,300
70665,1,300
70730,1,300
70756,1,300
70764,1,300
70776,1,300
70800,1,300
70818,1,300
70831,1,300
70841,1,300
70853,1,300
70865,1,300
70874,1,300
70881,1,300
70897,1,300
70973,1,300
70977,1,300
71045,1,300
71095,1,300
71108,1,300
71151,1,300
71172,1,300
71175,1,300
71182,1,300
71215,1,300
71227,1,300
71238,1,300
71264,1,300
71286,1,300
71315,1,300
71378,1,300
71406,1,300
71424,1,300
71503,1,300
71513,1,300
71513,1,300
71564,1,300
71604,1,300
71634,1,300
71663,1,300
71677,1,300
71767,1,300
71784,1,300
71828,1,300
71909,1,300
71962,1,300
72012,1,300
72014,1,300
72049,1,300
72056,1,300
72063,1,300
72076,1,300
72101,1,300
72106,1,300
72119,1,300
72122,1,300
72123,1,300
72143,1,300
72144,1,300
72188,1,300
72193,1,300
72201,1,300
72209,1,300
72213,1,300
72230,1,300
72234,1,300
72239,1,300
72269,1,300
72280,1,300
72303,1,300
72343,1,300
72353,1,300
72382,1,300
72389,1,300
72402,1,300
72461,1,300
72519,1,300
72520,1,300
72527,1,300
72529,1,300
72556,1,300
72667,1,300
72674,1,300
72702,1,300
72703,1,300
72716,1,300
72722,1,300
72732,1,300
72737,1,300
72783,1,300
72785,1,300
72808,1,300
72818,1,300
72844,1,300
72876,1,300
72923,1,300
72926,1,300
72937,1,300
72968,1,300
73004,1,300
73012,1,300
73019,1,300
73023,1,300
73051,1,300
73099,1,300
73146,1,300
73171,1,300
73180,1,300
73200,1,300
73207,1,300
73207,1,300
73215,1,300
73237,1,300
73287,1,300
73294,1,300
73318,1,300
73399,1,300
73429,1,300
73435,1,300
73461,1,300
73464,1,300
73477,1,300
73486,1,300
73496,1,300
73509,1,300
73560,1,300
73572,1,300
73586,1,300
73594,1,300
73599,1,300
73650,1,300
73705,1,300
73720,1,300
73728,1,300
73730,1,300
73749,1,300
73759,1,300
73764,1,300
73793,1,300
73799,1,300
74021,1,300
74039,1,300
74047,1,300
74048,1,300
74053,1,300
74063,1,300
74084,1,300
74092,1,300
74106,1,300
74144,1,300
74276,1,300
74289,1,300
74340,1,300
74419,1,300
74482,1,300
74686,1,300
74712,1,300
74738,1,300
74752,1,300
74780,1,300
74809,1,300
74847,1,300
74861,1,300
74865,1,300
74948,1,300
74992,1,300
75012,1,300
75028,1,300
75043,1,300
75044,1,300
75045,1,300
75049,1,300
75059,1,300
75060,1,300
75065,1,300
75067,1,300
75074,1,300
75075,1,300
75089,1,300
75107,1,300
75115,1,300
75124,1,300
75142,1,300
75150,1,300
75161,1,300
75181,1,300
75227,1,300
75245,1,300
75304,1,300
75304,1,300
75309,1,300
75354,1,300
75357,1,300
75372,1,300
75374,1,300
75375,1,300
75375,1,300
75385,1,300
75443,1,300
75539,1,300
75552,1,300
75562,1,300
75567,1,300
75587,1,300
75610,1,300
75623,1,300
75658,1,300
75704,1,300
75710,1,300
75710,1,300
75737,1,300
75739,1,300
75797,1,300
75817,1,300
75817,1,300
75900,1,300
75941,1,300
75948,1,300
75993,1,300
76001,1,300
76013,1,300
76017,1,300
76018,1,300
76025,1,300
76037,1,300
76074,1,300
76111,1,300
76165,1,300
76191,1,300
76228,1,300
76234,1,300
76241,1,300
76254,1,300
76276,1,300
76309,1,300
76318,1,300
76355,1,300
76358,1,300
76369,1,300
76386,1,300
76391,1,300
76407,1,300
76435,1,300
76449,1,300
76450,1,300
76461,1,300
76573,1,300
76698,1,300
76698,1,300
76728,1,300
76759,1,300
76785,1,300
76838,1,300
76845,1,300
76864,1,300
76872,1,300
76976,1,300
76983,1,300
76994,1,300
77022,1,300
77032,1,300
77036,1,300
77068,1,300
77082,1,300
77098,1,300
77108,1,300
77115,1,300
77178,1,300
77218,1,300
77285,1,300
77289,1,300
77302,1,300
77362,1,300
77378,1,300
77387,1,300
77401,1,300
77407,1,300
77509,1,300
77532,1,300
77556,1,300
77561,1,300
77570,1,300
77587,1,300
77607,1,300
77625,1,300
77665,1,300
77741,1,300
77746,1,300
77775,1,300
77781,1,300
77782,1,300
77800,1,300
77831,1,300
77869,1,300
77878,1,300
77900,1,300
77944,1,300
77966,1,300
78041,1,300
78044,1,300
78055,1,300
78062,1,300
78117,1,300
78123,1,300
78135,1,300
78141,1,300
78239,1,300
78259,1,300
78270,1,300
78283,1,300
78330,1,300
78339,1,300
78353,1,300
78368,1,300
78385,1,300
78438,1,300
78440,1,300
78445,1,300
78452,1,300
78463,1,300
78569,1,300
78594,1,300
78608,1,300
78609,1,300
78609,1,300
78611,1,300
78621,1,300
78654,1,300
78654,1,300
78690,1,300
78721,1,300
78723,1,300
78792,1,300
78806,1,300
78807,1,300
78812,1,300
78886,1,300
78915,1,300
78923,1,300
78944,1,300
78966,1,300
79032,1,300
79043,1,300
79091,1,300
79148,1,300
79211,1,300
79218,1,300
79251,1,300
79266,1,300
79283,1,300
79293,1,300
79344,1,300
79359,1,300
79369,1,300
79418,1,300
79448,1,300
79500,1,300
79510,1,300
79516,1,300
79598,1,300
79644,1,300
79648,1,300
79655,1,300
79661,1,300
79664,1,300
79673,1,300
79678,1,300
79688,1,300
79699,1,300
79707,1,300
79720,1,300
79741,1,300
79758,1,300
79767,1,300
79796,1,300
79827,1,300
79894,1,300
79906,1,300
79944,1,300
79979,1,300
80001,1,300
80039,1,300
80105,1,300
80108,1,300
80118,1,300
80137,1,300
80145,1,300
80163,1,300
80178,1,300
80183,1,300
80212,1,300
80215,1,300
80266,1,300
80300,1,300
80309,1,300
80370,1,300
80400,1,300
80428,1,300
80442,1,300
80446,1,300
80471,1,300
80474,1,300
80483,1,300
80500,1,300
80505,1,300
80529,1,300
80541,1,300
80558,1,300
80606,1,300
80610,1,300
80640,1,300
80681,1,300
80700,1,300
80723,1,300
80727,1,300
80767,1,300
80806,1,300
80882,1,300
80906,1,300
81012,1,300
81026,1,300
81038,1,300
81049,1,300
81056,1,300
81107,1,300
81138,1,300
81141,1,300
81155,1,300
81167,1,300
81168,1,300
81187,1,300
81192,1,300
81241,1,300
81291,1,300
81371,1,300
81400,1,300
81400,1,300
81431,1,300
81447,1,300
81447,1,300
81469,1,300
81487,1,300
81504,1,300
81510,1,300
81584,1,300
81588,1,300
81589,1,300
81631,1,300
81648,1,300
81650,1,300
81726,1,300
81735,1,300
81743,1,300
81765,1,300
81769,1,300
81799,1,300
81805,1,300
81814,1,300
81820,1,300
81821,1,300
81836,1,300
81879,1,300
81903,1,300
81950,1,300
81955,1,300
81958,1,300
81959,1,300
81966,1,300
82001,1,300
82008,1,300
82013,1,300
82022,1,300
82037,1,300
82039,1,300
82048,1,300
82055,1,300
82058,1,300
82059,1,300
82084,1,300
82084,1,300
82085,1,300
82089,1,300
82094,1,300
82103,1,300
82120,1,300
82149,1,300
82173,1,300
82184,1,300
82284,1,300
82285,1,300
82367,1,300
82421,1,300
82445,1,300
82453,1,300
82457,1,300
82458,1,300
82461,1,300
82489,1,300
82528,1,300
82540,1,300
82559,1,300
82574,1,300
82582,1,300
82583,1,300
82586,1,300
82621,1,300
82663,1,300
82697,1,300
82712,1,300
82719,1,300
82734,1,300
82755,1,300
82780,1,300
82822,1,300
82830,1,300
82839,1,300
82845,1,300
82901,1,300
82905,1,300
82906,1,300
82907,1,300
83004,1,300
83036,1,300
83044,1,300
83077,1,300
83080,1,300
83109,1,300
83115,1,300
83118,1,300
83141,1,300
83150,1,300
83154,1,300
83156,1,300
83176,1,300
83259,1,300
83268,1,300
83288,1,300
83295,1,300
83295,1,300
83302,1,300
83338,1,300
83351,1,300
83358,1,300
83391,1,300
83471,1,300
83481,1,300
83488,1,300
83544,1,300
83623,1,300
83682,1,300
83683,1,300
83725,1,300
83760,1,300
83777,1,300
83784,1,300
83817,1,300
83820,1,300
83824,1,300
83849,1,300
83874,1,300
83909,1,300
83910,1,300
83949,1,300
83976,1,300
83976,1,300
83986,1,300
84006,1,300
84025,1,300
84044,1,300
84055,1,300
84068,1,300
84088,1,300
84155,1,300
84158,1,300
84221,1,300
84253,1,300
84292,1,300
84299,1,300
84305,1,300
84314,1,300
84325,1,300
84355,1,300
84368,1,300
84395,1,300
84423,1,300
84429,1,300
84433,1,300
84502,1,300
84510,1,300
84566,1,300
84577,1,300
84582,1,300
84593,1,300
84636,1,300
84670,1,300
84697,1,300
84742,1,300
84750,1,300
84770,1,300
84778,1,300
84835,1,300
84851,1,300
84852,1,300
84865,1,300
84871,1,300
84881,1,300
84899,1,300
84902,1,300
84948,1,300
84978,1,300
84996,1,300
85011,1,300
85018,1,300
85021,1,300
85028,1,300
85042,1,300
85067,1,300
85091,1,300
85111,1,300
85135,1,300
85153,1,300
85175,1,300
85183,1,300
85203,1,300
85211,1,300
85215,1,300
85233,1,300
85238,1,300
85354,1,300
85365,1,300
85371,1,300
85411,1,300
85433,1,300
85456,1,300
85456,1,300
85507,1,300
85537,1,300
85553,1,300
85570,1,300
85585,1,300
85614,1,300
85627,1,300
85663,1,300
85700,1,300
85721,1,300
85738,1,300
85767,1,300
85790,1,300
85793,1,300
85813,1,300
85863,1,300
85878,1,300
85887,1,300
85902,1,300
85915,1,300
85949,1,300
86026,1,300
86047,1,300
86129,1,300
86136,1,300
86149,1,300
86158,1,300
86190,1,300
86194,1,300
86280,1,300
86281,1,300
86288,1,300
86291,1,300
86327,1,300
86378,1,300
86390,1,300
86395,1,300
86421,1,300
86456,1,300
86473,1,300
86493,1,300
86494,1,300
86507,1,300
86561,1,300
86568,1,300
86578,1,300
86584,1,300
86597,1,300
86604,1,300
86614,1,300
86676,1,300
86711,1,300
86712,1,300
86728,1,300
86760,1,300
86808,1,300
86811,1,300
86826,1,300
86827,1,300
86862,1,300
86863,1,300
86875,1,300
86882,1,300
86896,1,300
86898,1,300
86905,1,300
86907,1,300
87006,1,300
87018,1,300
87038,1,300
87057,1,300
87099,1,300
87110,1,300
87131,1,300
87132,1,300
87145,1,300
87169,1,300
87186,1,300
87202,1,300
87265,1,300
87271,1,300
87282,1,300
87325,1,300
87351,1,300
87408,1,300
87413,1,300
87469,1,300
87479,1,300
87481,1,300
87524,1,300
87539,1,300
87548,1,300
87575,1,300
87587,1,300
87588,1,300
87653,1,300
87690,1,300
87735,1,300
87743,1,300
87804,1,300
87817,1,300
87827,1,300
87840,1,300
87844,1,300
87907,1,300
87921,1,300
87930,1,300
87949,1,300
87990,1,300
88007,1,300
88022,1,300
88029,1,300
88061,1,300
88086,1,300
88106,1,300
88109,1,300
88118,1,300
88146,1,300
88155,1,300
88157,1,300
88182,1,300
88186,1,300
88193,1,300
88195,1,300
88210,1,300
88217,1,300
88251,1,300
88294,1,300
88320,1,300
88330,1,300
88340,1,300
88391,1,300
88413,1,300
88438,1,300
88484,1,300
88504,1,300
88511,1,300
88724,1,300
88780,1,300
88800,1,300
88803,1,300
88841,1,300
88873,1,300
88876,1,300
88885,1,300
88903,1,300
88919,1,300
88928,1,300
88955,1,300
89003,1,300
89018,1,300
89027,1,300
89059,1,300
89078,1,300
89139,1,300
89163,1,300
89174,1,300
89175,1,300
89196,1,300
89199,1,300
89219,1,300
89254,1,300
89255,1,300
89279,1,300
89285,1,300
89322,1,300
89367,1,300
89369,1,300
89383,1,300
89398,1,300
89399,1,300
89411,1,300
89452,1,300
89491,1,300
89526,1,300
89532,1,300
89538,1,300
89561,1,300
89562,1,300
89577,1,300
89585,1,300
89623,1,300
89629,1,300
89643,1,300
89660,1,300
89695,1,300
89711,1,300
89760,1,300
89772,1,300
89772,1,300
89789,1,300
89803,1,300
89803,1,300
89817,1,300
89822,1,300
89840,1,300
89861,1,300
89866,1,300
89917,1,300
89918,1,300
89943,1,300
90009,1,300
90010,1,300
90017,1,300
90032,1,300
90045,1,300
90053,1,300
90093,1,300
90096,1,300
90110,1,300
90117,1,300
90191,1,300
90201,1,300
90220,1,300
90250,1,300
90316,1,300
90331,1,300
90347,1,300
90354,1,300
90398,1,300
90401,1,300
90416,1,300
90423,1,300
90431,1,300
90471,1,300
90505,1,300
90550,1,300
90563,1,300
90575,1,300
90612,1,300
90627,1,300
90659,1,300
90667,1,300
90692,1,300
90694,1,300
90710,1,300
90722,1,300
90750,1,300
90759,1,300
90766,1,300
90769,1,300
90774,1,300
91015,1,300
91039,1,300
91047,1,300
91047,1,300
91081,1,300
91097,1,300
91098,1,300
91106,1,300
91112,1,300
91131,1,300
91152,1,300
91175,1,300
91213,1,300
91240,1,300
91244,1,300
91274,1,300
91312,1,300
91325,1,300
91330,1,300
91332,1,300
91340,1,300
91442,1,300
91452,1,300
91458,1,300
91473,1,300
91524,1,300
91581,1,300
91583,1,300
91599,1,300
91602,1,300
91610,1,300
91639,1,300
91674,1,300
91711,1,300
91716,1,300
91772,1,300
91776,1,300
91794,1,300
91804,1,300
91821,1,300
91876,1,300
91989,1,300
91997,1,300
92019,1,300
92166,1,300
92198,1,300
92219,1,300
92224,1,300
92260,1,300
92269,1,300
92358,1,300
92359,1,300
92376,1,300
92380,1,300
92413,1,300
92429,1,300
92540,1,300
92553,1,300
92608,1,300
92609,1,300
92647,1,300
92695,1,300
92698,1,300
92725,1,300
92732,1,300
92741,1,300
92766,1,300
92799,1,300
92806,1,300
92825,1,300
92860,1,300
92884,1,300
92885,1,300
92901,1,300
92927,1,300
92936,1,300
92951,1,300
92959,1,300
92978,1,300
92990,1,300
93002,1,300
93006,1,300
93020,1,300
93039,1,300
93039,1,300
93040,1,300
93053,1,300
93053,1,300
93058,1,300
93069,1,300
93087,1,300
93109,1,300
93109,1,300
93183,1,300
93184,1,300
93191,1,300
93200,1,300
93203,1,300
93208,1,300
93246,1,300
93259,1,300
93271,1,300
93279,1,300
93321,1,300
93322,1,300
93322,1,300
93325,1,300
93336,1,300
93366,1,300
93380,1,300
93413,1,300
93415,1,300
93439,1,300
93461,1,300
93476,1,300
93482,1,300
93493,1,300
93504,1,300
93519,1,300
93532,1,300
93535,1,300
93542,1,300
93547,1,300
93551,1,300
93554,1,300
93558,1,300
93586,1,300
93593,1,300
93635,1,300
93641,1,300
93654,1,300
93729,1,300
93741,1,300
93755,1,300
93776,1,300
93779,1,300
93807,1,300
93817,1,300
93832,1,300
93849,1,300
93876,1,300
93901,1,300
93937,1,300
93939,1,300
93949,1,300
93959,1,300
93965,1,300
93971,1,300
93991,1,300
94016,1,300
94025,1,300
94033,1,300
94038,1,300
94043,1,300
94079,1,300
94089,1,300
94123,1,300
94143,1,300
94267,1,300
94272,1,300
94273,1,300
94274,1,300
94280,1,300
94295,1,300
94347,1,300
94360,1,300
94397,1,300
94398,1,300
94400,1,300
94401,1,300
94416,1,300
94430,1,300
94437,1,300
94443,1,300
94460,1,300
94461,1,300
94476,1,300
94489,1,300
94512,1,300
94562,1,300
94572,1,300
94580,1,300
94596,1,300
94597,1,300
94614,1,300
94619,1,300
94627,1,300
94650,1,300
94650,1,300
94657,1,300
94661,1,300
94685,1,300
94752,1,300
94761,1,300
94763,1,300
94802,1,300
94802,1,300
94806,1,300
94867,1,300
94891,1,300
94912,1,300
94932,1,300
95027,1,300
95036,1,300
95039,1,300
95054,1,300
95056,1,300
95057,1,300
95074,1,300
95090,1,300
95140,1,300
95185,1,300
95212,1,300
95214,1,300
95224,1,300
95226,1,300
95234,1,300
95238,1,300
95343,1,300
95347,1,300
95354,1,300
95396,1,300
95401,1,300
95417,1,300
95447,1,300
95510,1,300
95549,1,300
95579,1,300
95580,1,300
95580,1,300
95628,1,300
95631,1,300
95632,1,300
95641,1,300
95642,1,300
95686,1,300
95696,1,300
95775,1,300
95776,1,300
95781,1,300
95799,1,300
95812,1,300
95831,1,300
95840,1,300
95857,1,300
95876,1,300
95920,1,300
95971,1,300
95991,1,300
96001,1,300
96004,1,300
96005,1,300
96008,1,300
96095,1,300
96108,1,300
96216,1,300
96284,1,300
96322,1,300
96331,1,300
96343,1,300
96383,1,300
96423,1,300
96453,1,300
96465,1,300
96466,1,300
96509,1,300
96510,1,300
96540,1,300
96541,1,300
96595,1,300
96604,1,300
96606,1,300
96634,1,300
96638,1,300
96649,1,300
96669,1,300
96682,1,300
96715,1,300
96762,1,300
96832,1,300
96836,1,300
96842,1,300
96870,1,300
96895,1,300
96931,1,300
96931,1,300
96946,1,300
97012,1,300
97032,1,300
97040,1,300
97041,1,300
97061,1,300
97071,1,300
97105,1,300
97109,1,300
97121,1,300
97122,1,300
97145,1,300
97158,1,300
97164,1,300
97170,1,300
97184,1,300
97185,1,300
97191,1,300
97192,1,300
97206,1,300
97207,1,300
97233,1,300
97257,1,300
97295,1,300
97301,1,300
97309,1,300
97324,1,300
97338,1,300
97341,1,300
97350,1,300
97361,1,300
97427,1,300
97432,1,300
97472,1,300
97495,1,300
97499,1,300
97517,1,300
97538,1,300
97598,1,300
97604,1,300
97624,1,300
97625,1,300
97638,1,300
97641,1,300
97642,1,300
97733,1,300
97785,1,300
97815,1,300
97832,1,300
97860,1,300
97939,1,300
97996,1,300
98035,1,300
98035,1,300
98053,1,300
98084,1,300
98089,1,300
98090,1,300
98105,1,300
98122,1,300
98126,1,300
98150,1,300
98201,1,300
98204,1,300
98207,1,300
98264,1,300
98279,1,300
98292,1,300
98306,1,300
98329,1,300
98340,1,300
98360,1,300
98372,1,300
98373,1,300
98374,1,300
98430,1,300
98439,1,300
98441,1,300
98483,1,300
98519,1,300
98529,1,300
98546,1,300
98557,1,300
98562,1,300
98583,1,300
98609,1,300
98629,1,300
98669,1,300
98720,1,300
98721,1,300
98744,1,300
98758,1,300
98782,1,300
98797,1,300
98802,1,300
98806,1,300
98820,1,300
98837,1,300
98849,1,300
98867,1,300
98875,1,300
99035,1,300
99042,1,300
99073,1,300
99089,1,300
99090,1,300
99100,1,300
99105,1,300
99118,1,300
99132,1,300
99136,1,300
99147,1,300
99150,1,300
99175,1,300
99192,1,300
99219,1,300
99253,1,300
99285,1,300
99349,1,300
99351,1,300
99360,1,300
99382,1,300
99387,1,300
99398,1,300
99438,1,300
99439,1,300
99442,1,300
99446,1,300
99465,1,300
99467,1,300
99561,1,300
99602,1,300
99618,1,300
99640,1,300
99658,1,300
99685,1,300
99706,1,300
99741,1,300
99757,1,300
99765,1,300
99801,1,300
99815,1,300
99902,1,300
99906,1,300
99927,1,300
100008,1,300
100020,1,300
100032,1,300
100044,1,300
100056,1,300
100068,1,300
100070,1,300
100116,1,300
100131,1,300
100234,1,300
100255,1,300
100276,1,300
100299,1,300
100332,1,300
100345,1,300
100356,1,300
100382,1,300
100437,1,300
100447,1,300
100480,1,300
100499,1,300
100501,1,300
100502,1,300
100513,1,300
100519,1,300
100584,1,300
100611,1,300
100638,1,300
100649,1,300
100672,1,300
100753,1,300
100787,1,300
100801,1,300
100808,1,300
100852,1,300
100865,1,300
100872,1,300
100872,1,300
100876,1,300
100909,1,300
100911,1,300
100921,1,300
100924,1,300
100928,1,300
100958,1,300
101020,1,300
101030,1,300
101048,1,300
101060,1,300
101067,1,300
101091,1,300
101123,1,300
101134,1,300
101154,1,300
101158,1,300
101212,1,300
101263,1,300
101312,1,300
101407,1,300
101424,1,300
101473,1,300
101480,1,300
101484,1,300
101493,1,300
101539,1,300
101549,1,300
101558,1,300
101612,1,300
101629,1,300
101658,1,300
101691,1,300
101778,1,300
101828,1,300
101888,1,300
101894,1,300
101896,1,300
101929,1,300
101934,1,300
102002,1,300
102010,1,300
102034,1,300
102053,1,300
102055,1,300
102073,1,300
102077,1,300
102103,1,300
102104,1,300
102111,1,300
102114,1,300
102117,1,300
102117,1,300
102140,1,300
102151,1,300
102157,1,300
102171,1,300
102198,1,300
102201,1,300
102205,1,300
102221,1,300
102229,1,300
102294,1,300
102303,1,300
102326,1,300
102356,1,300
102380,1,300
102403,1,300
102451,1,300
102520,1,300
102544,1,300
102624,1,300
102678,1,300
102729,1,300
102732,1,300
102742,1,300
102768,1,300
102778,1,300
102782,1,300
102875,1,300
102897,1,300
102906,1,300
102908,1,300
102922,1,300
102958,1,300
102970,1,300
102995,1,300
103004,1,300
103017,1,300
103017,1,300
103024,1,300
103029,1,300
103059,1,300
103062,1,300
103108,1,300
103113,1,300
103115,1,300
103127,1,300
103162,1,300
103166,1,300
103195,1,300
103229,1,300
103231,1,300
103256,1,300
103268,1,300
103282,1,300
103324,1,300
103381,1,300
103390,1,300
103410,1,300
103415,1,300
103416,1,300
103484,1,300
103500,1,300
103502,1,300
103503,1,300
103514,1,300
103525,1,300
103533,1,300
103578,1,300
103602,1,300
103628,1,300
103659,1,300
103670,1,300
103721,1,300
103741,1,300
103757,1,300
103780,1,300
104029,1,300
104032,1,300
104050,1,300
104064,1,300
104112,1,300
104130,1,300
104176,1,300
104204,1,300
104304,1,300
104498,1,300
104526,1,300
104589,1,300
104617,1,300
104620,1,300
104640,1,300
104645,1,300
104668,1,300
104682,1,300
104750,1,300
104757,1,300
104764,1,300
104780,1,300
104821,1,300
104850,1,300
104857,1,300
104858,1,300
104967,1,300
104975,1,300
104994,1,300
104999,1,300
105001,1,300
105006,1,300
105007,1,300
105010,1,300
105027,1,300
105028,1,300
105047,1,300
105049,1,300
105050,1,300
105054,1,300
105058,1,300
105064,1,300
105082,1,300
105089,1,300
105121,1,300
105127,1,300
105128,1,300
105128,1,300
105142,1,300
105151,1,300
105155,1,300
105167,1,300
105185,1,300
105188,1,300
105197,1,300
105225,1,300
105249,1,300
105258,1,300
105262,1,300
105288,1,300
105301,1,300
105308,1,300
105353,1,300
105363,1,300
105367,1,300
105375,1,300
105391,1,300
105415,1,300
105425,1,300
105436,1,300
105449,1,300
105488,1,300
105499,1,300
105505,1,300
105523,1,300
105546,1,300
105555,1,300
105576,1,300
105600,1,300
105622,1,300
105631,1,300
105687,1,300
105689,1,300
105697,1,300
105715,1,300
105743,1,300
105745,1,300
105768,1,300
106051,1,300
106176,1,300
106178,1,300
106210,1,300
106230,1,300
106234,1,300
106272,1,300
106323,1,300
106324,1,300
106345,1,300
106345,1,300
106369,1,300
106380,1,300
106383,1,300
106429,1,300
106470,1,300
106471,1,300
106504,1,300
106571,1,300
106614,1,300
106620,1,300
106645,1,300
106679,1,300
106679,1,300
106702,1,300
106718,1,300
106734,1,300
106750,1,300
106762,1,300
106799,1,300
106803,1,300
106825,1,300
106861,1,300
106895,1,300
106929,1,300
107002,1,300
107010,1,300
107017,1,300
107138,1,300
107155,1,300
107178,1,300
107189,1,300
107208,1,300
107214,1,300
107216,1,300
107240,1,300
107257,1,300
107281,1,300
107355,1,300
107355,1,300
107396,1,300
107425,1,300
107444,1,300
107475,1,300
107476,1,300
107478,1,300
107490,1,300
107533,1,300
107543,1,300
107604,1,300
107609,1,300
107648,1,300
107688,1,300
107706,1,300
107715,1,300
107724,1,300
107745,1,300
107759,1,300
107766,1,300
107768,1,300
107780,1,300
107780,1,300
108035,1,300
108050,1,300
108061,1,300
108151,1,300
108180,1,300
108209,1,300
108220,1,300
108233,1,300
108241,1,300
108247,1,300
108259,1,300
108291,1,300
108327,1,300
108396,1,300
108463,1,300
108481,1,300
108526,1,300
108527,1,300
108633,1,300
108651,1,300
108661,1,300
108702,1,300
108707,1,300
108721,1,300
108726,1,300
108731,1,300
108765,1,300
108766,1,300
108802,1,300
108923,1,300
108946,1,300
109017,1,300
109019,1,300
109030,1,300
109041,1,300
109056,1,300
109105,1,300
109191,1,300
109207,1,300
109226,1,300
109233,1,300
109235,1,300
109240,1,300
109331,1,300
109344,1,300
109357,1,300
109375,1,300
109423,1,300
109473,1,300
109498,1,300
109501,1,300
109516,1,300
109562,1,300
109589,1,300
109591,1,300
109600,1,300
109618,1,300
109705,1,300
109713,1,300
109749,1,300
109752,1,300
109781,1,300
109783,1,300
109786,1,300
109814,1,300
109838,1,300
110044,1,300
110063,1,300
110153,1,300
110190,1,300
110218,1,300
110233,1,300
110238,1,300
110274,1,300
110278,1,300
110289,1,300
110434,1,300
110440,1,300
110444,1,300
110524,1,300
110543,1,300
110585,1,300
110622,1,300
110646,1,300
110686,1,300
110737,1,300
110739,1,300
110763,1,300
110804,1,300
110842,1,300
110992,1,300
110996,1,300
111017,1,300
111030,1,300
111033,1,300
111036,1,300
111041,1,300
111046,1,300
111051,1,300
111076,1,300
111088,1,300
111089,1,300
111092,1,300
111102,1,300
111102,1,300
111105,1,300
111121,1,300
111135,1,300
111191,1,300
111193,1,300
111304,1,300
111306,1,300
111359,1,300
111386,1,300
111443,1,300
111449,1,300
111463,1,300
111479,1,300
111500,1,300
111522,1,300
111528,1,300
111529,1,300
111532,1,300
111568,1,300
111568,1,300
111671,1,300
111791,1,300
111801,1,300
111844,1,300
111848,1,300
111862,1,300
111886,1,300
111887,1,300
111910,1,300
111913,1,300
111929,1,300
112054,1,300
112057,1,300
112107,1,300
112110,1,300
112120,1,300
112198,1,300
112206,1,300
112209,1,300
112211,1,300
112214,1,300
112247,1,300
112274,1,300
112323,1,300
112336,1,300
112454,1,300
112457,1,300
112483,1,300
112494,1,300
112534,1,300
112571,1,300
112579,1,300
112634,1,300
112667,1,300
112670,1,300
112684,1,300
112701,1,300
112706,1,300
112708,1,300
112743,1,300
112753,1,300
112768,1,300
112784,1,300
112810,1,300
112826,1,300
112840,1,300
112905,1,300
113056,1,300
113087,1,300
113213,1,300
113218,1,300
113338,1,300
113351,1,300
113365,1,300
113406,1,300
113473,1,300
113497,1,300
113627,1,300
113650,1,300
113652,1,300
113676,1,300
113677,1,300
113742,1,300
113743,1,300
113781,1,300
113810,1,300
113838,1,300
113863,1,300
113898,1,300
113920,1,300
113955,1,300
113990,1,300
114001,1,300
114034,1,300
114048,1,300
114061,1,300
114065,1,300
114073,1,300
114085,1,300
114097,1,300
114109,1,300
114120,1,300
114126,1,300
114129,1,300
114218,1,300
114226,1,300
114249,1,300
114255,1,300
114284,1,300
114299,1,300
114322,1,300
114361,1,300
114363,1,300
114364,1,300
114368,1,300
114389,1,300
114392,1,300
114394,1,300
114399,1,300
114469,1,300
114476,1,300
114558,1,300
114559,1,300
114578,1,300
114587,1,300
114664,1,300
114706,1,300
114723,1,300
114804,1,300
115033,1,300
115054,1,300
115059,1,300
115068,1,300
115070,1,300
115084,1,300
115126,1,300
115138,1,300
115141,1,300
115161,1,300
115170,1,300
115211,1,300
115254,1,300
115261,1,300
115280,1,300
115351,1,300
115438,1,300
115460,1,300
115473,1,300
115487,1,300
115497,1,300
115506,1,300
115531,1,300
115558,1,300
115577,1,300
115587,1,300
115596,1,300
115667,1,300
115675,1,300
115679,1,300
115755,1,300
116007,1,300
116007,1,300
116041,1,300
116070,1,300
116105,1,300
116127,1,300
116152,1,300
116167,1,300
116196,1,300
116212,1,300
116253,1,300
116292,1,300
116294,1,300
116299,1,300
116331,1,300
116380,1,300
116384,1,300
116409,1,300
116477,1,300
116513,1,300
116518,1,300
116532,1,300
116569,1,300
116569,1,300
116620,1,300
116662,1,300
116693,1,300
116698,1,300
116729,1,300
116745,1,300
116764,1,300
116770,1,300
117019,1,300
117095,1,300
117129,1,300
117137,1,300
117144,1,300
117155,1,300
117160,1,300
117239,1,300
117251,1,300
117255,1,300
117353,1,300
117362,1,300
117414,1,300
117462,1,300
117507,1,300
117510,1,300
117541,1,300
117601,1,300
117605,1,300
117620,1,300
117626,1,300
117640,1,300
117668,1,300
117693,1,300
117752,1,300
117772,1,300
117775,1,300
117799,1,300
117807,1,300
117890,1,300
117937,1,300
117955,1,300
117991,1,300
118014,1,300
118043,1,300
118057,1,300
118058,1,300
118099,1,300
118217,1,300
118233,1,300
118258,1,300
118330,1,300
118373,1,300
118413,1,300
118454,1,300
118461,1,300
118472,1,300
118571,1,300
118590,1,300
118666,1,300
118679,1,300
118815,1,300
118822,1,300
118882,1,300
118917,1,300
118925,1,300
118967,1,300
118989,1,300
119018,1,300
119045,1,300
119089,1,300
119106,1,300
119130,1,300
119238,1,300
119249,1,300
119267,1,300
119343,1,300
119374,1,300
119392,1,300
119481,1,300
119512,1,300
119574,1,300
119578,1,300
119658,1,300
119658,1,300
119779,1,300
119804,1,300
119830,1,300
119853,1,300
120006,1,300
120042,1,300
120046,1,300
120048,1,300
120080,1,300
120120,1,300
120178,1,300
120214,1,300
120236,1,300
120237,1,300
120346,1,300
120351,1,300
120406,1,300
120453,1,300
120477,1,300
120574,1,300
120612,1,300
120624,1,300
120675,1,300
120684,1,300
120692,1,300
120717,1,300
120746,1,300
120783,1,300
120800,1,300
120827,1,300
120855,1,300
121006,1,300
121031,1,300
121072,1,300
121133,1,300
121266,1,300
121387,1,300
121400,1,300
121426,1,300
121432,1,300
121453,1,300
121472,1,300
121499,1,300
121541,1,300
121596,1,300
121690,1,300
121800,1,300
121804,1,300
121818,1,300
121835,1,300
121899,1,300
121927,1,300
121982,1,300
122007,1,300
122019,1,300
122024,1,300
122098,1,300
122121,1,300
122123,1,300
122258,1,300
122266,1,300
122291,1,300
122348,1,300
122358,1,300
122395,1,300
122438,1,300
122441,1,300
122570,1,300
122593,1,300
122627,1,300
122660,1,300
122729,1,300
122755,1,300
122763,1,300
122769,1,300
122818,1,300
122888,1,300
122944,1,300
123007,1,300
123078,1,300
123127,1,300
123189,1,300
123199,1,300
123298,1,300
123314,1,300
123327,1,300
123368,1,300
123422,1,300
123436,1,300
123525,1,300
123615,1,300
123656,1,300
123717,1,300
123795,1,300
123831,1,300
123842,1,300
123844,1,300
123882,1,300
123993,1,300
123997,1,300
124033,1,300
124053,1,300
124067,1,300
124149,1,300
124176,1,300
124214,1,300
124244,1,300
124277,1,300
124295,1,300
124302,1,300
124307,1,300
124319,1,300
124330,1,300
124336,1,300
124366,1,300
124397,1,300
124408,1,300
124410,1,300
124419,1,300
124425,1,300
124449,1,300
124456,1,300
124475,1,300
124530,1,300
125049,1,300
125156,1,300
125293,1,300
125349,1,300
125358,1,300
125423,1,300
125494,1,300
125502,1,300
125514,1,300
125515,1,300
125531,1,300
125647,1,300
125667,1,300
125706,1,300
125718,1,300
125889,1,300
125950,1,300
125985,1,300
126016,1,300
126072,1,300
126088,1,300
126179,1,300
126312,1,300
126433,1,300
126446,1,300
126526,1,300
126567,1,300
126584,1,300
126592,1,300
126609,1,300
126676,1,300
126681,1,300
126699,1,300
126813,1,300
126851,1,300
126918,1,300
126939,1,300
126945,1,300
127005,1,300
127041,1,300
127083,1,300
127092,1,300
127103,1,300
127256,1,300
127319,1,300
127416,1,300
127444,1,300
127573,1,300
127655,1,300
127737,1,300
127803,1,300
127805,1,300
127888,1,300
127915,1,300
127928,1,300
127956,1,300
127960,1,300
127962,1,300
128067,1,300
128089,1,300
128113,1,300
128158,1,300
128206,1,300
128225,1,300
128250,1,300
128251,1,300
128265,1,300
128428,1,300
128451,1,300
128655,1,300
128681,1,300
128724,1,300
128808,1,300
128986,1,300
129016,1,300
129023,1,300
129035,1,300
129042,1,300
129057,1,300
129177,1,300
129178,1,300
129215,1,300
129247,1,300
129305,1,300
129314,1,300
129353,1,300
129395,1,300
129407,1,300
129430,1,300
129527,1,300
129573,1,300
129578,1,300
129643,1,300
129735,1,300
129795,1,300
129806,1,300
129868,1,300
129872,1,300
129887,1,300
129947,1,300
130016,1,300
130025,1,300
130056,1,300
130060,1,300
130095,1,300
130096,1,300
130163,1,300
130182,1,300
130199,1,300
130264,1,300
130408,1,300
130481,1,300
130498,1,300
130515,1,300
130661,1,300
130734,1,300
130734,1,300
130734,1,300
130738,1,300
130778,1,300
130866,1,300
130957,1,300
130978,1,300
131055,1,300
131192,1,300
131255,1,300
131381,1,300
131562,1,300
131605,1,300
131772,1,300
131777,1,300
131927,1,300
132042,1,300
132067,1,300
132069,1,300
132079,1,300
132084,1,300
132138,1,300
132192,1,300
132194,1,300
132217,1,300
132229,1,300
132261,1,300
132380,1,300
132399,1,300
132407,1,300
132413,1,300
132494,1,300
132562,1,300
132638,1,300
132652,1,300
132884,1,300
132885,1,300
132939,1,300
132987,1,300
133029,1,300
133174,1,300
133176,1,300
133194,1,300
133286,1,300
133326,1,300
133359,1,300
133455,1,300
133639,1,300
133707,1,300
133782,1,300
133991,1,300
134003,1,300
134068,1,300
134087,1,300
134103,1,300
134158,1,300
134420,1,300
134475,1,300
134557,1,300
134685,1,300
134764,1,300
134779,1,300
134783,1,300
134887,1,300
134900,1,300
134923,1,300
135019,1,300
135383,1,300
135428,1,300
135461,1,300
135501,1,300
135651,1,300
135726,1,300
135727,1,300
135839,1,300
136022,1,300
136079,1,300
136101,1,300
136152,1,300
136165,1,300
136192,1,300
136200,1,300
136224,1,300
136259,1,300
136265,1,300
136328,1,300
136358,1,300
136441,1,300
136497,1,300
136511,1,300
136560,1,300
136592,1,300
136610,1,300
136695,1,300
136715,1,300
137059,1,300
137186,1,300
137212,1,300
137483,1,300
137686,1,300
137717,1,300
137725,1,300
137764,1,300
137786,1,300
137816,1,300
138035,1,300
138120,1,300
138222,1,300
138237,1,300
138281,1,300
138301,1,300
138320,1,300
138325,1,300
138398,1,300
138570,1,300
138741,1,300
138856,1,300
138902,1,300
139002,1,300
139017,1,300
139062,1,300
139090,1,300
139111,1,300
139133,1,300
139255,1,300
139283,1,300
139424,1,300
139613,1,300
139660,1,300
139700,1,300
139897,1,300
139910,1,300
139986,1,300
140043,1,300
140128,1,300
140191,1,300
140196,1,300
140337,1,300
140467,1,300
140479,1,300
140483,1,300
140492,1,300
140495,1,300
140652,1,300
140722,1,300
141053,1,300
141071,1,300
141267,1,300
141290,1,300
141434,1,300
141451,1,300
141482,1,300
141491,1,300
141612,1,300
141712,1,300
141728,1,300
141806,1,300
141897,1,300
142010,1,300
142041,1,300
142080,1,300
142110,1,300
142143,1,300
142207,1,300
142226,1,300
142267,1,300
142324,1,300
142364,1,300
142377,1,300
142561,1,300
142764,1,300
142785,1,300
143317,1,300
143410,1,300
143433,1,300
143507,1,300
143639,1,300
143645,1,300
144029,1,300
144039,1,300
144104,1,300
144118,1,300
144149,1,300
144448,1,300
144532,1,300
144562,1,300
144638,1,300
144730,1,300
144744,1,300
144844,1,300
145033,1,300
145054,1,300
145063,1,300
145068,1,300
145101,1,300
145149,1,300
145153,1,300
145176,1,300
145248,1,300
145254,1,300
145339,1,300
145384,1,300
146031,1,300
146032,1,300
146363,1,300
146401,1,300
146429,1,300
146519,1,300
146548,1,300
146553,1,300
146627,1,300
146726,1,300
147013,1,300
147097,1,300
147104,1,300
147432,1,300
147635,1,300
147674,1,300
147675,1,300
147707,1,300
148004,1,300
148087,1,300
148133,1,300
148160,1,300
148193,1,300
148247,1,300
148265,1,300
148330,1,300
148351,1,300
148431,1,300
148479,1,300
148744,1,300
149355,1,300
149476,1,300
149584,1,300
149598,1,300
149729,1,300
149733,1,300
150011,1,300
150058,1,300
150205,1,300
150251,1,300
150267,1,300
150461,1,300
150490,1,300
150558,1,300
151153,1,300
151292,1,300
151378,1,300
151729,1,300
151926,1,300
152003,1,300
152083,1,300
152142,1,300
152197,1,300
152491,1,300
152635,1,300
152690,1,300
152759,1,300
153013,1,300
153066,1,300
153127,1,300
153147,1,300
153179,1,300
153262,1,300
153300,1,300
153454,1,300
153518,1,300
153526,1,300
153586,1,300
153646,1,300
153719,1,300
153801,1,300
154107,1,300
154128,1,300
154401,1,300
154441,1,300
154467,1,300
154471,1,300
154540,1,300
154589,1,300
154760,1,300
154888,1,300
155071,1,300
155336,1,300
155569,1,300
155635,1,300
155883,1,300
156017,1,300
156077,1,300
156159,1,300
156354,1,300
156811,1,300
157005,1,300
157045,1,300
157134,1,300
157211,1,300
157218,1,300
157220,1,300
157466,1,300
157631,1,300
157736,1,300
158036,1,300
158216,1,300
158364,1,300
158436,1,300
158455,1,300
158521,1,300
158981,1,300
159243,1,300
159336,1,300
159480,1,300
159605,1,300
159661,1,300
159779,1,300
160037,1,300
160042,1,300
160067,1,300
160301,1,300
160325,1,300
160340,1,300
160482,1,300
160798,1,300
160814,1,300
160912,1,300
160913,1,300
161030,1,300
161083,1,300
161676,1,300
162049,1,300
162062,1,300
162069,1,300
162076,1,300
162755,1,300
162817,1,300
163052,1,300
163133,1,300
163157,1,300
163648,1,300
164063,1,300
164825,1,300
165069,1,300
165228,1,300
165235,1,300
165280,1,300
165296,1,300
165301,1,300
165348,1,300
165354,1,300
165355,1,300
165365,1,300
165396,1,300
165423,1,300
165567,1,300
165604,1,300
165634,1,300
165671,1,300
165687,1,300
165694,1,300
165776,1,300
166018,1,300
166057,1,300
166233,1,300
166306,1,300
166615,1,300
166745,1,300
167093,1,300
167132,1,300
167762,1,300
167898,1,300
167947,1,300
168137,1,300
168143,1,300
168343,1,300
168361,1,300
168372,1,300
168467,1,300
168598,1,300
168692,1,300
168747,1,300
168770,1,300
168821,1,300
168991,1,300
169245,1,300
169426,1,300
169952,1,300
170025,1,300
170073,1,300
170091,1,300
170095,1,300
170211,1,300
170231,1,300
170538,1,300
170924,1,300
171192,1,300
171354,1,300
171371,1,300
171410,1,300
171413,1,300
171539,1,300
171606,1,300
172056,1,300
172177,1,300
172240,1,300
172461,1,300
172506,1,300
172533,1,300
172534,1,300
172572,1,300
173013,1,300
173065,1,300
174584,1,300
174599,1,300
174625,1,300
175051,1,300
175382,1,300
175460,1,300
175530,1,300
175587,1,300
175642,1,300
176008,1,300
176052,1,300
176387,1,300
176614,1,300
177039,1,300
177094,1,300
177154,1,300
177327,1,300
177353,1,300
177406,1,300
177417,1,300
177456,1,300
177478,1,300
177538,1,300
177802,1,300
177832,1,300
177884,1,300
177887,1,300
177891,1,300
177929,1,300
177974,1,300
178029,1,300
178050,1,300
178080,1,300
178157,1,300
178188,1,300
178200,1,300
178530,1,300
178537,1,300
178802,1,300
178981,1,300
179004,1,300
179048,1,300
179149,1,300
179348,1,300
179646,1,300
179653,1,300
179880,1,300
180034,1,300
180046,1,300
180080,1,300
180240,1,300
180686,1,300
180733,1,300
180749,1,300
181067,1,300
181088,1,300
181097,1,300
181536,1,300
181632,1,300
182244,1,300
182621,1,300
183072,1,300
183104,1,300
183113,1,300
183153,1,300
183159,1,300
183173,1,300
183405,1,300
183432,1,300
183452,1,300
183581,1,300
183640,1,300
184287,1,300
184340,1,300
184383,1,300
184491,1,300
184585,1,300
184707,1,300
184786,1,300
184887,1,300
184928,1,300
184929,1,300
185251,1,300
185740,1,300
185793,1,300
185829,1,300
185914,1,300
185925,1,300
186329,1,300
186374,1,300
186449,1,300
186457,1,300
186750,1,300
187139,1,300
187160,1,300
187292,1,300
187332,1,300
187768,1,300
188014,1,300
188171,1,300
188236,1,300
188315,1,300
188326,1,300
188372,1,300
189079,1,300
189088,1,300
189216,1,300
189238,1,300
189256,1,300
189297,1,300
189346,1,300
189359,1,300
189511,1,300
189526,1,300
189579,1,300
189591,1,300
189686,1,300
189693,1,300
189823,1,300
189838,1,300
189882,1,300
190285,1,300
190287,1,300
190350,1,300
190517,1,300
190754,1,300
190789,1,300
190965,1,300
191238,1,300
191275,1,300
191604,1,300
191648,1,300
191894,1,300
191972,1,300
192009,1,300
192037,1,300
192076,1,300
192174,1,300
192478,1,300
192563,1,300
192643,1,300
192733,1,300
192752,1,300
192792,1,300
193258,1,300
193298,1,300
193451,1,300
193736,1,300
193776,1,300
193945,1,300
194300,1,300
194592,1,300
194649,1,300
194661,1,300
194680,1,300
194927,1,300
195023,1,300
195070,1,300
195080,1,300
195132,1,300
195132,1,300
195301,1,300
195444,1,300
195537,1,300
195802,1,300
196057,1,300
196089,1,300
196501,1,300
196503,1,300
196558,1,300
196584,1,300
196586,1,300
196653,1,300
197107,1,300
197164,1,300
197473,1,300
198393,1,300
198396,1,300
198564,1,300
198575,1,300
198683,1,300
199091,1,300
199150,1,300
199299,1,300
199420,1,300
199515,1,300
199534,1,300
199578,1,300
199789,1,300
199863,1,300
199907,1,300
200153,1,300
200302,1,300
200491,1,300
201120,1,300
201164,1,300
201166,1,300
201179,1,300
201213,1,300
201285,1,300
201290,1,300
201322,1,300
201347,1,300
201388,1,300
201501,1,300
201653,1,300
201720,1,300
201733,1,300
201804,1,300
201881,1,300
201892,1,300
201960,1,300
201965,1,300
201982,1,300
201995,1,300
202084,1,300
202104,1,300
202125,1,300
202436,1,300
202536,1,300
202622,1,300
202757,1,300
202768,1,300
202854,1,300
202925,1,300
202938,1,300
203038,1,300
203205,1,300
203235,1,300
203507,1,300
203590,1,300
203817,1,300
203824,1,300
203832,1,300
203961,1,300
204245,1,300
204654,1,300
204677,1,300
204686,1,300
204701,1,300
204862,1,300
204962,1,300
204971,1,300
205042,1,300
205068,1,300
205159,1,300
205313,1,300
205389,1,300
205605,1,300
205792,1,300
205946,1,300
206122,1,300
206196,1,300
206223,1,300
206314,1,300
206344,1,300
206415,1,300
206495,1,300
206522,1,300
206734,1,300
206871,1,300
207214,1,300
207252,1,300
207380,1,300
207391,1,300
207404,1,300
207502,1,300
207741,1,300
207945,1,300
207993,1,300
208016,1,300
208024,1,300
208040,1,300
208109,1,300
208133,1,300
208248,1,300
208356,1,300
208413,1,300
208493,1,300
208560,1,300
208616,1,300
209660,1,300
209869,1,300
210067,1,300
210106,1,300
210142,1,300
210249,1,300
210289,1,300
210340,1,300
210353,1,300
210431,1,300
211032,1,300
211177,1,300
211222,1,300
211273,1,300
211326,1,300
211688,1,300
212122,1,300
212201,1,300
212286,1,300
212294,1,300
212342,1,300
212964,1,300
213039,1,300
213051,1,300
213076,1,300
213218,1,300
213232,1,300
213243,1,300
213268,1,300
213319,1,300
213334,1,300
213420,1,300
213441,1,300
213619,1,300
213634,1,300
213727,1,300
213857,1,300
213900,1,300
213912,1,300
214012,1,300
214077,1,300
214111,1,300
214125,1,300
214190,1,300
214193,1,300
214235,1,300
214255,1,300
214275,1,300
214330,1,300
214335,1,300
214422,1,300
214511,1,300
214612,1,300
214768,1,300
214786,1,300
214991,1,300
215014,1,300
215040,1,300
215055,1,300
215142,1,300
215170,1,300
215185,1,300
215191,1,300
215192,1,300
215378,1,300
215435,1,300
215504,1,300
215527,1,300
216163,1,300
216439,1,300
216448,1,300
216653,1,300
216676,1,300
216713,1,300
216750,1,300
216777,1,300
216832,1,300
217063,1,300
217124,1,300
217149,1,300
217240,1,300
217259,1,300
217347,1,300
217946,1,300
217949,1,300
217951,1,300
218001,1,300
218044,1,300
218080,1,300
218128,1,300
218144,1,300
218249,1,300
218294,1,300
218584,1,300
218721,1,300
218828,1,300
219041,1,300
219050,1,300
219077,1,300
219157,1,300
219320,1,300
219394,1,300
219416,1,300
219639,1,300
219700,1,300
219715,1,300
220012,1,300
220025,1,300
220105,1,300
220106,1,300
220299,1,300
220401,1,300
220428,1,300
220436,1,300
220545,1,300
220568,1,300
220595,1,300
220819,1,300
221041,1,300
221042,1,300
221262,1,300
221278,1,300
221745,1,300
221793,1,300
221875,1,300
221900,1,300
221987,1,300
222044,1,300
222190,1,300
222212,1,300
222260,1,300
222275,1,300
222392,1,300
222487,1,300
222501,1,300
222614,1,300
223050,1,300
223051,1,300
223052,1,300
223277,1,300
223444,1,300
223586,1,300
223630,1,300
223713,1,300
223845,1,300
224013,1,300
224020,1,300
224449,1,300
224500,1,300
224719,1,300
224769,1,300
224771,1,300
224924,1,300
224971,1,300
225005,1,300
225020,1,300
225131,1,300
225182,1,300
225185,1,300
225192,1,300
225212,1,300
225216,1,300
225219,1,300
225232,1,300
225263,1,300
225275,1,300
225293,1,300
225294,1,300
225324,1,300
225335,1,300
225343,1,300
225475,1,300
225490,1,300
225644,1,300
225658,1,300
225756,1,300
225759,1,300
225837,1,300
225849,1,300
226040,1,300
226150,1,300
226155,1,300
226173,1,300
226175,1,300
226197,1,300
226199,1,300
226222,1,300
226244,1,300
226248,1,300
226280,1,300
226301,1,300
226409,1,300
226413,1,300
226460,1,300
226491,1,300
226560,1,300
226633,1,300
226657,1,300
226742,1,300
227011,1,300
227068,1,300
227165,1,300
227194,1,300
227257,1,300
227348,1,300
227378,1,300
227406,1,300
227444,1,300
227552,1,300
227558,1,300
227640,1,300
227651,1,300
227657,1,300
227726,1,300
227782,1,300
227894,1,300
227945,1,300
227999,1,300
228002,1,300
228071,1,300
228130,1,300
228164,1,300
228185,1,300
228199,1,300
228218,1,300
228413,1,300
228424,1,300
228656,1,300
228680,1,300
228774,1,300
228806,1,300
228836,1,300
228841,1,300
228869,1,300
228944,1,300
228956,1,300
229001,1,300
229003,1,300
229070,1,300
229073,1,300
229136,1,300
229219,1,300
229284,1,300
229302,1,300
229334,1,300
229371,1,300
229527,1,300
229597,1,300
229630,1,300
229805,1,300
229887,1,300
229916,1,300
229920,1,300
229921,1,300
230134,1,300
230241,1,300
230348,1,300
230402,1,300
230431,1,300
230458,1,300
230477,1,300
230537,1,300
230660,1,300
230706,1,300
231010,1,300
231024,1,300
231098,1,300
231135,1,300
231160,1,300
231219,1,300
231221,1,300
231251,1,300
231279,1,300
231290,1,300
231305,1,300
231310,1,300
231319,1,300
231367,1,300
231370,1,300
231495,1,300
231548,1,300
231633,1,300
231636,1,300
231690,1,300
231829,1,300
231835,1,300
231935,1,300
232042,1,300
232072,1,300
232095,1,300
232136,1,300
232151,1,300
232155,1,300
232164,1,300
232187,1,300
232237,1,300
232274,1,300
232327,1,300
232407,1,300
232425,1,300
232508,1,300
232543,1,300
232550,1,300
232656,1,300
232659,1,300
233218,1,300
233308,1,300
233388,1,300
233463,1,300
233504,1,300
233538,1,300
233582,1,300
233608,1,300
233691,1,300
233921,1,300
233970,1,300
233975,1,300
234022,1,300
234033,1,300
234066,1,300
234295,1,300
234321,1,300
234531,1,300
234605,1,300
234694,1,300
234742,1,300
234834,1,300
234911,1,300
234995,1,300
235039,1,300
235051,1,300
235263,1,300
235353,1,300
235369,1,300
235483,1,300
235488,1,300
235491,1,300
235508,1,300
235577,1,300
235614,1,300
235870,1,300
235970,1,300
236001,1,300
236015,1,300
236040,1,300
236061,1,300
236096,1,300
236121,1,300
236152,1,300
236162,1,300
236210,1,300
236219,1,300
236233,1,300
236234,1,300
236281,1,300
236324,1,300
236357,1,300
236361,1,300
236416,1,300
236518,1,300
236621,1,300
236649,1,300
236660,1,300
236796,1,300
236898,1,300
237038,1,300
237077,1,300
237084,1,300
237107,1,300
237123,1,300
237156,1,300
237177,1,300
237191,1,300
237338,1,300
237404,1,300
237505,1,300
237587,1,300
237602,1,300
237659,1,300
237691,1,300
237707,1,300
237732,1,300
237747,1,300
237770,1,300
237948,1,300
237960,1,300
238000,1,300
238008,1,300
238066,1,300
238087,1,300
238104,1,300
238105,1,300
238115,1,300
238125,1,300
238138,1,300
238151,1,300
238170,1,300
238183,1,300
238189,1,300
238221,1,300
238225,1,300
238260,1,300
238265,1,300
238284,1,300
238297,1,300
238324,1,300
238350,1,300
238367,1,300
238367,1,300
238431,1,300
238433,1,300
238434,1,300
238442,1,300
238456,1,300
238460,1,300
238528,1,300
238549,1,300
239027,1,300
239049,1,300
239147,1,300
239157,1,300
239357,1,300
239384,1,300
239397,1,300
239404,1,300
239433,1,300
239440,1,300
239513,1,300
239522,1,300
239574,1,300
239581,1,300
239645,1,300
239847,1,300
239853,1,300
239984,1,300
239986,1,300
240014,1,300
240025,1,300
240035,1,300
240081,1,300
240089,1,300
240123,1,300
240154,1,300
240214,1,300
240234,1,300
240251,1,300
240322,1,300
240356,1,300
240389,1,300
240435,1,300
240558,1,300
240623,1,300
240669,1,300
240698,1,300
240755,1,300
240838,1,300
240898,1,300
241015,1,300
241022,1,300
241067,1,300
241093,1,300
241105,1,300
241121,1,300
241192,1,300
241194,1,300
241231,1,300
241262,1,300
241445,1,300
241574,1,300
241590,1,300
241647,1,300
241651,1,300
241858,1,300
241909,1,300
242019,1,300
242021,1,300
242043,1,300
242104,1,300
242124,1,300
242186,1,300
242200,1,300
242275,1,300
242307,1,300
242468,1,300
242493,1,300
242506,1,300
242541,1,300
242589,1,300
242590,1,300
242591,1,300
242625,1,300
242630,1,300
242691,1,300
242697,1,300
243006,1,300
243061,1,300
243074,1,300
243164,1,300
243179,1,300
243191,1,300
243204,1,300
243288,1,300
243333,1,300
243394,1,300
243485,1,300
243502,1,300
243544,1,300
243565,1,300
243632,1,300
243762,1,300
243829,1,300
243955,1,300
243970,1,300
244055,1,300
244060,1,300
244068,1,300
244097,1,300
244114,1,300
244152,1,300
244152,1,300
244167,1,300
244174,1,300
244249,1,300
244375,1,300
244378,1,300
244621,1,300
244697,1,300
244755,1,300
244756,1,300
244758,1,300
244784,1,300
244803,1,300
244839,1,300
244935,1,300
245006,1,300
245019,1,300
245031,1,300
245032,1,300
245101,1,300
245153,1,300
245171,1,300
245461,1,300
245468,1,300
245533,1,300
245588,1,300
245627,1,300
245706,1,300
245728,1,300
245806,1,300
245832,1,300
245892,1,300
246012,1,300
246029,1,300
246094,1,300
246123,1,300
246165,1,300
246181,1,300
246348,1,300
246439,1,300
246453,1,300
246476,1,300
246512,1,300
246557,1,300
246593,1,300
246787,1,300
246861,1,300
246883,1,300
246932,1,300
247231,1,300
247249,1,300
247542,1,300
247720,1,300
247823,1,300
247835,1,300
247850,1,300
248010,1,300
248042,1,300
248047,1,300
248149,1,300
248195,1,300
248206,1,300
248239,1,300
248265,1,300
248321,1,300
248334,1,300
248414,1,300
248478,1,300
248632,1,300
248735,1,300
248905,1,300
249039,1,300
249062,1,300
249118,1,300
249127,1,300
249131,1,300
249132,1,300
249147,1,300
249148,1,300
249158,1,300
249197,1,300
249215,1,300
249237,1,300
249267,1,300
249278,1,300
249279,1,300
249284,1,300
249286,1,300
249287,1,300
249296,1,300
249323,1,300
249334,1,300
249359,1,300
249364,1,300
249365,1,300
249394,1,300
249437,1,300
249510,1,300
249615,1,300
249653,1,300
249658,1,300
249666,1,300
250035,1,300
250074,1,300
250096,1,300
250175,1,300
250284,1,300
250332,1,300
250343,1,300
250434,1,300
250488,1,300
250532,1,300
250578,1,300
250591,1,300
250701,1,300
250747,1,300
250795,1,300
250839,1,300
251040,1,300
251137,1,300
251146,1,300
251213,1,300
251228,1,300
251349,1,300
251360,1,300
251383,1,300
251394,1,300
251463,1,300
251465,1,300
251476,1,300
251476,1,300
251604,1,300
252039,1,300
252078,1,300
252150,1,300
252157,1,300
252323,1,300
252406,1,300
252435,1,300
252506,1,300
252514,1,300
252675,1,300
252694,1,300
252714,1,300
252778,1,300
252795,1,300
252801,1,300
252804,1,300
252819,1,300
253251,1,300
253365,1,300
253432,1,300
253453,1,300
253467,1,300
253746,1,300
253749,1,300
253807,1,300
253833,1,300
253875,1,300
253918,1,300
254010,1,300
254018,1,300
254035,1,300
254129,1,300
254132,1,300
254176,1,300
254185,1,300
254186,1,300
254197,1,300
254267,1,300
254306,1,300
254309,1,300
254561,1,300
254583,1,300
254758,1,300
254764,1,300
254926,1,300
254976,1,300
255012,1,300
255204,1,300
255232,1,300
255278,1,300
255352,1,300
255377,1,300
255410,1,300
255410,1,300
255472,1,300
255511,1,300
255520,1,300
255626,1,300
255695,1,300
255733,1,300
255763,1,300
256107,1,300
256125,1,300
256168,1,300
256198,1,300
256239,1,300
256361,1,300
256430,1,300
256553,1,300
256557,1,300
256587,1,300
256601,1,300
256878,1,300
256901,1,300
256953,1,300
257044,1,300
257099,1,300
257124,1,300
257153,1,300
257155,1,300
257229,1,300
257244,1,300
257280,1,300
257351,1,300
257369,1,300
257401,1,300
257478,1,300
257583,1,300
257623,1,300
257624,1,300
257741,1,300
257804,1,300
257980,1,300
258181,1,300
258350,1,300
258364,1,300
258382,1,300
258422,1,300
258526,1,300
258567,1,300
258569,1,300
258783,1,300
258789,1,300
258813,1,300
258834,1,300
258841,1,300
258878,1,300
259109,1,300
259116,1,300
259138,1,300
259160,1,300
259170,1,300
259279,1,300
259353,1,300
259427,1,300
259479,1,300
259586,1,300
259778,1,300
259810,1,300
259963,1,300
260016,1,300
260044,1,300
260140,1,300
260339,1,300
260421,1,300
260442,1,300
260472,1,300
260514,1,300
260534,1,300
260681,1,300
260702,1,300
260724,1,300
260894,1,300
260896,1,300
261030,1,300
261030,1,300
261040,1,300
261052,1,300
261286,1,300
261287,1,300
261411,1,300
261413,1,300
261425,1,300
261474,1,300
261522,1,300
261582,1,300
261584,1,300
261700,1,300
261744,1,300
261887,1,300
262003,1,300
262015,1,300
262052,1,300
262078,1,300
262100,1,300
262104,1,300
262110,1,300
262174,1,300
262207,1,300
262420,1,300
262421,1,300
262560,1,300
262576,1,300
263148,1,300
263203,1,300
263364,1,300
263763,1,300
263859,1,300
263871,1,300
263904,1,300
263974,1,300
263981,1,300
263988,1,300
264025,1,300
264032,1,300
264154,1,300
264181,1,300
264433,1,300
264680,1,300
264700,1,300
264779,1,300
264871,1,300
264909,1,300
264965,1,300
265112,1,300
265135,1,300
265159,1,300
265546,1,300
265781,1,300
265865,1,300
266053,1,300
266121,1,300
266200,1,300
266284,1,300
266339,1,300
266407,1,300
266511,1,300
266532,1,300
266584,1,300
266751,1,300
267001,1,300
267010,1,300
267013,1,300
267341,1,300
267358,1,300
267395,1,300
267575,1,300
267624,1,300
267701,1,300
267800,1,300
267906,1,300
268132,1,300
268188,1,300
268228,1,300
268339,1,300
268970,1,300
268974,1,300
269055,1,300
269314,1,300
269320,1,300
269422,1,300
269708,1,300
269951,1,300
270042,1,300
270277,1,300
270358,1,300
270407,1,300
270570,1,300
270780,1,300
270816,1,300
270990,1,300
271050,1,300
271061,1,300
271229,1,300
271576,1,300
271787,1,300
271808,1,300
272063,1,300
272204,1,300
272223,1,300
272291,1,300
272561,1,300
273133,1,300
273245,1,300
273309,1,300
273506,1,300
273556,1,300
274040,1,300
274583,1,300
274618,1,300
274700,1,300
274715,1,300
274734,1,300
275550,1,300
275836,1,300
275992,1,300
276096,1,300
276145,1,300
276152,1,300
276299,1,300
276368,1,300
276559,1,300
276654,1,300
277430,1,300
277532,1,300
277973,1,300
278242,1,300
279046,1,300
279133,1,300
279788,1,300
280069,1,300
280114,1,300
280691,1,300
281675,1,300
281803,1,300
282049,1,300
282092,1,300
282151,1,300
282686,1,300
283006,1,300
283038,1,300
283106,1,300
283133,1,300
283155,1,300
283199,1,300
283244,1,300
283312,1,300
283367,1,300
283372,1,300
283473,1,300
283685,1,300
283724,1,300
283727,1,300
283819,1,300
283894,1,300
284031,1,300
284094,1,300
284121,1,300
284167,1,300
284245,1,300
284514,1,300
284746,1,300
284907,1,300
285035,1,300
285185,1,300
285254,1,300
285293,1,300
285388,1,300
285431,1,300
286000,1,300
286127,1,300
286260,1,300
286462,1,300
286520,1,300
286523,1,300
287260,1,300
287450,1,300
287538,1,300
287542,1,300
287549,1,300
288012,1,300
288054,1,300
288478,1,300
288516,1,300
289216,1,300
289227,1,300
289474,1,300
289702,1,300
290344,1,300
290454,1,300
290614,1,300
290666,1,300
