61,1,50
67,1,50
76,1,50
161,1,50
423,1,50
598,1,50
606,1,50
732,1,50
893,1,50
1005,1,50
1018,1,50
1066,1,50
1109,1,50
1168,1,50
1306,1,50
1348,1,50
1426,1,50
1582,1,50
1696,1,50
1730,1,50
2026,1,50
2119,1,50
2190,1,50
2338,1,50
2647,1,50
2737,1,50
2743,1,50
2912,1,50
3014,1,50
3050,1,50
3196,1,50
3433,1,50
3663,1,50
3826,1,50
3875,1,50
4008,1,50
4029,1,50
4083,1,50
4140,1,50
4185,1,50
4219,1,50
4382,1,50
4517,1,50
4639,1,50
4697,1,50
4827,1,50
4842,1,50
5010,1,50
5024,1,50
5287,1,50
5355,1,50
5720,1,50
5815,1,50
6016,1,50
6064,1,50
6088,1,50
6092,1,50
6150,1,50
6428,1,50
6437,1,50
6541,1,50
6558,1,50
6695,1,50
7034,1,50
7066,1,50
7121,1,50
7252,1,50
7596,1,50
7663,1,50
7786,1,50
7794,1,50
8006,1,50
8058,1,50
8124,1,50
8322,1,50
8557,1,50
8658,1,50
9039,1,50
9118,1,50
9221,1,50
9294,1,50
9354,1,50
9415,1,50
9503,1,50
9538,1,50
9563,1,50
9572,1,50
9576,1,50
9576,1,50
9642,1,50
9726,1,50
9817,1,50
9896,1,50
9968,1,50
10013,1,50
10033,1,50
10047,1,50
10054,1,50
10056,1,50
10058,1,50
10163,1,50
10217,1,50
10233,1,50
10338,1,50
10348,1,50
10374,1,50
10428,1,50
10429,1,50
10500,1,50
10615,1,50
10820,1,50
11081,1,50
11083,1,50
11315,1,50
11618,1,50
11635,1,50
11682,1,50
11891,1,50
12019,1,50
12148,1,50
12268,1,50
12286,1,50
12330,1,50
12429,1,50
12442,1,50
12466,1,50
12535,1,50
12651,1,50
12675,1,50
12814,1,50
13003,1,50
13012,1,50
13172,1,50
13214,1,50
13273,1,50
13319,1,50
13365,1,50
13436,1,50
13500,1,50
13508,1,50
13595,1,50
14008,1,50
14029,1,50
14031,1,50
14047,1,50
14094,1,50
14119,1,50
14135,1,50
14153,1,50
14259,1,50
14315,1,50
14362,1,50
14443,1,50
14479,1,50
14511,1,50
14542,1,50
14584,1,50
14691,1,50
15074,1,50
15281,1,50
15449,1,50
15645,1,50
15669,1,50
15780,1,50
15934,1,50
16021,1,50
16033,1,50
16115,1,50
16125,1,50
16244,1,50
16294,1,50
16369,1,50
16794,1,50
16812,1,50
16945,1,50
16981,1,50
17012,1,50
17146,1,50
17285,1,50
18163,1,50
18390,1,50
18736,1,50
19127,1,50
19196,1,50
19203,1,50
19222,1,50
19591,1,50
19839,1,50
19950,1,50
20070,1,50
20078,1,50
20137,1,50
20148,1,50
20154,1,50
20172,1,50
20201,1,50
20281,1,50
20296,1,50
20298,1,50
20298,1,50
20303,1,50
20342,1,50
20357,1,50
20412,1,50
20512,1,50
20540,1,50
20541,1,50
20605,1,50
20669,1,50
20707,1,50
20743,1,50
20766,1,50
20775,1,50
20781,1,50
20802,1,50
21056,1,50
21141,1,50
21214,1,50
21223,1,50
21408,1,50
21461,1,50
21471,1,50
21553,1,50
21563,1,50
21624,1,50
21810,1,50
21891,1,50
21896,1,50
21953,1,50
22010,1,50
22069,1,50
22099,1,50
22154,1,50
22161,1,50
22278,1,50
22290,1,50
22304,1,50
22368,1,50
22416,1,50
22451,1,50
22474,1,50
22499,1,50
22540,1,50
23005,1,50
23013,1,50
23094,1,50
23174,1,50
23182,1,50
23238,1,50
23266,1,50
23480,1,50
23521,1,50
23539,1,50
23635,1,50
23651,1,50
23825,1,50
23847,1,50
23972,1,50
24054,1,50
24071,1,50
24149,1,50
24803,1,50
24822,1,50
25076,1,50
25102,1,50
25131,1,50
25152,1,50
25161,1,50
25212,1,50
25223,1,50
25263,1,50
25282,1,50
25335,1,50
25947,1,50
25960,1,50
26129,1,50
26166,1,50
26214,1,50
26263,1,50
26316,1,50
26361,1,50
26361,1,50
26468,1,50
26470,1,50
26554,1,50
26592,1,50
26731,1,50
27073,1,50
27175,1,50
27297,1,50
27328,1,50
27406,1,50
27417,1,50
27465,1,50
27491,1,50
27525,1,50
27530,1,50
27551,1,50
27879,1,50
27923,1,50
27983,1,50
28013,1,50
28184,1,50
28312,1,50
28354,1,50
28522,1,50
28780,1,50
28809,1,50
28821,1,50
29056,1,50
29070,1,50
29097,1,50
29105,1,50
29126,1,50
29155,1,50
29346,1,50
29365,1,50
29385,1,50
29432,1,50
29463,1,50
30322,1,50
30396,1,50
30486,1,50
30532,1,50
30567,1,50
30732,1,50
30862,1,50
30888,1,50
31011,1,50
31031,1,50
31036,1,50
31068,1,50
31082,1,50
31131,1,50
31208,1,50
31326,1,50
31422,1,50
32030,1,50
32048,1,50
32067,1,50
32076,1,50
32083,1,50
32133,1,50
32206,1,50
32232,1,50
32339,1,50
32376,1,50
32405,1,50
32411,1,50
32416,1,50
32431,1,50
32468,1,50
32500,1,50
32542,1,50
32560,1,50
32605,1,50
32612,1,50
32652,1,50
32656,1,50
32729,1,50
32777,1,50
32784,1,50
32791,1,50
32820,1,50
32861,1,50
32902,1,50
32910,1,50
32920,1,50
32964,1,50
33004,1,50
33004,1,50
33011,1,50
33023,1,50
33077,1,50
33118,1,50
33143,1,50
33147,1,50
33188,1,50
33237,1,50
33258,1,50
33331,1,50
33367,1,50
33383,1,50
33443,1,50
33523,1,50
33561,1,50
33581,1,50
33592,1,50
33626,1,50
33698,1,50
34068,1,50
34116,1,50
34228,1,50
34293,1,50
34366,1,50
34376,1,50
34653,1,50
34748,1,50
34797,1,50
34882,1,50
34918,1,50
34932,1,50
34943,1,50
35006,1,50
35033,1,50
35088,1,50
35095,1,50
35128,1,50
35136,1,50
35209,1,50
35243,1,50
35288,1,50
35295,1,50
35306,1,50
35478,1,50
35783,1,50
35825,1,50
35901,1,50
35932,1,50
35955,1,50
35960,1,50
36094,1,50
36109,1,50
36280,1,50
36336,1,50
36427,1,50
36449,1,50
36548,1,50
36588,1,50
36616,1,50
36632,1,50
36749,1,50
37003,1,50
37009,1,50
37017,1,50
37028,1,50
37162,1,50
37170,1,50
37425,1,50
37443,1,50
37482,1,50
37547,1,50
37598,1,50
37763,1,50
37778,1,50
37832,1,50
37902,1,50
37989,1,50
38065,1,50
38065,1,50
38089,1,50
38129,1,50
38156,1,50
38164,1,50
38183,1,50
38291,1,50
38383,1,50
38440,1,50
38473,1,50
38512,1,50
38522,1,50
38528,1,50
38628,1,50
38645,1,50
39077,1,50
39086,1,50
39101,1,50
39111,1,50
39147,1,50
39281,1,50
39299,1,50
39309,1,50
39341,1,50
39355,1,50
39375,1,50
39572,1,50
39671,1,50
39673,1,50
39705,1,50
39754,1,50
39890,1,50
40011,1,50
40093,1,50
40148,1,50
40286,1,50
40314,1,50
40360,1,50
40481,1,50
40604,1,50
40652,1,50
40694,1,50
40707,1,50
40828,1,50
41051,1,50
41143,1,50
41173,1,50
41238,1,50
41288,1,50
41293,1,50
41295,1,50
41310,1,50
41386,1,50
41388,1,50
41432,1,50
41502,1,50
41521,1,50
41628,1,50
41632,1,50
41801,1,50
42255,1,50
42275,1,50
42335,1,50
42406,1,50
42417,1,50
42473,1,50
42490,1,50
42605,1,50
42608,1,50
42743,1,50
42748,1,50
42782,1,50
42862,1,50
42865,1,50
43128,1,50
43196,1,50
43214,1,50
43301,1,50
43320,1,50
43643,1,50
43707,1,50
43787,1,50
43797,1,50
43828,1,50
43858,1,50
43861,1,50
43872,1,50
43881,1,50
44010,1,50
44016,1,50
44065,1,50
44092,1,50
44113,1,50
44151,1,50
44183,1,50
44197,1,50
44230,1,50
44257,1,50
44292,1,50
44326,1,50
44359,1,50
44371,1,50
44399,1,50
44406,1,50
44406,1,50
44448,1,50
44469,1,50
44504,1,50
44554,1,50
44592,1,50
44644,1,50
44649,1,50
44677,1,50
44696,1,50
44712,1,50
44718,1,50
44721,1,50
44742,1,50
44758,1,50
44804,1,50
44809,1,50
44895,1,50
44915,1,50
44933,1,50
45012,1,50
45023,1,50
45023,1,50
45052,1,50
45071,1,50
45075,1,50
45122,1,50
45234,1,50
45261,1,50
45318,1,50
45328,1,50
45345,1,50
45377,1,50
45377,1,50
45467,1,50
45500,1,50
45530,1,50
45578,1,50
45595,1,50
45637,1,50
45741,1,50
45791,1,50
45833,1,50
45905,1,50
45908,1,50
45911,1,50
45949,1,50
45997,1,50
46028,1,50
46050,1,50
46065,1,50
46107,1,50
46113,1,50
46124,1,50
46129,1,50
46141,1,50
46167,1,50
46182,1,50
46226,1,50
46230,1,50
46252,1,50
46255,1,50
46349,1,50
46420,1,50
46432,1,50
46443,1,50
46444,1,50
46507,1,50
46541,1,50
46544,1,50
46614,1,50
46622,1,50
46623,1,50
46643,1,50
46655,1,50
46682,1,50
46692,1,50
46701,1,50
46744,1,50
46756,1,50
46776,1,50
46832,1,50
46844,1,50
46853,1,50
46865,1,50
47027,1,50
47034,1,50
47119,1,50
47122,1,50
47200,1,50
47218,1,50
47291,1,50
47324,1,50
47337,1,50
47358,1,50
47373,1,50
47432,1,50
47460,1,50
47542,1,50
47543,1,50
47560,1,50
47585,1,50
47600,1,50
47612,1,50
47667,1,50
47672,1,50
47720,1,50
47727,1,50
47735,1,50
47738,1,50
47769,1,50
47867,1,50
47868,1,50
47907,1,50
48018,1,50
48026,1,50
48070,1,50
48092,1,50
48118,1,50
48120,1,50
48138,1,50
48162,1,50
48172,1,50
48223,1,50
48246,1,50
48250,1,50
48257,1,50
48265,1,50
48298,1,50
48321,1,50
48331,1,50
48336,1,50
48336,1,50
48458,1,50
48463,1,50
48489,1,50
48523,1,50
48537,1,50
48581,1,50
48669,1,50
48691,1,50
48704,1,50
48727,1,50
49002,1,50
49007,1,50
49087,1,50
49120,1,50
49128,1,50
49167,1,50
49214,1,50
49222,1,50
49242,1,50
49245,1,50
49257,1,50
49333,1,50
49335,1,50
49361,1,50
49396,1,50
49407,1,50
49476,1,50
49530,1,50
49542,1,50
49585,1,50
49597,1,50
49610,1,50
49626,1,50
49654,1,50
49694,1,50
49699,1,50
49723,1,50
49770,1,50
49788,1,50
49831,1,50
49851,1,50
49860,1,50
49968,1,50
50014,1,50
50088,1,50
50143,1,50
50157,1,50
50165,1,50
50177,1,50
50183,1,50
50201,1,50
50214,1,50
50247,1,50
50263,1,50
50268,1,50
50279,1,50
50385,1,50
50395,1,50
50396,1,50
50408,1,50
50432,1,50
50449,1,50
50456,1,50
50464,1,50
50634,1,50
50647,1,50
50649,1,50
50673,1,50
50703,1,50
50749,1,50
50801,1,50
51019,1,50
51059,1,50
51153,1,50
51190,1,50
51215,1,50
51292,1,50
51303,1,50
51307,1,50
51338,1,50
51361,1,50
51368,1,50
51389,1,50
51437,1,50
51461,1,50
51588,1,50
51590,1,50
51594,1,50
51605,1,50
51642,1,50
51677,1,50
51726,1,50
51726,1,50
51748,1,50
51786,1,50
51822,1,50
51830,1,50
51831,1,50
51891,1,50
51913,1,50
51929,1,50
51930,1,50
52023,1,50
52024,1,50
52076,1,50
52211,1,50
52246,1,50
52264,1,50
52264,1,50
52350,1,50
52403,1,50
52425,1,50
52481,1,50
52489,1,50
52543,1,50
52630,1,50
52647,1,50
52651,1,50
52733,1,50
52786,1,50
52787,1,50
52794,1,50
52826,1,50
52878,1,50
52892,1,50
52896,1,50
52917,1,50
52933,1,50
53046,1,50
53056,1,50
53074,1,50
53090,1,50
53160,1,50
53181,1,50
53203,1,50
53204,1,50
53350,1,50
53403,1,50
53442,1,50
53457,1,50
53509,1,50
53630,1,50
53721,1,50
53736,1,50
53755,1,50
53790,1,50
53905,1,50
53919,1,50
53971,1,50
53978,1,50
54010,1,50
54020,1,50
54025,1,50
54042,1,50
54077,1,50
54084,1,50
54087,1,50
54111,1,50
54146,1,50
54161,1,50
54176,1,50
54177,1,50
54256,1,50
54315,1,50
54315,1,50
54447,1,50
54494,1,50
54546,1,50
54551,1,50
54567,1,50
54599,1,50
54671,1,50
54813,1,50
54848,1,50
54922,1,50
54923,1,50
54931,1,50
54937,1,50
55015,1,50
55033,1,50
55055,1,50
55092,1,50
55099,1,50
55139,1,50
55174,1,50
55232,1,50
55312,1,50
55363,1,50
55460,1,50
55466,1,50
55538,1,50
55543,1,50
55560,1,50
55581,1,50
55603,1,50
55677,1,50
55700,1,50
55715,1,50
55746,1,50
55825,1,50
55845,1,50
55873,1,50
55885,1,50
55980,1,50
56006,1,50
56036,1,50
56039,1,50
56057,1,50
56060,1,50
56093,1,50
56104,1,50
56166,1,50
56167,1,50
56181,1,50
56184,1,50
56188,1,50
56201,1,50
56209,1,50
56226,1,50
56227,1,50
56254,1,50
56254,1,50
56271,1,50
56287,1,50
56292,1,50
56312,1,50
56358,1,50
56374,1,50
56385,1,50
56387,1,50
56391,1,50
56395,1,50
56481,1,50
56538,1,50
56542,1,50
56583,1,50
56613,1,50
56669,1,50
56689,1,50
56693,1,50
56707,1,50
56715,1,50
56722,1,50
56741,1,50
56743,1,50
56834,1,50
56857,1,50
56874,1,50
56888,1,50
56895,1,50
56926,1,50
56947,1,50
56959,1,50
56993,1,50
56995,1,50
56997,1,50
57003,1,50
57023,1,50
57038,1,50
57082,1,50
57086,1,50
57096,1,50
57108,1,50
57118,1,50
57137,1,50
57159,1,50
57159,1,50
57160,1,50
57172,1,50
57175,1,50
57187,1,50
57191,1,50
57193,1,50
57197,1,50
57208,1,50
57235,1,50
57282,1,50
57283,1,50
57339,1,50
57379,1,50
57487,1,50
57515,1,50
57520,1,50
57521,1,50
57554,1,50
57569,1,50
57592,1,50
57613,1,50
57614,1,50
57628,1,50
57672,1,50
57685,1,50
57696,1,50
57748,1,50
57751,1,50
57766,1,50
57811,1,50
57854,1,50
57871,1,50
57931,1,50
57938,1,50
57945,1,50
58020,1,50
58040,1,50
58054,1,50
58056,1,50
58059,1,50
58061,1,50
58066,1,50
58169,1,50
58171,1,50
58209,1,50
58219,1,50
58220,1,50
58226,1,50
58249,1,50
58251,1,50
58256,1,50
58279,1,50
58296,1,50
58305,1,50
58322,1,50
58330,1,50
58344,1,50
58351,1,50
58391,1,50
58395,1,50
58411,1,50
58431,1,50
58434,1,50
58435,1,50
58448,1,50
58449,1,50
58458,1,50
58470,1,50
58478,1,50
58505,1,50
58513,1,50
58532,1,50
58535,1,50
58576,1,50
58648,1,50
58651,1,50
59028,1,50
59038,1,50
59060,1,50
59123,1,50
59216,1,50
59271,1,50
59304,1,50
59325,1,50
59332,1,50
59351,1,50
59392,1,50
59457,1,50
59481,1,50
59500,1,50
59501,1,50
59505,1,50
59506,1,50
59555,1,50
59574,1,50
59577,1,50
59578,1,50
59603,1,50
59635,1,50
59682,1,50
59720,1,50
59810,1,50
59842,1,50
59884,1,50
59899,1,50
59910,1,50
59932,1,50
59969,1,50
59972,1,50
59981,1,50
59989,1,50
60001,1,50
60018,1,50
60079,1,50
60080,1,50
60080,1,50
60127,1,50
60132,1,50
60145,1,50
60154,1,50
60182,1,50
60200,1,50
60203,1,50
60254,1,50
60266,1,50
60284,1,50
60292,1,50
60307,1,50
60344,1,50
60367,1,50
60405,1,50
60410,1,50
60411,1,50
60413,1,50
60442,1,50
60452,1,50
60474,1,50
60477,1,50
60485,1,50
60494,1,50
60553,1,50
60555,1,50
60588,1,50
60597,1,50
60611,1,50
60621,1,50
60625,1,50
60632,1,50
60691,1,50
60876,1,50
60876,1,50
61003,1,50
61013,1,50
61045,1,50
61073,1,50
61077,1,50
61078,1,50
61089,1,50
61107,1,50
61158,1,50
61170,1,50
61180,1,50
61191,1,50
61191,1,50
61236,1,50
61260,1,50
61279,1,50
61287,1,50
61292,1,50
61308,1,50
61321,1,50
61342,1,50
61346,1,50
61419,1,50
61425,1,50
61429,1,50
61451,1,50
61500,1,50
61510,1,50
61520,1,50
61541,1,50
61583,1,50
61587,1,50
61615,1,50
61622,1,50
61634,1,50
61653,1,50
61689,1,50
61743,1,50
61758,1,50
62011,1,50
62019,1,50
62025,1,50
62031,1,50
62090,1,50
62106,1,50
62150,1,50
62154,1,50
62262,1,50
62329,1,50
62373,1,50
62375,1,50
62385,1,50
62409,1,50
62419,1,50
62443,1,50
62472,1,50
62490,1,50
62491,1,50
62496,1,50
62542,1,50
62543,1,50
62598,1,50
62599,1,50
62618,1,50
62623,1,50
62630,1,50
62635,1,50
62694,1,50
62699,1,50
62737,1,50
62888,1,50
62919,1,50
62953,1,50
62997,1,50
62999,1,50
63000,1,50
63008,1,50
63055,1,50
63063,1,50
63117,1,50
63167,1,50
63167,1,50
63247,1,50
63309,1,50
63324,1,50
63352,1,50
63420,1,50
63423,1,50
63450,1,50
63538,1,50
63556,1,50
63562,1,50
63669,1,50
63735,1,50
63753,1,50
63766,1,50
63786,1,50
63823,1,50
63906,1,50
63930,1,50
63932,1,50
63945,1,50
63950,1,50
63957,1,50
64007,1,50
64015,1,50
64027,1,50
64034,1,50
64059,1,50
64106,1,50
64129,1,50
64129,1,50
64133,1,50
64144,1,50
64205,1,50
64225,1,50
64225,1,50
64227,1,50
64239,1,50
64242,1,50
64258,1,50
64261,1,50
64264,1,50
64271,1,50
64284,1,50
64295,1,50
64318,1,50
64326,1,50
64347,1,50
64396,1,50
64402,1,50
64403,1,50
64447,1,50
64451,1,50
64461,1,50
64467,1,50
64561,1,50
64569,1,50
64571,1,50
64599,1,50
64603,1,50
64646,1,50
64668,1,50
64688,1,50
64708,1,50
64753,1,50
64760,1,50
64766,1,50
64820,1,50
64848,1,50
64856,1,50
64965,1,50
65014,1,50
65022,1,50
65022,1,50
65025,1,50
65037,1,50
65062,1,50
65119,1,50
65120,1,50
65136,1,50
65158,1,50
65234,1,50
65309,1,50
65350,1,50
65377,1,50
65384,1,50
65447,1,50
65449,1,50
65505,1,50
65548,1,50
65593,1,50
65604,1,50
65618,1,50
65629,1,50
65662,1,50
65713,1,50
65719,1,50
65734,1,50
65778,1,50
65852,1,50
65887,1,50
65903,1,50
65943,1,50
65955,1,50
65969,1,50
65974,1,50
66012,1,50
66037,1,50
66040,1,50
66075,1,50
66086,1,50
66093,1,50
66102,1,50
66109,1,50
66110,1,50
66117,1,50
66118,1,50
66132,1,50
66132,1,50
66219,1,50
66221,1,50
66233,1,50
66272,1,50
66272,1,50
66286,1,50
66326,1,50
66371,1,50
66372,1,50
66372,1,50
66384,1,50
66395,1,50
66456,1,50
66463,1,50
66490,1,50
66530,1,50
66597,1,50
66599,1,50
66602,1,50
66630,1,50
66669,1,50
66684,1,50
66712,1,50
66714,1,50
66717,1,50
66722,1,50
66764,1,50
66807,1,50
66850,1,50
66857,1,50
66866,1,50
66872,1,50
67014,1,50
67060,1,50
67065,1,50
67084,1,50
67113,1,50
67132,1,50
67186,1,50
67189,1,50
67204,1,50
67205,1,50
67219,1,50
67230,1,50
67245,1,50
67248,1,50
67273,1,50
67324,1,50
67395,1,50
67399,1,50
67403,1,50
67473,1,50
67491,1,50
67512,1,50
67513,1,50
67521,1,50
67530,1,50
67557,1,50
67636,1,50
67647,1,50
67748,1,50
67761,1,50
67764,1,50
67776,1,50
67831,1,50
67832,1,50
67871,1,50
67893,1,50
67935,1,50
67976,1,50
68001,1,50
68007,1,50
68016,1,50
68022,1,50
68028,1,50
68029,1,50
68038,1,50
68048,1,50
68083,1,50
68084,1,50
68088,1,50
68106,1,50
68109,1,50
68160,1,50
68168,1,50
68174,1,50
68241,1,50
68257,1,50
68287,1,50
68316,1,50
68319,1,50
68341,1,50
68359,1,50
68361,1,50
68375,1,50
68391,1,50
68394,1,50
68461,1,50
68481,1,50
68486,1,50
68516,1,50
68540,1,50
68545,1,50
68549,1,50
68554,1,50
68562,1,50
68589,1,50
68628,1,50
68656,1,50
68668,1,50
68677,1,50
68679,1,50
68681,1,50
68703,1,50
68758,1,50
68766,1,50
68772,1,50
68773,1,50
68778,1,50
68838,1,50
68845,1,50
68845,1,50
68877,1,50
68878,1,50
68879,1,50
68939,1,50
68944,1,50
68947,1,50
68980,1,50
68980,1,50
68991,1,50
68991,1,50
69002,1,50
69019,1,50
69029,1,50
69043,1,50
69066,1,50
69070,1,50
69075,1,50
69075,1,50
69079,1,50
69080,1,50
69087,1,50
69089,1,50
69090,1,50
69091,1,50
69118,1,50
69121,1,50
69144,1,50
69144,1,50
69161,1,50
69171,1,50
69190,1,50
69193,1,50
69198,1,50
69213,1,50
69213,1,50
69216,1,50
69233,1,50
69235,1,50
69273,1,50
69277,1,50
69288,1,50
69322,1,50
69369,1,50
69376,1,50
69380,1,50
69426,1,50
69453,1,50
69479,1,50
69526,1,50
69544,1,50
69547,1,50
69550,1,50
69562,1,50
69565,1,50
69570,1,50
69581,1,50
69598,1,50
69600,1,50
69634,1,50
69646,1,50
69653,1,50
69659,1,50
69661,1,50
69700,1,50
69719,1,50
69751,1,50
69786,1,50
69790,1,50
69832,1,50
69857,1,50
69873,1,50
69889,1,50
69896,1,50
69917,1,50
69926,1,50
69965,1,50
69980,1,50
69984,1,50
69986,1,50
69995,1,50
70027,1,50
70032,1,50
70038,1,50
70040,1,50
70048,1,50
70058,1,50
70060,1,50
70084,1,50
70087,1,50
70100,1,50
70125,1,50
70128,1,50
70206,1,50
70234,1,50
70235,1,50
70245,1,50
70279,1,50
70308,1,50
70313,1,50
70320,1,50
70334,1,50
70350,1,50
70361,1,50
70365,1,50
70374,1,50
70386,1,50
70450,1,50
70546,1,50
70547,1,50
70547,1,50
70547,1,50
70575,1,50
70596,1,50
70598,1,50
70624,1,50
70664,1,50
70668,1,50
70688,1,50
70716,1,50
70717,1,50
70718,1,50
70722,1,50
70725,1,50
70746,1,50
70765,1,50
70799,1,50
70806,1,50
70832,1,50
70849,1,50
70855,1,50
70856,1,50
70865,1,50
70914,1,50
70926,1,50
70938,1,50
70948,1,50
70953,1,50
70972,1,50
70987,1,50
71006,1,50
71014,1,50
71032,1,50
71042,1,50
71042,1,50
71071,1,50
71091,1,50
71101,1,50
71145,1,50
71173,1,50
71176,1,50
71189,1,50
71212,1,50
71222,1,50
71225,1,50
71283,1,50
71375,1,50
71377,1,50
71386,1,50
71402,1,50
71403,1,50
71404,1,50
71415,1,50
71430,1,50
71439,1,50
71444,1,50
71448,1,50
71458,1,50
71459,1,50
71471,1,50
71517,1,50
71517,1,50
71518,1,50
71541,1,50
71545,1,50
71551,1,50
71564,1,50
71591,1,50
71657,1,50
71662,1,50
71696,1,50
71700,1,50
71718,1,50
71791,1,50
71815,1,50
71885,1,50
71887,1,50
71926,1,50
71930,1,50
71960,1,50
71965,1,50
71978,1,50
71987,1,50
72006,1,50
72008,1,50
72018,1,50
72019,1,50
72026,1,50
72032,1,50
72036,1,50
72048,1,50
72062,1,50
72067,1,50
72080,1,50
72090,1,50
72095,1,50
72117,1,50
72139,1,50
72154,1,50
72159,1,50
72169,1,50
72186,1,50
72198,1,50
72236,1,50
72276,1,50
72278,1,50
72279,1,50
72284,1,50
72326,1,50
72330,1,50
72355,1,50
72390,1,50
72412,1,50
72421,1,50
72427,1,50
72435,1,50
72447,1,50
72481,1,50
72491,1,50
72496,1,50
72496,1,50
72553,1,50
72568,1,50
72624,1,50
72635,1,50
72651,1,50
72652,1,50
72669,1,50
72671,1,50
72677,1,50
72713,1,50
72718,1,50
72726,1,50
72741,1,50
72752,1,50
72759,1,50
72761,1,50
72787,1,50
72805,1,50
72885,1,50
72930,1,50
73005,1,50
73040,1,50
73040,1,50
73050,1,50
73056,1,50
73071,1,50
73080,1,50
73083,1,50
73086,1,50
73132,1,50
73143,1,50
73144,1,50
73153,1,50
73162,1,50
73220,1,50
73225,1,50
73234,1,50
73249,1,50
73250,1,50
73289,1,50
73338,1,50
73340,1,50
73349,1,50
73356,1,50
73378,1,50
73385,1,50
73388,1,50
73399,1,50
73412,1,50
73432,1,50
73448,1,50
73466,1,50
73471,1,50
73498,1,50
73513,1,50
73527,1,50
73542,1,50
73545,1,50
73611,1,50
73616,1,50
73634,1,50
73652,1,50
73665,1,50
73677,1,50
73685,1,50
73706,1,50
73736,1,50
73747,1,50
73774,1,50
73774,1,50
73785,1,50
73803,1,50
73807,1,50
73817,1,50
73844,1,50
73845,1,50
73870,1,50
74013,1,50
74014,1,50
74079,1,50
74080,1,50
74123,1,50
74140,1,50
74146,1,50
74163,1,50
74175,1,50
74185,1,50
74205,1,50
74207,1,50
74207,1,50
74234,1,50
74245,1,50
74252,1,50
74280,1,50
74290,1,50
74312,1,50
74352,1,50
74377,1,50
74380,1,50
74382,1,50
74387,1,50
74393,1,50
74438,1,50
74439,1,50
74439,1,50
74449,1,50
74457,1,50
74484,1,50
74485,1,50
74489,1,50
74513,1,50
74542,1,50
74567,1,50
74593,1,50
74613,1,50
74640,1,50
74646,1,50
74675,1,50
74725,1,50
74761,1,50
74761,1,50
74771,1,50
74788,1,50
74788,1,50
74796,1,50
74806,1,50
74818,1,50
74824,1,50
74861,1,50
74862,1,50
74868,1,50
74894,1,50
75003,1,50
75004,1,50
75032,1,50
75095,1,50
75099,1,50
75150,1,50
75178,1,50
75190,1,50
75192,1,50
75210,1,50
75217,1,50
75218,1,50
75256,1,50
75263,1,50
75279,1,50
75344,1,50
75358,1,50
75432,1,50
75440,1,50
75444,1,50
75446,1,50
75484,1,50
75505,1,50
75507,1,50
75542,1,50
75565,1,50
75571,1,50
75575,1,50
75579,1,50
75647,1,50
75650,1,50
75684,1,50
75685,1,50
75689,1,50
75715,1,50
75717,1,50
75729,1,50
75740,1,50
75762,1,50
75795,1,50
75810,1,50
75858,1,50
75865,1,50
75880,1,50
75904,1,50
75910,1,50
75942,1,50
75974,1,50
75983,1,50
76002,1,50
76006,1,50
76038,1,50
76047,1,50
76087,1,50
76111,1,50
76112,1,50
76114,1,50
76116,1,50
76121,1,50
76123,1,50
76147,1,50
76183,1,50
76200,1,50
76245,1,50
76285,1,50
76315,1,50
76315,1,50
76317,1,50
76317,1,50
76372,1,50
76428,1,50
76437,1,50
76458,1,50
76477,1,50
76484,1,50
76497,1,50
76532,1,50
76569,1,50
76581,1,50
76584,1,50
76584,1,50
76616,1,50
76628,1,50
76642,1,50
76647,1,50
76673,1,50
76704,1,50
76710,1,50
76715,1,50
76720,1,50
76729,1,50
76783,1,50
76812,1,50
76838,1,50
76904,1,50
76907,1,50
76939,1,50
76970,1,50
76973,1,50
76976,1,50
76992,1,50
77007,1,50
77019,1,50
77027,1,50
77032,1,50
77039,1,50
77041,1,50
77046,1,50
77087,1,50
77100,1,50
77103,1,50
77106,1,50
77118,1,50
77124,1,50
77129,1,50
77138,1,50
77148,1,50
77217,1,50
77220,1,50
77229,1,50
77259,1,50
77267,1,50
77285,1,50
77306,1,50
77330,1,50
77336,1,50
77351,1,50
77372,1,50
77386,1,50
77399,1,50
77459,1,50
77466,1,50
77479,1,50
77499,1,50
77511,1,50
77513,1,50
77535,1,50
77537,1,50
77538,1,50
77540,1,50
77564,1,50
77583,1,50
77593,1,50
77641,1,50
77641,1,50
77657,1,50
77663,1,50
77666,1,50
77676,1,50
77712,1,50
77733,1,50
77737,1,50
77742,1,50
77754,1,50
77790,1,50
77791,1,50
77812,1,50
77821,1,50
77835,1,50
77860,1,50
77865,1,50
77891,1,50
77983,1,50
77986,1,50
78014,1,50
78049,1,50
78090,1,50
78103,1,50
78123,1,50
78214,1,50
78227,1,50
78250,1,50
78299,1,50
78327,1,50
78332,1,50
78335,1,50
78337,1,50
78349,1,50
78352,1,50
78366,1,50
78379,1,50
78401,1,50
78431,1,50
78432,1,50
78493,1,50
78628,1,50
78637,1,50
78643,1,50
78664,1,50
78670,1,50
78673,1,50
78676,1,50
78678,1,50
78711,1,50
78718,1,50
78801,1,50
78835,1,50
78932,1,50
78943,1,50
78960,1,50
78964,1,50
78979,1,50
78980,1,50
78991,1,50
79012,1,50
79019,1,50
79039,1,50
79049,1,50
79054,1,50
79060,1,50
79073,1,50
79085,1,50
79086,1,50
79090,1,50
79095,1,50
79108,1,50
79108,1,50
79166,1,50
79191,1,50
79204,1,50
79205,1,50
79209,1,50
79209,1,50
79210,1,50
79211,1,50
79231,1,50
79238,1,50
79244,1,50
79256,1,50
79261,1,50
79262,1,50
79277,1,50
79279,1,50
79283,1,50
79302,1,50
79312,1,50
79324,1,50
79326,1,50
79341,1,50
79348,1,50
79372,1,50
79425,1,50
79432,1,50
79476,1,50
79488,1,50
79575,1,50
79587,1,50
79597,1,50
79612,1,50
79612,1,50
79639,1,50
79677,1,50
79693,1,50
79771,1,50
79772,1,50
79905,1,50
80004,1,50
80006,1,50
80007,1,50
80007,1,50
80024,1,50
80025,1,50
80031,1,50
80032,1,50
80038,1,50
80040,1,50
80050,1,50
80060,1,50
80073,1,50
80076,1,50
80088,1,50
80090,1,50
80097,1,50
80101,1,50
80103,1,50
80108,1,50
80113,1,50
80116,1,50
80121,1,50
80125,1,50
80128,1,50
80137,1,50
80138,1,50
80139,1,50
80157,1,50
80160,1,50
80162,1,50
80163,1,50
80169,1,50
80174,1,50
80187,1,50
80231,1,50
80232,1,50
80234,1,50
80285,1,50
80334,1,50
80347,1,50
80348,1,50
80356,1,50
80368,1,50
80370,1,50
80374,1,50
80394,1,50
80397,1,50
80400,1,50
80409,1,50
80414,1,50
80421,1,50
80433,1,50
80452,1,50
80469,1,50
80474,1,50
80489,1,50
80492,1,50
80500,1,50
80505,1,50
80507,1,50
80531,1,50
80534,1,50
80537,1,50
80557,1,50
80593,1,50
80596,1,50
80599,1,50
80630,1,50
80659,1,50
80662,1,50
80663,1,50
80698,1,50
80721,1,50
80733,1,50
80746,1,50
80754,1,50
80793,1,50
80833,1,50
80842,1,50
80846,1,50
80864,1,50
80895,1,50
80904,1,50
80912,1,50
80921,1,50
80929,1,50
80938,1,50
80940,1,50
81024,1,50
81049,1,50
81058,1,50
81081,1,50
81103,1,50
81114,1,50
81115,1,50
81125,1,50
81131,1,50
81139,1,50
81142,1,50
81151,1,50
81171,1,50
81179,1,50
81213,1,50
81222,1,50
81227,1,50
81228,1,50
81250,1,50
81255,1,50
81266,1,50
81271,1,50
81276,1,50
81312,1,50
81319,1,50
81373,1,50
81405,1,50
81434,1,50
81446,1,50
81462,1,50
81475,1,50
81492,1,50
81509,1,50
81510,1,50
81517,1,50
81560,1,50
81579,1,50
81580,1,50
81585,1,50
81608,1,50
81610,1,50
81612,1,50
81651,1,50
81704,1,50
81732,1,50
81743,1,50
81761,1,50
81788,1,50
81789,1,50
81800,1,50
81801,1,50
81825,1,50
81845,1,50
81847,1,50
81854,1,50
81861,1,50
81891,1,50
81907,1,50
81925,1,50
81927,1,50
81941,1,50
81980,1,50
81981,1,50
81995,1,50
82007,1,50
82027,1,50
82035,1,50
82056,1,50
82067,1,50
82094,1,50
82108,1,50
82112,1,50
82143,1,50
82150,1,50
82167,1,50
82179,1,50
82180,1,50
82231,1,50
82235,1,50
82238,1,50
82246,1,50
82249,1,50
82262,1,50
82271,1,50
82282,1,50
82288,1,50
82324,1,50
82335,1,50
82361,1,50
82390,1,50
82406,1,50
82413,1,50
82413,1,50
82436,1,50
82440,1,50
82448,1,50
82456,1,50
82465,1,50
82467,1,50
82497,1,50
82509,1,50
82521,1,50
82521,1,50
82523,1,50
82540,1,50
82574,1,50
82596,1,50
82605,1,50
82616,1,50
82621,1,50
82658,1,50
82664,1,50
82669,1,50
82675,1,50
82688,1,50
82720,1,50
82732,1,50
82750,1,50
82753,1,50
82761,1,50
82775,1,50
82803,1,50
82820,1,50
82825,1,50
82851,1,50
82881,1,50
82890,1,50
83000,1,50
83019,1,50
83033,1,50
83039,1,50
83097,1,50
83122,1,50
83139,1,50
83146,1,50
83155,1,50
83160,1,50
83177,1,50
83179,1,50
83183,1,50
83210,1,50
83212,1,50
83213,1,50
83263,1,50
83274,1,50
83276,1,50
83285,1,50
83320,1,50
83326,1,50
83337,1,50
83343,1,50
83354,1,50
83372,1,50
83376,1,50
83387,1,50
83406,1,50
83438,1,50
83464,1,50
83489,1,50
83498,1,50
83526,1,50
83528,1,50
83610,1,50
83642,1,50
83672,1,50
83762,1,50
83775,1,50
83783,1,50
83791,1,50
83801,1,50
83807,1,50
83809,1,50
83830,1,50
83841,1,50
83842,1,50
83860,1,50
83864,1,50
83918,1,50
83921,1,50
83939,1,50
83988,1,50
84003,1,50
84015,1,50
84020,1,50
84021,1,50
84028,1,50
84040,1,50
84043,1,50
84047,1,50
84064,1,50
84076,1,50
84078,1,50
84083,1,50
84083,1,50
84095,1,50
84113,1,50
84132,1,50
84137,1,50
84139,1,50
84146,1,50
84205,1,50
84238,1,50
84245,1,50
84336,1,50
84362,1,50
84368,1,50
84373,1,50
84373,1,50
84375,1,50
84380,1,50
84380,1,50
84385,1,50
84399,1,50
84404,1,50
84413,1,50
84415,1,50
84415,1,50
84429,1,50
84431,1,50
84435,1,50
84437,1,50
84460,1,50
84492,1,50
84496,1,50
84544,1,50
84577,1,50
84583,1,50
84603,1,50
84614,1,50
84620,1,50
84623,1,50
84623,1,50
84628,1,50
84631,1,50
84638,1,50
84653,1,50
84662,1,50
84665,1,50
84666,1,50
84682,1,50
84779,1,50
84784,1,50
84786,1,50
84791,1,50
84792,1,50
84902,1,50
84914,1,50
84917,1,50
85062,1,50
85086,1,50
85089,1,50
85147,1,50
85171,1,50
85177,1,50
85187,1,50
85195,1,50
85245,1,50
85256,1,50
85273,1,50
85318,1,50
85332,1,50
85335,1,50
85356,1,50
85378,1,50
85383,1,50
85387,1,50
85418,1,50
85423,1,50
85429,1,50
85433,1,50
85454,1,50
85478,1,50
85503,1,50
85508,1,50
85558,1,50
85563,1,50
85578,1,50
85587,1,50
85591,1,50
85602,1,50
85614,1,50
85615,1,50
85618,1,50
85624,1,50
85629,1,50
85667,1,50
85779,1,50
85807,1,50
85809,1,50
85845,1,50
85848,1,50
85859,1,50
85865,1,50
85884,1,50
85885,1,50
85900,1,50
85901,1,50
85909,1,50
85934,1,50
85935,1,50
85949,1,50
85950,1,50
85953,1,50
85957,1,50
86058,1,50
86061,1,50
86063,1,50
86072,1,50
86075,1,50
86087,1,50
86088,1,50
86105,1,50
86106,1,50
86116,1,50
86143,1,50
86181,1,50
86231,1,50
86252,1,50
86306,1,50
86331,1,50
86368,1,50
86396,1,50
86397,1,50
86404,1,50
86413,1,50
86461,1,50
86512,1,50
86515,1,50
86521,1,50
86521,1,50
86532,1,50
86533,1,50
86582,1,50
86583,1,50
86600,1,50
86615,1,50
86622,1,50
86639,1,50
86644,1,50
86648,1,50
86706,1,50
86735,1,50
86763,1,50
86766,1,50
86769,1,50
86774,1,50
86775,1,50
86793,1,50
86807,1,50
86811,1,50
86844,1,50
86865,1,50
86879,1,50
86927,1,50
86955,1,50
86967,1,50
86975,1,50
86979,1,50
86981,1,50
86984,1,50
86993,1,50
87004,1,50
87007,1,50
87013,1,50
87013,1,50
87024,1,50
87035,1,50
87039,1,50
87040,1,50
87041,1,50
87042,1,50
87064,1,50
87072,1,50
87087,1,50
87122,1,50
87127,1,50
87130,1,50
87137,1,50
87157,1,50
87160,1,50
87162,1,50
87171,1,50
87171,1,50
87183,1,50
87192,1,50
87209,1,50
87258,1,50
87258,1,50
87267,1,50
87293,1,50
87317,1,50
87317,1,50
87327,1,50
87333,1,50
87357,1,50
87364,1,50
87389,1,50
87389,1,50
87400,1,50
87403,1,50
87418,1,50
87435,1,50
87446,1,50
87487,1,50
87513,1,50
87546,1,50
87550,1,50
87582,1,50
87584,1,50
87602,1,50
87619,1,50
87620,1,50
87625,1,50
87649,1,50
87675,1,50
87675,1,50
87683,1,50
87683,1,50
87694,1,50
87698,1,50
87700,1,50
87730,1,50
87757,1,50
87774,1,50
87781,1,50
87783,1,50
87804,1,50
87827,1,50
87831,1,50
87848,1,50
87858,1,50
87859,1,50
87868,1,50
87871,1,50
88035,1,50
88041,1,50
88042,1,50
88050,1,50
88071,1,50
88091,1,50
88106,1,50
88125,1,50
88153,1,50
88184,1,50
88197,1,50
88218,1,50
88259,1,50
88279,1,50
88282,1,50
88287,1,50
88295,1,50
88311,1,50
88329,1,50
88331,1,50
88337,1,50
88346,1,50
88349,1,50
88351,1,50
88355,1,50
88362,1,50
88422,1,50
88507,1,50
88578,1,50
88591,1,50
88605,1,50
88626,1,50
88654,1,50
88658,1,50
88675,1,50
88687,1,50
88693,1,50
88699,1,50
88715,1,50
88745,1,50
88770,1,50
88776,1,50
88784,1,50
88786,1,50
88788,1,50
88797,1,50
88813,1,50
88857,1,50
88880,1,50
88891,1,50
88913,1,50
88919,1,50
88934,1,50
88966,1,50
88980,1,50
89018,1,50
89021,1,50
89037,1,50
89055,1,50
89060,1,50
89062,1,50
89062,1,50
89063,1,50
89065,1,50
89081,1,50
89119,1,50
89121,1,50
89125,1,50
89137,1,50
89139,1,50
89148,1,50
89194,1,50
89196,1,50
89207,1,50
89229,1,50
89234,1,50
89257,1,50
89263,1,50
89269,1,50
89299,1,50
89326,1,50
89329,1,50
89337,1,50
89375,1,50
89378,1,50
89393,1,50
89431,1,50
89432,1,50
89463,1,50
89475,1,50
89485,1,50
89534,1,50
89563,1,50
89565,1,50
89589,1,50
89651,1,50
89655,1,50
89678,1,50
89689,1,50
89720,1,50
89748,1,50
89764,1,50
89768,1,50
89816,1,50
89816,1,50
89833,1,50
89837,1,50
89855,1,50
89861,1,50
89874,1,50
89880,1,50
89889,1,50
89893,1,50
89909,1,50
89914,1,50
89983,1,50
90025,1,50
90036,1,50
90053,1,50
90061,1,50
90089,1,50
90113,1,50
90142,1,50
90161,1,50
90172,1,50
90214,1,50
90241,1,50
90247,1,50
90252,1,50
90279,1,50
90290,1,50
90301,1,50
90317,1,50
90385,1,50
90407,1,50
90411,1,50
90413,1,50
90418,1,50
90451,1,50
90461,1,50
90471,1,50
90496,1,50
90500,1,50
90537,1,50
90540,1,50
90554,1,50
90560,1,50
90583,1,50
90603,1,50
90615,1,50
90616,1,50
90622,1,50
90639,1,50
90657,1,50
90660,1,50
90662,1,50
90684,1,50
90689,1,50
90712,1,50
90754,1,50
90771,1,50
90771,1,50
90779,1,50
90802,1,50
90805,1,50
90881,1,50
90884,1,50
90899,1,50
91006,1,50
91015,1,50
91015,1,50
91032,1,50
91040,1,50
91045,1,50
91046,1,50
91053,1,50
91073,1,50
91083,1,50
91089,1,50
91090,1,50
91102,1,50
91102,1,50
91124,1,50
91131,1,50
91178,1,50
91188,1,50
91194,1,50
91207,1,50
91261,1,50
91292,1,50
91307,1,50
91310,1,50
91313,1,50
91323,1,50
91332,1,50
91346,1,50
91385,1,50
91403,1,50
91412,1,50
91454,1,50
91465,1,50
91508,1,50
91528,1,50
91543,1,50
91548,1,50
91573,1,50
91587,1,50
91608,1,50
91613,1,50
91614,1,50
91624,1,50
91627,1,50
91632,1,50
91643,1,50
91651,1,50
91658,1,50
91690,1,50
91718,1,50
91729,1,50
91751,1,50
91781,1,50
91791,1,50
91800,1,50
91803,1,50
91811,1,50
91811,1,50
91815,1,50
91845,1,50
91864,1,50
91882,1,50
91891,1,50
91910,1,50
91914,1,50
91965,1,50
92001,1,50
92012,1,50
92016,1,50
92016,1,50
92048,1,50
92066,1,50
92068,1,50
92076,1,50
92080,1,50
92134,1,50
92138,1,50
92152,1,50
92156,1,50
92157,1,50
92165,1,50
92177,1,50
92198,1,50
92210,1,50
92245,1,50
92258,1,50
92263,1,50
92267,1,50
92268,1,50
92269,1,50
92275,1,50
92287,1,50
92295,1,50
92300,1,50
92315,1,50
92329,1,50
92362,1,50
92367,1,50
92390,1,50
92393,1,50
92402,1,50
92413,1,50
92424,1,50
92427,1,50
92429,1,50
92433,1,50
92436,1,50
92439,1,50
92457,1,50
92512,1,50
92522,1,50
92536,1,50
92559,1,50
92569,1,50
92595,1,50
92611,1,50
92614,1,50
92627,1,50
92649,1,50
92654,1,50
92666,1,50
92681,1,50
92682,1,50
92700,1,50
92721,1,50
92723,1,50
92747,1,50
92750,1,50
92767,1,50
92835,1,50
92853,1,50
92856,1,50
92865,1,50
92880,1,50
92889,1,50
92889,1,50
92892,1,50
92899,1,50
92902,1,50
92907,1,50
92917,1,50
92923,1,50
92928,1,50
92940,1,50
92942,1,50
92951,1,50
92965,1,50
92971,1,50
93000,1,50
93003,1,50
93005,1,50
93008,1,50
93010,1,50
93011,1,50
93012,1,50
93013,1,50
93014,1,50
93033,1,50
93035,1,50
93045,1,50
93051,1,50
93052,1,50
93053,1,50
93054,1,50
93065,1,50
93065,1,50
93067,1,50
93082,1,50
93093,1,50
93132,1,50
93156,1,50
93163,1,50
93165,1,50
93165,1,50
93173,1,50
93179,1,50
93185,1,50
93202,1,50
93202,1,50
93207,1,50
93212,1,50
93238,1,50
93240,1,50
93263,1,50
93268,1,50
93292,1,50
93302,1,50
93315,1,50
93331,1,50
93334,1,50
93345,1,50
93357,1,50
93363,1,50
93378,1,50
93383,1,50
93384,1,50
93392,1,50
93401,1,50
93404,1,50
93404,1,50
93441,1,50
93444,1,50
93455,1,50
93455,1,50
93466,1,50
93506,1,50
93526,1,50
93534,1,50
93545,1,50
93574,1,50
93581,1,50
93601,1,50
93623,1,50
93624,1,50
93627,1,50
93627,1,50
93637,1,50
93667,1,50
93712,1,50
93739,1,50
93739,1,50
93754,1,50
93777,1,50
93784,1,50
94007,1,50
94033,1,50
94047,1,50
94064,1,50
94118,1,50
94122,1,50
94138,1,50
94153,1,50
94171,1,50
94185,1,50
94187,1,50
94225,1,50
94305,1,50
94308,1,50
94312,1,50
94355,1,50
94396,1,50
94397,1,50
94413,1,50
94413,1,50
94437,1,50
94438,1,50
94439,1,50
94442,1,50
94451,1,50
94494,1,50
94496,1,50
94503,1,50
94506,1,50
94522,1,50
94546,1,50
94549,1,50
94553,1,50
94557,1,50
94564,1,50
94574,1,50
94588,1,50
94589,1,50
94618,1,50
94638,1,50
94662,1,50
94675,1,50
94698,1,50
94713,1,50
94737,1,50
94753,1,50
94756,1,50
94767,1,50
94778,1,50
94786,1,50
94794,1,50
94803,1,50
94817,1,50
94822,1,50
94839,1,50
94874,1,50
94897,1,50
94913,1,50
94918,1,50
94949,1,50
94960,1,50
95015,1,50
95019,1,50
95021,1,50
95024,1,50
95024,1,50
95040,1,50
95046,1,50
95057,1,50
95059,1,50
95084,1,50
95092,1,50
95105,1,50
95120,1,50
95130,1,50
95146,1,50
95185,1,50
95194,1,50
95213,1,50
95220,1,50
95234,1,50
95236,1,50
95242,1,50
95290,1,50
95290,1,50
95334,1,50
95397,1,50
95412,1,50
95418,1,50
95423,1,50
95432,1,50
95437,1,50
95446,1,50
95457,1,50
95485,1,50
95510,1,50
95515,1,50
95522,1,50
95550,1,50
95565,1,50
95572,1,50
95574,1,50
95577,1,50
95592,1,50
95596,1,50
95603,1,50
95623,1,50
95624,1,50
95654,1,50
95659,1,50
95665,1,50
95670,1,50
95720,1,50
95725,1,50
95728,1,50
95731,1,50
95732,1,50
95734,1,50
95738,1,50
95741,1,50
95749,1,50
95764,1,50
95766,1,50
95852,1,50
95855,1,50
95907,1,50
95909,1,50
95938,1,50
95943,1,50
95951,1,50
96005,1,50
96010,1,50
96037,1,50
96048,1,50
96049,1,50
96052,1,50
96057,1,50
96085,1,50
96092,1,50
96096,1,50
96097,1,50
96111,1,50
96129,1,50
96161,1,50
96192,1,50
96195,1,50
96198,1,50
96202,1,50
96203,1,50
96234,1,50
96244,1,50
96255,1,50
96259,1,50
96283,1,50
96286,1,50
96296,1,50
96297,1,50
96321,1,50
96342,1,50
96345,1,50
96351,1,50
96355,1,50
96391,1,50
96402,1,50
96419,1,50
96429,1,50
96435,1,50
96498,1,50
96500,1,50
96510,1,50
96609,1,50
96622,1,50
96665,1,50
96667,1,50
96692,1,50
96698,1,50
96700,1,50
96707,1,50
96719,1,50
96726,1,50
96748,1,50
96817,1,50
96827,1,50
96832,1,50
96833,1,50
96839,1,50
96840,1,50
96844,1,50
96865,1,50
96875,1,50
96917,1,50
97011,1,50
97014,1,50
97028,1,50
97035,1,50
97104,1,50
97111,1,50
97121,1,50
97127,1,50
97138,1,50
97155,1,50
97205,1,50
97232,1,50
97259,1,50
97273,1,50
97279,1,50
97279,1,50
97292,1,50
97303,1,50
97309,1,50
97312,1,50
97332,1,50
97335,1,50
97346,1,50
97350,1,50
97371,1,50
97372,1,50
97378,1,50
97420,1,50
97428,1,50
97437,1,50
97442,1,50
97457,1,50
97460,1,50
97464,1,50
97471,1,50
97474,1,50
97475,1,50
97487,1,50
97498,1,50
97501,1,50
97549,1,50
97560,1,50
97562,1,50
97564,1,50
97594,1,50
97613,1,50
97614,1,50
97633,1,50
97642,1,50
97653,1,50
97712,1,50
97726,1,50
97735,1,50
97748,1,50
97751,1,50
97774,1,50
97788,1,50
97803,1,50
97840,1,50
97874,1,50
97943,1,50
98001,1,50
98046,1,50
98050,1,50
98055,1,50
98075,1,50
98081,1,50
98091,1,50
98105,1,50
98116,1,50
98136,1,50
98163,1,50
98166,1,50
98168,1,50
98178,1,50
98183,1,50
98185,1,50
98208,1,50
98210,1,50
98253,1,50
98269,1,50
98283,1,50
98294,1,50
98338,1,50
98368,1,50
98379,1,50
98392,1,50
98398,1,50
98416,1,50
98418,1,50
98454,1,50
98456,1,50
98467,1,50
98474,1,50
98481,1,50
98519,1,50
98543,1,50
98564,1,50
98578,1,50
98597,1,50
98599,1,50
98634,1,50
98646,1,50
98649,1,50
98710,1,50
98720,1,50
98744,1,50
98797,1,50
98802,1,50
98810,1,50
98815,1,50
98820,1,50
98829,1,50
98838,1,50
98858,1,50
98871,1,50
98876,1,50
98910,1,50
98919,1,50
98924,1,50
98926,1,50
98928,1,50
99007,1,50
99014,1,50
99025,1,50
99035,1,50
99096,1,50
99125,1,50
99144,1,50
99179,1,50
99179,1,50
99214,1,50
99222,1,50
99240,1,50
99295,1,50
99296,1,50
99312,1,50
99314,1,50
99331,1,50
99370,1,50
99403,1,50
99440,1,50
99457,1,50
99466,1,50
99507,1,50
99513,1,50
99522,1,50
99568,1,50
99577,1,50
99589,1,50
99597,1,50
99627,1,50
99640,1,50
99661,1,50
99666,1,50
99673,1,50
99679,1,50
99686,1,50
99696,1,50
99710,1,50
99721,1,50
99726,1,50
99743,1,50
99770,1,50
99775,1,50
99781,1,50
99785,1,50
99792,1,50
99820,1,50
99832,1,50
99857,1,50
99862,1,50
99902,1,50
99917,1,50
99940,1,50
99940,1,50
99941,1,50
99953,1,50
100009,1,50
100019,1,50
100048,1,50
100061,1,50
100078,1,50
100101,1,50
100113,1,50
100128,1,50
100129,1,50
100140,1,50
100164,1,50
100172,1,50
100205,1,50
100250,1,50
100282,1,50
100292,1,50
100295,1,50
100343,1,50
100344,1,50
100370,1,50
100477,1,50
100480,1,50
100491,1,50
100506,1,50
100514,1,50
100560,1,50
100564,1,50
100602,1,50
100642,1,50
100645,1,50
100649,1,50
100650,1,50
100659,1,50
100667,1,50
100678,1,50
100684,1,50
100699,1,50
100707,1,50
100751,1,50
100760,1,50
100801,1,50
100859,1,50
100883,1,50
100917,1,50
100959,1,50
100965,1,50
101015,1,50
101021,1,50
101023,1,50
101042,1,50
101050,1,50
101051,1,50
101059,1,50
101064,1,50
101068,1,50
101079,1,50
101093,1,50
101109,1,50
101111,1,50
101115,1,50
101124,1,50
101127,1,50
101161,1,50
101180,1,50
101201,1,50
101218,1,50
101220,1,50
101228,1,50
101245,1,50
101254,1,50
101258,1,50
101276,1,50
101291,1,50
101313,1,50
101328,1,50
101346,1,50
101357,1,50
101361,1,50
101363,1,50
101368,1,50
101397,1,50
101398,1,50
101404,1,50
101405,1,50
101417,1,50
101424,1,50
101449,1,50
101460,1,50
101477,1,50
101479,1,50
101495,1,50
101537,1,50
101544,1,50
101553,1,50
101581,1,50
101593,1,50
101600,1,50
101627,1,50
101631,1,50
101645,1,50
101664,1,50
101716,1,50
101724,1,50
101744,1,50
101781,1,50
101826,1,50
101848,1,50
101882,1,50
101893,1,50
101901,1,50
101976,1,50
102005,1,50
102029,1,50
102030,1,50
102047,1,50
102051,1,50
102060,1,50
102060,1,50
102070,1,50
102077,1,50
102084,1,50
102087,1,50
102091,1,50
102092,1,50
102096,1,50
102134,1,50
102139,1,50
102148,1,50
102168,1,50
102172,1,50
102178,1,50
102183,1,50
102185,1,50
102191,1,50
102221,1,50
102239,1,50
102252,1,50
102257,1,50
102260,1,50
102264,1,50
102272,1,50
102289,1,50
102290,1,50
102294,1,50
102357,1,50
102363,1,50
102369,1,50
102467,1,50
102646,1,50
102649,1,50
102703,1,50
102722,1,50
102741,1,50
102746,1,50
102759,1,50
102760,1,50
102778,1,50
102783,1,50
102812,1,50
102815,1,50
102824,1,50
102825,1,50
102836,1,50
102852,1,50
102906,1,50
102918,1,50
102924,1,50
102953,1,50
102978,1,50
102989,1,50
102993,1,50
103014,1,50
103058,1,50
103076,1,50
103112,1,50
103177,1,50
103178,1,50
103229,1,50
103273,1,50
103287,1,50
103300,1,50
103306,1,50
103321,1,50
103329,1,50
103348,1,50
103354,1,50
103363,1,50
103403,1,50
103421,1,50
103463,1,50
103466,1,50
103469,1,50
103487,1,50
103488,1,50
103488,1,50
103521,1,50
103548,1,50
103575,1,50
103584,1,50
103628,1,50
103659,1,50
103664,1,50
103717,1,50
103722,1,50
103728,1,50
103732,1,50
103742,1,50
103766,1,50
103773,1,50
103776,1,50
103815,1,50
103823,1,50
103844,1,50
103859,1,50
103869,1,50
103895,1,50
103911,1,50
103936,1,50
103949,1,50
103958,1,50
103985,1,50
104001,1,50
104011,1,50
104012,1,50
104013,1,50
104016,1,50
104019,1,50
104023,1,50
104029,1,50
104032,1,50
104039,1,50
104041,1,50
104070,1,50
104076,1,50
104077,1,50
104080,1,50
104094,1,50
104102,1,50
104127,1,50
104147,1,50
104150,1,50
104167,1,50
104168,1,50
104178,1,50
104202,1,50
104232,1,50
104264,1,50
104289,1,50
104358,1,50
104358,1,50
104377,1,50
104402,1,50
104403,1,50
104407,1,50
104411,1,50
104442,1,50
104449,1,50
104458,1,50
104477,1,50
104490,1,50
104521,1,50
104537,1,50
104566,1,50
104620,1,50
104621,1,50
104635,1,50
104643,1,50
104657,1,50
104660,1,50
104665,1,50
104670,1,50
104691,1,50
104700,1,50
104714,1,50
104722,1,50
104732,1,50
104735,1,50
104742,1,50
104750,1,50
104761,1,50
104786,1,50
104790,1,50
104790,1,50
104805,1,50
104813,1,50
104831,1,50
104841,1,50
104845,1,50
104874,1,50
104875,1,50
104884,1,50
104888,1,50
104913,1,50
105002,1,50
105031,1,50
105066,1,50
105074,1,50
105075,1,50
105075,1,50
105080,1,50
105085,1,50
105188,1,50
105208,1,50
105220,1,50
105253,1,50
105284,1,50
105312,1,50
105356,1,50
105389,1,50
105390,1,50
105412,1,50
105419,1,50
105431,1,50
105475,1,50
105484,1,50
105488,1,50
105528,1,50
105531,1,50
105554,1,50
105566,1,50
105573,1,50
105581,1,50
105623,1,50
105644,1,50
105645,1,50
105666,1,50
105675,1,50
105682,1,50
105690,1,50
105690,1,50
105702,1,50
105746,1,50
105786,1,50
105803,1,50
105807,1,50
105810,1,50
105815,1,50
105822,1,50
105836,1,50
105887,1,50
105902,1,50
105911,1,50
105914,1,50
105919,1,50
106013,1,50
106095,1,50
106114,1,50
106166,1,50
106172,1,50
106175,1,50
106180,1,50
106205,1,50
106213,1,50
106213,1,50
106225,1,50
106235,1,50
106236,1,50
106248,1,50
106275,1,50
106291,1,50
106304,1,50
106306,1,50
106352,1,50
106405,1,50
106424,1,50
106445,1,50
106447,1,50
106458,1,50
106461,1,50
106477,1,50
106480,1,50
106483,1,50
106501,1,50
106505,1,50
106512,1,50
106532,1,50
106535,1,50
106543,1,50
106572,1,50
106604,1,50
106610,1,50
106618,1,50
106631,1,50
106645,1,50
106679,1,50
106712,1,50
106717,1,50
106718,1,50
106729,1,50
106778,1,50
106804,1,50
106806,1,50
106812,1,50
107033,1,50
107039,1,50
107051,1,50
107053,1,50
107072,1,50
107104,1,50
107130,1,50
107226,1,50
107304,1,50
107309,1,50
107328,1,50
107330,1,50
107335,1,50
107336,1,50
107394,1,50
107409,1,50
107444,1,50
107470,1,50
107471,1,50
107504,1,50
107517,1,50
107528,1,50
107539,1,50
107541,1,50
107565,1,50
107652,1,50
107664,1,50
107682,1,50
107704,1,50
107706,1,50
107766,1,50
107835,1,50
107857,1,50
107887,1,50
107899,1,50
107919,1,50
107940,1,50
107971,1,50
107983,1,50
107986,1,50
107989,1,50
108008,1,50
108013,1,50
108015,1,50
108029,1,50
108034,1,50
108051,1,50
108096,1,50
108153,1,50
108156,1,50
108166,1,50
108170,1,50
108187,1,50
108191,1,50
108192,1,50
108223,1,50
108239,1,50
108292,1,50
108299,1,50
108302,1,50
108307,1,50
108342,1,50
108343,1,50
108347,1,50
108369,1,50
108398,1,50
108406,1,50
108443,1,50
108458,1,50
108486,1,50
108511,1,50
108592,1,50
108600,1,50
108602,1,50
108625,1,50
108632,1,50
108656,1,50
108658,1,50
108706,1,50
108706,1,50
108760,1,50
108781,1,50
108810,1,50
108810,1,50
108825,1,50
108841,1,50
108844,1,50
108847,1,50
108863,1,50
108912,1,50
109017,1,50
109037,1,50
109039,1,50
109041,1,50
109070,1,50
109075,1,50
109082,1,50
109082,1,50
109093,1,50
109098,1,50
109136,1,50
109153,1,50
109156,1,50
109195,1,50
109247,1,50
109249,1,50
109262,1,50
109270,1,50
109271,1,50
109276,1,50
109305,1,50
109312,1,50
109332,1,50
109337,1,50
109350,1,50
109350,1,50
109371,1,50
109390,1,50
109400,1,50
109412,1,50
109496,1,50
109567,1,50
109569,1,50
109577,1,50
109577,1,50
109601,1,50
109606,1,50
109618,1,50
109641,1,50
109660,1,50
109681,1,50
109688,1,50
109720,1,50
109741,1,50
109764,1,50
109764,1,50
109767,1,50
109768,1,50
110021,1,50
110064,1,50
110070,1,50
110124,1,50
110124,1,50
110125,1,50
110178,1,50
110196,1,50
110295,1,50
110299,1,50
110318,1,50
110328,1,50
110383,1,50
110423,1,50
110474,1,50
110482,1,50
110484,1,50
110536,1,50
110548,1,50
110569,1,50
110598,1,50
110643,1,50
110670,1,50
110705,1,50
110738,1,50
110742,1,50
110748,1,50
110751,1,50
110801,1,50
110802,1,50
110823,1,50
110849,1,50
110876,1,50
110878,1,50
110881,1,50
110912,1,50
110934,1,50
110940,1,50
110942,1,50
110947,1,50
110970,1,50
110974,1,50
110981,1,50
110995,1,50
111016,1,50
111017,1,50
111020,1,50
111039,1,50
111041,1,50
111052,1,50
111055,1,50
111064,1,50
111071,1,50
111138,1,50
111152,1,50
111167,1,50
111172,1,50
111175,1,50
111187,1,50
111211,1,50
111229,1,50
111237,1,50
111249,1,50
111318,1,50
111330,1,50
111333,1,50
111359,1,50
111399,1,50
111404,1,50
111411,1,50
111476,1,50
111478,1,50
111493,1,50
111572,1,50
111591,1,50
111623,1,50
111624,1,50
111646,1,50
111652,1,50
111677,1,50
111683,1,50
111685,1,50
111706,1,50
111717,1,50
111760,1,50
111786,1,50
111805,1,50
111814,1,50
111821,1,50
111826,1,50
111837,1,50
111843,1,50
111869,1,50
111872,1,50
111890,1,50
111912,1,50
111947,1,50
112021,1,50
112021,1,50
112057,1,50
112095,1,50
112115,1,50
112125,1,50
112154,1,50
112187,1,50
112220,1,50
112282,1,50
112289,1,50
112301,1,50
112333,1,50
112348,1,50
112383,1,50
112394,1,50
112419,1,50
112465,1,50
112484,1,50
112503,1,50
112544,1,50
112551,1,50
112561,1,50
112577,1,50
112583,1,50
112591,1,50
112603,1,50
112636,1,50
112688,1,50
112712,1,50
112753,1,50
112800,1,50
112814,1,50
112858,1,50
112875,1,50
112915,1,50
112918,1,50
112981,1,50
113002,1,50
113006,1,50
113011,1,50
113014,1,50
113028,1,50
113030,1,50
113057,1,50
113063,1,50
113067,1,50
113086,1,50
113116,1,50
113123,1,50
113151,1,50
113170,1,50
113192,1,50
113198,1,50
113200,1,50
113211,1,50
113212,1,50
113255,1,50
113262,1,50
113264,1,50
113273,1,50
113283,1,50
113358,1,50
113405,1,50
113468,1,50
113478,1,50
113506,1,50
113511,1,50
113593,1,50
113631,1,50
113664,1,50
113672,1,50
113679,1,50
113747,1,50
113751,1,50
113778,1,50
113809,1,50
113843,1,50
113887,1,50
113909,1,50
113913,1,50
113917,1,50
113939,1,50
113947,1,50
113974,1,50
114011,1,50
114021,1,50
114024,1,50
114035,1,50
114078,1,50
114090,1,50
114098,1,50
114143,1,50
114178,1,50
114227,1,50
114253,1,50
114265,1,50
114271,1,50
114320,1,50
114327,1,50
114335,1,50
114366,1,50
114386,1,50
114397,1,50
114402,1,50
114435,1,50
114455,1,50
114470,1,50
114519,1,50
114522,1,50
114555,1,50
114575,1,50
114578,1,50
114633,1,50
114828,1,50
114888,1,50
114902,1,50
114910,1,50
114913,1,50
114917,1,50
114949,1,50
114950,1,50
114980,1,50
115006,1,50
115015,1,50
115018,1,50
115046,1,50
115098,1,50
115187,1,50
115193,1,50
115236,1,50
115273,1,50
115294,1,50
115298,1,50
115299,1,50
115319,1,50
115330,1,50
115336,1,50
115341,1,50
115378,1,50
115400,1,50
115403,1,50
115418,1,50
115441,1,50
115450,1,50
115455,1,50
115475,1,50
115512,1,50
115564,1,50
115601,1,50
115708,1,50
115742,1,50
115786,1,50
115798,1,50
115885,1,50
115950,1,50
115953,1,50
115970,1,50
116004,1,50
116013,1,50
116024,1,50
116024,1,50
116039,1,50
116058,1,50
116076,1,50
116089,1,50
116096,1,50
116096,1,50
116118,1,50
116123,1,50
116150,1,50
116155,1,50
116170,1,50
116179,1,50
116184,1,50
116187,1,50
116194,1,50
116218,1,50
116236,1,50
116237,1,50
116244,1,50
116254,1,50
116264,1,50
116270,1,50
116293,1,50
116313,1,50
116317,1,50
116406,1,50
116412,1,50
116418,1,50
116435,1,50
116449,1,50
116454,1,50
116459,1,50
116460,1,50
116470,1,50
116645,1,50
116652,1,50
116693,1,50
116698,1,50
116730,1,50
116748,1,50
116773,1,50
116823,1,50
116827,1,50
116830,1,50
116848,1,50
116859,1,50
116863,1,50
116863,1,50
116887,1,50
116890,1,50
116936,1,50
116989,1,50
117002,1,50
117008,1,50
117030,1,50
117049,1,50
117061,1,50
117065,1,50
117109,1,50
117137,1,50
117228,1,50
117260,1,50
117284,1,50
117285,1,50
117335,1,50
117368,1,50
117410,1,50
117412,1,50
117424,1,50
117504,1,50
117523,1,50
117524,1,50
117591,1,50
117623,1,50
117629,1,50
117636,1,50
117665,1,50
117712,1,50
117758,1,50
117804,1,50
117888,1,50
117927,1,50
117989,1,50
117998,1,50
118035,1,50
118053,1,50
118080,1,50
118105,1,50
118110,1,50
118132,1,50
118141,1,50
118184,1,50
118212,1,50
118220,1,50
118240,1,50
118242,1,50
118247,1,50
118250,1,50
118266,1,50
118299,1,50
118301,1,50
118316,1,50
118324,1,50
118325,1,50
118359,1,50
118375,1,50
118519,1,50
118525,1,50
118562,1,50
118595,1,50
118631,1,50
118666,1,50
118668,1,50
118864,1,50
118886,1,50
118908,1,50
118914,1,50
118926,1,50
118945,1,50
119012,1,50
119018,1,50
119019,1,50
119032,1,50
119033,1,50
119073,1,50
119075,1,50
119099,1,50
119108,1,50
119151,1,50
119163,1,50
119190,1,50
119233,1,50
119271,1,50
119276,1,50
119298,1,50
119303,1,50
119335,1,50
119370,1,50
119371,1,50
119391,1,50
119439,1,50
119456,1,50
119505,1,50
119562,1,50
119613,1,50
119680,1,50
119685,1,50
119766,1,50
119810,1,50
119841,1,50
119859,1,50
119864,1,50
119875,1,50
119881,1,50
120025,1,50
120042,1,50
120046,1,50
120052,1,50
120061,1,50
120100,1,50
120127,1,50
120166,1,50
120198,1,50
120204,1,50
120207,1,50
120219,1,50
120250,1,50
120261,1,50
120274,1,50
120314,1,50
120320,1,50
120393,1,50
120538,1,50
120678,1,50
120696,1,50
120723,1,50
120733,1,50
120751,1,50
120771,1,50
120792,1,50
120797,1,50
120816,1,50
120823,1,50
120834,1,50
120854,1,50
120855,1,50
120880,1,50
120902,1,50
121052,1,50
121058,1,50
121148,1,50
121160,1,50
121238,1,50
121259,1,50
121271,1,50
121399,1,50
121431,1,50
121449,1,50
121466,1,50
121474,1,50
121478,1,50
121482,1,50
121483,1,50
121490,1,50
121560,1,50
121561,1,50
121564,1,50
121583,1,50
121594,1,50
121618,1,50
121626,1,50
121713,1,50
121751,1,50
121796,1,50
121843,1,50
121847,1,50
121853,1,50
121873,1,50
122049,1,50
122066,1,50
122066,1,50
122129,1,50
122149,1,50
122187,1,50
122200,1,50
122211,1,50
122228,1,50
122277,1,50
122323,1,50
122330,1,50
122371,1,50
122410,1,50
122426,1,50
122436,1,50
122474,1,50
122479,1,50
122524,1,50
122615,1,50
122646,1,50
122895,1,50
122910,1,50
122936,1,50
122946,1,50
122959,1,50
122993,1,50
122996,1,50
122998,1,50
123024,1,50
123031,1,50
123155,1,50
123166,1,50
123166,1,50
123205,1,50
123255,1,50
123262,1,50
123276,1,50
123291,1,50
123336,1,50
123338,1,50
123351,1,50
123388,1,50
123408,1,50
123447,1,50
123457,1,50
123478,1,50
123479,1,50
123517,1,50
123533,1,50
123555,1,50
123615,1,50
123630,1,50
123632,1,50
123695,1,50
123700,1,50
123720,1,50
123733,1,50
123794,1,50
123846,1,50
123856,1,50
123931,1,50
124021,1,50
124108,1,50
124121,1,50
124216,1,50
124218,1,50
124293,1,50
124296,1,50
124303,1,50
124324,1,50
124356,1,50
124379,1,50
124430,1,50
124590,1,50
124627,1,50
124651,1,50
124693,1,50
124747,1,50
124755,1,50
124801,1,50
124814,1,50
124849,1,50
124984,1,50
125016,1,50
125100,1,50
125117,1,50
125131,1,50
125133,1,50
125151,1,50
125153,1,50
125154,1,50
125192,1,50
125207,1,50
125225,1,50
125247,1,50
125248,1,50
125272,1,50
125283,1,50
125318,1,50
125396,1,50
125412,1,50
125419,1,50
125541,1,50
125561,1,50
125566,1,50
125569,1,50
125584,1,50
125604,1,50
125609,1,50
125664,1,50
125665,1,50
125665,1,50
125671,1,50
125709,1,50
125719,1,50
125724,1,50
125741,1,50
125808,1,50
126033,1,50
126035,1,50
126092,1,50
126116,1,50
126180,1,50
126192,1,50
126196,1,50
126238,1,50
126301,1,50
126314,1,50
126355,1,50
126360,1,50
126367,1,50
126395,1,50
126425,1,50
126431,1,50
126474,1,50
126509,1,50
126626,1,50
126641,1,50
126651,1,50
126747,1,50
126807,1,50
126891,1,50
126923,1,50
126970,1,50
126987,1,50
126996,1,50
127001,1,50
127004,1,50
127046,1,50
127142,1,50
127187,1,50
127229,1,50
127235,1,50
127343,1,50
127373,1,50
127386,1,50
127388,1,50
127444,1,50
127472,1,50
127483,1,50
127539,1,50
127572,1,50
127580,1,50
127594,1,50
127649,1,50
127687,1,50
127719,1,50
127733,1,50
127758,1,50
127769,1,50
127786,1,50
127898,1,50
127909,1,50
128014,1,50
128029,1,50
128041,1,50
128058,1,50
128121,1,50
128214,1,50
128223,1,50
128275,1,50
128279,1,50
128303,1,50
128340,1,50
128383,1,50
128420,1,50
128513,1,50
128548,1,50
128558,1,50
128570,1,50
128625,1,50
128631,1,50
128656,1,50
128713,1,50
128773,1,50
128819,1,50
128822,1,50
128861,1,50
128907,1,50
128908,1,50
128927,1,50
128959,1,50
128965,1,50
129003,1,50
129008,1,50
129013,1,50
129015,1,50
129023,1,50
129038,1,50
129097,1,50
129117,1,50
129170,1,50
129182,1,50
129187,1,50
129227,1,50
129264,1,50
129281,1,50
129288,1,50
129324,1,50
129353,1,50
129397,1,50
129433,1,50
129488,1,50
129725,1,50
129737,1,50
129748,1,50
129775,1,50
129777,1,50
129834,1,50
129901,1,50
129917,1,50
130016,1,50
130060,1,50
130104,1,50
130112,1,50
130190,1,50
130235,1,50
130242,1,50
130274,1,50
130284,1,50
130321,1,50
130363,1,50
130393,1,50
130423,1,50
130455,1,50
130549,1,50
130598,1,50
130642,1,50
130679,1,50
130754,1,50
130777,1,50
130822,1,50
130872,1,50
130923,1,50
130926,1,50
131153,1,50
131289,1,50
131300,1,50
131400,1,50
131409,1,50
131432,1,50
131494,1,50
131551,1,50
131641,1,50
131711,1,50
131716,1,50
131723,1,50
131755,1,50
131773,1,50
131809,1,50
131972,1,50
132034,1,50
132094,1,50
132124,1,50
132128,1,50
132187,1,50
132190,1,50
132234,1,50
132309,1,50
132374,1,50
132424,1,50
132436,1,50
132450,1,50
132535,1,50
132617,1,50
132641,1,50
132673,1,50
132735,1,50
132765,1,50
132957,1,50
133054,1,50
133081,1,50
133082,1,50
133143,1,50
133180,1,50
133226,1,50
133249,1,50
133271,1,50
133356,1,50
133422,1,50
133488,1,50
133551,1,50
133577,1,50
133594,1,50
133600,1,50
133672,1,50
133808,1,50
133851,1,50
133902,1,50
134026,1,50
134047,1,50
134053,1,50
134065,1,50
134121,1,50
134127,1,50
134133,1,50
134240,1,50
134256,1,50
134257,1,50
134285,1,50
134313,1,50
134388,1,50
134428,1,50
134489,1,50
134501,1,50
134531,1,50
134601,1,50
134617,1,50
134629,1,50
134641,1,50
134755,1,50
134839,1,50
134865,1,50
135035,1,50
135184,1,50
135234,1,50
135312,1,50
135338,1,50
135413,1,50
135423,1,50
135497,1,50
135498,1,50
135525,1,50
135646,1,50
135649,1,50
135723,1,50
135738,1,50
135820,1,50
135901,1,50
136005,1,50
136074,1,50
136112,1,50
136114,1,50
136154,1,50
136163,1,50
136218,1,50
136235,1,50
136253,1,50
136270,1,50
136285,1,50
136714,1,50
136788,1,50
136834,1,50
136877,1,50
137000,1,50
137098,1,50
137120,1,50
137161,1,50
137255,1,50
137263,1,50
137273,1,50
137370,1,50
137375,1,50
137408,1,50
137420,1,50
137454,1,50
137461,1,50
137533,1,50
137539,1,50
137645,1,50
137758,1,50
138045,1,50
138047,1,50
138049,1,50
138051,1,50
138076,1,50
138076,1,50
138152,1,50
138208,1,50
138226,1,50
138294,1,50
138297,1,50
138307,1,50
138308,1,50
138318,1,50
138327,1,50
138401,1,50
138410,1,50
138481,1,50
138489,1,50
138490,1,50
138509,1,50
138659,1,50
138707,1,50
138882,1,50
138915,1,50
139009,1,50
139035,1,50
139044,1,50
139045,1,50
139073,1,50
139158,1,50
139168,1,50
139268,1,50
139613,1,50
139629,1,50
139736,1,50
139741,1,50
139757,1,50
139845,1,50
139885,1,50
139916,1,50
139980,1,50
140004,1,50
140183,1,50
140200,1,50
140345,1,50
140538,1,50
140585,1,50
140606,1,50
140618,1,50
140645,1,50
140740,1,50
140781,1,50
140790,1,50
140794,1,50
140926,1,50
140942,1,50
140943,1,50
140991,1,50
140995,1,50
141000,1,50
141077,1,50
141084,1,50
141090,1,50
141095,1,50
141136,1,50
141151,1,50
141155,1,50
141163,1,50
141195,1,50
141224,1,50
141269,1,50
141478,1,50
141493,1,50
141515,1,50
141532,1,50
141560,1,50
141593,1,50
141645,1,50
142037,1,50
142053,1,50
142111,1,50
142151,1,50
142230,1,50
142252,1,50
142257,1,50
142331,1,50
142382,1,50
142396,1,50
142423,1,50
142465,1,50
143039,1,50
143261,1,50
143336,1,50
143535,1,50
143552,1,50
143576,1,50
143725,1,50
143764,1,50
143783,1,50
143795,1,50
143940,1,50
143983,1,50
144092,1,50
144193,1,50
144273,1,50
144302,1,50
144314,1,50
144316,1,50
144317,1,50
144323,1,50
144339,1,50
144363,1,50
144485,1,50
144515,1,50
144575,1,50
144614,1,50
144851,1,50
144993,1,50
145160,1,50
145163,1,50
145411,1,50
145447,1,50
145474,1,50
145552,1,50
145576,1,50
145652,1,50
145659,1,50
145671,1,50
145782,1,50
145818,1,50
145880,1,50
145905,1,50
146059,1,50
146101,1,50
146103,1,50
146103,1,50
146160,1,50
146238,1,50
146367,1,50
146452,1,50
146474,1,50
146494,1,50
146557,1,50
147158,1,50
147170,1,50
147183,1,50
147210,1,50
147273,1,50
147408,1,50
147590,1,50
147652,1,50
147671,1,50
147672,1,50
147715,1,50
147743,1,50
147764,1,50
147803,1,50
147803,1,50
147804,1,50
148012,1,50
148037,1,50
148109,1,50
148337,1,50
148398,1,50
148488,1,50
148741,1,50
148933,1,50
149012,1,50
149058,1,50
149078,1,50
149234,1,50
149303,1,50
149400,1,50
149435,1,50
149543,1,50
149647,1,50
149954,1,50
149967,1,50
150127,1,50
150158,1,50
150292,1,50
150419,1,50
150641,1,50
150694,1,50
150731,1,50
150778,1,50
150840,1,50
150927,1,50
151067,1,50
151087,1,50
151127,1,50
151557,1,50
151759,1,50
151874,1,50
151901,1,50
151922,1,50
152008,1,50
152047,1,50
152051,1,50
152150,1,50
152202,1,50
152257,1,50
152313,1,50
152340,1,50
152480,1,50
152507,1,50
152544,1,50
152581,1,50
152585,1,50
152602,1,50
152627,1,50
152680,1,50
152716,1,50
152731,1,50
152733,1,50
153006,1,50
153014,1,50
153017,1,50
153073,1,50
153400,1,50
153487,1,50
153639,1,50
153804,1,50
153852,1,50
153868,1,50
153953,1,50
154020,1,50
154102,1,50
154207,1,50
154389,1,50
154394,1,50
154483,1,50
154555,1,50
154585,1,50
155065,1,50
155101,1,50
155112,1,50
155163,1,50
155234,1,50
155285,1,50
155304,1,50
155374,1,50
155392,1,50
155432,1,50
155581,1,50
155609,1,50
155781,1,50
155907,1,50
156130,1,50
156136,1,50
156548,1,50
156661,1,50
156838,1,50
156886,1,50
157013,1,50
157062,1,50
157391,1,50
157473,1,50
157530,1,50
157651,1,50
157819,1,50
158098,1,50
158108,1,50
158131,1,50
158268,1,50
158276,1,50
158306,1,50
158343,1,50
158458,1,50
158575,1,50
158934,1,50
158979,1,50
159020,1,50
159042,1,50
159076,1,50
159225,1,50
159267,1,50
159324,1,50
159334,1,50
159396,1,50
159503,1,50
159557,1,50
159586,1,50
159674,1,50
159738,1,50
159840,1,50
159842,1,50
159845,1,50
159923,1,50
159936,1,50
159980,1,50
160069,1,50
160100,1,50
160165,1,50
160740,1,50
161086,1,50
161088,1,50
161112,1,50
161679,1,50
161826,1,50
161956,1,50
162015,1,50
162024,1,50
162048,1,50
162218,1,50
162369,1,50
163137,1,50
163186,1,50
163234,1,50
163269,1,50
163410,1,50
163823,1,50
164020,1,50
164184,1,50
164200,1,50
164223,1,50
164293,1,50
164323,1,50
164332,1,50
164389,1,50
164414,1,50
164479,1,50
164500,1,50
164554,1,50
164643,1,50
164653,1,50
164668,1,50
164793,1,50
164834,1,50
164864,1,50
164902,1,50
164909,1,50
165000,1,50
165029,1,50
165062,1,50
165074,1,50
165167,1,50
165272,1,50
165283,1,50
165391,1,50
165398,1,50
165424,1,50
165444,1,50
165529,1,50
165532,1,50
166126,1,50
166473,1,50
166542,1,50
166589,1,50
166749,1,50
166818,1,50
166876,1,50
166882,1,50
166926,1,50
167005,1,50
167103,1,50
167165,1,50
167210,1,50
167222,1,50
167403,1,50
167411,1,50
167421,1,50
167518,1,50
167521,1,50
167555,1,50
167660,1,50
167683,1,50
168087,1,50
168245,1,50
168955,1,50
169420,1,50
169563,1,50
169596,1,50
169598,1,50
169654,1,50
169668,1,50
169669,1,50
169840,1,50
169843,1,50
169887,1,50
169887,1,50
169908,1,50
170151,1,50
170197,1,50
170438,1,50
170564,1,50
170586,1,50
170630,1,50
170636,1,50
171163,1,50
171165,1,50
171294,1,50
171327,1,50
171345,1,50
171352,1,50
171386,1,50
171423,1,50
171479,1,50
171487,1,50
171588,1,50
172153,1,50
172376,1,50
172421,1,50
172886,1,50
172914,1,50
172988,1,50
173408,1,50
173418,1,50
173559,1,50
173677,1,50
173697,1,50
174089,1,50
174138,1,50
174340,1,50
174353,1,50
174383,1,50
174491,1,50
174711,1,50
175293,1,50
175405,1,50
175660,1,50
175934,1,50
176029,1,50
176064,1,50
176095,1,50
176116,1,50
176142,1,50
176146,1,50
176186,1,50
176187,1,50
176255,1,50
176270,1,50
176307,1,50
176321,1,50
176342,1,50
176363,1,50
176393,1,50
176404,1,50
176434,1,50
176450,1,50
176500,1,50
176511,1,50
176526,1,50
176551,1,50
176644,1,50
176665,1,50
176674,1,50
177004,1,50
177018,1,50
177095,1,50
177166,1,50
177184,1,50
177308,1,50
177358,1,50
177367,1,50
177396,1,50
177423,1,50
177648,1,50
177671,1,50
177692,1,50
178032,1,50
178059,1,50
178150,1,50
178321,1,50
178387,1,50
178400,1,50
178683,1,50
178985,1,50
179013,1,50
179030,1,50
179082,1,50
179165,1,50
179311,1,50
179433,1,50
179494,1,50
179536,1,50
179617,1,50
179669,1,50
179788,1,50
180068,1,50
180124,1,50
180279,1,50
180464,1,50
180544,1,50
181134,1,50
181510,1,50
181608,1,50
181666,1,50
181668,1,50
181850,1,50
181854,1,50
181862,1,50
182150,1,50
182210,1,50
182269,1,50
182301,1,50
182401,1,50
182485,1,50
182507,1,50
182540,1,50
182687,1,50
182794,1,50
183007,1,50
183120,1,50
183334,1,50
183384,1,50
183406,1,50
183452,1,50
183654,1,50
183702,1,50
183744,1,50
183776,1,50
183854,1,50
183900,1,50
184000,1,50
184120,1,50
184355,1,50
184509,1,50
184557,1,50
184747,1,50
184812,1,50
184949,1,50
184959,1,50
184990,1,50
185010,1,50
185032,1,50
185081,1,50
185152,1,50
185154,1,50
185305,1,50
185385,1,50
186057,1,50
186098,1,50
186283,1,50
186354,1,50
186361,1,50
186370,1,50
186370,1,50
186382,1,50
186395,1,50
186757,1,50
187206,1,50
187480,1,50
187628,1,50
188004,1,50
188060,1,50
188132,1,50
188169,1,50
188173,1,50
188231,1,50
188284,1,50
188317,1,50
188453,1,50
188493,1,50
188501,1,50
188545,1,50
188589,1,50
188592,1,50
188623,1,50
188625,1,50
188653,1,50
188660,1,50
188698,1,50
188739,1,50
188795,1,50
188795,1,50
188798,1,50
188805,1,50
188824,1,50
189088,1,50
189473,1,50
189554,1,50
189576,1,50
189629,1,50
190079,1,50
190084,1,50
190140,1,50
190156,1,50
190203,1,50
190227,1,50
190340,1,50
190375,1,50
190533,1,50
190546,1,50
190615,1,50
190992,1,50
191079,1,50
191086,1,50
191091,1,50
191096,1,50
191116,1,50
191148,1,50
191230,1,50
191267,1,50
191273,1,50
191330,1,50
191376,1,50
191486,1,50
191516,1,50
192153,1,50
192153,1,50
192218,1,50
192507,1,50
192560,1,50
192747,1,50
193012,1,50
193070,1,50
193302,1,50
193339,1,50
193433,1,50
193537,1,50
193943,1,50
194116,1,50
194189,1,50
194306,1,50
194341,1,50
194349,1,50
194367,1,50
194372,1,50
194386,1,50
194493,1,50
194551,1,50
194557,1,50
194571,1,50
194893,1,50
194895,1,50
195019,1,50
195187,1,50
195238,1,50
195394,1,50
195439,1,50
195473,1,50
195600,1,50
195615,1,50
195664,1,50
196073,1,50
196118,1,50
196118,1,50
196169,1,50
196177,1,50
196386,1,50
196527,1,50
196744,1,50
196965,1,50
196975,1,50
197077,1,50
197137,1,50
197376,1,50
197425,1,50
197666,1,50
197865,1,50
198013,1,50
198069,1,50
198127,1,50
198170,1,50
198224,1,50
198228,1,50
198432,1,50
198705,1,50
199110,1,50
199166,1,50
199201,1,50
199398,1,50
199408,1,50
199493,1,50
199600,1,50
200019,1,50
200111,1,50
200117,1,50
200178,1,50
200208,1,50
200242,1,50
200269,1,50
200272,1,50
200276,1,50
200347,1,50
200386,1,50
200405,1,50
200409,1,50
200411,1,50
200421,1,50
200422,1,50
200434,1,50
200448,1,50
200481,1,50
200515,1,50
200592,1,50
200676,1,50
200677,1,50
200731,1,50
200731,1,50
200747,1,50
200750,1,50
200754,1,50
200773,1,50
200789,1,50
200789,1,50
201103,1,50
201105,1,50
201149,1,50
201178,1,50
201278,1,50
201465,1,50
201574,1,50
201590,1,50
201765,1,50
201829,1,50
201879,1,50
202010,1,50
202035,1,50
202114,1,50
202139,1,50
202191,1,50
202442,1,50
202451,1,50
202590,1,50
202774,1,50
202909,1,50
202927,1,50
202992,1,50
203046,1,50
203137,1,50
203156,1,50
203202,1,50
203218,1,50
203228,1,50
203328,1,50
203376,1,50
203382,1,50
203559,1,50
203712,1,50
203734,1,50
203769,1,50
204046,1,50
204049,1,50
204136,1,50
204163,1,50
204342,1,50
204436,1,50
204522,1,50
204874,1,50
204889,1,50
205065,1,50
205065,1,50
205133,1,50
205150,1,50
205167,1,50
205175,1,50
205185,1,50
205243,1,50
205281,1,50
205373,1,50
205482,1,50
205581,1,50
205669,1,50
206056,1,50
206093,1,50
206206,1,50
206388,1,50
206512,1,50
206581,1,50
206628,1,50
206679,1,50
206767,1,50
206860,1,50
206861,1,50
206891,1,50
206979,1,50
207018,1,50
207031,1,50
207106,1,50
207171,1,50
207180,1,50
207183,1,50
207215,1,50
207330,1,50
207340,1,50
207421,1,50
207686,1,50
207759,1,50
207928,1,50
207967,1,50
208083,1,50
208087,1,50
208123,1,50
208589,1,50
208890,1,50
209033,1,50
209325,1,50
209385,1,50
209713,1,50
209732,1,50
209828,1,50
209940,1,50
209964,1,50
210025,1,50
210050,1,50
210242,1,50
210283,1,50
210441,1,50
210467,1,50
210564,1,50
210584,1,50
210705,1,50
210713,1,50
211141,1,50
211220,1,50
211258,1,50
211283,1,50
211321,1,50
211484,1,50
211821,1,50
211914,1,50
212003,1,50
212065,1,50
212096,1,50
212110,1,50
212123,1,50
212125,1,50
212137,1,50
212213,1,50
212246,1,50
212332,1,50
212461,1,50
212505,1,50
212508,1,50
212539,1,50
212553,1,50
212561,1,50
212565,1,50
212570,1,50
212636,1,50
212644,1,50
212678,1,50
212705,1,50
212726,1,50
212745,1,50
212819,1,50
212831,1,50
212841,1,50
212860,1,50
212942,1,50
212951,1,50
212975,1,50
213003,1,50
213092,1,50
213109,1,50
213167,1,50
213168,1,50
213306,1,50
213335,1,50
213420,1,50
213450,1,50
213599,1,50
213737,1,50
213869,1,50
214043,1,50
214089,1,50
214127,1,50
214196,1,50
214291,1,50
214328,1,50
214340,1,50
214409,1,50
214489,1,50
214512,1,50
214523,1,50
214542,1,50
214621,1,50
214666,1,50
214707,1,50
214810,1,50
214923,1,50
215048,1,50
215072,1,50
215088,1,50
215230,1,50
215234,1,50
215313,1,50
215322,1,50
215593,1,50
215642,1,50
215772,1,50
215890,1,50
215990,1,50
216025,1,50
216098,1,50
216130,1,50
216204,1,50
216230,1,50
216288,1,50
216407,1,50
216423,1,50
216447,1,50
216615,1,50
216636,1,50
216644,1,50
216675,1,50
216758,1,50
216791,1,50
216793,1,50
216796,1,50
217166,1,50
217191,1,50
217225,1,50
217250,1,50
217295,1,50
217407,1,50
217409,1,50
217449,1,50
217476,1,50
217487,1,50
217625,1,50
217675,1,50
218002,1,50
218103,1,50
218381,1,50
218539,1,50
218559,1,50
218619,1,50
218628,1,50
218645,1,50
218728,1,50
218734,1,50
218735,1,50
218982,1,50
218989,1,50
219004,1,50
219215,1,50
219229,1,50
219277,1,50
219312,1,50
219321,1,50
219548,1,50
219828,1,50
219849,1,50
219854,1,50
219919,1,50
219956,1,50
219958,1,50
220005,1,50
220015,1,50
220040,1,50
220088,1,50
220114,1,50
220171,1,50
220192,1,50
220308,1,50
220396,1,50
220421,1,50
220423,1,50
220546,1,50
220639,1,50
220659,1,50
220709,1,50
220722,1,50
221021,1,50
221042,1,50
221133,1,50
221186,1,50
221240,1,50
221251,1,50
221337,1,50
221351,1,50
221360,1,50
221363,1,50
221367,1,50
221376,1,50
222089,1,50
222150,1,50
222157,1,50
222286,1,50
222332,1,50
222407,1,50
222457,1,50
222511,1,50
222578,1,50
222674,1,50
222711,1,50
222803,1,50
222901,1,50
223047,1,50
223090,1,50
223111,1,50
223198,1,50
223253,1,50
223260,1,50
223304,1,50
223326,1,50
223519,1,50
223627,1,50
223642,1,50
223711,1,50
223728,1,50
223863,1,50
224025,1,50
224027,1,50
224064,1,50
224070,1,50
224078,1,50
224082,1,50
224116,1,50
224197,1,50
224264,1,50
224276,1,50
224291,1,50
224312,1,50
224346,1,50
224362,1,50
224408,1,50
224414,1,50
224438,1,50
224504,1,50
224518,1,50
224672,1,50
224676,1,50
224726,1,50
224761,1,50
224762,1,50
224832,1,50
224872,1,50
224898,1,50
224905,1,50
224945,1,50
224946,1,50
224960,1,50
224969,1,50
225010,1,50
225042,1,50
225117,1,50
225121,1,50
225214,1,50
225231,1,50
225339,1,50
225358,1,50
225377,1,50
225405,1,50
225437,1,50
225484,1,50
225593,1,50
225607,1,50
225614,1,50
225620,1,50
225653,1,50
225664,1,50
225704,1,50
225784,1,50
225799,1,50
225804,1,50
225869,1,50
226000,1,50
226048,1,50
226081,1,50
226154,1,50
226159,1,50
226159,1,50
226186,1,50
226242,1,50
226244,1,50
226293,1,50
226314,1,50
226373,1,50
226402,1,50
226458,1,50
226484,1,50
226510,1,50
226523,1,50
226529,1,50
226538,1,50
226548,1,50
226586,1,50
226648,1,50
226688,1,50
226742,1,50
226792,1,50
226965,1,50
226973,1,50
226990,1,50
227018,1,50
227031,1,50
227048,1,50
227056,1,50
227062,1,50
227114,1,50
227152,1,50
227197,1,50
227200,1,50
227209,1,50
227268,1,50
227271,1,50
227271,1,50
227274,1,50
227288,1,50
227305,1,50
227337,1,50
227348,1,50
227393,1,50
227438,1,50
227438,1,50
227497,1,50
227573,1,50
227575,1,50
227599,1,50
227704,1,50
227718,1,50
227729,1,50
227757,1,50
227818,1,50
228017,1,50
228025,1,50
228058,1,50
228098,1,50
228115,1,50
228146,1,50
228156,1,50
228174,1,50
228183,1,50
228229,1,50
228261,1,50
228262,1,50
228271,1,50
228319,1,50
228360,1,50
228446,1,50
228447,1,50
228522,1,50
228628,1,50
228751,1,50
228811,1,50
228848,1,50
229018,1,50
229047,1,50
229089,1,50
229133,1,50
229195,1,50
229236,1,50
229240,1,50
229242,1,50
229283,1,50
229287,1,50
229288,1,50
229289,1,50
229349,1,50
229469,1,50
229581,1,50
229675,1,50
229697,1,50
229711,1,50
229740,1,50
229816,1,50
229856,1,50
229879,1,50
230002,1,50
230033,1,50
230038,1,50
230078,1,50
230084,1,50
230183,1,50
230222,1,50
230245,1,50
230276,1,50
230327,1,50
230349,1,50
230398,1,50
230400,1,50
230427,1,50
230437,1,50
230492,1,50
230510,1,50
230616,1,50
230722,1,50
230739,1,50
230881,1,50
230881,1,50
230950,1,50
230962,1,50
231018,1,50
231030,1,50
231041,1,50
231047,1,50
231048,1,50
231070,1,50
231107,1,50
231133,1,50
231157,1,50
231162,1,50
231182,1,50
231208,1,50
231260,1,50
231299,1,50
231315,1,50
231335,1,50
231508,1,50
231517,1,50
231577,1,50
231586,1,50
231592,1,50
231600,1,50
231616,1,50
231660,1,50
231669,1,50
232078,1,50
232145,1,50
232166,1,50
232204,1,50
232249,1,50
232409,1,50
232460,1,50
232465,1,50
232488,1,50
232511,1,50
232571,1,50
232582,1,50
232605,1,50
232629,1,50
232722,1,50
232725,1,50
232844,1,50
232857,1,50
232876,1,50
232898,1,50
233140,1,50
233172,1,50
233232,1,50
233278,1,50
233295,1,50
233348,1,50
233383,1,50
233441,1,50
233485,1,50
233526,1,50
233706,1,50
233750,1,50
233911,1,50
233974,1,50
233978,1,50
234019,1,50
234031,1,50
234045,1,50
234108,1,50
234135,1,50
234179,1,50
234191,1,50
234208,1,50
234217,1,50
234230,1,50
234262,1,50
234302,1,50
234334,1,50
234335,1,50
234374,1,50
234418,1,50
234551,1,50
234614,1,50
234637,1,50
234643,1,50
234670,1,50
234734,1,50
234771,1,50
234811,1,50
234895,1,50
234919,1,50
234936,1,50
234999,1,50
235147,1,50
235155,1,50
235321,1,50
235428,1,50
235461,1,50
235663,1,50
235775,1,50
235798,1,50
235803,1,50
235811,1,50
235861,1,50
235896,1,50
235940,1,50
236002,1,50
236012,1,50
236030,1,50
236039,1,50
236069,1,50
236078,1,50
236080,1,50
236091,1,50
236157,1,50
236171,1,50
236207,1,50
236211,1,50
236239,1,50
236242,1,50
236259,1,50
236264,1,50
236274,1,50
236286,1,50
236311,1,50
236321,1,50
236332,1,50
236349,1,50
236352,1,50
236359,1,50
236383,1,50
236406,1,50
236458,1,50
236471,1,50
236477,1,50
236520,1,50
236549,1,50
236586,1,50
236597,1,50
236607,1,50
236615,1,50
236635,1,50
236676,1,50
236678,1,50
236822,1,50
236879,1,50
236902,1,50
236911,1,50
236931,1,50
236942,1,50
236989,1,50
237030,1,50
237061,1,50
237103,1,50
237108,1,50
237151,1,50
237167,1,50
237183,1,50
237208,1,50
237219,1,50
237219,1,50
237268,1,50
237297,1,50
237318,1,50
237343,1,50
237362,1,50
237369,1,50
237382,1,50
237393,1,50
237565,1,50
237596,1,50
237630,1,50
237657,1,50
237670,1,50
237712,1,50
237714,1,50
237754,1,50
237766,1,50
237809,1,50
237896,1,50
237971,1,50
237981,1,50
238181,1,50
238216,1,50
238236,1,50
238262,1,50
238326,1,50
238364,1,50
238445,1,50
238446,1,50
238469,1,50
238508,1,50
238538,1,50
238545,1,50
238554,1,50
238631,1,50
238649,1,50
238673,1,50
238761,1,50
238764,1,50
238783,1,50
238806,1,50
238809,1,50
238850,1,50
238851,1,50
238861,1,50
238876,1,50
238929,1,50
238971,1,50
239035,1,50
239043,1,50
239049,1,50
239089,1,50
239192,1,50
239229,1,50
239261,1,50
239273,1,50
239433,1,50
239475,1,50
239488,1,50
239519,1,50
239622,1,50
239631,1,50
239643,1,50
239654,1,50
239708,1,50
239715,1,50
239726,1,50
239739,1,50
239813,1,50
239817,1,50
239850,1,50
239914,1,50
239917,1,50
239924,1,50
239949,1,50
239973,1,50
239998,1,50
240004,1,50
240009,1,50
240081,1,50
240210,1,50
240401,1,50
240414,1,50
240465,1,50
240466,1,50
240489,1,50
240534,1,50
240542,1,50
240574,1,50
240590,1,50
240659,1,50
240697,1,50
240765,1,50
240833,1,50
240842,1,50
240844,1,50
240950,1,50
240966,1,50
240985,1,50
241059,1,50
241068,1,50
241101,1,50
241168,1,50
241192,1,50
241220,1,50
241228,1,50
241232,1,50
241346,1,50
241462,1,50
241473,1,50
241482,1,50
241491,1,50
241520,1,50
241570,1,50
241579,1,50
241585,1,50
241620,1,50
241626,1,50
241663,1,50
241672,1,50
241697,1,50
241739,1,50
241741,1,50
241769,1,50
241852,1,50
242000,1,50
242048,1,50
242071,1,50
242077,1,50
242135,1,50
242153,1,50
242165,1,50
242194,1,50
242242,1,50
242249,1,50
242274,1,50
242321,1,50
242334,1,50
242367,1,50
242371,1,50
242399,1,50
242456,1,50
242513,1,50
242520,1,50
242594,1,50
242618,1,50
242634,1,50
242658,1,50
242662,1,50
242677,1,50
242682,1,50
242763,1,50
243003,1,50
243011,1,50
243106,1,50
243129,1,50
243176,1,50
243188,1,50
243225,1,50
243275,1,50
243447,1,50
243483,1,50
243524,1,50
243531,1,50
243573,1,50
243649,1,50
243735,1,50
243755,1,50
243761,1,50
243796,1,50
243801,1,50
243855,1,50
243903,1,50
243943,1,50
243969,1,50
243987,1,50
243995,1,50
244001,1,50
244008,1,50
244016,1,50
244017,1,50
244138,1,50
244154,1,50
244157,1,50
244235,1,50
244282,1,50
244360,1,50
244371,1,50
244380,1,50
244385,1,50
244415,1,50
244485,1,50
244491,1,50
244500,1,50
244542,1,50
244622,1,50
244662,1,50
244695,1,50
244726,1,50
244733,1,50
244774,1,50
244838,1,50
245123,1,50
245159,1,50
245199,1,50
245229,1,50
245235,1,50
245301,1,50
245437,1,50
245475,1,50
245583,1,50
245683,1,50
245700,1,50
245722,1,50
245748,1,50
245763,1,50
245771,1,50
245773,1,50
245836,1,50
245883,1,50
246018,1,50
246022,1,50
246032,1,50
246080,1,50
246084,1,50
246109,1,50
246177,1,50
246211,1,50
246319,1,50
246399,1,50
246433,1,50
246444,1,50
246462,1,50
246464,1,50
246470,1,50
246475,1,50
246486,1,50
246582,1,50
246628,1,50
246681,1,50
246697,1,50
246850,1,50
246868,1,50
246876,1,50
246896,1,50
246903,1,50
247210,1,50
247225,1,50
247622,1,50
247669,1,50
247845,1,50
247890,1,50
247899,1,50
247932,1,50
247942,1,50
247946,1,50
248009,1,50
248016,1,50
248030,1,50
248075,1,50
248124,1,50
248136,1,50
248159,1,50
248198,1,50
248207,1,50
248244,1,50
248261,1,50
248274,1,50
248278,1,50
248307,1,50
248390,1,50
248397,1,50
248402,1,50
248480,1,50
248482,1,50
248488,1,50
248499,1,50
248514,1,50
248523,1,50
248595,1,50
248638,1,50
248647,1,50
248655,1,50
248658,1,50
248700,1,50
248739,1,50
248765,1,50
248794,1,50
248876,1,50
248911,1,50
248927,1,50
248940,1,50
249010,1,50
249016,1,50
249027,1,50
249037,1,50
249043,1,50
249062,1,50
249098,1,50
249134,1,50
249141,1,50
249153,1,50
249213,1,50
249288,1,50
249425,1,50
249446,1,50
249657,1,50
249668,1,50
249702,1,50
249731,1,50
249733,1,50
249843,1,50
249865,1,50
249878,1,50
249910,1,50
249956,1,50
250025,1,50
250031,1,50
250047,1,50
250067,1,50
250104,1,50
250132,1,50
250197,1,50
250201,1,50
250254,1,50
250406,1,50
250416,1,50
250496,1,50
250507,1,50
250530,1,50
250575,1,50
250616,1,50
250716,1,50
250761,1,50
250763,1,50
250789,1,50
250807,1,50
250891,1,50
250896,1,50
251045,1,50
251055,1,50
251166,1,50
251209,1,50
251219,1,50
251242,1,50
251264,1,50
251284,1,50
251288,1,50
251378,1,50
251420,1,50
251506,1,50
251610,1,50
251643,1,50
251680,1,50
251684,1,50
251689,1,50
251740,1,50
251754,1,50
251772,1,50
251865,1,50
251871,1,50
251883,1,50
252127,1,50
252141,1,50
252230,1,50
252286,1,50
252298,1,50
252320,1,50
252352,1,50
252417,1,50
252463,1,50
252493,1,50
252524,1,50
252621,1,50
252638,1,50
252727,1,50
252754,1,50
252777,1,50
252785,1,50
252799,1,50
252806,1,50
252807,1,50
252831,1,50
253164,1,50
253165,1,50
253166,1,50
253246,1,50
253273,1,50
253339,1,50
253364,1,50
253430,1,50
253555,1,50
253625,1,50
253760,1,50
253874,1,50
253915,1,50
253968,1,50
253992,1,50
254049,1,50
254134,1,50
254149,1,50
254149,1,50
254162,1,50
254184,1,50
254228,1,50
254269,1,50
254307,1,50
254355,1,50
254382,1,50
254400,1,50
254512,1,50
254519,1,50
254710,1,50
254787,1,50
254802,1,50
254825,1,50
254840,1,50
254913,1,50
254915,1,50
254940,1,50
254995,1,50
255075,1,50
255076,1,50
255105,1,50
255125,1,50
255163,1,50
255197,1,50
255219,1,50
255263,1,50
255316,1,50
255331,1,50
255397,1,50
255422,1,50
255549,1,50
255569,1,50
255569,1,50
255587,1,50
255616,1,50
255751,1,50
255799,1,50
255847,1,50
255937,1,50
256022,1,50
256040,1,50
256042,1,50
256062,1,50
256077,1,50
256094,1,50
256115,1,50
256120,1,50
256133,1,50
256144,1,50
256150,1,50
256159,1,50
256305,1,50
256412,1,50
256416,1,50
256489,1,50
256492,1,50
256510,1,50
256532,1,50
256538,1,50
256648,1,50
256682,1,50
256744,1,50
257039,1,50
257097,1,50
257122,1,50
257132,1,50
257142,1,50
257159,1,50
257253,1,50
257314,1,50
257367,1,50
257577,1,50
257675,1,50
257699,1,50
257716,1,50
257717,1,50
257769,1,50
257769,1,50
257777,1,50
257795,1,50
258005,1,50
258093,1,50
258116,1,50
258164,1,50
258177,1,50
258210,1,50
258214,1,50
258236,1,50
258242,1,50
258281,1,50
258426,1,50
258503,1,50
258510,1,50
258525,1,50
258582,1,50
258609,1,50
258616,1,50
258761,1,50
258787,1,50
258839,1,50
258944,1,50
259027,1,50
259050,1,50
259066,1,50
259116,1,50
259136,1,50
259198,1,50
259402,1,50
259408,1,50
259424,1,50
259431,1,50
259464,1,50
259475,1,50
259483,1,50
259487,1,50
259513,1,50
259586,1,50
259590,1,50
259674,1,50
260030,1,50
260031,1,50
260099,1,50
260136,1,50
260155,1,50
260201,1,50
260214,1,50
260227,1,50
260251,1,50
260295,1,50
260297,1,50
260386,1,50
260411,1,50
260414,1,50
260575,1,50
260685,1,50
260798,1,50
260800,1,50
260803,1,50
261001,1,50
261011,1,50
261034,1,50
261077,1,50
261086,1,50
261104,1,50
261107,1,50
261126,1,50
261156,1,50
261156,1,50
261166,1,50
261224,1,50
261288,1,50
261294,1,50
261297,1,50
261355,1,50
261414,1,50
261511,1,50
261528,1,50
261725,1,50
262010,1,50
262067,1,50
262086,1,50
262164,1,50
262230,1,50
262320,1,50
262427,1,50
262652,1,50
262798,1,50
262843,1,50
262869,1,50
262984,1,50
263010,1,50
263035,1,50
263047,1,50
263061,1,50
263083,1,50
263390,1,50
263508,1,50
263580,1,50
263585,1,50
263617,1,50
263766,1,50
263768,1,50
263854,1,50
263891,1,50
263926,1,50
263970,1,50
264033,1,50
264063,1,50
264096,1,50
264286,1,50
264364,1,50
264658,1,50
264940,1,50
265021,1,50
265021,1,50
265066,1,50
265075,1,50
265078,1,50
265098,1,50
265117,1,50
265170,1,50
265195,1,50
265300,1,50
265462,1,50
265492,1,50
265547,1,50
265578,1,50
265730,1,50
265780,1,50
265870,1,50
265879,1,50
265892,1,50
266095,1,50
266306,1,50
266342,1,50
266415,1,50
266456,1,50
266967,1,50
266993,1,50
267001,1,50
267017,1,50
267035,1,50
267073,1,50
267188,1,50
267191,1,50
267225,1,50
267270,1,50
267414,1,50
267449,1,50
267489,1,50
267641,1,50
267684,1,50
267710,1,50
267807,1,50
268037,1,50
268109,1,50
268278,1,50
268454,1,50
268679,1,50
268729,1,50
269038,1,50
269057,1,50
269059,1,50
269116,1,50
269184,1,50
269227,1,50
269523,1,50
269546,1,50
269558,1,50
269714,1,50
270195,1,50
270614,1,50
270682,1,50
271172,1,50
271183,1,50
271217,1,50
271301,1,50
271345,1,50
271392,1,50
271481,1,50
271607,1,50
271870,1,50
271874,1,50
271911,1,50
271946,1,50
272022,1,50
272136,1,50
272325,1,50
272339,1,50
272557,1,50
272635,1,50
272776,1,50
273051,1,50
273180,1,50
273201,1,50
273426,1,50
273554,1,50
273566,1,50
273659,1,50
273660,1,50
274092,1,50
274357,1,50
274476,1,50
274872,1,50
275034,1,50
275058,1,50
275121,1,50
275161,1,50
275306,1,50
275491,1,50
275667,1,50
275817,1,50
275838,1,50
275877,1,50
276452,1,50
276608,1,50
276774,1,50
276930,1,50
277038,1,50
277409,1,50
277420,1,50
277788,1,50
278550,1,50
278639,1,50
278711,1,50
279009,1,50
279073,1,50
279461,1,50
279671,1,50
279724,1,50
280112,1,50
280114,1,50
280197,1,50
280235,1,50
280618,1,50
280668,1,50
280736,1,50
281098,1,50
281224,1,50
281314,1,50
281480,1,50
281503,1,50
281583,1,50
281622,1,50
281708,1,50
282085,1,50
282323,1,50
282332,1,50
282341,1,50
282348,1,50
282360,1,50
282397,1,50
282411,1,50
282552,1,50
282569,1,50
282570,1,50
282615,1,50
282659,1,50
282684,1,50
282722,1,50
282768,1,50
282828,1,50
282854,1,50
282876,1,50
283043,1,50
283117,1,50
283223,1,50
283355,1,50
283545,1,50
283576,1,50
283630,1,50
283710,1,50
284013,1,50
284064,1,50
284158,1,50
284298,1,50
284513,1,50
284541,1,50
284633,1,50
284928,1,50
285242,1,50
285370,1,50
285370,1,50
286012,1,50
286032,1,50
286081,1,50
286082,1,50
286312,1,50
286361,1,50
286510,1,50
286727,1,50
286908,1,50
287094,1,50
287118,1,50
287410,1,50
287421,1,50
287426,1,50
288018,1,50
288210,1,50
288213,1,50
288234,1,50
288525,1,50
288593,1,50
288672,1,50
288823,1,50
289026,1,50
289035,1,50
289115,1,50
289137,1,50
289433,1,50
289435,1,50
