59,1,50
301,1,50
690,1,50
703,1,50
761,1,50
827,1,50
1178,1,50
1233,1,50
1294,1,50
1352,1,50
2006,1,50
2019,1,50
2057,1,50
2196,1,50
2368,1,50
2385,1,50
2449,1,50
2557,1,50
3130,1,50
3184,1,50
3294,1,50
3317,1,50
3411,1,50
3460,1,50
4073,1,50
4398,1,50
4409,1,50
4454,1,50
4467,1,50
4574,1,50
4609,1,50
5016,1,50
5219,1,50
5264,1,50
5697,1,50
5968,1,50
6194,1,50
6236,1,50
6426,1,50
6598,1,50
6688,1,50
7017,1,50
7030,1,50
7331,1,50
7342,1,50
7383,1,50
8162,1,50
8270,1,50
8652,1,50
8714,1,50
9089,1,50
9188,1,50
9258,1,50
9333,1,50
9412,1,50
9414,1,50
9476,1,50
9569,1,50
9616,1,50
9625,1,50
9712,1,50
9723,1,50
9971,1,50
10083,1,50
10664,1,50
10713,1,50
10784,1,50
11032,1,50
11160,1,50
11195,1,50
11224,1,50
11274,1,50
11307,1,50
11335,1,50
11617,1,50
11772,1,50
11934,1,50
12003,1,50
12395,1,50
12425,1,50
12439,1,50
12644,1,50
12653,1,50
12758,1,50
12894,1,50
13066,1,50
13257,1,50
13356,1,50
13497,1,50
13519,1,50
13713,1,50
14096,1,50
14327,1,50
14415,1,50
14423,1,50
14570,1,50
14588,1,50
14758,1,50
14925,1,50
15020,1,50
15070,1,50
15123,1,50
15172,1,50
15293,1,50
16000,1,50
16019,1,50
16255,1,50
16272,1,50
16439,1,50
16694,1,50
16712,1,50
16787,1,50
17006,1,50
17315,1,50
18642,1,50
18731,1,50
18895,1,50
18961,1,50
19117,1,50
19428,1,50
19581,1,50
20010,1,50
20366,1,50
20543,1,50
20550,1,50
20577,1,50
20657,1,50
20777,1,50
20859,1,50
20878,1,50
20960,1,50
20999,1,50
21008,1,50
21010,1,50
21019,1,50
21047,1,50
21127,1,50
21227,1,50
21285,1,50
21311,1,50
21384,1,50
21516,1,50
21518,1,50
21725,1,50
21741,1,50
21744,1,50
22012,1,50
22025,1,50
22123,1,50
22249,1,50
22273,1,50
22277,1,50
22489,1,50
22670,1,50
23041,1,50
23044,1,50
23210,1,50
23212,1,50
23321,1,50
23331,1,50
23407,1,50
23499,1,50
23542,1,50
23641,1,50
24268,1,50
24602,1,50
24633,1,50
24672,1,50
25337,1,50
25364,1,50
25427,1,50
25457,1,50
25538,1,50
25676,1,50
26146,1,50
26161,1,50
26418,1,50
26459,1,50
26576,1,50
26717,1,50
26763,1,50
26771,1,50
27268,1,50
27272,1,50
27484,1,50
27498,1,50
27533,1,50
27583,1,50
27679,1,50
27950,1,50
27957,1,50
28277,1,50
28563,1,50
28605,1,50
28674,1,50
28738,1,50
28854,1,50
29103,1,50
29126,1,50
29278,1,50
29709,1,50
29838,1,50
30057,1,50
30109,1,50
30111,1,50
30350,1,50
30355,1,50
30474,1,50
30477,1,50
30588,1,50
31225,1,50
31369,1,50
31435,1,50
31532,1,50
32005,1,50
32016,1,50
32018,1,50
32038,1,50
32134,1,50
32188,1,50
32210,1,50
32221,1,50
32226,1,50
32291,1,50
32334,1,50
32364,1,50
32388,1,50
32404,1,50
32412,1,50
32520,1,50
32565,1,50
32569,1,50
32590,1,50
32599,1,50
32612,1,50
33105,1,50
33228,1,50
33268,1,50
33338,1,50
33432,1,50
33455,1,50
33515,1,50
33561,1,50
33590,1,50
33639,1,50
33815,1,50
33887,1,50
34053,1,50
34154,1,50
34270,1,50
34322,1,50
34422,1,50
34671,1,50
34703,1,50
34768,1,50
34782,1,50
34964,1,50
35007,1,50
35047,1,50
35252,1,50
35332,1,50
35371,1,50
35409,1,50
35705,1,50
35781,1,50
35823,1,50
35868,1,50
36064,1,50
36218,1,50
36285,1,50
36343,1,50
36676,1,50
36689,1,50
37089,1,50
37173,1,50
37176,1,50
37254,1,50
37486,1,50
37677,1,50
37784,1,50
38027,1,50
38028,1,50
38029,1,50
38077,1,50
38105,1,50
38124,1,50
38257,1,50
38327,1,50
38481,1,50
38483,1,50
38563,1,50
38927,1,50
38992,1,50
39024,1,50
39109,1,50
39217,1,50
39231,1,50
39347,1,50
39347,1,50
39365,1,50
39438,1,50
39516,1,50
39700,1,50
39776,1,50
39823,1,50
39967,1,50
40128,1,50
40338,1,50
40400,1,50
40403,1,50
40479,1,50
40606,1,50
40874,1,50
40925,1,50
40929,1,50
41175,1,50
41470,1,50
41574,1,50
41686,1,50
41687,1,50
41687,1,50
42015,1,50
42121,1,50
42247,1,50
42659,1,50
42661,1,50
42735,1,50
42842,1,50
42947,1,50
43015,1,50
43099,1,50
43183,1,50
43213,1,50
43422,1,50
43501,1,50
43752,1,50
43798,1,50
43887,1,50
44023,1,50
44180,1,50
44191,1,50
44228,1,50
44233,1,50
44257,1,50
44347,1,50
44353,1,50
44394,1,50
44476,1,50
44487,1,50
44518,1,50
44628,1,50
44635,1,50
44661,1,50
44679,1,50
44694,1,50
44711,1,50
44725,1,50
44745,1,50
44771,1,50
44792,1,50
44800,1,50
44801,1,50
44803,1,50
44841,1,50
44851,1,50
45203,1,50
45224,1,50
45250,1,50
45262,1,50
45321,1,50
45350,1,50
45510,1,50
45510,1,50
45568,1,50
45572,1,50
45611,1,50
45623,1,50
45643,1,50
45651,1,50
45677,1,50
45693,1,50
45798,1,50
45808,1,50
45839,1,50
45882,1,50
46015,1,50
46022,1,50
46025,1,50
46084,1,50
46092,1,50
46107,1,50
46212,1,50
46228,1,50
46257,1,50
46294,1,50
46305,1,50
46331,1,50
46408,1,50
46419,1,50
46427,1,50
46465,1,50
46515,1,50
46546,1,50
46669,1,50
46686,1,50
47001,1,50
47197,1,50
47201,1,50
47251,1,50
47346,1,50
47439,1,50
47524,1,50
47680,1,50
47776,1,50
47819,1,50
47826,1,50
47876,1,50
47877,1,50
47991,1,50
48024,1,50
48039,1,50
48158,1,50
48182,1,50
48192,1,50
48198,1,50
48228,1,50
48245,1,50
48365,1,50
48466,1,50
48530,1,50
48549,1,50
48554,1,50
48568,1,50
48603,1,50
48635,1,50
48694,1,50
48767,1,50
48816,1,50
48862,1,50
48904,1,50
48982,1,50
49018,1,50
49078,1,50
49087,1,50
49109,1,50
49158,1,50
49252,1,50
49272,1,50
49303,1,50
49312,1,50
49466,1,50
49499,1,50
49574,1,50
49609,1,50
49730,1,50
49879,1,50
49986,1,50
50025,1,50
50035,1,50
50038,1,50
50054,1,50
50070,1,50
50125,1,50
50129,1,50
50156,1,50
50171,1,50
50192,1,50
50201,1,50
50259,1,50
50319,1,50
50343,1,50
50512,1,50
50517,1,50
50537,1,50
50656,1,50
50659,1,50
50684,1,50
50700,1,50
50730,1,50
50841,1,50
51037,1,50
51119,1,50
51230,1,50
51268,1,50
51458,1,50
51461,1,50
51596,1,50
51646,1,50
51693,1,50
51753,1,50
51758,1,50
51786,1,50
51865,1,50
51879,1,50
51973,1,50
51976,1,50
52030,1,50
52035,1,50
52042,1,50
52048,1,50
52060,1,50
52073,1,50
52102,1,50
52121,1,50
52124,1,50
52169,1,50
52197,1,50
52287,1,50
52296,1,50
52306,1,50
52316,1,50
52318,1,50
52349,1,50
52476,1,50
52499,1,50
53054,1,50
53091,1,50
53125,1,50
53166,1,50
53243,1,50
53302,1,50
53500,1,50
53518,1,50
53646,1,50
53707,1,50
53723,1,50
53772,1,50
53804,1,50
53831,1,50
53887,1,50
54001,1,50
54105,1,50
54122,1,50
54153,1,50
54191,1,50
54240,1,50
54258,1,50
54313,1,50
54522,1,50
54524,1,50
54632,1,50
54668,1,50
54680,1,50
54693,1,50
54896,1,50
54933,1,50
55007,1,50
55016,1,50
55051,1,50
55141,1,50
55158,1,50
55184,1,50
55230,1,50
55281,1,50
55348,1,50
55372,1,50
55409,1,50
55470,1,50
55490,1,50
55825,1,50
55922,1,50
55959,1,50
56020,1,50
56046,1,50
56068,1,50
56080,1,50
56083,1,50
56091,1,50
56104,1,50
56105,1,50
56108,1,50
56137,1,50
56209,1,50
56222,1,50
56228,1,50
56235,1,50
56241,1,50
56278,1,50
56281,1,50
56281,1,50
56355,1,50
56399,1,50
56429,1,50
56501,1,50
56523,1,50
56537,1,50
56619,1,50
56627,1,50
56901,1,50
56912,1,50
57063,1,50
57093,1,50
57148,1,50
57183,1,50
57188,1,50
57192,1,50
57210,1,50
57215,1,50
57222,1,50
57270,1,50
57280,1,50
57289,1,50
57307,1,50
57319,1,50
57322,1,50
57336,1,50
57406,1,50
57416,1,50
57434,1,50
57488,1,50
57516,1,50
57540,1,50
57615,1,50
57660,1,50
57663,1,50
57694,1,50
57748,1,50
57767,1,50
57792,1,50
57805,1,50
57815,1,50
57826,1,50
57888,1,50
57924,1,50
57943,1,50
58091,1,50
58202,1,50
58222,1,50
58238,1,50
58290,1,50
58300,1,50
58302,1,50
58308,1,50
58349,1,50
58352,1,50
58378,1,50
58437,1,50
58482,1,50
58502,1,50
58503,1,50
58564,1,50
58613,1,50
58631,1,50
58633,1,50
58725,1,50
58738,1,50
58751,1,50
58764,1,50
58802,1,50
58814,1,50
58894,1,50
59047,1,50
59068,1,50
59134,1,50
59137,1,50
59158,1,50
59179,1,50
59209,1,50
59232,1,50
59377,1,50
59407,1,50
59412,1,50
59428,1,50
59438,1,50
59438,1,50
59595,1,50
59598,1,50
59617,1,50
59673,1,50
59685,1,50
59730,1,50
59760,1,50
59780,1,50
60009,1,50
60070,1,50
60072,1,50
60076,1,50
60078,1,50
60119,1,50
60147,1,50
60148,1,50
60161,1,50
60176,1,50
60179,1,50
60194,1,50
60206,1,50
60210,1,50
60225,1,50
60246,1,50
60291,1,50
60340,1,50
60403,1,50
60404,1,50
60495,1,50
60508,1,50
60510,1,50
60565,1,50
60586,1,50
61003,1,50
61006,1,50
61027,1,50
61049,1,50
61072,1,50
61082,1,50
61092,1,50
61143,1,50
61156,1,50
61167,1,50
61195,1,50
61273,1,50
61283,1,50
61361,1,50
61396,1,50
61424,1,50
61438,1,50
61447,1,50
61448,1,50
61468,1,50
61497,1,50
61506,1,50
61629,1,50
61673,1,50
61681,1,50
62020,1,50
62084,1,50
62121,1,50
62263,1,50
62310,1,50
62342,1,50
62349,1,50
62427,1,50
62434,1,50
62450,1,50
62476,1,50
62517,1,50
62580,1,50
62590,1,50
62644,1,50
62724,1,50
62753,1,50
62865,1,50
62871,1,50
62871,1,50
62879,1,50
62882,1,50
62897,1,50
62904,1,50
63062,1,50
63163,1,50
63196,1,50
63224,1,50
63327,1,50
63364,1,50
63409,1,50
63439,1,50
63448,1,50
63470,1,50
63479,1,50
63494,1,50
63498,1,50
63609,1,50
63665,1,50
63670,1,50
63676,1,50
63691,1,50
63766,1,50
63766,1,50
63834,1,50
63846,1,50
63892,1,50
63902,1,50
63910,1,50
64008,1,50
64015,1,50
64020,1,50
64046,1,50
64060,1,50
64146,1,50
64151,1,50
64153,1,50
64176,1,50
64196,1,50
64198,1,50
64238,1,50
64329,1,50
64356,1,50
64396,1,50
64480,1,50
64509,1,50
64538,1,50
64558,1,50
64628,1,50
64676,1,50
64726,1,50
64727,1,50
64740,1,50
65014,1,50
65021,1,50
65065,1,50
65090,1,50
65136,1,50
65400,1,50
65420,1,50
65444,1,50
65449,1,50
65476,1,50
65505,1,50
65626,1,50
65740,1,50
65774,1,50
65816,1,50
65863,1,50
65957,1,50
66000,1,50
66068,1,50
66080,1,50
66091,1,50
66130,1,50
66135,1,50
66154,1,50
66169,1,50
66184,1,50
66196,1,50
66271,1,50
66298,1,50
66301,1,50
66327,1,50
66354,1,50
66363,1,50
66375,1,50
66376,1,50
66415,1,50
66456,1,50
66572,1,50
66585,1,50
66598,1,50
66602,1,50
66605,1,50
66622,1,50
66635,1,50
66636,1,50
66670,1,50
66675,1,50
66709,1,50
67010,1,50
67029,1,50
67070,1,50
67097,1,50
67103,1,50
67147,1,50
67211,1,50
67230,1,50
67235,1,50
67293,1,50
67354,1,50
67361,1,50
67442,1,50
67478,1,50
67497,1,50
67571,1,50
67586,1,50
67601,1,50
67645,1,50
67658,1,50
67669,1,50
67705,1,50
67706,1,50
67720,1,50
67722,1,50
67735,1,50
68005,1,50
68011,1,50
68019,1,50
68037,1,50
68091,1,50
68118,1,50
68142,1,50
68153,1,50
68179,1,50
68243,1,50
68252,1,50
68267,1,50
68321,1,50
68334,1,50
68334,1,50
68337,1,50
68359,1,50
68380,1,50
68382,1,50
68434,1,50
68511,1,50
68564,1,50
68574,1,50
68589,1,50
68652,1,50
68680,1,50
68692,1,50
68698,1,50
68754,1,50
68766,1,50
68806,1,50
68823,1,50
68840,1,50
68849,1,50
68860,1,50
68887,1,50
68898,1,50
68915,1,50
68923,1,50
68934,1,50
68937,1,50
68954,1,50
68967,1,50
69009,1,50
69026,1,50
69027,1,50
69058,1,50
69073,1,50
69093,1,50
69098,1,50
69124,1,50
69141,1,50
69147,1,50
69168,1,50
69273,1,50
69364,1,50
69371,1,50
69396,1,50
69412,1,50
69489,1,50
69494,1,50
69515,1,50
69561,1,50
69646,1,50
69649,1,50
69664,1,50
69665,1,50
69687,1,50
69821,1,50
69895,1,50
69897,1,50
69924,1,50
69988,1,50
70001,1,50
70024,1,50
70040,1,50
70071,1,50
70086,1,50
70088,1,50
70095,1,50
70097,1,50
70133,1,50
70135,1,50
70139,1,50
70139,1,50
70157,1,50
70177,1,50
70184,1,50
70192,1,50
70200,1,50
70214,1,50
70271,1,50
70289,1,50
70318,1,50
70343,1,50
70395,1,50
70401,1,50
70453,1,50
70458,1,50
70461,1,50
70465,1,50
70519,1,50
70531,1,50
70534,1,50
70550,1,50
70587,1,50
70610,1,50
70656,1,50
70685,1,50
70690,1,50
70776,1,50
70796,1,50
70830,1,50
70830,1,50
70861,1,50
70938,1,50
70942,1,50
70947,1,50
71047,1,50
71055,1,50
71089,1,50
71122,1,50
71131,1,50
71134,1,50
71148,1,50
71172,1,50
71174,1,50
71200,1,50
71293,1,50
71344,1,50
71345,1,50
71349,1,50
71395,1,50
71412,1,50
71429,1,50
71440,1,50
71480,1,50
71506,1,50
71563,1,50
71563,1,50
71578,1,50
71667,1,50
71710,1,50
71738,1,50
71847,1,50
71887,1,50
71945,1,50
71968,1,50
72003,1,50
72005,1,50
72009,1,50
72042,1,50
72046,1,50
72052,1,50
72060,1,50
72067,1,50
72076,1,50
72077,1,50
72089,1,50
72136,1,50
72208,1,50
72233,1,50
72300,1,50
72307,1,50
72317,1,50
72369,1,50
72396,1,50
72437,1,50
72449,1,50
72450,1,50
72450,1,50
72476,1,50
72541,1,50
72550,1,50
72629,1,50
72632,1,50
72636,1,50
72652,1,50
72655,1,50
72689,1,50
72774,1,50
72806,1,50
72839,1,50
72871,1,50
72908,1,50
72917,1,50
72970,1,50
73014,1,50
73016,1,50
73057,1,50
73078,1,50
73085,1,50
73206,1,50
73216,1,50
73241,1,50
73278,1,50
73285,1,50
73333,1,50
73349,1,50
73360,1,50
73450,1,50
73451,1,50
73465,1,50
73522,1,50
73546,1,50
73582,1,50
73635,1,50
73653,1,50
73696,1,50
73706,1,50
73732,1,50
73745,1,50
73747,1,50
73794,1,50
73893,1,50
73894,1,50
73896,1,50
73904,1,50
73973,1,50
73973,1,50
73974,1,50
74010,1,50
74024,1,50
74028,1,50
74042,1,50
74068,1,50
74073,1,50
74084,1,50
74113,1,50
74155,1,50
74243,1,50
74254,1,50
74274,1,50
74278,1,50
74364,1,50
74460,1,50
74494,1,50
74509,1,50
74513,1,50
74551,1,50
74582,1,50
74604,1,50
74654,1,50
74658,1,50
74692,1,50
74699,1,50
74766,1,50
74779,1,50
74780,1,50
74788,1,50
74839,1,50
74885,1,50
74929,1,50
74930,1,50
74974,1,50
75018,1,50
75080,1,50
75101,1,50
75108,1,50
75111,1,50
75137,1,50
75318,1,50
75359,1,50
75438,1,50
75453,1,50
75464,1,50
75482,1,50
75518,1,50
75616,1,50
75622,1,50
75632,1,50
75690,1,50
75738,1,50
75742,1,50
75759,1,50
75774,1,50
75774,1,50
75795,1,50
75856,1,50
75871,1,50
75904,1,50
75964,1,50
75971,1,50
75977,1,50
75989,1,50
75992,1,50
76002,1,50
76007,1,50
76010,1,50
76053,1,50
76079,1,50
76082,1,50
76105,1,50
76130,1,50
76139,1,50
76145,1,50
76150,1,50
76167,1,50
76171,1,50
76172,1,50
76191,1,50
76192,1,50
76270,1,50
76319,1,50
76381,1,50
76387,1,50
76423,1,50
76433,1,50
76500,1,50
76509,1,50
76565,1,50
76568,1,50
76581,1,50
76620,1,50
76703,1,50
76716,1,50
76760,1,50
76763,1,50
76775,1,50
76776,1,50
76781,1,50
76786,1,50
76790,1,50
76848,1,50
76922,1,50
76924,1,50
76956,1,50
77007,1,50
77025,1,50
77064,1,50
77095,1,50
77117,1,50
77194,1,50
77233,1,50
77254,1,50
77262,1,50
77316,1,50
77330,1,50
77339,1,50
77339,1,50
77361,1,50
77378,1,50
77408,1,50
77413,1,50
77470,1,50
77475,1,50
77483,1,50
77510,1,50
77518,1,50
77530,1,50
77535,1,50
77611,1,50
77631,1,50
77687,1,50
77707,1,50
77744,1,50
77775,1,50
77802,1,50
77805,1,50
77808,1,50
77816,1,50
77857,1,50
78054,1,50
78067,1,50
78099,1,50
78133,1,50
78152,1,50
78183,1,50
78227,1,50
78237,1,50
78240,1,50
78244,1,50
78284,1,50
78306,1,50
78325,1,50
78356,1,50
78363,1,50
78372,1,50
78445,1,50
78508,1,50
78562,1,50
78618,1,50
78653,1,50
78666,1,50
78679,1,50
78745,1,50
78751,1,50
78778,1,50
78803,1,50
78840,1,50
78856,1,50
78862,1,50
78872,1,50
78933,1,50
79010,1,50
79025,1,50
79044,1,50
79091,1,50
79132,1,50
79167,1,50
79170,1,50
79202,1,50
79237,1,50
79247,1,50
79278,1,50
79324,1,50
79327,1,50
79351,1,50
79382,1,50
79430,1,50
79453,1,50
79576,1,50
79601,1,50
79636,1,50
79661,1,50
79674,1,50
79744,1,50
79790,1,50
79799,1,50
79800,1,50
79814,1,50
79824,1,50
79853,1,50
79888,1,50
79934,1,50
80014,1,50
80020,1,50
80027,1,50
80042,1,50
80046,1,50
80059,1,50
80097,1,50
80104,1,50
80106,1,50
80142,1,50
80147,1,50
80149,1,50
80163,1,50
80175,1,50
80227,1,50
80268,1,50
80270,1,50
80284,1,50
80322,1,50
80335,1,50
80347,1,50
80369,1,50
80429,1,50
80431,1,50
80456,1,50
80496,1,50
80535,1,50
80551,1,50
80645,1,50
80655,1,50
80711,1,50
80721,1,50
80728,1,50
80730,1,50
80759,1,50
80771,1,50
80836,1,50
80861,1,50
80892,1,50
80910,1,50
80912,1,50
80929,1,50
80932,1,50
80935,1,50
80985,1,50
80997,1,50
81000,1,50
81007,1,50
81008,1,50
81011,1,50
81013,1,50
81084,1,50
81106,1,50
81111,1,50
81117,1,50
81163,1,50
81215,1,50
81221,1,50
81242,1,50
81279,1,50
81307,1,50
81336,1,50
81362,1,50
81378,1,50
81434,1,50
81465,1,50
81507,1,50
81519,1,50
81521,1,50
81526,1,50
81532,1,50
81592,1,50
81628,1,50
81632,1,50
81636,1,50
81657,1,50
81689,1,50
81707,1,50
81719,1,50
81766,1,50
81773,1,50
81800,1,50
81843,1,50
81924,1,50
81927,1,50
81938,1,50
81946,1,50
82000,1,50
82003,1,50
82014,1,50
82024,1,50
82028,1,50
82045,1,50
82057,1,50
82130,1,50
82137,1,50
82182,1,50
82239,1,50
82269,1,50
82293,1,50
82325,1,50
82427,1,50
82431,1,50
82442,1,50
82464,1,50
82477,1,50
82484,1,50
82499,1,50
82544,1,50
82586,1,50
82604,1,50
82680,1,50
82698,1,50
82708,1,50
82773,1,50
82820,1,50
82830,1,50
82837,1,50
82848,1,50
82866,1,50
82885,1,50
82904,1,50
82911,1,50
82920,1,50
82921,1,50
83022,1,50
83028,1,50
83046,1,50
83075,1,50
83081,1,50
83089,1,50
83092,1,50
83126,1,50
83161,1,50
83163,1,50
83167,1,50
83169,1,50
83177,1,50
83183,1,50
83218,1,50
83230,1,50
83255,1,50
83317,1,50
83320,1,50
83352,1,50
83357,1,50
83357,1,50
83376,1,50
83398,1,50
83445,1,50
83476,1,50
83478,1,50
83512,1,50
83515,1,50
83517,1,50
83525,1,50
83585,1,50
83631,1,50
83640,1,50
83691,1,50
83695,1,50
83774,1,50
83796,1,50
83821,1,50
83853,1,50
83858,1,50
83892,1,50
83910,1,50
83912,1,50
83950,1,50
84004,1,50
84016,1,50
84016,1,50
84030,1,50
84033,1,50
84080,1,50
84081,1,50
84089,1,50
84094,1,50
84097,1,50
84140,1,50
84204,1,50
84240,1,50
84350,1,50
84367,1,50
84413,1,50
84428,1,50
84449,1,50
84456,1,50
84486,1,50
84517,1,50
84534,1,50
84541,1,50
84548,1,50
84593,1,50
84595,1,50
84606,1,50
84614,1,50
84619,1,50
84655,1,50
84676,1,50
84717,1,50
84718,1,50
84741,1,50
84796,1,50
84817,1,50
84821,1,50
85002,1,50
85015,1,50
85015,1,50
85046,1,50
85065,1,50
85087,1,50
85139,1,50
85146,1,50
85160,1,50
85161,1,50
85190,1,50
85199,1,50
85232,1,50
85234,1,50
85238,1,50
85245,1,50
85251,1,50
85252,1,50
85255,1,50
85264,1,50
85270,1,50
85280,1,50
85375,1,50
85387,1,50
85404,1,50
85411,1,50
85451,1,50
85521,1,50
85522,1,50
85559,1,50
85571,1,50
85630,1,50
85632,1,50
85637,1,50
85637,1,50
85641,1,50
85675,1,50
85686,1,50
85760,1,50
86032,1,50
86034,1,50
86094,1,50
86104,1,50
86146,1,50
86301,1,50
86310,1,50
86311,1,50
86379,1,50
86403,1,50
86438,1,50
86446,1,50
86489,1,50
86539,1,50
86590,1,50
86619,1,50
86639,1,50
86693,1,50
86694,1,50
86746,1,50
86765,1,50
86806,1,50
86815,1,50
86815,1,50
86826,1,50
86831,1,50
86844,1,50
86845,1,50
86856,1,50
86882,1,50
86893,1,50
86901,1,50
86917,1,50
86950,1,50
86982,1,50
87011,1,50
87038,1,50
87059,1,50
87089,1,50
87097,1,50
87129,1,50
87133,1,50
87159,1,50
87176,1,50
87223,1,50
87244,1,50
87253,1,50
87261,1,50
87267,1,50
87316,1,50
87332,1,50
87340,1,50
87407,1,50
87416,1,50
87458,1,50
87480,1,50
87527,1,50
87564,1,50
87615,1,50
87669,1,50
87703,1,50
87705,1,50
87718,1,50
87719,1,50
87776,1,50
87803,1,50
87854,1,50
87895,1,50
87947,1,50
87957,1,50
87968,1,50
87990,1,50
87994,1,50
88007,1,50
88019,1,50
88027,1,50
88058,1,50
88068,1,50
88134,1,50
88159,1,50
88198,1,50
88208,1,50
88267,1,50
88275,1,50
88287,1,50
88289,1,50
88295,1,50
88299,1,50
88365,1,50
88379,1,50
88428,1,50
88433,1,50
88444,1,50
88494,1,50
88498,1,50
88513,1,50
88522,1,50
88530,1,50
88579,1,50
88740,1,50
88748,1,50
88759,1,50
88799,1,50
88810,1,50
88877,1,50
88883,1,50
88952,1,50
88977,1,50
88992,1,50
89003,1,50
89005,1,50
89011,1,50
89017,1,50
89060,1,50
89063,1,50
89106,1,50
89109,1,50
89110,1,50
89122,1,50
89130,1,50
89135,1,50
89145,1,50
89159,1,50
89179,1,50
89264,1,50
89287,1,50
89306,1,50
89324,1,50
89366,1,50
89369,1,50
89526,1,50
89536,1,50
89557,1,50
89622,1,50
89624,1,50
89627,1,50
89638,1,50
89644,1,50
89669,1,50
89687,1,50
89707,1,50
89760,1,50
89768,1,50
89813,1,50
89910,1,50
89913,1,50
89941,1,50
89975,1,50
89979,1,50
90002,1,50
90027,1,50
90047,1,50
90062,1,50
90068,1,50
90074,1,50
90084,1,50
90097,1,50
90138,1,50
90220,1,50
90222,1,50
90240,1,50
90328,1,50
90337,1,50
90356,1,50
90438,1,50
90455,1,50
90513,1,50
90547,1,50
90560,1,50
90572,1,50
90663,1,50
90677,1,50
90726,1,50
90748,1,50
90784,1,50
90862,1,50
90877,1,50
90923,1,50
90935,1,50
91055,1,50
91060,1,50
91063,1,50
91102,1,50
91104,1,50
91107,1,50
91107,1,50
91117,1,50
91118,1,50
91127,1,50
91142,1,50
91146,1,50
91150,1,50
91170,1,50
91172,1,50
91173,1,50
91207,1,50
91208,1,50
91213,1,50
91222,1,50
91237,1,50
91249,1,50
91272,1,50
91277,1,50
91354,1,50
91386,1,50
91417,1,50
91446,1,50
91476,1,50
91480,1,50
91513,1,50
91518,1,50
91539,1,50
91554,1,50
91562,1,50
91577,1,50
91585,1,50
91601,1,50
91652,1,50
91723,1,50
91748,1,50
91762,1,50
91791,1,50
91803,1,50
91839,1,50
91904,1,50
92007,1,50
92015,1,50
92021,1,50
92024,1,50
92025,1,50
92025,1,50
92044,1,50
92078,1,50
92096,1,50
92104,1,50
92104,1,50
92106,1,50
92154,1,50
92179,1,50
92187,1,50
92214,1,50
92237,1,50
92248,1,50
92265,1,50
92276,1,50
92278,1,50
92301,1,50
92323,1,50
92335,1,50
92360,1,50
92366,1,50
92380,1,50
92382,1,50
92420,1,50
92431,1,50
92433,1,50
92437,1,50
92462,1,50
92465,1,50
92467,1,50
92542,1,50
92562,1,50
92582,1,50
92584,1,50
92600,1,50
92623,1,50
92625,1,50
92638,1,50
92639,1,50
92658,1,50
92689,1,50
92690,1,50
92690,1,50
92698,1,50
92700,1,50
92779,1,50
92796,1,50
92807,1,50
92818,1,50
92834,1,50
92844,1,50
92852,1,50
93023,1,50
93026,1,50
93037,1,50
93052,1,50
93054,1,50
93059,1,50
93111,1,50
93154,1,50
93206,1,50
93237,1,50
93249,1,50
93316,1,50
93322,1,50
93359,1,50
93360,1,50
93379,1,50
93414,1,50
93438,1,50
93482,1,50
93519,1,50
93529,1,50
93548,1,50
93553,1,50
93569,1,50
93619,1,50
93629,1,50
93682,1,50
93689,1,50
93704,1,50
93722,1,50
93737,1,50
93759,1,50
93765,1,50
93810,1,50
93860,1,50
93928,1,50
93934,1,50
93949,1,50
94005,1,50
94029,1,50
94036,1,50
94038,1,50
94050,1,50
94051,1,50
94052,1,50
94054,1,50
94054,1,50
94063,1,50
94127,1,50
94147,1,50
94165,1,50
94189,1,50
94202,1,50
94249,1,50
94254,1,50
94313,1,50
94329,1,50
94351,1,50
94360,1,50
94362,1,50
94363,1,50
94424,1,50
94445,1,50
94452,1,50
94456,1,50
94490,1,50
94490,1,50
94492,1,50
94520,1,50
94527,1,50
94574,1,50
94581,1,50
94582,1,50
94686,1,50
94701,1,50
94732,1,50
94740,1,50
94741,1,50
94760,1,50
94796,1,50
94880,1,50
94881,1,50
94883,1,50
95035,1,50
95076,1,50
95089,1,50
95093,1,50
95096,1,50
95128,1,50
95160,1,50
95162,1,50
95171,1,50
95174,1,50
95176,1,50
95186,1,50
95205,1,50
95233,1,50
95257,1,50
95298,1,50
95306,1,50
95310,1,50
95329,1,50
95337,1,50
95341,1,50
95351,1,50
95416,1,50
95487,1,50
95513,1,50
95519,1,50
95545,1,50
95549,1,50
95562,1,50
95605,1,50
95606,1,50
95693,1,50
95793,1,50
95816,1,50
95828,1,50
95839,1,50
95855,1,50
95876,1,50
95921,1,50
95936,1,50
96004,1,50
96012,1,50
96044,1,50
96134,1,50
96148,1,50
96248,1,50
96254,1,50
96263,1,50
96305,1,50
96323,1,50
96349,1,50
96399,1,50
96410,1,50
96448,1,50
96465,1,50
96467,1,50
96484,1,50
96496,1,50
96501,1,50
96542,1,50
96550,1,50
96559,1,50
96560,1,50
96593,1,50
96618,1,50
96628,1,50
96661,1,50
96663,1,50
96684,1,50
96697,1,50
96698,1,50
96699,1,50
96705,1,50
96712,1,50
96720,1,50
96730,1,50
96779,1,50
96796,1,50
97004,1,50
97056,1,50
97102,1,50
97115,1,50
97115,1,50
97133,1,50
97154,1,50
97160,1,50
97167,1,50
97276,1,50
97284,1,50
97314,1,50
97329,1,50
97342,1,50
97384,1,50
97436,1,50
97450,1,50
97492,1,50
97519,1,50
97559,1,50
97560,1,50
97568,1,50
97570,1,50
97603,1,50
97612,1,50
97639,1,50
97708,1,50
97743,1,50
97787,1,50
97818,1,50
97876,1,50
97889,1,50
97929,1,50
98009,1,50
98012,1,50
98036,1,50
98079,1,50
98091,1,50
98099,1,50
98113,1,50
98114,1,50
98118,1,50
98120,1,50
98121,1,50
98124,1,50
98126,1,50
98137,1,50
98169,1,50
98172,1,50
98194,1,50
98213,1,50
98239,1,50
98258,1,50
98263,1,50
98402,1,50
98500,1,50
98548,1,50
98593,1,50
98664,1,50
98670,1,50
98679,1,50
98697,1,50
98757,1,50
98770,1,50
98799,1,50
98831,1,50
98893,1,50
98916,1,50
98925,1,50
98979,1,50
98995,1,50
99001,1,50
99021,1,50
99047,1,50
99057,1,50
99069,1,50
99112,1,50
99131,1,50
99161,1,50
99163,1,50
99175,1,50
99188,1,50
99191,1,50
99211,1,50
99211,1,50
99214,1,50
99216,1,50
99225,1,50
99232,1,50
99255,1,50
99264,1,50
99291,1,50
99361,1,50
99368,1,50
99368,1,50
99378,1,50
99451,1,50
99462,1,50
99482,1,50
99503,1,50
99524,1,50
99535,1,50
99601,1,50
99631,1,50
99634,1,50
99691,1,50
99692,1,50
99697,1,50
99720,1,50
99778,1,50
99781,1,50
99798,1,50
99803,1,50
99815,1,50
99891,1,50
99900,1,50
100016,1,50
100030,1,50
100037,1,50
100053,1,50
100111,1,50
100125,1,50
100136,1,50
100171,1,50
100188,1,50
100195,1,50
100201,1,50
100241,1,50
100280,1,50
100395,1,50
100418,1,50
100432,1,50
100524,1,50
100571,1,50
100586,1,50
100632,1,50
100654,1,50
100660,1,50
100663,1,50
100669,1,50
100688,1,50
100759,1,50
100761,1,50
100802,1,50
100812,1,50
100812,1,50
100856,1,50
100870,1,50
100875,1,50
100903,1,50
100933,1,50
101015,1,50
101035,1,50
101135,1,50
101140,1,50
101141,1,50
101165,1,50
101200,1,50
101256,1,50
101283,1,50
101325,1,50
101347,1,50
101355,1,50
101439,1,50
101449,1,50
101476,1,50
101487,1,50
101569,1,50
101593,1,50
101594,1,50
101606,1,50
101633,1,50
101729,1,50
101737,1,50
101752,1,50
101757,1,50
101760,1,50
101801,1,50
101820,1,50
101825,1,50
101893,1,50
101905,1,50
101909,1,50
101929,1,50
102034,1,50
102034,1,50
102063,1,50
102069,1,50
102134,1,50
102141,1,50
102165,1,50
102165,1,50
102259,1,50
102268,1,50
102274,1,50
102295,1,50
102308,1,50
102336,1,50
102354,1,50
102378,1,50
102398,1,50
102403,1,50
102434,1,50
102441,1,50
102460,1,50
102469,1,50
102496,1,50
102522,1,50
102635,1,50
102666,1,50
102753,1,50
102757,1,50
102758,1,50
102783,1,50
102820,1,50
102831,1,50
102847,1,50
102864,1,50
102895,1,50
102922,1,50
102923,1,50
102998,1,50
103015,1,50
103022,1,50
103051,1,50
103060,1,50
103106,1,50
103155,1,50
103197,1,50
103251,1,50
103305,1,50
103338,1,50
103393,1,50
103413,1,50
103420,1,50
103480,1,50
103499,1,50
103540,1,50
103550,1,50
103602,1,50
103613,1,50
103619,1,50
103640,1,50
103641,1,50
103665,1,50
103666,1,50
103685,1,50
103731,1,50
103813,1,50
103817,1,50
103833,1,50
103851,1,50
103861,1,50
103913,1,50
103940,1,50
104015,1,50
104067,1,50
104078,1,50
104101,1,50
104101,1,50
104139,1,50
104182,1,50
104192,1,50
104213,1,50
104261,1,50
104262,1,50
104341,1,50
104408,1,50
104418,1,50
104465,1,50
104522,1,50
104681,1,50
104684,1,50
104702,1,50
104765,1,50
104790,1,50
104791,1,50
104838,1,50
104853,1,50
104864,1,50
104874,1,50
104879,1,50
104890,1,50
104897,1,50
104911,1,50
104919,1,50
104947,1,50
104966,1,50
104972,1,50
104974,1,50
105003,1,50
105019,1,50
105022,1,50
105025,1,50
105053,1,50
105059,1,50
105062,1,50
105080,1,50
105091,1,50
105093,1,50
105116,1,50
105132,1,50
105133,1,50
105134,1,50
105138,1,50
105177,1,50
105185,1,50
105218,1,50
105250,1,50
105263,1,50
105263,1,50
105341,1,50
105359,1,50
105426,1,50
105473,1,50
105531,1,50
105633,1,50
105633,1,50
105654,1,50
105703,1,50
105825,1,50
105894,1,50
105912,1,50
105914,1,50
105916,1,50
105928,1,50
105936,1,50
105938,1,50
105966,1,50
105989,1,50
106005,1,50
106016,1,50
106035,1,50
106144,1,50
106238,1,50
106241,1,50
106315,1,50
106326,1,50
106369,1,50
106385,1,50
106436,1,50
106504,1,50
106511,1,50
106553,1,50
106598,1,50
106621,1,50
106655,1,50
106661,1,50
106688,1,50
106723,1,50
106759,1,50
106797,1,50
106800,1,50
106805,1,50
106906,1,50
106922,1,50
106930,1,50
106938,1,50
106973,1,50
107006,1,50
107050,1,50
107065,1,50
107067,1,50
107110,1,50
107121,1,50
107122,1,50
107138,1,50
107150,1,50
107182,1,50
107252,1,50
107266,1,50
107328,1,50
107378,1,50
107395,1,50
107437,1,50
107460,1,50
107482,1,50
107491,1,50
107517,1,50
107595,1,50
107612,1,50
107665,1,50
107783,1,50
107796,1,50
107839,1,50
107852,1,50
107914,1,50
107917,1,50
107976,1,50
107984,1,50
108049,1,50
108063,1,50
108067,1,50
108072,1,50
108104,1,50
108111,1,50
108155,1,50
108194,1,50
108310,1,50
108371,1,50
108475,1,50
108494,1,50
108502,1,50
108571,1,50
108612,1,50
108714,1,50
108719,1,50
108752,1,50
108766,1,50
108779,1,50
108789,1,50
108796,1,50
108829,1,50
108851,1,50
108863,1,50
108892,1,50
108919,1,50
108988,1,50
109134,1,50
109146,1,50
109165,1,50
109181,1,50
109228,1,50
109253,1,50
109295,1,50
109384,1,50
109414,1,50
109415,1,50
109472,1,50
109475,1,50
109553,1,50
109605,1,50
109618,1,50
109672,1,50
109706,1,50
109719,1,50
109720,1,50
109771,1,50
109794,1,50
109858,1,50
109871,1,50
109874,1,50
109883,1,50
109919,1,50
109980,1,50
109981,1,50
109987,1,50
109996,1,50
110029,1,50
110048,1,50
110050,1,50
110052,1,50
110068,1,50
110098,1,50
110163,1,50
110170,1,50
110171,1,50
110189,1,50
110217,1,50
110290,1,50
110337,1,50
110382,1,50
110403,1,50
110468,1,50
110469,1,50
110534,1,50
110540,1,50
110540,1,50
110562,1,50
110625,1,50
110679,1,50
110694,1,50
110857,1,50
110875,1,50
110917,1,50
110934,1,50
110935,1,50
110942,1,50
111040,1,50
111069,1,50
111070,1,50
111170,1,50
111427,1,50
111432,1,50
111445,1,50
111464,1,50
111481,1,50
111528,1,50
111650,1,50
111823,1,50
111829,1,50
111833,1,50
111845,1,50
111848,1,50
111872,1,50
111888,1,50
111920,1,50
111986,1,50
112053,1,50
112092,1,50
112121,1,50
112135,1,50
112144,1,50
112149,1,50
112163,1,50
112171,1,50
112187,1,50
112211,1,50
112253,1,50
112299,1,50
112301,1,50
112305,1,50
112318,1,50
112323,1,50
112331,1,50
112339,1,50
112345,1,50
112405,1,50
112414,1,50
112424,1,50
112426,1,50
112460,1,50
112498,1,50
112501,1,50
112503,1,50
112521,1,50
112543,1,50
112548,1,50
112603,1,50
112632,1,50
112636,1,50
112648,1,50
112753,1,50
112826,1,50
112829,1,50
112876,1,50
113061,1,50
113076,1,50
113117,1,50
113192,1,50
113234,1,50
113239,1,50
113316,1,50
113332,1,50
113337,1,50
113383,1,50
113456,1,50
113468,1,50
113483,1,50
113508,1,50
113569,1,50
113647,1,50
113653,1,50
113663,1,50
113669,1,50
113674,1,50
113682,1,50
113686,1,50
113716,1,50
113741,1,50
113758,1,50
113776,1,50
113795,1,50
114039,1,50
114057,1,50
114162,1,50
114222,1,50
114288,1,50
114310,1,50
114350,1,50
114381,1,50
114501,1,50
114634,1,50
114652,1,50
114670,1,50
114670,1,50
114703,1,50
114745,1,50
114752,1,50
114847,1,50
114852,1,50
114978,1,50
114990,1,50
115002,1,50
115005,1,50
115051,1,50
115060,1,50
115078,1,50
115089,1,50
115131,1,50
115160,1,50
115161,1,50
115161,1,50
115163,1,50
115167,1,50
115176,1,50
115235,1,50
115266,1,50
115267,1,50
115278,1,50
115289,1,50
115325,1,50
115377,1,50
115389,1,50
115389,1,50
115408,1,50
115577,1,50
115579,1,50
115587,1,50
115609,1,50
115674,1,50
115690,1,50
115726,1,50
115753,1,50
115775,1,50
115799,1,50
115830,1,50
115839,1,50
116021,1,50
116022,1,50
116110,1,50
116157,1,50
116163,1,50
116195,1,50
116206,1,50
116227,1,50
116239,1,50
116240,1,50
116256,1,50
116259,1,50
116280,1,50
116309,1,50
116360,1,50
116382,1,50
116387,1,50
116422,1,50
116521,1,50
116522,1,50
116557,1,50
116567,1,50
116583,1,50
116607,1,50
116677,1,50
116803,1,50
116849,1,50
116874,1,50
116886,1,50
116894,1,50
117025,1,50
117055,1,50
117078,1,50
117107,1,50
117158,1,50
117180,1,50
117229,1,50
117252,1,50
117265,1,50
117277,1,50
117414,1,50
117462,1,50
117475,1,50
117484,1,50
117621,1,50
117657,1,50
117661,1,50
117710,1,50
117747,1,50
117793,1,50
117818,1,50
117825,1,50
118098,1,50
118139,1,50
118150,1,50
118173,1,50
118202,1,50
118284,1,50
118290,1,50
118298,1,50
118378,1,50
118394,1,50
118396,1,50
118412,1,50
118418,1,50
118433,1,50
118524,1,50
118551,1,50
118598,1,50
118632,1,50
118649,1,50
118682,1,50
118720,1,50
119048,1,50
119064,1,50
119080,1,50
119081,1,50
119094,1,50
119177,1,50
119191,1,50
119232,1,50
119236,1,50
119246,1,50
119342,1,50
119350,1,50
119382,1,50
119409,1,50
119422,1,50
119427,1,50
119457,1,50
119598,1,50
119621,1,50
119635,1,50
120077,1,50
120117,1,50
120163,1,50
120179,1,50
120198,1,50
120221,1,50
120256,1,50
120271,1,50
120273,1,50
120331,1,50
120367,1,50
120408,1,50
120427,1,50
120435,1,50
120484,1,50
120489,1,50
120493,1,50
120594,1,50
120599,1,50
120684,1,50
121119,1,50
121179,1,50
121256,1,50
121267,1,50
121319,1,50
121341,1,50
121346,1,50
121409,1,50
121440,1,50
121566,1,50
121567,1,50
121575,1,50
121585,1,50
121644,1,50
121659,1,50
121691,1,50
121709,1,50
121720,1,50
121846,1,50
121890,1,50
122130,1,50
122144,1,50
122242,1,50
122328,1,50
122479,1,50
122505,1,50
122578,1,50
122715,1,50
122859,1,50
122983,1,50
123008,1,50
123052,1,50
123052,1,50
123079,1,50
123085,1,50
123112,1,50
123118,1,50
123135,1,50
123170,1,50
123175,1,50
123186,1,50
123198,1,50
123199,1,50
123229,1,50
123317,1,50
123347,1,50
123396,1,50
123420,1,50
123531,1,50
123551,1,50
123683,1,50
123826,1,50
123861,1,50
123874,1,50
123904,1,50
123973,1,50
123984,1,50
123997,1,50
124001,1,50
124034,1,50
124084,1,50
124123,1,50
124216,1,50
124430,1,50
124458,1,50
124595,1,50
124700,1,50
124708,1,50
124749,1,50
124822,1,50
124851,1,50
124938,1,50
124945,1,50
124946,1,50
125074,1,50
125118,1,50
125136,1,50
125155,1,50
125190,1,50
125252,1,50
125253,1,50
125268,1,50
125276,1,50
125313,1,50
125432,1,50
125441,1,50
125462,1,50
125467,1,50
125612,1,50
125659,1,50
125727,1,50
125849,1,50
125892,1,50
125967,1,50
126027,1,50
126063,1,50
126079,1,50
126079,1,50
126081,1,50
126176,1,50
126197,1,50
126208,1,50
126299,1,50
126322,1,50
126384,1,50
126401,1,50
126498,1,50
126542,1,50
126547,1,50
126572,1,50
126667,1,50
126669,1,50
127024,1,50
127060,1,50
127070,1,50
127111,1,50
127126,1,50
127175,1,50
127177,1,50
127396,1,50
127400,1,50
127492,1,50
127577,1,50
127583,1,50
127599,1,50
127684,1,50
127699,1,50
127767,1,50
128067,1,50
128076,1,50
128077,1,50
128087,1,50
128098,1,50
128135,1,50
128407,1,50
128503,1,50
128515,1,50
128644,1,50
128648,1,50
128682,1,50
128705,1,50
128707,1,50
128734,1,50
128749,1,50
128774,1,50
128820,1,50
128902,1,50
128949,1,50
128951,1,50
129007,1,50
129229,1,50
129312,1,50
129341,1,50
129400,1,50
129471,1,50
129577,1,50
129584,1,50
129676,1,50
129681,1,50
129689,1,50
129747,1,50
129885,1,50
129900,1,50
129902,1,50
129904,1,50
130014,1,50
130157,1,50
130206,1,50
130211,1,50
130217,1,50
130294,1,50
130358,1,50
130363,1,50
130384,1,50
130397,1,50
130419,1,50
130534,1,50
130574,1,50
130587,1,50
130704,1,50
131080,1,50
131080,1,50
131088,1,50
131146,1,50
131163,1,50
131404,1,50
131459,1,50
131462,1,50
131530,1,50
131627,1,50
131710,1,50
131807,1,50
131902,1,50
131994,1,50
132297,1,50
132313,1,50
132438,1,50
132587,1,50
132770,1,50
132850,1,50
132941,1,50
132999,1,50
133065,1,50
133071,1,50
133147,1,50
133147,1,50
133156,1,50
133167,1,50
133309,1,50
133359,1,50
133441,1,50
133642,1,50
133655,1,50
133814,1,50
133907,1,50
134050,1,50
134092,1,50
134441,1,50
134454,1,50
134514,1,50
134527,1,50
134530,1,50
134567,1,50
134574,1,50
134575,1,50
134648,1,50
134667,1,50
134794,1,50
134796,1,50
135160,1,50
135171,1,50
135196,1,50
135199,1,50
135214,1,50
135224,1,50
135315,1,50
135353,1,50
135363,1,50
135523,1,50
135808,1,50
135856,1,50
135976,1,50
136002,1,50
136052,1,50
136088,1,50
136100,1,50
136203,1,50
136277,1,50
136389,1,50
136684,1,50
136842,1,50
136864,1,50
136993,1,50
137004,1,50
137219,1,50
137306,1,50
137451,1,50
137562,1,50
137716,1,50
137738,1,50
137760,1,50
137852,1,50
138021,1,50
138036,1,50
138068,1,50
138136,1,50
138305,1,50
138380,1,50
138388,1,50
138421,1,50
138511,1,50
138566,1,50
138604,1,50
138686,1,50
138768,1,50
138784,1,50
138796,1,50
139125,1,50
139246,1,50
139375,1,50
139589,1,50
139690,1,50
139873,1,50
139885,1,50
139975,1,50
140013,1,50
140070,1,50
140071,1,50
140080,1,50
140092,1,50
140099,1,50
140209,1,50
140258,1,50
140302,1,50
140430,1,50
140597,1,50
140854,1,50
140951,1,50
140978,1,50
141063,1,50
141079,1,50
141105,1,50
141223,1,50
141805,1,50
141820,1,50
142048,1,50
142068,1,50
142108,1,50
142151,1,50
142224,1,50
142264,1,50
142358,1,50
142379,1,50
142453,1,50
142530,1,50
142776,1,50
142807,1,50
143053,1,50
143310,1,50
143324,1,50
143336,1,50
143914,1,50
144027,1,50
144111,1,50
144133,1,50
144276,1,50
144415,1,50
144524,1,50
144690,1,50
144707,1,50
144733,1,50
144863,1,50
144956,1,50
145170,1,50
145316,1,50
145395,1,50
145425,1,50
145425,1,50
145553,1,50
145642,1,50
145731,1,50
145830,1,50
146004,1,50
146057,1,50
146079,1,50
146143,1,50
146181,1,50
146585,1,50
146871,1,50
147046,1,50
147086,1,50
147184,1,50
147191,1,50
147273,1,50
147332,1,50
147695,1,50
147711,1,50
148128,1,50
148180,1,50
148281,1,50
148371,1,50
148408,1,50
148467,1,50
148495,1,50
148686,1,50
148727,1,50
149228,1,50
149242,1,50
149449,1,50
149562,1,50
149751,1,50
149912,1,50
149946,1,50
150355,1,50
150437,1,50
150475,1,50
150498,1,50
150670,1,50
150691,1,50
150696,1,50
151020,1,50
151073,1,50
151159,1,50
151492,1,50
152024,1,50
152039,1,50
152044,1,50
152194,1,50
152251,1,50
152270,1,50
152309,1,50
152418,1,50
152499,1,50
152587,1,50
152654,1,50
152820,1,50
153081,1,50
153104,1,50
153244,1,50
153409,1,50
153520,1,50
153523,1,50
153556,1,50
153604,1,50
153761,1,50
154290,1,50
154416,1,50
154457,1,50
154952,1,50
155078,1,50
155120,1,50
155251,1,50
155266,1,50
155280,1,50
155356,1,50
155466,1,50
155499,1,50
156380,1,50
156412,1,50
156433,1,50
156693,1,50
157058,1,50
157088,1,50
157166,1,50
157198,1,50
157261,1,50
158047,1,50
158090,1,50
158578,1,50
158723,1,50
158825,1,50
159139,1,50
159230,1,50
159267,1,50
159283,1,50
159565,1,50
159573,1,50
159626,1,50
159969,1,50
159981,1,50
160032,1,50
160212,1,50
160221,1,50
160268,1,50
160430,1,50
160561,1,50
160690,1,50
161021,1,50
161281,1,50
161586,1,50
161670,1,50
162051,1,50
162080,1,50
162214,1,50
163490,1,50
164070,1,50
164107,1,50
164175,1,50
164266,1,50
164285,1,50
164290,1,50
164325,1,50
164358,1,50
164592,1,50
164658,1,50
164816,1,50
164829,1,50
164846,1,50
164894,1,50
164997,1,50
165006,1,50
165010,1,50
165111,1,50
165198,1,50
165314,1,50
165393,1,50
165472,1,50
165853,1,50
166004,1,50
166559,1,50
166580,1,50
166597,1,50
166799,1,50
166970,1,50
167059,1,50
167217,1,50
167224,1,50
167501,1,50
167633,1,50
167682,1,50
167683,1,50
167717,1,50
168591,1,50
169039,1,50
169112,1,50
169163,1,50
169326,1,50
169530,1,50
169535,1,50
169729,1,50
170036,1,50
170055,1,50
170461,1,50
170480,1,50
170535,1,50
170614,1,50
170818,1,50
171217,1,50
171413,1,50
171568,1,50
171710,1,50
171760,1,50
171875,1,50
172283,1,50
172472,1,50
172483,1,50
172586,1,50
172793,1,50
173028,1,50
173737,1,50
174110,1,50
174117,1,50
174214,1,50
174227,1,50
174488,1,50
175288,1,50
175381,1,50
175404,1,50
176029,1,50
176032,1,50
176158,1,50
176324,1,50
176358,1,50
176376,1,50
176434,1,50
176447,1,50
176513,1,50
176589,1,50
176623,1,50
176716,1,50
176720,1,50
176780,1,50
176819,1,50
176864,1,50
177199,1,50
177225,1,50
177427,1,50
177433,1,50
177519,1,50
177822,1,50
177828,1,50
178034,1,50
178301,1,50
178363,1,50
178367,1,50
178426,1,50
178621,1,50
178635,1,50
178790,1,50
179403,1,50
179587,1,50
179734,1,50
180308,1,50
180388,1,50
180567,1,50
180879,1,50
180959,1,50
181119,1,50
181162,1,50
181345,1,50
181479,1,50
181531,1,50
181647,1,50
182464,1,50
182527,1,50
182668,1,50
182784,1,50
183039,1,50
183072,1,50
183074,1,50
183137,1,50
183184,1,50
183219,1,50
183284,1,50
183434,1,50
183484,1,50
183541,1,50
184008,1,50
184419,1,50
185143,1,50
185149,1,50
185202,1,50
185312,1,50
185419,1,50
185760,1,50
185777,1,50
185903,1,50
186335,1,50
186514,1,50
186514,1,50
186640,1,50
186640,1,50
186646,1,50
187266,1,50
187287,1,50
187338,1,50
188044,1,50
188229,1,50
188279,1,50
188668,1,50
188672,1,50
188674,1,50
188735,1,50
189032,1,50
189091,1,50
189111,1,50
189120,1,50
189156,1,50
189160,1,50
189209,1,50
189363,1,50
189900,1,50
190026,1,50
190027,1,50
190078,1,50
190231,1,50
190278,1,50
190312,1,50
190334,1,50
190555,1,50
190971,1,50
191029,1,50
191095,1,50
191104,1,50
191224,1,50
191302,1,50
191326,1,50
191720,1,50
191919,1,50
192532,1,50
192761,1,50
192975,1,50
193321,1,50
193385,1,50
193458,1,50
193552,1,50
193782,1,50
193817,1,50
193904,1,50
194118,1,50
194270,1,50
194730,1,50
194826,1,50
194989,1,50
195013,1,50
195157,1,50
195199,1,50
195266,1,50
195304,1,50
195436,1,50
195819,1,50
195849,1,50
195873,1,50
196107,1,50
196439,1,50
196913,1,50
196931,1,50
197280,1,50
197350,1,50
197450,1,50
197540,1,50
197545,1,50
197570,1,50
198185,1,50
198281,1,50
198382,1,50
198524,1,50
198595,1,50
198713,1,50
200018,1,50
200084,1,50
200088,1,50
200125,1,50
200277,1,50
200307,1,50
200335,1,50
200436,1,50
200630,1,50
200658,1,50
200665,1,50
200715,1,50
200854,1,50
200966,1,50
201017,1,50
201018,1,50
201048,1,50
201162,1,50
201196,1,50
201254,1,50
201256,1,50
201289,1,50
201297,1,50
201313,1,50
201417,1,50
201440,1,50
201472,1,50
201703,1,50
201847,1,50
201857,1,50
202083,1,50
202267,1,50
202585,1,50
202751,1,50
202763,1,50
202868,1,50
202910,1,50
203186,1,50
203315,1,50
203405,1,50
203551,1,50
203709,1,50
203835,1,50
203897,1,50
203907,1,50
204042,1,50
204644,1,50
204653,1,50
204929,1,50
204969,1,50
205147,1,50
205197,1,50
205218,1,50
205271,1,50
205393,1,50
205828,1,50
205863,1,50
206136,1,50
206185,1,50
206274,1,50
206300,1,50
206342,1,50
206407,1,50
206408,1,50
206434,1,50
206509,1,50
206528,1,50
206534,1,50
207001,1,50
207274,1,50
207523,1,50
207613,1,50
207699,1,50
207810,1,50
207845,1,50
208017,1,50
208114,1,50
208143,1,50
208148,1,50
208388,1,50
209241,1,50
209384,1,50
209587,1,50
209922,1,50
209969,1,50
210138,1,50
210220,1,50
210297,1,50
210366,1,50
210423,1,50
210454,1,50
211011,1,50
211017,1,50
211133,1,50
211134,1,50
211529,1,50
211658,1,50
211675,1,50
212082,1,50
212158,1,50
212235,1,50
212284,1,50
212354,1,50
212364,1,50
212452,1,50
212516,1,50
212534,1,50
212599,1,50
212616,1,50
212689,1,50
212839,1,50
212857,1,50
212914,1,50
212949,1,50
213006,1,50
213064,1,50
213091,1,50
213189,1,50
213311,1,50
213375,1,50
213520,1,50
213612,1,50
213644,1,50
214019,1,50
214081,1,50
214099,1,50
214202,1,50
214331,1,50
214356,1,50
214602,1,50
214715,1,50
214847,1,50
215131,1,50
215133,1,50
215156,1,50
215260,1,50
215263,1,50
215270,1,50
215274,1,50
215402,1,50
215464,1,50
215482,1,50
215553,1,50
216509,1,50
216615,1,50
216779,1,50
216843,1,50
217122,1,50
217309,1,50
217352,1,50
217675,1,50
217692,1,50
217723,1,50
218193,1,50
218341,1,50
218356,1,50
218367,1,50
218499,1,50
218502,1,50
218514,1,50
218523,1,50
218554,1,50
218576,1,50
218597,1,50
218634,1,50
218648,1,50
218649,1,50
218669,1,50
219012,1,50
219216,1,50
219256,1,50
219331,1,50
219346,1,50
219475,1,50
219487,1,50
219522,1,50
219552,1,50
219592,1,50
220015,1,50
220222,1,50
220411,1,50
220572,1,50
220594,1,50
220646,1,50
220705,1,50
220780,1,50
221010,1,50
221047,1,50
221052,1,50
221230,1,50
221239,1,50
221358,1,50
221381,1,50
221400,1,50
222038,1,50
222056,1,50
222245,1,50
222571,1,50
223002,1,50
223026,1,50
223119,1,50
223172,1,50
223175,1,50
223274,1,50
223279,1,50
223532,1,50
223777,1,50
223814,1,50
223816,1,50
223998,1,50
224009,1,50
224027,1,50
224041,1,50
224063,1,50
224125,1,50
224130,1,50
224272,1,50
224349,1,50
224363,1,50
224398,1,50
224416,1,50
224446,1,50
224446,1,50
224455,1,50
224495,1,50
224578,1,50
224741,1,50
224808,1,50
224829,1,50
224951,1,50
224971,1,50
225024,1,50
225150,1,50
225153,1,50
225172,1,50
225328,1,50
225702,1,50
225721,1,50
225742,1,50
225810,1,50
225975,1,50
226031,1,50
226048,1,50
226082,1,50
226091,1,50
226124,1,50
226159,1,50
226188,1,50
226200,1,50
226207,1,50
226257,1,50
226258,1,50
226273,1,50
226279,1,50
226285,1,50
226299,1,50
226299,1,50
226376,1,50
226400,1,50
226420,1,50
226527,1,50
226625,1,50
226635,1,50
226651,1,50
226656,1,50
227005,1,50
227181,1,50
227204,1,50
227264,1,50
227280,1,50
227285,1,50
227288,1,50
227305,1,50
227435,1,50
227541,1,50
227601,1,50
227682,1,50
227721,1,50
227724,1,50
227780,1,50
227865,1,50
227936,1,50
228009,1,50
228065,1,50
228092,1,50
228135,1,50
228136,1,50
228190,1,50
228262,1,50
228456,1,50
228498,1,50
228515,1,50
228529,1,50
228587,1,50
228939,1,50
228962,1,50
229012,1,50
229083,1,50
229088,1,50
229178,1,50
229236,1,50
229599,1,50
229758,1,50
229959,1,50
229965,1,50
230030,1,50
230049,1,50
230068,1,50
230075,1,50
230122,1,50
230155,1,50
230185,1,50
230193,1,50
230200,1,50
230234,1,50
230273,1,50
230311,1,50
230311,1,50
230311,1,50
230387,1,50
230400,1,50
230458,1,50
230488,1,50
230537,1,50
230628,1,50
230630,1,50
230718,1,50
231019,1,50
231170,1,50
231419,1,50
231422,1,50
231589,1,50
232069,1,50
232104,1,50
232111,1,50
232151,1,50
232181,1,50
232345,1,50
232387,1,50
232423,1,50
232448,1,50
232462,1,50
232498,1,50
232523,1,50
232531,1,50
232543,1,50
232605,1,50
232606,1,50
232643,1,50
232752,1,50
232808,1,50
232831,1,50
232840,1,50
233035,1,50
233137,1,50
233192,1,50
233340,1,50
233368,1,50
233588,1,50
233602,1,50
233633,1,50
233736,1,50
233755,1,50
233802,1,50
233908,1,50
234095,1,50
234302,1,50
234389,1,50
234392,1,50
234551,1,50
234569,1,50
234673,1,50
234674,1,50
234708,1,50
234791,1,50
234970,1,50
235041,1,50
235076,1,50
235077,1,50
235110,1,50
235199,1,50
235304,1,50
235306,1,50
235338,1,50
235580,1,50
235629,1,50
235858,1,50
235910,1,50
236051,1,50
236068,1,50
236069,1,50
236071,1,50
236124,1,50
236132,1,50
236152,1,50
236167,1,50
236212,1,50
236269,1,50
236291,1,50
236294,1,50
236305,1,50
236352,1,50
236357,1,50
236365,1,50
236403,1,50
236403,1,50
236411,1,50
236425,1,50
236452,1,50
236532,1,50
236572,1,50
236582,1,50
236615,1,50
236635,1,50
236670,1,50
236725,1,50
236729,1,50
236742,1,50
236746,1,50
237057,1,50
237083,1,50
237100,1,50
237182,1,50
237212,1,50
237225,1,50
237299,1,50
237301,1,50
237563,1,50
237572,1,50
237682,1,50
237786,1,50
237819,1,50
237858,1,50
237875,1,50
238084,1,50
238092,1,50
238093,1,50
238099,1,50
238102,1,50
238116,1,50
238123,1,50
238124,1,50
238168,1,50
238185,1,50
238194,1,50
238218,1,50
238253,1,50
238375,1,50
238402,1,50
238426,1,50
238455,1,50
238524,1,50
239022,1,50
239066,1,50
239205,1,50
239210,1,50
239222,1,50
239277,1,50
239324,1,50
239401,1,50
239433,1,50
239459,1,50
239460,1,50
239556,1,50
239644,1,50
239777,1,50
239812,1,50
239849,1,50
239945,1,50
240007,1,50
240021,1,50
240069,1,50
240132,1,50
240231,1,50
240334,1,50
240347,1,50
240390,1,50
240517,1,50
240570,1,50
240577,1,50
240615,1,50
240646,1,50
240735,1,50
240748,1,50
240846,1,50
241113,1,50
241178,1,50
241291,1,50
241389,1,50
241489,1,50
241496,1,50
241512,1,50
241699,1,50
241711,1,50
241788,1,50
241846,1,50
241865,1,50
241891,1,50
241902,1,50
242038,1,50
242040,1,50
242043,1,50
242063,1,50
242081,1,50
242092,1,50
242189,1,50
242286,1,50
242297,1,50
242305,1,50
242365,1,50
242399,1,50
242446,1,50
242543,1,50
242645,1,50
242686,1,50
242721,1,50
242743,1,50
243071,1,50
243101,1,50
243171,1,50
243173,1,50
243181,1,50
243225,1,50
243226,1,50
243365,1,50
243416,1,50
243455,1,50
243486,1,50
243556,1,50
243607,1,50
243624,1,50
243671,1,50
243700,1,50
243764,1,50
244083,1,50
244195,1,50
244286,1,50
244300,1,50
244339,1,50
244401,1,50
244455,1,50
244531,1,50
244557,1,50
244604,1,50
244612,1,50
244694,1,50
244792,1,50
244855,1,50
244903,1,50
245074,1,50
245081,1,50
245192,1,50
245426,1,50
245499,1,50
245630,1,50
245707,1,50
245772,1,50
245811,1,50
245859,1,50
245877,1,50
246032,1,50
246084,1,50
246129,1,50
246162,1,50
246213,1,50
246254,1,50
246291,1,50
246392,1,50
246860,1,50
246884,1,50
246920,1,50
246922,1,50
246967,1,50
247032,1,50
247041,1,50
247041,1,50
247096,1,50
247123,1,50
247187,1,50
247194,1,50
247278,1,50
247400,1,50
247421,1,50
247524,1,50
247678,1,50
247679,1,50
247721,1,50
248056,1,50
248056,1,50
248078,1,50
248178,1,50
248187,1,50
248196,1,50
248239,1,50
248248,1,50
248275,1,50
248314,1,50
248326,1,50
248473,1,50
248486,1,50
248511,1,50
248603,1,50
248637,1,50
248659,1,50
248676,1,50
248696,1,50
248711,1,50
248723,1,50
249074,1,50
249092,1,50
249209,1,50
249235,1,50
249275,1,50
249602,1,50
249626,1,50
249684,1,50
249760,1,50
249851,1,50
249948,1,50
249970,1,50
250027,1,50
250159,1,50
250405,1,50
250482,1,50
250529,1,50
250641,1,50
250719,1,50
250727,1,50
250729,1,50
250780,1,50
250988,1,50
251046,1,50
251085,1,50
251121,1,50
251237,1,50
251348,1,50
251352,1,50
251378,1,50
251516,1,50
251536,1,50
251611,1,50
251652,1,50
251701,1,50
251701,1,50
251729,1,50
251774,1,50
252000,1,50
252041,1,50
252141,1,50
252147,1,50
252208,1,50
252264,1,50
252304,1,50
252654,1,50
252665,1,50
252685,1,50
252702,1,50
252727,1,50
252743,1,50
252871,1,50
253077,1,50
253160,1,50
253173,1,50
253220,1,50
253232,1,50
253312,1,50
253522,1,50
253595,1,50
253641,1,50
253649,1,50
253663,1,50
253747,1,50
254104,1,50
254106,1,50
254150,1,50
254195,1,50
254357,1,50
254412,1,50
254415,1,50
254514,1,50
254544,1,50
254679,1,50
254783,1,50
255011,1,50
255037,1,50
255069,1,50
255072,1,50
255227,1,50
255231,1,50
255283,1,50
255290,1,50
255398,1,50
255467,1,50
255487,1,50
255508,1,50
255528,1,50
255539,1,50
255540,1,50
255622,1,50
255658,1,50
256021,1,50
256068,1,50
256117,1,50
256303,1,50
256305,1,50
256399,1,50
256465,1,50
256479,1,50
256531,1,50
256599,1,50
256822,1,50
256914,1,50
257038,1,50
257080,1,50
257152,1,50
257303,1,50
257617,1,50
257653,1,50
257665,1,50
257707,1,50
257715,1,50
257837,1,50
257999,1,50
258063,1,50
258116,1,50
258302,1,50
258430,1,50
258457,1,50
258559,1,50
258680,1,50
258775,1,50
258799,1,50
258811,1,50
258831,1,50
258867,1,50
258990,1,50
259119,1,50
259204,1,50
259243,1,50
259280,1,50
259327,1,50
259351,1,50
259412,1,50
259639,1,50
259821,1,50
260005,1,50
260066,1,50
260145,1,50
260203,1,50
260216,1,50
260256,1,50
260267,1,50
260373,1,50
260474,1,50
260509,1,50
260515,1,50
260572,1,50
260794,1,50
260869,1,50
260895,1,50
261020,1,50
261097,1,50
261150,1,50
261199,1,50
261229,1,50
261255,1,50
261270,1,50
261314,1,50
261497,1,50
261626,1,50
261627,1,50
261761,1,50
262061,1,50
262147,1,50
262317,1,50
262349,1,50
262560,1,50
262560,1,50
262637,1,50
262810,1,50
262817,1,50
262843,1,50
263124,1,50
263230,1,50
263381,1,50
263687,1,50
263698,1,50
263699,1,50
263814,1,50
263879,1,50
263943,1,50
264061,1,50
264101,1,50
264116,1,50
264117,1,50
264199,1,50
264210,1,50
264236,1,50
264422,1,50
265176,1,50
265203,1,50
265225,1,50
265307,1,50
265366,1,50
265474,1,50
265492,1,50
265755,1,50
266324,1,50
266433,1,50
266670,1,50
266748,1,50
267077,1,50
267099,1,50
267225,1,50
267350,1,50
267448,1,50
267626,1,50
267652,1,50
267657,1,50
267771,1,50
267789,1,50
268011,1,50
268029,1,50
268665,1,50
268953,1,50
269092,1,50
269124,1,50
269359,1,50
269447,1,50
269496,1,50
270146,1,50
270148,1,50
270184,1,50
270189,1,50
270210,1,50
270221,1,50
271079,1,50
271364,1,50
271491,1,50
271606,1,50
272062,1,50
272093,1,50
272437,1,50
273181,1,50
273189,1,50
273304,1,50
273341,1,50
273732,1,50
273846,1,50
274066,1,50
274095,1,50
274244,1,50
274337,1,50
274532,1,50
275638,1,50
275737,1,50
275767,1,50
275785,1,50
276105,1,50
277041,1,50
277263,1,50
277345,1,50
278123,1,50
278236,1,50
278424,1,50
279367,1,50
280344,1,50
280348,1,50
280880,1,50
281113,1,50
281313,1,50
281333,1,50
281923,1,50
282011,1,50
282063,1,50
282134,1,50
282135,1,50
282192,1,50
282222,1,50
282286,1,50
282296,1,50
282333,1,50
282511,1,50
282598,1,50
282644,1,50
282702,1,50
282815,1,50
283423,1,50
283445,1,50
283549,1,50
283796,1,50
283907,1,50
283986,1,50
284012,1,50
284197,1,50
284288,1,50
284439,1,50
285310,1,50
285551,1,50
286056,1,50
286385,1,50
286496,1,50
286539,1,50
286639,1,50
286696,1,50
287779,1,50
287875,1,50
288346,1,50
288454,1,50
288536,1,50
288736,1,50
288784,1,50
288881,1,50
289243,1,50
289550,1,50
289900,1,50
290118,1,50
