69,1,50
196,1,50
239,1,50
289,1,50
300,1,50
401,1,50
1129,1,50
1176,1,50
1318,1,50
1633,1,50
1969,1,50
2199,1,50
2256,1,50
2267,1,50
2344,1,50
3070,1,50
3092,1,50
3518,1,50
3800,1,50
4138,1,50
4220,1,50
4293,1,50
5096,1,50
5338,1,50
5377,1,50
5428,1,50
5545,1,50
5613,1,50
5635,1,50
6032,1,50
6135,1,50
6223,1,50
6490,1,50
6880,1,50
7168,1,50
7184,1,50
7229,1,50
7784,1,50
8029,1,50
8176,1,50
8625,1,50
9044,1,50
9117,1,50
9174,1,50
9235,1,50
9287,1,50
9389,1,50
9598,1,50
9614,1,50
9666,1,50
9792,1,50
9794,1,50
9856,1,50
10201,1,50
10358,1,50
10983,1,50
11000,1,50
11046,1,50
11216,1,50
11389,1,50
11578,1,50
11668,1,50
11792,1,50
11881,1,50
12004,1,50
12083,1,50
12237,1,50
12280,1,50
12592,1,50
12742,1,50
12828,1,50
12937,1,50
13011,1,50
13053,1,50
13165,1,50
13411,1,50
13420,1,50
14018,1,50
14045,1,50
14175,1,50
14289,1,50
14319,1,50
14405,1,50
14787,1,50
15187,1,50
15285,1,50
15361,1,50
15378,1,50
15557,1,50
15775,1,50
15788,1,50
16029,1,50
16188,1,50
16190,1,50
16320,1,50
16490,1,50
17631,1,50
17681,1,50
18119,1,50
18259,1,50
18820,1,50
18913,1,50
19516,1,50
20103,1,50
20115,1,50
20149,1,50
20173,1,50
20320,1,50
20417,1,50
20509,1,50
20593,1,50
20605,1,50
20651,1,50
20678,1,50
20700,1,50
20750,1,50
20773,1,50
20779,1,50
21001,1,50
21032,1,50
21255,1,50
21370,1,50
21419,1,50
21491,1,50
21543,1,50
21661,1,50
22115,1,50
22169,1,50
22251,1,50
22283,1,50
22325,1,50
22334,1,50
22431,1,50
23052,1,50
23324,1,50
23404,1,50
23407,1,50
23409,1,50
23448,1,50
23480,1,50
23608,1,50
24018,1,50
24744,1,50
25024,1,50
25217,1,50
25259,1,50
25284,1,50
25298,1,50
25463,1,50
25465,1,50
25540,1,50
26105,1,50
26232,1,50
26331,1,50
26487,1,50
26627,1,50
26807,1,50
26830,1,50
27002,1,50
27011,1,50
27029,1,50
27111,1,50
27223,1,50
27240,1,50
27318,1,50
27492,1,50
28078,1,50
28126,1,50
28280,1,50
28359,1,50
28993,1,50
29063,1,50
29317,1,50
29469,1,50
29850,1,50
30035,1,50
30365,1,50
30474,1,50
30575,1,50
30598,1,50
30618,1,50
30799,1,50
31095,1,50
31563,1,50
32179,1,50
32213,1,50
32216,1,50
32251,1,50
32452,1,50
32558,1,50
32585,1,50
32598,1,50
32620,1,50
32626,1,50
32630,1,50
32693,1,50
32702,1,50
32715,1,50
32786,1,50
32865,1,50
32872,1,50
32893,1,50
32992,1,50
33010,1,50
33019,1,50
33027,1,50
33055,1,50
33120,1,50
33333,1,50
33334,1,50
33364,1,50
33410,1,50
33487,1,50
33549,1,50
33585,1,50
34003,1,50
34108,1,50
34126,1,50
34257,1,50
34263,1,50
34296,1,50
34437,1,50
34535,1,50
34621,1,50
35026,1,50
35054,1,50
35243,1,50
35292,1,50
35337,1,50
35398,1,50
35455,1,50
35509,1,50
35606,1,50
36039,1,50
36106,1,50
36168,1,50
36199,1,50
36268,1,50
36374,1,50
37083,1,50
37129,1,50
37510,1,50
38013,1,50
38051,1,50
38173,1,50
38187,1,50
38247,1,50
38292,1,50
38329,1,50
38333,1,50
38361,1,50
38422,1,50
38453,1,50
38550,1,50
38792,1,50
38862,1,50
38886,1,50
39144,1,50
39198,1,50
39516,1,50
39577,1,50
39732,1,50
39767,1,50
40017,1,50
40023,1,50
40066,1,50
40137,1,50
40249,1,50
40362,1,50
40418,1,50
40564,1,50
40802,1,50
40891,1,50
41046,1,50
41079,1,50
41086,1,50
41424,1,50
41610,1,50
41756,1,50
41762,1,50
41768,1,50
41836,1,50
42046,1,50
42103,1,50
42223,1,50
42235,1,50
42323,1,50
42510,1,50
42562,1,50
42574,1,50
43309,1,50
43339,1,50
43367,1,50
43461,1,50
43755,1,50
43831,1,50
44002,1,50
44006,1,50
44046,1,50
44061,1,50
44066,1,50
44073,1,50
44088,1,50
44098,1,50
44102,1,50
44138,1,50
44141,1,50
44143,1,50
44220,1,50
44239,1,50
44244,1,50
44289,1,50
44300,1,50
44357,1,50
44388,1,50
44458,1,50
44471,1,50
44683,1,50
44686,1,50
45085,1,50
45224,1,50
45306,1,50
45380,1,50
45457,1,50
45526,1,50
45591,1,50
45624,1,50
45633,1,50
45644,1,50
45685,1,50
45712,1,50
45758,1,50
45878,1,50
45914,1,50
45918,1,50
45925,1,50
45942,1,50
46023,1,50
46036,1,50
46045,1,50
46310,1,50
46416,1,50
46424,1,50
46441,1,50
46463,1,50
46557,1,50
46585,1,50
46628,1,50
46629,1,50
46664,1,50
46677,1,50
46982,1,50
46995,1,50
47004,1,50
47222,1,50
47259,1,50
47311,1,50
47446,1,50
47497,1,50
47595,1,50
47623,1,50
47867,1,50
47967,1,50
48022,1,50
48065,1,50
48237,1,50
48249,1,50
48253,1,50
48330,1,50
48359,1,50
48394,1,50
48398,1,50
48477,1,50
48499,1,50
48524,1,50
48593,1,50
48667,1,50
48727,1,50
48809,1,50
48942,1,50
48960,1,50
49002,1,50
49023,1,50
49124,1,50
49137,1,50
49180,1,50
49214,1,50
49216,1,50
49219,1,50
49254,1,50
49323,1,50
49340,1,50
49369,1,50
49382,1,50
49396,1,50
49435,1,50
49449,1,50
49477,1,50
49548,1,50
49553,1,50
49596,1,50
49657,1,50
49679,1,50
49680,1,50
50093,1,50
50123,1,50
50188,1,50
50206,1,50
50244,1,50
50245,1,50
50456,1,50
50484,1,50
50749,1,50
50761,1,50
50792,1,50
50836,1,50
50912,1,50
50940,1,50
51003,1,50
51028,1,50
51063,1,50
51083,1,50
51089,1,50
51107,1,50
51115,1,50
51121,1,50
51123,1,50
51127,1,50
51215,1,50
51338,1,50
51391,1,50
51478,1,50
51496,1,50
51669,1,50
51789,1,50
51979,1,50
52008,1,50
52010,1,50
52026,1,50
52034,1,50
52035,1,50
52105,1,50
52264,1,50
52423,1,50
52444,1,50
52658,1,50
52716,1,50
52875,1,50
53001,1,50
53043,1,50
53080,1,50
53095,1,50
53103,1,50
53275,1,50
53334,1,50
53377,1,50
53427,1,50
53484,1,50
53485,1,50
53502,1,50
53536,1,50
53553,1,50
53585,1,50
53592,1,50
54002,1,50
54048,1,50
54064,1,50
54302,1,50
54323,1,50
54374,1,50
54462,1,50
54470,1,50
54736,1,50
54741,1,50
54836,1,50
54848,1,50
54911,1,50
54984,1,50
55010,1,50
55071,1,50
55076,1,50
55178,1,50
55418,1,50
55484,1,50
55501,1,50
55544,1,50
55576,1,50
55653,1,50
55841,1,50
55857,1,50
55873,1,50
56107,1,50
56136,1,50
56217,1,50
56231,1,50
56247,1,50
56293,1,50
56390,1,50
56471,1,50
56473,1,50
56494,1,50
56496,1,50
56498,1,50
56501,1,50
56541,1,50
56550,1,50
56564,1,50
56569,1,50
56598,1,50
56605,1,50
56627,1,50
56643,1,50
56676,1,50
56690,1,50
56726,1,50
56737,1,50
56752,1,50
56771,1,50
56803,1,50
56826,1,50
56837,1,50
56877,1,50
56888,1,50
56904,1,50
56934,1,50
57004,1,50
57055,1,50
57070,1,50
57074,1,50
57098,1,50
57196,1,50
57197,1,50
57242,1,50
57280,1,50
57282,1,50
57327,1,50
57331,1,50
57357,1,50
57396,1,50
57486,1,50
57567,1,50
57626,1,50
57638,1,50
57679,1,50
57777,1,50
57779,1,50
57787,1,50
58021,1,50
58099,1,50
58155,1,50
58170,1,50
58267,1,50
58302,1,50
58359,1,50
58376,1,50
58519,1,50
58589,1,50
58603,1,50
58733,1,50
58739,1,50
58743,1,50
58777,1,50
58798,1,50
58846,1,50
58857,1,50
58885,1,50
58953,1,50
58968,1,50
58985,1,50
59008,1,50
59011,1,50
59025,1,50
59057,1,50
59068,1,50
59178,1,50
59282,1,50
59299,1,50
59401,1,50
59407,1,50
59502,1,50
59555,1,50
59568,1,50
59601,1,50
59609,1,50
59655,1,50
59734,1,50
59782,1,50
59792,1,50
59956,1,50
60094,1,50
60152,1,50
60232,1,50
60244,1,50
60292,1,50
60331,1,50
60335,1,50
60409,1,50
60478,1,50
60572,1,50
60596,1,50
60603,1,50
60641,1,50
60644,1,50
60686,1,50
60695,1,50
60711,1,50
60808,1,50
60860,1,50
60929,1,50
60949,1,50
60961,1,50
61023,1,50
61033,1,50
61096,1,50
61128,1,50
61226,1,50
61267,1,50
61278,1,50
61280,1,50
61288,1,50
61357,1,50
61392,1,50
61419,1,50
61425,1,50
61505,1,50
61578,1,50
61612,1,50
61621,1,50
61731,1,50
61748,1,50
61771,1,50
61807,1,50
61825,1,50
62041,1,50
62247,1,50
62312,1,50
62334,1,50
62508,1,50
62566,1,50
62660,1,50
62737,1,50
62777,1,50
62783,1,50
62886,1,50
62895,1,50
62912,1,50
62970,1,50
63052,1,50
63055,1,50
63066,1,50
63076,1,50
63100,1,50
63138,1,50
63171,1,50
63183,1,50
63190,1,50
63247,1,50
63270,1,50
63275,1,50
63305,1,50
63356,1,50
63373,1,50
63374,1,50
63374,1,50
63425,1,50
63458,1,50
63653,1,50
63700,1,50
63711,1,50
63787,1,50
63792,1,50
63836,1,50
63842,1,50
63876,1,50
64091,1,50
64137,1,50
64144,1,50
64155,1,50
64157,1,50
64157,1,50
64158,1,50
64172,1,50
64174,1,50
64246,1,50
64265,1,50
64274,1,50
64286,1,50
64303,1,50
64381,1,50
64499,1,50
64501,1,50
64730,1,50
64763,1,50
64858,1,50
64955,1,50
64975,1,50
64981,1,50
65077,1,50
65086,1,50
65138,1,50
65192,1,50
65223,1,50
65242,1,50
65244,1,50
65261,1,50
65320,1,50
65374,1,50
65388,1,50
65393,1,50
65416,1,50
65430,1,50
65467,1,50
65476,1,50
65488,1,50
65537,1,50
65618,1,50
65656,1,50
65679,1,50
66087,1,50
66088,1,50
66182,1,50
66244,1,50
66340,1,50
66362,1,50
66368,1,50
66398,1,50
66402,1,50
66465,1,50
66629,1,50
66645,1,50
66886,1,50
66905,1,50
66919,1,50
66987,1,50
67014,1,50
67017,1,50
67036,1,50
67057,1,50
67065,1,50
67071,1,50
67074,1,50
67088,1,50
67102,1,50
67118,1,50
67150,1,50
67155,1,50
67179,1,50
67241,1,50
67247,1,50
67282,1,50
67296,1,50
67332,1,50
67351,1,50
67372,1,50
67377,1,50
67438,1,50
67454,1,50
67537,1,50
67577,1,50
67583,1,50
67641,1,50
67663,1,50
68013,1,50
68016,1,50
68048,1,50
68070,1,50
68094,1,50
68112,1,50
68138,1,50
68144,1,50
68157,1,50
68268,1,50
68271,1,50
68321,1,50
68346,1,50
68351,1,50
68376,1,50
68423,1,50
68443,1,50
68483,1,50
68485,1,50
68496,1,50
68513,1,50
68530,1,50
68561,1,50
68593,1,50
68610,1,50
68648,1,50
68659,1,50
68703,1,50
68725,1,50
68741,1,50
68763,1,50
68775,1,50
68776,1,50
68791,1,50
68792,1,50
68803,1,50
68850,1,50
68852,1,50
68886,1,50
68898,1,50
69004,1,50
69070,1,50
69093,1,50
69122,1,50
69142,1,50
69159,1,50
69192,1,50
69216,1,50
69221,1,50
69229,1,50
69239,1,50
69266,1,50
69335,1,50
69344,1,50
69391,1,50
69396,1,50
69447,1,50
69474,1,50
69576,1,50
69589,1,50
69707,1,50
69783,1,50
69843,1,50
69921,1,50
69935,1,50
69978,1,50
70013,1,50
70023,1,50
70045,1,50
70048,1,50
70054,1,50
70057,1,50
70066,1,50
70100,1,50
70120,1,50
70154,1,50
70178,1,50
70200,1,50
70227,1,50
70268,1,50
70269,1,50
70277,1,50
70279,1,50
70279,1,50
70281,1,50
70326,1,50
70353,1,50
70363,1,50
70408,1,50
70460,1,50
70584,1,50
70605,1,50
70616,1,50
70649,1,50
70693,1,50
70705,1,50
70737,1,50
70767,1,50
70767,1,50
70788,1,50
70817,1,50
70832,1,50
70835,1,50
70947,1,50
71004,1,50
71071,1,50
71075,1,50
71091,1,50
71107,1,50
71173,1,50
71176,1,50
71178,1,50
71196,1,50
71227,1,50
71243,1,50
71255,1,50
71285,1,50
71293,1,50
71295,1,50
71310,1,50
71316,1,50
71377,1,50
71457,1,50
71494,1,50
71496,1,50
71511,1,50
71512,1,50
71570,1,50
71637,1,50
71716,1,50
71733,1,50
71740,1,50
71748,1,50
71773,1,50
71790,1,50
71954,1,50
72001,1,50
72016,1,50
72026,1,50
72034,1,50
72058,1,50
72068,1,50
72120,1,50
72129,1,50
72135,1,50
72145,1,50
72256,1,50
72296,1,50
72301,1,50
72368,1,50
72427,1,50
72456,1,50
72463,1,50
72569,1,50
72601,1,50
72639,1,50
72642,1,50
72699,1,50
72791,1,50
72837,1,50
72871,1,50
72876,1,50
72923,1,50
72939,1,50
72954,1,50
73026,1,50
73068,1,50
73180,1,50
73227,1,50
73231,1,50
73232,1,50
73275,1,50
73282,1,50
73299,1,50
73354,1,50
73355,1,50
73376,1,50
73394,1,50
73398,1,50
73434,1,50
73436,1,50
73547,1,50
73577,1,50
73579,1,50
73690,1,50
73724,1,50
73782,1,50
73799,1,50
73827,1,50
73838,1,50
73871,1,50
73876,1,50
73879,1,50
73989,1,50
74008,1,50
74025,1,50
74029,1,50
74092,1,50
74096,1,50
74122,1,50
74129,1,50
74161,1,50
74174,1,50
74290,1,50
74327,1,50
74392,1,50
74424,1,50
74438,1,50
74475,1,50
74500,1,50
74526,1,50
74545,1,50
74548,1,50
74550,1,50
74590,1,50
74605,1,50
74609,1,50
74631,1,50
74657,1,50
74733,1,50
74794,1,50
74805,1,50
74818,1,50
74833,1,50
74881,1,50
74884,1,50
75020,1,50
75023,1,50
75053,1,50
75070,1,50
75072,1,50
75110,1,50
75170,1,50
75193,1,50
75222,1,50
75243,1,50
75265,1,50
75304,1,50
75312,1,50
75411,1,50
75439,1,50
75445,1,50
75450,1,50
75508,1,50
75616,1,50
75621,1,50
75638,1,50
75725,1,50
75734,1,50
75740,1,50
75829,1,50
75833,1,50
75929,1,50
75968,1,50
76001,1,50
76033,1,50
76072,1,50
76075,1,50
76087,1,50
76088,1,50
76104,1,50
76184,1,50
76247,1,50
76282,1,50
76347,1,50
76378,1,50
76399,1,50
76426,1,50
76491,1,50
76527,1,50
76530,1,50
76552,1,50
76575,1,50
76579,1,50
76588,1,50
76591,1,50
76619,1,50
76671,1,50
76788,1,50
76804,1,50
76810,1,50
76831,1,50
76846,1,50
76853,1,50
76930,1,50
76995,1,50
77005,1,50
77064,1,50
77110,1,50
77119,1,50
77125,1,50
77172,1,50
77207,1,50
77278,1,50
77285,1,50
77286,1,50
77301,1,50
77325,1,50
77334,1,50
77341,1,50
77438,1,50
77445,1,50
77464,1,50
77513,1,50
77530,1,50
77545,1,50
77566,1,50
77618,1,50
77621,1,50
77639,1,50
77672,1,50
77676,1,50
77680,1,50
77713,1,50
77783,1,50
77791,1,50
78083,1,50
78137,1,50
78203,1,50
78326,1,50
78387,1,50
78395,1,50
78415,1,50
78430,1,50
78458,1,50
78538,1,50
78604,1,50
78619,1,50
78635,1,50
78660,1,50
78697,1,50
78771,1,50
78772,1,50
78792,1,50
78811,1,50
78951,1,50
78967,1,50
78974,1,50
78988,1,50
79002,1,50
79020,1,50
79028,1,50
79031,1,50
79032,1,50
79044,1,50
79051,1,50
79110,1,50
79125,1,50
79132,1,50
79152,1,50
79157,1,50
79160,1,50
79164,1,50
79216,1,50
79272,1,50
79316,1,50
79469,1,50
79557,1,50
79578,1,50
79579,1,50
79678,1,50
79679,1,50
79710,1,50
79722,1,50
79797,1,50
79815,1,50
79910,1,50
79950,1,50
79961,1,50
79962,1,50
80000,1,50
80008,1,50
80028,1,50
80033,1,50
80050,1,50
80067,1,50
80084,1,50
80094,1,50
80104,1,50
80133,1,50
80134,1,50
80175,1,50
80218,1,50
80218,1,50
80231,1,50
80238,1,50
80278,1,50
80325,1,50
80333,1,50
80337,1,50
80361,1,50
80361,1,50
80404,1,50
80411,1,50
80415,1,50
80428,1,50
80445,1,50
80448,1,50
80454,1,50
80492,1,50
80509,1,50
80526,1,50
80538,1,50
80570,1,50
80576,1,50
80590,1,50
80616,1,50
80636,1,50
80647,1,50
80681,1,50
80682,1,50
80688,1,50
80703,1,50
80714,1,50
80745,1,50
81040,1,50
81040,1,50
81072,1,50
81105,1,50
81149,1,50
81164,1,50
81170,1,50
81203,1,50
81206,1,50
81210,1,50
81245,1,50
81251,1,50
81258,1,50
81352,1,50
81357,1,50
81375,1,50
81465,1,50
81493,1,50
81505,1,50
81535,1,50
81602,1,50
81638,1,50
81650,1,50
81659,1,50
81739,1,50
81755,1,50
81779,1,50
81803,1,50
81898,1,50
81900,1,50
81905,1,50
81928,1,50
81932,1,50
81950,1,50
81959,1,50
82013,1,50
82048,1,50
82132,1,50
82144,1,50
82292,1,50
82322,1,50
82370,1,50
82509,1,50
82527,1,50
82531,1,50
82556,1,50
82575,1,50
82609,1,50
82629,1,50
82661,1,50
82699,1,50
82782,1,50
82795,1,50
82796,1,50
82803,1,50
82804,1,50
82828,1,50
82840,1,50
82901,1,50
82908,1,50
82919,1,50
82955,1,50
82958,1,50
82979,1,50
83008,1,50
83013,1,50
83033,1,50
83064,1,50
83095,1,50
83104,1,50
83122,1,50
83140,1,50
83161,1,50
83178,1,50
83190,1,50
83285,1,50
83290,1,50
83296,1,50
83368,1,50
83404,1,50
83437,1,50
83441,1,50
83444,1,50
83511,1,50
83552,1,50
83570,1,50
83596,1,50
83610,1,50
83618,1,50
83619,1,50
83632,1,50
83635,1,50
83637,1,50
83657,1,50
83663,1,50
83694,1,50
83707,1,50
83741,1,50
83775,1,50
83826,1,50
83852,1,50
83966,1,50
84003,1,50
84006,1,50
84012,1,50
84037,1,50
84053,1,50
84067,1,50
84071,1,50
84083,1,50
84109,1,50
84132,1,50
84193,1,50
84260,1,50
84359,1,50
84374,1,50
84384,1,50
84399,1,50
84419,1,50
84447,1,50
84464,1,50
84489,1,50
84513,1,50
84549,1,50
84600,1,50
84604,1,50
84612,1,50
84616,1,50
84643,1,50
84662,1,50
84709,1,50
84729,1,50
84797,1,50
84857,1,50
84865,1,50
84869,1,50
84943,1,50
85024,1,50
85063,1,50
85139,1,50
85142,1,50
85204,1,50
85208,1,50
85209,1,50
85225,1,50
85345,1,50
85353,1,50
85397,1,50
85405,1,50
85432,1,50
85456,1,50
85475,1,50
85478,1,50
85489,1,50
85494,1,50
85503,1,50
85519,1,50
85530,1,50
85537,1,50
85537,1,50
85571,1,50
85576,1,50
85629,1,50
85638,1,50
85684,1,50
85739,1,50
85769,1,50
85770,1,50
85793,1,50
85807,1,50
85822,1,50
86041,1,50
86105,1,50
86143,1,50
86146,1,50
86202,1,50
86239,1,50
86293,1,50
86293,1,50
86297,1,50
86306,1,50
86332,1,50
86392,1,50
86394,1,50
86412,1,50
86441,1,50
86467,1,50
86471,1,50
86505,1,50
86545,1,50
86568,1,50
86597,1,50
86614,1,50
86712,1,50
86840,1,50
86846,1,50
86848,1,50
86867,1,50
86939,1,50
86947,1,50
86964,1,50
86965,1,50
87029,1,50
87032,1,50
87048,1,50
87061,1,50
87065,1,50
87078,1,50
87094,1,50
87122,1,50
87145,1,50
87222,1,50
87235,1,50
87238,1,50
87244,1,50
87257,1,50
87267,1,50
87283,1,50
87297,1,50
87402,1,50
87422,1,50
87521,1,50
87638,1,50
87680,1,50
87735,1,50
87739,1,50
87759,1,50
87801,1,50
87818,1,50
87829,1,50
87833,1,50
87840,1,50
87877,1,50
87888,1,50
87907,1,50
87938,1,50
87954,1,50
87956,1,50
87971,1,50
87974,1,50
88018,1,50
88023,1,50
88097,1,50
88117,1,50
88154,1,50
88170,1,50
88187,1,50
88274,1,50
88304,1,50
88337,1,50
88365,1,50
88374,1,50
88374,1,50
88408,1,50
88472,1,50
88479,1,50
88506,1,50
88518,1,50
88562,1,50
88575,1,50
88584,1,50
88639,1,50
88649,1,50
88655,1,50
88672,1,50
88708,1,50
88766,1,50
88772,1,50
88791,1,50
88827,1,50
88847,1,50
88857,1,50
88870,1,50
89020,1,50
89068,1,50
89116,1,50
89128,1,50
89260,1,50
89272,1,50
89290,1,50
89385,1,50
89505,1,50
89511,1,50
89563,1,50
89596,1,50
89599,1,50
89630,1,50
89652,1,50
89667,1,50
89668,1,50
89691,1,50
89700,1,50
89702,1,50
89707,1,50
89718,1,50
89723,1,50
89796,1,50
89873,1,50
89914,1,50
89964,1,50
90023,1,50
90061,1,50
90096,1,50
90128,1,50
90156,1,50
90172,1,50
90184,1,50
90200,1,50
90203,1,50
90213,1,50
90300,1,50
90355,1,50
90386,1,50
90414,1,50
90463,1,50
90466,1,50
90511,1,50
90598,1,50
90603,1,50
90664,1,50
90727,1,50
90747,1,50
90768,1,50
90801,1,50
90818,1,50
90825,1,50
90827,1,50
90913,1,50
90931,1,50
90952,1,50
91006,1,50
91030,1,50
91063,1,50
91092,1,50
91104,1,50
91106,1,50
91119,1,50
91131,1,50
91134,1,50
91167,1,50
91181,1,50
91191,1,50
91193,1,50
91198,1,50
91198,1,50
91205,1,50
91226,1,50
91248,1,50
91327,1,50
91336,1,50
91391,1,50
91420,1,50
91432,1,50
91438,1,50
91442,1,50
91477,1,50
91555,1,50
91579,1,50
91580,1,50
91585,1,50
91647,1,50
91712,1,50
91733,1,50
91762,1,50
91791,1,50
91816,1,50
91928,1,50
91954,1,50
91983,1,50
92009,1,50
92026,1,50
92046,1,50
92073,1,50
92081,1,50
92143,1,50
92184,1,50
92191,1,50
92198,1,50
92199,1,50
92204,1,50
92205,1,50
92252,1,50
92295,1,50
92328,1,50
92333,1,50
92372,1,50
92381,1,50
92397,1,50
92433,1,50
92450,1,50
92454,1,50
92510,1,50
92536,1,50
92539,1,50
92564,1,50
92586,1,50
92588,1,50
92603,1,50
92606,1,50
92680,1,50
92703,1,50
92721,1,50
92729,1,50
92793,1,50
92800,1,50
92820,1,50
92830,1,50
92862,1,50
92864,1,50
92879,1,50
92879,1,50
92914,1,50
92923,1,50
92936,1,50
92942,1,50
92965,1,50
92998,1,50
93003,1,50
93011,1,50
93018,1,50
93024,1,50
93045,1,50
93048,1,50
93060,1,50
93086,1,50
93126,1,50
93156,1,50
93211,1,50
93233,1,50
93252,1,50
93284,1,50
93289,1,50
93297,1,50
93354,1,50
93359,1,50
93365,1,50
93374,1,50
93415,1,50
93435,1,50
93437,1,50
93478,1,50
93640,1,50
93669,1,50
93670,1,50
93699,1,50
93732,1,50
93767,1,50
93796,1,50
93820,1,50
93821,1,50
93841,1,50
93842,1,50
93850,1,50
93851,1,50
93856,1,50
93889,1,50
94011,1,50
94015,1,50
94020,1,50
94023,1,50
94030,1,50
94104,1,50
94117,1,50
94158,1,50
94159,1,50
94165,1,50
94190,1,50
94236,1,50
94272,1,50
94301,1,50
94361,1,50
94370,1,50
94399,1,50
94447,1,50
94590,1,50
94614,1,50
94642,1,50
94643,1,50
94654,1,50
94685,1,50
94706,1,50
94709,1,50
94766,1,50
94783,1,50
94786,1,50
94788,1,50
94797,1,50
94838,1,50
94878,1,50
94890,1,50
94914,1,50
94935,1,50
95015,1,50
95030,1,50
95061,1,50
95084,1,50
95088,1,50
95102,1,50
95104,1,50
95129,1,50
95142,1,50
95230,1,50
95255,1,50
95266,1,50
95327,1,50
95356,1,50
95444,1,50
95518,1,50
95521,1,50
95526,1,50
95582,1,50
95606,1,50
95620,1,50
95622,1,50
95650,1,50
95674,1,50
95730,1,50
95762,1,50
95768,1,50
95814,1,50
95824,1,50
95826,1,50
95838,1,50
95866,1,50
95869,1,50
95966,1,50
95980,1,50
96020,1,50
96071,1,50
96120,1,50
96145,1,50
96148,1,50
96259,1,50
96269,1,50
96287,1,50
96303,1,50
96329,1,50
96414,1,50
96420,1,50
96436,1,50
96442,1,50
96474,1,50
96497,1,50
96522,1,50
96556,1,50
96665,1,50
96710,1,50
96752,1,50
96817,1,50
96840,1,50
96844,1,50
96859,1,50
96866,1,50
96949,1,50
96955,1,50
97005,1,50
97047,1,50
97051,1,50
97052,1,50
97058,1,50
97080,1,50
97105,1,50
97139,1,50
97148,1,50
97148,1,50
97234,1,50
97266,1,50
97305,1,50
97306,1,50
97324,1,50
97325,1,50
97328,1,50
97370,1,50
97399,1,50
97403,1,50
97412,1,50
97482,1,50
97501,1,50
97505,1,50
97511,1,50
97551,1,50
97582,1,50
97584,1,50
97594,1,50
97662,1,50
97692,1,50
97720,1,50
97724,1,50
97783,1,50
97801,1,50
97846,1,50
97849,1,50
97888,1,50
97947,1,50
98010,1,50
98029,1,50
98087,1,50
98121,1,50
98136,1,50
98182,1,50
98195,1,50
98201,1,50
98213,1,50
98322,1,50
98331,1,50
98349,1,50
98374,1,50
98389,1,50
98398,1,50
98437,1,50
98451,1,50
98494,1,50
98504,1,50
98515,1,50
98523,1,50
98528,1,50
98609,1,50
98628,1,50
98717,1,50
98742,1,50
98750,1,50
98796,1,50
98802,1,50
98804,1,50
98806,1,50
98931,1,50
98955,1,50
99011,1,50
99013,1,50
99098,1,50
99153,1,50
99180,1,50
99181,1,50
99293,1,50
99341,1,50
99374,1,50
99376,1,50
99376,1,50
99391,1,50
99415,1,50
99427,1,50
99429,1,50
99435,1,50
99534,1,50
99558,1,50
99634,1,50
99641,1,50
99714,1,50
99721,1,50
99837,1,50
99839,1,50
99884,1,50
99903,1,50
99973,1,50
99974,1,50
100003,1,50
100012,1,50
100017,1,50
100073,1,50
100100,1,50
100110,1,50
100115,1,50
100116,1,50
100127,1,50
100127,1,50
100144,1,50
100184,1,50
100191,1,50
100195,1,50
100196,1,50
100197,1,50
100207,1,50
100216,1,50
100244,1,50
100252,1,50
100254,1,50
100257,1,50
100408,1,50
100420,1,50
100429,1,50
100567,1,50
100624,1,50
100629,1,50
100664,1,50
100744,1,50
100746,1,50
100750,1,50
100786,1,50
100847,1,50
100860,1,50
100902,1,50
100927,1,50
100929,1,50
101015,1,50
101084,1,50
101104,1,50
101117,1,50
101171,1,50
101189,1,50
101301,1,50
101317,1,50
101382,1,50
101428,1,50
101464,1,50
101470,1,50
101550,1,50
101586,1,50
101587,1,50
101616,1,50
101630,1,50
101649,1,50
101667,1,50
101676,1,50
101748,1,50
101748,1,50
101758,1,50
101783,1,50
101797,1,50
101876,1,50
101892,1,50
101896,1,50
101926,1,50
101934,1,50
102024,1,50
102024,1,50
102031,1,50
102046,1,50
102054,1,50
102062,1,50
102070,1,50
102084,1,50
102139,1,50
102145,1,50
102186,1,50
102198,1,50
102199,1,50
102219,1,50
102221,1,50
102243,1,50
102268,1,50
102276,1,50
102301,1,50
102311,1,50
102314,1,50
102320,1,50
102357,1,50
102398,1,50
102405,1,50
102414,1,50
102431,1,50
102526,1,50
102604,1,50
102665,1,50
102678,1,50
103042,1,50
103050,1,50
103060,1,50
103077,1,50
103125,1,50
103177,1,50
103235,1,50
103246,1,50
103337,1,50
103339,1,50
103365,1,50
103387,1,50
103456,1,50
103484,1,50
103494,1,50
103499,1,50
103534,1,50
103557,1,50
103560,1,50
103587,1,50
103604,1,50
103622,1,50
103651,1,50
103688,1,50
103727,1,50
103734,1,50
103845,1,50
103852,1,50
103961,1,50
104000,1,50
104010,1,50
104013,1,50
104022,1,50
104023,1,50
104032,1,50
104036,1,50
104036,1,50
104065,1,50
104103,1,50
104138,1,50
104163,1,50
104172,1,50
104180,1,50
104237,1,50
104347,1,50
104373,1,50
104393,1,50
104403,1,50
104413,1,50
104444,1,50
104457,1,50
104468,1,50
104490,1,50
104528,1,50
104531,1,50
104531,1,50
104532,1,50
104640,1,50
104687,1,50
104693,1,50
104694,1,50
104697,1,50
104725,1,50
104807,1,50
104879,1,50
104903,1,50
104927,1,50
105092,1,50
105125,1,50
105145,1,50
105149,1,50
105169,1,50
105260,1,50
105266,1,50
105341,1,50
105381,1,50
105382,1,50
105419,1,50
105453,1,50
105480,1,50
105497,1,50
105541,1,50
105629,1,50
105629,1,50
105678,1,50
105736,1,50
105737,1,50
105774,1,50
105840,1,50
105858,1,50
105863,1,50
105889,1,50
105917,1,50
105929,1,50
105935,1,50
106023,1,50
106057,1,50
106084,1,50
106124,1,50
106148,1,50
106157,1,50
106179,1,50
106204,1,50
106307,1,50
106326,1,50
106387,1,50
106403,1,50
106455,1,50
106456,1,50
106468,1,50
106471,1,50
106491,1,50
106533,1,50
106577,1,50
106582,1,50
106649,1,50
106689,1,50
106756,1,50
106827,1,50
106866,1,50
106875,1,50
106893,1,50
107027,1,50
107087,1,50
107124,1,50
107153,1,50
107205,1,50
107314,1,50
107330,1,50
107454,1,50
107460,1,50
107519,1,50
107525,1,50
107595,1,50
107606,1,50
107616,1,50
107720,1,50
107723,1,50
107744,1,50
107753,1,50
107808,1,50
107820,1,50
107828,1,50
107952,1,50
107973,1,50
108024,1,50
108039,1,50
108055,1,50
108090,1,50
108099,1,50
108102,1,50
108138,1,50
108182,1,50
108189,1,50
108205,1,50
108260,1,50
108330,1,50
108333,1,50
108338,1,50
108378,1,50
108382,1,50
108416,1,50
108424,1,50
108466,1,50
108512,1,50
108557,1,50
108633,1,50
108703,1,50
108754,1,50
108774,1,50
108778,1,50
109025,1,50
109146,1,50
109179,1,50
109197,1,50
109204,1,50
109258,1,50
109320,1,50
109336,1,50
109362,1,50
109508,1,50
109533,1,50
109578,1,50
109581,1,50
109707,1,50
109761,1,50
109893,1,50
109897,1,50
109919,1,50
109940,1,50
110016,1,50
110039,1,50
110076,1,50
110100,1,50
110125,1,50
110143,1,50
110153,1,50
110168,1,50
110193,1,50
110194,1,50
110224,1,50
110245,1,50
110247,1,50
110339,1,50
110364,1,50
110460,1,50
110543,1,50
110544,1,50
110559,1,50
110578,1,50
110632,1,50
110640,1,50
110641,1,50
110672,1,50
110701,1,50
110702,1,50
110709,1,50
110808,1,50
110887,1,50
110918,1,50
110918,1,50
110955,1,50
110959,1,50
111008,1,50
111020,1,50
111022,1,50
111035,1,50
111041,1,50
111045,1,50
111064,1,50
111076,1,50
111096,1,50
111163,1,50
111177,1,50
111193,1,50
111285,1,50
111292,1,50
111303,1,50
111334,1,50
111421,1,50
111444,1,50
111513,1,50
111549,1,50
111633,1,50
111674,1,50
111752,1,50
111759,1,50
111776,1,50
111781,1,50
111782,1,50
112017,1,50
112030,1,50
112112,1,50
112139,1,50
112208,1,50
112391,1,50
112458,1,50
112463,1,50
112481,1,50
112615,1,50
112685,1,50
112718,1,50
112724,1,50
112813,1,50
112825,1,50
112882,1,50
112969,1,50
112973,1,50
113001,1,50
113014,1,50
113073,1,50
113081,1,50
113084,1,50
113114,1,50
113116,1,50
113129,1,50
113140,1,50
113214,1,50
113233,1,50
113288,1,50
113356,1,50
113381,1,50
113398,1,50
113408,1,50
113430,1,50
113523,1,50
113569,1,50
113644,1,50
113662,1,50
113672,1,50
113683,1,50
113758,1,50
113768,1,50
113774,1,50
113794,1,50
113820,1,50
113897,1,50
113922,1,50
114058,1,50
114231,1,50
114281,1,50
114338,1,50
114389,1,50
114417,1,50
114420,1,50
114420,1,50
114428,1,50
114492,1,50
114554,1,50
114561,1,50
114581,1,50
114602,1,50
114607,1,50
114778,1,50
114810,1,50
114818,1,50
114867,1,50
114928,1,50
115002,1,50
115093,1,50
115095,1,50
115111,1,50
115116,1,50
115131,1,50
115163,1,50
115212,1,50
115243,1,50
115249,1,50
115260,1,50
115262,1,50
115270,1,50
115276,1,50
115291,1,50
115321,1,50
115391,1,50
115404,1,50
115446,1,50
115573,1,50
115588,1,50
115616,1,50
115624,1,50
115678,1,50
115721,1,50
115723,1,50
115726,1,50
116029,1,50
116057,1,50
116084,1,50
116094,1,50
116103,1,50
116170,1,50
116189,1,50
116312,1,50
116372,1,50
116434,1,50
116451,1,50
116455,1,50
116493,1,50
116513,1,50
116520,1,50
116543,1,50
116677,1,50
116691,1,50
116698,1,50
116699,1,50
116717,1,50
116783,1,50
116822,1,50
116859,1,50
117041,1,50
117054,1,50
117072,1,50
117171,1,50
117428,1,50
117457,1,50
117554,1,50
117655,1,50
117657,1,50
117776,1,50
117805,1,50
117816,1,50
117859,1,50
117907,1,50
118031,1,50
118038,1,50
118068,1,50
118071,1,50
118130,1,50
118139,1,50
118185,1,50
118195,1,50
118212,1,50
118215,1,50
118263,1,50
118301,1,50
118343,1,50
118344,1,50
118351,1,50
118466,1,50
118514,1,50
118521,1,50
118548,1,50
118571,1,50
118629,1,50
118651,1,50
118802,1,50
118814,1,50
118904,1,50
119009,1,50
119068,1,50
119292,1,50
119546,1,50
119610,1,50
119623,1,50
119632,1,50
119696,1,50
119700,1,50
119701,1,50
119749,1,50
119756,1,50
119781,1,50
119784,1,50
119882,1,50
119884,1,50
119958,1,50
120081,1,50
120135,1,50
120146,1,50
120299,1,50
120320,1,50
120371,1,50
120408,1,50
120426,1,50
120577,1,50
120619,1,50
120687,1,50
120747,1,50
120789,1,50
120797,1,50
120848,1,50
120982,1,50
120993,1,50
121001,1,50
121006,1,50
121071,1,50
121121,1,50
121147,1,50
121212,1,50
121292,1,50
121292,1,50
121301,1,50
121308,1,50
121308,1,50
121346,1,50
121377,1,50
121396,1,50
121429,1,50
121457,1,50
121519,1,50
121566,1,50
122094,1,50
122142,1,50
122174,1,50
122191,1,50
122200,1,50
122247,1,50
122323,1,50
122358,1,50
122392,1,50
122410,1,50
122454,1,50
122479,1,50
122498,1,50
122668,1,50
122805,1,50
122876,1,50
123005,1,50
123013,1,50
123078,1,50
123134,1,50
123157,1,50
123233,1,50
123269,1,50
123339,1,50
123392,1,50
123433,1,50
123443,1,50
123573,1,50
123574,1,50
123587,1,50
123615,1,50
123637,1,50
123861,1,50
123867,1,50
124044,1,50
124095,1,50
124187,1,50
124204,1,50
124343,1,50
124375,1,50
124394,1,50
124469,1,50
124501,1,50
124526,1,50
124641,1,50
124650,1,50
124792,1,50
124920,1,50
124959,1,50
125051,1,50
125122,1,50
125128,1,50
125264,1,50
125348,1,50
125352,1,50
125370,1,50
125476,1,50
125488,1,50
125496,1,50
125549,1,50
125556,1,50
125595,1,50
125628,1,50
125730,1,50
125779,1,50
126100,1,50
126251,1,50
126251,1,50
126328,1,50
126344,1,50
126552,1,50
126772,1,50
126794,1,50
126863,1,50
126870,1,50
126884,1,50
126921,1,50
126956,1,50
126978,1,50
127011,1,50
127053,1,50
127091,1,50
127166,1,50
127177,1,50
127268,1,50
127314,1,50
127321,1,50
127493,1,50
127670,1,50
127695,1,50
127787,1,50
127896,1,50
128074,1,50
128125,1,50
128148,1,50
128282,1,50
128295,1,50
128329,1,50
128434,1,50
128457,1,50
128534,1,50
128579,1,50
128604,1,50
128621,1,50
128646,1,50
128666,1,50
128688,1,50
128771,1,50
128978,1,50
129042,1,50
129046,1,50
129053,1,50
129058,1,50
129162,1,50
129189,1,50
129231,1,50
129270,1,50
129271,1,50
129294,1,50
129305,1,50
129437,1,50
129510,1,50
129832,1,50
129905,1,50
129924,1,50
129933,1,50
129939,1,50
130005,1,50
130067,1,50
130196,1,50
130231,1,50
130241,1,50
130332,1,50
130386,1,50
130426,1,50
130479,1,50
130485,1,50
130762,1,50
130791,1,50
130980,1,50
131047,1,50
131113,1,50
131244,1,50
131329,1,50
131479,1,50
131646,1,50
131718,1,50
131724,1,50
131768,1,50
131772,1,50
131808,1,50
131895,1,50
132239,1,50
132250,1,50
132319,1,50
132363,1,50
132510,1,50
132558,1,50
132682,1,50
132754,1,50
132888,1,50
133051,1,50
133087,1,50
133210,1,50
133280,1,50
133295,1,50
133374,1,50
133520,1,50
133575,1,50
133595,1,50
133640,1,50
133658,1,50
134091,1,50
134200,1,50
134236,1,50
134277,1,50
134297,1,50
134374,1,50
134445,1,50
134515,1,50
134583,1,50
134748,1,50
135131,1,50
135175,1,50
135233,1,50
135283,1,50
135289,1,50
135395,1,50
135395,1,50
135655,1,50
135906,1,50
136026,1,50
136111,1,50
136217,1,50
136218,1,50
136285,1,50
136368,1,50
136420,1,50
136495,1,50
136503,1,50
136854,1,50
136918,1,50
137018,1,50
137034,1,50
137035,1,50
137084,1,50
137163,1,50
137166,1,50
137492,1,50
137689,1,50
137814,1,50
137844,1,50
137924,1,50
137976,1,50
138071,1,50
138118,1,50
138184,1,50
138337,1,50
138409,1,50
138543,1,50
138543,1,50
138701,1,50
138902,1,50
138948,1,50
138983,1,50
139210,1,50
139315,1,50
139320,1,50
139553,1,50
139840,1,50
140191,1,50
140197,1,50
140227,1,50
140255,1,50
140290,1,50
140333,1,50
140340,1,50
140410,1,50
140430,1,50
140457,1,50
140515,1,50
140635,1,50
140638,1,50
140770,1,50
140814,1,50
141045,1,50
141061,1,50
141193,1,50
141306,1,50
141353,1,50
141745,1,50
141999,1,50
142055,1,50
142258,1,50
142285,1,50
142376,1,50
142709,1,50
142810,1,50
142905,1,50
143055,1,50
143165,1,50
143284,1,50
143351,1,50
143417,1,50
143425,1,50
143431,1,50
143467,1,50
144072,1,50
144217,1,50
144435,1,50
144989,1,50
145033,1,50
145102,1,50
145180,1,50
145203,1,50
145319,1,50
145437,1,50
145459,1,50
145548,1,50
145722,1,50
145834,1,50
145868,1,50
145898,1,50
146119,1,50
146386,1,50
146407,1,50
146494,1,50
146509,1,50
146779,1,50
146845,1,50
147285,1,50
147317,1,50
147382,1,50
147388,1,50
147391,1,50
147408,1,50
147677,1,50
147693,1,50
147820,1,50
148708,1,50
148990,1,50
149027,1,50
149132,1,50
149228,1,50
149329,1,50
149413,1,50
149493,1,50
149575,1,50
149736,1,50
150063,1,50
150477,1,50
150922,1,50
151038,1,50
151150,1,50
151194,1,50
151277,1,50
151329,1,50
151413,1,50
151511,1,50
152023,1,50
152109,1,50
152150,1,50
152161,1,50
152428,1,50
152456,1,50
152569,1,50
152603,1,50
152863,1,50
152894,1,50
153075,1,50
153246,1,50
153378,1,50
153618,1,50
153716,1,50
153741,1,50
153834,1,50
153897,1,50
154088,1,50
154114,1,50
154126,1,50
154183,1,50
154191,1,50
154765,1,50
155098,1,50
155244,1,50
155386,1,50
155704,1,50
155722,1,50
155788,1,50
156051,1,50
156222,1,50
156246,1,50
156284,1,50
157136,1,50
157280,1,50
157882,1,50
157988,1,50
158136,1,50
158199,1,50
158213,1,50
158276,1,50
158572,1,50
158903,1,50
159010,1,50
159226,1,50
159671,1,50
159717,1,50
159731,1,50
159944,1,50
159945,1,50
159965,1,50
160085,1,50
160118,1,50
160189,1,50
160299,1,50
161001,1,50
161270,1,50
161584,1,50
162343,1,50
162841,1,50
163092,1,50
163141,1,50
163221,1,50
163368,1,50
163571,1,50
164023,1,50
164044,1,50
164068,1,50
164071,1,50
164140,1,50
164216,1,50
164319,1,50
164340,1,50
164456,1,50
164456,1,50
164497,1,50
164506,1,50
165045,1,50
165150,1,50
165339,1,50
165518,1,50
165576,1,50
165596,1,50
166251,1,50
166390,1,50
166487,1,50
166555,1,50
166710,1,50
166783,1,50
167073,1,50
167285,1,50
167545,1,50
167697,1,50
167730,1,50
168450,1,50
168918,1,50
168939,1,50
169428,1,50
169455,1,50
169761,1,50
169894,1,50
170067,1,50
170088,1,50
170137,1,50
170197,1,50
170212,1,50
170820,1,50
171352,1,50
171413,1,50
171566,1,50
171683,1,50
172151,1,50
172213,1,50
172214,1,50
172717,1,50
172907,1,50
173060,1,50
173061,1,50
173629,1,50
174011,1,50
174104,1,50
174950,1,50
175202,1,50
175224,1,50
175825,1,50
176262,1,50
176302,1,50
176498,1,50
176620,1,50
176657,1,50
176785,1,50
176805,1,50
176812,1,50
176858,1,50
176946,1,50
177041,1,50
177050,1,50
177059,1,50
177113,1,50
177224,1,50
177323,1,50
177336,1,50
177355,1,50
178013,1,50
178162,1,50
178542,1,50
178615,1,50
178865,1,50
179097,1,50
179173,1,50
179191,1,50
179220,1,50
179272,1,50
179503,1,50
179598,1,50
179835,1,50
180103,1,50
180309,1,50
180665,1,50
181182,1,50
181380,1,50
181646,1,50
181845,1,50
181857,1,50
182038,1,50
182615,1,50
182847,1,50
182972,1,50
183025,1,50
183043,1,50
183045,1,50
183162,1,50
183166,1,50
183185,1,50
183302,1,50
183528,1,50
184436,1,50
184443,1,50
184465,1,50
184808,1,50
184908,1,50
185458,1,50
186007,1,50
186181,1,50
186342,1,50
186440,1,50
186729,1,50
186909,1,50
187021,1,50
187082,1,50
187374,1,50
187792,1,50
187960,1,50
188079,1,50
188096,1,50
188147,1,50
188200,1,50
188250,1,50
188313,1,50
188341,1,50
188365,1,50
188412,1,50
188611,1,50
188693,1,50
188737,1,50
188792,1,50
189042,1,50
189274,1,50
189343,1,50
189452,1,50
189517,1,50
190279,1,50
190343,1,50
191055,1,50
191113,1,50
191134,1,50
191931,1,50
191979,1,50
191982,1,50
192224,1,50
192353,1,50
192358,1,50
192383,1,50
192871,1,50
193047,1,50
193181,1,50
193341,1,50
193498,1,50
193732,1,50
193883,1,50
194076,1,50
194118,1,50
194248,1,50
194302,1,50
194419,1,50
194834,1,50
194988,1,50
195012,1,50
195024,1,50
195061,1,50
195063,1,50
195089,1,50
195124,1,50
196299,1,50
196439,1,50
196601,1,50
196613,1,50
196683,1,50
197283,1,50
197288,1,50
197423,1,50
197504,1,50
198226,1,50
198289,1,50
198367,1,50
198562,1,50
198826,1,50
199094,1,50
199220,1,50
199619,1,50
200065,1,50
200152,1,50
200185,1,50
200209,1,50
200420,1,50
200420,1,50
200454,1,50
200484,1,50
200550,1,50
200608,1,50
200878,1,50
200988,1,50
201020,1,50
201074,1,50
201208,1,50
201269,1,50
201304,1,50
201305,1,50
201350,1,50
201452,1,50
201591,1,50
201929,1,50
202231,1,50
202269,1,50
202290,1,50
202293,1,50
202742,1,50
202851,1,50
202987,1,50
203031,1,50
203033,1,50
203100,1,50
203139,1,50
203190,1,50
203569,1,50
203598,1,50
203688,1,50
204008,1,50
204490,1,50
204591,1,50
204628,1,50
204803,1,50
205053,1,50
205324,1,50
205338,1,50
205617,1,50
206053,1,50
206073,1,50
206241,1,50
206298,1,50
206429,1,50
206615,1,50
206800,1,50
206937,1,50
207112,1,50
207125,1,50
207139,1,50
207192,1,50
207217,1,50
207413,1,50
207437,1,50
207517,1,50
207597,1,50
208224,1,50
208304,1,50
208579,1,50
209043,1,50
209912,1,50
210008,1,50
210126,1,50
210239,1,50
210296,1,50
210320,1,50
210465,1,50
210470,1,50
210523,1,50
211245,1,50
211349,1,50
211545,1,50
211850,1,50
211885,1,50
211997,1,50
212081,1,50
212114,1,50
212230,1,50
212298,1,50
212442,1,50
212449,1,50
212491,1,50
212632,1,50
212688,1,50
212725,1,50
212741,1,50
212777,1,50
212951,1,50
212968,1,50
212983,1,50
213004,1,50
213093,1,50
213409,1,50
213410,1,50
213453,1,50
213545,1,50
213755,1,50
213909,1,50
213981,1,50
214080,1,50
214303,1,50
214426,1,50
214689,1,50
214975,1,50
214978,1,50
215015,1,50
215073,1,50
215128,1,50
215138,1,50
215188,1,50
215214,1,50
215475,1,50
215544,1,50
215676,1,50
215698,1,50
216386,1,50
216412,1,50
216495,1,50
216533,1,50
216775,1,50
216900,1,50
217144,1,50
217194,1,50
217241,1,50
217284,1,50
217520,1,50
217552,1,50
217590,1,50
217657,1,50
218267,1,50
218281,1,50
218312,1,50
218431,1,50
218437,1,50
219125,1,50
219317,1,50
219369,1,50
219391,1,50
219504,1,50
219538,1,50
219567,1,50
219612,1,50
219625,1,50
219793,1,50
219796,1,50
219801,1,50
220086,1,50
220188,1,50
220398,1,50
220819,1,50
220963,1,50
221199,1,50
221219,1,50
221260,1,50
221563,1,50
221597,1,50
221666,1,50
221766,1,50
221803,1,50
222005,1,50
222192,1,50
222198,1,50
222233,1,50
222409,1,50
222422,1,50
222423,1,50
222458,1,50
223306,1,50
223500,1,50
223587,1,50
223642,1,50
223645,1,50
223731,1,50
223914,1,50
223957,1,50
224080,1,50
224155,1,50
224208,1,50
224225,1,50
224268,1,50
224451,1,50
224462,1,50
224711,1,50
224721,1,50
224803,1,50
224813,1,50
224815,1,50
224879,1,50
224932,1,50
224944,1,50
224977,1,50
225005,1,50
225041,1,50
225098,1,50
225130,1,50
225302,1,50
225400,1,50
225425,1,50
225456,1,50
225533,1,50
225550,1,50
225630,1,50
225649,1,50
225668,1,50
225679,1,50
225682,1,50
225698,1,50
225742,1,50
226142,1,50
226215,1,50
226292,1,50
226371,1,50
226425,1,50
226454,1,50
226469,1,50
226536,1,50
226751,1,50
226971,1,50
227025,1,50
227046,1,50
227050,1,50
227078,1,50
227128,1,50
227198,1,50
227229,1,50
227258,1,50
227303,1,50
227322,1,50
227340,1,50
227356,1,50
227504,1,50
227553,1,50
227573,1,50
227584,1,50
227599,1,50
227613,1,50
227650,1,50
228021,1,50
228221,1,50
228312,1,50
228314,1,50
228400,1,50
228611,1,50
228686,1,50
228736,1,50
228741,1,50
228788,1,50
228806,1,50
228852,1,50
229002,1,50
229012,1,50
229021,1,50
229045,1,50
229140,1,50
229252,1,50
229320,1,50
229494,1,50
229535,1,50
229581,1,50
229698,1,50
229712,1,50
230008,1,50
230073,1,50
230076,1,50
230089,1,50
230094,1,50
230113,1,50
230121,1,50
230131,1,50
230258,1,50
230337,1,50
230361,1,50
230394,1,50
230418,1,50
230431,1,50
230479,1,50
231168,1,50
231296,1,50
231304,1,50
231341,1,50
231492,1,50
231528,1,50
231705,1,50
231708,1,50
231781,1,50
231849,1,50
231853,1,50
231924,1,50
232241,1,50
232388,1,50
232709,1,50
232752,1,50
232770,1,50
232808,1,50
232825,1,50
232938,1,50
233010,1,50
233057,1,50
233063,1,50
233102,1,50
233136,1,50
233269,1,50
233355,1,50
233377,1,50
233398,1,50
233424,1,50
233478,1,50
233489,1,50
233553,1,50
233670,1,50
234014,1,50
234061,1,50
234147,1,50
234151,1,50
234154,1,50
234171,1,50
234219,1,50
234234,1,50
234263,1,50
234286,1,50
234334,1,50
234362,1,50
234518,1,50
235061,1,50
235096,1,50
235200,1,50
235264,1,50
235267,1,50
235350,1,50
235512,1,50
235643,1,50
235669,1,50
235738,1,50
235945,1,50
236018,1,50
236035,1,50
236081,1,50
236094,1,50
236149,1,50
236192,1,50
236265,1,50
236278,1,50
236291,1,50
236291,1,50
236293,1,50
236298,1,50
236318,1,50
236377,1,50
236409,1,50
236435,1,50
236469,1,50
236485,1,50
236517,1,50
236565,1,50
236621,1,50
236694,1,50
236704,1,50
236757,1,50
237057,1,50
237101,1,50
237184,1,50
237335,1,50
237430,1,50
237448,1,50
237498,1,50
237521,1,50
237528,1,50
237571,1,50
237574,1,50
237689,1,50
237874,1,50
237964,1,50
238006,1,50
238015,1,50
238028,1,50
238441,1,50
238450,1,50
238461,1,50
238519,1,50
238632,1,50
238676,1,50
238793,1,50
238875,1,50
239021,1,50
239054,1,50
239073,1,50
239110,1,50
239150,1,50
239167,1,50
239179,1,50
239232,1,50
239253,1,50
239273,1,50
239374,1,50
239374,1,50
239416,1,50
239436,1,50
239470,1,50
239487,1,50
239496,1,50
239613,1,50
239731,1,50
239746,1,50
240278,1,50
240434,1,50
240489,1,50
240537,1,50
240564,1,50
240592,1,50
241045,1,50
241112,1,50
241140,1,50
241142,1,50
241148,1,50
241193,1,50
241203,1,50
241217,1,50
241220,1,50
241235,1,50
241315,1,50
241328,1,50
241354,1,50
241364,1,50
241391,1,50
241481,1,50
241523,1,50
241571,1,50
241697,1,50
241707,1,50
241912,1,50
242007,1,50
242115,1,50
242360,1,50
242375,1,50
242384,1,50
242489,1,50
242640,1,50
242661,1,50
242697,1,50
242757,1,50
242877,1,50
242927,1,50
242930,1,50
242992,1,50
243044,1,50
243054,1,50
243143,1,50
243174,1,50
243229,1,50
243275,1,50
243341,1,50
243478,1,50
243541,1,50
243542,1,50
243553,1,50
243567,1,50
243664,1,50
243673,1,50
243802,1,50
243825,1,50
244120,1,50
244200,1,50
244263,1,50
244284,1,50
244298,1,50
244335,1,50
244350,1,50
244533,1,50
244539,1,50
244588,1,50
244640,1,50
244742,1,50
244771,1,50
245032,1,50
245074,1,50
245235,1,50
245423,1,50
245489,1,50
245677,1,50
245679,1,50
245776,1,50
245820,1,50
245863,1,50
245925,1,50
246062,1,50
246064,1,50
246067,1,50
246134,1,50
246238,1,50
246306,1,50
246335,1,50
246424,1,50
246575,1,50
246628,1,50
246728,1,50
246736,1,50
246822,1,50
246904,1,50
247102,1,50
247108,1,50
247359,1,50
247431,1,50
247461,1,50
247474,1,50
247578,1,50
247658,1,50
247760,1,50
247833,1,50
248167,1,50
248195,1,50
248219,1,50
248238,1,50
248241,1,50
248287,1,50
248360,1,50
248538,1,50
248557,1,50
248643,1,50
248661,1,50
248678,1,50
248689,1,50
248768,1,50
248790,1,50
248862,1,50
248916,1,50
248923,1,50
248944,1,50
249062,1,50
249164,1,50
249264,1,50
249328,1,50
249356,1,50
249362,1,50
249405,1,50
249700,1,50
249734,1,50
249851,1,50
249892,1,50
249905,1,50
250062,1,50
250070,1,50
250084,1,50
250238,1,50
250300,1,50
250302,1,50
250351,1,50
250422,1,50
250442,1,50
250597,1,50
250673,1,50
251042,1,50
251134,1,50
251176,1,50
251186,1,50
251219,1,50
251277,1,50
251361,1,50
251397,1,50
251434,1,50
251701,1,50
251828,1,50
251909,1,50
252045,1,50
252090,1,50
252100,1,50
252254,1,50
252380,1,50
252493,1,50
252511,1,50
252562,1,50
252571,1,50
252651,1,50
252708,1,50
252777,1,50
253072,1,50
253102,1,50
253144,1,50
253197,1,50
253209,1,50
253507,1,50
253630,1,50
253746,1,50
253833,1,50
253836,1,50
254004,1,50
254040,1,50
254214,1,50
254257,1,50
254460,1,50
254537,1,50
254654,1,50
254812,1,50
254837,1,50
254887,1,50
254937,1,50
254941,1,50
255076,1,50
255103,1,50
255279,1,50
255280,1,50
255305,1,50
255337,1,50
255474,1,50
255501,1,50
255502,1,50
255553,1,50
255722,1,50
255723,1,50
255737,1,50
256095,1,50
256130,1,50
256414,1,50
256504,1,50
256510,1,50
256542,1,50
256585,1,50
256636,1,50
256652,1,50
256728,1,50
257059,1,50
257116,1,50
257429,1,50
257628,1,50
257681,1,50
257695,1,50
257708,1,50
257793,1,50
257987,1,50
258115,1,50
258136,1,50
258149,1,50
258223,1,50
258292,1,50
258300,1,50
258319,1,50
258465,1,50
258487,1,50
258494,1,50
258669,1,50
258670,1,50
259003,1,50
259321,1,50
259732,1,50
259800,1,50
259961,1,50
260058,1,50
260154,1,50
260255,1,50
260287,1,50
260344,1,50
260377,1,50
260447,1,50
260451,1,50
260482,1,50
260537,1,50
260557,1,50
260564,1,50
260689,1,50
260834,1,50
260854,1,50
260919,1,50
260928,1,50
261073,1,50
261201,1,50
261307,1,50
261353,1,50
261365,1,50
261498,1,50
261527,1,50
261550,1,50
261666,1,50
261917,1,50
262090,1,50
262261,1,50
262318,1,50
262364,1,50
262382,1,50
262534,1,50
262578,1,50
262628,1,50
262733,1,50
263071,1,50
263082,1,50
263138,1,50
263165,1,50
263184,1,50
263240,1,50
263274,1,50
263281,1,50
264014,1,50
264082,1,50
264094,1,50
264195,1,50
264513,1,50
264608,1,50
265401,1,50
265545,1,50
265619,1,50
265634,1,50
265815,1,50
265951,1,50
266064,1,50
266152,1,50
266211,1,50
266509,1,50
266585,1,50
266648,1,50
266658,1,50
267116,1,50
267587,1,50
267617,1,50
267617,1,50
267671,1,50
267740,1,50
268222,1,50
268491,1,50
268715,1,50
269079,1,50
269395,1,50
269438,1,50
269570,1,50
269594,1,50
270137,1,50
270480,1,50
270614,1,50
270728,1,50
270800,1,50
271041,1,50
271125,1,50
271610,1,50
271901,1,50
272200,1,50
272283,1,50
272359,1,50
272381,1,50
273096,1,50
273359,1,50
273400,1,50
273603,1,50
274050,1,50
274464,1,50
274546,1,50
274579,1,50
275094,1,50
275195,1,50
275310,1,50
276142,1,50
276595,1,50
276775,1,50
277159,1,50
277181,1,50
277273,1,50
278430,1,50
279200,1,50
279463,1,50
280183,1,50
280650,1,50
280935,1,50
280978,1,50
281700,1,50
281729,1,50
281759,1,50
281879,1,50
282049,1,50
282169,1,50
282403,1,50
282481,1,50
282516,1,50
282575,1,50
282623,1,50
282680,1,50
282898,1,50
283114,1,50
283125,1,50
283171,1,50
283419,1,50
283575,1,50
283594,1,50
283660,1,50
283670,1,50
284306,1,50
284344,1,50
285213,1,50
286175,1,50
286303,1,50
286360,1,50
286469,1,50
286489,1,50
286707,1,50
287181,1,50
287438,1,50
287501,1,50
288193,1,50
288545,1,50
288907,1,50
289392,1,50
289483,1,50
290308,1,50
