48,1,200
94,1,200
133,1,200
147,1,200
323,1,200
436,1,200
532,1,200
587,1,200
695,1,200
707,1,200
1161,1,200
1323,1,200
1349,1,200
1920,1,200
1930,1,200
2039,1,200
2061,1,200
2095,1,200
2101,1,200
2156,1,200
2157,1,200
2191,1,200
2205,1,200
2284,1,200
2285,1,200
2299,1,200
2328,1,200
2603,1,200
3071,1,200
3073,1,200
3394,1,200
3617,1,200
3757,1,200
4042,1,200
4101,1,200
4114,1,200
4233,1,200
4256,1,200
4366,1,200
4368,1,200
4439,1,200
4492,1,200
4545,1,200
4623,1,200
4666,1,200
4785,1,200
4896,1,200
4962,1,200
5006,1,200
5008,1,200
5045,1,200
5072,1,200
5196,1,200
5228,1,200
5454,1,200
6101,1,200
6193,1,200
6210,1,200
6279,1,200
6318,1,200
6349,1,200
6386,1,200
7103,1,200
7192,1,200
7217,1,200
7622,1,200
7784,1,200
7793,1,200
8005,1,200
8241,1,200
8317,1,200
8557,1,200
8698,1,200
8751,1,200
8778,1,200
9003,1,200
9043,1,200
9235,1,200
9295,1,200
9366,1,200
9378,1,200
9438,1,200
9536,1,200
9577,1,200
9870,1,200
9910,1,200
10003,1,200
10005,1,200
10049,1,200
10061,1,200
10064,1,200
10136,1,200
10162,1,200
10165,1,200
10184,1,200
10189,1,200
10210,1,200
10227,1,200
10234,1,200
10310,1,200
10352,1,200
10432,1,200
10448,1,200
10571,1,200
10583,1,200
10598,1,200
10799,1,200
10872,1,200
10933,1,200
11016,1,200
11019,1,200
11044,1,200
11172,1,200
11312,1,200
11475,1,200
11520,1,200
11600,1,200
11617,1,200
11620,1,200
12027,1,200
12034,1,200
12082,1,200
12083,1,200
12259,1,200
12369,1,200
12519,1,200
12530,1,200
12535,1,200
12581,1,200
12637,1,200
13025,1,200
13187,1,200
13208,1,200
13306,1,200
13446,1,200
13458,1,200
13470,1,200
13533,1,200
13792,1,200
14129,1,200
14156,1,200
14247,1,200
14296,1,200
14298,1,200
14300,1,200
14324,1,200
14371,1,200
14399,1,200
14521,1,200
14668,1,200
14960,1,200
15009,1,200
15019,1,200
15054,1,200
15176,1,200
15196,1,200
15216,1,200
15603,1,200
15729,1,200
15738,1,200
16044,1,200
16060,1,200
16066,1,200
16102,1,200
16185,1,200
16198,1,200
16315,1,200
16358,1,200
16404,1,200
16450,1,200
16455,1,200
16607,1,200
17263,1,200
17507,1,200
17973,1,200
18757,1,200
19074,1,200
19183,1,200
19318,1,200
19700,1,200
19759,1,200
20131,1,200
20394,1,200
20572,1,200
20707,1,200
20935,1,200
21084,1,200
21129,1,200
21170,1,200
21172,1,200
21223,1,200
21274,1,200
21398,1,200
21411,1,200
21467,1,200
21556,1,200
21560,1,200
21581,1,200
21596,1,200
21703,1,200
21705,1,200
21831,1,200
21850,1,200
21903,1,200
22032,1,200
22039,1,200
22052,1,200
22068,1,200
22071,1,200
22164,1,200
22170,1,200
22179,1,200
22184,1,200
22196,1,200
22204,1,200
22220,1,200
22279,1,200
22562,1,200
22565,1,200
22592,1,200
22655,1,200
22709,1,200
22756,1,200
22765,1,200
22847,1,200
23057,1,200
23294,1,200
23296,1,200
23376,1,200
23400,1,200
23530,1,200
23674,1,200
23742,1,200
23750,1,200
23804,1,200
23853,1,200
24065,1,200
24144,1,200
24154,1,200
24158,1,200
24191,1,200
24249,1,200
24298,1,200
24466,1,200
24517,1,200
24599,1,200
24650,1,200
24727,1,200
24743,1,200
24753,1,200
24770,1,200
24833,1,200
25180,1,200
25204,1,200
25206,1,200
25216,1,200
25312,1,200
25531,1,200
25769,1,200
26223,1,200
26248,1,200
26353,1,200
26380,1,200
26413,1,200
26942,1,200
27020,1,200
27045,1,200
27099,1,200
27137,1,200
27155,1,200
27160,1,200
27174,1,200
27229,1,200
27253,1,200
27323,1,200
27376,1,200
27398,1,200
27427,1,200
27435,1,200
27453,1,200
27494,1,200
28031,1,200
28033,1,200
28049,1,200
28282,1,200
28332,1,200
28359,1,200
28397,1,200
28441,1,200
28452,1,200
28465,1,200
28649,1,200
28662,1,200
28730,1,200
29173,1,200
29271,1,200
29601,1,200
29674,1,200
30004,1,200
30051,1,200
30055,1,200
30146,1,200
30149,1,200
30194,1,200
30301,1,200
30314,1,200
30316,1,200
30334,1,200
30513,1,200
30607,1,200
30632,1,200
31041,1,200
31101,1,200
31128,1,200
31148,1,200
31163,1,200
31175,1,200
31191,1,200
31227,1,200
31333,1,200
31349,1,200
31401,1,200
31777,1,200
32243,1,200
32430,1,200
32471,1,200
32989,1,200
33034,1,200
33048,1,200
33062,1,200
33070,1,200
33111,1,200
33131,1,200
33157,1,200
33217,1,200
33309,1,200
33343,1,200
33376,1,200
33377,1,200
33380,1,200
33407,1,200
33420,1,200
33426,1,200
33468,1,200
33503,1,200
33510,1,200
33560,1,200
33600,1,200
33651,1,200
33740,1,200
33740,1,200
33753,1,200
33766,1,200
33768,1,200
33792,1,200
33832,1,200
33849,1,200
33855,1,200
33887,1,200
33904,1,200
33922,1,200
33946,1,200
34039,1,200
34042,1,200
34075,1,200
34086,1,200
34115,1,200
34216,1,200
34436,1,200
34495,1,200
34500,1,200
34500,1,200
34507,1,200
34515,1,200
34552,1,200
34571,1,200
34589,1,200
34609,1,200
34633,1,200
34673,1,200
34749,1,200
35035,1,200
35109,1,200
35122,1,200
35286,1,200
35303,1,200
35329,1,200
35338,1,200
35380,1,200
35418,1,200
35663,1,200
35730,1,200
35763,1,200
35860,1,200
35895,1,200
35971,1,200
36027,1,200
36066,1,200
36387,1,200
36401,1,200
36419,1,200
36429,1,200
36433,1,200
36468,1,200
36491,1,200
36531,1,200
36616,1,200
36625,1,200
36681,1,200
36685,1,200
36721,1,200
37132,1,200
37195,1,200
37197,1,200
37328,1,200
37524,1,200
37593,1,200
38058,1,200
38154,1,200
38172,1,200
38271,1,200
38273,1,200
38326,1,200
38334,1,200
38347,1,200
38525,1,200
38614,1,200
38656,1,200
38679,1,200
38692,1,200
38705,1,200
38706,1,200
38751,1,200
38752,1,200
38776,1,200
38783,1,200
38851,1,200
39113,1,200
39113,1,200
39197,1,200
39204,1,200
39209,1,200
39255,1,200
39342,1,200
39399,1,200
39463,1,200
39550,1,200
39708,1,200
39711,1,200
39742,1,200
39759,1,200
39841,1,200
39880,1,200
40048,1,200
40082,1,200
40190,1,200
40210,1,200
40308,1,200
40342,1,200
40475,1,200
40544,1,200
40608,1,200
40657,1,200
40708,1,200
40738,1,200
40765,1,200
40861,1,200
40935,1,200
40948,1,200
40966,1,200
41100,1,200
41266,1,200
41323,1,200
41347,1,200
41389,1,200
41541,1,200
41552,1,200
41632,1,200
41640,1,200
41720,1,200
41789,1,200
41791,1,200
41876,1,200
41994,1,200
42083,1,200
42091,1,200
42184,1,200
42328,1,200
42477,1,200
42597,1,200
42627,1,200
42709,1,200
42710,1,200
42741,1,200
42782,1,200
42788,1,200
42874,1,200
43040,1,200
43252,1,200
43300,1,200
43340,1,200
43563,1,200
43657,1,200
43743,1,200
43818,1,200
43901,1,200
43938,1,200
44005,1,200
44150,1,200
44187,1,200
44210,1,200
44239,1,200
44363,1,200
44375,1,200
44389,1,200
44402,1,200
44405,1,200
44413,1,200
44480,1,200
44670,1,200
44731,1,200
44737,1,200
44791,1,200
44879,1,200
44965,1,200
45020,1,200
45024,1,200
45063,1,200
45067,1,200
45075,1,200
45082,1,200
45086,1,200
45127,1,200
45221,1,200
45244,1,200
45292,1,200
45303,1,200
45304,1,200
45342,1,200
45345,1,200
45356,1,200
45356,1,200
45506,1,200
45546,1,200
45561,1,200
45586,1,200
45614,1,200
45656,1,200
45697,1,200
45705,1,200
45766,1,200
45794,1,200
45843,1,200
45870,1,200
45886,1,200
45897,1,200
45920,1,200
45935,1,200
45941,1,200
45944,1,200
45991,1,200
46064,1,200
46084,1,200
46093,1,200
46098,1,200
46203,1,200
46256,1,200
46325,1,200
46337,1,200
46345,1,200
46350,1,200
46367,1,200
46369,1,200
46574,1,200
46647,1,200
46668,1,200
46674,1,200
46730,1,200
46779,1,200
46803,1,200
46867,1,200
46905,1,200
46914,1,200
46920,1,200
46932,1,200
46945,1,200
46971,1,200
47012,1,200
47015,1,200
47030,1,200
47042,1,200
47077,1,200
47084,1,200
47097,1,200
47186,1,200
47208,1,200
47240,1,200
47286,1,200
47332,1,200
47333,1,200
47343,1,200
47351,1,200
47354,1,200
47449,1,200
47490,1,200
47497,1,200
47554,1,200
47570,1,200
47640,1,200
47641,1,200
47661,1,200
47666,1,200
47699,1,200
47699,1,200
47719,1,200
47743,1,200
47746,1,200
47783,1,200
47788,1,200
47822,1,200
47974,1,200
48004,1,200
48027,1,200
48038,1,200
48076,1,200
48129,1,200
48160,1,200
48170,1,200
48174,1,200
48181,1,200
48222,1,200
48228,1,200
48232,1,200
48303,1,200
48323,1,200
48362,1,200
48386,1,200
48486,1,200
48540,1,200
48542,1,200
48586,1,200
48589,1,200
48600,1,200
48633,1,200
48639,1,200
48727,1,200
48779,1,200
48830,1,200
48839,1,200
48882,1,200
48930,1,200
48968,1,200
49045,1,200
49051,1,200
49115,1,200
49161,1,200
49170,1,200
49188,1,200
49199,1,200
49305,1,200
49311,1,200
49326,1,200
49328,1,200
49328,1,200
49330,1,200
49373,1,200
49410,1,200
49411,1,200
49416,1,200
49457,1,200
49555,1,200
49570,1,200
49587,1,200
49596,1,200
49635,1,200
49646,1,200
49704,1,200
49753,1,200
49812,1,200
49835,1,200
50002,1,200
50014,1,200
50056,1,200
50084,1,200
50110,1,200
50147,1,200
50208,1,200
50358,1,200
50468,1,200
50547,1,200
50589,1,200
50626,1,200
50672,1,200
50674,1,200
50677,1,200
50720,1,200
50805,1,200
50834,1,200
50850,1,200
50858,1,200
50898,1,200
50917,1,200
50935,1,200
50948,1,200
50960,1,200
50965,1,200
50990,1,200
51026,1,200
51027,1,200
51031,1,200
51032,1,200
51042,1,200
51061,1,200
51119,1,200
51144,1,200
51157,1,200
51177,1,200
51223,1,200
51277,1,200
51278,1,200
51333,1,200
51352,1,200
51393,1,200
51415,1,200
51418,1,200
51423,1,200
51437,1,200
51450,1,200
51462,1,200
51529,1,200
51575,1,200
51606,1,200
51685,1,200
51699,1,200
51761,1,200
51770,1,200
51784,1,200
51804,1,200
51811,1,200
52126,1,200
52130,1,200
52153,1,200
52244,1,200
52292,1,200
52313,1,200
52361,1,200
52366,1,200
52426,1,200
52448,1,200
52502,1,200
52523,1,200
52534,1,200
52557,1,200
52564,1,200
52593,1,200
52607,1,200
52641,1,200
52656,1,200
52658,1,200
52752,1,200
52755,1,200
52766,1,200
52793,1,200
52802,1,200
52835,1,200
52849,1,200
52908,1,200
52942,1,200
53006,1,200
53075,1,200
53089,1,200
53102,1,200
53137,1,200
53140,1,200
53151,1,200
53177,1,200
53215,1,200
53217,1,200
53238,1,200
53300,1,200
53356,1,200
53357,1,200
53411,1,200
53430,1,200
53561,1,200
53577,1,200
53590,1,200
53647,1,200
53666,1,200
53675,1,200
53708,1,200
53729,1,200
53805,1,200
53862,1,200
54052,1,200
54132,1,200
54150,1,200
54195,1,200
54234,1,200
54243,1,200
54306,1,200
54340,1,200
54370,1,200
54413,1,200
54436,1,200
54458,1,200
54498,1,200
54508,1,200
54552,1,200
54624,1,200
54755,1,200
54779,1,200
54852,1,200
54858,1,200
54943,1,200
54974,1,200
54974,1,200
55069,1,200
55073,1,200
55108,1,200
55152,1,200
55208,1,200
55283,1,200
55319,1,200
55334,1,200
55352,1,200
55355,1,200
55405,1,200
55427,1,200
55429,1,200
55509,1,200
55565,1,200
55579,1,200
55606,1,200
55702,1,200
55721,1,200
55728,1,200
55787,1,200
55788,1,200
55855,1,200
55928,1,200
55984,1,200
55996,1,200
56003,1,200
56045,1,200
56064,1,200
56065,1,200
56110,1,200
56132,1,200
56163,1,200
56248,1,200
56267,1,200
56382,1,200
56450,1,200
56470,1,200
56504,1,200
56516,1,200
56618,1,200
56701,1,200
56720,1,200
56886,1,200
56958,1,200
57024,1,200
57029,1,200
57055,1,200
57056,1,200
57063,1,200
57105,1,200
57115,1,200
57126,1,200
57140,1,200
57143,1,200
57153,1,200
57160,1,200
57165,1,200
57172,1,200
57176,1,200
57190,1,200
57190,1,200
57193,1,200
57202,1,200
57205,1,200
57205,1,200
57238,1,200
57252,1,200
57253,1,200
57279,1,200
57280,1,200
57286,1,200
57294,1,200
57299,1,200
57305,1,200
57307,1,200
57338,1,200
57340,1,200
57340,1,200
57341,1,200
57357,1,200
57379,1,200
57393,1,200
57453,1,200
57457,1,200
57458,1,200
57478,1,200
57493,1,200
57500,1,200
57534,1,200
57548,1,200
57556,1,200
57559,1,200
57560,1,200
57560,1,200
57617,1,200
57632,1,200
57645,1,200
57658,1,200
57677,1,200
57709,1,200
57737,1,200
57764,1,200
57776,1,200
57786,1,200
57803,1,200
57836,1,200
57836,1,200
58003,1,200
58016,1,200
58022,1,200
58083,1,200
58107,1,200
58121,1,200
58128,1,200
58146,1,200
58154,1,200
58155,1,200
58195,1,200
58220,1,200
58270,1,200
58292,1,200
58323,1,200
58421,1,200
58545,1,200
58552,1,200
58561,1,200
58575,1,200
58588,1,200
58603,1,200
58612,1,200
58618,1,200
58620,1,200
58621,1,200
58653,1,200
58657,1,200
58666,1,200
58674,1,200
58682,1,200
58732,1,200
58747,1,200
58827,1,200
58840,1,200
58879,1,200
58897,1,200
58982,1,200
59001,1,200
59013,1,200
59017,1,200
59019,1,200
59034,1,200
59068,1,200
59087,1,200
59144,1,200
59158,1,200
59195,1,200
59235,1,200
59250,1,200
59255,1,200
59278,1,200
59285,1,200
59306,1,200
59317,1,200
59332,1,200
59338,1,200
59345,1,200
59405,1,200
59501,1,200
59520,1,200
59521,1,200
59543,1,200
59549,1,200
59585,1,200
59598,1,200
59609,1,200
59617,1,200
59621,1,200
59623,1,200
59628,1,200
59634,1,200
59653,1,200
59689,1,200
59694,1,200
59821,1,200
59829,1,200
59855,1,200
59965,1,200
60064,1,200
60214,1,200
60248,1,200
60260,1,200
60267,1,200
60290,1,200
60337,1,200
60375,1,200
60398,1,200
60402,1,200
60406,1,200
60457,1,200
60476,1,200
60513,1,200
60581,1,200
60588,1,200
60615,1,200
60622,1,200
60664,1,200
60678,1,200
60692,1,200
60696,1,200
60709,1,200
60802,1,200
60833,1,200
60903,1,200
60927,1,200
60965,1,200
60981,1,200
61003,1,200
61021,1,200
61027,1,200
61029,1,200
61034,1,200
61060,1,200
61070,1,200
61093,1,200
61107,1,200
61174,1,200
61174,1,200
61186,1,200
61196,1,200
61251,1,200
61339,1,200
61348,1,200
61415,1,200
61419,1,200
61424,1,200
61451,1,200
61476,1,200
61508,1,200
61562,1,200
61623,1,200
61651,1,200
61672,1,200
61685,1,200
61691,1,200
61697,1,200
61707,1,200
61724,1,200
61735,1,200
61746,1,200
61752,1,200
61753,1,200
61783,1,200
61797,1,200
61808,1,200
61812,1,200
61844,1,200
61846,1,200
61849,1,200
61878,1,200
61906,1,200
62007,1,200
62031,1,200
62093,1,200
62136,1,200
62191,1,200
62212,1,200
62226,1,200
62242,1,200
62278,1,200
62284,1,200
62300,1,200
62376,1,200
62388,1,200
62402,1,200
62427,1,200
62498,1,200
62527,1,200
62622,1,200
62633,1,200
62639,1,200
62642,1,200
62657,1,200
62667,1,200
62706,1,200
62718,1,200
62799,1,200
62819,1,200
62821,1,200
62840,1,200
62867,1,200
62920,1,200
63007,1,200
63017,1,200
63020,1,200
63032,1,200
63047,1,200
63072,1,200
63082,1,200
63107,1,200
63124,1,200
63133,1,200
63145,1,200
63149,1,200
63152,1,200
63180,1,200
63182,1,200
63199,1,200
63215,1,200
63238,1,200
63242,1,200
63251,1,200
63290,1,200
63297,1,200
63365,1,200
63365,1,200
63371,1,200
63397,1,200
63448,1,200
63452,1,200
63497,1,200
63499,1,200
63521,1,200
63549,1,200
63613,1,200
63628,1,200
63664,1,200
63684,1,200
63698,1,200
63705,1,200
63737,1,200
63757,1,200
63831,1,200
63890,1,200
63890,1,200
63954,1,200
64029,1,200
64054,1,200
64102,1,200
64124,1,200
64145,1,200
64264,1,200
64267,1,200
64299,1,200
64358,1,200
64364,1,200
64381,1,200
64387,1,200
64390,1,200
64391,1,200
64398,1,200
64429,1,200
64452,1,200
64513,1,200
64534,1,200
64570,1,200
64605,1,200
64613,1,200
64619,1,200
64632,1,200
64658,1,200
64712,1,200
64722,1,200
64727,1,200
64731,1,200
64755,1,200
64792,1,200
64795,1,200
64813,1,200
64941,1,200
65007,1,200
65008,1,200
65033,1,200
65051,1,200
65052,1,200
65060,1,200
65061,1,200
65064,1,200
65078,1,200
65096,1,200
65099,1,200
65126,1,200
65136,1,200
65152,1,200
65216,1,200
65257,1,200
65285,1,200
65311,1,200
65354,1,200
65367,1,200
65367,1,200
65428,1,200
65446,1,200
65474,1,200
65490,1,200
65552,1,200
65554,1,200
65569,1,200
65579,1,200
65588,1,200
65588,1,200
65613,1,200
65630,1,200
65701,1,200
65753,1,200
65775,1,200
65775,1,200
65777,1,200
65846,1,200
65865,1,200
65873,1,200
65890,1,200
65911,1,200
66008,1,200
66094,1,200
66101,1,200
66101,1,200
66146,1,200
66174,1,200
66179,1,200
66200,1,200
66218,1,200
66220,1,200
66231,1,200
66261,1,200
66291,1,200
66336,1,200
66377,1,200
66383,1,200
66388,1,200
66409,1,200
66432,1,200
66433,1,200
66435,1,200
66500,1,200
66522,1,200
66536,1,200
66542,1,200
66591,1,200
66660,1,200
66689,1,200
66748,1,200
66781,1,200
66877,1,200
66913,1,200
66955,1,200
66960,1,200
66987,1,200
67000,1,200
67021,1,200
67026,1,200
67048,1,200
67048,1,200
67051,1,200
67080,1,200
67081,1,200
67090,1,200
67098,1,200
67119,1,200
67174,1,200
67208,1,200
67263,1,200
67279,1,200
67286,1,200
67288,1,200
67298,1,200
67318,1,200
67339,1,200
67375,1,200
67401,1,200
67434,1,200
67482,1,200
67490,1,200
67521,1,200
67529,1,200
67544,1,200
67568,1,200
67578,1,200
67579,1,200
67602,1,200
67686,1,200
67714,1,200
67747,1,200
67801,1,200
67810,1,200
67815,1,200
67827,1,200
68058,1,200
68099,1,200
68126,1,200
68173,1,200
68175,1,200
68184,1,200
68233,1,200
68240,1,200
68263,1,200
68296,1,200
68306,1,200
68331,1,200
68385,1,200
68447,1,200
68486,1,200
68494,1,200
68498,1,200
68506,1,200
68593,1,200
68596,1,200
68601,1,200
68633,1,200
68641,1,200
68686,1,200
68712,1,200
68769,1,200
68806,1,200
68834,1,200
68871,1,200
68893,1,200
68914,1,200
68932,1,200
68951,1,200
68958,1,200
68981,1,200
69004,1,200
69006,1,200
69022,1,200
69026,1,200
69027,1,200
69030,1,200
69037,1,200
69043,1,200
69059,1,200
69072,1,200
69075,1,200
69080,1,200
69098,1,200
69111,1,200
69126,1,200
69145,1,200
69160,1,200
69167,1,200
69171,1,200
69189,1,200
69197,1,200
69203,1,200
69228,1,200
69232,1,200
69240,1,200
69242,1,200
69267,1,200
69269,1,200
69299,1,200
69309,1,200
69311,1,200
69319,1,200
69338,1,200
69346,1,200
69355,1,200
69367,1,200
69402,1,200
69402,1,200
69405,1,200
69408,1,200
69417,1,200
69420,1,200
69441,1,200
69446,1,200
69464,1,200
69466,1,200
69466,1,200
69472,1,200
69485,1,200
69527,1,200
69540,1,200
69541,1,200
69543,1,200
69546,1,200
69547,1,200
69580,1,200
69647,1,200
69660,1,200
69684,1,200
69692,1,200
69703,1,200
69716,1,200
69735,1,200
69753,1,200
69762,1,200
69768,1,200
69826,1,200
69829,1,200
69844,1,200
69844,1,200
69849,1,200
69882,1,200
69890,1,200
69890,1,200
69915,1,200
69916,1,200
70008,1,200
70027,1,200
70030,1,200
70074,1,200
70094,1,200
70096,1,200
70096,1,200
70105,1,200
70108,1,200
70128,1,200
70179,1,200
70183,1,200
70184,1,200
70192,1,200
70249,1,200
70249,1,200
70263,1,200
70276,1,200
70305,1,200
70314,1,200
70324,1,200
70339,1,200
70351,1,200
70354,1,200
70361,1,200
70399,1,200
70405,1,200
70408,1,200
70433,1,200
70436,1,200
70442,1,200
70451,1,200
70457,1,200
70523,1,200
70524,1,200
70561,1,200
70561,1,200
70590,1,200
70614,1,200
70614,1,200
70626,1,200
70628,1,200
70633,1,200
70688,1,200
70689,1,200
70705,1,200
70716,1,200
70719,1,200
70719,1,200
70721,1,200
70729,1,200
70736,1,200
70758,1,200
70763,1,200
70770,1,200
70786,1,200
70794,1,200
70805,1,200
71009,1,200
71010,1,200
71017,1,200
71055,1,200
71062,1,200
71064,1,200
71067,1,200
71073,1,200
71075,1,200
71077,1,200
71079,1,200
71177,1,200
71223,1,200
71233,1,200
71240,1,200
71312,1,200
71362,1,200
71368,1,200
71406,1,200
71442,1,200
71484,1,200
71494,1,200
71503,1,200
71520,1,200
71541,1,200
71549,1,200
71549,1,200
71557,1,200
71559,1,200
71626,1,200
71660,1,200
71697,1,200
71742,1,200
71750,1,200
71774,1,200
71791,1,200
71802,1,200
71815,1,200
71815,1,200
71821,1,200
71843,1,200
71892,1,200
71919,1,200
71920,1,200
71948,1,200
71958,1,200
71990,1,200
71995,1,200
72003,1,200
72035,1,200
72036,1,200
72038,1,200
72040,1,200
72041,1,200
72042,1,200
72043,1,200
72055,1,200
72062,1,200
72063,1,200
72064,1,200
72067,1,200
72072,1,200
72104,1,200
72108,1,200
72129,1,200
72141,1,200
72155,1,200
72163,1,200
72180,1,200
72242,1,200
72258,1,200
72274,1,200
72292,1,200
72298,1,200
72314,1,200
72321,1,200
72346,1,200
72372,1,200
72381,1,200
72390,1,200
72392,1,200
72406,1,200
72428,1,200
72472,1,200
72481,1,200
72493,1,200
72495,1,200
72511,1,200
72569,1,200
72591,1,200
72596,1,200
72671,1,200
72685,1,200
72699,1,200
72721,1,200
72813,1,200
72850,1,200
72852,1,200
72860,1,200
72872,1,200
72889,1,200
72907,1,200
72923,1,200
72954,1,200
72980,1,200
72983,1,200
72984,1,200
73033,1,200
73036,1,200
73043,1,200
73043,1,200
73048,1,200
73053,1,200
73056,1,200
73063,1,200
73064,1,200
73105,1,200
73139,1,200
73153,1,200
73163,1,200
73201,1,200
73233,1,200
73244,1,200
73248,1,200
73252,1,200
73254,1,200
73257,1,200
73269,1,200
73270,1,200
73280,1,200
73298,1,200
73368,1,200
73391,1,200
73426,1,200
73433,1,200
73434,1,200
73505,1,200
73514,1,200
73568,1,200
73601,1,200
73617,1,200
73620,1,200
73662,1,200
73665,1,200
73736,1,200
73785,1,200
73805,1,200
73863,1,200
73873,1,200
73931,1,200
73943,1,200
73955,1,200
74013,1,200
74019,1,200
74049,1,200
74053,1,200
74060,1,200
74078,1,200
74097,1,200
74114,1,200
74127,1,200
74130,1,200
74148,1,200
74156,1,200
74162,1,200
74169,1,200
74175,1,200
74209,1,200
74225,1,200
74231,1,200
74233,1,200
74236,1,200
74244,1,200
74247,1,200
74264,1,200
74266,1,200
74299,1,200
74304,1,200
74304,1,200
74322,1,200
74325,1,200
74339,1,200
74355,1,200
74374,1,200
74374,1,200
74374,1,200
74387,1,200
74405,1,200
74408,1,200
74416,1,200
74425,1,200
74435,1,200
74465,1,200
74480,1,200
74485,1,200
74496,1,200
74521,1,200
74530,1,200
74601,1,200
74627,1,200
74656,1,200
74658,1,200
74703,1,200
74717,1,200
74745,1,200
74751,1,200
74768,1,200
74773,1,200
74778,1,200
74799,1,200
74799,1,200
74801,1,200
74817,1,200
74818,1,200
74835,1,200
74848,1,200
74871,1,200
74878,1,200
74903,1,200
74903,1,200
75031,1,200
75059,1,200
75062,1,200
75063,1,200
75082,1,200
75103,1,200
75153,1,200
75155,1,200
75165,1,200
75170,1,200
75187,1,200
75247,1,200
75259,1,200
75268,1,200
75282,1,200
75344,1,200
75365,1,200
75370,1,200
75378,1,200
75384,1,200
75418,1,200
75506,1,200
75551,1,200
75555,1,200
75567,1,200
75571,1,200
75611,1,200
75626,1,200
75685,1,200
75704,1,200
75746,1,200
75750,1,200
75759,1,200
75763,1,200
75788,1,200
75796,1,200
75865,1,200
75884,1,200
75895,1,200
75913,1,200
75956,1,200
75959,1,200
75986,1,200
75992,1,200
76004,1,200
76005,1,200
76007,1,200
76012,1,200
76016,1,200
76018,1,200
76021,1,200
76023,1,200
76029,1,200
76043,1,200
76053,1,200
76063,1,200
76081,1,200
76084,1,200
76089,1,200
76094,1,200
76116,1,200
76123,1,200
76124,1,200
76126,1,200
76135,1,200
76137,1,200
76141,1,200
76142,1,200
76150,1,200
76188,1,200
76189,1,200
76207,1,200
76217,1,200
76241,1,200
76246,1,200
76247,1,200
76255,1,200
76259,1,200
76289,1,200
76333,1,200
76357,1,200
76363,1,200
76366,1,200
76383,1,200
76387,1,200
76394,1,200
76409,1,200
76443,1,200
76446,1,200
76481,1,200
76487,1,200
76527,1,200
76561,1,200
76564,1,200
76572,1,200
76597,1,200
76611,1,200
76627,1,200
76642,1,200
76686,1,200
76709,1,200
76752,1,200
76775,1,200
76776,1,200
76785,1,200
76798,1,200
76831,1,200
77011,1,200
77013,1,200
77019,1,200
77042,1,200
77069,1,200
77083,1,200
77114,1,200
77123,1,200
77133,1,200
77138,1,200
77142,1,200
77146,1,200
77149,1,200
77155,1,200
77170,1,200
77172,1,200
77183,1,200
77224,1,200
77228,1,200
77231,1,200
77261,1,200
77261,1,200
77265,1,200
77300,1,200
77327,1,200
77347,1,200
77356,1,200
77358,1,200
77385,1,200
77398,1,200
77401,1,200
77402,1,200
77406,1,200
77425,1,200
77460,1,200
77460,1,200
77470,1,200
77479,1,200
77501,1,200
77501,1,200
77523,1,200
77535,1,200
77593,1,200
77605,1,200
77605,1,200
77639,1,200
77657,1,200
77664,1,200
77697,1,200
77728,1,200
77743,1,200
77797,1,200
77800,1,200
78023,1,200
78031,1,200
78037,1,200
78043,1,200
78053,1,200
78060,1,200
78083,1,200
78098,1,200
78109,1,200
78115,1,200
78162,1,200
78263,1,200
78264,1,200
78272,1,200
78279,1,200
78308,1,200
78328,1,200
78336,1,200
78340,1,200
78371,1,200
78379,1,200
78386,1,200
78429,1,200
78432,1,200
78465,1,200
78505,1,200
78541,1,200
78566,1,200
78577,1,200
78579,1,200
78595,1,200
78606,1,200
78612,1,200
78619,1,200
78630,1,200
78694,1,200
78706,1,200
78708,1,200
78721,1,200
78745,1,200
78756,1,200
78822,1,200
78840,1,200
78853,1,200
78880,1,200
78919,1,200
78944,1,200
78958,1,200
78961,1,200
78973,1,200
79007,1,200
79013,1,200
79028,1,200
79039,1,200
79047,1,200
79059,1,200
79071,1,200
79075,1,200
79105,1,200
79123,1,200
79133,1,200
79159,1,200
79179,1,200
79182,1,200
79219,1,200
79222,1,200
79232,1,200
79234,1,200
79239,1,200
79240,1,200
79245,1,200
79254,1,200
79263,1,200
79273,1,200
79278,1,200
79306,1,200
79316,1,200
79318,1,200
79344,1,200
79375,1,200
79391,1,200
79432,1,200
79443,1,200
79483,1,200
79491,1,200
79495,1,200
79528,1,200
79547,1,200
79555,1,200
79579,1,200
79592,1,200
79601,1,200
79608,1,200
79657,1,200
79659,1,200
79710,1,200
79738,1,200
79740,1,200
79774,1,200
79784,1,200
79796,1,200
79801,1,200
79868,1,200
80001,1,200
80007,1,200
80025,1,200
80029,1,200
80040,1,200
80086,1,200
80220,1,200
80227,1,200
80242,1,200
80260,1,200
80265,1,200
80311,1,200
80318,1,200
80352,1,200
80372,1,200
80381,1,200
80384,1,200
80391,1,200
80405,1,200
80416,1,200
80443,1,200
80518,1,200
80529,1,200
80545,1,200
80606,1,200
80630,1,200
80690,1,200
80735,1,200
80747,1,200
80766,1,200
80766,1,200
80775,1,200
80803,1,200
80839,1,200
80843,1,200
80846,1,200
80870,1,200
80885,1,200
80903,1,200
80909,1,200
80935,1,200
80967,1,200
80973,1,200
80999,1,200
81018,1,200
81020,1,200
81034,1,200
81035,1,200
81040,1,200
81040,1,200
81051,1,200
81057,1,200
81059,1,200
81089,1,200
81092,1,200
81094,1,200
81102,1,200
81108,1,200
81120,1,200
81125,1,200
81141,1,200
81146,1,200
81163,1,200
81171,1,200
81172,1,200
81237,1,200
81241,1,200
81252,1,200
81254,1,200
81285,1,200
81288,1,200
81296,1,200
81324,1,200
81337,1,200
81391,1,200
81392,1,200
81414,1,200
81432,1,200
81438,1,200
81473,1,200
81512,1,200
81514,1,200
81518,1,200
81518,1,200
81555,1,200
81556,1,200
81563,1,200
81586,1,200
81628,1,200
81659,1,200
81661,1,200
81672,1,200
81673,1,200
81674,1,200
81684,1,200
81700,1,200
81715,1,200
81745,1,200
81774,1,200
81781,1,200
81782,1,200
81783,1,200
81791,1,200
81811,1,200
81815,1,200
81824,1,200
81827,1,200
81844,1,200
81899,1,200
81899,1,200
81903,1,200
81950,1,200
81958,1,200
81984,1,200
82012,1,200
82013,1,200
82013,1,200
82018,1,200
82030,1,200
82049,1,200
82055,1,200
82063,1,200
82068,1,200
82070,1,200
82074,1,200
82087,1,200
82089,1,200
82090,1,200
82099,1,200
82100,1,200
82131,1,200
82136,1,200
82138,1,200
82140,1,200
82142,1,200
82149,1,200
82183,1,200
82188,1,200
82205,1,200
82217,1,200
82225,1,200
82239,1,200
82258,1,200
82273,1,200
82274,1,200
82278,1,200
82281,1,200
82292,1,200
82299,1,200
82318,1,200
82323,1,200
82353,1,200
82366,1,200
82386,1,200
82390,1,200
82428,1,200
82443,1,200
82479,1,200
82486,1,200
82502,1,200
82517,1,200
82528,1,200
82544,1,200
82545,1,200
82574,1,200
82594,1,200
82598,1,200
82599,1,200
82615,1,200
82624,1,200
82626,1,200
82659,1,200
82670,1,200
82680,1,200
82684,1,200
82695,1,200
82736,1,200
82755,1,200
82776,1,200
82780,1,200
82857,1,200
82903,1,200
82940,1,200
82955,1,200
82974,1,200
82977,1,200
83003,1,200
83007,1,200
83028,1,200
83040,1,200
83055,1,200
83077,1,200
83086,1,200
83097,1,200
83108,1,200
83127,1,200
83134,1,200
83145,1,200
83159,1,200
83169,1,200
83187,1,200
83189,1,200
83199,1,200
83259,1,200
83279,1,200
83306,1,200
83316,1,200
83317,1,200
83319,1,200
83329,1,200
83333,1,200
83337,1,200
83376,1,200
83377,1,200
83441,1,200
83448,1,200
83453,1,200
83454,1,200
83460,1,200
83471,1,200
83474,1,200
83482,1,200
83490,1,200
83523,1,200
83559,1,200
83567,1,200
83572,1,200
83587,1,200
83601,1,200
83608,1,200
83609,1,200
83615,1,200
83615,1,200
83627,1,200
83653,1,200
83665,1,200
83683,1,200
83690,1,200
83720,1,200
83729,1,200
83750,1,200
83766,1,200
83799,1,200
83802,1,200
83807,1,200
83813,1,200
83815,1,200
83834,1,200
83834,1,200
83860,1,200
84052,1,200
84084,1,200
84128,1,200
84132,1,200
84143,1,200
84195,1,200
84197,1,200
84199,1,200
84205,1,200
84214,1,200
84241,1,200
84261,1,200
84300,1,200
84306,1,200
84309,1,200
84320,1,200
84335,1,200
84352,1,200
84355,1,200
84361,1,200
84369,1,200
84372,1,200
84373,1,200
84377,1,200
84386,1,200
84407,1,200
84411,1,200
84431,1,200
84468,1,200
84491,1,200
84537,1,200
84552,1,200
84564,1,200
84573,1,200
84633,1,200
84636,1,200
84716,1,200
84758,1,200
84759,1,200
84780,1,200
84882,1,200
84892,1,200
84917,1,200
84959,1,200
84980,1,200
84984,1,200
84984,1,200
84985,1,200
84997,1,200
84999,1,200
85016,1,200
85019,1,200
85021,1,200
85025,1,200
85027,1,200
85030,1,200
85034,1,200
85037,1,200
85040,1,200
85049,1,200
85057,1,200
85064,1,200
85077,1,200
85078,1,200
85082,1,200
85084,1,200
85088,1,200
85105,1,200
85123,1,200
85178,1,200
85208,1,200
85237,1,200
85247,1,200
85262,1,200
85263,1,200
85283,1,200
85292,1,200
85325,1,200
85381,1,200
85394,1,200
85398,1,200
85438,1,200
85447,1,200
85451,1,200
85475,1,200
85478,1,200
85528,1,200
85540,1,200
85563,1,200
85581,1,200
85619,1,200
85620,1,200
85621,1,200
85627,1,200
85634,1,200
85651,1,200
85660,1,200
85669,1,200
85686,1,200
85722,1,200
85728,1,200
85786,1,200
85825,1,200
85836,1,200
85836,1,200
85862,1,200
85873,1,200
85878,1,200
85890,1,200
85932,1,200
85971,1,200
85972,1,200
85982,1,200
85993,1,200
86003,1,200
86007,1,200
86019,1,200
86022,1,200
86028,1,200
86058,1,200
86072,1,200
86077,1,200
86083,1,200
86087,1,200
86094,1,200
86099,1,200
86137,1,200
86146,1,200
86160,1,200
86190,1,200
86203,1,200
86223,1,200
86223,1,200
86225,1,200
86239,1,200
86273,1,200
86291,1,200
86298,1,200
86320,1,200
86336,1,200
86345,1,200
86376,1,200
86404,1,200
86421,1,200
86431,1,200
86436,1,200
86446,1,200
86452,1,200
86453,1,200
86526,1,200
86533,1,200
86551,1,200
86562,1,200
86578,1,200
86603,1,200
86606,1,200
86621,1,200
86665,1,200
86688,1,200
86702,1,200
86725,1,200
86726,1,200
86749,1,200
86752,1,200
86766,1,200
86774,1,200
86798,1,200
86807,1,200
86824,1,200
86831,1,200
86840,1,200
86876,1,200
86882,1,200
86909,1,200
86939,1,200
86959,1,200
86986,1,200
87001,1,200
87009,1,200
87009,1,200
87011,1,200
87032,1,200
87034,1,200
87037,1,200
87039,1,200
87050,1,200
87052,1,200
87063,1,200
87067,1,200
87070,1,200
87081,1,200
87084,1,200
87109,1,200
87116,1,200
87126,1,200
87127,1,200
87131,1,200
87132,1,200
87205,1,200
87217,1,200
87227,1,200
87335,1,200
87340,1,200
87366,1,200
87381,1,200
87397,1,200
87398,1,200
87416,1,200
87430,1,200
87434,1,200
87442,1,200
87461,1,200
87475,1,200
87476,1,200
87509,1,200
87521,1,200
87523,1,200
87529,1,200
87536,1,200
87536,1,200
87543,1,200
87559,1,200
87575,1,200
87586,1,200
87587,1,200
87593,1,200
87629,1,200
87639,1,200
87676,1,200
87678,1,200
87713,1,200
87769,1,200
87836,1,200
87840,1,200
87842,1,200
87850,1,200
87864,1,200
87928,1,200
88032,1,200
88091,1,200
88101,1,200
88141,1,200
88154,1,200
88178,1,200
88209,1,200
88236,1,200
88238,1,200
88245,1,200
88257,1,200
88265,1,200
88272,1,200
88275,1,200
88290,1,200
88352,1,200
88378,1,200
88397,1,200
88397,1,200
88403,1,200
88407,1,200
88435,1,200
88462,1,200
88489,1,200
88499,1,200
88505,1,200
88506,1,200
88518,1,200
88538,1,200
88549,1,200
88563,1,200
88567,1,200
88593,1,200
88595,1,200
88601,1,200
88609,1,200
88688,1,200
88694,1,200
88781,1,200
88793,1,200
88812,1,200
88884,1,200
88889,1,200
88894,1,200
88922,1,200
88937,1,200
88975,1,200
88979,1,200
89000,1,200
89000,1,200
89000,1,200
89024,1,200
89025,1,200
89029,1,200
89032,1,200
89034,1,200
89040,1,200
89072,1,200
89082,1,200
89086,1,200
89103,1,200
89106,1,200
89115,1,200
89127,1,200
89127,1,200
89129,1,200
89142,1,200
89143,1,200
89153,1,200
89171,1,200
89175,1,200
89175,1,200
89177,1,200
89179,1,200
89181,1,200
89205,1,200
89265,1,200
89269,1,200
89289,1,200
89301,1,200
89341,1,200
89417,1,200
89441,1,200
89448,1,200
89460,1,200
89472,1,200
89490,1,200
89495,1,200
89507,1,200
89526,1,200
89544,1,200
89555,1,200
89575,1,200
89600,1,200
89617,1,200
89626,1,200
89631,1,200
89640,1,200
89648,1,200
89657,1,200
89658,1,200
89694,1,200
89704,1,200
89746,1,200
89748,1,200
89787,1,200
89793,1,200
89795,1,200
89802,1,200
89803,1,200
89822,1,200
89829,1,200
89846,1,200
89854,1,200
89856,1,200
89891,1,200
89901,1,200
89944,1,200
89956,1,200
90025,1,200
90027,1,200
90030,1,200
90041,1,200
90068,1,200
90090,1,200
90145,1,200
90178,1,200
90179,1,200
90195,1,200
90200,1,200
90232,1,200
90234,1,200
90255,1,200
90260,1,200
90264,1,200
90277,1,200
90302,1,200
90343,1,200
90357,1,200
90363,1,200
90378,1,200
90412,1,200
90421,1,200
90421,1,200
90422,1,200
90433,1,200
90450,1,200
90463,1,200
90470,1,200
90513,1,200
90536,1,200
90541,1,200
90553,1,200
90574,1,200
90626,1,200
90659,1,200
90696,1,200
90700,1,200
90737,1,200
90754,1,200
90754,1,200
90837,1,200
90841,1,200
90866,1,200
90878,1,200
90929,1,200
90932,1,200
90959,1,200
90972,1,200
91001,1,200
91009,1,200
91034,1,200
91045,1,200
91046,1,200
91059,1,200
91059,1,200
91074,1,200
91099,1,200
91112,1,200
91116,1,200
91139,1,200
91149,1,200
91177,1,200
91206,1,200
91219,1,200
91229,1,200
91235,1,200
91240,1,200
91240,1,200
91264,1,200
91265,1,200
91273,1,200
91313,1,200
91356,1,200
91363,1,200
91372,1,200
91401,1,200
91404,1,200
91414,1,200
91420,1,200
91442,1,200
91457,1,200
91468,1,200
91469,1,200
91470,1,200
91489,1,200
91493,1,200
91495,1,200
91543,1,200
91545,1,200
91554,1,200
91566,1,200
91570,1,200
91581,1,200
91582,1,200
91605,1,200
91607,1,200
91608,1,200
91608,1,200
91616,1,200
91619,1,200
91651,1,200
91701,1,200
91714,1,200
91743,1,200
91749,1,200
91759,1,200
91762,1,200
91790,1,200
91804,1,200
91813,1,200
91847,1,200
91865,1,200
92008,1,200
92010,1,200
92016,1,200
92027,1,200
92075,1,200
92090,1,200
92093,1,200
92096,1,200
92099,1,200
92162,1,200
92165,1,200
92185,1,200
92217,1,200
92218,1,200
92222,1,200
92243,1,200
92246,1,200
92306,1,200
92312,1,200
92329,1,200
92340,1,200
92347,1,200
92349,1,200
92363,1,200
92380,1,200
92385,1,200
92389,1,200
92392,1,200
92403,1,200
92408,1,200
92410,1,200
92418,1,200
92418,1,200
92428,1,200
92444,1,200
92500,1,200
92543,1,200
92550,1,200
92568,1,200
92569,1,200
92581,1,200
92617,1,200
92623,1,200
92636,1,200
92679,1,200
92694,1,200
92696,1,200
92703,1,200
92714,1,200
92727,1,200
92728,1,200
92751,1,200
92761,1,200
92784,1,200
92790,1,200
92792,1,200
93005,1,200
93010,1,200
93021,1,200
93029,1,200
93039,1,200
93047,1,200
93076,1,200
93085,1,200
93123,1,200
93134,1,200
93135,1,200
93139,1,200
93143,1,200
93152,1,200
93181,1,200
93197,1,200
93199,1,200
93200,1,200
93216,1,200
93240,1,200
93240,1,200
93254,1,200
93254,1,200
93255,1,200
93256,1,200
93266,1,200
93269,1,200
93274,1,200
93297,1,200
93315,1,200
93327,1,200
93330,1,200
93342,1,200
93347,1,200
93350,1,200
93358,1,200
93377,1,200
93386,1,200
93408,1,200
93431,1,200
93433,1,200
93445,1,200
93451,1,200
93479,1,200
93480,1,200
93483,1,200
93484,1,200
93495,1,200
93504,1,200
93505,1,200
93511,1,200
93516,1,200
93537,1,200
93574,1,200
93582,1,200
93588,1,200
93600,1,200
93603,1,200
93622,1,200
93630,1,200
93643,1,200
93648,1,200
93654,1,200
93655,1,200
93657,1,200
93661,1,200
93691,1,200
93718,1,200
93727,1,200
93727,1,200
93730,1,200
93743,1,200
93751,1,200
93754,1,200
93770,1,200
93771,1,200
93789,1,200
93794,1,200
93800,1,200
93805,1,200
93819,1,200
93823,1,200
93827,1,200
93837,1,200
93840,1,200
93841,1,200
93848,1,200
93853,1,200
93862,1,200
94005,1,200
94006,1,200
94010,1,200
94012,1,200
94035,1,200
94037,1,200
94041,1,200
94043,1,200
94076,1,200
94080,1,200
94081,1,200
94096,1,200
94151,1,200
94164,1,200
94167,1,200
94178,1,200
94208,1,200
94211,1,200
94226,1,200
94249,1,200
94280,1,200
94281,1,200
94284,1,200
94284,1,200
94306,1,200
94331,1,200
94382,1,200
94384,1,200
94400,1,200
94410,1,200
94413,1,200
94414,1,200
94446,1,200
94450,1,200
94456,1,200
94457,1,200
94475,1,200
94496,1,200
94512,1,200
94529,1,200
94547,1,200
94554,1,200
94568,1,200
94601,1,200
94618,1,200
94638,1,200
94652,1,200
94669,1,200
94674,1,200
94684,1,200
94712,1,200
94729,1,200
94762,1,200
94763,1,200
94776,1,200
94791,1,200
94809,1,200
94841,1,200
94876,1,200
94894,1,200
94902,1,200
94990,1,200
94993,1,200
94999,1,200
95021,1,200
95023,1,200
95023,1,200
95059,1,200
95075,1,200
95076,1,200
95077,1,200
95123,1,200
95172,1,200
95210,1,200
95226,1,200
95231,1,200
95236,1,200
95245,1,200
95249,1,200
95250,1,200
95268,1,200
95271,1,200
95296,1,200
95303,1,200
95314,1,200
95331,1,200
95348,1,200
95361,1,200
95371,1,200
95406,1,200
95423,1,200
95448,1,200
95464,1,200
95482,1,200
95483,1,200
95489,1,200
95507,1,200
95528,1,200
95576,1,200
95614,1,200
95632,1,200
95656,1,200
95657,1,200
95726,1,200
95732,1,200
95748,1,200
95758,1,200
95760,1,200
95775,1,200
95794,1,200
95811,1,200
95818,1,200
95827,1,200
95858,1,200
95859,1,200
95861,1,200
95861,1,200
95868,1,200
95900,1,200
95900,1,200
95908,1,200
95927,1,200
95933,1,200
95946,1,200
95949,1,200
95964,1,200
95971,1,200
95980,1,200
96002,1,200
96012,1,200
96027,1,200
96035,1,200
96073,1,200
96078,1,200
96108,1,200
96137,1,200
96149,1,200
96161,1,200
96161,1,200
96171,1,200
96189,1,200
96193,1,200
96228,1,200
96236,1,200
96238,1,200
96245,1,200
96255,1,200
96301,1,200
96310,1,200
96323,1,200
96337,1,200
96339,1,200
96355,1,200
96367,1,200
96367,1,200
96380,1,200
96386,1,200
96394,1,200
96406,1,200
96423,1,200
96425,1,200
96428,1,200
96434,1,200
96443,1,200
96486,1,200
96488,1,200
96537,1,200
96615,1,200
96634,1,200
96650,1,200
96676,1,200
96676,1,200
96682,1,200
96688,1,200
96691,1,200
96702,1,200
96709,1,200
96730,1,200
96736,1,200
96745,1,200
96757,1,200
96763,1,200
96766,1,200
96781,1,200
96805,1,200
96806,1,200
96807,1,200
96825,1,200
96848,1,200
96868,1,200
96869,1,200
97009,1,200
97011,1,200
97027,1,200
97036,1,200
97048,1,200
97054,1,200
97055,1,200
97059,1,200
97076,1,200
97111,1,200
97131,1,200
97151,1,200
97153,1,200
97202,1,200
97203,1,200
97224,1,200
97231,1,200
97246,1,200
97273,1,200
97289,1,200
97292,1,200
97293,1,200
97335,1,200
97342,1,200
97362,1,200
97400,1,200
97404,1,200
97405,1,200
97409,1,200
97449,1,200
97466,1,200
97476,1,200
97483,1,200
97485,1,200
97489,1,200
97497,1,200
97498,1,200
97504,1,200
97511,1,200
97524,1,200
97529,1,200
97532,1,200
97563,1,200
97563,1,200
97594,1,200
97600,1,200
97611,1,200
97645,1,200
97657,1,200
97698,1,200
97758,1,200
97759,1,200
97765,1,200
97779,1,200
97794,1,200
97802,1,200
97806,1,200
97822,1,200
97830,1,200
98002,1,200
98044,1,200
98075,1,200
98096,1,200
98109,1,200
98125,1,200
98156,1,200
98186,1,200
98196,1,200
98231,1,200
98255,1,200
98258,1,200
98269,1,200
98270,1,200
98294,1,200
98310,1,200
98382,1,200
98384,1,200
98417,1,200
98418,1,200
98443,1,200
98461,1,200
98500,1,200
98507,1,200
98528,1,200
98536,1,200
98550,1,200
98561,1,200
98565,1,200
98567,1,200
98576,1,200
98580,1,200
98580,1,200
98624,1,200
98654,1,200
98666,1,200
98704,1,200
98711,1,200
98747,1,200
98748,1,200
98751,1,200
98768,1,200
98786,1,200
98816,1,200
98819,1,200
98832,1,200
98845,1,200
98861,1,200
98865,1,200
98867,1,200
98872,1,200
98894,1,200
98926,1,200
98931,1,200
98969,1,200
99000,1,200
99013,1,200
99025,1,200
99031,1,200
99032,1,200
99035,1,200
99048,1,200
99055,1,200
99059,1,200
99060,1,200
99077,1,200
99079,1,200
99084,1,200
99134,1,200
99143,1,200
99183,1,200
99190,1,200
99196,1,200
99214,1,200
99229,1,200
99261,1,200
99287,1,200
99338,1,200
99342,1,200
99351,1,200
99358,1,200
99363,1,200
99382,1,200
99394,1,200
99401,1,200
99411,1,200
99433,1,200
99445,1,200
99455,1,200
99459,1,200
99469,1,200
99491,1,200
99513,1,200
99538,1,200
99562,1,200
99590,1,200
99596,1,200
99597,1,200
99608,1,200
99613,1,200
99633,1,200
99651,1,200
99690,1,200
99748,1,200
99754,1,200
99763,1,200
99777,1,200
99785,1,200
99790,1,200
99832,1,200
99869,1,200
99876,1,200
99916,1,200
99917,1,200
99955,1,200
99969,1,200
99977,1,200
99979,1,200
100023,1,200
100024,1,200
100039,1,200
100046,1,200
100098,1,200
100117,1,200
100135,1,200
100158,1,200
100175,1,200
100180,1,200
100193,1,200
100198,1,200
100213,1,200
100215,1,200
100271,1,200
100283,1,200
100290,1,200
100302,1,200
100311,1,200
100405,1,200
100418,1,200
100441,1,200
100444,1,200
100518,1,200
100553,1,200
100561,1,200
100574,1,200
100633,1,200
100658,1,200
100671,1,200
100679,1,200
100733,1,200
100760,1,200
100782,1,200
100829,1,200
100861,1,200
100923,1,200
100938,1,200
100940,1,200
101021,1,200
101030,1,200
101036,1,200
101038,1,200
101051,1,200
101056,1,200
101057,1,200
101058,1,200
101062,1,200
101082,1,200
101084,1,200
101096,1,200
101102,1,200
101106,1,200
101124,1,200
101140,1,200
101146,1,200
101148,1,200
101154,1,200
101162,1,200
101176,1,200
101179,1,200
101180,1,200
101193,1,200
101204,1,200
101220,1,200
101221,1,200
101244,1,200
101254,1,200
101256,1,200
101257,1,200
101266,1,200
101267,1,200
101271,1,200
101276,1,200
101277,1,200
101308,1,200
101330,1,200
101335,1,200
101336,1,200
101343,1,200
101404,1,200
101408,1,200
101444,1,200
101446,1,200
101456,1,200
101462,1,200
101489,1,200
101498,1,200
101521,1,200
101540,1,200
101592,1,200
101602,1,200
101619,1,200
101667,1,200
101674,1,200
101701,1,200
101706,1,200
101750,1,200
101767,1,200
101772,1,200
101790,1,200
101800,1,200
101820,1,200
101872,1,200
101901,1,200
101925,1,200
101925,1,200
101977,1,200
101982,1,200
101996,1,200
101999,1,200
102004,1,200
102004,1,200
102006,1,200
102009,1,200
102019,1,200
102021,1,200
102051,1,200
102062,1,200
102083,1,200
102088,1,200
102118,1,200
102119,1,200
102147,1,200
102152,1,200
102161,1,200
102199,1,200
102208,1,200
102219,1,200
102254,1,200
102266,1,200
102266,1,200
102300,1,200
102308,1,200
102321,1,200
102327,1,200
102377,1,200
102378,1,200
102396,1,200
102412,1,200
102423,1,200
102429,1,200
102452,1,200
102461,1,200
102492,1,200
102509,1,200
102514,1,200
102547,1,200
102581,1,200
102606,1,200
102622,1,200
102622,1,200
102647,1,200
102670,1,200
102677,1,200
102704,1,200
102711,1,200
102715,1,200
102725,1,200
102745,1,200
102790,1,200
102791,1,200
102817,1,200
102847,1,200
102879,1,200
102907,1,200
102933,1,200
102940,1,200
102954,1,200
102965,1,200
102988,1,200
102993,1,200
103015,1,200
103020,1,200
103160,1,200
103244,1,200
103269,1,200
103329,1,200
103362,1,200
103384,1,200
103409,1,200
103420,1,200
103486,1,200
103499,1,200
103582,1,200
103593,1,200
103631,1,200
103635,1,200
103642,1,200
103652,1,200
103689,1,200
103692,1,200
103706,1,200
103713,1,200
103722,1,200
103739,1,200
103777,1,200
103838,1,200
103845,1,200
103860,1,200
103869,1,200
103896,1,200
103919,1,200
103923,1,200
103926,1,200
103950,1,200
103968,1,200
103980,1,200
103981,1,200
104017,1,200
104018,1,200
104022,1,200
104024,1,200
104027,1,200
104029,1,200
104032,1,200
104040,1,200
104043,1,200
104056,1,200
104059,1,200
104095,1,200
104110,1,200
104140,1,200
104145,1,200
104157,1,200
104160,1,200
104164,1,200
104173,1,200
104175,1,200
104179,1,200
104182,1,200
104196,1,200
104205,1,200
104214,1,200
104219,1,200
104225,1,200
104233,1,200
104242,1,200
104252,1,200
104255,1,200
104261,1,200
104265,1,200
104291,1,200
104305,1,200
104316,1,200
104383,1,200
104384,1,200
104387,1,200
104388,1,200
104425,1,200
104425,1,200
104428,1,200
104430,1,200
104472,1,200
104494,1,200
104520,1,200
104523,1,200
104588,1,200
104598,1,200
104619,1,200
104646,1,200
104654,1,200
104683,1,200
104689,1,200
104705,1,200
104746,1,200
104766,1,200
104775,1,200
104777,1,200
104777,1,200
104790,1,200
104795,1,200
104822,1,200
104829,1,200
104855,1,200
104865,1,200
105051,1,200
105054,1,200
105054,1,200
105060,1,200
105063,1,200
105071,1,200
105073,1,200
105074,1,200
105084,1,200
105102,1,200
105103,1,200
105117,1,200
105126,1,200
105127,1,200
105143,1,200
105152,1,200
105152,1,200
105153,1,200
105154,1,200
105172,1,200
105173,1,200
105195,1,200
105220,1,200
105239,1,200
105247,1,200
105275,1,200
105295,1,200
105302,1,200
105302,1,200
105306,1,200
105309,1,200
105395,1,200
105399,1,200
105400,1,200
105439,1,200
105453,1,200
105471,1,200
105543,1,200
105570,1,200
105610,1,200
105610,1,200
105613,1,200
105614,1,200
105615,1,200
105615,1,200
105617,1,200
105622,1,200
105648,1,200
105665,1,200
105688,1,200
105697,1,200
105699,1,200
105718,1,200
105729,1,200
105746,1,200
105746,1,200
105749,1,200
105755,1,200
105758,1,200
105792,1,200
105828,1,200
105830,1,200
105855,1,200
105864,1,200
105867,1,200
106054,1,200
106065,1,200
106104,1,200
106112,1,200
106135,1,200
106141,1,200
106153,1,200
106187,1,200
106188,1,200
106210,1,200
106251,1,200
106267,1,200
106271,1,200
106334,1,200
106335,1,200
106336,1,200
106363,1,200
106386,1,200
106392,1,200
106409,1,200
106422,1,200
106423,1,200
106454,1,200
106456,1,200
106458,1,200
106473,1,200
106473,1,200
106479,1,200
106514,1,200
106535,1,200
106542,1,200
106545,1,200
106567,1,200
106600,1,200
106604,1,200
106605,1,200
106647,1,200
106662,1,200
106669,1,200
106712,1,200
106743,1,200
106746,1,200
106757,1,200
106777,1,200
106813,1,200
106828,1,200
106838,1,200
106849,1,200
106849,1,200
107003,1,200
107014,1,200
107015,1,200
107026,1,200
107055,1,200
107063,1,200
107066,1,200
107066,1,200
107071,1,200
107087,1,200
107097,1,200
107117,1,200
107124,1,200
107142,1,200
107190,1,200
107209,1,200
107221,1,200
107234,1,200
107235,1,200
107279,1,200
107296,1,200
107298,1,200
107312,1,200
107338,1,200
107379,1,200
107399,1,200
107407,1,200
107458,1,200
107505,1,200
107508,1,200
107513,1,200
107520,1,200
107527,1,200
107534,1,200
107547,1,200
107552,1,200
107569,1,200
107601,1,200
107631,1,200
107666,1,200
107691,1,200
107702,1,200
107706,1,200
107712,1,200
107730,1,200
107730,1,200
107764,1,200
108001,1,200
108032,1,200
108050,1,200
108063,1,200
108076,1,200
108078,1,200
108118,1,200
108153,1,200
108159,1,200
108163,1,200
108172,1,200
108175,1,200
108187,1,200
108202,1,200
108222,1,200
108251,1,200
108255,1,200
108286,1,200
108324,1,200
108349,1,200
108396,1,200
108448,1,200
108469,1,200
108529,1,200
108539,1,200
108582,1,200
108592,1,200
108627,1,200
108627,1,200
108630,1,200
108652,1,200
108654,1,200
108665,1,200
108702,1,200
108712,1,200
108726,1,200
108734,1,200
108752,1,200
108760,1,200
108785,1,200
108805,1,200
108807,1,200
108823,1,200
108863,1,200
108876,1,200
109092,1,200
109106,1,200
109144,1,200
109205,1,200
109233,1,200
109237,1,200
109242,1,200
109270,1,200
109280,1,200
109297,1,200
109306,1,200
109314,1,200
109319,1,200
109352,1,200
109376,1,200
109445,1,200
109452,1,200
109474,1,200
109478,1,200
109496,1,200
109517,1,200
109539,1,200
109559,1,200
109560,1,200
109590,1,200
109603,1,200
109619,1,200
109661,1,200
109667,1,200
109706,1,200
109743,1,200
109785,1,200
109819,1,200
109824,1,200
109830,1,200
109851,1,200
109851,1,200
109933,1,200
109979,1,200
109980,1,200
110006,1,200
110013,1,200
110031,1,200
110047,1,200
110056,1,200
110059,1,200
110064,1,200
110067,1,200
110075,1,200
110087,1,200
110106,1,200
110114,1,200
110152,1,200
110180,1,200
110180,1,200
110184,1,200
110206,1,200
110228,1,200
110231,1,200
110285,1,200
110292,1,200
110297,1,200
110299,1,200
110328,1,200
110374,1,200
110389,1,200
110397,1,200
110422,1,200
110448,1,200
110453,1,200
110491,1,200
110505,1,200
110509,1,200
110523,1,200
110532,1,200
110568,1,200
110657,1,200
110690,1,200
110713,1,200
110715,1,200
110772,1,200
110777,1,200
110782,1,200
110789,1,200
110865,1,200
110886,1,200
110907,1,200
110916,1,200
110919,1,200
111030,1,200
111034,1,200
111054,1,200
111113,1,200
111119,1,200
111127,1,200
111137,1,200
111164,1,200
111184,1,200
111204,1,200
111209,1,200
111221,1,200
111224,1,200
111246,1,200
111256,1,200
111322,1,200
111422,1,200
111442,1,200
111457,1,200
111472,1,200
111482,1,200
111484,1,200
111485,1,200
111505,1,200
111525,1,200
111525,1,200
111546,1,200
111574,1,200
111586,1,200
111608,1,200
111621,1,200
111647,1,200
111652,1,200
111682,1,200
111715,1,200
111734,1,200
111752,1,200
111752,1,200
111791,1,200
111794,1,200
111799,1,200
111830,1,200
111839,1,200
111855,1,200
111860,1,200
111863,1,200
112030,1,200
112077,1,200
112085,1,200
112116,1,200
112140,1,200
112172,1,200
112212,1,200
112219,1,200
112247,1,200
112351,1,200
112450,1,200
112461,1,200
112478,1,200
112480,1,200
112509,1,200
112515,1,200
112525,1,200
112531,1,200
112590,1,200
112618,1,200
112620,1,200
112630,1,200
112667,1,200
112680,1,200
112725,1,200
112740,1,200
112762,1,200
112764,1,200
112786,1,200
112803,1,200
112805,1,200
112832,1,200
112840,1,200
112846,1,200
112871,1,200
112883,1,200
112916,1,200
112978,1,200
112982,1,200
113018,1,200
113037,1,200
113052,1,200
113068,1,200
113080,1,200
113081,1,200
113088,1,200
113108,1,200
113116,1,200
113145,1,200
113152,1,200
113194,1,200
113194,1,200
113205,1,200
113210,1,200
113215,1,200
113239,1,200
113271,1,200
113272,1,200
113324,1,200
113335,1,200
113346,1,200
113352,1,200
113356,1,200
113376,1,200
113379,1,200
113393,1,200
113402,1,200
113490,1,200
113524,1,200
113532,1,200
113540,1,200
113549,1,200
113618,1,200
113622,1,200
113631,1,200
113647,1,200
113659,1,200
113668,1,200
113692,1,200
113734,1,200
113738,1,200
113741,1,200
113753,1,200
113770,1,200
113774,1,200
113780,1,200
113787,1,200
113791,1,200
113820,1,200
114015,1,200
114015,1,200
114029,1,200
114118,1,200
114159,1,200
114174,1,200
114176,1,200
114193,1,200
114208,1,200
114213,1,200
114237,1,200
114260,1,200
114264,1,200
114266,1,200
114288,1,200
114319,1,200
114361,1,200
114378,1,200
114388,1,200
114390,1,200
114407,1,200
114440,1,200
114464,1,200
114468,1,200
114484,1,200
114485,1,200
114535,1,200
114543,1,200
114584,1,200
114600,1,200
114606,1,200
114617,1,200
114656,1,200
114661,1,200
114687,1,200
114698,1,200
114701,1,200
114710,1,200
114720,1,200
114735,1,200
114746,1,200
114750,1,200
115003,1,200
115008,1,200
115023,1,200
115024,1,200
115034,1,200
115070,1,200
115079,1,200
115203,1,200
115246,1,200
115275,1,200
115275,1,200
115301,1,200
115302,1,200
115306,1,200
115373,1,200
115424,1,200
115463,1,200
115483,1,200
115513,1,200
115523,1,200
115528,1,200
115540,1,200
115566,1,200
115607,1,200
115628,1,200
115649,1,200
115651,1,200
115737,1,200
115778,1,200
115817,1,200
115844,1,200
115873,1,200
115896,1,200
115907,1,200
115928,1,200
115965,1,200
115976,1,200
115984,1,200
116017,1,200
116023,1,200
116025,1,200
116039,1,200
116040,1,200
116057,1,200
116064,1,200
116064,1,200
116093,1,200
116105,1,200
116146,1,200
116147,1,200
116151,1,200
116152,1,200
116153,1,200
116221,1,200
116236,1,200
116270,1,200
116270,1,200
116272,1,200
116314,1,200
116319,1,200
116348,1,200
116373,1,200
116378,1,200
116418,1,200
116422,1,200
116447,1,200
116450,1,200
116475,1,200
116480,1,200
116491,1,200
116498,1,200
116507,1,200
116540,1,200
116558,1,200
116572,1,200
116580,1,200
116631,1,200
116632,1,200
116649,1,200
116650,1,200
116651,1,200
116680,1,200
116702,1,200
116754,1,200
117036,1,200
117086,1,200
117121,1,200
117122,1,200
117147,1,200
117150,1,200
117153,1,200
117161,1,200
117165,1,200
117167,1,200
117170,1,200
117184,1,200
117216,1,200
117242,1,200
117248,1,200
117257,1,200
117274,1,200
117285,1,200
117299,1,200
117312,1,200
117380,1,200
117396,1,200
117408,1,200
117423,1,200
117441,1,200
117487,1,200
117489,1,200
117516,1,200
117538,1,200
117552,1,200
117610,1,200
117617,1,200
117620,1,200
117628,1,200
117702,1,200
117714,1,200
117747,1,200
117787,1,200
117790,1,200
117798,1,200
117810,1,200
117822,1,200
117871,1,200
117878,1,200
117899,1,200
117914,1,200
118010,1,200
118032,1,200
118033,1,200
118051,1,200
118097,1,200
118100,1,200
118121,1,200
118160,1,200
118162,1,200
118181,1,200
118187,1,200
118263,1,200
118266,1,200
118270,1,200
118270,1,200
118335,1,200
118345,1,200
118367,1,200
118472,1,200
118478,1,200
118480,1,200
118497,1,200
118516,1,200
118569,1,200
118577,1,200
118604,1,200
118614,1,200
118667,1,200
118680,1,200
118685,1,200
118690,1,200
118694,1,200
118722,1,200
118820,1,200
119079,1,200
119092,1,200
119093,1,200
119125,1,200
119161,1,200
119191,1,200
119258,1,200
119272,1,200
119347,1,200
119351,1,200
119373,1,200
119437,1,200
119451,1,200
119520,1,200
119580,1,200
119581,1,200
119589,1,200
119653,1,200
119699,1,200
119714,1,200
119736,1,200
119746,1,200
119780,1,200
119821,1,200
119865,1,200
119913,1,200
119921,1,200
119934,1,200
119939,1,200
120004,1,200
120008,1,200
120012,1,200
120014,1,200
120015,1,200
120019,1,200
120042,1,200
120098,1,200
120160,1,200
120226,1,200
120445,1,200
120450,1,200
120621,1,200
120727,1,200
120955,1,200
120960,1,200
120978,1,200
120981,1,200
121011,1,200
121025,1,200
121025,1,200
121028,1,200
121031,1,200
121039,1,200
121061,1,200
121062,1,200
121068,1,200
121070,1,200
121146,1,200
121161,1,200
121185,1,200
121193,1,200
121195,1,200
121199,1,200
121218,1,200
121242,1,200
121245,1,200
121247,1,200
121264,1,200
121292,1,200
121296,1,200
121353,1,200
121359,1,200
121368,1,200
121383,1,200
121390,1,200
121409,1,200
121411,1,200
121418,1,200
121451,1,200
121462,1,200
121481,1,200
121493,1,200
121557,1,200
121585,1,200
121591,1,200
121600,1,200
121607,1,200
121626,1,200
121645,1,200
121701,1,200
121717,1,200
121789,1,200
121802,1,200
121838,1,200
122077,1,200
122137,1,200
122153,1,200
122193,1,200
122241,1,200
122292,1,200
122303,1,200
122316,1,200
122319,1,200
122343,1,200
122389,1,200
122423,1,200
122506,1,200
122519,1,200
122543,1,200
122573,1,200
122593,1,200
122615,1,200
122629,1,200
122661,1,200
122669,1,200
122671,1,200
122715,1,200
122731,1,200
122777,1,200
122792,1,200
122806,1,200
122824,1,200
122825,1,200
122879,1,200
122889,1,200
123018,1,200
123057,1,200
123096,1,200
123105,1,200
123112,1,200
123137,1,200
123147,1,200
123190,1,200
123238,1,200
123325,1,200
123345,1,200
123417,1,200
123420,1,200
123434,1,200
123532,1,200
123533,1,200
123534,1,200
123560,1,200
123649,1,200
123678,1,200
123688,1,200
123708,1,200
123748,1,200
123767,1,200
123787,1,200
123817,1,200
123818,1,200
123851,1,200
123930,1,200
124045,1,200
124055,1,200
124099,1,200
124115,1,200
124141,1,200
124144,1,200
124156,1,200
124167,1,200
124189,1,200
124205,1,200
124210,1,200
124337,1,200
124367,1,200
124438,1,200
124443,1,200
124465,1,200
124472,1,200
124511,1,200
124530,1,200
124551,1,200
124569,1,200
124599,1,200
124714,1,200
124761,1,200
124802,1,200
124858,1,200
124922,1,200
125001,1,200
125032,1,200
125042,1,200
125046,1,200
125103,1,200
125177,1,200
125230,1,200
125259,1,200
125292,1,200
125301,1,200
125412,1,200
125424,1,200
125431,1,200
125439,1,200
125453,1,200
125470,1,200
125500,1,200
125548,1,200
125597,1,200
125598,1,200
125609,1,200
125627,1,200
125671,1,200
125675,1,200
125724,1,200
125782,1,200
125838,1,200
125854,1,200
125915,1,200
126000,1,200
126012,1,200
126019,1,200
126036,1,200
126060,1,200
126063,1,200
126188,1,200
126192,1,200
126197,1,200
126216,1,200
126272,1,200
126315,1,200
126386,1,200
126399,1,200
126416,1,200
126448,1,200
126457,1,200
126482,1,200
126486,1,200
126536,1,200
126551,1,200
126633,1,200
126647,1,200
126679,1,200
126682,1,200
126698,1,200
126761,1,200
126815,1,200
126830,1,200
127071,1,200
127095,1,200
127140,1,200
127241,1,200
127274,1,200
127426,1,200
127433,1,200
127466,1,200
127547,1,200
127603,1,200
127623,1,200
127635,1,200
127638,1,200
127647,1,200
127658,1,200
127666,1,200
127681,1,200
127751,1,200
127778,1,200
127836,1,200
127846,1,200
127897,1,200
127968,1,200
127993,1,200
128017,1,200
128076,1,200
128132,1,200
128138,1,200
128164,1,200
128176,1,200
128180,1,200
128237,1,200
128310,1,200
128328,1,200
128333,1,200
128342,1,200
128391,1,200
128454,1,200
128474,1,200
128524,1,200
128566,1,200
128569,1,200
128579,1,200
128617,1,200
128624,1,200
128633,1,200
128658,1,200
128803,1,200
128826,1,200
128859,1,200
128875,1,200
128908,1,200
128936,1,200
129000,1,200
129012,1,200
129047,1,200
129080,1,200
129082,1,200
129086,1,200
129119,1,200
129142,1,200
129148,1,200
129188,1,200
129201,1,200
129217,1,200
129281,1,200
129312,1,200
129345,1,200
129360,1,200
129365,1,200
129367,1,200
129374,1,200
129379,1,200
129422,1,200
129424,1,200
129433,1,200
129472,1,200
129490,1,200
129516,1,200
129524,1,200
129554,1,200
129559,1,200
129654,1,200
129689,1,200
129764,1,200
129778,1,200
129925,1,200
130004,1,200
130019,1,200
130023,1,200
130028,1,200
130065,1,200
130176,1,200
130300,1,200
130381,1,200
130381,1,200
130390,1,200
130391,1,200
130515,1,200
130567,1,200
130608,1,200
130659,1,200
130686,1,200
130754,1,200
130817,1,200
131032,1,200
131040,1,200
131056,1,200
131100,1,200
131111,1,200
131138,1,200
131150,1,200
131200,1,200
131272,1,200
131322,1,200
131340,1,200
131345,1,200
131407,1,200
131409,1,200
131476,1,200
131496,1,200
131523,1,200
131570,1,200
131607,1,200
131766,1,200
131845,1,200
131885,1,200
131885,1,200
131900,1,200
131955,1,200
131962,1,200
131987,1,200
132082,1,200
132083,1,200
132106,1,200
132113,1,200
132129,1,200
132140,1,200
132208,1,200
132223,1,200
132292,1,200
132324,1,200
132331,1,200
132374,1,200
132399,1,200
132454,1,200
132488,1,200
132490,1,200
132494,1,200
132512,1,200
132525,1,200
132554,1,200
132564,1,200
132577,1,200
132610,1,200
133005,1,200
133027,1,200
133037,1,200
133081,1,200
133085,1,200
133121,1,200
133137,1,200
133185,1,200
133279,1,200
133284,1,200
133325,1,200
133474,1,200
133550,1,200
133596,1,200
133644,1,200
133651,1,200
134009,1,200
134056,1,200
134067,1,200
134069,1,200
134107,1,200
134133,1,200
134157,1,200
134233,1,200
134325,1,200
134407,1,200
134471,1,200
134549,1,200
134560,1,200
134596,1,200
134612,1,200
134625,1,200
134665,1,200
134686,1,200
134719,1,200
135037,1,200
135068,1,200
135068,1,200
135085,1,200
135142,1,200
135212,1,200
135242,1,200
135266,1,200
135278,1,200
135308,1,200
135313,1,200
135330,1,200
135373,1,200
135379,1,200
135414,1,200
135474,1,200
135485,1,200
135679,1,200
136013,1,200
136031,1,200
136055,1,200
136077,1,200
136120,1,200
136156,1,200
136302,1,200
136360,1,200
136422,1,200
136443,1,200
136527,1,200
136543,1,200
136608,1,200
136625,1,200
136866,1,200
136923,1,200
136933,1,200
136999,1,200
137083,1,200
137085,1,200
137092,1,200
137104,1,200
137137,1,200
137189,1,200
137226,1,200
137307,1,200
137384,1,200
137477,1,200
137499,1,200
137570,1,200
137580,1,200
137589,1,200
137674,1,200
137741,1,200
137789,1,200
137815,1,200
137970,1,200
137978,1,200
137995,1,200
138114,1,200
138201,1,200
138206,1,200
138212,1,200
138252,1,200
138339,1,200
138359,1,200
138379,1,200
138401,1,200
138419,1,200
138480,1,200
138524,1,200
138558,1,200
138579,1,200
138604,1,200
138689,1,200
138721,1,200
139011,1,200
139031,1,200
139123,1,200
139124,1,200
139133,1,200
139173,1,200
139237,1,200
139257,1,200
139271,1,200
139407,1,200
139551,1,200
139559,1,200
139574,1,200
139577,1,200
139605,1,200
139686,1,200
139698,1,200
139755,1,200
139803,1,200
140065,1,200
140116,1,200
140139,1,200
140235,1,200
140479,1,200
140503,1,200
140551,1,200
140786,1,200
141024,1,200
141058,1,200
141138,1,200
141154,1,200
141191,1,200
141226,1,200
141264,1,200
141299,1,200
141306,1,200
141307,1,200
141354,1,200
141453,1,200
141465,1,200
141480,1,200
141495,1,200
141496,1,200
141631,1,200
141650,1,200
141661,1,200
141706,1,200
141743,1,200
141773,1,200
141774,1,200
141846,1,200
141876,1,200
141983,1,200
141984,1,200
142001,1,200
142078,1,200
142139,1,200
142244,1,200
142257,1,200
142347,1,200
142491,1,200
142626,1,200
142629,1,200
142642,1,200
142649,1,200
142701,1,200
142721,1,200
142823,1,200
143086,1,200
143129,1,200
143139,1,200
143165,1,200
143181,1,200
143190,1,200
143275,1,200
143326,1,200
143464,1,200
143666,1,200
143870,1,200
143906,1,200
144009,1,200
144140,1,200
144155,1,200
144278,1,200
144288,1,200
144334,1,200
144350,1,200
144375,1,200
144433,1,200
144502,1,200
144545,1,200
144605,1,200
145010,1,200
145126,1,200
145170,1,200
145285,1,200
145302,1,200
145324,1,200
145339,1,200
145365,1,200
145368,1,200
145483,1,200
145550,1,200
145614,1,200
145721,1,200
145761,1,200
145806,1,200
146144,1,200
146333,1,200
146377,1,200
146405,1,200
146510,1,200
146546,1,200
146666,1,200
146761,1,200
146925,1,200
146942,1,200
147054,1,200
147096,1,200
147114,1,200
147160,1,200
147257,1,200
147311,1,200
147312,1,200
147321,1,200
147371,1,200
147560,1,200
147615,1,200
147635,1,200
147701,1,200
147989,1,200
148003,1,200
148007,1,200
148321,1,200
148417,1,200
148444,1,200
148591,1,200
148593,1,200
148595,1,200
148782,1,200
148788,1,200
148804,1,200
148824,1,200
148841,1,200
148968,1,200
149002,1,200
149043,1,200
149064,1,200
149442,1,200
149486,1,200
149495,1,200
149685,1,200
149699,1,200
149870,1,200
149903,1,200
150011,1,200
150018,1,200
150257,1,200
150325,1,200
150337,1,200
150448,1,200
150459,1,200
150538,1,200
150698,1,200
150815,1,200
151052,1,200
151095,1,200
151168,1,200
151217,1,200
151223,1,200
151365,1,200
151384,1,200
151425,1,200
151489,1,200
151543,1,200
151652,1,200
151703,1,200
152072,1,200
152182,1,200
152217,1,200
152311,1,200
152551,1,200
152558,1,200
153020,1,200
153055,1,200
153087,1,200
153113,1,200
153198,1,200
153291,1,200
153308,1,200
153450,1,200
153450,1,200
153561,1,200
153598,1,200
153681,1,200
153718,1,200
153846,1,200
153915,1,200
154032,1,200
154096,1,200
154125,1,200
154182,1,200
154264,1,200
154320,1,200
154476,1,200
154501,1,200
154596,1,200
154623,1,200
154624,1,200
154652,1,200
154680,1,200
154747,1,200
154788,1,200
154857,1,200
155018,1,200
155046,1,200
155056,1,200
155061,1,200
155084,1,200
155130,1,200
155137,1,200
155336,1,200
155361,1,200
155409,1,200
155455,1,200
156087,1,200
156172,1,200
156355,1,200
156355,1,200
156375,1,200
156507,1,200
156814,1,200
156966,1,200
156992,1,200
157107,1,200
157154,1,200
157211,1,200
157532,1,200
157653,1,200
157699,1,200
158090,1,200
158111,1,200
158128,1,200
158182,1,200
158279,1,200
158478,1,200
158516,1,200
158663,1,200
158677,1,200
158710,1,200
159019,1,200
159075,1,200
159141,1,200
159147,1,200
159230,1,200
159293,1,200
159575,1,200
159617,1,200
159627,1,200
159638,1,200
159755,1,200
160263,1,200
160353,1,200
160378,1,200
160391,1,200
160502,1,200
160566,1,200
160674,1,200
160683,1,200
160714,1,200
160754,1,200
160792,1,200
160820,1,200
160846,1,200
161029,1,200
161049,1,200
161590,1,200
161680,1,200
161879,1,200
161914,1,200
162288,1,200
162530,1,200
162577,1,200
162756,1,200
162894,1,200
163075,1,200
163245,1,200
163276,1,200
163295,1,200
163721,1,200
163886,1,200
164342,1,200
164362,1,200
164953,1,200
165045,1,200
165047,1,200
165119,1,200
165123,1,200
165128,1,200
165148,1,200
165153,1,200
165166,1,200
165303,1,200
165370,1,200
165402,1,200
165438,1,200
165442,1,200
165445,1,200
165551,1,200
165576,1,200
165611,1,200
165619,1,200
165669,1,200
165732,1,200
165798,1,200
165824,1,200
165880,1,200
165909,1,200
166157,1,200
166221,1,200
166241,1,200
166367,1,200
166402,1,200
166443,1,200
166748,1,200
166786,1,200
166860,1,200
166988,1,200
167030,1,200
167030,1,200
167062,1,200
167307,1,200
167382,1,200
167506,1,200
167509,1,200
167789,1,200
167800,1,200
167870,1,200
168018,1,200
168064,1,200
168261,1,200
168326,1,200
168450,1,200
168462,1,200
168547,1,200
168630,1,200
168677,1,200
168774,1,200
168873,1,200
169321,1,200
169596,1,200
169905,1,200
169914,1,200
170011,1,200
170034,1,200
170054,1,200
170125,1,200
170528,1,200
170582,1,200
170735,1,200
170748,1,200
170992,1,200
171120,1,200
171182,1,200
171196,1,200
171227,1,200
171252,1,200
171294,1,200
171445,1,200
171485,1,200
171665,1,200
172000,1,200
172104,1,200
172125,1,200
172343,1,200
172453,1,200
172514,1,200
172523,1,200
172545,1,200
172649,1,200
172669,1,200
173159,1,200
173191,1,200
173299,1,200
173377,1,200
173873,1,200
174105,1,200
174112,1,200
174259,1,200
174490,1,200
174543,1,200
174548,1,200
174969,1,200
175291,1,200
175580,1,200
175708,1,200
175929,1,200
176079,1,200
176287,1,200
176408,1,200
176424,1,200
176436,1,200
176530,1,200
176569,1,200
177004,1,200
177007,1,200
177074,1,200
177117,1,200
177185,1,200
177211,1,200
177214,1,200
177251,1,200
177261,1,200
177288,1,200
177295,1,200
177298,1,200
177337,1,200
177360,1,200
177366,1,200
177395,1,200
177455,1,200
177489,1,200
177522,1,200
177533,1,200
177697,1,200
177748,1,200
177759,1,200
177777,1,200
178036,1,200
178051,1,200
178180,1,200
178188,1,200
178290,1,200
178466,1,200
178623,1,200
178664,1,200
178822,1,200
179020,1,200
179036,1,200
179111,1,200
179287,1,200
179309,1,200
179313,1,200
179359,1,200
179403,1,200
179438,1,200
179588,1,200
179704,1,200
179765,1,200
179781,1,200
179811,1,200
180099,1,200
180100,1,200
180209,1,200
180309,1,200
180373,1,200
180400,1,200
180451,1,200
180595,1,200
182052,1,200
182080,1,200
182170,1,200
182214,1,200
182219,1,200
182235,1,200
182302,1,200
182354,1,200
182386,1,200
182416,1,200
182589,1,200
182610,1,200
182830,1,200
183126,1,200
183219,1,200
183247,1,200
183304,1,200
183504,1,200
183543,1,200
183562,1,200
183767,1,200
183787,1,200
184034,1,200
184075,1,200
184099,1,200
184100,1,200
184110,1,200
184120,1,200
184157,1,200
184340,1,200
184356,1,200
184393,1,200
184526,1,200
184551,1,200
184635,1,200
185062,1,200
185208,1,200
185368,1,200
185813,1,200
185819,1,200
186009,1,200
186062,1,200
186130,1,200
186206,1,200
186253,1,200
186257,1,200
186460,1,200
186517,1,200
186560,1,200
186564,1,200
186576,1,200
187192,1,200
187305,1,200
187334,1,200
187345,1,200
187747,1,200
187807,1,200
187989,1,200
188053,1,200
188099,1,200
188106,1,200
188107,1,200
188714,1,200
189012,1,200
189068,1,200
189077,1,200
189128,1,200
189139,1,200
189255,1,200
189353,1,200
189362,1,200
189396,1,200
189409,1,200
189446,1,200
189476,1,200
189593,1,200
189637,1,200
189648,1,200
189691,1,200
189712,1,200
189784,1,200
189939,1,200
189947,1,200
190014,1,200
190086,1,200
190149,1,200
190176,1,200
190185,1,200
190197,1,200
190338,1,200
190521,1,200
190737,1,200
190773,1,200
190855,1,200
191060,1,200
191251,1,200
191279,1,200
191314,1,200
191386,1,200
191507,1,200
191960,1,200
192037,1,200
192096,1,200
192117,1,200
192188,1,200
192273,1,200
192297,1,200
192351,1,200
192379,1,200
192402,1,200
192439,1,200
192495,1,200
192596,1,200
192678,1,200
192701,1,200
192747,1,200
193088,1,200
193173,1,200
193645,1,200
193773,1,200
193781,1,200
193818,1,200
193924,1,200
193966,1,200
194136,1,200
194255,1,200
194288,1,200
194461,1,200
194489,1,200
194549,1,200
194671,1,200
194773,1,200
194836,1,200
194850,1,200
194997,1,200
195131,1,200
195386,1,200
195412,1,200
195493,1,200
195591,1,200
195673,1,200
195714,1,200
195827,1,200
195854,1,200
196001,1,200
196022,1,200
196079,1,200
196096,1,200
196111,1,200
196142,1,200
196292,1,200
196587,1,200
196784,1,200
196911,1,200
197007,1,200
197020,1,200
197026,1,200
197067,1,200
197114,1,200
197176,1,200
197246,1,200
197259,1,200
197333,1,200
197634,1,200
198028,1,200
198237,1,200
198544,1,200
198565,1,200
198950,1,200
199015,1,200
199257,1,200
199263,1,200
199279,1,200
199525,1,200
199787,1,200
199855,1,200
200050,1,200
200073,1,200
200194,1,200
200223,1,200
200248,1,200
200298,1,200
200362,1,200
200415,1,200
201015,1,200
201016,1,200
201025,1,200
201037,1,200
201041,1,200
201161,1,200
201177,1,200
201246,1,200
201249,1,200
201325,1,200
201361,1,200
201431,1,200
201434,1,200
201464,1,200
201477,1,200
201525,1,200
201562,1,200
201578,1,200
201602,1,200
201612,1,200
201637,1,200
201671,1,200
201672,1,200
201673,1,200
201689,1,200
201743,1,200
201749,1,200
201778,1,200
201785,1,200
201836,1,200
201889,1,200
202035,1,200
202079,1,200
202137,1,200
202140,1,200
202204,1,200
202228,1,200
202390,1,200
202461,1,200
202601,1,200
202720,1,200
202793,1,200
202836,1,200
203150,1,200
203194,1,200
203289,1,200
203511,1,200
203584,1,200
203592,1,200
203734,1,200
203759,1,200
203888,1,200
203965,1,200
204053,1,200
204068,1,200
204149,1,200
204222,1,200
204228,1,200
204285,1,200
204467,1,200
204538,1,200
204547,1,200
204635,1,200
204649,1,200
204690,1,200
204765,1,200
204798,1,200
205168,1,200
205214,1,200
205290,1,200
205297,1,200
205349,1,200
205399,1,200
205544,1,200
205622,1,200
205676,1,200
205706,1,200
205727,1,200
206048,1,200
206183,1,200
206227,1,200
206285,1,200
206364,1,200
206456,1,200
206517,1,200
206614,1,200
206615,1,200
206634,1,200
206644,1,200
207082,1,200
207103,1,200
207320,1,200
207390,1,200
207409,1,200
207422,1,200
207425,1,200
207537,1,200
207740,1,200
207810,1,200
207815,1,200
207914,1,200
207971,1,200
208062,1,200
208067,1,200
208314,1,200
208320,1,200
208339,1,200
208396,1,200
208529,1,200
208604,1,200
208806,1,200
208906,1,200
209003,1,200
209143,1,200
209243,1,200
209355,1,200
209368,1,200
209408,1,200
209523,1,200
209795,1,200
210015,1,200
210044,1,200
210247,1,200
210484,1,200
210619,1,200
210628,1,200
210726,1,200
210824,1,200
210885,1,200
211351,1,200
211519,1,200
211624,1,200
211642,1,200
211706,1,200
211757,1,200
211915,1,200
211924,1,200
211937,1,200
212057,1,200
212101,1,200
212122,1,200
212135,1,200
212141,1,200
212265,1,200
212650,1,200
212720,1,200
212743,1,200
212797,1,200
212940,1,200
213074,1,200
213104,1,200
213184,1,200
213290,1,200
213313,1,200
213362,1,200
213435,1,200
213452,1,200
213458,1,200
213487,1,200
213493,1,200
213535,1,200
213562,1,200
213564,1,200
213570,1,200
213574,1,200
213579,1,200
213650,1,200
213666,1,200
213748,1,200
213783,1,200
213829,1,200
213851,1,200
213903,1,200
213927,1,200
213938,1,200
214011,1,200
214070,1,200
214161,1,200
214171,1,200
214261,1,200
214289,1,200
214303,1,200
214307,1,200
214540,1,200
214652,1,200
214725,1,200
214741,1,200
214792,1,200
214943,1,200
214943,1,200
214946,1,200
215028,1,200
215033,1,200
215044,1,200
215200,1,200
215295,1,200
215373,1,200
215383,1,200
215471,1,200
215519,1,200
215540,1,200
215627,1,200
215675,1,200
215676,1,200
215804,1,200
215961,1,200
215971,1,200
216054,1,200
216079,1,200
216101,1,200
216122,1,200
216142,1,200
216156,1,200
216208,1,200
216228,1,200
216263,1,200
216272,1,200
216303,1,200
216354,1,200
216409,1,200
217140,1,200
217263,1,200
217370,1,200
217442,1,200
217626,1,200
217778,1,200
217916,1,200
218001,1,200
218018,1,200
218071,1,200
218112,1,200
218218,1,200
218257,1,200
218273,1,200
218330,1,200
218344,1,200
218375,1,200
218544,1,200
218604,1,200
218649,1,200
218663,1,200
218753,1,200
218887,1,200
218908,1,200
218997,1,200
219446,1,200
219633,1,200
219862,1,200
220040,1,200
220082,1,200
220097,1,200
220114,1,200
220205,1,200
220259,1,200
220275,1,200
220301,1,200
220346,1,200
220400,1,200
220419,1,200
220433,1,200
220572,1,200
220595,1,200
220621,1,200
220643,1,200
220644,1,200
220737,1,200
220831,1,200
220837,1,200
220848,1,200
220890,1,200
220894,1,200
220908,1,200
220925,1,200
220929,1,200
221013,1,200
221087,1,200
221211,1,200
221251,1,200
221259,1,200
221285,1,200
221405,1,200
221617,1,200
221627,1,200
221680,1,200
221812,1,200
222011,1,200
222037,1,200
222066,1,200
222234,1,200
222343,1,200
222415,1,200
222466,1,200
222634,1,200
222731,1,200
222762,1,200
222923,1,200
222937,1,200
223006,1,200
223092,1,200
223104,1,200
223267,1,200
223284,1,200
223397,1,200
223513,1,200
223522,1,200
223532,1,200
223670,1,200
223695,1,200
223708,1,200
223721,1,200
223754,1,200
223759,1,200
224035,1,200
224066,1,200
224230,1,200
224246,1,200
224248,1,200
224291,1,200
224478,1,200
224540,1,200
224630,1,200
224856,1,200
224872,1,200
225002,1,200
225008,1,200
225032,1,200
225055,1,200
225071,1,200
225081,1,200
225088,1,200
225095,1,200
225135,1,200
225145,1,200
225176,1,200
225181,1,200
225224,1,200
225319,1,200
225353,1,200
225397,1,200
225465,1,200
225482,1,200
225487,1,200
225529,1,200
225530,1,200
225566,1,200
225643,1,200
225678,1,200
225731,1,200
225744,1,200
225765,1,200
225972,1,200
225986,1,200
226014,1,200
226022,1,200
226042,1,200
226049,1,200
226057,1,200
226066,1,200
226076,1,200
226084,1,200
226175,1,200
226177,1,200
226205,1,200
226223,1,200
226256,1,200
226264,1,200
226287,1,200
226291,1,200
226349,1,200
226404,1,200
226448,1,200
226524,1,200
226586,1,200
226632,1,200
226640,1,200
226673,1,200
226709,1,200
226717,1,200
226756,1,200
226773,1,200
226807,1,200
226850,1,200
226885,1,200
226896,1,200
227042,1,200
227045,1,200
227064,1,200
227101,1,200
227157,1,200
227166,1,200
227187,1,200
227227,1,200
227275,1,200
227302,1,200
227339,1,200
227398,1,200
227476,1,200
227552,1,200
227578,1,200
227640,1,200
227643,1,200
227660,1,200
227733,1,200
227748,1,200
227769,1,200
227775,1,200
227783,1,200
227820,1,200
227820,1,200
228051,1,200
228082,1,200
228147,1,200
228207,1,200
228216,1,200
228350,1,200
228396,1,200
228461,1,200
228516,1,200
228533,1,200
228649,1,200
228684,1,200
228690,1,200
228711,1,200
228832,1,200
228832,1,200
228864,1,200
228999,1,200
229000,1,200
229050,1,200
229059,1,200
229065,1,200
229075,1,200
229092,1,200
229107,1,200
229140,1,200
229157,1,200
229186,1,200
229258,1,200
229285,1,200
229294,1,200
229303,1,200
229321,1,200
229448,1,200
229485,1,200
229485,1,200
229604,1,200
229630,1,200
229641,1,200
229716,1,200
229787,1,200
229811,1,200
229910,1,200
229940,1,200
229941,1,200
229974,1,200
230020,1,200
230130,1,200
230172,1,200
230277,1,200
230488,1,200
230508,1,200
230516,1,200
230520,1,200
230569,1,200
230617,1,200
230679,1,200
230682,1,200
230818,1,200
230882,1,200
230893,1,200
230925,1,200
230943,1,200
231001,1,200
231046,1,200
231058,1,200
231065,1,200
231095,1,200
231105,1,200
231112,1,200
231113,1,200
231142,1,200
231147,1,200
231164,1,200
231174,1,200
231223,1,200
231223,1,200
231239,1,200
231281,1,200
231296,1,200
231339,1,200
231415,1,200
231441,1,200
231457,1,200
231479,1,200
231486,1,200
231488,1,200
231523,1,200
231538,1,200
231585,1,200
231640,1,200
231643,1,200
231737,1,200
231741,1,200
232048,1,200
232054,1,200
232165,1,200
232313,1,200
232324,1,200
232405,1,200
232594,1,200
232624,1,200
232716,1,200
232774,1,200
232882,1,200
232893,1,200
232905,1,200
232907,1,200
232927,1,200
233037,1,200
233097,1,200
233122,1,200
233127,1,200
233142,1,200
233174,1,200
233184,1,200
233195,1,200
233199,1,200
233215,1,200
233285,1,200
233298,1,200
233443,1,200
233450,1,200
233461,1,200
233469,1,200
233653,1,200
233706,1,200
233709,1,200
233755,1,200
233762,1,200
233808,1,200
233841,1,200
233932,1,200
233940,1,200
234002,1,200
234019,1,200
234031,1,200
234152,1,200
234201,1,200
234244,1,200
234248,1,200
234325,1,200
234352,1,200
234364,1,200
234452,1,200
234463,1,200
234470,1,200
234473,1,200
234476,1,200
234550,1,200
234600,1,200
234604,1,200
234645,1,200
235039,1,200
235052,1,200
235053,1,200
235112,1,200
235116,1,200
235128,1,200
235174,1,200
235289,1,200
235311,1,200
235330,1,200
235341,1,200
235346,1,200
235367,1,200
235409,1,200
235459,1,200
235464,1,200
235500,1,200
235664,1,200
235665,1,200
235676,1,200
235714,1,200
235729,1,200
236043,1,200
236075,1,200
236086,1,200
236090,1,200
236105,1,200
236247,1,200
236275,1,200
236292,1,200
236292,1,200
236302,1,200
236311,1,200
236387,1,200
236473,1,200
236532,1,200
236540,1,200
236584,1,200
236606,1,200
236625,1,200
236634,1,200
236663,1,200
236666,1,200
237076,1,200
237093,1,200
237110,1,200
237138,1,200
237162,1,200
237166,1,200
237169,1,200
237198,1,200
237252,1,200
237263,1,200
237266,1,200
237365,1,200
237409,1,200
237419,1,200
237440,1,200
237483,1,200
237484,1,200
237491,1,200
237571,1,200
237631,1,200
237636,1,200
237641,1,200
237645,1,200
237655,1,200
237656,1,200
237664,1,200
237673,1,200
237697,1,200
237698,1,200
237713,1,200
237748,1,200
237803,1,200
237876,1,200
237909,1,200
237964,1,200
238005,1,200
238021,1,200
238024,1,200
238024,1,200
238026,1,200
238031,1,200
238035,1,200
238039,1,200
238079,1,200
238126,1,200
238153,1,200
238211,1,200
238469,1,200
238524,1,200
238570,1,200
238580,1,200
238668,1,200
238690,1,200
238697,1,200
238794,1,200
238802,1,200
238824,1,200
238999,1,200
239000,1,200
239002,1,200
239021,1,200
239034,1,200
239039,1,200
239062,1,200
239072,1,200
239089,1,200
239124,1,200
239127,1,200
239150,1,200
239155,1,200
239178,1,200
239184,1,200
239197,1,200
239199,1,200
239223,1,200
239226,1,200
239244,1,200
239332,1,200
239473,1,200
239612,1,200
239630,1,200
239640,1,200
239641,1,200
239704,1,200
239717,1,200
239750,1,200
239823,1,200
239856,1,200
239861,1,200
239884,1,200
239887,1,200
239926,1,200
240000,1,200
240050,1,200
240110,1,200
240113,1,200
240127,1,200
240127,1,200
240127,1,200
240129,1,200
240228,1,200
240238,1,200
240277,1,200
240279,1,200
240303,1,200
240311,1,200
240357,1,200
240367,1,200
240435,1,200
240465,1,200
240578,1,200
240609,1,200
240614,1,200
240636,1,200
240643,1,200
240672,1,200
240736,1,200
240773,1,200
240790,1,200
240799,1,200
241005,1,200
241097,1,200
241110,1,200
241166,1,200
241201,1,200
241232,1,200
241251,1,200
241301,1,200
241459,1,200
241529,1,200
241604,1,200
241615,1,200
241615,1,200
241625,1,200
241710,1,200
241725,1,200
241756,1,200
241774,1,200
241896,1,200
241972,1,200
242004,1,200
242030,1,200
242040,1,200
242051,1,200
242055,1,200
242070,1,200
242088,1,200
242151,1,200
242157,1,200
242223,1,200
242439,1,200
242470,1,200
242512,1,200
242528,1,200
242530,1,200
242547,1,200
242552,1,200
242566,1,200
242568,1,200
242576,1,200
242607,1,200
242653,1,200
242688,1,200
242874,1,200
242905,1,200
242932,1,200
243025,1,200
243043,1,200
243072,1,200
243133,1,200
243155,1,200
243186,1,200
243195,1,200
243202,1,200
243232,1,200
243239,1,200
243276,1,200
243304,1,200
243341,1,200
243569,1,200
243569,1,200
243631,1,200
243865,1,200
243924,1,200
243974,1,200
243987,1,200
244002,1,200
244005,1,200
244063,1,200
244072,1,200
244073,1,200
244079,1,200
244101,1,200
244103,1,200
244130,1,200
244130,1,200
244136,1,200
244164,1,200
244241,1,200
244262,1,200
244298,1,200
244330,1,200
244357,1,200
244368,1,200
244399,1,200
244414,1,200
244502,1,200
244508,1,200
244522,1,200
244525,1,200
244537,1,200
244561,1,200
244576,1,200
244591,1,200
244685,1,200
244696,1,200
244716,1,200
244779,1,200
244818,1,200
244818,1,200
244956,1,200
245008,1,200
245064,1,200
245082,1,200
245143,1,200
245172,1,200
245225,1,200
245236,1,200
245396,1,200
245522,1,200
245558,1,200
245561,1,200
245663,1,200
245746,1,200
245870,1,200
245892,1,200
245898,1,200
245950,1,200
245979,1,200
246007,1,200
246067,1,200
246069,1,200
246071,1,200
246074,1,200
246095,1,200
246124,1,200
246164,1,200
246237,1,200
246255,1,200
246266,1,200
246282,1,200
246283,1,200
246284,1,200
246294,1,200
246328,1,200
246341,1,200
246358,1,200
246461,1,200
246521,1,200
246537,1,200
246576,1,200
246576,1,200
246615,1,200
246700,1,200
246829,1,200
247038,1,200
247047,1,200
247107,1,200
247112,1,200
247122,1,200
247136,1,200
247180,1,200
247183,1,200
247356,1,200
247374,1,200
247377,1,200
247424,1,200
247463,1,200
247525,1,200
247812,1,200
247814,1,200
247894,1,200
247928,1,200
247937,1,200
247965,1,200
248000,1,200
248081,1,200
248086,1,200
248138,1,200
248180,1,200
248220,1,200
248380,1,200
248446,1,200
248457,1,200
248553,1,200
248632,1,200
248711,1,200
248834,1,200
248877,1,200
248890,1,200
248932,1,200
248943,1,200
249030,1,200
249038,1,200
249043,1,200
249052,1,200
249088,1,200
249106,1,200
249126,1,200
249202,1,200
249294,1,200
249296,1,200
249348,1,200
249382,1,200
249443,1,200
249448,1,200
249493,1,200
249548,1,200
249580,1,200
249628,1,200
249638,1,200
249646,1,200
249669,1,200
249737,1,200
249746,1,200
249756,1,200
249803,1,200
249864,1,200
249887,1,200
249931,1,200
249943,1,200
249957,1,200
249968,1,200
249976,1,200
249980,1,200
250051,1,200
250067,1,200
250093,1,200
250127,1,200
250150,1,200
250178,1,200
250195,1,200
250271,1,200
250299,1,200
250400,1,200
250440,1,200
250551,1,200
250674,1,200
250695,1,200
250799,1,200
250822,1,200
250935,1,200
250957,1,200
251031,1,200
251125,1,200
251129,1,200
251134,1,200
251137,1,200
251142,1,200
251171,1,200
251180,1,200
251239,1,200
251240,1,200
251302,1,200
251344,1,200
251348,1,200
251440,1,200
251462,1,200
251489,1,200
251588,1,200
251599,1,200
251651,1,200
251741,1,200
251782,1,200
251950,1,200
252033,1,200
252101,1,200
252220,1,200
252385,1,200
252414,1,200
252431,1,200
252447,1,200
252494,1,200
252681,1,200
252743,1,200
252771,1,200
252773,1,200
252822,1,200
252828,1,200
252840,1,200
252849,1,200
252939,1,200
252945,1,200
252960,1,200
253010,1,200
253079,1,200
253097,1,200
253207,1,200
253207,1,200
253209,1,200
253214,1,200
253238,1,200
253262,1,200
253286,1,200
253453,1,200
253486,1,200
253530,1,200
253585,1,200
253607,1,200
253631,1,200
253822,1,200
253985,1,200
254000,1,200
254014,1,200
254047,1,200
254049,1,200
254063,1,200
254211,1,200
254222,1,200
254256,1,200
254303,1,200
254346,1,200
254476,1,200
254578,1,200
254641,1,200
254769,1,200
254779,1,200
254786,1,200
254791,1,200
254833,1,200
254880,1,200
254881,1,200
255112,1,200
255138,1,200
255164,1,200
255185,1,200
255204,1,200
255228,1,200
255253,1,200
255258,1,200
255330,1,200
255349,1,200
255416,1,200
255437,1,200
255481,1,200
255491,1,200
255582,1,200
255657,1,200
255783,1,200
255854,1,200
255887,1,200
255939,1,200
255942,1,200
256005,1,200
256020,1,200
256023,1,200
256032,1,200
256058,1,200
256078,1,200
256082,1,200
256106,1,200
256107,1,200
256139,1,200
256195,1,200
256243,1,200
256248,1,200
256388,1,200
256407,1,200
256486,1,200
256491,1,200
256667,1,200
256688,1,200
256707,1,200
256732,1,200
256740,1,200
256783,1,200
256879,1,200
256900,1,200
256927,1,200
256947,1,200
256964,1,200
257111,1,200
257117,1,200
257169,1,200
257223,1,200
257294,1,200
257309,1,200
257385,1,200
257386,1,200
257431,1,200
257437,1,200
257488,1,200
257544,1,200
257627,1,200
257722,1,200
257732,1,200
257754,1,200
257780,1,200
257813,1,200
258031,1,200
258081,1,200
258125,1,200
258183,1,200
258267,1,200
258279,1,200
258300,1,200
258343,1,200
258357,1,200
258360,1,200
258370,1,200
258440,1,200
258444,1,200
258478,1,200
258615,1,200
258672,1,200
258856,1,200
258858,1,200
258860,1,200
259006,1,200
259007,1,200
259009,1,200
259016,1,200
259173,1,200
259180,1,200
259193,1,200
259254,1,200
259254,1,200
259270,1,200
259345,1,200
259426,1,200
259464,1,200
259470,1,200
259723,1,200
259778,1,200
259797,1,200
259948,1,200
260031,1,200
260040,1,200
260056,1,200
260111,1,200
260164,1,200
260169,1,200
260171,1,200
260262,1,200
260287,1,200
260287,1,200
260407,1,200
260441,1,200
260445,1,200
260597,1,200
260697,1,200
260751,1,200
260777,1,200
261030,1,200
261032,1,200
261056,1,200
261095,1,200
261124,1,200
261301,1,200
261337,1,200
261407,1,200
261409,1,200
261460,1,200
261517,1,200
261558,1,200
261635,1,200
261656,1,200
261659,1,200
261701,1,200
261711,1,200
261722,1,200
261906,1,200
261963,1,200
261980,1,200
262005,1,200
262029,1,200
262058,1,200
262063,1,200
262147,1,200
262153,1,200
262187,1,200
262231,1,200
262240,1,200
262284,1,200
262307,1,200
262313,1,200
262316,1,200
262507,1,200
262658,1,200
262727,1,200
262843,1,200
262861,1,200
263088,1,200
263130,1,200
263450,1,200
263581,1,200
263698,1,200
264023,1,200
264052,1,200
264062,1,200
264074,1,200
264111,1,200
264116,1,200
264123,1,200
264124,1,200
264150,1,200
264179,1,200
264195,1,200
264201,1,200
264201,1,200
264214,1,200
264239,1,200
264259,1,200
264262,1,200
264319,1,200
264481,1,200
264517,1,200
264588,1,200
264766,1,200
264899,1,200
264927,1,200
264932,1,200
264966,1,200
265286,1,200
265461,1,200
265463,1,200
265589,1,200
266123,1,200
266204,1,200
266273,1,200
266283,1,200
266325,1,200
266332,1,200
266374,1,200
266389,1,200
266397,1,200
266520,1,200
266527,1,200
266586,1,200
266652,1,200
266754,1,200
266820,1,200
266850,1,200
266902,1,200
266942,1,200
267252,1,200
267268,1,200
267603,1,200
267605,1,200
267620,1,200
267794,1,200
267837,1,200
267910,1,200
268060,1,200
268099,1,200
268105,1,200
268149,1,200
268156,1,200
268323,1,200
268424,1,200
268588,1,200
268612,1,200
268659,1,200
268782,1,200
268942,1,200
269004,1,200
269100,1,200
269101,1,200
269119,1,200
269233,1,200
269241,1,200
269266,1,200
269291,1,200
269588,1,200
269593,1,200
270248,1,200
270305,1,200
270462,1,200
270501,1,200
270519,1,200
270527,1,200
270536,1,200
271078,1,200
271242,1,200
271264,1,200
271400,1,200
271436,1,200
271575,1,200
271979,1,200
272077,1,200
272089,1,200
272173,1,200
272310,1,200
272890,1,200
273134,1,200
273245,1,200
273298,1,200
273557,1,200
273561,1,200
273788,1,200
273793,1,200
274065,1,200
274107,1,200
274125,1,200
274130,1,200
274143,1,200
274148,1,200
274232,1,200
274319,1,200
274432,1,200
274658,1,200
275104,1,200
275205,1,200
275444,1,200
275786,1,200
275801,1,200
275830,1,200
275867,1,200
276031,1,200
276240,1,200
276687,1,200
276840,1,200
276934,1,200
277323,1,200
277472,1,200
277518,1,200
277840,1,200
277999,1,200
278090,1,200
278168,1,200
278436,1,200
278940,1,200
279011,1,200
279290,1,200
279384,1,200
279481,1,200
279639,1,200
280030,1,200
280495,1,200
280702,1,200
280853,1,200
281226,1,200
281354,1,200
281379,1,200
281561,1,200
281655,1,200
281881,1,200
282213,1,200
282227,1,200
282366,1,200
282707,1,200
282804,1,200
282873,1,200
282873,1,200
282978,1,200
283127,1,200
283389,1,200
283719,1,200
283723,1,200
283816,1,200
283822,1,200
284027,1,200
284041,1,200
284068,1,200
284076,1,200
284078,1,200
284141,1,200
284146,1,200
284204,1,200
284228,1,200
284314,1,200
284317,1,200
284339,1,200
284365,1,200
284381,1,200
284450,1,200
284475,1,200
284490,1,200
284529,1,200
284534,1,200
284549,1,200
284558,1,200
284710,1,200
284872,1,200
285214,1,200
285301,1,200
285309,1,200
285381,1,200
285707,1,200
285813,1,200
286016,1,200
286110,1,200
286148,1,200
286154,1,200
286229,1,200
286524,1,200
287094,1,200
287230,1,200
287562,1,200
287638,1,200
287889,1,200
288101,1,200
288228,1,200
288258,1,200
288277,1,200
288623,1,200
288627,1,200
288722,1,200
288723,1,200
289441,1,200
289897,1,200
290001,1,200
290004,1,200
290111,1,200
290442,1,200
290474,1,200
290479,1,200
290582,1,200
290790,1,200
291202,1,200
