139,1,200
167,1,200
179,1,200
298,1,200
314,1,200
751,1,200
786,1,200
802,1,200
819,1,200
1089,1,200
1370,1,200
1692,1,200
1953,1,200
2016,1,200
2021,1,200
2066,1,200
2337,1,200
2490,1,200
2548,1,200
2754,1,200
2856,1,200
3023,1,200
3238,1,200
3277,1,200
3420,1,200
3420,1,200
3525,1,200
3916,1,200
4073,1,200
4108,1,200
4176,1,200
4194,1,200
4267,1,200
4314,1,200
4358,1,200
4506,1,200
4582,1,200
4930,1,200
5009,1,200
5094,1,200
5406,1,200
5436,1,200
5466,1,200
5549,1,200
5553,1,200
6404,1,200
6430,1,200
6883,1,200
7070,1,200
7195,1,200
7237,1,200
7364,1,200
7369,1,200
7704,1,200
7792,1,200
7913,1,200
8162,1,200
8251,1,200
8282,1,200
8339,1,200
8676,1,200
9056,1,200
9101,1,200
9105,1,200
9173,1,200
9187,1,200
9267,1,200
9280,1,200
9304,1,200
9308,1,200
9484,1,200
9524,1,200
9544,1,200
9579,1,200
9590,1,200
9599,1,200
9647,1,200
9694,1,200
9825,1,200
10003,1,200
10068,1,200
10143,1,200
10304,1,200
10616,1,200
10704,1,200
10709,1,200
10766,1,200
10869,1,200
10991,1,200
11086,1,200
11092,1,200
11364,1,200
11367,1,200
11410,1,200
11495,1,200
11632,1,200
11684,1,200
11868,1,200
12276,1,200
12398,1,200
12407,1,200
12432,1,200
12526,1,200
12659,1,200
13013,1,200
13016,1,200
13094,1,200
13143,1,200
13743,1,200
13863,1,200
14013,1,200
14187,1,200
14318,1,200
14356,1,200
14431,1,200
14469,1,200
14512,1,200
14514,1,200
14581,1,200
14620,1,200
14679,1,200
14748,1,200
14852,1,200
14895,1,200
14959,1,200
15095,1,200
15284,1,200
15288,1,200
15342,1,200
15570,1,200
15770,1,200
16060,1,200
16166,1,200
16253,1,200
16280,1,200
16346,1,200
16453,1,200
16633,1,200
16830,1,200
16837,1,200
16983,1,200
17275,1,200
17934,1,200
18216,1,200
19176,1,200
19226,1,200
19452,1,200
19556,1,200
20236,1,200
20243,1,200
20361,1,200
20470,1,200
21045,1,200
21079,1,200
21096,1,200
21126,1,200
21185,1,200
21251,1,200
21255,1,200
21429,1,200
21478,1,200
21543,1,200
21683,1,200
21684,1,200
21869,1,200
21891,1,200
21927,1,200
21941,1,200
22001,1,200
22065,1,200
22157,1,200
22199,1,200
22209,1,200
22210,1,200
22279,1,200
22324,1,200
22351,1,200
22394,1,200
22428,1,200
22440,1,200
22442,1,200
22589,1,200
22708,1,200
22744,1,200
23057,1,200
23116,1,200
23396,1,200
23620,1,200
23733,1,200
23899,1,200
24009,1,200
24134,1,200
24159,1,200
24169,1,200
24258,1,200
24259,1,200
24412,1,200
24493,1,200
24509,1,200
24553,1,200
24581,1,200
25051,1,200
25186,1,200
25304,1,200
25318,1,200
25335,1,200
25347,1,200
25396,1,200
25425,1,200
25649,1,200
25739,1,200
25773,1,200
26244,1,200
26539,1,200
26618,1,200
27013,1,200
27041,1,200
27063,1,200
27072,1,200
27076,1,200
27144,1,200
27174,1,200
27251,1,200
27326,1,200
27459,1,200
27724,1,200
27860,1,200
27917,1,200
28032,1,200
28050,1,200
28235,1,200
28297,1,200
28365,1,200
28396,1,200
28771,1,200
29065,1,200
29078,1,200
29139,1,200
29215,1,200
29289,1,200
29301,1,200
29307,1,200
29368,1,200
29379,1,200
29500,1,200
29511,1,200
29749,1,200
29955,1,200
29967,1,200
30004,1,200
30063,1,200
30150,1,200
30178,1,200
30259,1,200
30368,1,200
31255,1,200
31255,1,200
31485,1,200
31503,1,200
31948,1,200
32122,1,200
32310,1,200
32337,1,200
32345,1,200
32397,1,200
32942,1,200
33052,1,200
33085,1,200
33134,1,200
33249,1,200
33278,1,200
33393,1,200
33433,1,200
33450,1,200
33496,1,200
33505,1,200
33562,1,200
33564,1,200
33569,1,200
33575,1,200
33585,1,200
33588,1,200
33629,1,200
33682,1,200
33691,1,200
33723,1,200
33920,1,200
33958,1,200
33998,1,200
34005,1,200
34007,1,200
34042,1,200
34051,1,200
34110,1,200
34195,1,200
34229,1,200
34234,1,200
34238,1,200
34245,1,200
34268,1,200
34361,1,200
34406,1,200
34447,1,200
34473,1,200
34501,1,200
34509,1,200
34625,1,200
34823,1,200
34853,1,200
34886,1,200
35025,1,200
35055,1,200
35097,1,200
35280,1,200
35408,1,200
35574,1,200
35763,1,200
35930,1,200
35932,1,200
36017,1,200
36113,1,200
36138,1,200
36193,1,200
36193,1,200
36194,1,200
36222,1,200
36284,1,200
36467,1,200
36490,1,200
36563,1,200
36673,1,200
36675,1,200
36776,1,200
36783,1,200
36873,1,200
36916,1,200
36933,1,200
36952,1,200
37152,1,200
37198,1,200
37204,1,200
37300,1,200
37359,1,200
37397,1,200
37418,1,200
37534,1,200
37658,1,200
38010,1,200
38012,1,200
38040,1,200
38080,1,200
38135,1,200
38217,1,200
38225,1,200
38269,1,200
38446,1,200
38558,1,200
38626,1,200
38648,1,200
38737,1,200
39148,1,200
39160,1,200
39247,1,200
39248,1,200
39317,1,200
39708,1,200
39809,1,200
39856,1,200
39897,1,200
40012,1,200
40024,1,200
40048,1,200
40058,1,200
40109,1,200
40134,1,200
40168,1,200
40174,1,200
40180,1,200
40346,1,200
40398,1,200
40520,1,200
40529,1,200
40557,1,200
40692,1,200
40694,1,200
40861,1,200
40909,1,200
40918,1,200
41089,1,200
41290,1,200
41372,1,200
41503,1,200
41531,1,200
41535,1,200
41703,1,200
41708,1,200
41712,1,200
41784,1,200
41790,1,200
41843,1,200
42063,1,200
42250,1,200
42463,1,200
42549,1,200
42550,1,200
42706,1,200
42755,1,200
42820,1,200
42950,1,200
43020,1,200
43030,1,200
43040,1,200
43045,1,200
43193,1,200
43345,1,200
43738,1,200
43759,1,200
43783,1,200
43982,1,200
43992,1,200
44029,1,200
44091,1,200
44210,1,200
44411,1,200
44420,1,200
44491,1,200
44519,1,200
44632,1,200
45025,1,200
45048,1,200
45049,1,200
45059,1,200
45104,1,200
45109,1,200
45109,1,200
45118,1,200
45173,1,200
45191,1,200
45195,1,200
45215,1,200
45238,1,200
45277,1,200
45280,1,200
45282,1,200
45360,1,200
45361,1,200
45374,1,200
45395,1,200
45404,1,200
45478,1,200
45533,1,200
45545,1,200
45562,1,200
45578,1,200
45587,1,200
45616,1,200
45617,1,200
45661,1,200
45704,1,200
45800,1,200
45818,1,200
45851,1,200
45874,1,200
45911,1,200
45938,1,200
46031,1,200
46035,1,200
46080,1,200
46105,1,200
46202,1,200
46269,1,200
46301,1,200
46345,1,200
46373,1,200
46440,1,200
46471,1,200
46489,1,200
46510,1,200
46530,1,200
46656,1,200
46680,1,200
46686,1,200
46716,1,200
46776,1,200
46823,1,200
46831,1,200
46866,1,200
46876,1,200
46934,1,200
46985,1,200
46997,1,200
47037,1,200
47044,1,200
47065,1,200
47086,1,200
47188,1,200
47200,1,200
47308,1,200
47321,1,200
47350,1,200
47381,1,200
47398,1,200
47400,1,200
47501,1,200
47555,1,200
47618,1,200
47647,1,200
47673,1,200
47718,1,200
47738,1,200
47785,1,200
47791,1,200
47791,1,200
47862,1,200
47891,1,200
47901,1,200
48002,1,200
48040,1,200
48059,1,200
48157,1,200
48176,1,200
48220,1,200
48229,1,200
48302,1,200
48331,1,200
48368,1,200
48514,1,200
48590,1,200
48626,1,200
48635,1,200
48662,1,200
48829,1,200
48831,1,200
48831,1,200
48859,1,200
48880,1,200
48918,1,200
48990,1,200
49007,1,200
49032,1,200
49037,1,200
49052,1,200
49074,1,200
49081,1,200
49193,1,200
49295,1,200
49298,1,200
49315,1,200
49498,1,200
49589,1,200
49708,1,200
49780,1,200
49791,1,200
49809,1,200
49898,1,200
49901,1,200
49903,1,200
49918,1,200
49936,1,200
49940,1,200
49962,1,200
49968,1,200
50004,1,200
50122,1,200
50136,1,200
50143,1,200
50195,1,200
50226,1,200
50228,1,200
50241,1,200
50324,1,200
50427,1,200
50473,1,200
50500,1,200
50588,1,200
50631,1,200
50634,1,200
50652,1,200
50660,1,200
50670,1,200
50697,1,200
50720,1,200
50760,1,200
50855,1,200
50870,1,200
50913,1,200
51028,1,200
51028,1,200
51039,1,200
51044,1,200
51126,1,200
51183,1,200
51211,1,200
51282,1,200
51340,1,200
51485,1,200
51505,1,200
51580,1,200
51604,1,200
51810,1,200
51881,1,200
51964,1,200
51975,1,200
52037,1,200
52051,1,200
52062,1,200
52087,1,200
52100,1,200
52116,1,200
52139,1,200
52169,1,200
52192,1,200
52195,1,200
52213,1,200
52217,1,200
52219,1,200
52274,1,200
52293,1,200
52339,1,200
52380,1,200
52411,1,200
52474,1,200
52510,1,200
52533,1,200
52560,1,200
52683,1,200
52795,1,200
52862,1,200
52974,1,200
53061,1,200
53078,1,200
53117,1,200
53123,1,200
53160,1,200
53164,1,200
53208,1,200
53237,1,200
53241,1,200
53242,1,200
53304,1,200
53311,1,200
53315,1,200
53315,1,200
53321,1,200
53338,1,200
53342,1,200
53345,1,200
53371,1,200
53440,1,200
53508,1,200
53528,1,200
53555,1,200
53617,1,200
53680,1,200
53693,1,200
53741,1,200
53861,1,200
54010,1,200
54065,1,200
54084,1,200
54092,1,200
54111,1,200
54120,1,200
54383,1,200
54401,1,200
54411,1,200
54473,1,200
54575,1,200
54631,1,200
54690,1,200
54711,1,200
54716,1,200
54738,1,200
54760,1,200
54766,1,200
54779,1,200
55055,1,200
55071,1,200
55149,1,200
55290,1,200
55328,1,200
55335,1,200
55358,1,200
55368,1,200
55459,1,200
55511,1,200
55522,1,200
55545,1,200
55549,1,200
55625,1,200
55636,1,200
55651,1,200
55666,1,200
55691,1,200
55705,1,200
55791,1,200
55823,1,200
55907,1,200
55946,1,200
55995,1,200
56000,1,200
56011,1,200
56035,1,200
56095,1,200
56125,1,200
56144,1,200
56187,1,200
56199,1,200
56249,1,200
56304,1,200
56305,1,200
56317,1,200
56344,1,200
56445,1,200
56451,1,200
56457,1,200
56480,1,200
56540,1,200
56608,1,200
56729,1,200
56829,1,200
56844,1,200
57007,1,200
57033,1,200
57038,1,200
57113,1,200
57159,1,200
57193,1,200
57194,1,200
57196,1,200
57303,1,200
57308,1,200
57324,1,200
57326,1,200
57343,1,200
57352,1,200
57358,1,200
57383,1,200
57385,1,200
57427,1,200
57429,1,200
57438,1,200
57445,1,200
57453,1,200
57530,1,200
57533,1,200
57566,1,200
57602,1,200
57606,1,200
57661,1,200
57668,1,200
57673,1,200
57682,1,200
57709,1,200
57739,1,200
57752,1,200
57784,1,200
57882,1,200
57919,1,200
57939,1,200
57947,1,200
58001,1,200
58006,1,200
58042,1,200
58052,1,200
58059,1,200
58075,1,200
58080,1,200
58090,1,200
58176,1,200
58187,1,200
58214,1,200
58250,1,200
58269,1,200
58297,1,200
58301,1,200
58359,1,200
58408,1,200
58409,1,200
58535,1,200
58540,1,200
58577,1,200
58584,1,200
58590,1,200
58599,1,200
58613,1,200
58641,1,200
58683,1,200
58685,1,200
58740,1,200
58760,1,200
58769,1,200
58823,1,200
58829,1,200
58844,1,200
58850,1,200
58901,1,200
58915,1,200
58927,1,200
59018,1,200
59084,1,200
59095,1,200
59200,1,200
59239,1,200
59251,1,200
59260,1,200
59286,1,200
59321,1,200
59356,1,200
59373,1,200
59424,1,200
59434,1,200
59462,1,200
59492,1,200
59493,1,200
59514,1,200
59522,1,200
59526,1,200
59546,1,200
59569,1,200
59579,1,200
59640,1,200
59684,1,200
59712,1,200
59737,1,200
59838,1,200
59880,1,200
59928,1,200
59976,1,200
60040,1,200
60047,1,200
60096,1,200
60134,1,200
60149,1,200
60174,1,200
60187,1,200
60236,1,200
60238,1,200
60249,1,200
60282,1,200
60293,1,200
60302,1,200
60320,1,200
60332,1,200
60367,1,200
60414,1,200
60437,1,200
60456,1,200
60461,1,200
60490,1,200
60548,1,200
60565,1,200
60583,1,200
60618,1,200
60626,1,200
60636,1,200
60647,1,200
60675,1,200
60692,1,200
60744,1,200
60753,1,200
61029,1,200
61041,1,200
61140,1,200
61268,1,200
61270,1,200
61274,1,200
61282,1,200
61297,1,200
61326,1,200
61328,1,200
61337,1,200
61351,1,200
61366,1,200
61369,1,200
61404,1,200
61409,1,200
61417,1,200
61427,1,200
61477,1,200
61487,1,200
61514,1,200
61539,1,200
61542,1,200
61587,1,200
61620,1,200
61652,1,200
61718,1,200
61725,1,200
61739,1,200
61745,1,200
61824,1,200
61829,1,200
62094,1,200
62114,1,200
62138,1,200
62157,1,200
62171,1,200
62182,1,200
62233,1,200
62322,1,200
62361,1,200
62370,1,200
62371,1,200
62381,1,200
62399,1,200
62418,1,200
62460,1,200
62466,1,200
62481,1,200
62485,1,200
62506,1,200
62513,1,200
62522,1,200
62525,1,200
62564,1,200
62571,1,200
62648,1,200
62701,1,200
62717,1,200
62722,1,200
62757,1,200
62807,1,200
62822,1,200
62899,1,200
63025,1,200
63033,1,200
63039,1,200
63045,1,200
63096,1,200
63107,1,200
63178,1,200
63211,1,200
63220,1,200
63338,1,200
63410,1,200
63411,1,200
63447,1,200
63490,1,200
63501,1,200
63507,1,200
63514,1,200
63540,1,200
63577,1,200
63581,1,200
63641,1,200
63710,1,200
63795,1,200
63933,1,200
63945,1,200
63947,1,200
63950,1,200
63982,1,200
64009,1,200
64014,1,200
64025,1,200
64026,1,200
64056,1,200
64070,1,200
64091,1,200
64091,1,200
64110,1,200
64112,1,200
64124,1,200
64139,1,200
64172,1,200
64180,1,200
64271,1,200
64294,1,200
64419,1,200
64424,1,200
64453,1,200
64507,1,200
64570,1,200
64653,1,200
64687,1,200
64728,1,200
64756,1,200
64758,1,200
64899,1,200
64958,1,200
64967,1,200
64967,1,200
65010,1,200
65052,1,200
65076,1,200
65090,1,200
65116,1,200
65127,1,200
65152,1,200
65162,1,200
65164,1,200
65175,1,200
65318,1,200
65320,1,200
65350,1,200
65377,1,200
65391,1,200
65399,1,200
65461,1,200
65461,1,200
65494,1,200
65504,1,200
65564,1,200
65568,1,200
65621,1,200
65672,1,200
65685,1,200
65688,1,200
65698,1,200
65714,1,200
65722,1,200
65747,1,200
65755,1,200
65797,1,200
65812,1,200
65813,1,200
65826,1,200
65935,1,200
66002,1,200
66018,1,200
66025,1,200
66043,1,200
66092,1,200
66137,1,200
66211,1,200
66215,1,200
66218,1,200
66229,1,200
66244,1,200
66263,1,200
66293,1,200
66306,1,200
66320,1,200
66358,1,200
66363,1,200
66368,1,200
66382,1,200
66396,1,200
66485,1,200
66496,1,200
66503,1,200
66613,1,200
66616,1,200
66663,1,200
66694,1,200
66694,1,200
66744,1,200
66818,1,200
66832,1,200
67004,1,200
67014,1,200
67069,1,200
67077,1,200
67096,1,200
67135,1,200
67167,1,200
67206,1,200
67219,1,200
67234,1,200
67241,1,200
67277,1,200
67284,1,200
67299,1,200
67321,1,200
67348,1,200
67412,1,200
67423,1,200
67428,1,200
67467,1,200
67552,1,200
67643,1,200
67672,1,200
67688,1,200
67698,1,200
67773,1,200
67791,1,200
67813,1,200
67817,1,200
67972,1,200
68070,1,200
68121,1,200
68172,1,200
68177,1,200
68238,1,200
68275,1,200
68291,1,200
68298,1,200
68331,1,200
68335,1,200
68370,1,200
68412,1,200
68440,1,200
68460,1,200
68480,1,200
68497,1,200
68548,1,200
68606,1,200
68612,1,200
68645,1,200
68651,1,200
68654,1,200
68729,1,200
68737,1,200
68779,1,200
68794,1,200
68825,1,200
68825,1,200
68889,1,200
68929,1,200
68981,1,200
69000,1,200
69000,1,200
69027,1,200
69031,1,200
69079,1,200
69096,1,200
69099,1,200
69112,1,200
69118,1,200
69125,1,200
69128,1,200
69154,1,200
69173,1,200
69181,1,200
69193,1,200
69194,1,200
69222,1,200
69241,1,200
69247,1,200
69263,1,200
69268,1,200
69322,1,200
69361,1,200
69419,1,200
69447,1,200
69449,1,200
69453,1,200
69461,1,200
69463,1,200
69477,1,200
69480,1,200
69487,1,200
69506,1,200
69516,1,200
69541,1,200
69550,1,200
69560,1,200
69604,1,200
69635,1,200
69670,1,200
69671,1,200
69675,1,200
69686,1,200
69687,1,200
69727,1,200
69739,1,200
69749,1,200
69760,1,200
69764,1,200
69767,1,200
69774,1,200
69781,1,200
69799,1,200
69822,1,200
69859,1,200
69885,1,200
69901,1,200
69913,1,200
69915,1,200
69931,1,200
69933,1,200
69945,1,200
70002,1,200
70004,1,200
70004,1,200
70029,1,200
70030,1,200
70040,1,200
70042,1,200
70088,1,200
70130,1,200
70139,1,200
70145,1,200
70149,1,200
70166,1,200
70174,1,200
70185,1,200
70207,1,200
70228,1,200
70230,1,200
70245,1,200
70286,1,200
70306,1,200
70344,1,200
70375,1,200
70378,1,200
70477,1,200
70511,1,200
70512,1,200
70515,1,200
70523,1,200
70529,1,200
70539,1,200
70631,1,200
70641,1,200
70671,1,200
70706,1,200
70724,1,200
70731,1,200
70761,1,200
70781,1,200
70838,1,200
70848,1,200
70875,1,200
70881,1,200
70905,1,200
70908,1,200
70919,1,200
70931,1,200
70938,1,200
71039,1,200
71056,1,200
71061,1,200
71083,1,200
71100,1,200
71132,1,200
71161,1,200
71173,1,200
71223,1,200
71227,1,200
71227,1,200
71248,1,200
71260,1,200
71316,1,200
71316,1,200
71321,1,200
71336,1,200
71368,1,200
71383,1,200
71389,1,200
71468,1,200
71482,1,200
71504,1,200
71513,1,200
71547,1,200
71560,1,200
71639,1,200
71667,1,200
71718,1,200
71750,1,200
71763,1,200
71816,1,200
71821,1,200
71865,1,200
71874,1,200
71957,1,200
72003,1,200
72016,1,200
72030,1,200
72036,1,200
72061,1,200
72071,1,200
72130,1,200
72138,1,200
72147,1,200
72151,1,200
72154,1,200
72199,1,200
72208,1,200
72231,1,200
72263,1,200
72266,1,200
72269,1,200
72292,1,200
72323,1,200
72326,1,200
72328,1,200
72329,1,200
72361,1,200
72374,1,200
72410,1,200
72418,1,200
72457,1,200
72470,1,200
72614,1,200
72635,1,200
72638,1,200
72643,1,200
72644,1,200
72650,1,200
72677,1,200
72681,1,200
72685,1,200
72694,1,200
72751,1,200
72776,1,200
72779,1,200
72797,1,200
72800,1,200
72820,1,200
72877,1,200
72912,1,200
72922,1,200
72923,1,200
72949,1,200
72968,1,200
72969,1,200
72989,1,200
72998,1,200
73000,1,200
73000,1,200
73003,1,200
73009,1,200
73010,1,200
73012,1,200
73016,1,200
73020,1,200
73037,1,200
73071,1,200
73087,1,200
73163,1,200
73195,1,200
73252,1,200
73260,1,200
73263,1,200
73279,1,200
73326,1,200
73330,1,200
73357,1,200
73361,1,200
73392,1,200
73394,1,200
73418,1,200
73477,1,200
73499,1,200
73541,1,200
73543,1,200
73547,1,200
73565,1,200
73631,1,200
73696,1,200
73706,1,200
73744,1,200
73746,1,200
73878,1,200
73890,1,200
73898,1,200
73947,1,200
73950,1,200
73974,1,200
73989,1,200
74016,1,200
74029,1,200
74043,1,200
74061,1,200
74061,1,200
74065,1,200
74065,1,200
74067,1,200
74080,1,200
74086,1,200
74090,1,200
74124,1,200
74126,1,200
74134,1,200
74160,1,200
74182,1,200
74231,1,200
74246,1,200
74250,1,200
74256,1,200
74274,1,200
74280,1,200
74283,1,200
74347,1,200
74370,1,200
74373,1,200
74375,1,200
74386,1,200
74443,1,200
74451,1,200
74465,1,200
74473,1,200
74482,1,200
74484,1,200
74495,1,200
74557,1,200
74578,1,200
74633,1,200
74663,1,200
74686,1,200
74687,1,200
74729,1,200
74732,1,200
74744,1,200
74747,1,200
74752,1,200
74759,1,200
74792,1,200
74802,1,200
74803,1,200
74832,1,200
75030,1,200
75039,1,200
75069,1,200
75071,1,200
75077,1,200
75133,1,200
75136,1,200
75145,1,200
75158,1,200
75164,1,200
75170,1,200
75175,1,200
75180,1,200
75204,1,200
75219,1,200
75223,1,200
75226,1,200
75232,1,200
75276,1,200
75324,1,200
75350,1,200
75354,1,200
75380,1,200
75410,1,200
75428,1,200
75445,1,200
75467,1,200
75479,1,200
75536,1,200
75547,1,200
75550,1,200
75569,1,200
75574,1,200
75617,1,200
75620,1,200
75632,1,200
75658,1,200
75659,1,200
75670,1,200
75683,1,200
75697,1,200
75716,1,200
75752,1,200
75759,1,200
75787,1,200
76004,1,200
76019,1,200
76039,1,200
76040,1,200
76040,1,200
76070,1,200
76097,1,200
76101,1,200
76126,1,200
76150,1,200
76185,1,200
76187,1,200
76189,1,200
76195,1,200
76201,1,200
76210,1,200
76211,1,200
76218,1,200
76223,1,200
76225,1,200
76240,1,200
76245,1,200
76281,1,200
76295,1,200
76348,1,200
76382,1,200
76400,1,200
76412,1,200
76413,1,200
76473,1,200
76488,1,200
76491,1,200
76510,1,200
76538,1,200
76568,1,200
76627,1,200
76687,1,200
76772,1,200
76778,1,200
76795,1,200
76800,1,200
76812,1,200
76831,1,200
76876,1,200
77061,1,200
77072,1,200
77090,1,200
77114,1,200
77170,1,200
77170,1,200
77173,1,200
77191,1,200
77240,1,200
77255,1,200
77256,1,200
77299,1,200
77341,1,200
77353,1,200
77369,1,200
77396,1,200
77399,1,200
77400,1,200
77402,1,200
77444,1,200
77459,1,200
77506,1,200
77525,1,200
77554,1,200
77591,1,200
77593,1,200
77640,1,200
77664,1,200
77686,1,200
77746,1,200
77766,1,200
77804,1,200
77807,1,200
77814,1,200
77818,1,200
77881,1,200
77884,1,200
77932,1,200
77946,1,200
77978,1,200
77984,1,200
77999,1,200
78046,1,200
78055,1,200
78060,1,200
78062,1,200
78092,1,200
78099,1,200
78115,1,200
78120,1,200
78138,1,200
78147,1,200
78153,1,200
78186,1,200
78186,1,200
78187,1,200
78233,1,200
78238,1,200
78248,1,200
78271,1,200
78340,1,200
78376,1,200
78402,1,200
78452,1,200
78468,1,200
78498,1,200
78511,1,200
78522,1,200
78524,1,200
78548,1,200
78549,1,200
78582,1,200
78623,1,200
78673,1,200
78674,1,200
78708,1,200
78740,1,200
78747,1,200
78757,1,200
78791,1,200
78815,1,200
78833,1,200
78846,1,200
78851,1,200
78858,1,200
78906,1,200
78913,1,200
78918,1,200
79007,1,200
79064,1,200
79114,1,200
79121,1,200
79187,1,200
79190,1,200
79255,1,200
79277,1,200
79293,1,200
79293,1,200
79349,1,200
79367,1,200
79390,1,200
79473,1,200
79487,1,200
79512,1,200
79582,1,200
79616,1,200
79628,1,200
79631,1,200
79632,1,200
79670,1,200
79727,1,200
79739,1,200
79786,1,200
79839,1,200
79850,1,200
79881,1,200
79959,1,200
79964,1,200
79964,1,200
79990,1,200
79993,1,200
80001,1,200
80003,1,200
80019,1,200
80023,1,200
80055,1,200
80059,1,200
80065,1,200
80070,1,200
80073,1,200
80073,1,200
80077,1,200
80093,1,200
80098,1,200
80105,1,200
80107,1,200
80137,1,200
80146,1,200
80148,1,200
80149,1,200
80214,1,200
80255,1,200
80335,1,200
80375,1,200
80384,1,200
80396,1,200
80409,1,200
80460,1,200
80474,1,200
80475,1,200
80476,1,200
80481,1,200
80482,1,200
80506,1,200
80627,1,200
80665,1,200
80678,1,200
80681,1,200
80698,1,200
80702,1,200
80709,1,200
80728,1,200
80729,1,200
80781,1,200
80791,1,200
80828,1,200
80830,1,200
80835,1,200
80843,1,200
80864,1,200
80867,1,200
80873,1,200
80901,1,200
81035,1,200
81037,1,200
81073,1,200
81078,1,200
81088,1,200
81117,1,200
81123,1,200
81129,1,200
81140,1,200
81142,1,200
81155,1,200
81162,1,200
81167,1,200
81219,1,200
81223,1,200
81232,1,200
81256,1,200
81295,1,200
81312,1,200
81313,1,200
81330,1,200
81334,1,200
81357,1,200
81360,1,200
81363,1,200
81404,1,200
81415,1,200
81417,1,200
81461,1,200
81473,1,200
81529,1,200
81535,1,200
81557,1,200
81566,1,200
81581,1,200
81611,1,200
81614,1,200
81649,1,200
81658,1,200
81667,1,200
81679,1,200
81705,1,200
81720,1,200
81730,1,200
81738,1,200
81740,1,200
81757,1,200
81768,1,200
81769,1,200
81780,1,200
81783,1,200
81784,1,200
81799,1,200
81822,1,200
81840,1,200
81854,1,200
81864,1,200
81876,1,200
81887,1,200
81889,1,200
81914,1,200
81934,1,200
82016,1,200
82019,1,200
82108,1,200
82112,1,200
82142,1,200
82177,1,200
82183,1,200
82209,1,200
82211,1,200
82253,1,200
82282,1,200
82289,1,200
82296,1,200
82338,1,200
82355,1,200
82371,1,200
82371,1,200
82398,1,200
82440,1,200
82479,1,200
82489,1,200
82511,1,200
82541,1,200
82559,1,200
82564,1,200
82596,1,200
82607,1,200
82659,1,200
82676,1,200
82701,1,200
82724,1,200
82742,1,200
82752,1,200
82752,1,200
82784,1,200
82785,1,200
82806,1,200
82818,1,200
82835,1,200
82854,1,200
82875,1,200
82910,1,200
82912,1,200
82953,1,200
82960,1,200
82964,1,200
82983,1,200
83016,1,200
83034,1,200
83036,1,200
83049,1,200
83051,1,200
83053,1,200
83074,1,200
83079,1,200
83107,1,200
83165,1,200
83198,1,200
83251,1,200
83267,1,200
83291,1,200
83332,1,200
83335,1,200
83347,1,200
83414,1,200
83437,1,200
83457,1,200
83471,1,200
83485,1,200
83491,1,200
83494,1,200
83496,1,200
83521,1,200
83541,1,200
83572,1,200
83576,1,200
83585,1,200
83608,1,200
83608,1,200
83626,1,200
83659,1,200
83675,1,200
83707,1,200
83711,1,200
83714,1,200
83770,1,200
83811,1,200
83819,1,200
83823,1,200
83830,1,200
83850,1,200
83855,1,200
83870,1,200
83876,1,200
83890,1,200
83895,1,200
83908,1,200
83925,1,200
83962,1,200
83966,1,200
83983,1,200
84013,1,200
84014,1,200
84035,1,200
84117,1,200
84151,1,200
84197,1,200
84199,1,200
84227,1,200
84256,1,200
84291,1,200
84292,1,200
84304,1,200
84367,1,200
84407,1,200
84433,1,200
84449,1,200
84468,1,200
84501,1,200
84514,1,200
84586,1,200
84618,1,200
84626,1,200
84630,1,200
84631,1,200
84636,1,200
84657,1,200
84672,1,200
84685,1,200
84718,1,200
84727,1,200
84741,1,200
84750,1,200
84769,1,200
84791,1,200
84866,1,200
84896,1,200
84897,1,200
84898,1,200
84906,1,200
84911,1,200
84914,1,200
84930,1,200
84996,1,200
85001,1,200
85004,1,200
85020,1,200
85022,1,200
85024,1,200
85032,1,200
85037,1,200
85042,1,200
85064,1,200
85075,1,200
85080,1,200
85082,1,200
85084,1,200
85086,1,200
85093,1,200
85099,1,200
85099,1,200
85101,1,200
85103,1,200
85104,1,200
85107,1,200
85132,1,200
85134,1,200
85146,1,200
85148,1,200
85149,1,200
85149,1,200
85166,1,200
85190,1,200
85203,1,200
85204,1,200
85218,1,200
85234,1,200
85241,1,200
85250,1,200
85262,1,200
85265,1,200
85293,1,200
85302,1,200
85322,1,200
85345,1,200
85363,1,200
85400,1,200
85429,1,200
85445,1,200
85458,1,200
85479,1,200
85483,1,200
85510,1,200
85536,1,200
85548,1,200
85596,1,200
85630,1,200
85649,1,200
85680,1,200
85690,1,200
86004,1,200
86019,1,200
86036,1,200
86065,1,200
86078,1,200
86101,1,200
86123,1,200
86125,1,200
86178,1,200
86192,1,200
86202,1,200
86217,1,200
86226,1,200
86248,1,200
86279,1,200
86292,1,200
86307,1,200
86324,1,200
86324,1,200
86352,1,200
86368,1,200
86375,1,200
86397,1,200
86416,1,200
86439,1,200
86456,1,200
86457,1,200
86491,1,200
86510,1,200
86553,1,200
86561,1,200
86625,1,200
86630,1,200
86630,1,200
86648,1,200
86664,1,200
86668,1,200
86687,1,200
86701,1,200
86717,1,200
86772,1,200
86782,1,200
86806,1,200
86824,1,200
86837,1,200
86845,1,200
86943,1,200
86965,1,200
86975,1,200
87022,1,200
87029,1,200
87072,1,200
87096,1,200
87138,1,200
87144,1,200
87166,1,200
87171,1,200
87177,1,200
87212,1,200
87216,1,200
87245,1,200
87254,1,200
87265,1,200
87281,1,200
87304,1,200
87336,1,200
87351,1,200
87358,1,200
87365,1,200
87383,1,200
87389,1,200
87423,1,200
87427,1,200
87430,1,200
87448,1,200
87471,1,200
87480,1,200
87492,1,200
87523,1,200
87533,1,200
87533,1,200
87540,1,200
87553,1,200
87556,1,200
87593,1,200
87648,1,200
87691,1,200
87717,1,200
87752,1,200
87770,1,200
87795,1,200
87846,1,200
87889,1,200
87945,1,200
87998,1,200
87999,1,200
88015,1,200
88056,1,200
88081,1,200
88090,1,200
88091,1,200
88098,1,200
88099,1,200
88104,1,200
88106,1,200
88116,1,200
88132,1,200
88137,1,200
88149,1,200
88236,1,200
88238,1,200
88247,1,200
88255,1,200
88257,1,200
88265,1,200
88270,1,200
88283,1,200
88287,1,200
88310,1,200
88316,1,200
88342,1,200
88344,1,200
88372,1,200
88375,1,200
88387,1,200
88398,1,200
88421,1,200
88453,1,200
88495,1,200
88511,1,200
88526,1,200
88544,1,200
88571,1,200
88595,1,200
88609,1,200
88641,1,200
88661,1,200
88667,1,200
88697,1,200
88768,1,200
88799,1,200
88810,1,200
88814,1,200
88827,1,200
88840,1,200
88843,1,200
88856,1,200
88856,1,200
88927,1,200
88934,1,200
89030,1,200
89042,1,200
89053,1,200
89070,1,200
89080,1,200
89094,1,200
89094,1,200
89108,1,200
89108,1,200
89112,1,200
89120,1,200
89141,1,200
89141,1,200
89163,1,200
89199,1,200
89200,1,200
89201,1,200
89242,1,200
89245,1,200
89303,1,200
89324,1,200
89335,1,200
89360,1,200
89380,1,200
89395,1,200
89423,1,200
89446,1,200
89451,1,200
89468,1,200
89483,1,200
89511,1,200
89591,1,200
89596,1,200
89625,1,200
89642,1,200
89656,1,200
89659,1,200
89669,1,200
89682,1,200
89687,1,200
89706,1,200
89721,1,200
89727,1,200
89729,1,200
89755,1,200
89773,1,200
89786,1,200
89798,1,200
89822,1,200
90007,1,200
90008,1,200
90016,1,200
90017,1,200
90056,1,200
90100,1,200
90102,1,200
90117,1,200
90181,1,200
90190,1,200
90210,1,200
90249,1,200
90254,1,200
90283,1,200
90312,1,200
90323,1,200
90346,1,200
90357,1,200
90361,1,200
90376,1,200
90384,1,200
90385,1,200
90409,1,200
90414,1,200
90416,1,200
90442,1,200
90452,1,200
90511,1,200
90521,1,200
90533,1,200
90537,1,200
90566,1,200
90586,1,200
90621,1,200
90639,1,200
90647,1,200
90665,1,200
90676,1,200
90749,1,200
90777,1,200
90787,1,200
90791,1,200
90793,1,200
90855,1,200
90871,1,200
90886,1,200
91006,1,200
91020,1,200
91048,1,200
91098,1,200
91099,1,200
91109,1,200
91154,1,200
91155,1,200
91164,1,200
91164,1,200
91171,1,200
91202,1,200
91238,1,200
91244,1,200
91256,1,200
91292,1,200
91300,1,200
91314,1,200
91339,1,200
91345,1,200
91373,1,200
91389,1,200
91392,1,200
91397,1,200
91400,1,200
91419,1,200
91426,1,200
91443,1,200
91447,1,200
91481,1,200
91521,1,200
91549,1,200
91555,1,200
91563,1,200
91615,1,200
91622,1,200
91689,1,200
91722,1,200
91729,1,200
91740,1,200
91773,1,200
91788,1,200
91832,1,200
91853,1,200
91873,1,200
91877,1,200
91879,1,200
91901,1,200
91914,1,200
92051,1,200
92105,1,200
92121,1,200
92149,1,200
92191,1,200
92264,1,200
92266,1,200
92280,1,200
92281,1,200
92291,1,200
92298,1,200
92347,1,200
92367,1,200
92383,1,200
92390,1,200
92395,1,200
92406,1,200
92461,1,200
92487,1,200
92487,1,200
92495,1,200
92513,1,200
92514,1,200
92526,1,200
92560,1,200
92590,1,200
92594,1,200
92623,1,200
92679,1,200
92685,1,200
92696,1,200
92729,1,200
92752,1,200
92754,1,200
92754,1,200
92760,1,200
92809,1,200
92823,1,200
92834,1,200
92840,1,200
92855,1,200
92903,1,200
92904,1,200
92915,1,200
92919,1,200
92921,1,200
92934,1,200
93030,1,200
93062,1,200
93065,1,200
93087,1,200
93090,1,200
93129,1,200
93131,1,200
93136,1,200
93162,1,200
93185,1,200
93187,1,200
93191,1,200
93193,1,200
93202,1,200
93212,1,200
93243,1,200
93252,1,200
93264,1,200
93278,1,200
93334,1,200
93338,1,200
93338,1,200
93352,1,200
93353,1,200
93356,1,200
93356,1,200
93358,1,200
93368,1,200
93396,1,200
93399,1,200
93406,1,200
93407,1,200
93422,1,200
93429,1,200
93436,1,200
93438,1,200
93440,1,200
93443,1,200
93482,1,200
93485,1,200
93516,1,200
93533,1,200
93553,1,200
93570,1,200
93574,1,200
93586,1,200
93597,1,200
93617,1,200
93633,1,200
93659,1,200
93670,1,200
93689,1,200
93692,1,200
93698,1,200
93707,1,200
93715,1,200
93718,1,200
93728,1,200
93731,1,200
93754,1,200
93828,1,200
93846,1,200
93849,1,200
93889,1,200
93889,1,200
93904,1,200
93916,1,200
93931,1,200
93932,1,200
93933,1,200
93935,1,200
93937,1,200
93941,1,200
93952,1,200
94000,1,200
94017,1,200
94022,1,200
94026,1,200
94039,1,200
94061,1,200
94063,1,200
94069,1,200
94104,1,200
94113,1,200
94115,1,200
94127,1,200
94163,1,200
94179,1,200
94211,1,200
94227,1,200
94228,1,200
94265,1,200
94282,1,200
94298,1,200
94319,1,200
94338,1,200
94353,1,200
94354,1,200
94367,1,200
94388,1,200
94422,1,200
94456,1,200
94475,1,200
94537,1,200
94616,1,200
94635,1,200
94651,1,200
94693,1,200
94705,1,200
94706,1,200
94714,1,200
94724,1,200
94755,1,200
94778,1,200
94800,1,200
94801,1,200
94807,1,200
94811,1,200
94830,1,200
94830,1,200
94831,1,200
94835,1,200
94842,1,200
94850,1,200
94856,1,200
94857,1,200
94871,1,200
94876,1,200
95025,1,200
95060,1,200
95062,1,200
95070,1,200
95072,1,200
95072,1,200
95096,1,200
95144,1,200
95162,1,200
95167,1,200
95175,1,200
95266,1,200
95268,1,200
95273,1,200
95278,1,200
95334,1,200
95409,1,200
95415,1,200
95442,1,200
95456,1,200
95466,1,200
95473,1,200
95476,1,200
95477,1,200
95547,1,200
95558,1,200
95694,1,200
95707,1,200
95728,1,200
95741,1,200
95779,1,200
95780,1,200
95790,1,200
95798,1,200
95807,1,200
95811,1,200
95828,1,200
95829,1,200
95843,1,200
95854,1,200
95896,1,200
95911,1,200
95916,1,200
95926,1,200
95970,1,200
95976,1,200
95991,1,200
95996,1,200
96019,1,200
96027,1,200
96051,1,200
96052,1,200
96060,1,200
96070,1,200
96096,1,200
96112,1,200
96128,1,200
96188,1,200
96206,1,200
96227,1,200
96234,1,200
96239,1,200
96267,1,200
96272,1,200
96284,1,200
96289,1,200
96309,1,200
96355,1,200
96356,1,200
96426,1,200
96449,1,200
96455,1,200
96458,1,200
96502,1,200
96520,1,200
96523,1,200
96547,1,200
96552,1,200
96597,1,200
96600,1,200
96603,1,200
96648,1,200
96665,1,200
96701,1,200
96722,1,200
96731,1,200
96744,1,200
96790,1,200
96798,1,200
96804,1,200
96811,1,200
96811,1,200
96906,1,200
96928,1,200
96976,1,200
97020,1,200
97024,1,200
97028,1,200
97028,1,200
97053,1,200
97059,1,200
97074,1,200
97081,1,200
97097,1,200
97107,1,200
97113,1,200
97119,1,200
97136,1,200
97162,1,200
97166,1,200
97169,1,200
97186,1,200
97196,1,200
97198,1,200
97205,1,200
97209,1,200
97214,1,200
97228,1,200
97231,1,200
97310,1,200
97316,1,200
97352,1,200
97352,1,200
97355,1,200
97376,1,200
97382,1,200
97399,1,200
97415,1,200
97461,1,200
97462,1,200
97546,1,200
97574,1,200
97578,1,200
97607,1,200
97638,1,200
97700,1,200
97706,1,200
97737,1,200
97759,1,200
97775,1,200
97786,1,200
97798,1,200
97802,1,200
97803,1,200
97819,1,200
97820,1,200
97827,1,200
97878,1,200
97892,1,200
97928,1,200
97952,1,200
97963,1,200
97971,1,200
97994,1,200
98015,1,200
98017,1,200
98075,1,200
98090,1,200
98092,1,200
98183,1,200
98188,1,200
98193,1,200
98221,1,200
98229,1,200
98231,1,200
98262,1,200
98296,1,200
98340,1,200
98344,1,200
98357,1,200
98365,1,200
98387,1,200
98388,1,200
98473,1,200
98482,1,200
98483,1,200
98488,1,200
98545,1,200
98637,1,200
98642,1,200
98657,1,200
98718,1,200
98719,1,200
98737,1,200
98742,1,200
98744,1,200
98755,1,200
98778,1,200
98787,1,200
98819,1,200
98824,1,200
98839,1,200
98841,1,200
98846,1,200
98866,1,200
98875,1,200
98894,1,200
98943,1,200
98947,1,200
98959,1,200
99006,1,200
99007,1,200
99027,1,200
99031,1,200
99047,1,200
99051,1,200
99067,1,200
99092,1,200
99107,1,200
99138,1,200
99139,1,200
99161,1,200
99179,1,200
99191,1,200
99233,1,200
99259,1,200
99264,1,200
99283,1,200
99286,1,200
99286,1,200
99297,1,200
99327,1,200
99336,1,200
99343,1,200
99345,1,200
99392,1,200
99405,1,200
99432,1,200
99486,1,200
99503,1,200
99515,1,200
99533,1,200
99556,1,200
99558,1,200
99563,1,200
99563,1,200
99599,1,200
99635,1,200
99651,1,200
99664,1,200
99671,1,200
99695,1,200
99703,1,200
99706,1,200
99708,1,200
99759,1,200
99921,1,200
99930,1,200
99933,1,200
99969,1,200
99971,1,200
100005,1,200
100030,1,200
100037,1,200
100038,1,200
100044,1,200
100047,1,200
100063,1,200
100081,1,200
100083,1,200
100151,1,200
100170,1,200
100184,1,200
100199,1,200
100213,1,200
100213,1,200
100250,1,200
100261,1,200
100278,1,200
100298,1,200
100315,1,200
100327,1,200
100341,1,200
100342,1,200
100356,1,200
100365,1,200
100369,1,200
100384,1,200
100440,1,200
100504,1,200
100526,1,200
100531,1,200
100544,1,200
100549,1,200
100593,1,200
100615,1,200
100621,1,200
100659,1,200
100668,1,200
100678,1,200
100685,1,200
100690,1,200
100698,1,200
100699,1,200
100716,1,200
100727,1,200
100769,1,200
100802,1,200
100806,1,200
100813,1,200
100844,1,200
100861,1,200
100863,1,200
101002,1,200
101009,1,200
101021,1,200
101054,1,200
101056,1,200
101083,1,200
101133,1,200
101161,1,200
101171,1,200
101223,1,200
101226,1,200
101228,1,200
101237,1,200
101305,1,200
101380,1,200
101400,1,200
101435,1,200
101513,1,200
101520,1,200
101525,1,200
101563,1,200
101564,1,200
101583,1,200
101628,1,200
101647,1,200
101723,1,200
101807,1,200
101814,1,200
101815,1,200
101859,1,200
101868,1,200
101884,1,200
101896,1,200
101933,1,200
101944,1,200
101951,1,200
102009,1,200
102010,1,200
102013,1,200
102014,1,200
102016,1,200
102034,1,200
102035,1,200
102074,1,200
102076,1,200
102083,1,200
102085,1,200
102103,1,200
102104,1,200
102114,1,200
102128,1,200
102241,1,200
102246,1,200
102248,1,200
102279,1,200
102290,1,200
102305,1,200
102307,1,200
102326,1,200
102327,1,200
102331,1,200
102367,1,200
102388,1,200
102421,1,200
102433,1,200
102445,1,200
102488,1,200
102509,1,200
102537,1,200
102539,1,200
102567,1,200
102574,1,200
102577,1,200
102643,1,200
102661,1,200
102668,1,200
102673,1,200
102692,1,200
102694,1,200
102728,1,200
102764,1,200
102765,1,200
102776,1,200
102783,1,200
102900,1,200
102924,1,200
102930,1,200
102963,1,200
102972,1,200
103004,1,200
103005,1,200
103016,1,200
103035,1,200
103042,1,200
103057,1,200
103078,1,200
103126,1,200
103136,1,200
103165,1,200
103184,1,200
103201,1,200
103219,1,200
103242,1,200
103242,1,200
103243,1,200
103271,1,200
103283,1,200
103287,1,200
103368,1,200
103409,1,200
103478,1,200
103508,1,200
103550,1,200
103562,1,200
103581,1,200
103595,1,200
103617,1,200
103635,1,200
103640,1,200
103642,1,200
103658,1,200
103732,1,200
103739,1,200
103751,1,200
103753,1,200
103799,1,200
103831,1,200
103928,1,200
103929,1,200
103938,1,200
103964,1,200
103981,1,200
103984,1,200
103988,1,200
103995,1,200
104028,1,200
104029,1,200
104089,1,200
104099,1,200
104130,1,200
104189,1,200
104215,1,200
104221,1,200
104239,1,200
104306,1,200
104307,1,200
104336,1,200
104338,1,200
104351,1,200
104360,1,200
104369,1,200
104372,1,200
104374,1,200
104376,1,200
104407,1,200
104446,1,200
104472,1,200
104483,1,200
104490,1,200
104492,1,200
104520,1,200
104581,1,200
104602,1,200
104615,1,200
104654,1,200
104665,1,200
104740,1,200
104788,1,200
104803,1,200
104838,1,200
104840,1,200
104853,1,200
104883,1,200
104888,1,200
104896,1,200
104917,1,200
104918,1,200
104922,1,200
105009,1,200
105011,1,200
105033,1,200
105074,1,200
105096,1,200
105096,1,200
105112,1,200
105138,1,200
105145,1,200
105175,1,200
105216,1,200
105223,1,200
105231,1,200
105259,1,200
105261,1,200
105262,1,200
105268,1,200
105271,1,200
105282,1,200
105283,1,200
105298,1,200
105298,1,200
105318,1,200
105325,1,200
105340,1,200
105344,1,200
105345,1,200
105366,1,200
105368,1,200
105385,1,200
105401,1,200
105407,1,200
105412,1,200
105437,1,200
105462,1,200
105502,1,200
105504,1,200
105522,1,200
105530,1,200
105552,1,200
105559,1,200
105572,1,200
105579,1,200
105587,1,200
105725,1,200
105738,1,200
105741,1,200
105774,1,200
105802,1,200
105810,1,200
105873,1,200
105898,1,200
105898,1,200
105907,1,200
106022,1,200
106026,1,200
106043,1,200
106059,1,200
106130,1,200
106139,1,200
106184,1,200
106188,1,200
106244,1,200
106248,1,200
106254,1,200
106264,1,200
106311,1,200
106322,1,200
106322,1,200
106326,1,200
106339,1,200
106391,1,200
106403,1,200
106424,1,200
106428,1,200
106448,1,200
106515,1,200
106522,1,200
106526,1,200
106575,1,200
106587,1,200
106670,1,200
106730,1,200
106875,1,200
106878,1,200
106908,1,200
106920,1,200
106933,1,200
106935,1,200
106942,1,200
106953,1,200
106968,1,200
106970,1,200
106975,1,200
106991,1,200
107008,1,200
107019,1,200
107042,1,200
107087,1,200
107104,1,200
107117,1,200
107165,1,200
107177,1,200
107177,1,200
107224,1,200
107262,1,200
107310,1,200
107331,1,200
107470,1,200
107499,1,200
107522,1,200
107524,1,200
107533,1,200
107597,1,200
107610,1,200
107682,1,200
107729,1,200
107741,1,200
107757,1,200
107770,1,200
107788,1,200
107846,1,200
107884,1,200
107906,1,200
107907,1,200
107970,1,200
108007,1,200
108012,1,200
108023,1,200
108061,1,200
108064,1,200
108069,1,200
108072,1,200
108106,1,200
108115,1,200
108127,1,200
108170,1,200
108184,1,200
108207,1,200
108214,1,200
108219,1,200
108254,1,200
108265,1,200
108281,1,200
108297,1,200
108356,1,200
108582,1,200
108614,1,200
108620,1,200
108621,1,200
108686,1,200
108765,1,200
108847,1,200
108850,1,200
108895,1,200
108901,1,200
108927,1,200
108941,1,200
108950,1,200
108973,1,200
109002,1,200
109005,1,200
109016,1,200
109017,1,200
109039,1,200
109057,1,200
109067,1,200
109070,1,200
109075,1,200
109087,1,200
109092,1,200
109096,1,200
109102,1,200
109107,1,200
109120,1,200
109123,1,200
109125,1,200
109129,1,200
109143,1,200
109150,1,200
109151,1,200
109158,1,200
109203,1,200
109223,1,200
109252,1,200
109282,1,200
109336,1,200
109340,1,200
109345,1,200
109367,1,200
109369,1,200
109433,1,200
109466,1,200
109466,1,200
109514,1,200
109542,1,200
109549,1,200
109623,1,200
109632,1,200
109636,1,200
109659,1,200
109669,1,200
109715,1,200
109725,1,200
109747,1,200
109764,1,200
109798,1,200
110028,1,200
110046,1,200
110101,1,200
110108,1,200
110162,1,200
110164,1,200
110183,1,200
110189,1,200
110198,1,200
110224,1,200
110225,1,200
110250,1,200
110254,1,200
110264,1,200
110312,1,200
110313,1,200
110333,1,200
110359,1,200
110370,1,200
110391,1,200
110407,1,200
110438,1,200
110466,1,200
110479,1,200
110492,1,200
110534,1,200
110640,1,200
110689,1,200
110723,1,200
110750,1,200
110769,1,200
110784,1,200
110816,1,200
110819,1,200
110820,1,200
110827,1,200
110857,1,200
110873,1,200
110882,1,200
111006,1,200
111046,1,200
111063,1,200
111093,1,200
111100,1,200
111125,1,200
111158,1,200
111193,1,200
111252,1,200
111262,1,200
111270,1,200
111283,1,200
111311,1,200
111318,1,200
111324,1,200
111336,1,200
111352,1,200
111399,1,200
111405,1,200
111420,1,200
111421,1,200
111447,1,200
111473,1,200
111508,1,200
111510,1,200
111528,1,200
111528,1,200
111571,1,200
111578,1,200
111580,1,200
111580,1,200
111637,1,200
111653,1,200
111695,1,200
111762,1,200
111763,1,200
111779,1,200
111803,1,200
111819,1,200
112056,1,200
112068,1,200
112076,1,200
112105,1,200
112124,1,200
112151,1,200
112161,1,200
112162,1,200
112188,1,200
112253,1,200
112254,1,200
112261,1,200
112346,1,200
112371,1,200
112383,1,200
112390,1,200
112432,1,200
112460,1,200
112461,1,200
112478,1,200
112512,1,200
112512,1,200
112534,1,200
112675,1,200
112677,1,200
112724,1,200
112744,1,200
112754,1,200
112783,1,200
112845,1,200
112903,1,200
112904,1,200
112931,1,200
112933,1,200
112939,1,200
112995,1,200
113011,1,200
113046,1,200
113052,1,200
113061,1,200
113081,1,200
113110,1,200
113177,1,200
113181,1,200
113196,1,200
113198,1,200
113229,1,200
113339,1,200
113398,1,200
113416,1,200
113440,1,200
113502,1,200
113544,1,200
113547,1,200
113558,1,200
113591,1,200
113603,1,200
113640,1,200
113669,1,200
113683,1,200
113683,1,200
113688,1,200
113703,1,200
113737,1,200
113755,1,200
113837,1,200
113926,1,200
113926,1,200
114010,1,200
114011,1,200
114030,1,200
114037,1,200
114055,1,200
114060,1,200
114079,1,200
114101,1,200
114102,1,200
114102,1,200
114149,1,200
114158,1,200
114173,1,200
114185,1,200
114204,1,200
114216,1,200
114237,1,200
114239,1,200
114285,1,200
114341,1,200
114363,1,200
114383,1,200
114437,1,200
114447,1,200
114468,1,200
114469,1,200
114475,1,200
114523,1,200
114527,1,200
114538,1,200
114548,1,200
114654,1,200
114812,1,200
114841,1,200
114907,1,200
114950,1,200
115008,1,200
115016,1,200
115019,1,200
115053,1,200
115060,1,200
115061,1,200
115109,1,200
115131,1,200
115168,1,200
115170,1,200
115195,1,200
115201,1,200
115213,1,200
115225,1,200
115242,1,200
115242,1,200
115267,1,200
115313,1,200
115603,1,200
115612,1,200
115619,1,200
115627,1,200
115694,1,200
115697,1,200
115707,1,200
115796,1,200
115797,1,200
115820,1,200
115848,1,200
115915,1,200
116015,1,200
116018,1,200
116023,1,200
116038,1,200
116071,1,200
116080,1,200
116096,1,200
116101,1,200
116101,1,200
116113,1,200
116121,1,200
116134,1,200
116159,1,200
116178,1,200
116195,1,200
116212,1,200
116248,1,200
116266,1,200
116274,1,200
116306,1,200
116323,1,200
116337,1,200
116341,1,200
116352,1,200
116355,1,200
116361,1,200
116385,1,200
116389,1,200
116410,1,200
116464,1,200
116501,1,200
116505,1,200
116511,1,200
116513,1,200
116524,1,200
116536,1,200
116542,1,200
116566,1,200
116598,1,200
116603,1,200
116604,1,200
116690,1,200
116696,1,200
116704,1,200
117005,1,200
117014,1,200
117029,1,200
117053,1,200
117061,1,200
117126,1,200
117180,1,200
117190,1,200
117203,1,200
117272,1,200
117276,1,200
117337,1,200
117340,1,200
117345,1,200
117361,1,200
117372,1,200
117444,1,200
117522,1,200
117542,1,200
117547,1,200
117557,1,200
117582,1,200
117602,1,200
117623,1,200
117652,1,200
117692,1,200
117708,1,200
117733,1,200
117739,1,200
117758,1,200
117758,1,200
117780,1,200
117803,1,200
117869,1,200
117882,1,200
117918,1,200
117982,1,200
117995,1,200
118008,1,200
118084,1,200
118118,1,200
118124,1,200
118153,1,200
118170,1,200
118215,1,200
118223,1,200
118229,1,200
118266,1,200
118282,1,200
118340,1,200
118387,1,200
118495,1,200
118511,1,200
118520,1,200
118535,1,200
118552,1,200
118584,1,200
118750,1,200
118786,1,200
118838,1,200
118910,1,200
118937,1,200
118969,1,200
118979,1,200
119011,1,200
119035,1,200
119058,1,200
119074,1,200
119122,1,200
119152,1,200
119153,1,200
119194,1,200
119200,1,200
119218,1,200
119363,1,200
119439,1,200
119446,1,200
119591,1,200
119633,1,200
119643,1,200
119647,1,200
119801,1,200
119803,1,200
119830,1,200
119870,1,200
119881,1,200
119938,1,200
119983,1,200
120005,1,200
120008,1,200
120020,1,200
120041,1,200
120075,1,200
120087,1,200
120092,1,200
120093,1,200
120103,1,200
120109,1,200
120119,1,200
120127,1,200
120150,1,200
120167,1,200
120180,1,200
120198,1,200
120201,1,200
120208,1,200
120233,1,200
120294,1,200
120407,1,200
120409,1,200
120410,1,200
120413,1,200
120416,1,200
120520,1,200
120521,1,200
120609,1,200
120825,1,200
120932,1,200
120959,1,200
121009,1,200
121037,1,200
121048,1,200
121225,1,200
121264,1,200
121308,1,200
121342,1,200
121363,1,200
121385,1,200
121435,1,200
121485,1,200
121492,1,200
121497,1,200
121525,1,200
121571,1,200
121577,1,200
121602,1,200
121660,1,200
121677,1,200
121700,1,200
121742,1,200
121750,1,200
121771,1,200
121787,1,200
121841,1,200
121892,1,200
122007,1,200
122088,1,200
122119,1,200
122123,1,200
122124,1,200
122184,1,200
122185,1,200
122210,1,200
122234,1,200
122235,1,200
122258,1,200
122275,1,200
122278,1,200
122376,1,200
122407,1,200
122418,1,200
122424,1,200
122428,1,200
122526,1,200
122565,1,200
122610,1,200
122663,1,200
122757,1,200
122797,1,200
122835,1,200
122838,1,200
123171,1,200
123189,1,200
123272,1,200
123299,1,200
123351,1,200
123378,1,200
123388,1,200
123398,1,200
123428,1,200
123461,1,200
123487,1,200
123583,1,200
123593,1,200
123728,1,200
123758,1,200
123816,1,200
123909,1,200
123914,1,200
123917,1,200
123950,1,200
123966,1,200
123973,1,200
123986,1,200
124051,1,200
124069,1,200
124100,1,200
124134,1,200
124148,1,200
124171,1,200
124224,1,200
124228,1,200
124384,1,200
124401,1,200
124425,1,200
124449,1,200
124459,1,200
124628,1,200
124640,1,200
124642,1,200
124688,1,200
124692,1,200
124692,1,200
124808,1,200
124928,1,200
124931,1,200
124977,1,200
124979,1,200
125012,1,200
125059,1,200
125078,1,200
125078,1,200
125097,1,200
125117,1,200
125160,1,200
125238,1,200
125253,1,200
125290,1,200
125330,1,200
125345,1,200
125397,1,200
125429,1,200
125503,1,200
125526,1,200
125535,1,200
125614,1,200
125642,1,200
125664,1,200
125706,1,200
125826,1,200
125837,1,200
125865,1,200
125878,1,200
126081,1,200
126171,1,200
126346,1,200
126425,1,200
126466,1,200
126638,1,200
126641,1,200
126703,1,200
126704,1,200
126711,1,200
126719,1,200
126809,1,200
126841,1,200
126848,1,200
126884,1,200
126959,1,200
126966,1,200
126999,1,200
127048,1,200
127051,1,200
127051,1,200
127059,1,200
127098,1,200
127104,1,200
127170,1,200
127172,1,200
127212,1,200
127224,1,200
127259,1,200
127270,1,200
127270,1,200
127282,1,200
127368,1,200
127377,1,200
127390,1,200
127404,1,200
127520,1,200
127613,1,200
127752,1,200
127840,1,200
127987,1,200
128021,1,200
128122,1,200
128140,1,200
128169,1,200
128207,1,200
128213,1,200
128246,1,200
128260,1,200
128301,1,200
128313,1,200
128347,1,200
128432,1,200
128537,1,200
128678,1,200
128760,1,200
128799,1,200
128819,1,200
128871,1,200
129030,1,200
129088,1,200
129162,1,200
129180,1,200
129183,1,200
129184,1,200
129224,1,200
129232,1,200
129237,1,200
129249,1,200
129292,1,200
129297,1,200
129321,1,200
129349,1,200
129360,1,200
129374,1,200
129451,1,200
129497,1,200
129523,1,200
129582,1,200
129638,1,200
129690,1,200
129744,1,200
129788,1,200
129869,1,200
129894,1,200
129896,1,200
129904,1,200
129905,1,200
129964,1,200
130001,1,200
130022,1,200
130026,1,200
130044,1,200
130056,1,200
130072,1,200
130081,1,200
130093,1,200
130204,1,200
130209,1,200
130367,1,200
130439,1,200
130457,1,200
130580,1,200
130658,1,200
130782,1,200
130795,1,200
130835,1,200
130869,1,200
130878,1,200
130898,1,200
130898,1,200
130899,1,200
130910,1,200
130931,1,200
131027,1,200
131049,1,200
131200,1,200
131222,1,200
131245,1,200
131255,1,200
131291,1,200
131297,1,200
131319,1,200
131400,1,200
131404,1,200
131414,1,200
131552,1,200
131557,1,200
131569,1,200
131622,1,200
131626,1,200
131648,1,200
131671,1,200
132010,1,200
132054,1,200
132058,1,200
132073,1,200
132113,1,200
132143,1,200
132144,1,200
132149,1,200
132189,1,200
132295,1,200
132417,1,200
132498,1,200
132567,1,200
132595,1,200
132596,1,200
132619,1,200
132628,1,200
132772,1,200
133032,1,200
133123,1,200
133138,1,200
133242,1,200
133253,1,200
133275,1,200
133324,1,200
133368,1,200
133530,1,200
133573,1,200
133576,1,200
133603,1,200
133706,1,200
133857,1,200
134074,1,200
134216,1,200
134364,1,200
134382,1,200
134400,1,200
134411,1,200
134536,1,200
134613,1,200
134907,1,200
134911,1,200
134952,1,200
135007,1,200
135019,1,200
135086,1,200
135105,1,200
135105,1,200
135133,1,200
135133,1,200
135146,1,200
135191,1,200
135215,1,200
135254,1,200
135268,1,200
135282,1,200
135293,1,200
135300,1,200
135303,1,200
135317,1,200
135371,1,200
135404,1,200
135448,1,200
136001,1,200
136032,1,200
136075,1,200
136115,1,200
136180,1,200
136215,1,200
136338,1,200
136342,1,200
136446,1,200
136457,1,200
136461,1,200
136474,1,200
136525,1,200
136587,1,200
136635,1,200
136712,1,200
136713,1,200
137022,1,200
137071,1,200
137159,1,200
137248,1,200
137264,1,200
137324,1,200
137348,1,200
137375,1,200
137395,1,200
137414,1,200
137434,1,200
137508,1,200
137562,1,200
137653,1,200
137835,1,200
138021,1,200
138147,1,200
138298,1,200
138523,1,200
138596,1,200
138626,1,200
138696,1,200
138722,1,200
138760,1,200
138775,1,200
138776,1,200
138785,1,200
138793,1,200
138894,1,200
138903,1,200
139015,1,200
139020,1,200
139186,1,200
139249,1,200
139334,1,200
139472,1,200
139568,1,200
139576,1,200
139659,1,200
139698,1,200
139727,1,200
139731,1,200
139835,1,200
139885,1,200
139906,1,200
139913,1,200
140132,1,200
140133,1,200
140233,1,200
140279,1,200
140312,1,200
140338,1,200
140482,1,200
140883,1,200
140900,1,200
141033,1,200
141096,1,200
141101,1,200
141138,1,200
141156,1,200
141168,1,200
141238,1,200
141268,1,200
141419,1,200
141435,1,200
141536,1,200
141539,1,200
141544,1,200
141709,1,200
141742,1,200
141747,1,200
141870,1,200
141931,1,200
142045,1,200
142091,1,200
142123,1,200
142129,1,200
142138,1,200
142544,1,200
142591,1,200
142701,1,200
142785,1,200
142839,1,200
142938,1,200
142982,1,200
143017,1,200
143147,1,200
143198,1,200
143252,1,200
143355,1,200
143442,1,200
143481,1,200
143706,1,200
143793,1,200
143816,1,200
143852,1,200
143898,1,200
144154,1,200
144211,1,200
144312,1,200
144454,1,200
144528,1,200
144629,1,200
144650,1,200
144898,1,200
145036,1,200
145073,1,200
145150,1,200
145213,1,200
145255,1,200
145340,1,200
145443,1,200
145495,1,200
145717,1,200
145830,1,200
145882,1,200
145969,1,200
146110,1,200
146141,1,200
146158,1,200
146228,1,200
146253,1,200
146273,1,200
146288,1,200
146295,1,200
146338,1,200
146391,1,200
146727,1,200
146812,1,200
146893,1,200
147008,1,200
147020,1,200
147051,1,200
147066,1,200
147114,1,200
147275,1,200
147299,1,200
147427,1,200
147659,1,200
147779,1,200
147871,1,200
148028,1,200
148052,1,200
148170,1,200
148220,1,200
148310,1,200
148373,1,200
148387,1,200
148468,1,200
148682,1,200
148789,1,200
148869,1,200
148932,1,200
148960,1,200
149015,1,200
149016,1,200
149091,1,200
149139,1,200
149208,1,200
149230,1,200
149278,1,200
149771,1,200
150007,1,200
150070,1,200
150118,1,200
150211,1,200
150230,1,200
150302,1,200
150409,1,200
150506,1,200
151039,1,200
151211,1,200
151418,1,200
151710,1,200
151763,1,200
151870,1,200
151874,1,200
151883,1,200
151932,1,200
152480,1,200
152627,1,200
152881,1,200
153100,1,200
153109,1,200
153226,1,200
153231,1,200
153257,1,200
153308,1,200
153472,1,200
153482,1,200
153483,1,200
153542,1,200
153568,1,200
153582,1,200
153647,1,200
153694,1,200
153712,1,200
153734,1,200
153773,1,200
154001,1,200
154080,1,200
154161,1,200
154245,1,200
154263,1,200
154266,1,200
154363,1,200
154435,1,200
154518,1,200
154591,1,200
154629,1,200
154699,1,200
155129,1,200
155282,1,200
155371,1,200
155441,1,200
155501,1,200
155736,1,200
155906,1,200
156032,1,200
156083,1,200
156121,1,200
156657,1,200
156683,1,200
156711,1,200
156730,1,200
156757,1,200
156816,1,200
157201,1,200
157382,1,200
157409,1,200
157442,1,200
157463,1,200
158203,1,200
158223,1,200
158396,1,200
158436,1,200
158571,1,200
158683,1,200
158729,1,200
158738,1,200
159016,1,200
159046,1,200
159076,1,200
159092,1,200
159209,1,200
159280,1,200
159294,1,200
159315,1,200
159477,1,200
160043,1,200
160179,1,200
160274,1,200
160393,1,200
160411,1,200
160427,1,200
160753,1,200
160822,1,200
160828,1,200
160865,1,200
160886,1,200
161071,1,200
161085,1,200
161105,1,200
161178,1,200
161192,1,200
162718,1,200
162915,1,200
163121,1,200
163127,1,200
163746,1,200
163759,1,200
163825,1,200
163975,1,200
164110,1,200
164171,1,200
164187,1,200
164433,1,200
164545,1,200
164704,1,200
165024,1,200
165100,1,200
165120,1,200
165134,1,200
165154,1,200
165368,1,200
165375,1,200
165434,1,200
165444,1,200
165497,1,200
165519,1,200
165626,1,200
165727,1,200
165742,1,200
165743,1,200
165981,1,200
166016,1,200
166043,1,200
166053,1,200
166053,1,200
166154,1,200
166156,1,200
166532,1,200
166855,1,200
167053,1,200
167123,1,200
167179,1,200
167215,1,200
167260,1,200
167263,1,200
167274,1,200
167276,1,200
167292,1,200
167323,1,200
167545,1,200
167767,1,200
168080,1,200
168204,1,200
168232,1,200
168242,1,200
168524,1,200
168535,1,200
168552,1,200
168690,1,200
169057,1,200
169256,1,200
169587,1,200
169687,1,200
170133,1,200
170423,1,200
170538,1,200
170589,1,200
170626,1,200
170827,1,200
171003,1,200
171019,1,200
171375,1,200
171686,1,200
171951,1,200
172097,1,200
172119,1,200
172231,1,200
172575,1,200
172630,1,200
172674,1,200
172788,1,200
172820,1,200
172878,1,200
172929,1,200
172984,1,200
172999,1,200
173236,1,200
173413,1,200
173574,1,200
173590,1,200
173623,1,200
174022,1,200
174198,1,200
174746,1,200
174910,1,200
175022,1,200
175448,1,200
175955,1,200
176002,1,200
176277,1,200
176394,1,200
176596,1,200
176682,1,200
176744,1,200
177007,1,200
177026,1,200
177258,1,200
177269,1,200
177351,1,200
177425,1,200
177456,1,200
177498,1,200
177516,1,200
177580,1,200
177584,1,200
177666,1,200
177735,1,200
177830,1,200
177924,1,200
177952,1,200
177966,1,200
177973,1,200
178011,1,200
178121,1,200
178154,1,200
178242,1,200
178244,1,200
178366,1,200
178603,1,200
178705,1,200
178709,1,200
178851,1,200
178905,1,200
178924,1,200
179066,1,200
179232,1,200
179273,1,200
179290,1,200
179300,1,200
179355,1,200
179786,1,200
180107,1,200
180186,1,200
180203,1,200
180255,1,200
180256,1,200
180284,1,200
180652,1,200
181149,1,200
181313,1,200
181396,1,200
181623,1,200
182021,1,200
182117,1,200
182168,1,200
182260,1,200
182432,1,200
182445,1,200
182846,1,200
182925,1,200
183051,1,200
183119,1,200
183133,1,200
183179,1,200
183341,1,200
183429,1,200
183620,1,200
184145,1,200
184282,1,200
184505,1,200
184598,1,200
184677,1,200
184707,1,200
184825,1,200
184830,1,200
185002,1,200
185008,1,200
185037,1,200
185082,1,200
185131,1,200
185197,1,200
185368,1,200
185554,1,200
185579,1,200
185635,1,200
186126,1,200
186264,1,200
186307,1,200
186350,1,200
186363,1,200
186636,1,200
187200,1,200
187636,1,200
187659,1,200
187679,1,200
187696,1,200
187934,1,200
188064,1,200
188208,1,200
188351,1,200
188357,1,200
188544,1,200
189025,1,200
189034,1,200
189181,1,200
189275,1,200
189277,1,200
189321,1,200
189329,1,200
189442,1,200
189623,1,200
189625,1,200
189628,1,200
189635,1,200
189640,1,200
189693,1,200
189711,1,200
189767,1,200
189837,1,200
189837,1,200
189850,1,200
190051,1,200
190304,1,200
190382,1,200
190755,1,200
190763,1,200
190802,1,200
191120,1,200
191153,1,200
191165,1,200
191394,1,200
191404,1,200
191438,1,200
191500,1,200
191516,1,200
192270,1,200
192356,1,200
192379,1,200
192443,1,200
192506,1,200
192513,1,200
192541,1,200
192564,1,200
192580,1,200
192667,1,200
192725,1,200
193164,1,200
193327,1,200
193372,1,200
193464,1,200
193723,1,200
193761,1,200
194101,1,200
194472,1,200
194532,1,200
194699,1,200
194719,1,200
194929,1,200
194940,1,200
195022,1,200
195101,1,200
195172,1,200
195232,1,200
195368,1,200
195471,1,200
195655,1,200
195713,1,200
196095,1,200
196169,1,200
196192,1,200
196233,1,200
196366,1,200
196448,1,200
196581,1,200
196636,1,200
196752,1,200
197168,1,200
197175,1,200
197385,1,200
197397,1,200
197431,1,200
197632,1,200
197943,1,200
198180,1,200
198961,1,200
199005,1,200
199088,1,200
199145,1,200
199212,1,200
199218,1,200
199435,1,200
199461,1,200
199541,1,200
199746,1,200
199802,1,200
199921,1,200
200030,1,200
200074,1,200
200203,1,200
200588,1,200
201020,1,200
201044,1,200
201183,1,200
201203,1,200
201226,1,200
201238,1,200
201250,1,200
201275,1,200
201296,1,200
201328,1,200
201333,1,200
201360,1,200
201441,1,200
201555,1,200
201569,1,200
201574,1,200
201652,1,200
201676,1,200
201693,1,200
201772,1,200
201814,1,200
201844,1,200
201873,1,200
201965,1,200
201975,1,200
202023,1,200
202258,1,200
202267,1,200
202269,1,200
202299,1,200
202308,1,200
202419,1,200
202473,1,200
202582,1,200
202688,1,200
203059,1,200
203583,1,200
203653,1,200
203666,1,200
203952,1,200
204037,1,200
204095,1,200
204219,1,200
204313,1,200
204350,1,200
204427,1,200
204430,1,200
204451,1,200
204478,1,200
204593,1,200
204648,1,200
204759,1,200
204788,1,200
205006,1,200
205020,1,200
205032,1,200
205085,1,200
205111,1,200
205289,1,200
205429,1,200
205481,1,200
205524,1,200
205588,1,200
205828,1,200
206112,1,200
206118,1,200
206459,1,200
206556,1,200
206811,1,200
206819,1,200
206862,1,200
206927,1,200
206955,1,200
207027,1,200
207133,1,200
207144,1,200
207365,1,200
207491,1,200
207522,1,200
207549,1,200
207552,1,200
207615,1,200
207619,1,200
207644,1,200
208079,1,200
208160,1,200
208214,1,200
208257,1,200
208330,1,200
208595,1,200
208799,1,200
208982,1,200
208989,1,200
209074,1,200
209084,1,200
209167,1,200
209196,1,200
209505,1,200
209929,1,200
210160,1,200
210223,1,200
210546,1,200
210821,1,200
210843,1,200
210929,1,200
211016,1,200
211042,1,200
211081,1,200
211150,1,200
211251,1,200
211284,1,200
211599,1,200
211784,1,200
211913,1,200
212103,1,200
212205,1,200
212620,1,200
212858,1,200
212897,1,200
213039,1,200
213072,1,200
213089,1,200
213089,1,200
213090,1,200
213185,1,200
213218,1,200
213317,1,200
213353,1,200
213392,1,200
213449,1,200
213500,1,200
213511,1,200
213589,1,200
213678,1,200
213732,1,200
213789,1,200
213795,1,200
213833,1,200
213895,1,200
213931,1,200
214040,1,200
214052,1,200
214054,1,200
214080,1,200
214082,1,200
214083,1,200
214124,1,200
214163,1,200
214364,1,200
214456,1,200
214618,1,200
214932,1,200
214985,1,200
215001,1,200
215029,1,200
215041,1,200
215070,1,200
215077,1,200
215137,1,200
215148,1,200
215163,1,200
215177,1,200
215184,1,200
215252,1,200
215288,1,200
215444,1,200
215538,1,200
215837,1,200
215981,1,200
215993,1,200
216005,1,200
216053,1,200
216088,1,200
216106,1,200
216188,1,200
216334,1,200
216415,1,200
216564,1,200
216657,1,200
216672,1,200
217002,1,200
217051,1,200
217083,1,200
217179,1,200
217253,1,200
217386,1,200
217727,1,200
217746,1,200
218207,1,200
218220,1,200
218305,1,200
218334,1,200
218346,1,200
218426,1,200
218468,1,200
218645,1,200
218665,1,200
218730,1,200
218846,1,200
218871,1,200
219040,1,200
219042,1,200
219049,1,200
219070,1,200
219157,1,200
219159,1,200
219338,1,200
219421,1,200
219725,1,200
219793,1,200
220046,1,200
220061,1,200
220070,1,200
220146,1,200
220464,1,200
220531,1,200
220586,1,200
220732,1,200
220792,1,200
220828,1,200
220897,1,200
220966,1,200
221002,1,200
221013,1,200
221019,1,200
221032,1,200
221099,1,200
221200,1,200
221200,1,200
221240,1,200
221290,1,200
221372,1,200
221381,1,200
221499,1,200
221559,1,200
222263,1,200
222720,1,200
222938,1,200
223062,1,200
223097,1,200
223124,1,200
223172,1,200
223296,1,200
223320,1,200
223349,1,200
223389,1,200
223396,1,200
223500,1,200
223542,1,200
223557,1,200
223578,1,200
223648,1,200
223753,1,200
223927,1,200
223958,1,200
224123,1,200
224136,1,200
224222,1,200
224286,1,200
224406,1,200
224514,1,200
224524,1,200
224581,1,200
224790,1,200
224904,1,200
225026,1,200
225028,1,200
225029,1,200
225057,1,200
225135,1,200
225273,1,200
225299,1,200
225303,1,200
225348,1,200
225348,1,200
225362,1,200
225408,1,200
225448,1,200
225500,1,200
225586,1,200
225635,1,200
225684,1,200
225699,1,200
225705,1,200
225740,1,200
225763,1,200
225958,1,200
225972,1,200
226007,1,200
226012,1,200
226017,1,200
226055,1,200
226065,1,200
226070,1,200
226071,1,200
226075,1,200
226076,1,200
226102,1,200
226168,1,200
226177,1,200
226180,1,200
226199,1,200
226210,1,200
226224,1,200
226229,1,200
226241,1,200
226292,1,200
226304,1,200
226358,1,200
226486,1,200
226494,1,200
226501,1,200
226510,1,200
226552,1,200
226660,1,200
226678,1,200
227079,1,200
227217,1,200
227234,1,200
227358,1,200
227529,1,200
227553,1,200
227573,1,200
227625,1,200
227632,1,200
227754,1,200
228006,1,200
228019,1,200
228085,1,200
228105,1,200
228119,1,200
228138,1,200
228184,1,200
228207,1,200
228219,1,200
228252,1,200
228261,1,200
228299,1,200
228357,1,200
228361,1,200
228386,1,200
228434,1,200
228526,1,200
228540,1,200
228564,1,200
228578,1,200
228631,1,200
228648,1,200
228675,1,200
228686,1,200
228698,1,200
228752,1,200
228814,1,200
228817,1,200
228828,1,200
228830,1,200
228927,1,200
228984,1,200
228989,1,200
229044,1,200
229070,1,200
229073,1,200
229124,1,200
229161,1,200
229318,1,200
229328,1,200
229382,1,200
229452,1,200
229453,1,200
229529,1,200
229534,1,200
229537,1,200
229545,1,200
229652,1,200
229697,1,200
229850,1,200
230002,1,200
230023,1,200
230053,1,200
230140,1,200
230183,1,200
230204,1,200
230230,1,200
230276,1,200
230293,1,200
230412,1,200
230541,1,200
230563,1,200
230599,1,200
230620,1,200
230655,1,200
230884,1,200
230927,1,200
231016,1,200
231051,1,200
231085,1,200
231087,1,200
231150,1,200
231303,1,200
231438,1,200
231481,1,200
231494,1,200
231534,1,200
231563,1,200
231599,1,200
231604,1,200
231626,1,200
231679,1,200
231806,1,200
231865,1,200
231915,1,200
231920,1,200
231963,1,200
232033,1,200
232047,1,200
232058,1,200
232070,1,200
232081,1,200
232088,1,200
232092,1,200
232136,1,200
232198,1,200
232209,1,200
232287,1,200
232330,1,200
232371,1,200
232405,1,200
232460,1,200
232539,1,200
232540,1,200
232581,1,200
232585,1,200
232774,1,200
232783,1,200
232786,1,200
233058,1,200
233122,1,200
233243,1,200
233250,1,200
233258,1,200
233319,1,200
233432,1,200
233483,1,200
233556,1,200
233557,1,200
233615,1,200
233690,1,200
233851,1,200
233855,1,200
233958,1,200
234006,1,200
234025,1,200
234072,1,200
234095,1,200
234181,1,200
234203,1,200
234215,1,200
234292,1,200
234328,1,200
234416,1,200
234434,1,200
234494,1,200
234675,1,200
234766,1,200
234877,1,200
234913,1,200
234915,1,200
235038,1,200
235131,1,200
235175,1,200
235350,1,200
235380,1,200
235397,1,200
235420,1,200
235494,1,200
235591,1,200
235679,1,200
235780,1,200
235828,1,200
235893,1,200
236007,1,200
236014,1,200
236015,1,200
236064,1,200
236109,1,200
236126,1,200
236155,1,200
236196,1,200
236304,1,200
236328,1,200
236412,1,200
236444,1,200
236471,1,200
236499,1,200
236547,1,200
236734,1,200
236947,1,200
237005,1,200
237010,1,200
237016,1,200
237021,1,200
237025,1,200
237031,1,200
237047,1,200
237055,1,200
237058,1,200
237085,1,200
237095,1,200
237097,1,200
237148,1,200
237153,1,200
237158,1,200
237177,1,200
237197,1,200
237212,1,200
237244,1,200
237257,1,200
237280,1,200
237292,1,200
237331,1,200
237378,1,200
237389,1,200
237433,1,200
237550,1,200
237577,1,200
237587,1,200
237597,1,200
237609,1,200
237634,1,200
237644,1,200
237661,1,200
237697,1,200
237712,1,200
237812,1,200
237813,1,200
237847,1,200
237852,1,200
238026,1,200
238091,1,200
238099,1,200
238183,1,200
238183,1,200
238208,1,200
238230,1,200
238280,1,200
238287,1,200
238294,1,200
238311,1,200
238347,1,200
238373,1,200
238375,1,200
238378,1,200
238405,1,200
238494,1,200
238571,1,200
238576,1,200
238656,1,200
238735,1,200
239204,1,200
239208,1,200
239233,1,200
239268,1,200
239291,1,200
239336,1,200
239469,1,200
239473,1,200
239670,1,200
239779,1,200
239794,1,200
239882,1,200
239914,1,200
239969,1,200
240003,1,200
240025,1,200
240029,1,200
240055,1,200
240085,1,200
240096,1,200
240102,1,200
240102,1,200
240147,1,200
240157,1,200
240205,1,200
240218,1,200
240247,1,200
240267,1,200
240281,1,200
240298,1,200
240380,1,200
240544,1,200
240545,1,200
240611,1,200
240669,1,200
240688,1,200
240693,1,200
240726,1,200
240779,1,200
240801,1,200
240906,1,200
240952,1,200
241033,1,200
241061,1,200
241063,1,200
241079,1,200
241158,1,200
241191,1,200
241192,1,200
241197,1,200
241221,1,200
241226,1,200
241248,1,200
241259,1,200
241342,1,200
241386,1,200
241405,1,200
241472,1,200
241563,1,200
241567,1,200
241580,1,200
241712,1,200
241772,1,200
241776,1,200
241901,1,200
241911,1,200
242051,1,200
242062,1,200
242104,1,200
242115,1,200
242132,1,200
242156,1,200
242273,1,200
242328,1,200
242338,1,200
242392,1,200
242417,1,200
242422,1,200
242475,1,200
242481,1,200
242560,1,200
242567,1,200
242579,1,200
242588,1,200
242597,1,200
242646,1,200
243086,1,200
243144,1,200
243145,1,200
243161,1,200
243173,1,200
243191,1,200
243274,1,200
243312,1,200
243326,1,200
243514,1,200
243519,1,200
243568,1,200
243661,1,200
243718,1,200
243725,1,200
243760,1,200
243761,1,200
243840,1,200
243847,1,200
243866,1,200
243869,1,200
243918,1,200
244010,1,200
244011,1,200
244202,1,200
244221,1,200
244277,1,200
244341,1,200
244361,1,200
244463,1,200
244503,1,200
244530,1,200
244543,1,200
244567,1,200
244583,1,200
244605,1,200
244805,1,200
244806,1,200
244809,1,200
244838,1,200
244913,1,200
244966,1,200
244984,1,200
244995,1,200
245011,1,200
245031,1,200
245066,1,200
245068,1,200
245071,1,200
245119,1,200
245222,1,200
245226,1,200
245268,1,200
245320,1,200
245323,1,200
245342,1,200
245366,1,200
245492,1,200
245650,1,200
245673,1,200
245680,1,200
245748,1,200
245822,1,200
246139,1,200
246170,1,200
246199,1,200
246230,1,200
246319,1,200
246323,1,200
246323,1,200
246362,1,200
246429,1,200
246450,1,200
246481,1,200
246553,1,200
246593,1,200
246609,1,200
246613,1,200
246627,1,200
246636,1,200
246722,1,200
246743,1,200
247033,1,200
247134,1,200
247147,1,200
247177,1,200
247484,1,200
247499,1,200
247501,1,200
247521,1,200
247535,1,200
247554,1,200
247654,1,200
247663,1,200
248009,1,200
248009,1,200
248022,1,200
248027,1,200
248055,1,200
248073,1,200
248128,1,200
248138,1,200
248152,1,200
248167,1,200
248322,1,200
248380,1,200
248411,1,200
248608,1,200
248687,1,200
248711,1,200
248853,1,200
248872,1,200
248893,1,200
249020,1,200
249065,1,200
249074,1,200
249097,1,200
249114,1,200
249128,1,200
249147,1,200
249181,1,200
249192,1,200
249207,1,200
249353,1,200
249353,1,200
249377,1,200
249397,1,200
249452,1,200
249454,1,200
249466,1,200
249468,1,200
249485,1,200
249516,1,200
249553,1,200
249559,1,200
249598,1,200
249683,1,200
249691,1,200
249784,1,200
249790,1,200
249792,1,200
250195,1,200
250201,1,200
250211,1,200
250245,1,200
250262,1,200
250267,1,200
250287,1,200
250291,1,200
250555,1,200
250705,1,200
250808,1,200
250910,1,200
250964,1,200
251056,1,200
251114,1,200
251115,1,200
251140,1,200
251184,1,200
251263,1,200
251268,1,200
251293,1,200
251316,1,200
251434,1,200
251534,1,200
251538,1,200
251583,1,200
251677,1,200
251679,1,200
251737,1,200
251786,1,200
251904,1,200
251957,1,200
252032,1,200
252436,1,200
252438,1,200
252460,1,200
252546,1,200
252729,1,200
252734,1,200
252744,1,200
252749,1,200
252764,1,200
252851,1,200
252882,1,200
252997,1,200
253002,1,200
253024,1,200
253060,1,200
253079,1,200
253080,1,200
253091,1,200
253107,1,200
253119,1,200
253132,1,200
253158,1,200
253161,1,200
253189,1,200
253267,1,200
253451,1,200
253465,1,200
253487,1,200
253493,1,200
253558,1,200
253595,1,200
253605,1,200
253858,1,200
253895,1,200
253955,1,200
254043,1,200
254079,1,200
254084,1,200
254092,1,200
254210,1,200
254237,1,200
254237,1,200
254285,1,200
254378,1,200
254399,1,200
254419,1,200
254469,1,200
254516,1,200
254557,1,200
254751,1,200
254867,1,200
255171,1,200
255296,1,200
255330,1,200
255377,1,200
255460,1,200
255488,1,200
255494,1,200
255503,1,200
255552,1,200
255639,1,200
255676,1,200
255683,1,200
255717,1,200
255750,1,200
255790,1,200
255864,1,200
256074,1,200
256135,1,200
256163,1,200
256203,1,200
256348,1,200
256422,1,200
256433,1,200
256471,1,200
256485,1,200
256500,1,200
256587,1,200
256674,1,200
256789,1,200
256880,1,200
256928,1,200
257007,1,200
257072,1,200
257087,1,200
257159,1,200
257186,1,200
257234,1,200
257238,1,200
257249,1,200
257291,1,200
257338,1,200
257398,1,200
257428,1,200
257449,1,200
257457,1,200
257505,1,200
257552,1,200
257659,1,200
257676,1,200
257731,1,200
257770,1,200
258020,1,200
258059,1,200
258108,1,200
258251,1,200
258373,1,200
258427,1,200
258566,1,200
258567,1,200
258582,1,200
258582,1,200
258661,1,200
258665,1,200
258697,1,200
258727,1,200
258753,1,200
258815,1,200
259030,1,200
259054,1,200
259080,1,200
259096,1,200
259111,1,200
259344,1,200
259363,1,200
259376,1,200
259479,1,200
259733,1,200
259904,1,200
259983,1,200
260086,1,200
260114,1,200
260185,1,200
260242,1,200
260244,1,200
260290,1,200
260397,1,200
260413,1,200
260486,1,200
260494,1,200
260707,1,200
260730,1,200
260738,1,200
260794,1,200
260807,1,200
260825,1,200
260825,1,200
261067,1,200
261074,1,200
261076,1,200
261077,1,200
261141,1,200
261149,1,200
261149,1,200
261152,1,200
261163,1,200
261211,1,200
261316,1,200
261406,1,200
261426,1,200
261503,1,200
261544,1,200
261578,1,200
261620,1,200
261686,1,200
261804,1,200
261818,1,200
261851,1,200
262029,1,200
262066,1,200
262085,1,200
262102,1,200
262203,1,200
262273,1,200
262403,1,200
262529,1,200
262681,1,200
262725,1,200
262838,1,200
263075,1,200
263109,1,200
263123,1,200
263222,1,200
263234,1,200
263335,1,200
263461,1,200
263557,1,200
263663,1,200
263734,1,200
263824,1,200
263830,1,200
263853,1,200
264079,1,200
264166,1,200
264174,1,200
264200,1,200
264375,1,200
264376,1,200
264435,1,200
264636,1,200
264673,1,200
264684,1,200
265016,1,200
265066,1,200
265175,1,200
265204,1,200
265232,1,200
265266,1,200
265399,1,200
265818,1,200
266024,1,200
266031,1,200
266073,1,200
266161,1,200
266358,1,200
266467,1,200
266587,1,200
266601,1,200
266620,1,200
266701,1,200
266762,1,200
266911,1,200
267030,1,200
267273,1,200
267348,1,200
267388,1,200
267404,1,200
267433,1,200
267486,1,200
267495,1,200
267612,1,200
268128,1,200
268318,1,200
268385,1,200
268612,1,200
268628,1,200
268651,1,200
268731,1,200
268740,1,200
268882,1,200
269184,1,200
269373,1,200
269373,1,200
269620,1,200
269777,1,200
269884,1,200
270066,1,200
270069,1,200
270092,1,200
270149,1,200
270678,1,200
270857,1,200
271007,1,200
271044,1,200
271087,1,200
271178,1,200
271201,1,200
271400,1,200
271764,1,200
272077,1,200
272085,1,200
272408,1,200
272616,1,200
273106,1,200
273491,1,200
273883,1,200
273895,1,200
273972,1,200
273977,1,200
274010,1,200
274094,1,200
274416,1,200
274504,1,200
274687,1,200
275039,1,200
275193,1,200
275207,1,200
275409,1,200
275701,1,200
275928,1,200
276132,1,200
276170,1,200
276179,1,200
276197,1,200
276301,1,200
276324,1,200
276416,1,200
277373,1,200
277408,1,200
277663,1,200
277787,1,200
278905,1,200
279332,1,200
279386,1,200
279593,1,200
279761,1,200
280747,1,200
280822,1,200
280894,1,200
281032,1,200
281042,1,200
281074,1,200
281112,1,200
281442,1,200
282078,1,200
282247,1,200
282408,1,200
282467,1,200
282901,1,200
283099,1,200
283104,1,200
283146,1,200
283275,1,200
283376,1,200
283518,1,200
283530,1,200
283562,1,200
283762,1,200
283771,1,200
283906,1,200
283962,1,200
284014,1,200
284022,1,200
284038,1,200
284124,1,200
284130,1,200
284188,1,200
284226,1,200
284593,1,200
284896,1,200
284962,1,200
285034,1,200
285133,1,200
285173,1,200
285192,1,200
285286,1,200
285289,1,200
285646,1,200
285741,1,200
286834,1,200
286968,1,200
287193,1,200
287296,1,200
287368,1,200
287554,1,200
287691,1,200
287701,1,200
287890,1,200
288228,1,200
288251,1,200
288296,1,200
288349,1,200
288585,1,200
288888,1,200
288979,1,200
289053,1,200
289073,1,200
289350,1,200
289551,1,200
289607,1,200
290102,1,200
290303,1,200
291282,1,200
291572,1,200
291720,1,200
