61,1,100
67,1,100
76,1,100
161,1,100
423,1,100
598,1,100
606,1,100
732,1,100
893,1,100
1005,1,100
1018,1,100
1066,1,100
1109,1,100
1168,1,100
1306,1,100
1348,1,100
1426,1,100
1582,1,100
1696,1,100
1730,1,100
2026,1,100
2119,1,100
2190,1,100
2338,1,100
2647,1,100
2737,1,100
2743,1,100
2912,1,100
3014,1,100
3050,1,100
3196,1,100
3433,1,100
3663,1,100
3826,1,100
3875,1,100
4008,1,100
4029,1,100
4083,1,100
4140,1,100
4185,1,100
4219,1,100
4382,1,100
4517,1,100
4639,1,100
4697,1,100
4827,1,100
4842,1,100
5010,1,100
5024,1,100
5287,1,100
5355,1,100
5720,1,100
5815,1,100
6016,1,100
6064,1,100
6088,1,100
6092,1,100
6150,1,100
6428,1,100
6437,1,100
6541,1,100
6558,1,100
6695,1,100
7034,1,100
7066,1,100
7121,1,100
7252,1,100
7596,1,100
7663,1,100
7786,1,100
7794,1,100
8006,1,100
8058,1,100
8124,1,100
8322,1,100
8557,1,100
8658,1,100
9039,1,100
9118,1,100
9221,1,100
9294,1,100
9354,1,100
9415,1,100
9503,1,100
9538,1,100
9563,1,100
9572,1,100
9576,1,100
9576,1,100
9642,1,100
9726,1,100
9817,1,100
9896,1,100
9968,1,100
10013,1,100
10033,1,100
10047,1,100
10054,1,100
10056,1,100
10058,1,100
10163,1,100
10217,1,100
10233,1,100
10338,1,100
10348,1,100
10374,1,100
10428,1,100
10429,1,100
10500,1,100
10615,1,100
10820,1,100
11081,1,100
11083,1,100
11315,1,100
11618,1,100
11635,1,100
11682,1,100
11891,1,100
12019,1,100
12148,1,100
12268,1,100
12286,1,100
12330,1,100
12429,1,100
12442,1,100
12466,1,100
12535,1,100
12651,1,100
12675,1,100
12814,1,100
13003,1,100
13012,1,100
13172,1,100
13214,1,100
13273,1,100
13319,1,100
13365,1,100
13436,1,100
13500,1,100
13508,1,100
13595,1,100
14008,1,100
14029,1,100
14031,1,100
14047,1,100
14094,1,100
14119,1,100
14135,1,100
14153,1,100
14259,1,100
14315,1,100
14362,1,100
14443,1,100
14479,1,100
14511,1,100
14542,1,100
14584,1,100
14691,1,100
15074,1,100
15281,1,100
15449,1,100
15645,1,100
15669,1,100
15780,1,100
15934,1,100
16021,1,100
16033,1,100
16115,1,100
16125,1,100
16244,1,100
16294,1,100
16369,1,100
16794,1,100
16812,1,100
16945,1,100
16981,1,100
17012,1,100
17146,1,100
17285,1,100
18163,1,100
18390,1,100
18736,1,100
19127,1,100
19196,1,100
19203,1,100
19222,1,100
19591,1,100
19839,1,100
19950,1,100
20070,1,100
20078,1,100
20137,1,100
20148,1,100
20154,1,100
20172,1,100
20201,1,100
20281,1,100
20296,1,100
20298,1,100
20298,1,100
20303,1,100
20342,1,100
20357,1,100
20412,1,100
20512,1,100
20540,1,100
20541,1,100
20605,1,100
20669,1,100
20707,1,100
20743,1,100
20766,1,100
20775,1,100
20781,1,100
20802,1,100
21056,1,100
21141,1,100
21214,1,100
21223,1,100
21408,1,100
21461,1,100
21471,1,100
21553,1,100
21563,1,100
21624,1,100
21810,1,100
21891,1,100
21896,1,100
21953,1,100
22010,1,100
22069,1,100
22099,1,100
22154,1,100
22161,1,100
22278,1,100
22290,1,100
22304,1,100
22368,1,100
22416,1,100
22451,1,100
22474,1,100
22499,1,100
22540,1,100
23005,1,100
23013,1,100
23094,1,100
23174,1,100
23182,1,100
23238,1,100
23266,1,100
23480,1,100
23521,1,100
23539,1,100
23635,1,100
23651,1,100
23825,1,100
23847,1,100
23972,1,100
24054,1,100
24071,1,100
24149,1,100
24803,1,100
24822,1,100
25076,1,100
25102,1,100
25131,1,100
25152,1,100
25161,1,100
25212,1,100
25223,1,100
25263,1,100
25282,1,100
25335,1,100
25947,1,100
25960,1,100
26129,1,100
26166,1,100
26214,1,100
26263,1,100
26316,1,100
26361,1,100
26361,1,100
26468,1,100
26470,1,100
26554,1,100
26592,1,100
26731,1,100
27073,1,100
27175,1,100
27297,1,100
27328,1,100
27406,1,100
27417,1,100
27465,1,100
27491,1,100
27525,1,100
27530,1,100
27551,1,100
27879,1,100
27923,1,100
27983,1,100
28013,1,100
28184,1,100
28312,1,100
28354,1,100
28522,1,100
28780,1,100
28809,1,100
28821,1,100
29056,1,100
29070,1,100
29097,1,100
29105,1,100
29126,1,100
29155,1,100
29346,1,100
29365,1,100
29385,1,100
29432,1,100
29463,1,100
30322,1,100
30396,1,100
30486,1,100
30532,1,100
30567,1,100
30732,1,100
30862,1,100
30888,1,100
31011,1,100
31031,1,100
31036,1,100
31068,1,100
31082,1,100
31131,1,100
31208,1,100
31326,1,100
31422,1,100
32030,1,100
32048,1,100
32067,1,100
32076,1,100
32083,1,100
32133,1,100
32206,1,100
32232,1,100
32339,1,100
32376,1,100
32405,1,100
32411,1,100
32416,1,100
32431,1,100
32468,1,100
32500,1,100
32542,1,100
32560,1,100
32605,1,100
32612,1,100
32652,1,100
32656,1,100
32729,1,100
32777,1,100
32784,1,100
32791,1,100
32820,1,100
32861,1,100
32902,1,100
32910,1,100
32920,1,100
32964,1,100
33004,1,100
33004,1,100
33011,1,100
33023,1,100
33077,1,100
33118,1,100
33143,1,100
33147,1,100
33188,1,100
33237,1,100
33258,1,100
33331,1,100
33367,1,100
33383,1,100
33443,1,100
33523,1,100
33561,1,100
33581,1,100
33592,1,100
33626,1,100
33698,1,100
34068,1,100
34116,1,100
34228,1,100
34293,1,100
34366,1,100
34376,1,100
34653,1,100
34748,1,100
34797,1,100
34882,1,100
34918,1,100
34932,1,100
34943,1,100
35006,1,100
35033,1,100
35088,1,100
35095,1,100
35128,1,100
35136,1,100
35209,1,100
35243,1,100
35288,1,100
35295,1,100
35306,1,100
35478,1,100
35783,1,100
35825,1,100
35901,1,100
35932,1,100
35955,1,100
35960,1,100
36094,1,100
36109,1,100
36280,1,100
36336,1,100
36427,1,100
36449,1,100
36548,1,100
36588,1,100
36616,1,100
36632,1,100
36749,1,100
37003,1,100
37009,1,100
37017,1,100
37028,1,100
37162,1,100
37170,1,100
37425,1,100
37443,1,100
37482,1,100
37547,1,100
37598,1,100
37763,1,100
37778,1,100
37832,1,100
37902,1,100
37989,1,100
38065,1,100
38065,1,100
38089,1,100
38129,1,100
38156,1,100
38164,1,100
38183,1,100
38291,1,100
38383,1,100
38440,1,100
38473,1,100
38512,1,100
38522,1,100
38528,1,100
38628,1,100
38645,1,100
39077,1,100
39086,1,100
39101,1,100
39111,1,100
39147,1,100
39281,1,100
39299,1,100
39309,1,100
39341,1,100
39355,1,100
39375,1,100
39572,1,100
39671,1,100
39673,1,100
39705,1,100
39754,1,100
39890,1,100
40011,1,100
40093,1,100
40148,1,100
40286,1,100
40314,1,100
40360,1,100
40481,1,100
40604,1,100
40652,1,100
40694,1,100
40707,1,100
40828,1,100
41051,1,100
41143,1,100
41173,1,100
41238,1,100
41288,1,100
41293,1,100
41295,1,100
41310,1,100
41386,1,100
41388,1,100
41432,1,100
41502,1,100
41521,1,100
41628,1,100
41632,1,100
41801,1,100
42255,1,100
42275,1,100
42335,1,100
42406,1,100
42417,1,100
42473,1,100
42490,1,100
42605,1,100
42608,1,100
42743,1,100
42748,1,100
42782,1,100
42862,1,100
42865,1,100
43128,1,100
43196,1,100
43214,1,100
43301,1,100
43320,1,100
43643,1,100
43707,1,100
43787,1,100
43797,1,100
43828,1,100
43858,1,100
43861,1,100
43872,1,100
43881,1,100
44010,1,100
44016,1,100
44065,1,100
44092,1,100
44113,1,100
44151,1,100
44183,1,100
44197,1,100
44230,1,100
44257,1,100
44292,1,100
44326,1,100
44359,1,100
44371,1,100
44399,1,100
44406,1,100
44406,1,100
44448,1,100
44469,1,100
44504,1,100
44554,1,100
44592,1,100
44644,1,100
44649,1,100
44677,1,100
44696,1,100
44712,1,100
44718,1,100
44721,1,100
44742,1,100
44758,1,100
44804,1,100
44809,1,100
44895,1,100
44915,1,100
44933,1,100
45012,1,100
45023,1,100
45023,1,100
45052,1,100
45071,1,100
45075,1,100
45122,1,100
45234,1,100
45261,1,100
45318,1,100
45328,1,100
45345,1,100
45377,1,100
45377,1,100
45467,1,100
45500,1,100
45530,1,100
45578,1,100
45595,1,100
45637,1,100
45741,1,100
45791,1,100
45833,1,100
45905,1,100
45908,1,100
45911,1,100
45949,1,100
45997,1,100
46028,1,100
46050,1,100
46065,1,100
46107,1,100
46113,1,100
46124,1,100
46129,1,100
46141,1,100
46167,1,100
46182,1,100
46226,1,100
46230,1,100
46252,1,100
46255,1,100
46349,1,100
46420,1,100
46432,1,100
46443,1,100
46444,1,100
46507,1,100
46541,1,100
46544,1,100
46614,1,100
46622,1,100
46623,1,100
46643,1,100
46655,1,100
46682,1,100
46692,1,100
46701,1,100
46744,1,100
46756,1,100
46776,1,100
46832,1,100
46844,1,100
46853,1,100
46865,1,100
47027,1,100
47034,1,100
47119,1,100
47122,1,100
47200,1,100
47218,1,100
47291,1,100
47324,1,100
47337,1,100
47358,1,100
47373,1,100
47432,1,100
47460,1,100
47542,1,100
47543,1,100
47560,1,100
47585,1,100
47600,1,100
47612,1,100
47667,1,100
47672,1,100
47720,1,100
47727,1,100
47735,1,100
47738,1,100
47769,1,100
47867,1,100
47868,1,100
47907,1,100
48018,1,100
48026,1,100
48070,1,100
48092,1,100
48118,1,100
48120,1,100
48138,1,100
48162,1,100
48172,1,100
48223,1,100
48246,1,100
48250,1,100
48257,1,100
48265,1,100
48298,1,100
48321,1,100
48331,1,100
48336,1,100
48336,1,100
48458,1,100
48463,1,100
48489,1,100
48523,1,100
48537,1,100
48581,1,100
48669,1,100
48691,1,100
48704,1,100
48727,1,100
49002,1,100
49007,1,100
49087,1,100
49120,1,100
49128,1,100
49167,1,100
49214,1,100
49222,1,100
49242,1,100
49245,1,100
49257,1,100
49333,1,100
49335,1,100
49361,1,100
49396,1,100
49407,1,100
49476,1,100
49530,1,100
49542,1,100
49585,1,100
49597,1,100
49610,1,100
49626,1,100
49654,1,100
49694,1,100
49699,1,100
49723,1,100
49770,1,100
49788,1,100
49831,1,100
49851,1,100
49860,1,100
49968,1,100
50014,1,100
50088,1,100
50143,1,100
50157,1,100
50165,1,100
50177,1,100
50183,1,100
50201,1,100
50214,1,100
50247,1,100
50263,1,100
50268,1,100
50279,1,100
50385,1,100
50395,1,100
50396,1,100
50408,1,100
50432,1,100
50449,1,100
50456,1,100
50464,1,100
50634,1,100
50647,1,100
50649,1,100
50673,1,100
50703,1,100
50749,1,100
50801,1,100
51019,1,100
51059,1,100
51153,1,100
51190,1,100
51215,1,100
51292,1,100
51303,1,100
51307,1,100
51338,1,100
51361,1,100
51368,1,100
51389,1,100
51437,1,100
51461,1,100
51588,1,100
51590,1,100
51594,1,100
51605,1,100
51642,1,100
51677,1,100
51726,1,100
51726,1,100
51748,1,100
51786,1,100
51822,1,100
51830,1,100
51831,1,100
51891,1,100
51913,1,100
51929,1,100
51930,1,100
52023,1,100
52024,1,100
52076,1,100
52211,1,100
52246,1,100
52264,1,100
52264,1,100
52350,1,100
52403,1,100
52425,1,100
52481,1,100
52489,1,100
52543,1,100
52630,1,100
52647,1,100
52651,1,100
52733,1,100
52786,1,100
52787,1,100
52794,1,100
52826,1,100
52878,1,100
52892,1,100
52896,1,100
52917,1,100
52933,1,100
53046,1,100
53056,1,100
53074,1,100
53090,1,100
53160,1,100
53181,1,100
53203,1,100
53204,1,100
53350,1,100
53403,1,100
53442,1,100
53457,1,100
53509,1,100
53630,1,100
53721,1,100
53736,1,100
53755,1,100
53790,1,100
53905,1,100
53919,1,100
53971,1,100
53978,1,100
54010,1,100
54020,1,100
54025,1,100
54042,1,100
54077,1,100
54084,1,100
54087,1,100
54111,1,100
54146,1,100
54161,1,100
54176,1,100
54177,1,100
54256,1,100
54315,1,100
54315,1,100
54447,1,100
54494,1,100
54546,1,100
54551,1,100
54567,1,100
54599,1,100
54671,1,100
54813,1,100
54848,1,100
54922,1,100
54923,1,100
54931,1,100
54937,1,100
55015,1,100
55033,1,100
55055,1,100
55092,1,100
55099,1,100
55139,1,100
55174,1,100
55232,1,100
55312,1,100
55363,1,100
55460,1,100
55466,1,100
55538,1,100
55543,1,100
55560,1,100
55581,1,100
55603,1,100
55677,1,100
55700,1,100
55715,1,100
55746,1,100
55825,1,100
55845,1,100
55873,1,100
55885,1,100
55980,1,100
56006,1,100
56036,1,100
56039,1,100
56057,1,100
56060,1,100
56093,1,100
56104,1,100
56166,1,100
56167,1,100
56181,1,100
56184,1,100
56188,1,100
56201,1,100
56209,1,100
56226,1,100
56227,1,100
56254,1,100
56254,1,100
56271,1,100
56287,1,100
56292,1,100
56312,1,100
56358,1,100
56374,1,100
56385,1,100
56387,1,100
56391,1,100
56395,1,100
56481,1,100
56538,1,100
56542,1,100
56583,1,100
56613,1,100
56669,1,100
56689,1,100
56693,1,100
56707,1,100
56715,1,100
56722,1,100
56741,1,100
56743,1,100
56834,1,100
56857,1,100
56874,1,100
56888,1,100
56895,1,100
56926,1,100
56947,1,100
56959,1,100
56993,1,100
56995,1,100
56997,1,100
57003,1,100
57023,1,100
57038,1,100
57082,1,100
57086,1,100
57096,1,100
57108,1,100
57118,1,100
57137,1,100
57159,1,100
57159,1,100
57160,1,100
57172,1,100
57175,1,100
57187,1,100
57191,1,100
57193,1,100
57197,1,100
57208,1,100
57235,1,100
57282,1,100
57283,1,100
57339,1,100
57379,1,100
57487,1,100
57515,1,100
57520,1,100
57521,1,100
57554,1,100
57569,1,100
57592,1,100
57613,1,100
57614,1,100
57628,1,100
57672,1,100
57685,1,100
57696,1,100
57748,1,100
57751,1,100
57766,1,100
57811,1,100
57854,1,100
57871,1,100
57931,1,100
57938,1,100
57945,1,100
58020,1,100
58040,1,100
58054,1,100
58056,1,100
58059,1,100
58061,1,100
58066,1,100
58169,1,100
58171,1,100
58209,1,100
58219,1,100
58220,1,100
58226,1,100
58249,1,100
58251,1,100
58256,1,100
58279,1,100
58296,1,100
58305,1,100
58322,1,100
58330,1,100
58344,1,100
58351,1,100
58391,1,100
58395,1,100
58411,1,100
58431,1,100
58434,1,100
58435,1,100
58448,1,100
58449,1,100
58458,1,100
58470,1,100
58478,1,100
58505,1,100
58513,1,100
58532,1,100
58535,1,100
58576,1,100
58648,1,100
58651,1,100
59028,1,100
59038,1,100
59060,1,100
59123,1,100
59216,1,100
59271,1,100
59304,1,100
59325,1,100
59332,1,100
59351,1,100
59392,1,100
59457,1,100
59481,1,100
59500,1,100
59501,1,100
59505,1,100
59506,1,100
59555,1,100
59574,1,100
59577,1,100
59578,1,100
59603,1,100
59635,1,100
59682,1,100
59720,1,100
59810,1,100
59842,1,100
59884,1,100
59899,1,100
59910,1,100
59932,1,100
59969,1,100
59972,1,100
59981,1,100
59989,1,100
60001,1,100
60018,1,100
60079,1,100
60080,1,100
60080,1,100
60127,1,100
60132,1,100
60145,1,100
60154,1,100
60182,1,100
60200,1,100
60203,1,100
60254,1,100
60266,1,100
60284,1,100
60292,1,100
60307,1,100
60344,1,100
60367,1,100
60405,1,100
60410,1,100
60411,1,100
60413,1,100
60442,1,100
60452,1,100
60474,1,100
60477,1,100
60485,1,100
60494,1,100
60553,1,100
60555,1,100
60588,1,100
60597,1,100
60611,1,100
60621,1,100
60625,1,100
60632,1,100
60691,1,100
60876,1,100
60876,1,100
61003,1,100
61013,1,100
61045,1,100
61073,1,100
61077,1,100
61078,1,100
61089,1,100
61107,1,100
61158,1,100
61170,1,100
61180,1,100
61191,1,100
61191,1,100
61236,1,100
61260,1,100
61279,1,100
61287,1,100
61292,1,100
61308,1,100
61321,1,100
61342,1,100
61346,1,100
61419,1,100
61425,1,100
61429,1,100
61451,1,100
61500,1,100
61510,1,100
61520,1,100
61541,1,100
61583,1,100
61587,1,100
61615,1,100
61622,1,100
61634,1,100
61653,1,100
61689,1,100
61743,1,100
61758,1,100
62011,1,100
62019,1,100
62025,1,100
62031,1,100
62090,1,100
62106,1,100
62150,1,100
62154,1,100
62262,1,100
62329,1,100
62373,1,100
62375,1,100
62385,1,100
62409,1,100
62419,1,100
62443,1,100
62472,1,100
62490,1,100
62491,1,100
62496,1,100
62542,1,100
62543,1,100
62598,1,100
62599,1,100
62618,1,100
62623,1,100
62630,1,100
62635,1,100
62694,1,100
62699,1,100
62737,1,100
62888,1,100
62919,1,100
62953,1,100
62997,1,100
62999,1,100
63000,1,100
63008,1,100
63055,1,100
63063,1,100
63117,1,100
63167,1,100
63167,1,100
63247,1,100
63309,1,100
63324,1,100
63352,1,100
63420,1,100
63423,1,100
63450,1,100
63538,1,100
63556,1,100
63562,1,100
63669,1,100
63735,1,100
63753,1,100
63766,1,100
63786,1,100
63823,1,100
63906,1,100
63930,1,100
63932,1,100
63945,1,100
63950,1,100
63957,1,100
64007,1,100
64015,1,100
64027,1,100
64034,1,100
64059,1,100
64106,1,100
64129,1,100
64129,1,100
64133,1,100
64144,1,100
64205,1,100
64225,1,100
64225,1,100
64227,1,100
64239,1,100
64242,1,100
64258,1,100
64261,1,100
64264,1,100
64271,1,100
64284,1,100
64295,1,100
64318,1,100
64326,1,100
64347,1,100
64396,1,100
64402,1,100
64403,1,100
64447,1,100
64451,1,100
64461,1,100
64467,1,100
64561,1,100
64569,1,100
64571,1,100
64599,1,100
64603,1,100
64646,1,100
64668,1,100
64688,1,100
64708,1,100
64753,1,100
64760,1,100
64766,1,100
64820,1,100
64848,1,100
64856,1,100
64965,1,100
65014,1,100
65022,1,100
65022,1,100
65025,1,100
65037,1,100
65062,1,100
65119,1,100
65120,1,100
65136,1,100
65158,1,100
65234,1,100
65309,1,100
65350,1,100
65377,1,100
65384,1,100
65447,1,100
65449,1,100
65505,1,100
65548,1,100
65593,1,100
65604,1,100
65618,1,100
65629,1,100
65662,1,100
65713,1,100
65719,1,100
65734,1,100
65778,1,100
65852,1,100
65887,1,100
65903,1,100
65943,1,100
65955,1,100
65969,1,100
65974,1,100
66012,1,100
66037,1,100
66040,1,100
66075,1,100
66086,1,100
66093,1,100
66102,1,100
66109,1,100
66110,1,100
66117,1,100
66118,1,100
66132,1,100
66132,1,100
66219,1,100
66221,1,100
66233,1,100
66272,1,100
66272,1,100
66286,1,100
66326,1,100
66371,1,100
66372,1,100
66372,1,100
66384,1,100
66395,1,100
66456,1,100
66463,1,100
66490,1,100
66530,1,100
66597,1,100
66599,1,100
66602,1,100
66630,1,100
66669,1,100
66684,1,100
66712,1,100
66714,1,100
66717,1,100
66722,1,100
66764,1,100
66807,1,100
66850,1,100
66857,1,100
66866,1,100
66872,1,100
67014,1,100
67060,1,100
67065,1,100
67084,1,100
67113,1,100
67132,1,100
67186,1,100
67189,1,100
67204,1,100
67205,1,100
67219,1,100
67230,1,100
67245,1,100
67248,1,100
67273,1,100
67324,1,100
67395,1,100
67399,1,100
67403,1,100
67473,1,100
67491,1,100
67512,1,100
67513,1,100
67521,1,100
67530,1,100
67557,1,100
67636,1,100
67647,1,100
67748,1,100
67761,1,100
67764,1,100
67776,1,100
67831,1,100
67832,1,100
67871,1,100
67893,1,100
67935,1,100
67976,1,100
68001,1,100
68007,1,100
68016,1,100
68022,1,100
68028,1,100
68029,1,100
68038,1,100
68048,1,100
68083,1,100
68084,1,100
68088,1,100
68106,1,100
68109,1,100
68160,1,100
68168,1,100
68174,1,100
68241,1,100
68257,1,100
68287,1,100
68316,1,100
68319,1,100
68341,1,100
68359,1,100
68361,1,100
68375,1,100
68391,1,100
68394,1,100
68461,1,100
68481,1,100
68486,1,100
68516,1,100
68540,1,100
68545,1,100
68549,1,100
68554,1,100
68562,1,100
68589,1,100
68628,1,100
68656,1,100
68668,1,100
68677,1,100
68679,1,100
68681,1,100
68703,1,100
68758,1,100
68766,1,100
68772,1,100
68773,1,100
68778,1,100
68838,1,100
68845,1,100
68845,1,100
68877,1,100
68878,1,100
68879,1,100
68939,1,100
68944,1,100
68947,1,100
68980,1,100
68980,1,100
68991,1,100
68991,1,100
69002,1,100
69019,1,100
69029,1,100
69043,1,100
69066,1,100
69070,1,100
69075,1,100
69075,1,100
69079,1,100
69080,1,100
69087,1,100
69089,1,100
69090,1,100
69091,1,100
69118,1,100
69121,1,100
69144,1,100
69144,1,100
69161,1,100
69171,1,100
69190,1,100
69193,1,100
69198,1,100
69213,1,100
69213,1,100
69216,1,100
69233,1,100
69235,1,100
69273,1,100
69277,1,100
69288,1,100
69322,1,100
69369,1,100
69376,1,100
69380,1,100
69426,1,100
69453,1,100
69479,1,100
69526,1,100
69544,1,100
69547,1,100
69550,1,100
69562,1,100
69565,1,100
69570,1,100
69581,1,100
69598,1,100
69600,1,100
69634,1,100
69646,1,100
69653,1,100
69659,1,100
69661,1,100
69700,1,100
69719,1,100
69751,1,100
69786,1,100
69790,1,100
69832,1,100
69857,1,100
69873,1,100
69889,1,100
69896,1,100
69917,1,100
69926,1,100
69965,1,100
69980,1,100
69984,1,100
69986,1,100
69995,1,100
70027,1,100
70032,1,100
70038,1,100
70040,1,100
70048,1,100
70058,1,100
70060,1,100
70084,1,100
70087,1,100
70100,1,100
70125,1,100
70128,1,100
70206,1,100
70234,1,100
70235,1,100
70245,1,100
70279,1,100
70308,1,100
70313,1,100
70320,1,100
70334,1,100
70350,1,100
70361,1,100
70365,1,100
70374,1,100
70386,1,100
70450,1,100
70546,1,100
70547,1,100
70547,1,100
70547,1,100
70575,1,100
70596,1,100
70598,1,100
70624,1,100
70664,1,100
70668,1,100
70688,1,100
70716,1,100
70717,1,100
70718,1,100
70722,1,100
70725,1,100
70746,1,100
70765,1,100
70799,1,100
70806,1,100
70832,1,100
70849,1,100
70855,1,100
70856,1,100
70865,1,100
70914,1,100
70926,1,100
70938,1,100
70948,1,100
70953,1,100
70972,1,100
70987,1,100
71006,1,100
71014,1,100
71032,1,100
71042,1,100
71042,1,100
71071,1,100
71091,1,100
71101,1,100
71145,1,100
71173,1,100
71176,1,100
71189,1,100
71212,1,100
71222,1,100
71225,1,100
71283,1,100
71375,1,100
71377,1,100
71386,1,100
71402,1,100
71403,1,100
71404,1,100
71415,1,100
71430,1,100
71439,1,100
71444,1,100
71448,1,100
71458,1,100
71459,1,100
71471,1,100
71517,1,100
71517,1,100
71518,1,100
71541,1,100
71545,1,100
71551,1,100
71564,1,100
71591,1,100
71657,1,100
71662,1,100
71696,1,100
71700,1,100
71718,1,100
71791,1,100
71815,1,100
71885,1,100
71887,1,100
71926,1,100
71930,1,100
71960,1,100
71965,1,100
71978,1,100
71987,1,100
72006,1,100
72008,1,100
72018,1,100
72019,1,100
72026,1,100
72032,1,100
72036,1,100
72048,1,100
72062,1,100
72067,1,100
72080,1,100
72090,1,100
72095,1,100
72117,1,100
72139,1,100
72154,1,100
72159,1,100
72169,1,100
72186,1,100
72198,1,100
72236,1,100
72276,1,100
72278,1,100
72279,1,100
72284,1,100
72326,1,100
72330,1,100
72355,1,100
72390,1,100
72412,1,100
72421,1,100
72427,1,100
72435,1,100
72447,1,100
72481,1,100
72491,1,100
72496,1,100
72496,1,100
72553,1,100
72568,1,100
72624,1,100
72635,1,100
72651,1,100
72652,1,100
72669,1,100
72671,1,100
72677,1,100
72713,1,100
72718,1,100
72726,1,100
72741,1,100
72752,1,100
72759,1,100
72761,1,100
72787,1,100
72805,1,100
72885,1,100
72930,1,100
73005,1,100
73040,1,100
73040,1,100
73050,1,100
73056,1,100
73071,1,100
73080,1,100
73083,1,100
73086,1,100
73132,1,100
73143,1,100
73144,1,100
73153,1,100
73162,1,100
73220,1,100
73225,1,100
73234,1,100
73249,1,100
73250,1,100
73289,1,100
73338,1,100
73340,1,100
73349,1,100
73356,1,100
73378,1,100
73385,1,100
73388,1,100
73399,1,100
73412,1,100
73432,1,100
73448,1,100
73466,1,100
73471,1,100
73498,1,100
73513,1,100
73527,1,100
73542,1,100
73545,1,100
73611,1,100
73616,1,100
73634,1,100
73652,1,100
73665,1,100
73677,1,100
73685,1,100
73706,1,100
73736,1,100
73747,1,100
73774,1,100
73774,1,100
73785,1,100
73803,1,100
73807,1,100
73817,1,100
73844,1,100
73845,1,100
73870,1,100
74013,1,100
74014,1,100
74079,1,100
74080,1,100
74123,1,100
74140,1,100
74146,1,100
74163,1,100
74175,1,100
74185,1,100
74205,1,100
74207,1,100
74207,1,100
74234,1,100
74245,1,100
74252,1,100
74280,1,100
74290,1,100
74312,1,100
74352,1,100
74377,1,100
74380,1,100
74382,1,100
74387,1,100
74393,1,100
74438,1,100
74439,1,100
74439,1,100
74449,1,100
74457,1,100
74484,1,100
74485,1,100
74489,1,100
74513,1,100
74542,1,100
74567,1,100
74593,1,100
74613,1,100
74640,1,100
74646,1,100
74675,1,100
74725,1,100
74761,1,100
74761,1,100
74771,1,100
74788,1,100
74788,1,100
74796,1,100
74806,1,100
74818,1,100
74824,1,100
74861,1,100
74862,1,100
74868,1,100
74894,1,100
75003,1,100
75004,1,100
75032,1,100
75095,1,100
75099,1,100
75150,1,100
75178,1,100
75190,1,100
75192,1,100
75210,1,100
75217,1,100
75218,1,100
75256,1,100
75263,1,100
75279,1,100
75344,1,100
75358,1,100
75432,1,100
75440,1,100
75444,1,100
75446,1,100
75484,1,100
75505,1,100
75507,1,100
75542,1,100
75565,1,100
75571,1,100
75575,1,100
75579,1,100
75647,1,100
75650,1,100
75684,1,100
75685,1,100
75689,1,100
75715,1,100
75717,1,100
75729,1,100
75740,1,100
75762,1,100
75795,1,100
75810,1,100
75858,1,100
75865,1,100
75880,1,100
75904,1,100
75910,1,100
75942,1,100
75974,1,100
75983,1,100
76002,1,100
76006,1,100
76038,1,100
76047,1,100
76087,1,100
76111,1,100
76112,1,100
76114,1,100
76116,1,100
76121,1,100
76123,1,100
76147,1,100
76183,1,100
76200,1,100
76245,1,100
76285,1,100
76315,1,100
76315,1,100
76317,1,100
76317,1,100
76372,1,100
76428,1,100
76437,1,100
76458,1,100
76477,1,100
76484,1,100
76497,1,100
76532,1,100
76569,1,100
76581,1,100
76584,1,100
76584,1,100
76616,1,100
76628,1,100
76642,1,100
76647,1,100
76673,1,100
76704,1,100
76710,1,100
76715,1,100
76720,1,100
76729,1,100
76783,1,100
76812,1,100
76838,1,100
76904,1,100
76907,1,100
76939,1,100
76970,1,100
76973,1,100
76976,1,100
76992,1,100
77007,1,100
77019,1,100
77027,1,100
77032,1,100
77039,1,100
77041,1,100
77046,1,100
77087,1,100
77100,1,100
77103,1,100
77106,1,100
77118,1,100
77124,1,100
77129,1,100
77138,1,100
77148,1,100
77217,1,100
77220,1,100
77229,1,100
77259,1,100
77267,1,100
77285,1,100
77306,1,100
77330,1,100
77336,1,100
77351,1,100
77372,1,100
77386,1,100
77399,1,100
77459,1,100
77466,1,100
77479,1,100
77499,1,100
77511,1,100
77513,1,100
77535,1,100
77537,1,100
77538,1,100
77540,1,100
77564,1,100
77583,1,100
77593,1,100
77641,1,100
77641,1,100
77657,1,100
77663,1,100
77666,1,100
77676,1,100
77712,1,100
77733,1,100
77737,1,100
77742,1,100
77754,1,100
77790,1,100
77791,1,100
77812,1,100
77821,1,100
77835,1,100
77860,1,100
77865,1,100
77891,1,100
77983,1,100
77986,1,100
78014,1,100
78049,1,100
78090,1,100
78103,1,100
78123,1,100
78214,1,100
78227,1,100
78250,1,100
78299,1,100
78327,1,100
78332,1,100
78335,1,100
78337,1,100
78349,1,100
78352,1,100
78366,1,100
78379,1,100
78401,1,100
78431,1,100
78432,1,100
78493,1,100
78628,1,100
78637,1,100
78643,1,100
78664,1,100
78670,1,100
78673,1,100
78676,1,100
78678,1,100
78711,1,100
78718,1,100
78801,1,100
78835,1,100
78932,1,100
78943,1,100
78960,1,100
78964,1,100
78979,1,100
78980,1,100
78991,1,100
79012,1,100
79019,1,100
79039,1,100
79049,1,100
79054,1,100
79060,1,100
79073,1,100
79085,1,100
79086,1,100
79090,1,100
79095,1,100
79108,1,100
79108,1,100
79166,1,100
79191,1,100
79204,1,100
79205,1,100
79209,1,100
79209,1,100
79210,1,100
79211,1,100
79231,1,100
79238,1,100
79244,1,100
79256,1,100
79261,1,100
79262,1,100
79277,1,100
79279,1,100
79283,1,100
79302,1,100
79312,1,100
79324,1,100
79326,1,100
79341,1,100
79348,1,100
79372,1,100
79425,1,100
79432,1,100
79476,1,100
79488,1,100
79575,1,100
79587,1,100
79597,1,100
79612,1,100
79612,1,100
79639,1,100
79677,1,100
79693,1,100
79771,1,100
79772,1,100
79905,1,100
80004,1,100
80006,1,100
80007,1,100
80007,1,100
80024,1,100
80025,1,100
80031,1,100
80032,1,100
80038,1,100
80040,1,100
80050,1,100
80060,1,100
80073,1,100
80076,1,100
80088,1,100
80090,1,100
80097,1,100
80101,1,100
80103,1,100
80108,1,100
80113,1,100
80116,1,100
80121,1,100
80125,1,100
80128,1,100
80137,1,100
80138,1,100
80139,1,100
80157,1,100
80160,1,100
80162,1,100
80163,1,100
80169,1,100
80174,1,100
80187,1,100
80231,1,100
80232,1,100
80234,1,100
80285,1,100
80334,1,100
80347,1,100
80348,1,100
80356,1,100
80368,1,100
80370,1,100
80374,1,100
80394,1,100
80397,1,100
80400,1,100
80409,1,100
80414,1,100
80421,1,100
80433,1,100
80452,1,100
80469,1,100
80474,1,100
80489,1,100
80492,1,100
80500,1,100
80505,1,100
80507,1,100
80531,1,100
80534,1,100
80537,1,100
80557,1,100
80593,1,100
80596,1,100
80599,1,100
80630,1,100
80659,1,100
80662,1,100
80663,1,100
80698,1,100
80721,1,100
80733,1,100
80746,1,100
80754,1,100
80793,1,100
80833,1,100
80842,1,100
80846,1,100
80864,1,100
80895,1,100
80904,1,100
80912,1,100
80921,1,100
80929,1,100
80938,1,100
80940,1,100
81024,1,100
81049,1,100
81058,1,100
81081,1,100
81103,1,100
81114,1,100
81115,1,100
81125,1,100
81131,1,100
81139,1,100
81142,1,100
81151,1,100
81171,1,100
81179,1,100
81213,1,100
81222,1,100
81227,1,100
81228,1,100
81250,1,100
81255,1,100
81266,1,100
81271,1,100
81276,1,100
81312,1,100
81319,1,100
81373,1,100
81405,1,100
81434,1,100
81446,1,100
81462,1,100
81475,1,100
81492,1,100
81509,1,100
81510,1,100
81517,1,100
81560,1,100
81579,1,100
81580,1,100
81585,1,100
81608,1,100
81610,1,100
81612,1,100
81651,1,100
81704,1,100
81732,1,100
81743,1,100
81761,1,100
81788,1,100
81789,1,100
81800,1,100
81801,1,100
81825,1,100
81845,1,100
81847,1,100
81854,1,100
81861,1,100
81891,1,100
81907,1,100
81925,1,100
81927,1,100
81941,1,100
81980,1,100
81981,1,100
81995,1,100
82007,1,100
82027,1,100
82035,1,100
82056,1,100
82067,1,100
82094,1,100
82108,1,100
82112,1,100
82143,1,100
82150,1,100
82167,1,100
82179,1,100
82180,1,100
82231,1,100
82235,1,100
82238,1,100
82246,1,100
82249,1,100
82262,1,100
82271,1,100
82282,1,100
82288,1,100
82324,1,100
82335,1,100
82361,1,100
82390,1,100
82406,1,100
82413,1,100
82413,1,100
82436,1,100
82440,1,100
82448,1,100
82456,1,100
82465,1,100
82467,1,100
82497,1,100
82509,1,100
82521,1,100
82521,1,100
82523,1,100
82540,1,100
82574,1,100
82596,1,100
82605,1,100
82616,1,100
82621,1,100
82658,1,100
82664,1,100
82669,1,100
82675,1,100
82688,1,100
82720,1,100
82732,1,100
82750,1,100
82753,1,100
82761,1,100
82775,1,100
82803,1,100
82820,1,100
82825,1,100
82851,1,100
82881,1,100
82890,1,100
83000,1,100
83019,1,100
83033,1,100
83039,1,100
83097,1,100
83122,1,100
83139,1,100
83146,1,100
83155,1,100
83160,1,100
83177,1,100
83179,1,100
83183,1,100
83210,1,100
83212,1,100
83213,1,100
83263,1,100
83274,1,100
83276,1,100
83285,1,100
83320,1,100
83326,1,100
83337,1,100
83343,1,100
83354,1,100
83372,1,100
83376,1,100
83387,1,100
83406,1,100
83438,1,100
83464,1,100
83489,1,100
83498,1,100
83526,1,100
83528,1,100
83610,1,100
83642,1,100
83672,1,100
83762,1,100
83775,1,100
83783,1,100
83791,1,100
83801,1,100
83807,1,100
83809,1,100
83830,1,100
83841,1,100
83842,1,100
83860,1,100
83864,1,100
83918,1,100
83921,1,100
83939,1,100
83988,1,100
84003,1,100
84015,1,100
84020,1,100
84021,1,100
84028,1,100
84040,1,100
84043,1,100
84047,1,100
84064,1,100
84076,1,100
84078,1,100
84083,1,100
84083,1,100
84095,1,100
84113,1,100
84132,1,100
84137,1,100
84139,1,100
84146,1,100
84205,1,100
84238,1,100
84245,1,100
84336,1,100
84362,1,100
84368,1,100
84373,1,100
84373,1,100
84375,1,100
84380,1,100
84380,1,100
84385,1,100
84399,1,100
84404,1,100
84413,1,100
84415,1,100
84415,1,100
84429,1,100
84431,1,100
84435,1,100
84437,1,100
84460,1,100
84492,1,100
84496,1,100
84544,1,100
84577,1,100
84583,1,100
84603,1,100
84614,1,100
84620,1,100
84623,1,100
84623,1,100
84628,1,100
84631,1,100
84638,1,100
84653,1,100
84662,1,100
84665,1,100
84666,1,100
84682,1,100
84779,1,100
84784,1,100
84786,1,100
84791,1,100
84792,1,100
84902,1,100
84914,1,100
84917,1,100
85062,1,100
85086,1,100
85089,1,100
85147,1,100
85171,1,100
85177,1,100
85187,1,100
85195,1,100
85245,1,100
85256,1,100
85273,1,100
85318,1,100
85332,1,100
85335,1,100
85356,1,100
85378,1,100
85383,1,100
85387,1,100
85418,1,100
85423,1,100
85429,1,100
85433,1,100
85454,1,100
85478,1,100
85503,1,100
85508,1,100
85558,1,100
85563,1,100
85578,1,100
85587,1,100
85591,1,100
85602,1,100
85614,1,100
85615,1,100
85618,1,100
85624,1,100
85629,1,100
85667,1,100
85779,1,100
85807,1,100
85809,1,100
85845,1,100
85848,1,100
85859,1,100
85865,1,100
85884,1,100
85885,1,100
85900,1,100
85901,1,100
85909,1,100
85934,1,100
85935,1,100
85949,1,100
85950,1,100
85953,1,100
85957,1,100
86058,1,100
86061,1,100
86063,1,100
86072,1,100
86075,1,100
86087,1,100
86088,1,100
86105,1,100
86106,1,100
86116,1,100
86143,1,100
86181,1,100
86231,1,100
86252,1,100
86306,1,100
86331,1,100
86368,1,100
86396,1,100
86397,1,100
86404,1,100
86413,1,100
86461,1,100
86512,1,100
86515,1,100
86521,1,100
86521,1,100
86532,1,100
86533,1,100
86582,1,100
86583,1,100
86600,1,100
86615,1,100
86622,1,100
86639,1,100
86644,1,100
86648,1,100
86706,1,100
86735,1,100
86763,1,100
86766,1,100
86769,1,100
86774,1,100
86775,1,100
86793,1,100
86807,1,100
86811,1,100
86844,1,100
86865,1,100
86879,1,100
86927,1,100
86955,1,100
86967,1,100
86975,1,100
86979,1,100
86981,1,100
86984,1,100
86993,1,100
87004,1,100
87007,1,100
87013,1,100
87013,1,100
87024,1,100
87035,1,100
87039,1,100
87040,1,100
87041,1,100
87042,1,100
87064,1,100
87072,1,100
87087,1,100
87122,1,100
87127,1,100
87130,1,100
87137,1,100
87157,1,100
87160,1,100
87162,1,100
87171,1,100
87171,1,100
87183,1,100
87192,1,100
87209,1,100
87258,1,100
87258,1,100
87267,1,100
87293,1,100
87317,1,100
87317,1,100
87327,1,100
87333,1,100
87357,1,100
87364,1,100
87389,1,100
87389,1,100
87400,1,100
87403,1,100
87418,1,100
87435,1,100
87446,1,100
87487,1,100
87513,1,100
87546,1,100
87550,1,100
87582,1,100
87584,1,100
87602,1,100
87619,1,100
87620,1,100
87625,1,100
87649,1,100
87675,1,100
87675,1,100
87683,1,100
87683,1,100
87694,1,100
87698,1,100
87700,1,100
87730,1,100
87757,1,100
87774,1,100
87781,1,100
87783,1,100
87804,1,100
87827,1,100
87831,1,100
87848,1,100
87858,1,100
87859,1,100
87868,1,100
87871,1,100
88035,1,100
88041,1,100
88042,1,100
88050,1,100
88071,1,100
88091,1,100
88106,1,100
88125,1,100
88153,1,100
88184,1,100
88197,1,100
88218,1,100
88259,1,100
88279,1,100
88282,1,100
88287,1,100
88295,1,100
88311,1,100
88329,1,100
88331,1,100
88337,1,100
88346,1,100
88349,1,100
88351,1,100
88355,1,100
88362,1,100
88422,1,100
88507,1,100
88578,1,100
88591,1,100
88605,1,100
88626,1,100
88654,1,100
88658,1,100
88675,1,100
88687,1,100
88693,1,100
88699,1,100
88715,1,100
88745,1,100
88770,1,100
88776,1,100
88784,1,100
88786,1,100
88788,1,100
88797,1,100
88813,1,100
88857,1,100
88880,1,100
88891,1,100
88913,1,100
88919,1,100
88934,1,100
88966,1,100
88980,1,100
89018,1,100
89021,1,100
89037,1,100
89055,1,100
89060,1,100
89062,1,100
89062,1,100
89063,1,100
89065,1,100
89081,1,100
89119,1,100
89121,1,100
89125,1,100
89137,1,100
89139,1,100
89148,1,100
89194,1,100
89196,1,100
89207,1,100
89229,1,100
89234,1,100
89257,1,100
89263,1,100
89269,1,100
89299,1,100
89326,1,100
89329,1,100
89337,1,100
89375,1,100
89378,1,100
89393,1,100
89431,1,100
89432,1,100
89463,1,100
89475,1,100
89485,1,100
89534,1,100
89563,1,100
89565,1,100
89589,1,100
89651,1,100
89655,1,100
89678,1,100
89689,1,100
89720,1,100
89748,1,100
89764,1,100
89768,1,100
89816,1,100
89816,1,100
89833,1,100
89837,1,100
89855,1,100
89861,1,100
89874,1,100
89880,1,100
89889,1,100
89893,1,100
89909,1,100
89914,1,100
89983,1,100
90025,1,100
90036,1,100
90053,1,100
90061,1,100
90089,1,100
90113,1,100
90142,1,100
90161,1,100
90172,1,100
90214,1,100
90241,1,100
90247,1,100
90252,1,100
90279,1,100
90290,1,100
90301,1,100
90317,1,100
90385,1,100
90407,1,100
90411,1,100
90413,1,100
90418,1,100
90451,1,100
90461,1,100
90471,1,100
90496,1,100
90500,1,100
90537,1,100
90540,1,100
90554,1,100
90560,1,100
90583,1,100
90603,1,100
90615,1,100
90616,1,100
90622,1,100
90639,1,100
90657,1,100
90660,1,100
90662,1,100
90684,1,100
90689,1,100
90712,1,100
90754,1,100
90771,1,100
90771,1,100
90779,1,100
90802,1,100
90805,1,100
90881,1,100
90884,1,100
90899,1,100
91006,1,100
91015,1,100
91015,1,100
91032,1,100
91040,1,100
91045,1,100
91046,1,100
91053,1,100
91073,1,100
91083,1,100
91089,1,100
91090,1,100
91102,1,100
91102,1,100
91124,1,100
91131,1,100
91178,1,100
91188,1,100
91194,1,100
91207,1,100
91261,1,100
91292,1,100
91307,1,100
91310,1,100
91313,1,100
91323,1,100
91332,1,100
91346,1,100
91385,1,100
91403,1,100
91412,1,100
91454,1,100
91465,1,100
91508,1,100
91528,1,100
91543,1,100
91548,1,100
91573,1,100
91587,1,100
91608,1,100
91613,1,100
91614,1,100
91624,1,100
91627,1,100
91632,1,100
91643,1,100
91651,1,100
91658,1,100
91690,1,100
91718,1,100
91729,1,100
91751,1,100
91781,1,100
91791,1,100
91800,1,100
91803,1,100
91811,1,100
91811,1,100
91815,1,100
91845,1,100
91864,1,100
91882,1,100
91891,1,100
91910,1,100
91914,1,100
91965,1,100
92001,1,100
92012,1,100
92016,1,100
92016,1,100
92048,1,100
92066,1,100
92068,1,100
92076,1,100
92080,1,100
92134,1,100
92138,1,100
92152,1,100
92156,1,100
92157,1,100
92165,1,100
92177,1,100
92198,1,100
92210,1,100
92245,1,100
92258,1,100
92263,1,100
92267,1,100
92268,1,100
92269,1,100
92275,1,100
92287,1,100
92295,1,100
92300,1,100
92315,1,100
92329,1,100
92362,1,100
92367,1,100
92390,1,100
92393,1,100
92402,1,100
92413,1,100
92424,1,100
92427,1,100
92429,1,100
92433,1,100
92436,1,100
92439,1,100
92457,1,100
92512,1,100
92522,1,100
92536,1,100
92559,1,100
92569,1,100
92595,1,100
92611,1,100
92614,1,100
92627,1,100
92649,1,100
92654,1,100
92666,1,100
92681,1,100
92682,1,100
92700,1,100
92721,1,100
92723,1,100
92747,1,100
92750,1,100
92767,1,100
92835,1,100
92853,1,100
92856,1,100
92865,1,100
92880,1,100
92889,1,100
92889,1,100
92892,1,100
92899,1,100
92902,1,100
92907,1,100
92917,1,100
92923,1,100
92928,1,100
92940,1,100
92942,1,100
92951,1,100
92965,1,100
92971,1,100
93000,1,100
93003,1,100
93005,1,100
93008,1,100
93010,1,100
93011,1,100
93012,1,100
93013,1,100
93014,1,100
93033,1,100
93035,1,100
93045,1,100
93051,1,100
93052,1,100
93053,1,100
93054,1,100
93065,1,100
93065,1,100
93067,1,100
93082,1,100
93093,1,100
93132,1,100
93156,1,100
93163,1,100
93165,1,100
93165,1,100
93173,1,100
93179,1,100
93185,1,100
93202,1,100
93202,1,100
93207,1,100
93212,1,100
93238,1,100
93240,1,100
93263,1,100
93268,1,100
93292,1,100
93302,1,100
93315,1,100
93331,1,100
93334,1,100
93345,1,100
93357,1,100
93363,1,100
93378,1,100
93383,1,100
93384,1,100
93392,1,100
93401,1,100
93404,1,100
93404,1,100
93441,1,100
93444,1,100
93455,1,100
93455,1,100
93466,1,100
93506,1,100
93526,1,100
93534,1,100
93545,1,100
93574,1,100
93581,1,100
93601,1,100
93623,1,100
93624,1,100
93627,1,100
93627,1,100
93637,1,100
93667,1,100
93712,1,100
93739,1,100
93739,1,100
93754,1,100
93777,1,100
93784,1,100
94007,1,100
94033,1,100
94047,1,100
94064,1,100
94118,1,100
94122,1,100
94138,1,100
94153,1,100
94171,1,100
94185,1,100
94187,1,100
94225,1,100
94305,1,100
94308,1,100
94312,1,100
94355,1,100
94396,1,100
94397,1,100
94413,1,100
94413,1,100
94437,1,100
94438,1,100
94439,1,100
94442,1,100
94451,1,100
94494,1,100
94496,1,100
94503,1,100
94506,1,100
94522,1,100
94546,1,100
94549,1,100
94553,1,100
94557,1,100
94564,1,100
94574,1,100
94588,1,100
94589,1,100
94618,1,100
94638,1,100
94662,1,100
94675,1,100
94698,1,100
94713,1,100
94737,1,100
94753,1,100
94756,1,100
94767,1,100
94778,1,100
94786,1,100
94794,1,100
94803,1,100
94817,1,100
94822,1,100
94839,1,100
94874,1,100
94897,1,100
94913,1,100
94918,1,100
94949,1,100
94960,1,100
95015,1,100
95019,1,100
95021,1,100
95024,1,100
95024,1,100
95040,1,100
95046,1,100
95057,1,100
95059,1,100
95084,1,100
95092,1,100
95105,1,100
95120,1,100
95130,1,100
95146,1,100
95185,1,100
95194,1,100
95213,1,100
95220,1,100
95234,1,100
95236,1,100
95242,1,100
95290,1,100
95290,1,100
95334,1,100
95397,1,100
95412,1,100
95418,1,100
95423,1,100
95432,1,100
95437,1,100
95446,1,100
95457,1,100
95485,1,100
95510,1,100
95515,1,100
95522,1,100
95550,1,100
95565,1,100
95572,1,100
95574,1,100
95577,1,100
95592,1,100
95596,1,100
95603,1,100
95623,1,100
95624,1,100
95654,1,100
95659,1,100
95665,1,100
95670,1,100
95720,1,100
95725,1,100
95728,1,100
95731,1,100
95732,1,100
95734,1,100
95738,1,100
95741,1,100
95749,1,100
95764,1,100
95766,1,100
95852,1,100
95855,1,100
95907,1,100
95909,1,100
95938,1,100
95943,1,100
95951,1,100
96005,1,100
96010,1,100
96037,1,100
96048,1,100
96049,1,100
96052,1,100
96057,1,100
96085,1,100
96092,1,100
96096,1,100
96097,1,100
96111,1,100
96129,1,100
96161,1,100
96192,1,100
96195,1,100
96198,1,100
96202,1,100
96203,1,100
96234,1,100
96244,1,100
96255,1,100
96259,1,100
96283,1,100
96286,1,100
96296,1,100
96297,1,100
96321,1,100
96342,1,100
96345,1,100
96351,1,100
96355,1,100
96391,1,100
96402,1,100
96419,1,100
96429,1,100
96435,1,100
96498,1,100
96500,1,100
96510,1,100
96609,1,100
96622,1,100
96665,1,100
96667,1,100
96692,1,100
96698,1,100
96700,1,100
96707,1,100
96719,1,100
96726,1,100
96748,1,100
96817,1,100
96827,1,100
96832,1,100
96833,1,100
96839,1,100
96840,1,100
96844,1,100
96865,1,100
96875,1,100
96917,1,100
97011,1,100
97014,1,100
97028,1,100
97035,1,100
97104,1,100
97111,1,100
97121,1,100
97127,1,100
97138,1,100
97155,1,100
97205,1,100
97232,1,100
97259,1,100
97273,1,100
97279,1,100
97279,1,100
97292,1,100
97303,1,100
97309,1,100
97312,1,100
97332,1,100
97335,1,100
97346,1,100
97350,1,100
97371,1,100
97372,1,100
97378,1,100
97420,1,100
97428,1,100
97437,1,100
97442,1,100
97457,1,100
97460,1,100
97464,1,100
97471,1,100
97474,1,100
97475,1,100
97487,1,100
97498,1,100
97501,1,100
97549,1,100
97560,1,100
97562,1,100
97564,1,100
97594,1,100
97613,1,100
97614,1,100
97633,1,100
97642,1,100
97653,1,100
97712,1,100
97726,1,100
97735,1,100
97748,1,100
97751,1,100
97774,1,100
97788,1,100
97803,1,100
97840,1,100
97874,1,100
97943,1,100
98001,1,100
98046,1,100
98050,1,100
98055,1,100
98075,1,100
98081,1,100
98091,1,100
98105,1,100
98116,1,100
98136,1,100
98163,1,100
98166,1,100
98168,1,100
98178,1,100
98183,1,100
98185,1,100
98208,1,100
98210,1,100
98253,1,100
98269,1,100
98283,1,100
98294,1,100
98338,1,100
98368,1,100
98379,1,100
98392,1,100
98398,1,100
98416,1,100
98418,1,100
98454,1,100
98456,1,100
98467,1,100
98474,1,100
98481,1,100
98519,1,100
98543,1,100
98564,1,100
98578,1,100
98597,1,100
98599,1,100
98634,1,100
98646,1,100
98649,1,100
98710,1,100
98720,1,100
98744,1,100
98797,1,100
98802,1,100
98810,1,100
98815,1,100
98820,1,100
98829,1,100
98838,1,100
98858,1,100
98871,1,100
98876,1,100
98910,1,100
98919,1,100
98924,1,100
98926,1,100
98928,1,100
99007,1,100
99014,1,100
99025,1,100
99035,1,100
99096,1,100
99125,1,100
99144,1,100
99179,1,100
99179,1,100
99214,1,100
99222,1,100
99240,1,100
99295,1,100
99296,1,100
99312,1,100
99314,1,100
99331,1,100
99370,1,100
99403,1,100
99440,1,100
99457,1,100
99466,1,100
99507,1,100
99513,1,100
99522,1,100
99568,1,100
99577,1,100
99589,1,100
99597,1,100
99627,1,100
99640,1,100
99661,1,100
99666,1,100
99673,1,100
99679,1,100
99686,1,100
99696,1,100
99710,1,100
99721,1,100
99726,1,100
99743,1,100
99770,1,100
99775,1,100
99781,1,100
99785,1,100
99792,1,100
99820,1,100
99832,1,100
99857,1,100
99862,1,100
99902,1,100
99917,1,100
99940,1,100
99940,1,100
99941,1,100
99953,1,100
100009,1,100
100019,1,100
100048,1,100
100061,1,100
100078,1,100
100101,1,100
100113,1,100
100128,1,100
100129,1,100
100140,1,100
100164,1,100
100172,1,100
100205,1,100
100250,1,100
100282,1,100
100292,1,100
100295,1,100
100343,1,100
100344,1,100
100370,1,100
100477,1,100
100480,1,100
100491,1,100
100506,1,100
100514,1,100
100560,1,100
100564,1,100
100602,1,100
100642,1,100
100645,1,100
100649,1,100
100650,1,100
100659,1,100
100667,1,100
100678,1,100
100684,1,100
100699,1,100
100707,1,100
100751,1,100
100760,1,100
100801,1,100
100859,1,100
100883,1,100
100917,1,100
100959,1,100
100965,1,100
101015,1,100
101021,1,100
101023,1,100
101042,1,100
101050,1,100
101051,1,100
101059,1,100
101064,1,100
101068,1,100
101079,1,100
101093,1,100
101109,1,100
101111,1,100
101115,1,100
101124,1,100
101127,1,100
101161,1,100
101180,1,100
101201,1,100
101218,1,100
101220,1,100
101228,1,100
101245,1,100
101254,1,100
101258,1,100
101276,1,100
101291,1,100
101313,1,100
101328,1,100
101346,1,100
101357,1,100
101361,1,100
101363,1,100
101368,1,100
101397,1,100
101398,1,100
101404,1,100
101405,1,100
101417,1,100
101424,1,100
101449,1,100
101460,1,100
101477,1,100
101479,1,100
101495,1,100
101537,1,100
101544,1,100
101553,1,100
101581,1,100
101593,1,100
101600,1,100
101627,1,100
101631,1,100
101645,1,100
101664,1,100
101716,1,100
101724,1,100
101744,1,100
101781,1,100
101826,1,100
101848,1,100
101882,1,100
101893,1,100
101901,1,100
101976,1,100
102005,1,100
102029,1,100
102030,1,100
102047,1,100
102051,1,100
102060,1,100
102060,1,100
102070,1,100
102077,1,100
102084,1,100
102087,1,100
102091,1,100
102092,1,100
102096,1,100
102134,1,100
102139,1,100
102148,1,100
102168,1,100
102172,1,100
102178,1,100
102183,1,100
102185,1,100
102191,1,100
102221,1,100
102239,1,100
102252,1,100
102257,1,100
102260,1,100
102264,1,100
102272,1,100
102289,1,100
102290,1,100
102294,1,100
102357,1,100
102363,1,100
102369,1,100
102467,1,100
102646,1,100
102649,1,100
102703,1,100
102722,1,100
102741,1,100
102746,1,100
102759,1,100
102760,1,100
102778,1,100
102783,1,100
102812,1,100
102815,1,100
102824,1,100
102825,1,100
102836,1,100
102852,1,100
102906,1,100
102918,1,100
102924,1,100
102953,1,100
102978,1,100
102989,1,100
102993,1,100
103014,1,100
103058,1,100
103076,1,100
103112,1,100
103177,1,100
103178,1,100
103229,1,100
103273,1,100
103287,1,100
103300,1,100
103306,1,100
103321,1,100
103329,1,100
103348,1,100
103354,1,100
103363,1,100
103403,1,100
103421,1,100
103463,1,100
103466,1,100
103469,1,100
103487,1,100
103488,1,100
103488,1,100
103521,1,100
103548,1,100
103575,1,100
103584,1,100
103628,1,100
103659,1,100
103664,1,100
103717,1,100
103722,1,100
103728,1,100
103732,1,100
103742,1,100
103766,1,100
103773,1,100
103776,1,100
103815,1,100
103823,1,100
103844,1,100
103859,1,100
103869,1,100
103895,1,100
103911,1,100
103936,1,100
103949,1,100
103958,1,100
103985,1,100
104001,1,100
104011,1,100
104012,1,100
104013,1,100
104016,1,100
104019,1,100
104023,1,100
104029,1,100
104032,1,100
104039,1,100
104041,1,100
104070,1,100
104076,1,100
104077,1,100
104080,1,100
104094,1,100
104102,1,100
104127,1,100
104147,1,100
104150,1,100
104167,1,100
104168,1,100
104178,1,100
104202,1,100
104232,1,100
104264,1,100
104289,1,100
104358,1,100
104358,1,100
104377,1,100
104402,1,100
104403,1,100
104407,1,100
104411,1,100
104442,1,100
104449,1,100
104458,1,100
104477,1,100
104490,1,100
104521,1,100
104537,1,100
104566,1,100
104620,1,100
104621,1,100
104635,1,100
104643,1,100
104657,1,100
104660,1,100
104665,1,100
104670,1,100
104691,1,100
104700,1,100
104714,1,100
104722,1,100
104732,1,100
104735,1,100
104742,1,100
104750,1,100
104761,1,100
104786,1,100
104790,1,100
104790,1,100
104805,1,100
104813,1,100
104831,1,100
104841,1,100
104845,1,100
104874,1,100
104875,1,100
104884,1,100
104888,1,100
104913,1,100
105002,1,100
105031,1,100
105066,1,100
105074,1,100
105075,1,100
105075,1,100
105080,1,100
105085,1,100
105188,1,100
105208,1,100
105220,1,100
105253,1,100
105284,1,100
105312,1,100
105356,1,100
105389,1,100
105390,1,100
105412,1,100
105419,1,100
105431,1,100
105475,1,100
105484,1,100
105488,1,100
105528,1,100
105531,1,100
105554,1,100
105566,1,100
105573,1,100
105581,1,100
105623,1,100
105644,1,100
105645,1,100
105666,1,100
105675,1,100
105682,1,100
105690,1,100
105690,1,100
105702,1,100
105746,1,100
105786,1,100
105803,1,100
105807,1,100
105810,1,100
105815,1,100
105822,1,100
105836,1,100
105887,1,100
105902,1,100
105911,1,100
105914,1,100
105919,1,100
106013,1,100
106095,1,100
106114,1,100
106166,1,100
106172,1,100
106175,1,100
106180,1,100
106205,1,100
106213,1,100
106213,1,100
106225,1,100
106235,1,100
106236,1,100
106248,1,100
106275,1,100
106291,1,100
106304,1,100
106306,1,100
106352,1,100
106405,1,100
106424,1,100
106445,1,100
106447,1,100
106458,1,100
106461,1,100
106477,1,100
106480,1,100
106483,1,100
106501,1,100
106505,1,100
106512,1,100
106532,1,100
106535,1,100
106543,1,100
106572,1,100
106604,1,100
106610,1,100
106618,1,100
106631,1,100
106645,1,100
106679,1,100
106712,1,100
106717,1,100
106718,1,100
106729,1,100
106778,1,100
106804,1,100
106806,1,100
106812,1,100
107033,1,100
107039,1,100
107051,1,100
107053,1,100
107072,1,100
107104,1,100
107130,1,100
107226,1,100
107304,1,100
107309,1,100
107328,1,100
107330,1,100
107335,1,100
107336,1,100
107394,1,100
107409,1,100
107444,1,100
107470,1,100
107471,1,100
107504,1,100
107517,1,100
107528,1,100
107539,1,100
107541,1,100
107565,1,100
107652,1,100
107664,1,100
107682,1,100
107704,1,100
107706,1,100
107766,1,100
107835,1,100
107857,1,100
107887,1,100
107899,1,100
107919,1,100
107940,1,100
107971,1,100
107983,1,100
107986,1,100
107989,1,100
108008,1,100
108013,1,100
108015,1,100
108029,1,100
108034,1,100
108051,1,100
108096,1,100
108153,1,100
108156,1,100
108166,1,100
108170,1,100
108187,1,100
108191,1,100
108192,1,100
108223,1,100
108239,1,100
108292,1,100
108299,1,100
108302,1,100
108307,1,100
108342,1,100
108343,1,100
108347,1,100
108369,1,100
108398,1,100
108406,1,100
108443,1,100
108458,1,100
108486,1,100
108511,1,100
108592,1,100
108600,1,100
108602,1,100
108625,1,100
108632,1,100
108656,1,100
108658,1,100
108706,1,100
108706,1,100
108760,1,100
108781,1,100
108810,1,100
108810,1,100
108825,1,100
108841,1,100
108844,1,100
108847,1,100
108863,1,100
108912,1,100
109017,1,100
109037,1,100
109039,1,100
109041,1,100
109070,1,100
109075,1,100
109082,1,100
109082,1,100
109093,1,100
109098,1,100
109136,1,100
109153,1,100
109156,1,100
109195,1,100
109247,1,100
109249,1,100
109262,1,100
109270,1,100
109271,1,100
109276,1,100
109305,1,100
109312,1,100
109332,1,100
109337,1,100
109350,1,100
109350,1,100
109371,1,100
109390,1,100
109400,1,100
109412,1,100
109496,1,100
109567,1,100
109569,1,100
109577,1,100
109577,1,100
109601,1,100
109606,1,100
109618,1,100
109641,1,100
109660,1,100
109681,1,100
109688,1,100
109720,1,100
109741,1,100
109764,1,100
109764,1,100
109767,1,100
109768,1,100
110021,1,100
110064,1,100
110070,1,100
110124,1,100
110124,1,100
110125,1,100
110178,1,100
110196,1,100
110295,1,100
110299,1,100
110318,1,100
110328,1,100
110383,1,100
110423,1,100
110474,1,100
110482,1,100
110484,1,100
110536,1,100
110548,1,100
110569,1,100
110598,1,100
110643,1,100
110670,1,100
110705,1,100
110738,1,100
110742,1,100
110748,1,100
110751,1,100
110801,1,100
110802,1,100
110823,1,100
110849,1,100
110876,1,100
110878,1,100
110881,1,100
110912,1,100
110934,1,100
110940,1,100
110942,1,100
110947,1,100
110970,1,100
110974,1,100
110981,1,100
110995,1,100
111016,1,100
111017,1,100
111020,1,100
111039,1,100
111041,1,100
111052,1,100
111055,1,100
111064,1,100
111071,1,100
111138,1,100
111152,1,100
111167,1,100
111172,1,100
111175,1,100
111187,1,100
111211,1,100
111229,1,100
111237,1,100
111249,1,100
111318,1,100
111330,1,100
111333,1,100
111359,1,100
111399,1,100
111404,1,100
111411,1,100
111476,1,100
111478,1,100
111493,1,100
111572,1,100
111591,1,100
111623,1,100
111624,1,100
111646,1,100
111652,1,100
111677,1,100
111683,1,100
111685,1,100
111706,1,100
111717,1,100
111760,1,100
111786,1,100
111805,1,100
111814,1,100
111821,1,100
111826,1,100
111837,1,100
111843,1,100
111869,1,100
111872,1,100
111890,1,100
111912,1,100
111947,1,100
112021,1,100
112021,1,100
112057,1,100
112095,1,100
112115,1,100
112125,1,100
112154,1,100
112187,1,100
112220,1,100
112282,1,100
112289,1,100
112301,1,100
112333,1,100
112348,1,100
112383,1,100
112394,1,100
112419,1,100
112465,1,100
112484,1,100
112503,1,100
112544,1,100
112551,1,100
112561,1,100
112577,1,100
112583,1,100
112591,1,100
112603,1,100
112636,1,100
112688,1,100
112712,1,100
112753,1,100
112800,1,100
112814,1,100
112858,1,100
112875,1,100
112915,1,100
112918,1,100
112981,1,100
113002,1,100
113006,1,100
113011,1,100
113014,1,100
113028,1,100
113030,1,100
113057,1,100
113063,1,100
113067,1,100
113086,1,100
113116,1,100
113123,1,100
113151,1,100
113170,1,100
113192,1,100
113198,1,100
113200,1,100
113211,1,100
113212,1,100
113255,1,100
113262,1,100
113264,1,100
113273,1,100
113283,1,100
113358,1,100
113405,1,100
113468,1,100
113478,1,100
113506,1,100
113511,1,100
113593,1,100
113631,1,100
113664,1,100
113672,1,100
113679,1,100
113747,1,100
113751,1,100
113778,1,100
113809,1,100
113843,1,100
113887,1,100
113909,1,100
113913,1,100
113917,1,100
113939,1,100
113947,1,100
113974,1,100
114011,1,100
114021,1,100
114024,1,100
114035,1,100
114078,1,100
114090,1,100
114098,1,100
114143,1,100
114178,1,100
114227,1,100
114253,1,100
114265,1,100
114271,1,100
114320,1,100
114327,1,100
114335,1,100
114366,1,100
114386,1,100
114397,1,100
114402,1,100
114435,1,100
114455,1,100
114470,1,100
114519,1,100
114522,1,100
114555,1,100
114575,1,100
114578,1,100
114633,1,100
114828,1,100
114888,1,100
114902,1,100
114910,1,100
114913,1,100
114917,1,100
114949,1,100
114950,1,100
114980,1,100
115006,1,100
115015,1,100
115018,1,100
115046,1,100
115098,1,100
115187,1,100
115193,1,100
115236,1,100
115273,1,100
115294,1,100
115298,1,100
115299,1,100
115319,1,100
115330,1,100
115336,1,100
115341,1,100
115378,1,100
115400,1,100
115403,1,100
115418,1,100
115441,1,100
115450,1,100
115455,1,100
115475,1,100
115512,1,100
115564,1,100
115601,1,100
115708,1,100
115742,1,100
115786,1,100
115798,1,100
115885,1,100
115950,1,100
115953,1,100
115970,1,100
116004,1,100
116013,1,100
116024,1,100
116024,1,100
116039,1,100
116058,1,100
116076,1,100
116089,1,100
116096,1,100
116096,1,100
116118,1,100
116123,1,100
116150,1,100
116155,1,100
116170,1,100
116179,1,100
116184,1,100
116187,1,100
116194,1,100
116218,1,100
116236,1,100
116237,1,100
116244,1,100
116254,1,100
116264,1,100
116270,1,100
116293,1,100
116313,1,100
116317,1,100
116406,1,100
116412,1,100
116418,1,100
116435,1,100
116449,1,100
116454,1,100
116459,1,100
116460,1,100
116470,1,100
116645,1,100
116652,1,100
116693,1,100
116698,1,100
116730,1,100
116748,1,100
116773,1,100
116823,1,100
116827,1,100
116830,1,100
116848,1,100
116859,1,100
116863,1,100
116863,1,100
116887,1,100
116890,1,100
116936,1,100
116989,1,100
117002,1,100
117008,1,100
117030,1,100
117049,1,100
117061,1,100
117065,1,100
117109,1,100
117137,1,100
117228,1,100
117260,1,100
117284,1,100
117285,1,100
117335,1,100
117368,1,100
117410,1,100
117412,1,100
117424,1,100
117504,1,100
117523,1,100
117524,1,100
117591,1,100
117623,1,100
117629,1,100
117636,1,100
117665,1,100
117712,1,100
117758,1,100
117804,1,100
117888,1,100
117927,1,100
117989,1,100
117998,1,100
118035,1,100
118053,1,100
118080,1,100
118105,1,100
118110,1,100
118132,1,100
118141,1,100
118184,1,100
118212,1,100
118220,1,100
118240,1,100
118242,1,100
118247,1,100
118250,1,100
118266,1,100
118299,1,100
118301,1,100
118316,1,100
118324,1,100
118325,1,100
118359,1,100
118375,1,100
118519,1,100
118525,1,100
118562,1,100
118595,1,100
118631,1,100
118666,1,100
118668,1,100
118864,1,100
118886,1,100
118908,1,100
118914,1,100
118926,1,100
118945,1,100
119012,1,100
119018,1,100
119019,1,100
119032,1,100
119033,1,100
119073,1,100
119075,1,100
119099,1,100
119108,1,100
119151,1,100
119163,1,100
119190,1,100
119233,1,100
119271,1,100
119276,1,100
119298,1,100
119303,1,100
119335,1,100
119370,1,100
119371,1,100
119391,1,100
119439,1,100
119456,1,100
119505,1,100
119562,1,100
119613,1,100
119680,1,100
119685,1,100
119766,1,100
119810,1,100
119841,1,100
119859,1,100
119864,1,100
119875,1,100
119881,1,100
120025,1,100
120042,1,100
120046,1,100
120052,1,100
120061,1,100
120100,1,100
120127,1,100
120166,1,100
120198,1,100
120204,1,100
120207,1,100
120219,1,100
120250,1,100
120261,1,100
120274,1,100
120314,1,100
120320,1,100
120393,1,100
120538,1,100
120678,1,100
120696,1,100
120723,1,100
120733,1,100
120751,1,100
120771,1,100
120792,1,100
120797,1,100
120816,1,100
120823,1,100
120834,1,100
120854,1,100
120855,1,100
120880,1,100
120902,1,100
121052,1,100
121058,1,100
121148,1,100
121160,1,100
121238,1,100
121259,1,100
121271,1,100
121399,1,100
121431,1,100
121449,1,100
121466,1,100
121474,1,100
121478,1,100
121482,1,100
121483,1,100
121490,1,100
121560,1,100
121561,1,100
121564,1,100
121583,1,100
121594,1,100
121618,1,100
121626,1,100
121713,1,100
121751,1,100
121796,1,100
121843,1,100
121847,1,100
121853,1,100
121873,1,100
122049,1,100
122066,1,100
122066,1,100
122129,1,100
122149,1,100
122187,1,100
122200,1,100
122211,1,100
122228,1,100
122277,1,100
122323,1,100
122330,1,100
122371,1,100
122410,1,100
122426,1,100
122436,1,100
122474,1,100
122479,1,100
122524,1,100
122615,1,100
122646,1,100
122895,1,100
122910,1,100
122936,1,100
122946,1,100
122959,1,100
122993,1,100
122996,1,100
122998,1,100
123024,1,100
123031,1,100
123155,1,100
123166,1,100
123166,1,100
123205,1,100
123255,1,100
123262,1,100
123276,1,100
123291,1,100
123336,1,100
123338,1,100
123351,1,100
123388,1,100
123408,1,100
123447,1,100
123457,1,100
123478,1,100
123479,1,100
123517,1,100
123533,1,100
123555,1,100
123615,1,100
123630,1,100
123632,1,100
123695,1,100
123700,1,100
123720,1,100
123733,1,100
123794,1,100
123846,1,100
123856,1,100
123931,1,100
124021,1,100
124108,1,100
124121,1,100
124216,1,100
124218,1,100
124293,1,100
124296,1,100
124303,1,100
124324,1,100
124356,1,100
124379,1,100
124430,1,100
124590,1,100
124627,1,100
124651,1,100
124693,1,100
124747,1,100
124755,1,100
124801,1,100
124814,1,100
124849,1,100
124984,1,100
125016,1,100
125100,1,100
125117,1,100
125131,1,100
125133,1,100
125151,1,100
125153,1,100
125154,1,100
125192,1,100
125207,1,100
125225,1,100
125247,1,100
125248,1,100
125272,1,100
125283,1,100
125318,1,100
125396,1,100
125412,1,100
125419,1,100
125541,1,100
125561,1,100
125566,1,100
125569,1,100
125584,1,100
125604,1,100
125609,1,100
125664,1,100
125665,1,100
125665,1,100
125671,1,100
125709,1,100
125719,1,100
125724,1,100
125741,1,100
125808,1,100
126033,1,100
126035,1,100
126092,1,100
126116,1,100
126180,1,100
126192,1,100
126196,1,100
126238,1,100
126301,1,100
126314,1,100
126355,1,100
126360,1,100
126367,1,100
126395,1,100
126425,1,100
126431,1,100
126474,1,100
126509,1,100
126626,1,100
126641,1,100
126651,1,100
126747,1,100
126807,1,100
126891,1,100
126923,1,100
126970,1,100
126987,1,100
126996,1,100
127001,1,100
127004,1,100
127046,1,100
127142,1,100
127187,1,100
127229,1,100
127235,1,100
127343,1,100
127373,1,100
127386,1,100
127388,1,100
127444,1,100
127472,1,100
127483,1,100
127539,1,100
127572,1,100
127580,1,100
127594,1,100
127649,1,100
127687,1,100
127719,1,100
127733,1,100
127758,1,100
127769,1,100
127786,1,100
127898,1,100
127909,1,100
128014,1,100
128029,1,100
128041,1,100
128058,1,100
128121,1,100
128214,1,100
128223,1,100
128275,1,100
128279,1,100
128303,1,100
128340,1,100
128383,1,100
128420,1,100
128513,1,100
128548,1,100
128558,1,100
128570,1,100
128625,1,100
128631,1,100
128656,1,100
128713,1,100
128773,1,100
128819,1,100
128822,1,100
128861,1,100
128907,1,100
128908,1,100
128927,1,100
128959,1,100
128965,1,100
129003,1,100
129008,1,100
129013,1,100
129015,1,100
129023,1,100
129038,1,100
129097,1,100
129117,1,100
129170,1,100
129182,1,100
129187,1,100
129227,1,100
129264,1,100
129281,1,100
129288,1,100
129324,1,100
129353,1,100
129397,1,100
129433,1,100
129488,1,100
129725,1,100
129737,1,100
129748,1,100
129775,1,100
129777,1,100
129834,1,100
129901,1,100
129917,1,100
130016,1,100
130060,1,100
130104,1,100
130112,1,100
130190,1,100
130235,1,100
130242,1,100
130274,1,100
130284,1,100
130321,1,100
130363,1,100
130393,1,100
130423,1,100
130455,1,100
130549,1,100
130598,1,100
130642,1,100
130679,1,100
130754,1,100
130777,1,100
130822,1,100
130872,1,100
130923,1,100
130926,1,100
131153,1,100
131289,1,100
131300,1,100
131400,1,100
131409,1,100
131432,1,100
131494,1,100
131551,1,100
131641,1,100
131711,1,100
131716,1,100
131723,1,100
131755,1,100
131773,1,100
131809,1,100
131972,1,100
132034,1,100
132094,1,100
132124,1,100
132128,1,100
132187,1,100
132190,1,100
132234,1,100
132309,1,100
132374,1,100
132424,1,100
132436,1,100
132450,1,100
132535,1,100
132617,1,100
132641,1,100
132673,1,100
132735,1,100
132765,1,100
132957,1,100
133054,1,100
133081,1,100
133082,1,100
133143,1,100
133180,1,100
133226,1,100
133249,1,100
133271,1,100
133356,1,100
133422,1,100
133488,1,100
133551,1,100
133577,1,100
133594,1,100
133600,1,100
133672,1,100
133808,1,100
133851,1,100
133902,1,100
134026,1,100
134047,1,100
134053,1,100
134065,1,100
134121,1,100
134127,1,100
134133,1,100
134240,1,100
134256,1,100
134257,1,100
134285,1,100
134313,1,100
134388,1,100
134428,1,100
134489,1,100
134501,1,100
134531,1,100
134601,1,100
134617,1,100
134629,1,100
134641,1,100
134755,1,100
134839,1,100
134865,1,100
135035,1,100
135184,1,100
135234,1,100
135312,1,100
135338,1,100
135413,1,100
135423,1,100
135497,1,100
135498,1,100
135525,1,100
135646,1,100
135649,1,100
135723,1,100
135738,1,100
135820,1,100
135901,1,100
136005,1,100
136074,1,100
136112,1,100
136114,1,100
136154,1,100
136163,1,100
136218,1,100
136235,1,100
136253,1,100
136270,1,100
136285,1,100
136714,1,100
136788,1,100
136834,1,100
136877,1,100
137000,1,100
137098,1,100
137120,1,100
137161,1,100
137255,1,100
137263,1,100
137273,1,100
137370,1,100
137375,1,100
137408,1,100
137420,1,100
137454,1,100
137461,1,100
137533,1,100
137539,1,100
137645,1,100
137758,1,100
138045,1,100
138047,1,100
138049,1,100
138051,1,100
138076,1,100
138076,1,100
138152,1,100
138208,1,100
138226,1,100
138294,1,100
138297,1,100
138307,1,100
138308,1,100
138318,1,100
138327,1,100
138401,1,100
138410,1,100
138481,1,100
138489,1,100
138490,1,100
138509,1,100
138659,1,100
138707,1,100
138882,1,100
138915,1,100
139009,1,100
139035,1,100
139044,1,100
139045,1,100
139073,1,100
139158,1,100
139168,1,100
139268,1,100
139613,1,100
139629,1,100
139736,1,100
139741,1,100
139757,1,100
139845,1,100
139885,1,100
139916,1,100
139980,1,100
140004,1,100
140183,1,100
140200,1,100
140345,1,100
140538,1,100
140585,1,100
140606,1,100
140618,1,100
140645,1,100
140740,1,100
140781,1,100
140790,1,100
140794,1,100
140926,1,100
140942,1,100
140943,1,100
140991,1,100
140995,1,100
141000,1,100
141077,1,100
141084,1,100
141090,1,100
141095,1,100
141136,1,100
141151,1,100
141155,1,100
141163,1,100
141195,1,100
141224,1,100
141269,1,100
141478,1,100
141493,1,100
141515,1,100
141532,1,100
141560,1,100
141593,1,100
141645,1,100
142037,1,100
142053,1,100
142111,1,100
142151,1,100
142230,1,100
142252,1,100
142257,1,100
142331,1,100
142382,1,100
142396,1,100
142423,1,100
142465,1,100
143039,1,100
143261,1,100
143336,1,100
143535,1,100
143552,1,100
143576,1,100
143725,1,100
143764,1,100
143783,1,100
143795,1,100
143940,1,100
143983,1,100
144092,1,100
144193,1,100
144273,1,100
144302,1,100
144314,1,100
144316,1,100
144317,1,100
144323,1,100
144339,1,100
144363,1,100
144485,1,100
144515,1,100
144575,1,100
144614,1,100
144851,1,100
144993,1,100
145160,1,100
145163,1,100
145411,1,100
145447,1,100
145474,1,100
145552,1,100
145576,1,100
145652,1,100
145659,1,100
145671,1,100
145782,1,100
145818,1,100
145880,1,100
145905,1,100
146059,1,100
146101,1,100
146103,1,100
146103,1,100
146160,1,100
146238,1,100
146367,1,100
146452,1,100
146474,1,100
146494,1,100
146557,1,100
147158,1,100
147170,1,100
147183,1,100
147210,1,100
147273,1,100
147408,1,100
147590,1,100
147652,1,100
147671,1,100
147672,1,100
147715,1,100
147743,1,100
147764,1,100
147803,1,100
147803,1,100
147804,1,100
148012,1,100
148037,1,100
148109,1,100
148337,1,100
148398,1,100
148488,1,100
148741,1,100
148933,1,100
149012,1,100
149058,1,100
149078,1,100
149234,1,100
149303,1,100
149400,1,100
149435,1,100
149543,1,100
149647,1,100
149954,1,100
149967,1,100
150127,1,100
150158,1,100
150292,1,100
150419,1,100
150641,1,100
150694,1,100
150731,1,100
150778,1,100
150840,1,100
150927,1,100
151067,1,100
151087,1,100
151127,1,100
151557,1,100
151759,1,100
151874,1,100
151901,1,100
151922,1,100
152008,1,100
152047,1,100
152051,1,100
152150,1,100
152202,1,100
152257,1,100
152313,1,100
152340,1,100
152480,1,100
152507,1,100
152544,1,100
152581,1,100
152585,1,100
152602,1,100
152627,1,100
152680,1,100
152716,1,100
152731,1,100
152733,1,100
153006,1,100
153014,1,100
153017,1,100
153073,1,100
153400,1,100
153487,1,100
153639,1,100
153804,1,100
153852,1,100
153868,1,100
153953,1,100
154020,1,100
154102,1,100
154207,1,100
154389,1,100
154394,1,100
154483,1,100
154555,1,100
154585,1,100
155065,1,100
155101,1,100
155112,1,100
155163,1,100
155234,1,100
155285,1,100
155304,1,100
155374,1,100
155392,1,100
155432,1,100
155581,1,100
155609,1,100
155781,1,100
155907,1,100
156130,1,100
156136,1,100
156548,1,100
156661,1,100
156838,1,100
156886,1,100
157013,1,100
157062,1,100
157391,1,100
157473,1,100
157530,1,100
157651,1,100
157819,1,100
158098,1,100
158108,1,100
158131,1,100
158268,1,100
158276,1,100
158306,1,100
158343,1,100
158458,1,100
158575,1,100
158934,1,100
158979,1,100
159020,1,100
159042,1,100
159076,1,100
159225,1,100
159267,1,100
159324,1,100
159334,1,100
159396,1,100
159503,1,100
159557,1,100
159586,1,100
159674,1,100
159738,1,100
159840,1,100
159842,1,100
159845,1,100
159923,1,100
159936,1,100
159980,1,100
160069,1,100
160100,1,100
160165,1,100
160740,1,100
161086,1,100
161088,1,100
161112,1,100
161679,1,100
161826,1,100
161956,1,100
162015,1,100
162024,1,100
162048,1,100
162218,1,100
162369,1,100
163137,1,100
163186,1,100
163234,1,100
163269,1,100
163410,1,100
163823,1,100
164020,1,100
164184,1,100
164200,1,100
164223,1,100
164293,1,100
164323,1,100
164332,1,100
164389,1,100
164414,1,100
164479,1,100
164500,1,100
164554,1,100
164643,1,100
164653,1,100
164668,1,100
164793,1,100
164834,1,100
164864,1,100
164902,1,100
164909,1,100
165000,1,100
165029,1,100
165062,1,100
165074,1,100
165167,1,100
165272,1,100
165283,1,100
165391,1,100
165398,1,100
165424,1,100
165444,1,100
165529,1,100
165532,1,100
166126,1,100
166473,1,100
166542,1,100
166589,1,100
166749,1,100
166818,1,100
166876,1,100
166882,1,100
166926,1,100
167005,1,100
167103,1,100
167165,1,100
167210,1,100
167222,1,100
167403,1,100
167411,1,100
167421,1,100
167518,1,100
167521,1,100
167555,1,100
167660,1,100
167683,1,100
168087,1,100
168245,1,100
168955,1,100
169420,1,100
169563,1,100
169596,1,100
169598,1,100
169654,1,100
169668,1,100
169669,1,100
169840,1,100
169843,1,100
169887,1,100
169887,1,100
169908,1,100
170151,1,100
170197,1,100
170438,1,100
170564,1,100
170586,1,100
170630,1,100
170636,1,100
171163,1,100
171165,1,100
171294,1,100
171327,1,100
171345,1,100
171352,1,100
171386,1,100
171423,1,100
171479,1,100
171487,1,100
171588,1,100
172153,1,100
172376,1,100
172421,1,100
172886,1,100
172914,1,100
172988,1,100
173408,1,100
173418,1,100
173559,1,100
173677,1,100
173697,1,100
174089,1,100
174138,1,100
174340,1,100
174353,1,100
174383,1,100
174491,1,100
174711,1,100
175293,1,100
175405,1,100
175660,1,100
175934,1,100
176029,1,100
176064,1,100
176095,1,100
176116,1,100
176142,1,100
176146,1,100
176186,1,100
176187,1,100
176255,1,100
176270,1,100
176307,1,100
176321,1,100
176342,1,100
176363,1,100
176393,1,100
176404,1,100
176434,1,100
176450,1,100
176500,1,100
176511,1,100
176526,1,100
176551,1,100
176644,1,100
176665,1,100
176674,1,100
177004,1,100
177018,1,100
177095,1,100
177166,1,100
177184,1,100
177308,1,100
177358,1,100
177367,1,100
177396,1,100
177423,1,100
177648,1,100
177671,1,100
177692,1,100
178032,1,100
178059,1,100
178150,1,100
178321,1,100
178387,1,100
178400,1,100
178683,1,100
178985,1,100
179013,1,100
179030,1,100
179082,1,100
179165,1,100
179311,1,100
179433,1,100
179494,1,100
179536,1,100
179617,1,100
179669,1,100
179788,1,100
180068,1,100
180124,1,100
180279,1,100
180464,1,100
180544,1,100
181134,1,100
181510,1,100
181608,1,100
181666,1,100
181668,1,100
181850,1,100
181854,1,100
181862,1,100
182150,1,100
182210,1,100
182269,1,100
182301,1,100
182401,1,100
182485,1,100
182507,1,100
182540,1,100
182687,1,100
182794,1,100
183007,1,100
183120,1,100
183334,1,100
183384,1,100
183406,1,100
183452,1,100
183654,1,100
183702,1,100
183744,1,100
183776,1,100
183854,1,100
183900,1,100
184000,1,100
184120,1,100
184355,1,100
184509,1,100
184557,1,100
184747,1,100
184812,1,100
184949,1,100
184959,1,100
184990,1,100
185010,1,100
185032,1,100
185081,1,100
185152,1,100
185154,1,100
185305,1,100
185385,1,100
186057,1,100
186098,1,100
186283,1,100
186354,1,100
186361,1,100
186370,1,100
186370,1,100
186382,1,100
186395,1,100
186757,1,100
187206,1,100
187480,1,100
187628,1,100
188004,1,100
188060,1,100
188132,1,100
188169,1,100
188173,1,100
188231,1,100
188284,1,100
188317,1,100
188453,1,100
188493,1,100
188501,1,100
188545,1,100
188589,1,100
188592,1,100
188623,1,100
188625,1,100
188653,1,100
188660,1,100
188698,1,100
188739,1,100
188795,1,100
188795,1,100
188798,1,100
188805,1,100
188824,1,100
189088,1,100
189473,1,100
189554,1,100
189576,1,100
189629,1,100
190079,1,100
190084,1,100
190140,1,100
190156,1,100
190203,1,100
190227,1,100
190340,1,100
190375,1,100
190533,1,100
190546,1,100
190615,1,100
190992,1,100
191079,1,100
191086,1,100
191091,1,100
191096,1,100
191116,1,100
191148,1,100
191230,1,100
191267,1,100
191273,1,100
191330,1,100
191376,1,100
191486,1,100
191516,1,100
192153,1,100
192153,1,100
192218,1,100
192507,1,100
192560,1,100
192747,1,100
193012,1,100
193070,1,100
193302,1,100
193339,1,100
193433,1,100
193537,1,100
193943,1,100
194116,1,100
194189,1,100
194306,1,100
194341,1,100
194349,1,100
194367,1,100
194372,1,100
194386,1,100
194493,1,100
194551,1,100
194557,1,100
194571,1,100
194893,1,100
194895,1,100
195019,1,100
195187,1,100
195238,1,100
195394,1,100
195439,1,100
195473,1,100
195600,1,100
195615,1,100
195664,1,100
196073,1,100
196118,1,100
196118,1,100
196169,1,100
196177,1,100
196386,1,100
196527,1,100
196744,1,100
196965,1,100
196975,1,100
197077,1,100
197137,1,100
197376,1,100
197425,1,100
197666,1,100
197865,1,100
198013,1,100
198069,1,100
198127,1,100
198170,1,100
198224,1,100
198228,1,100
198432,1,100
198705,1,100
199110,1,100
199166,1,100
199201,1,100
199398,1,100
199408,1,100
199493,1,100
199600,1,100
200019,1,100
200111,1,100
200117,1,100
200178,1,100
200208,1,100
200242,1,100
200269,1,100
200272,1,100
200276,1,100
200347,1,100
200386,1,100
200405,1,100
200409,1,100
200411,1,100
200421,1,100
200422,1,100
200434,1,100
200448,1,100
200481,1,100
200515,1,100
200592,1,100
200676,1,100
200677,1,100
200731,1,100
200731,1,100
200747,1,100
200750,1,100
200754,1,100
200773,1,100
200789,1,100
200789,1,100
201103,1,100
201105,1,100
201149,1,100
201178,1,100
201278,1,100
201465,1,100
201574,1,100
201590,1,100
201765,1,100
201829,1,100
201879,1,100
202010,1,100
202035,1,100
202114,1,100
202139,1,100
202191,1,100
202442,1,100
202451,1,100
202590,1,100
202774,1,100
202909,1,100
202927,1,100
202992,1,100
203046,1,100
203137,1,100
203156,1,100
203202,1,100
203218,1,100
203228,1,100
203328,1,100
203376,1,100
203382,1,100
203559,1,100
203712,1,100
203734,1,100
203769,1,100
204046,1,100
204049,1,100
204136,1,100
204163,1,100
204342,1,100
204436,1,100
204522,1,100
204874,1,100
204889,1,100
205065,1,100
205065,1,100
205133,1,100
205150,1,100
205167,1,100
205175,1,100
205185,1,100
205243,1,100
205281,1,100
205373,1,100
205482,1,100
205581,1,100
205669,1,100
206056,1,100
206093,1,100
206206,1,100
206388,1,100
206512,1,100
206581,1,100
206628,1,100
206679,1,100
206767,1,100
206860,1,100
206861,1,100
206891,1,100
206979,1,100
207018,1,100
207031,1,100
207106,1,100
207171,1,100
207180,1,100
207183,1,100
207215,1,100
207330,1,100
207340,1,100
207421,1,100
207686,1,100
207759,1,100
207928,1,100
207967,1,100
208083,1,100
208087,1,100
208123,1,100
208589,1,100
208890,1,100
209033,1,100
209325,1,100
209385,1,100
209713,1,100
209732,1,100
209828,1,100
209940,1,100
209964,1,100
210025,1,100
210050,1,100
210242,1,100
210283,1,100
210441,1,100
210467,1,100
210564,1,100
210584,1,100
210705,1,100
210713,1,100
211141,1,100
211220,1,100
211258,1,100
211283,1,100
211321,1,100
211484,1,100
211821,1,100
211914,1,100
212003,1,100
212065,1,100
212096,1,100
212110,1,100
212123,1,100
212125,1,100
212137,1,100
212213,1,100
212246,1,100
212332,1,100
212461,1,100
212505,1,100
212508,1,100
212539,1,100
212553,1,100
212561,1,100
212565,1,100
212570,1,100
212636,1,100
212644,1,100
212678,1,100
212705,1,100
212726,1,100
212745,1,100
212819,1,100
212831,1,100
212841,1,100
212860,1,100
212942,1,100
212951,1,100
212975,1,100
213003,1,100
213092,1,100
213109,1,100
213167,1,100
213168,1,100
213306,1,100
213335,1,100
213420,1,100
213450,1,100
213599,1,100
213737,1,100
213869,1,100
214043,1,100
214089,1,100
214127,1,100
214196,1,100
214291,1,100
214328,1,100
214340,1,100
214409,1,100
214489,1,100
214512,1,100
214523,1,100
214542,1,100
214621,1,100
214666,1,100
214707,1,100
214810,1,100
214923,1,100
215048,1,100
215072,1,100
215088,1,100
215230,1,100
215234,1,100
215313,1,100
215322,1,100
215593,1,100
215642,1,100
215772,1,100
215890,1,100
215990,1,100
216025,1,100
216098,1,100
216130,1,100
216204,1,100
216230,1,100
216288,1,100
216407,1,100
216423,1,100
216447,1,100
216615,1,100
216636,1,100
216644,1,100
216675,1,100
216758,1,100
216791,1,100
216793,1,100
216796,1,100
217166,1,100
217191,1,100
217225,1,100
217250,1,100
217295,1,100
217407,1,100
217409,1,100
217449,1,100
217476,1,100
217487,1,100
217625,1,100
217675,1,100
218002,1,100
218103,1,100
218381,1,100
218539,1,100
218559,1,100
218619,1,100
218628,1,100
218645,1,100
218728,1,100
218734,1,100
218735,1,100
218982,1,100
218989,1,100
219004,1,100
219215,1,100
219229,1,100
219277,1,100
219312,1,100
219321,1,100
219548,1,100
219828,1,100
219849,1,100
219854,1,100
219919,1,100
219956,1,100
219958,1,100
220005,1,100
220015,1,100
220040,1,100
220088,1,100
220114,1,100
220171,1,100
220192,1,100
220308,1,100
220396,1,100
220421,1,100
220423,1,100
220546,1,100
220639,1,100
220659,1,100
220709,1,100
220722,1,100
221021,1,100
221042,1,100
221133,1,100
221186,1,100
221240,1,100
221251,1,100
221337,1,100
221351,1,100
221360,1,100
221363,1,100
221367,1,100
221376,1,100
222089,1,100
222150,1,100
222157,1,100
222286,1,100
222332,1,100
222407,1,100
222457,1,100
222511,1,100
222578,1,100
222674,1,100
222711,1,100
222803,1,100
222901,1,100
223047,1,100
223090,1,100
223111,1,100
223198,1,100
223253,1,100
223260,1,100
223304,1,100
223326,1,100
223519,1,100
223627,1,100
223642,1,100
223711,1,100
223728,1,100
223863,1,100
224025,1,100
224027,1,100
224064,1,100
224070,1,100
224078,1,100
224082,1,100
224116,1,100
224197,1,100
224264,1,100
224276,1,100
224291,1,100
224312,1,100
224346,1,100
224362,1,100
224408,1,100
224414,1,100
224438,1,100
224504,1,100
224518,1,100
224672,1,100
224676,1,100
224726,1,100
224761,1,100
224762,1,100
224832,1,100
224872,1,100
224898,1,100
224905,1,100
224945,1,100
224946,1,100
224960,1,100
224969,1,100
225010,1,100
225042,1,100
225117,1,100
225121,1,100
225214,1,100
225231,1,100
225339,1,100
225358,1,100
225377,1,100
225405,1,100
225437,1,100
225484,1,100
225593,1,100
225607,1,100
225614,1,100
225620,1,100
225653,1,100
225664,1,100
225704,1,100
225784,1,100
225799,1,100
225804,1,100
225869,1,100
226000,1,100
226048,1,100
226081,1,100
226154,1,100
226159,1,100
226159,1,100
226186,1,100
226242,1,100
226244,1,100
226293,1,100
226314,1,100
226373,1,100
226402,1,100
226458,1,100
226484,1,100
226510,1,100
226523,1,100
226529,1,100
226538,1,100
226548,1,100
226586,1,100
226648,1,100
226688,1,100
226742,1,100
226792,1,100
226965,1,100
226973,1,100
226990,1,100
227018,1,100
227031,1,100
227048,1,100
227056,1,100
227062,1,100
227114,1,100
227152,1,100
227197,1,100
227200,1,100
227209,1,100
227268,1,100
227271,1,100
227271,1,100
227274,1,100
227288,1,100
227305,1,100
227337,1,100
227348,1,100
227393,1,100
227438,1,100
227438,1,100
227497,1,100
227573,1,100
227575,1,100
227599,1,100
227704,1,100
227718,1,100
227729,1,100
227757,1,100
227818,1,100
228017,1,100
228025,1,100
228058,1,100
228098,1,100
228115,1,100
228146,1,100
228156,1,100
228174,1,100
228183,1,100
228229,1,100
228261,1,100
228262,1,100
228271,1,100
228319,1,100
228360,1,100
228446,1,100
228447,1,100
228522,1,100
228628,1,100
228751,1,100
228811,1,100
228848,1,100
229018,1,100
229047,1,100
229089,1,100
229133,1,100
229195,1,100
229236,1,100
229240,1,100
229242,1,100
229283,1,100
229287,1,100
229288,1,100
229289,1,100
229349,1,100
229469,1,100
229581,1,100
229675,1,100
229697,1,100
229711,1,100
229740,1,100
229816,1,100
229856,1,100
229879,1,100
230002,1,100
230033,1,100
230038,1,100
230078,1,100
230084,1,100
230183,1,100
230222,1,100
230245,1,100
230276,1,100
230327,1,100
230349,1,100
230398,1,100
230400,1,100
230427,1,100
230437,1,100
230492,1,100
230510,1,100
230616,1,100
230722,1,100
230739,1,100
230881,1,100
230881,1,100
230950,1,100
230962,1,100
231018,1,100
231030,1,100
231041,1,100
231047,1,100
231048,1,100
231070,1,100
231107,1,100
231133,1,100
231157,1,100
231162,1,100
231182,1,100
231208,1,100
231260,1,100
231299,1,100
231315,1,100
231335,1,100
231508,1,100
231517,1,100
231577,1,100
231586,1,100
231592,1,100
231600,1,100
231616,1,100
231660,1,100
231669,1,100
232078,1,100
232145,1,100
232166,1,100
232204,1,100
232249,1,100
232409,1,100
232460,1,100
232465,1,100
232488,1,100
232511,1,100
232571,1,100
232582,1,100
232605,1,100
232629,1,100
232722,1,100
232725,1,100
232844,1,100
232857,1,100
232876,1,100
232898,1,100
233140,1,100
233172,1,100
233232,1,100
233278,1,100
233295,1,100
233348,1,100
233383,1,100
233441,1,100
233485,1,100
233526,1,100
233706,1,100
233750,1,100
233911,1,100
233974,1,100
233978,1,100
234019,1,100
234031,1,100
234045,1,100
234108,1,100
234135,1,100
234179,1,100
234191,1,100
234208,1,100
234217,1,100
234230,1,100
234262,1,100
234302,1,100
234334,1,100
234335,1,100
234374,1,100
234418,1,100
234551,1,100
234614,1,100
234637,1,100
234643,1,100
234670,1,100
234734,1,100
234771,1,100
234811,1,100
234895,1,100
234919,1,100
234936,1,100
234999,1,100
235147,1,100
235155,1,100
235321,1,100
235428,1,100
235461,1,100
235663,1,100
235775,1,100
235798,1,100
235803,1,100
235811,1,100
235861,1,100
235896,1,100
235940,1,100
236002,1,100
236012,1,100
236030,1,100
236039,1,100
236069,1,100
236078,1,100
236080,1,100
236091,1,100
236157,1,100
236171,1,100
236207,1,100
236211,1,100
236239,1,100
236242,1,100
236259,1,100
236264,1,100
236274,1,100
236286,1,100
236311,1,100
236321,1,100
236332,1,100
236349,1,100
236352,1,100
236359,1,100
236383,1,100
236406,1,100
236458,1,100
236471,1,100
236477,1,100
236520,1,100
236549,1,100
236586,1,100
236597,1,100
236607,1,100
236615,1,100
236635,1,100
236676,1,100
236678,1,100
236822,1,100
236879,1,100
236902,1,100
236911,1,100
236931,1,100
236942,1,100
236989,1,100
237030,1,100
237061,1,100
237103,1,100
237108,1,100
237151,1,100
237167,1,100
237183,1,100
237208,1,100
237219,1,100
237219,1,100
237268,1,100
237297,1,100
237318,1,100
237343,1,100
237362,1,100
237369,1,100
237382,1,100
237393,1,100
237565,1,100
237596,1,100
237630,1,100
237657,1,100
237670,1,100
237712,1,100
237714,1,100
237754,1,100
237766,1,100
237809,1,100
237896,1,100
237971,1,100
237981,1,100
238181,1,100
238216,1,100
238236,1,100
238262,1,100
238326,1,100
238364,1,100
238445,1,100
238446,1,100
238469,1,100
238508,1,100
238538,1,100
238545,1,100
238554,1,100
238631,1,100
238649,1,100
238673,1,100
238761,1,100
238764,1,100
238783,1,100
238806,1,100
238809,1,100
238850,1,100
238851,1,100
238861,1,100
238876,1,100
238929,1,100
238971,1,100
239035,1,100
239043,1,100
239049,1,100
239089,1,100
239192,1,100
239229,1,100
239261,1,100
239273,1,100
239433,1,100
239475,1,100
239488,1,100
239519,1,100
239622,1,100
239631,1,100
239643,1,100
239654,1,100
239708,1,100
239715,1,100
239726,1,100
239739,1,100
239813,1,100
239817,1,100
239850,1,100
239914,1,100
239917,1,100
239924,1,100
239949,1,100
239973,1,100
239998,1,100
240004,1,100
240009,1,100
240081,1,100
240210,1,100
240401,1,100
240414,1,100
240465,1,100
240466,1,100
240489,1,100
240534,1,100
240542,1,100
240574,1,100
240590,1,100
240659,1,100
240697,1,100
240765,1,100
240833,1,100
240842,1,100
240844,1,100
240950,1,100
240966,1,100
240985,1,100
241059,1,100
241068,1,100
241101,1,100
241168,1,100
241192,1,100
241220,1,100
241228,1,100
241232,1,100
241346,1,100
241462,1,100
241473,1,100
241482,1,100
241491,1,100
241520,1,100
241570,1,100
241579,1,100
241585,1,100
241620,1,100
241626,1,100
241663,1,100
241672,1,100
241697,1,100
241739,1,100
241741,1,100
241769,1,100
241852,1,100
242000,1,100
242048,1,100
242071,1,100
242077,1,100
242135,1,100
242153,1,100
242165,1,100
242194,1,100
242242,1,100
242249,1,100
242274,1,100
242321,1,100
242334,1,100
242367,1,100
242371,1,100
242399,1,100
242456,1,100
242513,1,100
242520,1,100
242594,1,100
242618,1,100
242634,1,100
242658,1,100
242662,1,100
242677,1,100
242682,1,100
242763,1,100
243003,1,100
243011,1,100
243106,1,100
243129,1,100
243176,1,100
243188,1,100
243225,1,100
243275,1,100
243447,1,100
243483,1,100
243524,1,100
243531,1,100
243573,1,100
243649,1,100
243735,1,100
243755,1,100
243761,1,100
243796,1,100
243801,1,100
243855,1,100
243903,1,100
243943,1,100
243969,1,100
243987,1,100
243995,1,100
244001,1,100
244008,1,100
244016,1,100
244017,1,100
244138,1,100
244154,1,100
244157,1,100
244235,1,100
244282,1,100
244360,1,100
244371,1,100
244380,1,100
244385,1,100
244415,1,100
244485,1,100
244491,1,100
244500,1,100
244542,1,100
244622,1,100
244662,1,100
244695,1,100
244726,1,100
244733,1,100
244774,1,100
244838,1,100
245123,1,100
245159,1,100
245199,1,100
245229,1,100
245235,1,100
245301,1,100
245437,1,100
245475,1,100
245583,1,100
245683,1,100
245700,1,100
245722,1,100
245748,1,100
245763,1,100
245771,1,100
245773,1,100
245836,1,100
245883,1,100
246018,1,100
246022,1,100
246032,1,100
246080,1,100
246084,1,100
246109,1,100
246177,1,100
246211,1,100
246319,1,100
246399,1,100
246433,1,100
246444,1,100
246462,1,100
246464,1,100
246470,1,100
246475,1,100
246486,1,100
246582,1,100
246628,1,100
246681,1,100
246697,1,100
246850,1,100
246868,1,100
246876,1,100
246896,1,100
246903,1,100
247210,1,100
247225,1,100
247622,1,100
247669,1,100
247845,1,100
247890,1,100
247899,1,100
247932,1,100
247942,1,100
247946,1,100
248009,1,100
248016,1,100
248030,1,100
248075,1,100
248124,1,100
248136,1,100
248159,1,100
248198,1,100
248207,1,100
248244,1,100
248261,1,100
248274,1,100
248278,1,100
248307,1,100
248390,1,100
248397,1,100
248402,1,100
248480,1,100
248482,1,100
248488,1,100
248499,1,100
248514,1,100
248523,1,100
248595,1,100
248638,1,100
248647,1,100
248655,1,100
248658,1,100
248700,1,100
248739,1,100
248765,1,100
248794,1,100
248876,1,100
248911,1,100
248927,1,100
248940,1,100
249010,1,100
249016,1,100
249027,1,100
249037,1,100
249043,1,100
249062,1,100
249098,1,100
249134,1,100
249141,1,100
249153,1,100
249213,1,100
249288,1,100
249425,1,100
249446,1,100
249657,1,100
249668,1,100
249702,1,100
249731,1,100
249733,1,100
249843,1,100
249865,1,100
249878,1,100
249910,1,100
249956,1,100
250025,1,100
250031,1,100
250047,1,100
250067,1,100
250104,1,100
250132,1,100
250197,1,100
250201,1,100
250254,1,100
250406,1,100
250416,1,100
250496,1,100
250507,1,100
250530,1,100
250575,1,100
250616,1,100
250716,1,100
250761,1,100
250763,1,100
250789,1,100
250807,1,100
250891,1,100
250896,1,100
251045,1,100
251055,1,100
251166,1,100
251209,1,100
251219,1,100
251242,1,100
251264,1,100
251284,1,100
251288,1,100
251378,1,100
251420,1,100
251506,1,100
251610,1,100
251643,1,100
251680,1,100
251684,1,100
251689,1,100
251740,1,100
251754,1,100
251772,1,100
251865,1,100
251871,1,100
251883,1,100
252127,1,100
252141,1,100
252230,1,100
252286,1,100
252298,1,100
252320,1,100
252352,1,100
252417,1,100
252463,1,100
252493,1,100
252524,1,100
252621,1,100
252638,1,100
252727,1,100
252754,1,100
252777,1,100
252785,1,100
252799,1,100
252806,1,100
252807,1,100
252831,1,100
253164,1,100
253165,1,100
253166,1,100
253246,1,100
253273,1,100
253339,1,100
253364,1,100
253430,1,100
253555,1,100
253625,1,100
253760,1,100
253874,1,100
253915,1,100
253968,1,100
253992,1,100
254049,1,100
254134,1,100
254149,1,100
254149,1,100
254162,1,100
254184,1,100
254228,1,100
254269,1,100
254307,1,100
254355,1,100
254382,1,100
254400,1,100
254512,1,100
254519,1,100
254710,1,100
254787,1,100
254802,1,100
254825,1,100
254840,1,100
254913,1,100
254915,1,100
254940,1,100
254995,1,100
255075,1,100
255076,1,100
255105,1,100
255125,1,100
255163,1,100
255197,1,100
255219,1,100
255263,1,100
255316,1,100
255331,1,100
255397,1,100
255422,1,100
255549,1,100
255569,1,100
255569,1,100
255587,1,100
255616,1,100
255751,1,100
255799,1,100
255847,1,100
255937,1,100
256022,1,100
256040,1,100
256042,1,100
256062,1,100
256077,1,100
256094,1,100
256115,1,100
256120,1,100
256133,1,100
256144,1,100
256150,1,100
256159,1,100
256305,1,100
256412,1,100
256416,1,100
256489,1,100
256492,1,100
256510,1,100
256532,1,100
256538,1,100
256648,1,100
256682,1,100
256744,1,100
257039,1,100
257097,1,100
257122,1,100
257132,1,100
257142,1,100
257159,1,100
257253,1,100
257314,1,100
257367,1,100
257577,1,100
257675,1,100
257699,1,100
257716,1,100
257717,1,100
257769,1,100
257769,1,100
257777,1,100
257795,1,100
258005,1,100
258093,1,100
258116,1,100
258164,1,100
258177,1,100
258210,1,100
258214,1,100
258236,1,100
258242,1,100
258281,1,100
258426,1,100
258503,1,100
258510,1,100
258525,1,100
258582,1,100
258609,1,100
258616,1,100
258761,1,100
258787,1,100
258839,1,100
258944,1,100
259027,1,100
259050,1,100
259066,1,100
259116,1,100
259136,1,100
259198,1,100
259402,1,100
259408,1,100
259424,1,100
259431,1,100
259464,1,100
259475,1,100
259483,1,100
259487,1,100
259513,1,100
259586,1,100
259590,1,100
259674,1,100
260030,1,100
260031,1,100
260099,1,100
260136,1,100
260155,1,100
260201,1,100
260214,1,100
260227,1,100
260251,1,100
260295,1,100
260297,1,100
260386,1,100
260411,1,100
260414,1,100
260575,1,100
260685,1,100
260798,1,100
260800,1,100
260803,1,100
261001,1,100
261011,1,100
261034,1,100
261077,1,100
261086,1,100
261104,1,100
261107,1,100
261126,1,100
261156,1,100
261156,1,100
261166,1,100
261224,1,100
261288,1,100
261294,1,100
261297,1,100
261355,1,100
261414,1,100
261511,1,100
261528,1,100
261725,1,100
262010,1,100
262067,1,100
262086,1,100
262164,1,100
262230,1,100
262320,1,100
262427,1,100
262652,1,100
262798,1,100
262843,1,100
262869,1,100
262984,1,100
263010,1,100
263035,1,100
263047,1,100
263061,1,100
263083,1,100
263390,1,100
263508,1,100
263580,1,100
263585,1,100
263617,1,100
263766,1,100
263768,1,100
263854,1,100
263891,1,100
263926,1,100
263970,1,100
264033,1,100
264063,1,100
264096,1,100
264286,1,100
264364,1,100
264658,1,100
264940,1,100
265021,1,100
265021,1,100
265066,1,100
265075,1,100
265078,1,100
265098,1,100
265117,1,100
265170,1,100
265195,1,100
265300,1,100
265462,1,100
265492,1,100
265547,1,100
265578,1,100
265730,1,100
265780,1,100
265870,1,100
265879,1,100
265892,1,100
266095,1,100
266306,1,100
266342,1,100
266415,1,100
266456,1,100
266967,1,100
266993,1,100
267001,1,100
267017,1,100
267035,1,100
267073,1,100
267188,1,100
267191,1,100
267225,1,100
267270,1,100
267414,1,100
267449,1,100
267489,1,100
267641,1,100
267684,1,100
267710,1,100
267807,1,100
268037,1,100
268109,1,100
268278,1,100
268454,1,100
268679,1,100
268729,1,100
269038,1,100
269057,1,100
269059,1,100
269116,1,100
269184,1,100
269227,1,100
269523,1,100
269546,1,100
269558,1,100
269714,1,100
270195,1,100
270614,1,100
270682,1,100
271172,1,100
271183,1,100
271217,1,100
271301,1,100
271345,1,100
271392,1,100
271481,1,100
271607,1,100
271870,1,100
271874,1,100
271911,1,100
271946,1,100
272022,1,100
272136,1,100
272325,1,100
272339,1,100
272557,1,100
272635,1,100
272776,1,100
273051,1,100
273180,1,100
273201,1,100
273426,1,100
273554,1,100
273566,1,100
273659,1,100
273660,1,100
274092,1,100
274357,1,100
274476,1,100
274872,1,100
275034,1,100
275058,1,100
275121,1,100
275161,1,100
275306,1,100
275491,1,100
275667,1,100
275817,1,100
275838,1,100
275877,1,100
276452,1,100
276608,1,100
276774,1,100
276930,1,100
277038,1,100
277409,1,100
277420,1,100
277788,1,100
278550,1,100
278639,1,100
278711,1,100
279009,1,100
279073,1,100
279461,1,100
279671,1,100
279724,1,100
280112,1,100
280114,1,100
280197,1,100
280235,1,100
280618,1,100
280668,1,100
280736,1,100
281098,1,100
281224,1,100
281314,1,100
281480,1,100
281503,1,100
281583,1,100
281622,1,100
281708,1,100
282085,1,100
282323,1,100
282332,1,100
282341,1,100
282348,1,100
282360,1,100
282397,1,100
282411,1,100
282552,1,100
282569,1,100
282570,1,100
282615,1,100
282659,1,100
282684,1,100
282722,1,100
282768,1,100
282828,1,100
282854,1,100
282876,1,100
283043,1,100
283117,1,100
283223,1,100
283355,1,100
283545,1,100
283576,1,100
283630,1,100
283710,1,100
284013,1,100
284064,1,100
284158,1,100
284298,1,100
284513,1,100
284541,1,100
284633,1,100
284928,1,100
285242,1,100
285370,1,100
285370,1,100
286012,1,100
286032,1,100
286081,1,100
286082,1,100
286312,1,100
286361,1,100
286510,1,100
286727,1,100
286908,1,100
287094,1,100
287118,1,100
287410,1,100
287421,1,100
287426,1,100
288018,1,100
288210,1,100
288213,1,100
288234,1,100
288525,1,100
288593,1,100
288672,1,100
288823,1,100
289026,1,100
289035,1,100
289115,1,100
289137,1,100
289433,1,100
289435,1,100
