69,1,100
196,1,100
239,1,100
289,1,100
300,1,100
401,1,100
1129,1,100
1176,1,100
1318,1,100
1633,1,100
1969,1,100
2199,1,100
2256,1,100
2267,1,100
2344,1,100
3070,1,100
3092,1,100
3518,1,100
3800,1,100
4138,1,100
4220,1,100
4293,1,100
5096,1,100
5338,1,100
5377,1,100
5428,1,100
5545,1,100
5613,1,100
5635,1,100
6032,1,100
6135,1,100
6223,1,100
6490,1,100
6880,1,100
7168,1,100
7184,1,100
7229,1,100
7784,1,100
8029,1,100
8176,1,100
8625,1,100
9044,1,100
9117,1,100
9174,1,100
9235,1,100
9287,1,100
9389,1,100
9598,1,100
9614,1,100
9666,1,100
9792,1,100
9794,1,100
9856,1,100
10201,1,100
10358,1,100
10983,1,100
11000,1,100
11046,1,100
11216,1,100
11389,1,100
11578,1,100
11668,1,100
11792,1,100
11881,1,100
12004,1,100
12083,1,100
12237,1,100
12280,1,100
12592,1,100
12742,1,100
12828,1,100
12937,1,100
13011,1,100
13053,1,100
13165,1,100
13411,1,100
13420,1,100
14018,1,100
14045,1,100
14175,1,100
14289,1,100
14319,1,100
14405,1,100
14787,1,100
15187,1,100
15285,1,100
15361,1,100
15378,1,100
15557,1,100
15775,1,100
15788,1,100
16029,1,100
16188,1,100
16190,1,100
16320,1,100
16490,1,100
17631,1,100
17681,1,100
18119,1,100
18259,1,100
18820,1,100
18913,1,100
19516,1,100
20103,1,100
20115,1,100
20149,1,100
20173,1,100
20320,1,100
20417,1,100
20509,1,100
20593,1,100
20605,1,100
20651,1,100
20678,1,100
20700,1,100
20750,1,100
20773,1,100
20779,1,100
21001,1,100
21032,1,100
21255,1,100
21370,1,100
21419,1,100
21491,1,100
21543,1,100
21661,1,100
22115,1,100
22169,1,100
22251,1,100
22283,1,100
22325,1,100
22334,1,100
22431,1,100
23052,1,100
23324,1,100
23404,1,100
23407,1,100
23409,1,100
23448,1,100
23480,1,100
23608,1,100
24018,1,100
24744,1,100
25024,1,100
25217,1,100
25259,1,100
25284,1,100
25298,1,100
25463,1,100
25465,1,100
25540,1,100
26105,1,100
26232,1,100
26331,1,100
26487,1,100
26627,1,100
26807,1,100
26830,1,100
27002,1,100
27011,1,100
27029,1,100
27111,1,100
27223,1,100
27240,1,100
27318,1,100
27492,1,100
28078,1,100
28126,1,100
28280,1,100
28359,1,100
28993,1,100
29063,1,100
29317,1,100
29469,1,100
29850,1,100
30035,1,100
30365,1,100
30474,1,100
30575,1,100
30598,1,100
30618,1,100
30799,1,100
31095,1,100
31563,1,100
32179,1,100
32213,1,100
32216,1,100
32251,1,100
32452,1,100
32558,1,100
32585,1,100
32598,1,100
32620,1,100
32626,1,100
32630,1,100
32693,1,100
32702,1,100
32715,1,100
32786,1,100
32865,1,100
32872,1,100
32893,1,100
32992,1,100
33010,1,100
33019,1,100
33027,1,100
33055,1,100
33120,1,100
33333,1,100
33334,1,100
33364,1,100
33410,1,100
33487,1,100
33549,1,100
33585,1,100
34003,1,100
34108,1,100
34126,1,100
34257,1,100
34263,1,100
34296,1,100
34437,1,100
34535,1,100
34621,1,100
35026,1,100
35054,1,100
35243,1,100
35292,1,100
35337,1,100
35398,1,100
35455,1,100
35509,1,100
35606,1,100
36039,1,100
36106,1,100
36168,1,100
36199,1,100
36268,1,100
36374,1,100
37083,1,100
37129,1,100
37510,1,100
38013,1,100
38051,1,100
38173,1,100
38187,1,100
38247,1,100
38292,1,100
38329,1,100
38333,1,100
38361,1,100
38422,1,100
38453,1,100
38550,1,100
38792,1,100
38862,1,100
38886,1,100
39144,1,100
39198,1,100
39516,1,100
39577,1,100
39732,1,100
39767,1,100
40017,1,100
40023,1,100
40066,1,100
40137,1,100
40249,1,100
40362,1,100
40418,1,100
40564,1,100
40802,1,100
40891,1,100
41046,1,100
41079,1,100
41086,1,100
41424,1,100
41610,1,100
41756,1,100
41762,1,100
41768,1,100
41836,1,100
42046,1,100
42103,1,100
42223,1,100
42235,1,100
42323,1,100
42510,1,100
42562,1,100
42574,1,100
43309,1,100
43339,1,100
43367,1,100
43461,1,100
43755,1,100
43831,1,100
44002,1,100
44006,1,100
44046,1,100
44061,1,100
44066,1,100
44073,1,100
44088,1,100
44098,1,100
44102,1,100
44138,1,100
44141,1,100
44143,1,100
44220,1,100
44239,1,100
44244,1,100
44289,1,100
44300,1,100
44357,1,100
44388,1,100
44458,1,100
44471,1,100
44683,1,100
44686,1,100
45085,1,100
45224,1,100
45306,1,100
45380,1,100
45457,1,100
45526,1,100
45591,1,100
45624,1,100
45633,1,100
45644,1,100
45685,1,100
45712,1,100
45758,1,100
45878,1,100
45914,1,100
45918,1,100
45925,1,100
45942,1,100
46023,1,100
46036,1,100
46045,1,100
46310,1,100
46416,1,100
46424,1,100
46441,1,100
46463,1,100
46557,1,100
46585,1,100
46628,1,100
46629,1,100
46664,1,100
46677,1,100
46982,1,100
46995,1,100
47004,1,100
47222,1,100
47259,1,100
47311,1,100
47446,1,100
47497,1,100
47595,1,100
47623,1,100
47867,1,100
47967,1,100
48022,1,100
48065,1,100
48237,1,100
48249,1,100
48253,1,100
48330,1,100
48359,1,100
48394,1,100
48398,1,100
48477,1,100
48499,1,100
48524,1,100
48593,1,100
48667,1,100
48727,1,100
48809,1,100
48942,1,100
48960,1,100
49002,1,100
49023,1,100
49124,1,100
49137,1,100
49180,1,100
49214,1,100
49216,1,100
49219,1,100
49254,1,100
49323,1,100
49340,1,100
49369,1,100
49382,1,100
49396,1,100
49435,1,100
49449,1,100
49477,1,100
49548,1,100
49553,1,100
49596,1,100
49657,1,100
49679,1,100
49680,1,100
50093,1,100
50123,1,100
50188,1,100
50206,1,100
50244,1,100
50245,1,100
50456,1,100
50484,1,100
50749,1,100
50761,1,100
50792,1,100
50836,1,100
50912,1,100
50940,1,100
51003,1,100
51028,1,100
51063,1,100
51083,1,100
51089,1,100
51107,1,100
51115,1,100
51121,1,100
51123,1,100
51127,1,100
51215,1,100
51338,1,100
51391,1,100
51478,1,100
51496,1,100
51669,1,100
51789,1,100
51979,1,100
52008,1,100
52010,1,100
52026,1,100
52034,1,100
52035,1,100
52105,1,100
52264,1,100
52423,1,100
52444,1,100
52658,1,100
52716,1,100
52875,1,100
53001,1,100
53043,1,100
53080,1,100
53095,1,100
53103,1,100
53275,1,100
53334,1,100
53377,1,100
53427,1,100
53484,1,100
53485,1,100
53502,1,100
53536,1,100
53553,1,100
53585,1,100
53592,1,100
54002,1,100
54048,1,100
54064,1,100
54302,1,100
54323,1,100
54374,1,100
54462,1,100
54470,1,100
54736,1,100
54741,1,100
54836,1,100
54848,1,100
54911,1,100
54984,1,100
55010,1,100
55071,1,100
55076,1,100
55178,1,100
55418,1,100
55484,1,100
55501,1,100
55544,1,100
55576,1,100
55653,1,100
55841,1,100
55857,1,100
55873,1,100
56107,1,100
56136,1,100
56217,1,100
56231,1,100
56247,1,100
56293,1,100
56390,1,100
56471,1,100
56473,1,100
56494,1,100
56496,1,100
56498,1,100
56501,1,100
56541,1,100
56550,1,100
56564,1,100
56569,1,100
56598,1,100
56605,1,100
56627,1,100
56643,1,100
56676,1,100
56690,1,100
56726,1,100
56737,1,100
56752,1,100
56771,1,100
56803,1,100
56826,1,100
56837,1,100
56877,1,100
56888,1,100
56904,1,100
56934,1,100
57004,1,100
57055,1,100
57070,1,100
57074,1,100
57098,1,100
57196,1,100
57197,1,100
57242,1,100
57280,1,100
57282,1,100
57327,1,100
57331,1,100
57357,1,100
57396,1,100
57486,1,100
57567,1,100
57626,1,100
57638,1,100
57679,1,100
57777,1,100
57779,1,100
57787,1,100
58021,1,100
58099,1,100
58155,1,100
58170,1,100
58267,1,100
58302,1,100
58359,1,100
58376,1,100
58519,1,100
58589,1,100
58603,1,100
58733,1,100
58739,1,100
58743,1,100
58777,1,100
58798,1,100
58846,1,100
58857,1,100
58885,1,100
58953,1,100
58968,1,100
58985,1,100
59008,1,100
59011,1,100
59025,1,100
59057,1,100
59068,1,100
59178,1,100
59282,1,100
59299,1,100
59401,1,100
59407,1,100
59502,1,100
59555,1,100
59568,1,100
59601,1,100
59609,1,100
59655,1,100
59734,1,100
59782,1,100
59792,1,100
59956,1,100
60094,1,100
60152,1,100
60232,1,100
60244,1,100
60292,1,100
60331,1,100
60335,1,100
60409,1,100
60478,1,100
60572,1,100
60596,1,100
60603,1,100
60641,1,100
60644,1,100
60686,1,100
60695,1,100
60711,1,100
60808,1,100
60860,1,100
60929,1,100
60949,1,100
60961,1,100
61023,1,100
61033,1,100
61096,1,100
61128,1,100
61226,1,100
61267,1,100
61278,1,100
61280,1,100
61288,1,100
61357,1,100
61392,1,100
61419,1,100
61425,1,100
61505,1,100
61578,1,100
61612,1,100
61621,1,100
61731,1,100
61748,1,100
61771,1,100
61807,1,100
61825,1,100
62041,1,100
62247,1,100
62312,1,100
62334,1,100
62508,1,100
62566,1,100
62660,1,100
62737,1,100
62777,1,100
62783,1,100
62886,1,100
62895,1,100
62912,1,100
62970,1,100
63052,1,100
63055,1,100
63066,1,100
63076,1,100
63100,1,100
63138,1,100
63171,1,100
63183,1,100
63190,1,100
63247,1,100
63270,1,100
63275,1,100
63305,1,100
63356,1,100
63373,1,100
63374,1,100
63374,1,100
63425,1,100
63458,1,100
63653,1,100
63700,1,100
63711,1,100
63787,1,100
63792,1,100
63836,1,100
63842,1,100
63876,1,100
64091,1,100
64137,1,100
64144,1,100
64155,1,100
64157,1,100
64157,1,100
64158,1,100
64172,1,100
64174,1,100
64246,1,100
64265,1,100
64274,1,100
64286,1,100
64303,1,100
64381,1,100
64499,1,100
64501,1,100
64730,1,100
64763,1,100
64858,1,100
64955,1,100
64975,1,100
64981,1,100
65077,1,100
65086,1,100
65138,1,100
65192,1,100
65223,1,100
65242,1,100
65244,1,100
65261,1,100
65320,1,100
65374,1,100
65388,1,100
65393,1,100
65416,1,100
65430,1,100
65467,1,100
65476,1,100
65488,1,100
65537,1,100
65618,1,100
65656,1,100
65679,1,100
66087,1,100
66088,1,100
66182,1,100
66244,1,100
66340,1,100
66362,1,100
66368,1,100
66398,1,100
66402,1,100
66465,1,100
66629,1,100
66645,1,100
66886,1,100
66905,1,100
66919,1,100
66987,1,100
67014,1,100
67017,1,100
67036,1,100
67057,1,100
67065,1,100
67071,1,100
67074,1,100
67088,1,100
67102,1,100
67118,1,100
67150,1,100
67155,1,100
67179,1,100
67241,1,100
67247,1,100
67282,1,100
67296,1,100
67332,1,100
67351,1,100
67372,1,100
67377,1,100
67438,1,100
67454,1,100
67537,1,100
67577,1,100
67583,1,100
67641,1,100
67663,1,100
68013,1,100
68016,1,100
68048,1,100
68070,1,100
68094,1,100
68112,1,100
68138,1,100
68144,1,100
68157,1,100
68268,1,100
68271,1,100
68321,1,100
68346,1,100
68351,1,100
68376,1,100
68423,1,100
68443,1,100
68483,1,100
68485,1,100
68496,1,100
68513,1,100
68530,1,100
68561,1,100
68593,1,100
68610,1,100
68648,1,100
68659,1,100
68703,1,100
68725,1,100
68741,1,100
68763,1,100
68775,1,100
68776,1,100
68791,1,100
68792,1,100
68803,1,100
68850,1,100
68852,1,100
68886,1,100
68898,1,100
69004,1,100
69070,1,100
69093,1,100
69122,1,100
69142,1,100
69159,1,100
69192,1,100
69216,1,100
69221,1,100
69229,1,100
69239,1,100
69266,1,100
69335,1,100
69344,1,100
69391,1,100
69396,1,100
69447,1,100
69474,1,100
69576,1,100
69589,1,100
69707,1,100
69783,1,100
69843,1,100
69921,1,100
69935,1,100
69978,1,100
70013,1,100
70023,1,100
70045,1,100
70048,1,100
70054,1,100
70057,1,100
70066,1,100
70100,1,100
70120,1,100
70154,1,100
70178,1,100
70200,1,100
70227,1,100
70268,1,100
70269,1,100
70277,1,100
70279,1,100
70279,1,100
70281,1,100
70326,1,100
70353,1,100
70363,1,100
70408,1,100
70460,1,100
70584,1,100
70605,1,100
70616,1,100
70649,1,100
70693,1,100
70705,1,100
70737,1,100
70767,1,100
70767,1,100
70788,1,100
70817,1,100
70832,1,100
70835,1,100
70947,1,100
71004,1,100
71071,1,100
71075,1,100
71091,1,100
71107,1,100
71173,1,100
71176,1,100
71178,1,100
71196,1,100
71227,1,100
71243,1,100
71255,1,100
71285,1,100
71293,1,100
71295,1,100
71310,1,100
71316,1,100
71377,1,100
71457,1,100
71494,1,100
71496,1,100
71511,1,100
71512,1,100
71570,1,100
71637,1,100
71716,1,100
71733,1,100
71740,1,100
71748,1,100
71773,1,100
71790,1,100
71954,1,100
72001,1,100
72016,1,100
72026,1,100
72034,1,100
72058,1,100
72068,1,100
72120,1,100
72129,1,100
72135,1,100
72145,1,100
72256,1,100
72296,1,100
72301,1,100
72368,1,100
72427,1,100
72456,1,100
72463,1,100
72569,1,100
72601,1,100
72639,1,100
72642,1,100
72699,1,100
72791,1,100
72837,1,100
72871,1,100
72876,1,100
72923,1,100
72939,1,100
72954,1,100
73026,1,100
73068,1,100
73180,1,100
73227,1,100
73231,1,100
73232,1,100
73275,1,100
73282,1,100
73299,1,100
73354,1,100
73355,1,100
73376,1,100
73394,1,100
73398,1,100
73434,1,100
73436,1,100
73547,1,100
73577,1,100
73579,1,100
73690,1,100
73724,1,100
73782,1,100
73799,1,100
73827,1,100
73838,1,100
73871,1,100
73876,1,100
73879,1,100
73989,1,100
74008,1,100
74025,1,100
74029,1,100
74092,1,100
74096,1,100
74122,1,100
74129,1,100
74161,1,100
74174,1,100
74290,1,100
74327,1,100
74392,1,100
74424,1,100
74438,1,100
74475,1,100
74500,1,100
74526,1,100
74545,1,100
74548,1,100
74550,1,100
74590,1,100
74605,1,100
74609,1,100
74631,1,100
74657,1,100
74733,1,100
74794,1,100
74805,1,100
74818,1,100
74833,1,100
74881,1,100
74884,1,100
75020,1,100
75023,1,100
75053,1,100
75070,1,100
75072,1,100
75110,1,100
75170,1,100
75193,1,100
75222,1,100
75243,1,100
75265,1,100
75304,1,100
75312,1,100
75411,1,100
75439,1,100
75445,1,100
75450,1,100
75508,1,100
75616,1,100
75621,1,100
75638,1,100
75725,1,100
75734,1,100
75740,1,100
75829,1,100
75833,1,100
75929,1,100
75968,1,100
76001,1,100
76033,1,100
76072,1,100
76075,1,100
76087,1,100
76088,1,100
76104,1,100
76184,1,100
76247,1,100
76282,1,100
76347,1,100
76378,1,100
76399,1,100
76426,1,100
76491,1,100
76527,1,100
76530,1,100
76552,1,100
76575,1,100
76579,1,100
76588,1,100
76591,1,100
76619,1,100
76671,1,100
76788,1,100
76804,1,100
76810,1,100
76831,1,100
76846,1,100
76853,1,100
76930,1,100
76995,1,100
77005,1,100
77064,1,100
77110,1,100
77119,1,100
77125,1,100
77172,1,100
77207,1,100
77278,1,100
77285,1,100
77286,1,100
77301,1,100
77325,1,100
77334,1,100
77341,1,100
77438,1,100
77445,1,100
77464,1,100
77513,1,100
77530,1,100
77545,1,100
77566,1,100
77618,1,100
77621,1,100
77639,1,100
77672,1,100
77676,1,100
77680,1,100
77713,1,100
77783,1,100
77791,1,100
78083,1,100
78137,1,100
78203,1,100
78326,1,100
78387,1,100
78395,1,100
78415,1,100
78430,1,100
78458,1,100
78538,1,100
78604,1,100
78619,1,100
78635,1,100
78660,1,100
78697,1,100
78771,1,100
78772,1,100
78792,1,100
78811,1,100
78951,1,100
78967,1,100
78974,1,100
78988,1,100
79002,1,100
79020,1,100
79028,1,100
79031,1,100
79032,1,100
79044,1,100
79051,1,100
79110,1,100
79125,1,100
79132,1,100
79152,1,100
79157,1,100
79160,1,100
79164,1,100
79216,1,100
79272,1,100
79316,1,100
79469,1,100
79557,1,100
79578,1,100
79579,1,100
79678,1,100
79679,1,100
79710,1,100
79722,1,100
79797,1,100
79815,1,100
79910,1,100
79950,1,100
79961,1,100
79962,1,100
80000,1,100
80008,1,100
80028,1,100
80033,1,100
80050,1,100
80067,1,100
80084,1,100
80094,1,100
80104,1,100
80133,1,100
80134,1,100
80175,1,100
80218,1,100
80218,1,100
80231,1,100
80238,1,100
80278,1,100
80325,1,100
80333,1,100
80337,1,100
80361,1,100
80361,1,100
80404,1,100
80411,1,100
80415,1,100
80428,1,100
80445,1,100
80448,1,100
80454,1,100
80492,1,100
80509,1,100
80526,1,100
80538,1,100
80570,1,100
80576,1,100
80590,1,100
80616,1,100
80636,1,100
80647,1,100
80681,1,100
80682,1,100
80688,1,100
80703,1,100
80714,1,100
80745,1,100
81040,1,100
81040,1,100
81072,1,100
81105,1,100
81149,1,100
81164,1,100
81170,1,100
81203,1,100
81206,1,100
81210,1,100
81245,1,100
81251,1,100
81258,1,100
81352,1,100
81357,1,100
81375,1,100
81465,1,100
81493,1,100
81505,1,100
81535,1,100
81602,1,100
81638,1,100
81650,1,100
81659,1,100
81739,1,100
81755,1,100
81779,1,100
81803,1,100
81898,1,100
81900,1,100
81905,1,100
81928,1,100
81932,1,100
81950,1,100
81959,1,100
82013,1,100
82048,1,100
82132,1,100
82144,1,100
82292,1,100
82322,1,100
82370,1,100
82509,1,100
82527,1,100
82531,1,100
82556,1,100
82575,1,100
82609,1,100
82629,1,100
82661,1,100
82699,1,100
82782,1,100
82795,1,100
82796,1,100
82803,1,100
82804,1,100
82828,1,100
82840,1,100
82901,1,100
82908,1,100
82919,1,100
82955,1,100
82958,1,100
82979,1,100
83008,1,100
83013,1,100
83033,1,100
83064,1,100
83095,1,100
83104,1,100
83122,1,100
83140,1,100
83161,1,100
83178,1,100
83190,1,100
83285,1,100
83290,1,100
83296,1,100
83368,1,100
83404,1,100
83437,1,100
83441,1,100
83444,1,100
83511,1,100
83552,1,100
83570,1,100
83596,1,100
83610,1,100
83618,1,100
83619,1,100
83632,1,100
83635,1,100
83637,1,100
83657,1,100
83663,1,100
83694,1,100
83707,1,100
83741,1,100
83775,1,100
83826,1,100
83852,1,100
83966,1,100
84003,1,100
84006,1,100
84012,1,100
84037,1,100
84053,1,100
84067,1,100
84071,1,100
84083,1,100
84109,1,100
84132,1,100
84193,1,100
84260,1,100
84359,1,100
84374,1,100
84384,1,100
84399,1,100
84419,1,100
84447,1,100
84464,1,100
84489,1,100
84513,1,100
84549,1,100
84600,1,100
84604,1,100
84612,1,100
84616,1,100
84643,1,100
84662,1,100
84709,1,100
84729,1,100
84797,1,100
84857,1,100
84865,1,100
84869,1,100
84943,1,100
85024,1,100
85063,1,100
85139,1,100
85142,1,100
85204,1,100
85208,1,100
85209,1,100
85225,1,100
85345,1,100
85353,1,100
85397,1,100
85405,1,100
85432,1,100
85456,1,100
85475,1,100
85478,1,100
85489,1,100
85494,1,100
85503,1,100
85519,1,100
85530,1,100
85537,1,100
85537,1,100
85571,1,100
85576,1,100
85629,1,100
85638,1,100
85684,1,100
85739,1,100
85769,1,100
85770,1,100
85793,1,100
85807,1,100
85822,1,100
86041,1,100
86105,1,100
86143,1,100
86146,1,100
86202,1,100
86239,1,100
86293,1,100
86293,1,100
86297,1,100
86306,1,100
86332,1,100
86392,1,100
86394,1,100
86412,1,100
86441,1,100
86467,1,100
86471,1,100
86505,1,100
86545,1,100
86568,1,100
86597,1,100
86614,1,100
86712,1,100
86840,1,100
86846,1,100
86848,1,100
86867,1,100
86939,1,100
86947,1,100
86964,1,100
86965,1,100
87029,1,100
87032,1,100
87048,1,100
87061,1,100
87065,1,100
87078,1,100
87094,1,100
87122,1,100
87145,1,100
87222,1,100
87235,1,100
87238,1,100
87244,1,100
87257,1,100
87267,1,100
87283,1,100
87297,1,100
87402,1,100
87422,1,100
87521,1,100
87638,1,100
87680,1,100
87735,1,100
87739,1,100
87759,1,100
87801,1,100
87818,1,100
87829,1,100
87833,1,100
87840,1,100
87877,1,100
87888,1,100
87907,1,100
87938,1,100
87954,1,100
87956,1,100
87971,1,100
87974,1,100
88018,1,100
88023,1,100
88097,1,100
88117,1,100
88154,1,100
88170,1,100
88187,1,100
88274,1,100
88304,1,100
88337,1,100
88365,1,100
88374,1,100
88374,1,100
88408,1,100
88472,1,100
88479,1,100
88506,1,100
88518,1,100
88562,1,100
88575,1,100
88584,1,100
88639,1,100
88649,1,100
88655,1,100
88672,1,100
88708,1,100
88766,1,100
88772,1,100
88791,1,100
88827,1,100
88847,1,100
88857,1,100
88870,1,100
89020,1,100
89068,1,100
89116,1,100
89128,1,100
89260,1,100
89272,1,100
89290,1,100
89385,1,100
89505,1,100
89511,1,100
89563,1,100
89596,1,100
89599,1,100
89630,1,100
89652,1,100
89667,1,100
89668,1,100
89691,1,100
89700,1,100
89702,1,100
89707,1,100
89718,1,100
89723,1,100
89796,1,100
89873,1,100
89914,1,100
89964,1,100
90023,1,100
90061,1,100
90096,1,100
90128,1,100
90156,1,100
90172,1,100
90184,1,100
90200,1,100
90203,1,100
90213,1,100
90300,1,100
90355,1,100
90386,1,100
90414,1,100
90463,1,100
90466,1,100
90511,1,100
90598,1,100
90603,1,100
90664,1,100
90727,1,100
90747,1,100
90768,1,100
90801,1,100
90818,1,100
90825,1,100
90827,1,100
90913,1,100
90931,1,100
90952,1,100
91006,1,100
91030,1,100
91063,1,100
91092,1,100
91104,1,100
91106,1,100
91119,1,100
91131,1,100
91134,1,100
91167,1,100
91181,1,100
91191,1,100
91193,1,100
91198,1,100
91198,1,100
91205,1,100
91226,1,100
91248,1,100
91327,1,100
91336,1,100
91391,1,100
91420,1,100
91432,1,100
91438,1,100
91442,1,100
91477,1,100
91555,1,100
91579,1,100
91580,1,100
91585,1,100
91647,1,100
91712,1,100
91733,1,100
91762,1,100
91791,1,100
91816,1,100
91928,1,100
91954,1,100
91983,1,100
92009,1,100
92026,1,100
92046,1,100
92073,1,100
92081,1,100
92143,1,100
92184,1,100
92191,1,100
92198,1,100
92199,1,100
92204,1,100
92205,1,100
92252,1,100
92295,1,100
92328,1,100
92333,1,100
92372,1,100
92381,1,100
92397,1,100
92433,1,100
92450,1,100
92454,1,100
92510,1,100
92536,1,100
92539,1,100
92564,1,100
92586,1,100
92588,1,100
92603,1,100
92606,1,100
92680,1,100
92703,1,100
92721,1,100
92729,1,100
92793,1,100
92800,1,100
92820,1,100
92830,1,100
92862,1,100
92864,1,100
92879,1,100
92879,1,100
92914,1,100
92923,1,100
92936,1,100
92942,1,100
92965,1,100
92998,1,100
93003,1,100
93011,1,100
93018,1,100
93024,1,100
93045,1,100
93048,1,100
93060,1,100
93086,1,100
93126,1,100
93156,1,100
93211,1,100
93233,1,100
93252,1,100
93284,1,100
93289,1,100
93297,1,100
93354,1,100
93359,1,100
93365,1,100
93374,1,100
93415,1,100
93435,1,100
93437,1,100
93478,1,100
93640,1,100
93669,1,100
93670,1,100
93699,1,100
93732,1,100
93767,1,100
93796,1,100
93820,1,100
93821,1,100
93841,1,100
93842,1,100
93850,1,100
93851,1,100
93856,1,100
93889,1,100
94011,1,100
94015,1,100
94020,1,100
94023,1,100
94030,1,100
94104,1,100
94117,1,100
94158,1,100
94159,1,100
94165,1,100
94190,1,100
94236,1,100
94272,1,100
94301,1,100
94361,1,100
94370,1,100
94399,1,100
94447,1,100
94590,1,100
94614,1,100
94642,1,100
94643,1,100
94654,1,100
94685,1,100
94706,1,100
94709,1,100
94766,1,100
94783,1,100
94786,1,100
94788,1,100
94797,1,100
94838,1,100
94878,1,100
94890,1,100
94914,1,100
94935,1,100
95015,1,100
95030,1,100
95061,1,100
95084,1,100
95088,1,100
95102,1,100
95104,1,100
95129,1,100
95142,1,100
95230,1,100
95255,1,100
95266,1,100
95327,1,100
95356,1,100
95444,1,100
95518,1,100
95521,1,100
95526,1,100
95582,1,100
95606,1,100
95620,1,100
95622,1,100
95650,1,100
95674,1,100
95730,1,100
95762,1,100
95768,1,100
95814,1,100
95824,1,100
95826,1,100
95838,1,100
95866,1,100
95869,1,100
95966,1,100
95980,1,100
96020,1,100
96071,1,100
96120,1,100
96145,1,100
96148,1,100
96259,1,100
96269,1,100
96287,1,100
96303,1,100
96329,1,100
96414,1,100
96420,1,100
96436,1,100
96442,1,100
96474,1,100
96497,1,100
96522,1,100
96556,1,100
96665,1,100
96710,1,100
96752,1,100
96817,1,100
96840,1,100
96844,1,100
96859,1,100
96866,1,100
96949,1,100
96955,1,100
97005,1,100
97047,1,100
97051,1,100
97052,1,100
97058,1,100
97080,1,100
97105,1,100
97139,1,100
97148,1,100
97148,1,100
97234,1,100
97266,1,100
97305,1,100
97306,1,100
97324,1,100
97325,1,100
97328,1,100
97370,1,100
97399,1,100
97403,1,100
97412,1,100
97482,1,100
97501,1,100
97505,1,100
97511,1,100
97551,1,100
97582,1,100
97584,1,100
97594,1,100
97662,1,100
97692,1,100
97720,1,100
97724,1,100
97783,1,100
97801,1,100
97846,1,100
97849,1,100
97888,1,100
97947,1,100
98010,1,100
98029,1,100
98087,1,100
98121,1,100
98136,1,100
98182,1,100
98195,1,100
98201,1,100
98213,1,100
98322,1,100
98331,1,100
98349,1,100
98374,1,100
98389,1,100
98398,1,100
98437,1,100
98451,1,100
98494,1,100
98504,1,100
98515,1,100
98523,1,100
98528,1,100
98609,1,100
98628,1,100
98717,1,100
98742,1,100
98750,1,100
98796,1,100
98802,1,100
98804,1,100
98806,1,100
98931,1,100
98955,1,100
99011,1,100
99013,1,100
99098,1,100
99153,1,100
99180,1,100
99181,1,100
99293,1,100
99341,1,100
99374,1,100
99376,1,100
99376,1,100
99391,1,100
99415,1,100
99427,1,100
99429,1,100
99435,1,100
99534,1,100
99558,1,100
99634,1,100
99641,1,100
99714,1,100
99721,1,100
99837,1,100
99839,1,100
99884,1,100
99903,1,100
99973,1,100
99974,1,100
100003,1,100
100012,1,100
100017,1,100
100073,1,100
100100,1,100
100110,1,100
100115,1,100
100116,1,100
100127,1,100
100127,1,100
100144,1,100
100184,1,100
100191,1,100
100195,1,100
100196,1,100
100197,1,100
100207,1,100
100216,1,100
100244,1,100
100252,1,100
100254,1,100
100257,1,100
100408,1,100
100420,1,100
100429,1,100
100567,1,100
100624,1,100
100629,1,100
100664,1,100
100744,1,100
100746,1,100
100750,1,100
100786,1,100
100847,1,100
100860,1,100
100902,1,100
100927,1,100
100929,1,100
101015,1,100
101084,1,100
101104,1,100
101117,1,100
101171,1,100
101189,1,100
101301,1,100
101317,1,100
101382,1,100
101428,1,100
101464,1,100
101470,1,100
101550,1,100
101586,1,100
101587,1,100
101616,1,100
101630,1,100
101649,1,100
101667,1,100
101676,1,100
101748,1,100
101748,1,100
101758,1,100
101783,1,100
101797,1,100
101876,1,100
101892,1,100
101896,1,100
101926,1,100
101934,1,100
102024,1,100
102024,1,100
102031,1,100
102046,1,100
102054,1,100
102062,1,100
102070,1,100
102084,1,100
102139,1,100
102145,1,100
102186,1,100
102198,1,100
102199,1,100
102219,1,100
102221,1,100
102243,1,100
102268,1,100
102276,1,100
102301,1,100
102311,1,100
102314,1,100
102320,1,100
102357,1,100
102398,1,100
102405,1,100
102414,1,100
102431,1,100
102526,1,100
102604,1,100
102665,1,100
102678,1,100
103042,1,100
103050,1,100
103060,1,100
103077,1,100
103125,1,100
103177,1,100
103235,1,100
103246,1,100
103337,1,100
103339,1,100
103365,1,100
103387,1,100
103456,1,100
103484,1,100
103494,1,100
103499,1,100
103534,1,100
103557,1,100
103560,1,100
103587,1,100
103604,1,100
103622,1,100
103651,1,100
103688,1,100
103727,1,100
103734,1,100
103845,1,100
103852,1,100
103961,1,100
104000,1,100
104010,1,100
104013,1,100
104022,1,100
104023,1,100
104032,1,100
104036,1,100
104036,1,100
104065,1,100
104103,1,100
104138,1,100
104163,1,100
104172,1,100
104180,1,100
104237,1,100
104347,1,100
104373,1,100
104393,1,100
104403,1,100
104413,1,100
104444,1,100
104457,1,100
104468,1,100
104490,1,100
104528,1,100
104531,1,100
104531,1,100
104532,1,100
104640,1,100
104687,1,100
104693,1,100
104694,1,100
104697,1,100
104725,1,100
104807,1,100
104879,1,100
104903,1,100
104927,1,100
105092,1,100
105125,1,100
105145,1,100
105149,1,100
105169,1,100
105260,1,100
105266,1,100
105341,1,100
105381,1,100
105382,1,100
105419,1,100
105453,1,100
105480,1,100
105497,1,100
105541,1,100
105629,1,100
105629,1,100
105678,1,100
105736,1,100
105737,1,100
105774,1,100
105840,1,100
105858,1,100
105863,1,100
105889,1,100
105917,1,100
105929,1,100
105935,1,100
106023,1,100
106057,1,100
106084,1,100
106124,1,100
106148,1,100
106157,1,100
106179,1,100
106204,1,100
106307,1,100
106326,1,100
106387,1,100
106403,1,100
106455,1,100
106456,1,100
106468,1,100
106471,1,100
106491,1,100
106533,1,100
106577,1,100
106582,1,100
106649,1,100
106689,1,100
106756,1,100
106827,1,100
106866,1,100
106875,1,100
106893,1,100
107027,1,100
107087,1,100
107124,1,100
107153,1,100
107205,1,100
107314,1,100
107330,1,100
107454,1,100
107460,1,100
107519,1,100
107525,1,100
107595,1,100
107606,1,100
107616,1,100
107720,1,100
107723,1,100
107744,1,100
107753,1,100
107808,1,100
107820,1,100
107828,1,100
107952,1,100
107973,1,100
108024,1,100
108039,1,100
108055,1,100
108090,1,100
108099,1,100
108102,1,100
108138,1,100
108182,1,100
108189,1,100
108205,1,100
108260,1,100
108330,1,100
108333,1,100
108338,1,100
108378,1,100
108382,1,100
108416,1,100
108424,1,100
108466,1,100
108512,1,100
108557,1,100
108633,1,100
108703,1,100
108754,1,100
108774,1,100
108778,1,100
109025,1,100
109146,1,100
109179,1,100
109197,1,100
109204,1,100
109258,1,100
109320,1,100
109336,1,100
109362,1,100
109508,1,100
109533,1,100
109578,1,100
109581,1,100
109707,1,100
109761,1,100
109893,1,100
109897,1,100
109919,1,100
109940,1,100
110016,1,100
110039,1,100
110076,1,100
110100,1,100
110125,1,100
110143,1,100
110153,1,100
110168,1,100
110193,1,100
110194,1,100
110224,1,100
110245,1,100
110247,1,100
110339,1,100
110364,1,100
110460,1,100
110543,1,100
110544,1,100
110559,1,100
110578,1,100
110632,1,100
110640,1,100
110641,1,100
110672,1,100
110701,1,100
110702,1,100
110709,1,100
110808,1,100
110887,1,100
110918,1,100
110918,1,100
110955,1,100
110959,1,100
111008,1,100
111020,1,100
111022,1,100
111035,1,100
111041,1,100
111045,1,100
111064,1,100
111076,1,100
111096,1,100
111163,1,100
111177,1,100
111193,1,100
111285,1,100
111292,1,100
111303,1,100
111334,1,100
111421,1,100
111444,1,100
111513,1,100
111549,1,100
111633,1,100
111674,1,100
111752,1,100
111759,1,100
111776,1,100
111781,1,100
111782,1,100
112017,1,100
112030,1,100
112112,1,100
112139,1,100
112208,1,100
112391,1,100
112458,1,100
112463,1,100
112481,1,100
112615,1,100
112685,1,100
112718,1,100
112724,1,100
112813,1,100
112825,1,100
112882,1,100
112969,1,100
112973,1,100
113001,1,100
113014,1,100
113073,1,100
113081,1,100
113084,1,100
113114,1,100
113116,1,100
113129,1,100
113140,1,100
113214,1,100
113233,1,100
113288,1,100
113356,1,100
113381,1,100
113398,1,100
113408,1,100
113430,1,100
113523,1,100
113569,1,100
113644,1,100
113662,1,100
113672,1,100
113683,1,100
113758,1,100
113768,1,100
113774,1,100
113794,1,100
113820,1,100
113897,1,100
113922,1,100
114058,1,100
114231,1,100
114281,1,100
114338,1,100
114389,1,100
114417,1,100
114420,1,100
114420,1,100
114428,1,100
114492,1,100
114554,1,100
114561,1,100
114581,1,100
114602,1,100
114607,1,100
114778,1,100
114810,1,100
114818,1,100
114867,1,100
114928,1,100
115002,1,100
115093,1,100
115095,1,100
115111,1,100
115116,1,100
115131,1,100
115163,1,100
115212,1,100
115243,1,100
115249,1,100
115260,1,100
115262,1,100
115270,1,100
115276,1,100
115291,1,100
115321,1,100
115391,1,100
115404,1,100
115446,1,100
115573,1,100
115588,1,100
115616,1,100
115624,1,100
115678,1,100
115721,1,100
115723,1,100
115726,1,100
116029,1,100
116057,1,100
116084,1,100
116094,1,100
116103,1,100
116170,1,100
116189,1,100
116312,1,100
116372,1,100
116434,1,100
116451,1,100
116455,1,100
116493,1,100
116513,1,100
116520,1,100
116543,1,100
116677,1,100
116691,1,100
116698,1,100
116699,1,100
116717,1,100
116783,1,100
116822,1,100
116859,1,100
117041,1,100
117054,1,100
117072,1,100
117171,1,100
117428,1,100
117457,1,100
117554,1,100
117655,1,100
117657,1,100
117776,1,100
117805,1,100
117816,1,100
117859,1,100
117907,1,100
118031,1,100
118038,1,100
118068,1,100
118071,1,100
118130,1,100
118139,1,100
118185,1,100
118195,1,100
118212,1,100
118215,1,100
118263,1,100
118301,1,100
118343,1,100
118344,1,100
118351,1,100
118466,1,100
118514,1,100
118521,1,100
118548,1,100
118571,1,100
118629,1,100
118651,1,100
118802,1,100
118814,1,100
118904,1,100
119009,1,100
119068,1,100
119292,1,100
119546,1,100
119610,1,100
119623,1,100
119632,1,100
119696,1,100
119700,1,100
119701,1,100
119749,1,100
119756,1,100
119781,1,100
119784,1,100
119882,1,100
119884,1,100
119958,1,100
120081,1,100
120135,1,100
120146,1,100
120299,1,100
120320,1,100
120371,1,100
120408,1,100
120426,1,100
120577,1,100
120619,1,100
120687,1,100
120747,1,100
120789,1,100
120797,1,100
120848,1,100
120982,1,100
120993,1,100
121001,1,100
121006,1,100
121071,1,100
121121,1,100
121147,1,100
121212,1,100
121292,1,100
121292,1,100
121301,1,100
121308,1,100
121308,1,100
121346,1,100
121377,1,100
121396,1,100
121429,1,100
121457,1,100
121519,1,100
121566,1,100
122094,1,100
122142,1,100
122174,1,100
122191,1,100
122200,1,100
122247,1,100
122323,1,100
122358,1,100
122392,1,100
122410,1,100
122454,1,100
122479,1,100
122498,1,100
122668,1,100
122805,1,100
122876,1,100
123005,1,100
123013,1,100
123078,1,100
123134,1,100
123157,1,100
123233,1,100
123269,1,100
123339,1,100
123392,1,100
123433,1,100
123443,1,100
123573,1,100
123574,1,100
123587,1,100
123615,1,100
123637,1,100
123861,1,100
123867,1,100
124044,1,100
124095,1,100
124187,1,100
124204,1,100
124343,1,100
124375,1,100
124394,1,100
124469,1,100
124501,1,100
124526,1,100
124641,1,100
124650,1,100
124792,1,100
124920,1,100
124959,1,100
125051,1,100
125122,1,100
125128,1,100
125264,1,100
125348,1,100
125352,1,100
125370,1,100
125476,1,100
125488,1,100
125496,1,100
125549,1,100
125556,1,100
125595,1,100
125628,1,100
125730,1,100
125779,1,100
126100,1,100
126251,1,100
126251,1,100
126328,1,100
126344,1,100
126552,1,100
126772,1,100
126794,1,100
126863,1,100
126870,1,100
126884,1,100
126921,1,100
126956,1,100
126978,1,100
127011,1,100
127053,1,100
127091,1,100
127166,1,100
127177,1,100
127268,1,100
127314,1,100
127321,1,100
127493,1,100
127670,1,100
127695,1,100
127787,1,100
127896,1,100
128074,1,100
128125,1,100
128148,1,100
128282,1,100
128295,1,100
128329,1,100
128434,1,100
128457,1,100
128534,1,100
128579,1,100
128604,1,100
128621,1,100
128646,1,100
128666,1,100
128688,1,100
128771,1,100
128978,1,100
129042,1,100
129046,1,100
129053,1,100
129058,1,100
129162,1,100
129189,1,100
129231,1,100
129270,1,100
129271,1,100
129294,1,100
129305,1,100
129437,1,100
129510,1,100
129832,1,100
129905,1,100
129924,1,100
129933,1,100
129939,1,100
130005,1,100
130067,1,100
130196,1,100
130231,1,100
130241,1,100
130332,1,100
130386,1,100
130426,1,100
130479,1,100
130485,1,100
130762,1,100
130791,1,100
130980,1,100
131047,1,100
131113,1,100
131244,1,100
131329,1,100
131479,1,100
131646,1,100
131718,1,100
131724,1,100
131768,1,100
131772,1,100
131808,1,100
131895,1,100
132239,1,100
132250,1,100
132319,1,100
132363,1,100
132510,1,100
132558,1,100
132682,1,100
132754,1,100
132888,1,100
133051,1,100
133087,1,100
133210,1,100
133280,1,100
133295,1,100
133374,1,100
133520,1,100
133575,1,100
133595,1,100
133640,1,100
133658,1,100
134091,1,100
134200,1,100
134236,1,100
134277,1,100
134297,1,100
134374,1,100
134445,1,100
134515,1,100
134583,1,100
134748,1,100
135131,1,100
135175,1,100
135233,1,100
135283,1,100
135289,1,100
135395,1,100
135395,1,100
135655,1,100
135906,1,100
136026,1,100
136111,1,100
136217,1,100
136218,1,100
136285,1,100
136368,1,100
136420,1,100
136495,1,100
136503,1,100
136854,1,100
136918,1,100
137018,1,100
137034,1,100
137035,1,100
137084,1,100
137163,1,100
137166,1,100
137492,1,100
137689,1,100
137814,1,100
137844,1,100
137924,1,100
137976,1,100
138071,1,100
138118,1,100
138184,1,100
138337,1,100
138409,1,100
138543,1,100
138543,1,100
138701,1,100
138902,1,100
138948,1,100
138983,1,100
139210,1,100
139315,1,100
139320,1,100
139553,1,100
139840,1,100
140191,1,100
140197,1,100
140227,1,100
140255,1,100
140290,1,100
140333,1,100
140340,1,100
140410,1,100
140430,1,100
140457,1,100
140515,1,100
140635,1,100
140638,1,100
140770,1,100
140814,1,100
141045,1,100
141061,1,100
141193,1,100
141306,1,100
141353,1,100
141745,1,100
141999,1,100
142055,1,100
142258,1,100
142285,1,100
142376,1,100
142709,1,100
142810,1,100
142905,1,100
143055,1,100
143165,1,100
143284,1,100
143351,1,100
143417,1,100
143425,1,100
143431,1,100
143467,1,100
144072,1,100
144217,1,100
144435,1,100
144989,1,100
145033,1,100
145102,1,100
145180,1,100
145203,1,100
145319,1,100
145437,1,100
145459,1,100
145548,1,100
145722,1,100
145834,1,100
145868,1,100
145898,1,100
146119,1,100
146386,1,100
146407,1,100
146494,1,100
146509,1,100
146779,1,100
146845,1,100
147285,1,100
147317,1,100
147382,1,100
147388,1,100
147391,1,100
147408,1,100
147677,1,100
147693,1,100
147820,1,100
148708,1,100
148990,1,100
149027,1,100
149132,1,100
149228,1,100
149329,1,100
149413,1,100
149493,1,100
149575,1,100
149736,1,100
150063,1,100
150477,1,100
150922,1,100
151038,1,100
151150,1,100
151194,1,100
151277,1,100
151329,1,100
151413,1,100
151511,1,100
152023,1,100
152109,1,100
152150,1,100
152161,1,100
152428,1,100
152456,1,100
152569,1,100
152603,1,100
152863,1,100
152894,1,100
153075,1,100
153246,1,100
153378,1,100
153618,1,100
153716,1,100
153741,1,100
153834,1,100
153897,1,100
154088,1,100
154114,1,100
154126,1,100
154183,1,100
154191,1,100
154765,1,100
155098,1,100
155244,1,100
155386,1,100
155704,1,100
155722,1,100
155788,1,100
156051,1,100
156222,1,100
156246,1,100
156284,1,100
157136,1,100
157280,1,100
157882,1,100
157988,1,100
158136,1,100
158199,1,100
158213,1,100
158276,1,100
158572,1,100
158903,1,100
159010,1,100
159226,1,100
159671,1,100
159717,1,100
159731,1,100
159944,1,100
159945,1,100
159965,1,100
160085,1,100
160118,1,100
160189,1,100
160299,1,100
161001,1,100
161270,1,100
161584,1,100
162343,1,100
162841,1,100
163092,1,100
163141,1,100
163221,1,100
163368,1,100
163571,1,100
164023,1,100
164044,1,100
164068,1,100
164071,1,100
164140,1,100
164216,1,100
164319,1,100
164340,1,100
164456,1,100
164456,1,100
164497,1,100
164506,1,100
165045,1,100
165150,1,100
165339,1,100
165518,1,100
165576,1,100
165596,1,100
166251,1,100
166390,1,100
166487,1,100
166555,1,100
166710,1,100
166783,1,100
167073,1,100
167285,1,100
167545,1,100
167697,1,100
167730,1,100
168450,1,100
168918,1,100
168939,1,100
169428,1,100
169455,1,100
169761,1,100
169894,1,100
170067,1,100
170088,1,100
170137,1,100
170197,1,100
170212,1,100
170820,1,100
171352,1,100
171413,1,100
171566,1,100
171683,1,100
172151,1,100
172213,1,100
172214,1,100
172717,1,100
172907,1,100
173060,1,100
173061,1,100
173629,1,100
174011,1,100
174104,1,100
174950,1,100
175202,1,100
175224,1,100
175825,1,100
176262,1,100
176302,1,100
176498,1,100
176620,1,100
176657,1,100
176785,1,100
176805,1,100
176812,1,100
176858,1,100
176946,1,100
177041,1,100
177050,1,100
177059,1,100
177113,1,100
177224,1,100
177323,1,100
177336,1,100
177355,1,100
178013,1,100
178162,1,100
178542,1,100
178615,1,100
178865,1,100
179097,1,100
179173,1,100
179191,1,100
179220,1,100
179272,1,100
179503,1,100
179598,1,100
179835,1,100
180103,1,100
180309,1,100
180665,1,100
181182,1,100
181380,1,100
181646,1,100
181845,1,100
181857,1,100
182038,1,100
182615,1,100
182847,1,100
182972,1,100
183025,1,100
183043,1,100
183045,1,100
183162,1,100
183166,1,100
183185,1,100
183302,1,100
183528,1,100
184436,1,100
184443,1,100
184465,1,100
184808,1,100
184908,1,100
185458,1,100
186007,1,100
186181,1,100
186342,1,100
186440,1,100
186729,1,100
186909,1,100
187021,1,100
187082,1,100
187374,1,100
187792,1,100
187960,1,100
188079,1,100
188096,1,100
188147,1,100
188200,1,100
188250,1,100
188313,1,100
188341,1,100
188365,1,100
188412,1,100
188611,1,100
188693,1,100
188737,1,100
188792,1,100
189042,1,100
189274,1,100
189343,1,100
189452,1,100
189517,1,100
190279,1,100
190343,1,100
191055,1,100
191113,1,100
191134,1,100
191931,1,100
191979,1,100
191982,1,100
192224,1,100
192353,1,100
192358,1,100
192383,1,100
192871,1,100
193047,1,100
193181,1,100
193341,1,100
193498,1,100
193732,1,100
193883,1,100
194076,1,100
194118,1,100
194248,1,100
194302,1,100
194419,1,100
194834,1,100
194988,1,100
195012,1,100
195024,1,100
195061,1,100
195063,1,100
195089,1,100
195124,1,100
196299,1,100
196439,1,100
196601,1,100
196613,1,100
196683,1,100
197283,1,100
197288,1,100
197423,1,100
197504,1,100
198226,1,100
198289,1,100
198367,1,100
198562,1,100
198826,1,100
199094,1,100
199220,1,100
199619,1,100
200065,1,100
200152,1,100
200185,1,100
200209,1,100
200420,1,100
200420,1,100
200454,1,100
200484,1,100
200550,1,100
200608,1,100
200878,1,100
200988,1,100
201020,1,100
201074,1,100
201208,1,100
201269,1,100
201304,1,100
201305,1,100
201350,1,100
201452,1,100
201591,1,100
201929,1,100
202231,1,100
202269,1,100
202290,1,100
202293,1,100
202742,1,100
202851,1,100
202987,1,100
203031,1,100
203033,1,100
203100,1,100
203139,1,100
203190,1,100
203569,1,100
203598,1,100
203688,1,100
204008,1,100
204490,1,100
204591,1,100
204628,1,100
204803,1,100
205053,1,100
205324,1,100
205338,1,100
205617,1,100
206053,1,100
206073,1,100
206241,1,100
206298,1,100
206429,1,100
206615,1,100
206800,1,100
206937,1,100
207112,1,100
207125,1,100
207139,1,100
207192,1,100
207217,1,100
207413,1,100
207437,1,100
207517,1,100
207597,1,100
208224,1,100
208304,1,100
208579,1,100
209043,1,100
209912,1,100
210008,1,100
210126,1,100
210239,1,100
210296,1,100
210320,1,100
210465,1,100
210470,1,100
210523,1,100
211245,1,100
211349,1,100
211545,1,100
211850,1,100
211885,1,100
211997,1,100
212081,1,100
212114,1,100
212230,1,100
212298,1,100
212442,1,100
212449,1,100
212491,1,100
212632,1,100
212688,1,100
212725,1,100
212741,1,100
212777,1,100
212951,1,100
212968,1,100
212983,1,100
213004,1,100
213093,1,100
213409,1,100
213410,1,100
213453,1,100
213545,1,100
213755,1,100
213909,1,100
213981,1,100
214080,1,100
214303,1,100
214426,1,100
214689,1,100
214975,1,100
214978,1,100
215015,1,100
215073,1,100
215128,1,100
215138,1,100
215188,1,100
215214,1,100
215475,1,100
215544,1,100
215676,1,100
215698,1,100
216386,1,100
216412,1,100
216495,1,100
216533,1,100
216775,1,100
216900,1,100
217144,1,100
217194,1,100
217241,1,100
217284,1,100
217520,1,100
217552,1,100
217590,1,100
217657,1,100
218267,1,100
218281,1,100
218312,1,100
218431,1,100
218437,1,100
219125,1,100
219317,1,100
219369,1,100
219391,1,100
219504,1,100
219538,1,100
219567,1,100
219612,1,100
219625,1,100
219793,1,100
219796,1,100
219801,1,100
220086,1,100
220188,1,100
220398,1,100
220819,1,100
220963,1,100
221199,1,100
221219,1,100
221260,1,100
221563,1,100
221597,1,100
221666,1,100
221766,1,100
221803,1,100
222005,1,100
222192,1,100
222198,1,100
222233,1,100
222409,1,100
222422,1,100
222423,1,100
222458,1,100
223306,1,100
223500,1,100
223587,1,100
223642,1,100
223645,1,100
223731,1,100
223914,1,100
223957,1,100
224080,1,100
224155,1,100
224208,1,100
224225,1,100
224268,1,100
224451,1,100
224462,1,100
224711,1,100
224721,1,100
224803,1,100
224813,1,100
224815,1,100
224879,1,100
224932,1,100
224944,1,100
224977,1,100
225005,1,100
225041,1,100
225098,1,100
225130,1,100
225302,1,100
225400,1,100
225425,1,100
225456,1,100
225533,1,100
225550,1,100
225630,1,100
225649,1,100
225668,1,100
225679,1,100
225682,1,100
225698,1,100
225742,1,100
226142,1,100
226215,1,100
226292,1,100
226371,1,100
226425,1,100
226454,1,100
226469,1,100
226536,1,100
226751,1,100
226971,1,100
227025,1,100
227046,1,100
227050,1,100
227078,1,100
227128,1,100
227198,1,100
227229,1,100
227258,1,100
227303,1,100
227322,1,100
227340,1,100
227356,1,100
227504,1,100
227553,1,100
227573,1,100
227584,1,100
227599,1,100
227613,1,100
227650,1,100
228021,1,100
228221,1,100
228312,1,100
228314,1,100
228400,1,100
228611,1,100
228686,1,100
228736,1,100
228741,1,100
228788,1,100
228806,1,100
228852,1,100
229002,1,100
229012,1,100
229021,1,100
229045,1,100
229140,1,100
229252,1,100
229320,1,100
229494,1,100
229535,1,100
229581,1,100
229698,1,100
229712,1,100
230008,1,100
230073,1,100
230076,1,100
230089,1,100
230094,1,100
230113,1,100
230121,1,100
230131,1,100
230258,1,100
230337,1,100
230361,1,100
230394,1,100
230418,1,100
230431,1,100
230479,1,100
231168,1,100
231296,1,100
231304,1,100
231341,1,100
231492,1,100
231528,1,100
231705,1,100
231708,1,100
231781,1,100
231849,1,100
231853,1,100
231924,1,100
232241,1,100
232388,1,100
232709,1,100
232752,1,100
232770,1,100
232808,1,100
232825,1,100
232938,1,100
233010,1,100
233057,1,100
233063,1,100
233102,1,100
233136,1,100
233269,1,100
233355,1,100
233377,1,100
233398,1,100
233424,1,100
233478,1,100
233489,1,100
233553,1,100
233670,1,100
234014,1,100
234061,1,100
234147,1,100
234151,1,100
234154,1,100
234171,1,100
234219,1,100
234234,1,100
234263,1,100
234286,1,100
234334,1,100
234362,1,100
234518,1,100
235061,1,100
235096,1,100
235200,1,100
235264,1,100
235267,1,100
235350,1,100
235512,1,100
235643,1,100
235669,1,100
235738,1,100
235945,1,100
236018,1,100
236035,1,100
236081,1,100
236094,1,100
236149,1,100
236192,1,100
236265,1,100
236278,1,100
236291,1,100
236291,1,100
236293,1,100
236298,1,100
236318,1,100
236377,1,100
236409,1,100
236435,1,100
236469,1,100
236485,1,100
236517,1,100
236565,1,100
236621,1,100
236694,1,100
236704,1,100
236757,1,100
237057,1,100
237101,1,100
237184,1,100
237335,1,100
237430,1,100
237448,1,100
237498,1,100
237521,1,100
237528,1,100
237571,1,100
237574,1,100
237689,1,100
237874,1,100
237964,1,100
238006,1,100
238015,1,100
238028,1,100
238441,1,100
238450,1,100
238461,1,100
238519,1,100
238632,1,100
238676,1,100
238793,1,100
238875,1,100
239021,1,100
239054,1,100
239073,1,100
239110,1,100
239150,1,100
239167,1,100
239179,1,100
239232,1,100
239253,1,100
239273,1,100
239374,1,100
239374,1,100
239416,1,100
239436,1,100
239470,1,100
239487,1,100
239496,1,100
239613,1,100
239731,1,100
239746,1,100
240278,1,100
240434,1,100
240489,1,100
240537,1,100
240564,1,100
240592,1,100
241045,1,100
241112,1,100
241140,1,100
241142,1,100
241148,1,100
241193,1,100
241203,1,100
241217,1,100
241220,1,100
241235,1,100
241315,1,100
241328,1,100
241354,1,100
241364,1,100
241391,1,100
241481,1,100
241523,1,100
241571,1,100
241697,1,100
241707,1,100
241912,1,100
242007,1,100
242115,1,100
242360,1,100
242375,1,100
242384,1,100
242489,1,100
242640,1,100
242661,1,100
242697,1,100
242757,1,100
242877,1,100
242927,1,100
242930,1,100
242992,1,100
243044,1,100
243054,1,100
243143,1,100
243174,1,100
243229,1,100
243275,1,100
243341,1,100
243478,1,100
243541,1,100
243542,1,100
243553,1,100
243567,1,100
243664,1,100
243673,1,100
243802,1,100
243825,1,100
244120,1,100
244200,1,100
244263,1,100
244284,1,100
244298,1,100
244335,1,100
244350,1,100
244533,1,100
244539,1,100
244588,1,100
244640,1,100
244742,1,100
244771,1,100
245032,1,100
245074,1,100
245235,1,100
245423,1,100
245489,1,100
245677,1,100
245679,1,100
245776,1,100
245820,1,100
245863,1,100
245925,1,100
246062,1,100
246064,1,100
246067,1,100
246134,1,100
246238,1,100
246306,1,100
246335,1,100
246424,1,100
246575,1,100
246628,1,100
246728,1,100
246736,1,100
246822,1,100
246904,1,100
247102,1,100
247108,1,100
247359,1,100
247431,1,100
247461,1,100
247474,1,100
247578,1,100
247658,1,100
247760,1,100
247833,1,100
248167,1,100
248195,1,100
248219,1,100
248238,1,100
248241,1,100
248287,1,100
248360,1,100
248538,1,100
248557,1,100
248643,1,100
248661,1,100
248678,1,100
248689,1,100
248768,1,100
248790,1,100
248862,1,100
248916,1,100
248923,1,100
248944,1,100
249062,1,100
249164,1,100
249264,1,100
249328,1,100
249356,1,100
249362,1,100
249405,1,100
249700,1,100
249734,1,100
249851,1,100
249892,1,100
249905,1,100
250062,1,100
250070,1,100
250084,1,100
250238,1,100
250300,1,100
250302,1,100
250351,1,100
250422,1,100
250442,1,100
250597,1,100
250673,1,100
251042,1,100
251134,1,100
251176,1,100
251186,1,100
251219,1,100
251277,1,100
251361,1,100
251397,1,100
251434,1,100
251701,1,100
251828,1,100
251909,1,100
252045,1,100
252090,1,100
252100,1,100
252254,1,100
252380,1,100
252493,1,100
252511,1,100
252562,1,100
252571,1,100
252651,1,100
252708,1,100
252777,1,100
253072,1,100
253102,1,100
253144,1,100
253197,1,100
253209,1,100
253507,1,100
253630,1,100
253746,1,100
253833,1,100
253836,1,100
254004,1,100
254040,1,100
254214,1,100
254257,1,100
254460,1,100
254537,1,100
254654,1,100
254812,1,100
254837,1,100
254887,1,100
254937,1,100
254941,1,100
255076,1,100
255103,1,100
255279,1,100
255280,1,100
255305,1,100
255337,1,100
255474,1,100
255501,1,100
255502,1,100
255553,1,100
255722,1,100
255723,1,100
255737,1,100
256095,1,100
256130,1,100
256414,1,100
256504,1,100
256510,1,100
256542,1,100
256585,1,100
256636,1,100
256652,1,100
256728,1,100
257059,1,100
257116,1,100
257429,1,100
257628,1,100
257681,1,100
257695,1,100
257708,1,100
257793,1,100
257987,1,100
258115,1,100
258136,1,100
258149,1,100
258223,1,100
258292,1,100
258300,1,100
258319,1,100
258465,1,100
258487,1,100
258494,1,100
258669,1,100
258670,1,100
259003,1,100
259321,1,100
259732,1,100
259800,1,100
259961,1,100
260058,1,100
260154,1,100
260255,1,100
260287,1,100
260344,1,100
260377,1,100
260447,1,100
260451,1,100
260482,1,100
260537,1,100
260557,1,100
260564,1,100
260689,1,100
260834,1,100
260854,1,100
260919,1,100
260928,1,100
261073,1,100
261201,1,100
261307,1,100
261353,1,100
261365,1,100
261498,1,100
261527,1,100
261550,1,100
261666,1,100
261917,1,100
262090,1,100
262261,1,100
262318,1,100
262364,1,100
262382,1,100
262534,1,100
262578,1,100
262628,1,100
262733,1,100
263071,1,100
263082,1,100
263138,1,100
263165,1,100
263184,1,100
263240,1,100
263274,1,100
263281,1,100
264014,1,100
264082,1,100
264094,1,100
264195,1,100
264513,1,100
264608,1,100
265401,1,100
265545,1,100
265619,1,100
265634,1,100
265815,1,100
265951,1,100
266064,1,100
266152,1,100
266211,1,100
266509,1,100
266585,1,100
266648,1,100
266658,1,100
267116,1,100
267587,1,100
267617,1,100
267617,1,100
267671,1,100
267740,1,100
268222,1,100
268491,1,100
268715,1,100
269079,1,100
269395,1,100
269438,1,100
269570,1,100
269594,1,100
270137,1,100
270480,1,100
270614,1,100
270728,1,100
270800,1,100
271041,1,100
271125,1,100
271610,1,100
271901,1,100
272200,1,100
272283,1,100
272359,1,100
272381,1,100
273096,1,100
273359,1,100
273400,1,100
273603,1,100
274050,1,100
274464,1,100
274546,1,100
274579,1,100
275094,1,100
275195,1,100
275310,1,100
276142,1,100
276595,1,100
276775,1,100
277159,1,100
277181,1,100
277273,1,100
278430,1,100
279200,1,100
279463,1,100
280183,1,100
280650,1,100
280935,1,100
280978,1,100
281700,1,100
281729,1,100
281759,1,100
281879,1,100
282049,1,100
282169,1,100
282403,1,100
282481,1,100
282516,1,100
282575,1,100
282623,1,100
282680,1,100
282898,1,100
283114,1,100
283125,1,100
283171,1,100
283419,1,100
283575,1,100
283594,1,100
283660,1,100
283670,1,100
284306,1,100
284344,1,100
285213,1,100
286175,1,100
286303,1,100
286360,1,100
286469,1,100
286489,1,100
286707,1,100
287181,1,100
287438,1,100
287501,1,100
288193,1,100
288545,1,100
288907,1,100
289392,1,100
289483,1,100
290308,1,100
