275,1,100
286,1,100
299,1,100
434,1,100
505,1,100
712,1,100
739,1,100
1073,1,100
1109,1,100
1778,1,100
1790,1,100
2112,1,100
2112,1,100
2590,1,100
2713,1,100
2773,1,100
2803,1,100
3106,1,100
3203,1,100
3206,1,100
3213,1,100
3431,1,100
3453,1,100
3825,1,100
4075,1,100
4156,1,100
4157,1,100
4179,1,100
4378,1,100
4553,1,100
4561,1,100
4611,1,100
4702,1,100
4921,1,100
5020,1,100
5079,1,100
5150,1,100
5252,1,100
5533,1,100
5567,1,100
5898,1,100
6032,1,100
6078,1,100
6083,1,100
6193,1,100
6552,1,100
7070,1,100
7078,1,100
7223,1,100
7282,1,100
7507,1,100
7730,1,100
7753,1,100
7916,1,100
8623,1,100
8817,1,100
9009,1,100
9096,1,100
9116,1,100
9137,1,100
9145,1,100
9180,1,100
9262,1,100
9341,1,100
9423,1,100
9625,1,100
9630,1,100
9637,1,100
9678,1,100
9699,1,100
9831,1,100
9916,1,100
9949,1,100
9981,1,100
10024,1,100
10051,1,100
10070,1,100
10142,1,100
10514,1,100
10560,1,100
10839,1,100
10839,1,100
10930,1,100
10931,1,100
10934,1,100
11022,1,100
11064,1,100
11464,1,100
11645,1,100
11745,1,100
11818,1,100
11861,1,100
11939,1,100
12243,1,100
12278,1,100
12319,1,100
12373,1,100
12592,1,100
12631,1,100
12739,1,100
12766,1,100
13002,1,100
13225,1,100
13334,1,100
13753,1,100
14061,1,100
14066,1,100
14105,1,100
14133,1,100
14268,1,100
14323,1,100
14328,1,100
14331,1,100
14357,1,100
14379,1,100
14532,1,100
14588,1,100
14653,1,100
14711,1,100
14770,1,100
14878,1,100
15024,1,100
15317,1,100
15318,1,100
15372,1,100
15477,1,100
15573,1,100
15579,1,100
16012,1,100
16202,1,100
16238,1,100
16252,1,100
16281,1,100
16363,1,100
16547,1,100
17838,1,100
17907,1,100
18313,1,100
18322,1,100
18425,1,100
18516,1,100
18631,1,100
18688,1,100
19346,1,100
19586,1,100
19731,1,100
19954,1,100
20056,1,100
20122,1,100
20236,1,100
20340,1,100
20383,1,100
20419,1,100
20442,1,100
20477,1,100
20519,1,100
20528,1,100
20546,1,100
20550,1,100
20554,1,100
20564,1,100
20686,1,100
20712,1,100
20751,1,100
20773,1,100
20816,1,100
21007,1,100
21117,1,100
21119,1,100
21240,1,100
21286,1,100
21291,1,100
21564,1,100
21803,1,100
22014,1,100
22070,1,100
22135,1,100
22184,1,100
22204,1,100
22223,1,100
22272,1,100
22430,1,100
22462,1,100
22568,1,100
23024,1,100
23028,1,100
23058,1,100
23058,1,100
23148,1,100
23158,1,100
23183,1,100
23193,1,100
23327,1,100
23368,1,100
23375,1,100
23396,1,100
23397,1,100
23488,1,100
23586,1,100
24006,1,100
24401,1,100
24737,1,100
24787,1,100
24802,1,100
25184,1,100
25453,1,100
25507,1,100
25865,1,100
25967,1,100
26018,1,100
26043,1,100
26095,1,100
26220,1,100
26292,1,100
26367,1,100
26406,1,100
26493,1,100
26823,1,100
27016,1,100
27039,1,100
27058,1,100
27077,1,100
27115,1,100
27152,1,100
27160,1,100
27183,1,100
27196,1,100
27320,1,100
27466,1,100
27562,1,100
27580,1,100
28481,1,100
28549,1,100
28657,1,100
28727,1,100
28734,1,100
29108,1,100
29113,1,100
29121,1,100
29458,1,100
29574,1,100
29602,1,100
29756,1,100
29935,1,100
30008,1,100
30098,1,100
30268,1,100
30304,1,100
30408,1,100
30490,1,100
30582,1,100
30596,1,100
30691,1,100
30738,1,100
31018,1,100
31035,1,100
31104,1,100
31145,1,100
31233,1,100
32040,1,100
32128,1,100
32138,1,100
32138,1,100
32250,1,100
32266,1,100
32266,1,100
32285,1,100
32355,1,100
32392,1,100
32445,1,100
32448,1,100
32464,1,100
32510,1,100
32513,1,100
32572,1,100
32584,1,100
32603,1,100
32668,1,100
32677,1,100
32701,1,100
32745,1,100
32755,1,100
32758,1,100
32763,1,100
33167,1,100
33168,1,100
33227,1,100
33295,1,100
33300,1,100
33337,1,100
33405,1,100
33499,1,100
33560,1,100
33579,1,100
33693,1,100
33986,1,100
34169,1,100
34178,1,100
34284,1,100
34307,1,100
34344,1,100
34411,1,100
34465,1,100
34527,1,100
34555,1,100
34569,1,100
34729,1,100
34788,1,100
34970,1,100
35028,1,100
35057,1,100
35140,1,100
35264,1,100
35440,1,100
35625,1,100
35827,1,100
36094,1,100
36178,1,100
36236,1,100
36249,1,100
36271,1,100
36387,1,100
36391,1,100
36417,1,100
36434,1,100
36573,1,100
36613,1,100
36760,1,100
37017,1,100
37038,1,100
37087,1,100
37124,1,100
37193,1,100
37200,1,100
37326,1,100
37346,1,100
37385,1,100
37411,1,100
37544,1,100
37635,1,100
37672,1,100
37758,1,100
37808,1,100
38041,1,100
38053,1,100
38164,1,100
38217,1,100
38285,1,100
38355,1,100
38439,1,100
38451,1,100
38460,1,100
38464,1,100
38505,1,100
38557,1,100
38620,1,100
39021,1,100
39025,1,100
39061,1,100
39190,1,100
39200,1,100
39226,1,100
39239,1,100
39269,1,100
39506,1,100
39581,1,100
39613,1,100
39640,1,100
39717,1,100
39802,1,100
40208,1,100
40283,1,100
40295,1,100
40490,1,100
40635,1,100
40813,1,100
40818,1,100
40856,1,100
41143,1,100
41156,1,100
41202,1,100
41208,1,100
41223,1,100
41251,1,100
41301,1,100
41362,1,100
41704,1,100
41844,1,100
41852,1,100
41910,1,100
42160,1,100
42173,1,100
42360,1,100
42525,1,100
42549,1,100
42591,1,100
42610,1,100
42643,1,100
42771,1,100
42917,1,100
42986,1,100
43166,1,100
43171,1,100
43173,1,100
43285,1,100
43381,1,100
43385,1,100
43637,1,100
43793,1,100
43821,1,100
43845,1,100
43929,1,100
44015,1,100
44082,1,100
44128,1,100
44145,1,100
44172,1,100
44184,1,100
44238,1,100
44250,1,100
44252,1,100
44258,1,100
44290,1,100
44339,1,100
44361,1,100
44393,1,100
44464,1,100
44484,1,100
44490,1,100
44520,1,100
44575,1,100
44632,1,100
44636,1,100
44675,1,100
44711,1,100
44851,1,100
44885,1,100
45021,1,100
45033,1,100
45037,1,100
45052,1,100
45163,1,100
45222,1,100
45245,1,100
45340,1,100
45391,1,100
45436,1,100
45441,1,100
45462,1,100
45466,1,100
45468,1,100
45520,1,100
45526,1,100
45551,1,100
45553,1,100
45564,1,100
45579,1,100
45640,1,100
45658,1,100
45700,1,100
45702,1,100
45721,1,100
45734,1,100
45753,1,100
45762,1,100
46017,1,100
46023,1,100
46065,1,100
46131,1,100
46156,1,100
46171,1,100
46563,1,100
46724,1,100
46769,1,100
46815,1,100
46926,1,100
46928,1,100
46931,1,100
46951,1,100
46954,1,100
47009,1,100
47016,1,100
47035,1,100
47050,1,100
47076,1,100
47089,1,100
47130,1,100
47156,1,100
47180,1,100
47186,1,100
47218,1,100
47232,1,100
47254,1,100
47268,1,100
47271,1,100
47281,1,100
47305,1,100
47448,1,100
47490,1,100
47568,1,100
47577,1,100
47587,1,100
47622,1,100
47685,1,100
47690,1,100
47723,1,100
47787,1,100
47826,1,100
47999,1,100
48002,1,100
48059,1,100
48060,1,100
48067,1,100
48068,1,100
48069,1,100
48155,1,100
48168,1,100
48179,1,100
48185,1,100
48202,1,100
48223,1,100
48226,1,100
48234,1,100
48247,1,100
48341,1,100
48385,1,100
48392,1,100
48404,1,100
48414,1,100
48432,1,100
48469,1,100
48618,1,100
48758,1,100
49048,1,100
49129,1,100
49155,1,100
49251,1,100
49362,1,100
49384,1,100
49402,1,100
49506,1,100
49573,1,100
49685,1,100
49750,1,100
49781,1,100
49800,1,100
49816,1,100
49821,1,100
49823,1,100
49896,1,100
49908,1,100
49924,1,100
49934,1,100
49954,1,100
49962,1,100
50014,1,100
50058,1,100
50124,1,100
50139,1,100
50193,1,100
50207,1,100
50213,1,100
50298,1,100
50337,1,100
50351,1,100
50353,1,100
50355,1,100
50416,1,100
50477,1,100
50516,1,100
50660,1,100
50662,1,100
50709,1,100
50711,1,100
50801,1,100
50907,1,100
50941,1,100
50970,1,100
50985,1,100
51000,1,100
51044,1,100
51078,1,100
51084,1,100
51220,1,100
51277,1,100
51354,1,100
51522,1,100
51542,1,100
51587,1,100
51629,1,100
51641,1,100
51717,1,100
51722,1,100
51844,1,100
51865,1,100
51868,1,100
51916,1,100
51952,1,100
52012,1,100
52024,1,100
52133,1,100
52162,1,100
52243,1,100
52403,1,100
52407,1,100
52422,1,100
52642,1,100
52646,1,100
52676,1,100
52676,1,100
52713,1,100
52723,1,100
52926,1,100
52978,1,100
52988,1,100
52991,1,100
53030,1,100
53071,1,100
53124,1,100
53145,1,100
53161,1,100
53290,1,100
53320,1,100
53402,1,100
53429,1,100
53531,1,100
53534,1,100
53544,1,100
53571,1,100
53627,1,100
53646,1,100
53652,1,100
53776,1,100
53840,1,100
53849,1,100
53872,1,100
53947,1,100
53952,1,100
54060,1,100
54093,1,100
54105,1,100
54123,1,100
54151,1,100
54192,1,100
54194,1,100
54339,1,100
54535,1,100
54550,1,100
54613,1,100
54681,1,100
54707,1,100
54710,1,100
54741,1,100
54763,1,100
54771,1,100
54834,1,100
54848,1,100
54872,1,100
54910,1,100
54999,1,100
55016,1,100
55024,1,100
55038,1,100
55084,1,100
55088,1,100
55131,1,100
55191,1,100
55253,1,100
55289,1,100
55410,1,100
55419,1,100
55431,1,100
55477,1,100
55491,1,100
55493,1,100
55677,1,100
55705,1,100
55728,1,100
55783,1,100
55785,1,100
56003,1,100
56012,1,100
56013,1,100
56049,1,100
56095,1,100
56101,1,100
56124,1,100
56188,1,100
56208,1,100
56250,1,100
56281,1,100
56347,1,100
56361,1,100
56387,1,100
56391,1,100
56392,1,100
56468,1,100
56527,1,100
56561,1,100
56565,1,100
56567,1,100
56573,1,100
56578,1,100
56682,1,100
56692,1,100
56750,1,100
56760,1,100
56774,1,100
56864,1,100
56882,1,100
56884,1,100
56917,1,100
56996,1,100
57001,1,100
57002,1,100
57032,1,100
57052,1,100
57062,1,100
57106,1,100
57124,1,100
57127,1,100
57130,1,100
57131,1,100
57138,1,100
57185,1,100
57215,1,100
57223,1,100
57289,1,100
57313,1,100
57349,1,100
57383,1,100
57394,1,100
57461,1,100
57472,1,100
57500,1,100
57528,1,100
57594,1,100
57631,1,100
57655,1,100
57721,1,100
57731,1,100
57793,1,100
57854,1,100
57900,1,100
58019,1,100
58021,1,100
58029,1,100
58063,1,100
58065,1,100
58070,1,100
58084,1,100
58095,1,100
58110,1,100
58122,1,100
58182,1,100
58184,1,100
58196,1,100
58218,1,100
58222,1,100
58244,1,100
58273,1,100
58301,1,100
58364,1,100
58433,1,100
58488,1,100
58544,1,100
58561,1,100
58564,1,100
58585,1,100
58587,1,100
58592,1,100
58630,1,100
58641,1,100
58647,1,100
58665,1,100
58668,1,100
58773,1,100
58801,1,100
58901,1,100
58913,1,100
58933,1,100
58946,1,100
58956,1,100
59001,1,100
59020,1,100
59049,1,100
59077,1,100
59135,1,100
59184,1,100
59231,1,100
59265,1,100
59347,1,100
59363,1,100
59402,1,100
59409,1,100
59409,1,100
59428,1,100
59450,1,100
59575,1,100
59576,1,100
59584,1,100
59588,1,100
59668,1,100
59679,1,100
59709,1,100
59715,1,100
59744,1,100
59804,1,100
59816,1,100
59855,1,100
60093,1,100
60094,1,100
60144,1,100
60180,1,100
60190,1,100
60194,1,100
60203,1,100
60211,1,100
60233,1,100
60259,1,100
60365,1,100
60407,1,100
60440,1,100
60495,1,100
60495,1,100
60508,1,100
60508,1,100
60512,1,100
60545,1,100
60545,1,100
60567,1,100
60567,1,100
60618,1,100
60630,1,100
60648,1,100
60701,1,100
60792,1,100
60858,1,100
60875,1,100
60881,1,100
61004,1,100
61012,1,100
61040,1,100
61061,1,100
61066,1,100
61073,1,100
61089,1,100
61123,1,100
61146,1,100
61170,1,100
61189,1,100
61197,1,100
61218,1,100
61259,1,100
61342,1,100
61369,1,100
61378,1,100
61409,1,100
61418,1,100
61435,1,100
61442,1,100
61456,1,100
61562,1,100
61588,1,100
61607,1,100
61628,1,100
61805,1,100
61854,1,100
61871,1,100
61918,1,100
62039,1,100
62053,1,100
62059,1,100
62060,1,100
62097,1,100
62140,1,100
62200,1,100
62259,1,100
62278,1,100
62280,1,100
62285,1,100
62316,1,100
62337,1,100
62344,1,100
62348,1,100
62381,1,100
62382,1,100
62420,1,100
62425,1,100
62425,1,100
62522,1,100
62530,1,100
62579,1,100
62621,1,100
62625,1,100
62655,1,100
62679,1,100
62700,1,100
62739,1,100
63021,1,100
63066,1,100
63087,1,100
63098,1,100
63174,1,100
63180,1,100
63298,1,100
63326,1,100
63382,1,100
63439,1,100
63447,1,100
63470,1,100
63498,1,100
63613,1,100
63635,1,100
63718,1,100
63723,1,100
63761,1,100
63844,1,100
63877,1,100
63920,1,100
63945,1,100
63978,1,100
64042,1,100
64136,1,100
64137,1,100
64223,1,100
64229,1,100
64236,1,100
64244,1,100
64269,1,100
64296,1,100
64297,1,100
64308,1,100
64349,1,100
64352,1,100
64381,1,100
64382,1,100
64429,1,100
64450,1,100
64469,1,100
64491,1,100
64506,1,100
64508,1,100
64525,1,100
64541,1,100
64579,1,100
64610,1,100
64617,1,100
64769,1,100
64777,1,100
64864,1,100
64869,1,100
64995,1,100
65005,1,100
65010,1,100
65046,1,100
65063,1,100
65090,1,100
65129,1,100
65142,1,100
65151,1,100
65162,1,100
65179,1,100
65210,1,100
65272,1,100
65291,1,100
65310,1,100
65349,1,100
65411,1,100
65456,1,100
65484,1,100
65496,1,100
65507,1,100
65626,1,100
65638,1,100
65657,1,100
65747,1,100
65772,1,100
65780,1,100
65891,1,100
65891,1,100
65898,1,100
65911,1,100
65933,1,100
65972,1,100
65983,1,100
66006,1,100
66008,1,100
66010,1,100
66076,1,100
66078,1,100
66173,1,100
66229,1,100
66262,1,100
66311,1,100
66357,1,100
66418,1,100
66464,1,100
66467,1,100
66482,1,100
66487,1,100
66556,1,100
66598,1,100
66616,1,100
66671,1,100
66683,1,100
66691,1,100
66730,1,100
66738,1,100
66771,1,100
66930,1,100
66946,1,100
67005,1,100
67031,1,100
67057,1,100
67077,1,100
67078,1,100
67081,1,100
67090,1,100
67193,1,100
67248,1,100
67265,1,100
67270,1,100
67322,1,100
67360,1,100
67363,1,100
67483,1,100
67523,1,100
67530,1,100
67547,1,100
67561,1,100
67586,1,100
67635,1,100
67672,1,100
67721,1,100
67723,1,100
67728,1,100
67799,1,100
67816,1,100
67848,1,100
67867,1,100
67922,1,100
67944,1,100
67953,1,100
67960,1,100
67971,1,100
67990,1,100
68045,1,100
68056,1,100
68087,1,100
68089,1,100
68090,1,100
68106,1,100
68128,1,100
68179,1,100
68200,1,100
68201,1,100
68208,1,100
68210,1,100
68229,1,100
68235,1,100
68245,1,100
68267,1,100
68275,1,100
68332,1,100
68334,1,100
68357,1,100
68366,1,100
68369,1,100
68408,1,100
68411,1,100
68414,1,100
68419,1,100
68421,1,100
68423,1,100
68424,1,100
68457,1,100
68470,1,100
68503,1,100
68539,1,100
68557,1,100
68587,1,100
68597,1,100
68727,1,100
68776,1,100
68793,1,100
68822,1,100
68836,1,100
68838,1,100
68846,1,100
68862,1,100
68875,1,100
68889,1,100
68977,1,100
68985,1,100
68988,1,100
69026,1,100
69028,1,100
69030,1,100
69032,1,100
69035,1,100
69037,1,100
69040,1,100
69052,1,100
69052,1,100
69053,1,100
69067,1,100
69092,1,100
69152,1,100
69158,1,100
69173,1,100
69178,1,100
69214,1,100
69252,1,100
69275,1,100
69306,1,100
69323,1,100
69338,1,100
69361,1,100
69362,1,100
69395,1,100
69427,1,100
69445,1,100
69448,1,100
69457,1,100
69462,1,100
69479,1,100
69483,1,100
69516,1,100
69537,1,100
69544,1,100
69593,1,100
69606,1,100
69614,1,100
69631,1,100
69653,1,100
69656,1,100
69657,1,100
69691,1,100
69721,1,100
69773,1,100
69780,1,100
69812,1,100
69832,1,100
69864,1,100
69866,1,100
69866,1,100
70014,1,100
70040,1,100
70046,1,100
70052,1,100
70079,1,100
70092,1,100
70097,1,100
70113,1,100
70140,1,100
70141,1,100
70168,1,100
70179,1,100
70199,1,100
70226,1,100
70242,1,100
70243,1,100
70243,1,100
70252,1,100
70276,1,100
70276,1,100
70317,1,100
70364,1,100
70406,1,100
70485,1,100
70569,1,100
70583,1,100
70590,1,100
70696,1,100
70700,1,100
70742,1,100
70798,1,100
70808,1,100
70816,1,100
70820,1,100
70838,1,100
70881,1,100
70892,1,100
70920,1,100
70928,1,100
70930,1,100
70993,1,100
71007,1,100
71013,1,100
71021,1,100
71025,1,100
71039,1,100
71044,1,100
71075,1,100
71146,1,100
71150,1,100
71156,1,100
71186,1,100
71194,1,100
71196,1,100
71198,1,100
71240,1,100
71244,1,100
71261,1,100
71282,1,100
71282,1,100
71321,1,100
71391,1,100
71427,1,100
71436,1,100
71471,1,100
71569,1,100
71575,1,100
71594,1,100
71599,1,100
71610,1,100
71623,1,100
71644,1,100
71651,1,100
71652,1,100
71702,1,100
71739,1,100
71755,1,100
71767,1,100
71774,1,100
71809,1,100
71826,1,100
71898,1,100
71929,1,100
71940,1,100
71956,1,100
71961,1,100
71966,1,100
72032,1,100
72040,1,100
72040,1,100
72044,1,100
72055,1,100
72074,1,100
72083,1,100
72169,1,100
72174,1,100
72212,1,100
72258,1,100
72290,1,100
72336,1,100
72357,1,100
72373,1,100
72396,1,100
72575,1,100
72583,1,100
72592,1,100
72616,1,100
72627,1,100
72631,1,100
72634,1,100
72638,1,100
72695,1,100
72727,1,100
72772,1,100
72788,1,100
72817,1,100
72834,1,100
72873,1,100
72889,1,100
72910,1,100
72949,1,100
72955,1,100
72956,1,100
72958,1,100
72964,1,100
72986,1,100
73019,1,100
73031,1,100
73032,1,100
73052,1,100
73088,1,100
73095,1,100
73096,1,100
73115,1,100
73135,1,100
73172,1,100
73190,1,100
73283,1,100
73287,1,100
73293,1,100
73304,1,100
73327,1,100
73337,1,100
73360,1,100
73364,1,100
73370,1,100
73371,1,100
73395,1,100
73399,1,100
73471,1,100
73477,1,100
73481,1,100
73514,1,100
73528,1,100
73580,1,100
73587,1,100
73615,1,100
73634,1,100
73683,1,100
73721,1,100
73736,1,100
73754,1,100
73754,1,100
73786,1,100
73827,1,100
73900,1,100
73910,1,100
73913,1,100
73919,1,100
73941,1,100
74016,1,100
74120,1,100
74126,1,100
74130,1,100
74188,1,100
74215,1,100
74235,1,100
74249,1,100
74264,1,100
74272,1,100
74355,1,100
74369,1,100
74398,1,100
74405,1,100
74418,1,100
74423,1,100
74461,1,100
74538,1,100
74545,1,100
74550,1,100
74583,1,100
74589,1,100
74613,1,100
74643,1,100
74662,1,100
74670,1,100
74670,1,100
74685,1,100
74699,1,100
74717,1,100
74721,1,100
74740,1,100
74812,1,100
74840,1,100
74887,1,100
74942,1,100
74992,1,100
75002,1,100
75040,1,100
75048,1,100
75052,1,100
75071,1,100
75073,1,100
75076,1,100
75088,1,100
75089,1,100
75100,1,100
75106,1,100
75110,1,100
75176,1,100
75177,1,100
75193,1,100
75201,1,100
75205,1,100
75217,1,100
75224,1,100
75242,1,100
75248,1,100
75328,1,100
75334,1,100
75352,1,100
75371,1,100
75375,1,100
75376,1,100
75391,1,100
75393,1,100
75395,1,100
75421,1,100
75437,1,100
75439,1,100
75447,1,100
75449,1,100
75487,1,100
75513,1,100
75544,1,100
75585,1,100
75599,1,100
75605,1,100
75611,1,100
75616,1,100
75623,1,100
75700,1,100
75720,1,100
76016,1,100
76059,1,100
76071,1,100
76086,1,100
76105,1,100
76113,1,100
76128,1,100
76185,1,100
76208,1,100
76209,1,100
76236,1,100
76244,1,100
76309,1,100
76330,1,100
76333,1,100
76340,1,100
76368,1,100
76396,1,100
76431,1,100
76435,1,100
76438,1,100
76449,1,100
76452,1,100
76465,1,100
76465,1,100
76475,1,100
76477,1,100
76581,1,100
76625,1,100
76634,1,100
76682,1,100
76731,1,100
76751,1,100
76771,1,100
76773,1,100
76815,1,100
76824,1,100
76847,1,100
76851,1,100
76887,1,100
76894,1,100
77015,1,100
77026,1,100
77052,1,100
77106,1,100
77132,1,100
77132,1,100
77150,1,100
77172,1,100
77204,1,100
77204,1,100
77212,1,100
77303,1,100
77311,1,100
77340,1,100
77364,1,100
77393,1,100
77393,1,100
77425,1,100
77434,1,100
77450,1,100
77469,1,100
77496,1,100
77516,1,100
77553,1,100
77575,1,100
77621,1,100
77646,1,100
77698,1,100
77720,1,100
77729,1,100
77729,1,100
77729,1,100
77847,1,100
77875,1,100
77882,1,100
77902,1,100
77932,1,100
77981,1,100
78003,1,100
78030,1,100
78034,1,100
78040,1,100
78059,1,100
78066,1,100
78077,1,100
78136,1,100
78141,1,100
78197,1,100
78239,1,100
78274,1,100
78291,1,100
78306,1,100
78388,1,100
78395,1,100
78410,1,100
78428,1,100
78458,1,100
78482,1,100
78534,1,100
78549,1,100
78553,1,100
78566,1,100
78596,1,100
78608,1,100
78610,1,100
78631,1,100
78647,1,100
78669,1,100
78698,1,100
78709,1,100
78764,1,100
78794,1,100
78817,1,100
78826,1,100
78831,1,100
78840,1,100
78874,1,100
78918,1,100
78935,1,100
78969,1,100
79001,1,100
79009,1,100
79020,1,100
79101,1,100
79161,1,100
79169,1,100
79177,1,100
79215,1,100
79241,1,100
79255,1,100
79264,1,100
79280,1,100
79299,1,100
79385,1,100
79396,1,100
79405,1,100
79406,1,100
79412,1,100
79431,1,100
79434,1,100
79443,1,100
79461,1,100
79473,1,100
79525,1,100
79545,1,100
79555,1,100
79595,1,100
79634,1,100
79771,1,100
79780,1,100
79782,1,100
79788,1,100
79839,1,100
79843,1,100
79849,1,100
79875,1,100
79896,1,100
79941,1,100
79945,1,100
79963,1,100
80016,1,100
80094,1,100
80102,1,100
80125,1,100
80126,1,100
80140,1,100
80156,1,100
80161,1,100
80161,1,100
80185,1,100
80191,1,100
80195,1,100
80208,1,100
80209,1,100
80246,1,100
80280,1,100
80298,1,100
80309,1,100
80316,1,100
80317,1,100
80322,1,100
80357,1,100
80371,1,100
80373,1,100
80402,1,100
80403,1,100
80415,1,100
80451,1,100
80468,1,100
80471,1,100
80478,1,100
80490,1,100
80501,1,100
80540,1,100
80542,1,100
80544,1,100
80547,1,100
80575,1,100
80602,1,100
80606,1,100
80606,1,100
80629,1,100
80651,1,100
80653,1,100
80687,1,100
80689,1,100
80694,1,100
80700,1,100
80732,1,100
80801,1,100
80804,1,100
80810,1,100
80861,1,100
80885,1,100
80918,1,100
80931,1,100
80943,1,100
80945,1,100
81026,1,100
81051,1,100
81057,1,100
81062,1,100
81064,1,100
81076,1,100
81087,1,100
81120,1,100
81134,1,100
81143,1,100
81149,1,100
81201,1,100
81201,1,100
81246,1,100
81269,1,100
81310,1,100
81334,1,100
81341,1,100
81344,1,100
81389,1,100
81390,1,100
81393,1,100
81417,1,100
81432,1,100
81448,1,100
81465,1,100
81470,1,100
81482,1,100
81484,1,100
81485,1,100
81486,1,100
81509,1,100
81525,1,100
81534,1,100
81544,1,100
81573,1,100
81578,1,100
81588,1,100
81605,1,100
81607,1,100
81611,1,100
81617,1,100
81638,1,100
81646,1,100
81670,1,100
81679,1,100
81683,1,100
81689,1,100
82000,1,100
82014,1,100
82033,1,100
82051,1,100
82061,1,100
82064,1,100
82069,1,100
82093,1,100
82102,1,100
82110,1,100
82113,1,100
82114,1,100
82119,1,100
82121,1,100
82130,1,100
82142,1,100
82162,1,100
82177,1,100
82185,1,100
82187,1,100
82218,1,100
82221,1,100
82259,1,100
82286,1,100
82304,1,100
82340,1,100
82359,1,100
82360,1,100
82364,1,100
82400,1,100
82432,1,100
82436,1,100
82448,1,100
82460,1,100
82463,1,100
82464,1,100
82472,1,100
82487,1,100
82515,1,100
82542,1,100
82544,1,100
82548,1,100
82558,1,100
82558,1,100
82566,1,100
82572,1,100
82575,1,100
82582,1,100
83005,1,100
83041,1,100
83044,1,100
83052,1,100
83074,1,100
83083,1,100
83090,1,100
83138,1,100
83138,1,100
83148,1,100
83152,1,100
83160,1,100
83168,1,100
83186,1,100
83209,1,100
83210,1,100
83214,1,100
83236,1,100
83239,1,100
83262,1,100
83301,1,100
83336,1,100
83355,1,100
83375,1,100
83375,1,100
83376,1,100
83376,1,100
83392,1,100
83403,1,100
83414,1,100
83433,1,100
83444,1,100
83449,1,100
83474,1,100
83526,1,100
83535,1,100
83566,1,100
83570,1,100
83596,1,100
83599,1,100
83609,1,100
83610,1,100
83619,1,100
83629,1,100
83634,1,100
83635,1,100
83638,1,100
84074,1,100
84094,1,100
84107,1,100
84112,1,100
84118,1,100
84125,1,100
84138,1,100
84151,1,100
84156,1,100
84207,1,100
84210,1,100
84240,1,100
84245,1,100
84253,1,100
84265,1,100
84266,1,100
84281,1,100
84336,1,100
84338,1,100
84349,1,100
84423,1,100
84449,1,100
84469,1,100
84482,1,100
84525,1,100
84536,1,100
84544,1,100
84557,1,100
84580,1,100
84580,1,100
84612,1,100
84654,1,100
84661,1,100
84670,1,100
84674,1,100
84677,1,100
84682,1,100
84699,1,100
84738,1,100
84746,1,100
84801,1,100
84838,1,100
84847,1,100
84848,1,100
85038,1,100
85077,1,100
85093,1,100
85095,1,100
85098,1,100
85119,1,100
85126,1,100
85140,1,100
85173,1,100
85185,1,100
85201,1,100
85202,1,100
85248,1,100
85278,1,100
85308,1,100
85311,1,100
85317,1,100
85318,1,100
85333,1,100
85337,1,100
85353,1,100
85371,1,100
85402,1,100
85431,1,100
85446,1,100
85449,1,100
85485,1,100
85486,1,100
85508,1,100
85530,1,100
85532,1,100
85535,1,100
85545,1,100
85564,1,100
85569,1,100
85580,1,100
85654,1,100
85655,1,100
85689,1,100
85728,1,100
85741,1,100
85744,1,100
85833,1,100
85852,1,100
85868,1,100
85937,1,100
85994,1,100
86033,1,100
86041,1,100
86049,1,100
86060,1,100
86066,1,100
86085,1,100
86109,1,100
86167,1,100
86185,1,100
86207,1,100
86209,1,100
86272,1,100
86274,1,100
86285,1,100
86324,1,100
86337,1,100
86342,1,100
86435,1,100
86449,1,100
86480,1,100
86519,1,100
86557,1,100
86599,1,100
86615,1,100
86660,1,100
86670,1,100
86693,1,100
86700,1,100
86707,1,100
86710,1,100
86725,1,100
86742,1,100
86754,1,100
86790,1,100
86830,1,100
86863,1,100
86898,1,100
86961,1,100
86971,1,100
86972,1,100
86997,1,100
87013,1,100
87036,1,100
87045,1,100
87050,1,100
87060,1,100
87068,1,100
87078,1,100
87083,1,100
87093,1,100
87124,1,100
87128,1,100
87168,1,100
87203,1,100
87214,1,100
87270,1,100
87274,1,100
87292,1,100
87295,1,100
87328,1,100
87366,1,100
87380,1,100
87392,1,100
87393,1,100
87424,1,100
87455,1,100
87466,1,100
87486,1,100
87497,1,100
87523,1,100
87528,1,100
87530,1,100
87564,1,100
87603,1,100
87630,1,100
87632,1,100
87667,1,100
87702,1,100
87711,1,100
87724,1,100
87759,1,100
87845,1,100
87859,1,100
87870,1,100
87887,1,100
87972,1,100
87992,1,100
88000,1,100
88008,1,100
88016,1,100
88016,1,100
88034,1,100
88043,1,100
88044,1,100
88071,1,100
88089,1,100
88104,1,100
88107,1,100
88115,1,100
88132,1,100
88146,1,100
88150,1,100
88189,1,100
88193,1,100
88207,1,100
88269,1,100
88278,1,100
88294,1,100
88308,1,100
88335,1,100
88340,1,100
88419,1,100
88428,1,100
88437,1,100
88438,1,100
88440,1,100
88459,1,100
88472,1,100
88473,1,100
88489,1,100
88500,1,100
88503,1,100
88518,1,100
88526,1,100
88577,1,100
88605,1,100
88657,1,100
88679,1,100
88720,1,100
88728,1,100
88734,1,100
88763,1,100
88788,1,100
88789,1,100
88810,1,100
88861,1,100
88881,1,100
88884,1,100
89044,1,100
89083,1,100
89099,1,100
89118,1,100
89124,1,100
89128,1,100
89170,1,100
89180,1,100
89197,1,100
89232,1,100
89315,1,100
89319,1,100
89328,1,100
89332,1,100
89337,1,100
89347,1,100
89418,1,100
89421,1,100
89461,1,100
89480,1,100
89485,1,100
89489,1,100
89504,1,100
89539,1,100
89542,1,100
89587,1,100
89623,1,100
89637,1,100
89643,1,100
89678,1,100
89699,1,100
89749,1,100
89779,1,100
89800,1,100
89815,1,100
89816,1,100
89877,1,100
89903,1,100
89906,1,100
89924,1,100
89943,1,100
89947,1,100
89967,1,100
90035,1,100
90056,1,100
90072,1,100
90082,1,100
90108,1,100
90142,1,100
90216,1,100
90219,1,100
90258,1,100
90277,1,100
90280,1,100
90298,1,100
90308,1,100
90331,1,100
90362,1,100
90362,1,100
90376,1,100
90381,1,100
90469,1,100
90470,1,100
90471,1,100
90478,1,100
90530,1,100
90573,1,100
90578,1,100
90578,1,100
90579,1,100
90590,1,100
90611,1,100
90627,1,100
90638,1,100
90639,1,100
90702,1,100
90707,1,100
90714,1,100
90716,1,100
90733,1,100
90766,1,100
90810,1,100
90817,1,100
90826,1,100
90852,1,100
90866,1,100
90867,1,100
90894,1,100
90894,1,100
91000,1,100
91129,1,100
91135,1,100
91153,1,100
91227,1,100
91295,1,100
91316,1,100
91382,1,100
91385,1,100
91386,1,100
91396,1,100
91412,1,100
91417,1,100
91454,1,100
91521,1,100
91551,1,100
91562,1,100
91571,1,100
91577,1,100
91586,1,100
91590,1,100
91669,1,100
91681,1,100
91694,1,100
91730,1,100
91744,1,100
91754,1,100
91762,1,100
91763,1,100
91775,1,100
91877,1,100
91923,1,100
91956,1,100
91998,1,100
92008,1,100
92011,1,100
92018,1,100
92022,1,100
92027,1,100
92038,1,100
92051,1,100
92057,1,100
92095,1,100
92117,1,100
92123,1,100
92123,1,100
92124,1,100
92128,1,100
92130,1,100
92135,1,100
92149,1,100
92172,1,100
92172,1,100
92184,1,100
92188,1,100
92189,1,100
92194,1,100
92199,1,100
92202,1,100
92205,1,100
92224,1,100
92226,1,100
92252,1,100
92320,1,100
92342,1,100
92382,1,100
92383,1,100
92392,1,100
92393,1,100
92408,1,100
92434,1,100
92445,1,100
92446,1,100
92492,1,100
92511,1,100
92526,1,100
92532,1,100
92539,1,100
92546,1,100
92631,1,100
92639,1,100
92670,1,100
92695,1,100
92702,1,100
92705,1,100
92721,1,100
92796,1,100
92812,1,100
92825,1,100
92828,1,100
92841,1,100
92860,1,100
92863,1,100
92899,1,100
92903,1,100
92920,1,100
92922,1,100
92944,1,100
92965,1,100
92980,1,100
92985,1,100
92991,1,100
93005,1,100
93010,1,100
93012,1,100
93021,1,100
93040,1,100
93043,1,100
93049,1,100
93053,1,100
93065,1,100
93067,1,100
93069,1,100
93085,1,100
93092,1,100
93092,1,100
93102,1,100
93103,1,100
93108,1,100
93113,1,100
93115,1,100
93117,1,100
93164,1,100
93226,1,100
93233,1,100
93234,1,100
93237,1,100
93246,1,100
93250,1,100
93250,1,100
93284,1,100
93300,1,100
93355,1,100
93413,1,100
93419,1,100
93436,1,100
93461,1,100
93466,1,100
93492,1,100
93498,1,100
93582,1,100
93617,1,100
93635,1,100
93650,1,100
93661,1,100
93682,1,100
93693,1,100
93747,1,100
93768,1,100
93770,1,100
93786,1,100
93811,1,100
93820,1,100
93829,1,100
93837,1,100
93864,1,100
93888,1,100
93923,1,100
93943,1,100
93944,1,100
93955,1,100
93979,1,100
94008,1,100
94014,1,100
94017,1,100
94025,1,100
94053,1,100
94066,1,100
94078,1,100
94081,1,100
94087,1,100
94109,1,100
94109,1,100
94145,1,100
94158,1,100
94179,1,100
94216,1,100
94226,1,100
94232,1,100
94244,1,100
94266,1,100
94290,1,100
94298,1,100
94346,1,100
94362,1,100
94374,1,100
94398,1,100
94416,1,100
94427,1,100
94443,1,100
94481,1,100
94481,1,100
94513,1,100
94540,1,100
94559,1,100
94572,1,100
94583,1,100
94598,1,100
94617,1,100
94619,1,100
94661,1,100
94678,1,100
94686,1,100
94698,1,100
94800,1,100
94809,1,100
94833,1,100
94844,1,100
94862,1,100
94866,1,100
94915,1,100
94937,1,100
94947,1,100
94993,1,100
95002,1,100
95008,1,100
95037,1,100
95046,1,100
95061,1,100
95085,1,100
95097,1,100
95097,1,100
95100,1,100
95140,1,100
95146,1,100
95150,1,100
95158,1,100
95189,1,100
95225,1,100
95285,1,100
95321,1,100
95336,1,100
95351,1,100
95360,1,100
95372,1,100
95377,1,100
95394,1,100
95437,1,100
95510,1,100
95520,1,100
95555,1,100
95595,1,100
95598,1,100
95608,1,100
95640,1,100
95644,1,100
95662,1,100
95669,1,100
95672,1,100
95674,1,100
95680,1,100
95698,1,100
95698,1,100
95744,1,100
95746,1,100
95793,1,100
95805,1,100
95813,1,100
95851,1,100
95864,1,100
95923,1,100
95929,1,100
96049,1,100
96064,1,100
96092,1,100
96097,1,100
96103,1,100
96126,1,100
96153,1,100
96187,1,100
96198,1,100
96236,1,100
96259,1,100
96286,1,100
96331,1,100
96385,1,100
96388,1,100
96407,1,100
96415,1,100
96485,1,100
96536,1,100
96550,1,100
96564,1,100
96570,1,100
96571,1,100
96589,1,100
96598,1,100
96640,1,100
96650,1,100
96658,1,100
96671,1,100
96687,1,100
96716,1,100
96726,1,100
96741,1,100
96756,1,100
96793,1,100
96794,1,100
96843,1,100
96869,1,100
96932,1,100
96953,1,100
96967,1,100
96980,1,100
97009,1,100
97024,1,100
97028,1,100
97029,1,100
97032,1,100
97060,1,100
97068,1,100
97115,1,100
97125,1,100
97129,1,100
97138,1,100
97142,1,100
97169,1,100
97215,1,100
97234,1,100
97259,1,100
97271,1,100
97283,1,100
97288,1,100
97315,1,100
97350,1,100
97367,1,100
97378,1,100
97392,1,100
97398,1,100
97428,1,100
97452,1,100
97458,1,100
97472,1,100
97497,1,100
97497,1,100
97524,1,100
97538,1,100
97541,1,100
97645,1,100
97645,1,100
97656,1,100
97662,1,100
97679,1,100
97693,1,100
97707,1,100
97717,1,100
97729,1,100
97748,1,100
97799,1,100
97807,1,100
97817,1,100
97825,1,100
97828,1,100
97829,1,100
98004,1,100
98006,1,100
98015,1,100
98066,1,100
98070,1,100
98081,1,100
98102,1,100
98107,1,100
98110,1,100
98114,1,100
98126,1,100
98151,1,100
98154,1,100
98162,1,100
98174,1,100
98231,1,100
98236,1,100
98282,1,100
98301,1,100
98388,1,100
98389,1,100
98393,1,100
98457,1,100
98488,1,100
98488,1,100
98495,1,100
98515,1,100
98527,1,100
98531,1,100
98557,1,100
98571,1,100
98607,1,100
98624,1,100
98624,1,100
98655,1,100
98685,1,100
98699,1,100
98702,1,100
98710,1,100
98726,1,100
98727,1,100
98745,1,100
98790,1,100
98834,1,100
98858,1,100
98859,1,100
99013,1,100
99024,1,100
99033,1,100
99051,1,100
99095,1,100
99146,1,100
99156,1,100
99165,1,100
99184,1,100
99187,1,100
99200,1,100
99205,1,100
99263,1,100
99266,1,100
99269,1,100
99271,1,100
99291,1,100
99310,1,100
99314,1,100
99373,1,100
99381,1,100
99384,1,100
99437,1,100
99479,1,100
99502,1,100
99509,1,100
99568,1,100
99590,1,100
99611,1,100
99635,1,100
99735,1,100
99742,1,100
99748,1,100
99748,1,100
99779,1,100
99833,1,100
99880,1,100
99903,1,100
99915,1,100
99940,1,100
100003,1,100
100003,1,100
100005,1,100
100008,1,100
100034,1,100
100081,1,100
100088,1,100
100106,1,100
100108,1,100
100138,1,100
100155,1,100
100186,1,100
100201,1,100
100205,1,100
100219,1,100
100219,1,100
100241,1,100
100246,1,100
100250,1,100
100269,1,100
100288,1,100
100289,1,100
100329,1,100
100330,1,100
100349,1,100
100399,1,100
100409,1,100
100416,1,100
100419,1,100
100428,1,100
100433,1,100
100437,1,100
100477,1,100
100487,1,100
100499,1,100
100544,1,100
100568,1,100
100606,1,100
100637,1,100
100641,1,100
100692,1,100
100717,1,100
100740,1,100
100747,1,100
100796,1,100
100861,1,100
100927,1,100
100933,1,100
100951,1,100
101013,1,100
101075,1,100
101098,1,100
101142,1,100
101194,1,100
101209,1,100
101234,1,100
101273,1,100
101303,1,100
101310,1,100
101341,1,100
101374,1,100
101398,1,100
101403,1,100
101405,1,100
101420,1,100
101437,1,100
101467,1,100
101477,1,100
101528,1,100
101537,1,100
101597,1,100
101616,1,100
101661,1,100
101687,1,100
101713,1,100
101718,1,100
101768,1,100
101783,1,100
101792,1,100
101796,1,100
101799,1,100
101816,1,100
101837,1,100
101854,1,100
101909,1,100
101918,1,100
101919,1,100
101928,1,100
101933,1,100
101943,1,100
101943,1,100
101950,1,100
102008,1,100
102036,1,100
102044,1,100
102053,1,100
102067,1,100
102084,1,100
102110,1,100
102112,1,100
102156,1,100
102168,1,100
102170,1,100
102171,1,100
102175,1,100
102206,1,100
102227,1,100
102243,1,100
102271,1,100
102280,1,100
102313,1,100
102359,1,100
102362,1,100
102368,1,100
102382,1,100
102398,1,100
102419,1,100
102443,1,100
102467,1,100
102478,1,100
102484,1,100
102548,1,100
102557,1,100
102570,1,100
102595,1,100
102613,1,100
102641,1,100
102650,1,100
102702,1,100
102799,1,100
102806,1,100
102821,1,100
102866,1,100
103035,1,100
103051,1,100
103101,1,100
103126,1,100
103131,1,100
103190,1,100
103205,1,100
103261,1,100
103275,1,100
103275,1,100
103364,1,100
103386,1,100
103425,1,100
103474,1,100
103483,1,100
103488,1,100
103493,1,100
103524,1,100
103544,1,100
103557,1,100
103591,1,100
103603,1,100
103612,1,100
103625,1,100
103631,1,100
103646,1,100
103658,1,100
103717,1,100
103780,1,100
103790,1,100
103799,1,100
103836,1,100
104008,1,100
104064,1,100
104064,1,100
104067,1,100
104073,1,100
104125,1,100
104148,1,100
104157,1,100
104160,1,100
104162,1,100
104166,1,100
104170,1,100
104183,1,100
104192,1,100
104196,1,100
104229,1,100
104243,1,100
104253,1,100
104281,1,100
104282,1,100
104284,1,100
104458,1,100
104464,1,100
104476,1,100
104552,1,100
104552,1,100
104570,1,100
104620,1,100
104621,1,100
104654,1,100
104661,1,100
104661,1,100
104662,1,100
104679,1,100
104697,1,100
104704,1,100
104712,1,100
104717,1,100
104762,1,100
104836,1,100
104870,1,100
104890,1,100
104911,1,100
104941,1,100
104945,1,100
105008,1,100
105011,1,100
105020,1,100
105025,1,100
105033,1,100
105039,1,100
105046,1,100
105055,1,100
105067,1,100
105080,1,100
105089,1,100
105094,1,100
105096,1,100
105104,1,100
105126,1,100
105135,1,100
105139,1,100
105156,1,100
105157,1,100
105196,1,100
105220,1,100
105235,1,100
105238,1,100
105249,1,100
105263,1,100
105279,1,100
105281,1,100
105297,1,100
105310,1,100
105334,1,100
105345,1,100
105370,1,100
105380,1,100
105384,1,100
105396,1,100
105425,1,100
105452,1,100
105484,1,100
105492,1,100
105503,1,100
105574,1,100
105613,1,100
105649,1,100
105663,1,100
105663,1,100
105733,1,100
105739,1,100
105893,1,100
105906,1,100
105914,1,100
106012,1,100
106012,1,100
106017,1,100
106021,1,100
106067,1,100
106097,1,100
106105,1,100
106116,1,100
106121,1,100
106122,1,100
106163,1,100
106176,1,100
106194,1,100
106231,1,100
106262,1,100
106267,1,100
106282,1,100
106324,1,100
106330,1,100
106334,1,100
106389,1,100
106464,1,100
106470,1,100
106497,1,100
106546,1,100
106571,1,100
106589,1,100
106616,1,100
106659,1,100
106718,1,100
106723,1,100
106805,1,100
106806,1,100
106817,1,100
106870,1,100
106870,1,100
106884,1,100
106906,1,100
106971,1,100
107008,1,100
107025,1,100
107045,1,100
107071,1,100
107083,1,100
107140,1,100
107146,1,100
107152,1,100
107168,1,100
107194,1,100
107196,1,100
107218,1,100
107240,1,100
107244,1,100
107246,1,100
107267,1,100
107298,1,100
107317,1,100
107322,1,100
107377,1,100
107449,1,100
107461,1,100
107517,1,100
107541,1,100
107587,1,100
107589,1,100
107620,1,100
107699,1,100
107700,1,100
107727,1,100
107772,1,100
107776,1,100
107792,1,100
107798,1,100
107818,1,100
108003,1,100
108031,1,100
108102,1,100
108122,1,100
108131,1,100
108150,1,100
108201,1,100
108235,1,100
108250,1,100
108298,1,100
108371,1,100
108482,1,100
108508,1,100
108515,1,100
108522,1,100
108545,1,100
108558,1,100
108588,1,100
108599,1,100
108640,1,100
108641,1,100
108646,1,100
108676,1,100
108755,1,100
108783,1,100
108805,1,100
108827,1,100
108828,1,100
108835,1,100
108838,1,100
108839,1,100
108840,1,100
108874,1,100
109039,1,100
109062,1,100
109069,1,100
109071,1,100
109097,1,100
109105,1,100
109140,1,100
109143,1,100
109156,1,100
109167,1,100
109207,1,100
109245,1,100
109255,1,100
109392,1,100
109486,1,100
109538,1,100
109589,1,100
109593,1,100
109600,1,100
109614,1,100
109615,1,100
109630,1,100
109688,1,100
109693,1,100
109699,1,100
109726,1,100
109756,1,100
109761,1,100
109819,1,100
109820,1,100
109843,1,100
109867,1,100
109885,1,100
109913,1,100
109914,1,100
109943,1,100
110003,1,100
110012,1,100
110017,1,100
110048,1,100
110065,1,100
110082,1,100
110116,1,100
110125,1,100
110144,1,100
110145,1,100
110147,1,100
110258,1,100
110484,1,100
110492,1,100
110506,1,100
110509,1,100
110543,1,100
110559,1,100
110563,1,100
110563,1,100
110565,1,100
110573,1,100
110601,1,100
110610,1,100
110635,1,100
110641,1,100
110652,1,100
110692,1,100
110695,1,100
110715,1,100
110715,1,100
110755,1,100
110757,1,100
110762,1,100
110803,1,100
110886,1,100
111019,1,100
111031,1,100
111046,1,100
111062,1,100
111072,1,100
111078,1,100
111079,1,100
111092,1,100
111092,1,100
111129,1,100
111151,1,100
111183,1,100
111235,1,100
111243,1,100
111264,1,100
111266,1,100
111351,1,100
111381,1,100
111382,1,100
111459,1,100
111513,1,100
111518,1,100
111520,1,100
111523,1,100
111556,1,100
111579,1,100
111647,1,100
111677,1,100
111683,1,100
111688,1,100
111750,1,100
111883,1,100
111889,1,100
111906,1,100
111935,1,100
111965,1,100
111972,1,100
112056,1,100
112087,1,100
112088,1,100
112100,1,100
112124,1,100
112136,1,100
112154,1,100
112158,1,100
112165,1,100
112226,1,100
112297,1,100
112315,1,100
112323,1,100
112350,1,100
112358,1,100
112445,1,100
112559,1,100
112585,1,100
112605,1,100
112658,1,100
112695,1,100
112812,1,100
112846,1,100
112875,1,100
112923,1,100
113024,1,100
113027,1,100
113038,1,100
113066,1,100
113107,1,100
113113,1,100
113119,1,100
113146,1,100
113147,1,100
113217,1,100
113226,1,100
113249,1,100
113281,1,100
113340,1,100
113363,1,100
113413,1,100
113450,1,100
113520,1,100
113539,1,100
113564,1,100
113565,1,100
113623,1,100
113641,1,100
113661,1,100
113669,1,100
113688,1,100
113748,1,100
113791,1,100
113805,1,100
113842,1,100
113897,1,100
113956,1,100
113957,1,100
114026,1,100
114037,1,100
114053,1,100
114059,1,100
114059,1,100
114062,1,100
114075,1,100
114099,1,100
114103,1,100
114144,1,100
114145,1,100
114168,1,100
114172,1,100
114176,1,100
114181,1,100
114183,1,100
114231,1,100
114250,1,100
114313,1,100
114376,1,100
114396,1,100
114410,1,100
114411,1,100
114427,1,100
114460,1,100
114470,1,100
114569,1,100
114570,1,100
114597,1,100
114662,1,100
114740,1,100
114801,1,100
114857,1,100
114867,1,100
114894,1,100
114910,1,100
114913,1,100
114991,1,100
115019,1,100
115022,1,100
115025,1,100
115034,1,100
115043,1,100
115052,1,100
115139,1,100
115209,1,100
115240,1,100
115268,1,100
115289,1,100
115324,1,100
115330,1,100
115342,1,100
115346,1,100
115374,1,100
115458,1,100
115555,1,100
115555,1,100
115582,1,100
115585,1,100
115624,1,100
115634,1,100
115636,1,100
115663,1,100
115666,1,100
115666,1,100
115682,1,100
115716,1,100
115756,1,100
115756,1,100
115759,1,100
115787,1,100
116007,1,100
116051,1,100
116112,1,100
116144,1,100
116188,1,100
116188,1,100
116219,1,100
116227,1,100
116259,1,100
116321,1,100
116322,1,100
116339,1,100
116381,1,100
116391,1,100
116414,1,100
116453,1,100
116472,1,100
116480,1,100
116483,1,100
116500,1,100
116504,1,100
116513,1,100
116546,1,100
116581,1,100
116612,1,100
116642,1,100
116654,1,100
116672,1,100
116688,1,100
116700,1,100
116707,1,100
116750,1,100
116761,1,100
116778,1,100
116780,1,100
116784,1,100
117071,1,100
117101,1,100
117114,1,100
117121,1,100
117151,1,100
117184,1,100
117206,1,100
117247,1,100
117263,1,100
117335,1,100
117388,1,100
117407,1,100
117444,1,100
117502,1,100
117590,1,100
117616,1,100
117717,1,100
117739,1,100
117890,1,100
117908,1,100
117909,1,100
117914,1,100
117923,1,100
117923,1,100
118019,1,100
118033,1,100
118060,1,100
118071,1,100
118105,1,100
118120,1,100
118127,1,100
118131,1,100
118136,1,100
118157,1,100
118227,1,100
118236,1,100
118251,1,100
118315,1,100
118317,1,100
118444,1,100
118450,1,100
118480,1,100
118593,1,100
118730,1,100
118750,1,100
118764,1,100
118767,1,100
118767,1,100
118779,1,100
118786,1,100
118787,1,100
119035,1,100
119056,1,100
119069,1,100
119093,1,100
119115,1,100
119156,1,100
119178,1,100
119314,1,100
119372,1,100
119393,1,100
119474,1,100
119512,1,100
119550,1,100
119600,1,100
119659,1,100
119771,1,100
119807,1,100
119881,1,100
119914,1,100
119934,1,100
119938,1,100
119955,1,100
120056,1,100
120127,1,100
120139,1,100
120152,1,100
120185,1,100
120199,1,100
120200,1,100
120214,1,100
120280,1,100
120362,1,100
120365,1,100
120402,1,100
120465,1,100
120468,1,100
120514,1,100
120522,1,100
120585,1,100
120603,1,100
120629,1,100
120730,1,100
120748,1,100
120864,1,100
120873,1,100
120874,1,100
120883,1,100
120892,1,100
121087,1,100
121131,1,100
121188,1,100
121214,1,100
121223,1,100
121249,1,100
121273,1,100
121359,1,100
121367,1,100
121371,1,100
121381,1,100
121423,1,100
121489,1,100
121527,1,100
121564,1,100
121629,1,100
121684,1,100
121697,1,100
121724,1,100
121731,1,100
121754,1,100
121854,1,100
121964,1,100
121966,1,100
122009,1,100
122019,1,100
122070,1,100
122290,1,100
122316,1,100
122327,1,100
122360,1,100
122364,1,100
122378,1,100
122415,1,100
122423,1,100
122520,1,100
122529,1,100
122560,1,100
122651,1,100
122670,1,100
122686,1,100
122698,1,100
122724,1,100
122755,1,100
122760,1,100
122809,1,100
122873,1,100
123006,1,100
123092,1,100
123098,1,100
123152,1,100
123184,1,100
123234,1,100
123247,1,100
123264,1,100
123266,1,100
123312,1,100
123436,1,100
123445,1,100
123468,1,100
123503,1,100
123525,1,100
123538,1,100
123551,1,100
123568,1,100
123575,1,100
123591,1,100
123670,1,100
123682,1,100
123732,1,100
123738,1,100
124013,1,100
124047,1,100
124117,1,100
124213,1,100
124344,1,100
124396,1,100
124409,1,100
124580,1,100
124646,1,100
124824,1,100
124868,1,100
124901,1,100
124967,1,100
125018,1,100
125070,1,100
125132,1,100
125202,1,100
125215,1,100
125315,1,100
125337,1,100
125344,1,100
125388,1,100
125389,1,100
125397,1,100
125403,1,100
125441,1,100
125459,1,100
125491,1,100
125508,1,100
125511,1,100
125551,1,100
125556,1,100
125780,1,100
125805,1,100
125910,1,100
125912,1,100
125944,1,100
126010,1,100
126063,1,100
126070,1,100
126079,1,100
126101,1,100
126112,1,100
126141,1,100
126168,1,100
126172,1,100
126212,1,100
126222,1,100
126235,1,100
126316,1,100
126323,1,100
126345,1,100
126351,1,100
126366,1,100
126433,1,100
126525,1,100
126526,1,100
126553,1,100
126583,1,100
126588,1,100
126631,1,100
126635,1,100
126655,1,100
126775,1,100
127007,1,100
127046,1,100
127090,1,100
127136,1,100
127175,1,100
127181,1,100
127257,1,100
127262,1,100
127263,1,100
127276,1,100
127358,1,100
127375,1,100
127423,1,100
127514,1,100
127596,1,100
127708,1,100
127865,1,100
128033,1,100
128040,1,100
128070,1,100
128081,1,100
128086,1,100
128128,1,100
128132,1,100
128138,1,100
128160,1,100
128260,1,100
128387,1,100
128412,1,100
128416,1,100
128423,1,100
128454,1,100
128475,1,100
128563,1,100
128580,1,100
128622,1,100
128622,1,100
128796,1,100
128808,1,100
128817,1,100
128876,1,100
128888,1,100
128912,1,100
129030,1,100
129060,1,100
129083,1,100
129181,1,100
129186,1,100
129187,1,100
129189,1,100
129258,1,100
129307,1,100
129315,1,100
129335,1,100
129496,1,100
129518,1,100
129572,1,100
129694,1,100
129760,1,100
129795,1,100
129840,1,100
129877,1,100
130004,1,100
130013,1,100
130080,1,100
130106,1,100
130185,1,100
130303,1,100
130438,1,100
130442,1,100
130479,1,100
130521,1,100
130672,1,100
130683,1,100
130691,1,100
130721,1,100
130763,1,100
130772,1,100
130777,1,100
130807,1,100
130852,1,100
130979,1,100
131173,1,100
131301,1,100
131501,1,100
131515,1,100
131551,1,100
131582,1,100
131598,1,100
131610,1,100
131740,1,100
131743,1,100
131775,1,100
131785,1,100
131796,1,100
131838,1,100
131974,1,100
132062,1,100
132062,1,100
132162,1,100
132214,1,100
132436,1,100
132704,1,100
132754,1,100
132814,1,100
132884,1,100
132901,1,100
133026,1,100
133089,1,100
133094,1,100
133116,1,100
133211,1,100
133230,1,100
133281,1,100
133310,1,100
133313,1,100
133348,1,100
133625,1,100
133793,1,100
133850,1,100
133907,1,100
133965,1,100
133997,1,100
134025,1,100
134155,1,100
134216,1,100
134217,1,100
134218,1,100
134308,1,100
134344,1,100
134371,1,100
134434,1,100
134473,1,100
134525,1,100
134533,1,100
134702,1,100
134718,1,100
134904,1,100
134934,1,100
134973,1,100
134977,1,100
135089,1,100
135120,1,100
135234,1,100
135278,1,100
135340,1,100
135436,1,100
135444,1,100
135447,1,100
135504,1,100
135623,1,100
135695,1,100
135837,1,100
135846,1,100
135887,1,100
135923,1,100
135955,1,100
136082,1,100
136142,1,100
136146,1,100
136152,1,100
136266,1,100
136288,1,100
136306,1,100
136311,1,100
136375,1,100
136380,1,100
136568,1,100
136629,1,100
136633,1,100
136634,1,100
137004,1,100
137048,1,100
137393,1,100
137515,1,100
137549,1,100
137582,1,100
137597,1,100
137654,1,100
137722,1,100
137764,1,100
137944,1,100
138028,1,100
138037,1,100
138054,1,100
138063,1,100
138139,1,100
138305,1,100
138319,1,100
138619,1,100
138657,1,100
138667,1,100
138723,1,100
138751,1,100
138774,1,100
138866,1,100
138884,1,100
138934,1,100
138981,1,100
139042,1,100
139091,1,100
139172,1,100
139297,1,100
139341,1,100
139510,1,100
139825,1,100
139833,1,100
139890,1,100
139945,1,100
140009,1,100
140027,1,100
140114,1,100
140126,1,100
140143,1,100
140210,1,100
140225,1,100
140274,1,100
140484,1,100
140493,1,100
140496,1,100
140518,1,100
140545,1,100
140547,1,100
140568,1,100
140585,1,100
140700,1,100
140863,1,100
140904,1,100
141063,1,100
141386,1,100
141491,1,100
141866,1,100
141869,1,100
142039,1,100
142055,1,100
142157,1,100
142189,1,100
142223,1,100
142248,1,100
142427,1,100
142518,1,100
142574,1,100
142718,1,100
142761,1,100
142825,1,100
142891,1,100
143015,1,100
143019,1,100
143026,1,100
143091,1,100
143170,1,100
143281,1,100
143289,1,100
143447,1,100
143453,1,100
144033,1,100
144063,1,100
144123,1,100
144156,1,100
144310,1,100
144515,1,100
144551,1,100
144698,1,100
144707,1,100
144719,1,100
144726,1,100
144743,1,100
145294,1,100
145356,1,100
145658,1,100
146027,1,100
146049,1,100
146052,1,100
146320,1,100
146332,1,100
146387,1,100
146411,1,100
146450,1,100
146455,1,100
146482,1,100
146520,1,100
146599,1,100
146691,1,100
146720,1,100
146802,1,100
146927,1,100
146934,1,100
147030,1,100
147171,1,100
147221,1,100
147303,1,100
147400,1,100
147401,1,100
147474,1,100
147506,1,100
147575,1,100
147671,1,100
147678,1,100
147683,1,100
148178,1,100
148420,1,100
148520,1,100
148555,1,100
148821,1,100
148823,1,100
148978,1,100
149047,1,100
149047,1,100
149090,1,100
149277,1,100
149312,1,100
149321,1,100
149368,1,100
149555,1,100
150094,1,100
150105,1,100
150337,1,100
150606,1,100
150771,1,100
150859,1,100
150914,1,100
151023,1,100
151090,1,100
151109,1,100
151272,1,100
151421,1,100
151752,1,100
152035,1,100
152074,1,100
152105,1,100
152266,1,100
152352,1,100
152380,1,100
152549,1,100
152631,1,100
152737,1,100
152741,1,100
152754,1,100
152837,1,100
152852,1,100
153008,1,100
153012,1,100
153024,1,100
153026,1,100
153045,1,100
153062,1,100
153073,1,100
153297,1,100
153339,1,100
153366,1,100
153433,1,100
153502,1,100
154008,1,100
154056,1,100
154282,1,100
154432,1,100
154435,1,100
154689,1,100
155229,1,100
155277,1,100
155333,1,100
155365,1,100
155660,1,100
155690,1,100
155745,1,100
155843,1,100
155861,1,100
156166,1,100
156207,1,100
156647,1,100
156691,1,100
156777,1,100
157086,1,100
157117,1,100
157433,1,100
157526,1,100
157529,1,100
157647,1,100
157707,1,100
157869,1,100
158006,1,100
158278,1,100
158335,1,100
158464,1,100
158628,1,100
159027,1,100
159034,1,100
159071,1,100
159134,1,100
159178,1,100
159195,1,100
159196,1,100
159244,1,100
159270,1,100
159386,1,100
159406,1,100
159408,1,100
159419,1,100
159510,1,100
159562,1,100
160871,1,100
161291,1,100
161313,1,100
161513,1,100
161606,1,100
161679,1,100
161949,1,100
162438,1,100
162451,1,100
163069,1,100
163081,1,100
163166,1,100
163223,1,100
163266,1,100
163293,1,100
163294,1,100
164137,1,100
164226,1,100
164314,1,100
164316,1,100
164610,1,100
164649,1,100
164657,1,100
164698,1,100
164749,1,100
164835,1,100
164864,1,100
164909,1,100
165037,1,100
165045,1,100
165127,1,100
165132,1,100
165165,1,100
165277,1,100
165277,1,100
165437,1,100
165464,1,100
165494,1,100
165551,1,100
165656,1,100
166040,1,100
166044,1,100
166187,1,100
166193,1,100
166268,1,100
166438,1,100
166627,1,100
167046,1,100
167147,1,100
167213,1,100
167214,1,100
167233,1,100
167288,1,100
167311,1,100
167320,1,100
167396,1,100
168067,1,100
168312,1,100
168757,1,100
168809,1,100
169220,1,100
169306,1,100
169665,1,100
169681,1,100
169732,1,100
169831,1,100
169936,1,100
170130,1,100
170164,1,100
170443,1,100
170614,1,100
170994,1,100
171199,1,100
171255,1,100
171349,1,100
171394,1,100
171406,1,100
171545,1,100
171953,1,100
172034,1,100
172238,1,100
172289,1,100
172300,1,100
172317,1,100
172340,1,100
173269,1,100
173313,1,100
173680,1,100
173734,1,100
173930,1,100
174287,1,100
174301,1,100
174302,1,100
174508,1,100
174997,1,100
175098,1,100
175394,1,100
175440,1,100
176000,1,100
176028,1,100
176155,1,100
176255,1,100
176263,1,100
176265,1,100
176278,1,100
176289,1,100
176418,1,100
176435,1,100
176500,1,100
176511,1,100
176607,1,100
176670,1,100
176748,1,100
176781,1,100
176813,1,100
176837,1,100
176865,1,100
177008,1,100
177109,1,100
177326,1,100
177357,1,100
177366,1,100
177440,1,100
177605,1,100
177730,1,100
177826,1,100
177946,1,100
178076,1,100
178167,1,100
178425,1,100
178540,1,100
178643,1,100
178651,1,100
178667,1,100
178759,1,100
178884,1,100
179172,1,100
179410,1,100
179413,1,100
179432,1,100
179632,1,100
179818,1,100
180165,1,100
180364,1,100
180843,1,100
180895,1,100
181047,1,100
181331,1,100
181402,1,100
181746,1,100
181954,1,100
182009,1,100
182046,1,100
182114,1,100
182116,1,100
182439,1,100
182955,1,100
183027,1,100
183057,1,100
183089,1,100
183191,1,100
183202,1,100
183220,1,100
183250,1,100
183415,1,100
183425,1,100
183508,1,100
183681,1,100
183715,1,100
183726,1,100
184181,1,100
184281,1,100
184421,1,100
184422,1,100
184595,1,100
184643,1,100
184744,1,100
185044,1,100
185433,1,100
185482,1,100
185817,1,100
186025,1,100
186088,1,100
186119,1,100
186227,1,100
186231,1,100
186263,1,100
186342,1,100
186723,1,100
187556,1,100
187811,1,100
188098,1,100
188098,1,100
188116,1,100
188122,1,100
188140,1,100
188164,1,100
188188,1,100
188204,1,100
188224,1,100
188297,1,100
188300,1,100
188440,1,100
188440,1,100
188495,1,100
188497,1,100
188544,1,100
188595,1,100
188598,1,100
188796,1,100
189272,1,100
189303,1,100
189575,1,100
189838,1,100
190075,1,100
190112,1,100
190223,1,100
190224,1,100
190322,1,100
190547,1,100
190605,1,100
190812,1,100
190849,1,100
191166,1,100
191327,1,100
191447,1,100
191706,1,100
191716,1,100
191813,1,100
191927,1,100
191984,1,100
191987,1,100
192161,1,100
192569,1,100
193045,1,100
193201,1,100
193262,1,100
193275,1,100
193284,1,100
193326,1,100
193416,1,100
193500,1,100
193522,1,100
193563,1,100
193689,1,100
193748,1,100
194696,1,100
194793,1,100
195296,1,100
195345,1,100
195347,1,100
195382,1,100
195431,1,100
195464,1,100
195467,1,100
195476,1,100
195711,1,100
195713,1,100
195780,1,100
195835,1,100
195880,1,100
195937,1,100
196154,1,100
196342,1,100
196472,1,100
196496,1,100
196801,1,100
196963,1,100
197065,1,100
197219,1,100
197331,1,100
197352,1,100
197425,1,100
197586,1,100
197753,1,100
198042,1,100
198327,1,100
198365,1,100
198423,1,100
198444,1,100
198814,1,100
198845,1,100
199076,1,100
199227,1,100
199444,1,100
199542,1,100
200025,1,100
200035,1,100
200043,1,100
200107,1,100
200122,1,100
200139,1,100
200181,1,100
200194,1,100
200247,1,100
200262,1,100
200330,1,100
200503,1,100
200518,1,100
200554,1,100
200574,1,100
200591,1,100
200666,1,100
200703,1,100
200710,1,100
200713,1,100
200725,1,100
200733,1,100
200816,1,100
200882,1,100
201096,1,100
201280,1,100
201363,1,100
201470,1,100
201649,1,100
201652,1,100
201652,1,100
201749,1,100
201837,1,100
202075,1,100
202184,1,100
202185,1,100
202257,1,100
202375,1,100
202669,1,100
202907,1,100
202919,1,100
203036,1,100
203053,1,100
203130,1,100
203374,1,100
203448,1,100
203552,1,100
203560,1,100
203621,1,100
203688,1,100
203910,1,100
204007,1,100
204057,1,100
204103,1,100
204254,1,100
204312,1,100
204361,1,100
205005,1,100
205139,1,100
205188,1,100
205258,1,100
205331,1,100
205345,1,100
205360,1,100
205456,1,100
205514,1,100
205840,1,100
205941,1,100
206000,1,100
206252,1,100
206258,1,100
206353,1,100
206520,1,100
206562,1,100
206659,1,100
206737,1,100
206780,1,100
206840,1,100
206873,1,100
207120,1,100
207131,1,100
207467,1,100
207554,1,100
207565,1,100
207608,1,100
207687,1,100
207728,1,100
207774,1,100
207980,1,100
208024,1,100
208367,1,100
209013,1,100
209234,1,100
209247,1,100
209368,1,100
209656,1,100
209660,1,100
209704,1,100
210006,1,100
210140,1,100
210194,1,100
210454,1,100
210486,1,100
210630,1,100
211126,1,100
211190,1,100
211285,1,100
211285,1,100
211325,1,100
211458,1,100
211602,1,100
211669,1,100
211765,1,100
211768,1,100
211915,1,100
212029,1,100
212057,1,100
212101,1,100
212185,1,100
212205,1,100
212226,1,100
212227,1,100
212290,1,100
212407,1,100
212416,1,100
212500,1,100
212502,1,100
212600,1,100
212668,1,100
212669,1,100
212719,1,100
212752,1,100
212819,1,100
212827,1,100
212919,1,100
212932,1,100
212936,1,100
213120,1,100
213429,1,100
213445,1,100
213474,1,100
213475,1,100
213500,1,100
213538,1,100
213544,1,100
213572,1,100
213578,1,100
213583,1,100
213589,1,100
213601,1,100
214048,1,100
214110,1,100
214233,1,100
214313,1,100
214333,1,100
214342,1,100
214582,1,100
214594,1,100
214736,1,100
214797,1,100
214911,1,100
215052,1,100
215201,1,100
215219,1,100
215340,1,100
215372,1,100
215502,1,100
215659,1,100
215803,1,100
215905,1,100
216122,1,100
216141,1,100
216178,1,100
216193,1,100
216272,1,100
216401,1,100
216410,1,100
216514,1,100
216571,1,100
216591,1,100
216621,1,100
217067,1,100
217231,1,100
217290,1,100
217292,1,100
217495,1,100
217574,1,100
217587,1,100
217738,1,100
217794,1,100
218141,1,100
218152,1,100
218419,1,100
218493,1,100
218500,1,100
218646,1,100
218648,1,100
218656,1,100
218719,1,100
218913,1,100
219025,1,100
219054,1,100
219057,1,100
219091,1,100
219173,1,100
219308,1,100
219357,1,100
219380,1,100
219536,1,100
219676,1,100
219720,1,100
219730,1,100
219835,1,100
220022,1,100
220194,1,100
220234,1,100
220285,1,100
220301,1,100
220325,1,100
220350,1,100
220518,1,100
220675,1,100
221106,1,100
221402,1,100
221404,1,100
221426,1,100
221430,1,100
221463,1,100
221599,1,100
221640,1,100
221779,1,100
222140,1,100
222154,1,100
222244,1,100
222353,1,100
222405,1,100
222481,1,100
222552,1,100
222867,1,100
223061,1,100
223068,1,100
223086,1,100
223113,1,100
223117,1,100
223118,1,100
223200,1,100
223234,1,100
223367,1,100
223442,1,100
223455,1,100
223644,1,100
223782,1,100
224014,1,100
224034,1,100
224059,1,100
224177,1,100
224219,1,100
224226,1,100
224292,1,100
224316,1,100
224366,1,100
224426,1,100
224629,1,100
224633,1,100
224661,1,100
224721,1,100
224737,1,100
224769,1,100
224875,1,100
224884,1,100
224987,1,100
225036,1,100
225074,1,100
225161,1,100
225180,1,100
225181,1,100
225185,1,100
225207,1,100
225256,1,100
225284,1,100
225287,1,100
225312,1,100
225325,1,100
225358,1,100
225471,1,100
225636,1,100
225745,1,100
225757,1,100
225834,1,100
225961,1,100
225980,1,100
226010,1,100
226049,1,100
226053,1,100
226057,1,100
226066,1,100
226070,1,100
226074,1,100
226193,1,100
226217,1,100
226224,1,100
226232,1,100
226276,1,100
226339,1,100
226414,1,100
226696,1,100
226716,1,100
226773,1,100
226851,1,100
226878,1,100
226964,1,100
227073,1,100
227087,1,100
227156,1,100
227236,1,100
227252,1,100
227266,1,100
227286,1,100
227310,1,100
227435,1,100
227443,1,100
227458,1,100
227482,1,100
227550,1,100
227604,1,100
227746,1,100
227790,1,100
227892,1,100
227893,1,100
227972,1,100
228064,1,100
228069,1,100
228072,1,100
228141,1,100
228184,1,100
228189,1,100
228199,1,100
228284,1,100
228365,1,100
228376,1,100
228384,1,100
228413,1,100
228475,1,100
228478,1,100
228512,1,100
228542,1,100
228611,1,100
228779,1,100
228787,1,100
228809,1,100
228821,1,100
228827,1,100
229029,1,100
229035,1,100
229038,1,100
229039,1,100
229081,1,100
229161,1,100
229276,1,100
229278,1,100
229352,1,100
229413,1,100
229487,1,100
229564,1,100
229708,1,100
229743,1,100
229763,1,100
229773,1,100
229933,1,100
229990,1,100
230021,1,100
230023,1,100
230031,1,100
230111,1,100
230143,1,100
230248,1,100
230260,1,100
230410,1,100
230415,1,100
230437,1,100
230468,1,100
230480,1,100
230552,1,100
230661,1,100
230667,1,100
230696,1,100
230722,1,100
230793,1,100
230844,1,100
230904,1,100
230957,1,100
230988,1,100
231036,1,100
231055,1,100
231065,1,100
231111,1,100
231118,1,100
231271,1,100
231382,1,100
231426,1,100
231470,1,100
231538,1,100
231601,1,100
231616,1,100
231712,1,100
231806,1,100
231809,1,100
231857,1,100
231907,1,100
232074,1,100
232120,1,100
232136,1,100
232204,1,100
232207,1,100
232219,1,100
232221,1,100
232255,1,100
232493,1,100
232690,1,100
232710,1,100
232793,1,100
232835,1,100
232891,1,100
232899,1,100
233104,1,100
233233,1,100
233379,1,100
233420,1,100
233476,1,100
233495,1,100
233563,1,100
233650,1,100
233713,1,100
233752,1,100
233760,1,100
233796,1,100
233909,1,100
233954,1,100
234045,1,100
234067,1,100
234128,1,100
234205,1,100
234214,1,100
234273,1,100
234275,1,100
234356,1,100
234403,1,100
234438,1,100
234452,1,100
234490,1,100
234496,1,100
234506,1,100
234537,1,100
234553,1,100
234568,1,100
234590,1,100
235126,1,100
235129,1,100
235137,1,100
235246,1,100
235272,1,100
235410,1,100
235486,1,100
235488,1,100
235542,1,100
235743,1,100
235759,1,100
235859,1,100
235886,1,100
235887,1,100
236011,1,100
236015,1,100
236032,1,100
236072,1,100
236145,1,100
236150,1,100
236157,1,100
236160,1,100
236198,1,100
236205,1,100
236216,1,100
236227,1,100
236248,1,100
236265,1,100
236277,1,100
236340,1,100
236387,1,100
236407,1,100
236407,1,100
236426,1,100
236493,1,100
236494,1,100
236517,1,100
236540,1,100
236586,1,100
236626,1,100
236671,1,100
236725,1,100
236736,1,100
236759,1,100
236771,1,100
236778,1,100
236833,1,100
236861,1,100
237015,1,100
237033,1,100
237076,1,100
237191,1,100
237196,1,100
237273,1,100
237378,1,100
237428,1,100
237492,1,100
237531,1,100
237605,1,100
237658,1,100
237707,1,100
237886,1,100
237992,1,100
238035,1,100
238049,1,100
238079,1,100
238125,1,100
238135,1,100
238140,1,100
238174,1,100
238180,1,100
238182,1,100
238191,1,100
238365,1,100
238410,1,100
238413,1,100
238490,1,100
238499,1,100
238510,1,100
238543,1,100
238554,1,100
238643,1,100
238714,1,100
238727,1,100
238802,1,100
238846,1,100
238926,1,100
239013,1,100
239038,1,100
239052,1,100
239098,1,100
239134,1,100
239151,1,100
239256,1,100
239261,1,100
239270,1,100
239337,1,100
239366,1,100
239425,1,100
239441,1,100
239502,1,100
239544,1,100
239545,1,100
239619,1,100
239701,1,100
239705,1,100
239805,1,100
239859,1,100
239869,1,100
240010,1,100
240017,1,100
240037,1,100
240051,1,100
240056,1,100
240116,1,100
240122,1,100
240262,1,100
240278,1,100
240284,1,100
240290,1,100
240311,1,100
240371,1,100
240465,1,100
240478,1,100
240496,1,100
240613,1,100
240664,1,100
240667,1,100
241089,1,100
241109,1,100
241128,1,100
241146,1,100
241187,1,100
241259,1,100
241406,1,100
241408,1,100
241433,1,100
241472,1,100
241542,1,100
241555,1,100
241622,1,100
241672,1,100
241680,1,100
241703,1,100
241770,1,100
241829,1,100
242011,1,100
242052,1,100
242055,1,100
242164,1,100
242165,1,100
242194,1,100
242245,1,100
242266,1,100
242312,1,100
242386,1,100
242436,1,100
242648,1,100
242674,1,100
242690,1,100
242720,1,100
242727,1,100
242750,1,100
242767,1,100
242774,1,100
242784,1,100
243014,1,100
243075,1,100
243224,1,100
243229,1,100
243291,1,100
243292,1,100
243345,1,100
243469,1,100
243478,1,100
243483,1,100
243542,1,100
243545,1,100
243652,1,100
243682,1,100
243691,1,100
243743,1,100
243775,1,100
243854,1,100
243909,1,100
243953,1,100
243962,1,100
243963,1,100
244009,1,100
244012,1,100
244103,1,100
244106,1,100
244194,1,100
244227,1,100
244314,1,100
244348,1,100
244385,1,100
244441,1,100
244512,1,100
244558,1,100
244568,1,100
244572,1,100
244610,1,100
244732,1,100
244752,1,100
244826,1,100
245005,1,100
245115,1,100
245120,1,100
245142,1,100
245200,1,100
245368,1,100
245525,1,100
245577,1,100
245724,1,100
245743,1,100
245748,1,100
245758,1,100
245794,1,100
245901,1,100
245938,1,100
246017,1,100
246102,1,100
246223,1,100
246233,1,100
246320,1,100
246329,1,100
246332,1,100
246359,1,100
246441,1,100
246472,1,100
246487,1,100
246667,1,100
246914,1,100
247010,1,100
247026,1,100
247040,1,100
247093,1,100
247164,1,100
247175,1,100
247185,1,100
247219,1,100
247279,1,100
247298,1,100
247332,1,100
247386,1,100
247392,1,100
247419,1,100
247467,1,100
247470,1,100
247489,1,100
247508,1,100
248039,1,100
248174,1,100
248210,1,100
248329,1,100
248336,1,100
248386,1,100
248452,1,100
248516,1,100
248521,1,100
248586,1,100
248694,1,100
248703,1,100
248710,1,100
248741,1,100
248746,1,100
248783,1,100
248817,1,100
248830,1,100
248869,1,100
248879,1,100
248934,1,100
249017,1,100
249030,1,100
249044,1,100
249074,1,100
249175,1,100
249187,1,100
249187,1,100
249239,1,100
249246,1,100
249269,1,100
249403,1,100
249446,1,100
249476,1,100
249487,1,100
249559,1,100
249567,1,100
249631,1,100
249659,1,100
249667,1,100
249670,1,100
249674,1,100
250331,1,100
250372,1,100
250429,1,100
250470,1,100
250498,1,100
250524,1,100
250528,1,100
250604,1,100
250651,1,100
250773,1,100
250792,1,100
251039,1,100
251071,1,100
251109,1,100
251225,1,100
251267,1,100
251321,1,100
251324,1,100
251348,1,100
251359,1,100
251362,1,100
251380,1,100
251392,1,100
251402,1,100
251408,1,100
251485,1,100
251527,1,100
251550,1,100
251570,1,100
251616,1,100
251865,1,100
252009,1,100
252050,1,100
252061,1,100
252120,1,100
252141,1,100
252147,1,100
252373,1,100
252381,1,100
252381,1,100
252403,1,100
252410,1,100
252654,1,100
252658,1,100
252746,1,100
252791,1,100
252847,1,100
252864,1,100
253043,1,100
253103,1,100
253239,1,100
253246,1,100
253281,1,100
253426,1,100
253567,1,100
253688,1,100
253702,1,100
253708,1,100
253852,1,100
254022,1,100
254024,1,100
254042,1,100
254065,1,100
254074,1,100
254200,1,100
254209,1,100
254356,1,100
254357,1,100
254564,1,100
254649,1,100
254754,1,100
254813,1,100
254819,1,100
254914,1,100
254925,1,100
254972,1,100
255012,1,100
255040,1,100
255043,1,100
255043,1,100
255185,1,100
255219,1,100
255222,1,100
255251,1,100
255324,1,100
255380,1,100
255391,1,100
255437,1,100
255528,1,100
255555,1,100
255580,1,100
255585,1,100
255590,1,100
255591,1,100
255608,1,100
255743,1,100
256010,1,100
256040,1,100
256303,1,100
256312,1,100
256462,1,100
256520,1,100
256532,1,100
256549,1,100
256682,1,100
256707,1,100
256738,1,100
256771,1,100
256863,1,100
256964,1,100
257027,1,100
257028,1,100
257097,1,100
257269,1,100
257370,1,100
257479,1,100
257501,1,100
257513,1,100
257572,1,100
257665,1,100
257858,1,100
257931,1,100
257932,1,100
257934,1,100
258123,1,100
258173,1,100
258300,1,100
258339,1,100
258350,1,100
258544,1,100
258581,1,100
258589,1,100
258667,1,100
258711,1,100
258889,1,100
258920,1,100
258993,1,100
259032,1,100
259048,1,100
259098,1,100
259110,1,100
259113,1,100
259247,1,100
259362,1,100
259410,1,100
259501,1,100
259602,1,100
259605,1,100
259607,1,100
259830,1,100
259832,1,100
259882,1,100
260017,1,100
260099,1,100
260142,1,100
260144,1,100
260198,1,100
260207,1,100
260227,1,100
260237,1,100
260298,1,100
260308,1,100
260322,1,100
260356,1,100
260398,1,100
260404,1,100
260470,1,100
260483,1,100
260493,1,100
260625,1,100
260739,1,100
261094,1,100
261540,1,100
261610,1,100
261612,1,100
261821,1,100
261863,1,100
262037,1,100
262074,1,100
262107,1,100
262122,1,100
262164,1,100
262167,1,100
262208,1,100
262219,1,100
262325,1,100
262394,1,100
262532,1,100
262559,1,100
262616,1,100
262815,1,100
262943,1,100
262988,1,100
263023,1,100
263036,1,100
263055,1,100
263085,1,100
263092,1,100
263131,1,100
263159,1,100
263214,1,100
263369,1,100
263499,1,100
263542,1,100
263560,1,100
264098,1,100
264103,1,100
264587,1,100
264793,1,100
265134,1,100
265208,1,100
265263,1,100
265270,1,100
265444,1,100
265559,1,100
265614,1,100
265654,1,100
265669,1,100
265797,1,100
265841,1,100
266094,1,100
266103,1,100
266115,1,100
266159,1,100
266189,1,100
266321,1,100
266330,1,100
266360,1,100
266625,1,100
266807,1,100
266813,1,100
266826,1,100
267101,1,100
267308,1,100
267330,1,100
267363,1,100
267650,1,100
267852,1,100
267864,1,100
267875,1,100
268350,1,100
268493,1,100
268522,1,100
268613,1,100
268620,1,100
268625,1,100
269122,1,100
269199,1,100
269258,1,100
269294,1,100
269326,1,100
269561,1,100
270271,1,100
270298,1,100
270343,1,100
270496,1,100
270938,1,100
270998,1,100
271007,1,100
271153,1,100
271190,1,100
271293,1,100
271299,1,100
272115,1,100
272317,1,100
272573,1,100
272728,1,100
272733,1,100
273107,1,100
273109,1,100
273784,1,100
274265,1,100
274377,1,100
274387,1,100
274450,1,100
274934,1,100
275125,1,100
275130,1,100
275169,1,100
275221,1,100
275323,1,100
275364,1,100
275368,1,100
275370,1,100
275556,1,100
276458,1,100
276952,1,100
277005,1,100
277375,1,100
277720,1,100
277844,1,100
278225,1,100
278313,1,100
278715,1,100
279260,1,100
279265,1,100
279431,1,100
280175,1,100
280179,1,100
280541,1,100
280625,1,100
280729,1,100
281212,1,100
281303,1,100
281822,1,100
281827,1,100
281892,1,100
282118,1,100
282157,1,100
282223,1,100
282294,1,100
282334,1,100
282337,1,100
282363,1,100
282430,1,100
282455,1,100
282683,1,100
282703,1,100
282725,1,100
282785,1,100
282796,1,100
282855,1,100
283108,1,100
283152,1,100
283188,1,100
283288,1,100
283388,1,100
283422,1,100
283438,1,100
283511,1,100
283531,1,100
284678,1,100
285069,1,100
285195,1,100
285233,1,100
286003,1,100
286240,1,100
286252,1,100
286387,1,100
286517,1,100
286679,1,100
286848,1,100
286921,1,100
287066,1,100
287102,1,100
287365,1,100
287647,1,100
287739,1,100
288135,1,100
288139,1,100
288458,1,100
288688,1,100
289145,1,100
289299,1,100
289429,1,100
289597,1,100
289673,1,100
